Time	MeasID	DPID	Channel	A(x)	A(y)	A(z)	A(adr)	B(x)	B(y)	B(z)	B(adr)	M(x)	M(y)	M(z)	M(adr)	N(x)	N(y)	N(z)	N(adr)	F(x)	F(y)	F(z)	Note	I(mA)	Uout(V)	U(V)	SP(V)	R(Ohm)	Var(%)	Rho-a(Ohm-m)	Cycles	IP Delay Window(mV/V)	Pint(V)	Pext(V)	T int(deg C)	T log(deg C)	Latitude	Longitude
2024-06-30 07:48:34	268	336	1	0	0	7.75	32	0	0	0	32	0	0	2	32	0	0	0	32	0	0	4.979		99.8987	46.5897	0.0424548	0	0.424979	0.13069	15.3538	1		0	12.0439	34.9192	0	0	0	
2024-06-30 07:43:14	228	337	9	0	0	5	21	0	0	0	21	0	0	7.5	21	0	0	0	21	0	0	2.165		99.8966	47.6634	0.0909125	0	0.910065	0.0308838	14.2953	1		0	12.0439	35.309	0	0	0	
2024-06-30 07:43:46	232	338	5	0	0	5	21	0	0	0	21	0	0	6.25	21	0	0	0	21	0	0	1.082		99.8996	47.6192	0.192182	0	1.92376	0.0371828	15.1091	2		0	12.0439	35.309	0	0	0	
2024-06-30 07:40:48	208	339	1	0	0	3	13	0	0	0	13	0	0	1.75	13	0	0	0	13	0	0	1.082		99.901	47.7942	0.173487	0	1.73659	0.211047	13.6391	1		0	12.0439	36.0887	0	0	0	
2024-06-30 07:48:41	269	340	5	0	0	7.75	32	0	0	0	32	0	0	6.75	32	0	0	0	32	0	0	0.866		99.8953	46.5875	0.252166	0	2.5243	0.238743	15.8607	1		0	12.0439	34.9192	0	0	0	
2024-06-30 07:54:35	315	341	1	0	0	3.25	14	0	0	0	14	0	0	2.5	14	0	0	0	14	0	0	0.649		99.8952	47.911	0.300246	0	3.00561	0.389736	14.1636	1		0	12.0439	34.9192	0	0	0	
2024-06-30 07:41:48	216	342	5	0	0	4	17	0	0	0	17	0	0	7.5	17	0	0	0	17	0	0	3.031		99.9011	47.6819	0.0665624	0	0.666283	0.0789411	14.6523	1		0	12.0439	35.8288	0	0	0	
2024-06-30 07:42:39	223	343	5	0	0	4	17	0	0	0	17	0	0	6.25	17	0	0	0	17	0	0	1.948		99.9	47.6338	0.102263	0	1.02365	0.107357	14.4715	1		0	12.0439	35.5689	0	0	0	
2024-06-30 07:41:27	213	344	5	0	0	3	13	0	0	0	13	0	0	3.5	13	0	0	0	13	0	0	0.433		99.9037	47.8298	0.487713	0	4.88183	0.164506	15.3367	1		0	12.0439	35.9588	0	0	0	
2024-06-30 07:38:54	193	345	5	0	0	2	9	0	0	0	9	0	0	6.75	9	0	0	0	9	0	0	4.113		99.9084	47.0377	0.0536662	0	0.537154	0.185777	16.0314	1		0.0088623	11.9464	36.9983	0	0	0	
2024-06-30 07:46:38	253	346	5	0	0	7	29	0	0	0	29	0	0	5.75	29	0	0	0	29	0	0	1.082		99.9007	46.734	0.186444	0	1.86629	0.0234807	14.6578	2		0	12.0439	34.9192	0	0	0	
2024-06-30 07:46:49	254	347	5	0	0	7	29	0	0	0	29	0	0	4.5	29	0	0	0	29	0	0	2.165		99.8982	46.7376	0.0914815	0	0.915747	0.414902	14.3845	1		0	12.0439	34.9192	0	0	0	
2024-06-30 07:37:20	181	348	5	0	0	1	5	0	0	0	5	0	0	5.25	5	0	0	0	5	0	0	3.68		99.9166	46.6165	0.0668056	0	0.668613	0.412118	17.8543	1		0	12.0439	38.0379	0	0	0	
2024-06-30 07:38:04	186	349	9	0	0	1	5	0	0	0	5	0	0	4	5	0	0	0	5	0	0	2.598		99.9141	46.6432	0.0735923	0	0.736556	0.0435998	13.8838	1		0	12.0439	37.3882	0	0	0	
2024-06-30 07:53:01	303	350	1	0	0	4.75	20	0	0	0	20	0	0	3	20	0	0	0	20	0	0	1.515		99.8904	47.5688	0.124993	0	1.2513	0.13775	13.7588	1		0	11.9375	34.7893	0	0	0	
2024-06-30 07:46:24	251	351	5	0	0	6	25	0	0	0	25	0	0	3	25	0	0	0	25	0	0	2.598		99.9017	47.572	0.0770547	0	0.771305	0.554493	14.5387	1		0	12.0439	34.9192	0	0	0	
2024-06-30 07:40:12	203	352	5	0	0	2	9	0	0	0	9	0	0	2.25	9	0	0	0	9	0	0	0.216		99.9047	47.0575	0.913765	0	9.14637	0.117005	14.3671	1		0	12.0439	36.2187	0	0	0	
2024-06-30 07:46:31	252	353	1	0	0	7	29	0	0	0	29	0	0	0.5	29	0	0	0	29	0	0	5.628		99.9041	46.7623	0.0424392	0	0.4248	0.38781	17.3491	1		0	12.0439	34.9192	0	0	0	
2024-06-30 07:36:06	171	354	1	0	0	0	1	0	0	0	1	0	0	3.5	1	0	0	0	1	0	0	3.031		99.9145	46.8448	0.0714507	0	0.715118	0.602376	15.7263	1		0	12.0439	39.2074	0	0	0	
2024-06-30 07:54:29	314	355	1	0	0	1.75	8	0	0	0	8	0	0	0	8	0	0	0	8	0	0	1.515		99.8926	47.8151	0.123686	0	1.23819	0.0153975	13.6146	1		0	12.0439	34.9192	0	0	0	
2024-06-30 07:45:23	243	356	9	0	0	6	25	0	0	0	25	0	0	7	25	0	0	0	25	0	0	0.866		99.8969	47.6279	0.247789	0	2.48045	0.0592925	15.5851	1		0	12.0439	35.0491	0	0	0	
2024-06-30 07:53:44	308	357	1	0	0	6.5	27	0	0	0	27	0	0	1.25	27	0	0	0	27	0	0	4.546		99.8954	47.2463	0.0557776	0	0.55836	0.703811	18.4185	1		0	12.0439	34.9192	0	0	0	
2024-06-30 07:48:49	270	358	1	0	0	7.75	32	0	0	0	32	0	0	1.25	32	0	0	0	32	0	0	5.628		99.8935	46.546	0.0399119	0	0.399544	0.0645277	16.3177	1		0	12.0439	34.7893	0	0	0	
2024-06-30 07:43:56	233	359	9	0	0	5	21	0	0	0	21	0	0	5.5	21	0	0	0	21	0	0	0.433		99.9008	47.6283	0.518798	0	5.19313	0.152914	16.3147	1		0	12.0439	35.309	0	0	0	
2024-06-30 07:43:21	229	360	5	0	0	5	21	0	0	0	21	0	0	4.25	21	0	0	0	21	0	0	0.649		99.8978	47.6361	0.318617	0	3.18942	0.0112797	15.0298	2		0	12.0439	35.439	0	0	0	
2024-06-30 07:40:55	209	361	1	0	0	3	13	0	0	0	13	0	0	1	13	0	0	0	13	0	0	1.732		99.902	47.8151	0.108485	0	1.08592	0.365299	13.646	1		0	12.0439	35.9588	0	0	0	
2024-06-30 07:38:18	188	362	1	0	0	1	5	0	0	0	5	0	0	2	5	0	0	0	5	0	0	0.866		99.9178	46.6585	0.209695	0	2.09867	0.151258	13.1863	1		0	12.0439	37.2582	0	0	0	
2024-06-30 07:50:30	283	363	9	0	0	1.75	8	0	0	0	8	0	0	6	8	0	0	0	8	0	0	3.68		99.8952	47.9109	0.0609628	0	0.610268	0.766402	16.2963	2		0	12.0439	34.7893	0	0	0	
2024-06-30 07:42:31	222	364	1	0	0	4	17	0	0	0	17	0	0	2.25	17	0	0	0	17	0	0	1.515		99.9014	47.6761	0.119416	0	1.19534	0.0335258	13.1435	1		0	12.0439	35.5689	0	0	0	
2024-06-30 07:48:41	269	365	9	0	0	7.75	32	0	0	0	32	0	0	6	32	0	0	0	32	0	0	1.515		99.8953	46.5875	0.13125	0	1.31387	0.219305	14.4468	1		0	12.0439	34.9192	0	0	0	
2024-06-30 07:48:49	270	366	9	0	0	7.75	32	0	0	0	32	0	0	4.75	32	0	0	0	32	0	0	2.598		99.8935	46.546	0.076093	0	0.761741	0.193547	14.3585	1		0	12.0439	34.7893	0	0	0	
2024-06-30 07:44:53	240	367	1	0	0	6	25	0	0	0	25	0	0	2	25	0	0	0	25	0	0	3.464		99.9003	47.5001	0.070557	0	0.706274	0.840255	17.7506	4		0	12.0439	35.1791	0	0	0	
2024-06-30 07:42:23	221	368	5	0	0	4	17	0	0	0	17	0	0	5.5	17	0	0	0	17	0	0	1.299		99.897	47.6609	0.154281	0	1.5444	0.0205232	14.5556	1		0	11.9375	35.5689	0	0	0	
2024-06-30 07:41:48	216	369	9	0	0	4	17	0	0	0	17	0	0	4.25	17	0	0	0	17	0	0	0.216		99.9011	47.6819	1.04487	0	10.4591	0.357225	16.4291	1		0	12.0439	35.8288	0	0	0	
2024-06-30 07:36:51	177	370	1	0	0	0	1	0	0	0	1	0	0	1.75	1	0	0	0	1	0	0	1.515		99.9139	46.9071	0.120447	0	1.20551	0.163064	13.2553	1		0	12.0439	38.4277	0	0	0	
2024-06-30 07:55:32	323	371	1	0	0	3.75	16	0	0	4	16	0	0	3.5	16	0	0	4.25	16	0	0	0.13		99.9	21.4994	0.803937	0	8.04742	0.0583931	12.6409	1		0	12.0439	34.9192	0	0	0	
2024-06-30 07:40:19	204	372	1	0	0	3	13	0	0	0	13	0	0	2.75	13	0	0	0	13	0	0	0.216		99.9015	47.7681	0.890675	0	8.91553	0.869046	14.0045	1		0	12.0439	36.3486	0	0	0	
2024-06-30 07:39:01	194	373	5	0	0	2	9	0	0	0	9	0	0	6	9	0	0	0	9	0	0	3.464		99.9075	47.0427	0.0695627	0	0.696271	0.256145	17.4992	1		0	12.0439	36.8684	0	0	0	
2024-06-30 07:39:32	198	374	5	0	0	2	9	0	0	0	9	0	0	4.75	9	0	0	0	9	0	0	2.381		99.9078	47.0153	0.084192	0	0.842697	0.0264846	14.5608	1		0	12.0439	36.6085	0	0	0	
2024-06-30 07:47:03	256	375	9	0	0	7	29	0	0	0	29	0	0	5	29	0	0	0	29	0	0	1.732		99.8956	46.7399	0.111391	0	1.11508	0.276118	14.0125	1		0	12.0439	34.9192	0	0	0	
2024-06-30 07:46:38	253	376	1	0	0	7	29	0	0	0	29	0	0	3.75	29	0	0	0	29	0	0	2.814		99.9007	46.734	0.0713041	0	0.713749	0.0234862	14.575	2		0	12.0439	34.9192	0	0	0	
2024-06-30 07:38:25	189	377	5	0	0	1	5	0	0	0	5	0	0	3.25	5	0	0	0	5	0	0	1.948		99.9107	46.6872	0.094936	0	0.950208	0.139165	13.4332	1		0	12.0439	37.2582	0	0	0	
2024-06-30 07:50:01	280	378	9	0	0	2.75	12	0	0	0	12	0	0	5	12	0	0	0	12	0	0	1.948		99.8927	47.425	0.0951048	0	0.95207	0.120669	13.4596	1		0	12.0439	34.7893	0	0	0	
2024-06-30 07:44:18	236	379	1	0	0	5	21	0	0	0	21	0	0	1.75	21	0	0	0	21	0	0	2.814		99.8983	47.6259	0.0822947	0	0.823785	0.225952	16.822	2		0	12.0439	35.1791	0	0	0	
2024-06-30 07:39:08	195	380	1	0	0	2	9	0	0	0	9	0	0	1.5	9	0	0	0	9	0	0	0.433		99.9079	47.03	0.474698	0	4.75136	0.192809	14.9268	1		0	12.0439	36.8684	0	0	0	
2024-06-30 07:36:58	178	381	5	0	0	0	1	0	0	0	1	0	0	2.75	1	0	0	0	1	0	0	2.381		99.9137	46.9286	0.180167	0	1.80323	0.095202	31.1576	1		0	12.0439	38.1678	0	0	0	
2024-06-30 07:49:54	279	382	9	0	0	3.25	14	0	0	0	14	0	0	4.5	14	0	0	0	14	0	0	1.082		99.8971	47.9571	0.173012	0	1.7319	0.391381	13.6023	1		0	12.0439	34.7893	0	0	0	
2024-06-30 07:40:19	204	383	9	0	0	3	13	0	0	0	13	0	0	6.75	13	0	0	0	13	0	0	3.247		99.9015	47.7681	0.0675246	0	0.675912	0.805486	15.9258	1		0	12.0439	36.3486	0	0	0	
2024-06-30 07:37:47	184	384	9	0	0	1	5	0	0	0	5	0	0	7.25	5	0	0	0	5	0	0	5.412		99.9138	46.5894	0.0585898	0	0.586404	0.381225	23.028	2		0	12.0439	37.6481	0	0	0	
2024-06-30 07:45:37	245	385	9	0	0	6	25	0	0	0	25	0	0	7.5	25	0	0	0	25	0	0	1.299		99.9012	47.5425	0.154398	0	1.5455	0.0464887	14.566	2		0	12.0439	34.9192	0	0	0	
2024-06-30 07:45:08	241	386	5	0	0	6	25	0	0	0	25	0	0	6.25	25	0	0	0	25	0	0	0.216		99.9031	47.6982	0.998445	0	9.99414	0.147877	15.6988	1		0	12.0439	35.1791	0	0	0	
2024-06-30 07:49:03	272	387	1	0	0	7.75	32	0	0	0	32	0	0	0.5	32	0	0	0	32	0	0	6.278		99.8976	46.5558	0.0360808	0	0.361178	0.0218822	16.4528	1		0	12.0439	34.9192	0	0	0	
2024-06-30 07:43:56	233	388	1	0	0	5	21	0	0	0	21	0	0	3.5	21	0	0	0	21	0	0	1.299		99.9008	47.6283	0.141933	0	1.42073	0.0564534	13.3901	1		0	12.0439	35.309	0	0	0	
2024-06-30 07:41:20	212	389	1	0	0	3	13	0	0	0	13	0	0	0.25	13	0	0	0	13	0	0	2.381		99.9033	47.8279	0.0788738	0	0.789501	0.0907615	13.6416	1		0	12.0439	35.9588	0	0	0	
2024-06-30 07:37:57	185	390	1	0	0	1	5	0	0	0	5	0	0	1.25	5	0	0	0	5	0	0	0.216		99.9181	46.6129	0.901529	0	9.02268	0.205095	14.1728	1		0	11.9464	37.5181	0	0	0	
2024-06-30 07:41:48	216	391	1	0	0	4	17	0	0	0	17	0	0	1.5	17	0	0	0	17	0	0	2.165		99.9011	47.6819	0.0852686	0	0.853531	0.413403	13.4072	1		0	12.0439	35.8288	0	0	0	
2024-06-30 07:50:40	284	392	9	0	0	1.5	7	0	0	0	7	0	0	6.25	7	0	0	0	7	0	0	4.113		99.8965	47.1087	0.0697041	0	0.697764	0.881887	20.8248	2		0	11.9375	34.7893	0	0	0	
2024-06-30 07:48:26	267	393	9	0	0	7.75	32	0	0	0	32	0	0	5.25	32	0	0	0	32	0	0	2.165		99.8991	46.5734	0.0901638	0	0.902548	0.283656	14.1772	1		0	12.0439	34.9192	0	0	0	
2024-06-30 07:48:12	265	394	5	0	0	7.75	32	0	0	0	32	0	0	4	32	0	0	0	32	0	0	3.247		99.8961	46.5136	0.0604745	0	0.605374	0.547001	14.2638	1		0	12.0439	34.9192	0	0	0	
2024-06-30 07:45:37	245	395	1	0	0	6	25	0	0	0	25	0	0	1.25	25	0	0	0	25	0	0	4.113		99.9012	47.5425	0.0579086	0	0.579658	0.0512741	17.3	2		0	12.0439	34.9192	0	0	0	
2024-06-30 07:42:10	219	396	1	0	0	4	17	0	0	0	17	0	0	3.5	17	0	0	0	17	0	0	0.433		99.9004	47.6506	0.52805	0	5.28577	0.145963	16.6057	1		0	12.0439	35.6989	0	0	0	
2024-06-30 07:35:36	168	397	1	0	0	0	1	0	0	0	1	0	0	1	1	0	0	0	1	0	0	0.866		99.9134	46.9038	0.214527	0	2.14713	0.527083	13.4908	1		0	12.0616	39.5972	0	0	0	
2024-06-30 07:39:01	194	398	9	0	0	2	9	0	0	0	9	0	0	5.25	9	0	0	0	9	0	0	2.814		99.9075	47.0427	0.0842581	0	0.843361	0.0388326	17.2217	1		0	12.0439	36.8684	0	0	0	
2024-06-30 07:39:08	195	399	9	0	0	2	9	0	0	0	9	0	0	4	9	0	0	0	9	0	0	1.732		99.9079	47.03	0.107316	0	1.07414	0.147393	13.4981	1		0	12.0439	36.8684	0	0	0	
2024-06-30 07:54:43	316	400	1	0	0	3.5	15	0	0	0	15	0	0	2.25	15	0	0	0	15	0	0	1.082		99.8946	47.2576	0.168984	0	1.69162	0.17132	13.286	1		0	12.0439	34.9192	0	0	0	
2024-06-30 07:47:10	257	401	1	0	0	7	29	0	0	0	29	0	0	3	29	0	0	0	29	0	0	3.464		99.898	46.7636	0.0592525	0	0.59313	0.202921	14.907	1		0	12.0439	34.9192	0	0	0	
2024-06-30 07:37:47	184	402	1	0	0	1	5	0	0	0	5	0	0	2.5	5	0	0	0	5	0	0	1.299		99.9138	46.5894	0.149319	0	1.49447	0.00533738	14.0851	2		0	12.0439	37.6481	0	0	0	
2024-06-30 07:36:12	172	403	5	0	0	0	1	0	0	0	1	0	0	6.75	1	0	0	0	1	0	0	5.845		99.915	46.8569	0.040103	0	0.401371	0.361199	17.0227	1		0	12.0439	39.0775	0	0	0	
2024-06-30 07:51:43	292	404	1	0	0	2.75	12	0	0	0	12	0	0	3	12	0	0	0	12	0	0	0.216		99.8978	47.3526	0.900339	0	9.0126	0.199503	14.157	1		0	12.0439	34.7893	0	0	0	
2024-06-30 07:43:31	230	405	1	0	0	5	21	0	0	0	21	0	0	1	21	0	0	0	21	0	0	3.464		99.8982	47.6593	0.0668794	0	0.669475	0.897411	16.8257	1		0	12.0439	35.439	0	0	0	
2024-06-30 07:56:49	332	406	1	0	0	0.5	3	0	0	7.25	3	0	0	2.75	3	0	0	5	3	0	0	1.168		99.8991	22.6629	0.0736469	0	0.737213	0.186908	10.4221	2		0	12.0439	34.9192	0	0	0	
2024-06-30 07:52:26	298	407	9	0	0	6.75	28	0	0	0	28	0	0	7	28	0	0	0	28	0	0	0.216		99.896	46.8428	0.966225	0	9.6723	0.391102	15.1932	1		0	12.0439	34.7893	0	0	0	
2024-06-30 07:39:25	197	408	1	0	0	2	9	0	0	0	9	0	0	0.75	9	0	0	0	9	0	0	1.082		99.9056	47.0133	0.168662	0	1.68821	0.301825	13.2592	1		0	12.0439	36.6085	0	0	0	
2024-06-30 07:40:48	208	409	9	0	0	3	13	0	0	0	13	0	0	6	13	0	0	0	13	0	0	2.598		99.901	47.7942	0.0775546	0	0.776314	0.160493	14.6332	1		0	12.0439	36.0887	0	0	0	
2024-06-30 07:40:41	207	410	5	0	0	3	13	0	0	0	13	0	0	4.75	13	0	0	0	13	0	0	1.515		99.9032	47.8115	0.125908	0	1.2603	0.160175	13.8577	1		0	12.0439	35.9588	0	0	0	
2024-06-30 07:38:11	187	411	9	0	0	1	5	0	0	0	5	0	0	7.75	5	0	0	0	5	0	0	5.845		99.9135	46.6511	0.0390982	0	0.39132	0.0771783	16.5965	1		0	12.0439	37.3882	0	0	0	
2024-06-30 07:37:27	182	412	9	0	0	1	5	0	0	0	5	0	0	6.5	5	0	0	0	5	0	0	4.762		99.9199	46.6023	0.0518866	0	0.519282	0.0545267	17.9451	2		0	12.0439	37.908	0	0	0	
2024-06-30 07:45:16	242	413	9	0	0	6	25	0	0	0	25	0	0	5.5	25	0	0	0	25	0	0	0.433		99.9022	47.647	0.529252	0	5.2977	0.206346	16.6432	1		0	12.0439	35.0491	0	0	0	
2024-06-30 07:45:08	241	414	9	0	0	6	25	0	0	0	25	0	0	4.25	25	0	0	0	25	0	0	1.515		99.9031	47.6982	0.128359	0	1.28483	0.154998	14.1275	1		0	12.0439	35.1791	0	0	0	
2024-06-30 07:44:28	237	415	1	0	0	5	21	0	0	0	21	0	0	2.75	21	0	0	0	21	0	0	1.948		99.9019	47.6479	0.0958812	0	0.959753	0.37256	13.5682	1		0	12.0439	35.1791	0	0	0	
2024-06-30 07:37:27	182	416	1	0	0	1	5	0	0	0	5	0	0	0.5	5	0	0	0	5	0	0	0.433		99.9199	46.6023	0.491821	0	4.92216	0.00254506	15.4634	2		0	12.0439	37.908	0	0	0	
2024-06-30 07:43:00	226	417	5	0	0	4	17	0	0	0	17	0	0	0.75	17	0	0	0	17	0	0	2.814		99.9015	47.6539	0.0736284	0	0.73701	0.337137	15.05	1		0	12.0439	35.439	0	0	0	
2024-06-30 07:49:25	275	418	5	0	0	7.75	32	0	0	0	32	0	0	3.25	32	0	0	0	32	0	0	3.897		99.8971	46.5679	0.0510535	0	0.511061	0.0919054	14.4499	1		0	12.0439	34.6593	0	0	0	
2024-06-30 07:56:00	327	419	1	0	0	2.75	12	0	0	5	12	0	0	0.5	12	0	0	7.25	12	0	0	1.168		99.9007	22.6784	0.0733682	0	0.734412	0.0307196	10.3825	1		0	12.0439	34.9192	0	0	0	
2024-06-30 07:50:50	285	420	9	0	0	1.25	6	0	0	0	6	0	0	6.5	6	0	0	0	6	0	0	4.546		99.8943	47.6652	0.0539347	0	0.539918	0.263132	17.8101	1		0	12.0439	34.7893	0	0	0	
2024-06-30 07:45:54	247	421	1	0	0	6	25	0	0	0	25	0	0	0.5	25	0	0	0	25	0	0	4.762		99.9017	47.5816	0.0512336	0	0.51284	0.635677	17.7225	1		0	12.0439	35.0491	0	0	0	
2024-06-30 07:42:52	225	422	5	0	0	4	17	0	0	0	17	0	0	2.75	17	0	0	0	17	0	0	1.082		99.899	47.6741	0.170082	0	1.70254	0.0467454	13.3717	1		0	12.0439	35.439	0	0	0	
2024-06-30 07:36:12	172	423	1	0	0	0	1	0	0	0	1	0	0	0.25	1	0	0	0	1	0	0	0.216		99.915	46.8569	0.905522	0	9.06292	0.138335	14.236	1		0	12.0439	39.0775	0	0	0	
2024-06-30 07:39:46	200	424	1	0	0	2	9	0	0	0	9	0	0	3.25	9	0	0	0	9	0	0	1.082		99.9074	47.0329	0.170459	0	1.70617	0.169428	13.4002	1		0	12.0439	36.4785	0	0	0	
2024-06-30 07:46:49	254	425	1	0	0	7	29	0	0	0	29	0	0	1.75	29	0	0	0	29	0	0	4.546		99.8982	46.7376	0.0530106	0	0.530646	0.739314	17.5043	1		0	12.0439	34.9192	0	0	0	
2024-06-30 07:35:36	168	426	5	0	0	0	1	0	0	0	1	0	0	6	1	0	0	0	1	0	0	5.195		99.9134	46.9038	0.0566129	0	0.56662	0.177817	21.3611	1		0	12.0616	39.5972	0	0	0	
2024-06-30 07:36:27	174	427	9	0	0	0	1	0	0	0	1	0	0	4.75	1	0	0	0	1	0	0	4.113		99.9139	46.8805	0.0529199	0	0.529655	0.179733	15.8076	1		0	12.0439	38.8176	0	0	0	
2024-06-30 07:53:58	310	428	1	0	0	7.25	30	0	0	0	30	0	0	0.5	30	0	0	0	30	0	0	5.845		99.8947	46.8726	0.053211	0	0.532671	0.202419	22.5914	2		0	12.0439	34.7893	0	0	0	
2024-06-30 07:44:36	238	429	1	0	0	5	21	0	0	0	21	0	0	0.25	21	0	0	0	21	0	0	4.113		99.9002	47.6325	0.0521137	0	0.521658	0.406581	15.5689	1		0	12.0439	35.1791	0	0	0	
2024-06-30 07:43:46	232	430	9	0	0	5	21	0	0	0	21	0	0	6.75	21	0	0	0	21	0	0	1.515		99.8996	47.6192	0.139445	0	1.39585	0.067019	15.3481	2		0	12.0439	35.309	0	0	0	
2024-06-30 07:40:34	206	431	1	0	0	3	13	0	0	0	13	0	0	2.25	13	0	0	0	13	0	0	0.649		99.9056	47.807	0.300656	0	3.0094	0.267495	14.1815	1		0.0088623	12.0439	36.2187	0	0	0	
2024-06-30 07:39:55	201	432	5	0	0	2	9	0	0	0	9	0	0	0	9	0	0	0	9	0	0	1.732		99.9054	47.0063	0.174186	0	1.74351	0.424839	21.9096	2		0	12.0439	36.4785	0	0	0	
2024-06-30 07:52:33	299	433	9	0	0	6.5	27	0	0	0	27	0	0	7.25	27	0	0	0	27	0	0	0.649		99.8991	47.2831	0.340596	0	3.4094	0.107319	16.0664	1		0	12.0439	34.9192	0	0	0	
2024-06-30 07:49:03	272	434	5	0	0	7.75	32	0	0	0	32	0	0	7.25	32	0	0	0	32	0	0	0.433		99.8976	46.5558	0.543563	0	5.4412	0.0773694	17.094	1		0	12.0439	34.9192	0	0	0	
2024-06-30 07:54:07	311	435	1	0	0	7.5	31	0	0	0	31	0	0	0.25	31	0	0	0	31	0	0	6.278		99.893	46.4389	0.0355294	0	0.355675	0.0504292	16.2021	1		0	11.9464	34.9192	0	0	0	
2024-06-30 07:51:21	289	436	1	0	0	0.75	4	0	0	0	4	0	0	1	4	0	0	0	4	0	0	0.216		99.895	47.8178	0.919068	0	9.20034	0.157295	14.4519	1		0	12.0439	34.7893	0	0	0	
2024-06-30 07:53:16	305	437	1	0	0	5.5	23	0	0	0	23	0	0	2.25	23	0	0	0	23	0	0	2.814		99.8931	47.2329	0.0899158	0	0.90012	0.156609	18.3808	2		0	12.0439	34.9192	0	0	0	
2024-06-30 07:42:17	220	438	5	0	0	4	17	0	0	0	17	0	0	6.75	17	0	0	0	17	0	0	2.381		99.9006	47.6378	0.0848427	0	0.849272	0.179406	14.6744	1		0	12.0439	35.5689	0	0	0	
2024-06-30 07:40:26	205	439	5	0	0	3	13	0	0	0	13	0	0	5.25	13	0	0	0	13	0	0	1.948		99.9061	47.8271	0.10269	0	1.02787	0.0658969	14.5312	1		0	12.0439	36.2187	0	0	0	
2024-06-30 07:41:10	211	440	9	0	0	3	13	0	0	0	13	0	0	4	13	0	0	0	13	0	0	0.866		99.9038	47.8121	0.224544	0	2.24761	0.00145482	14.1221	2		0	12.0439	35.9588	0	0	0	
2024-06-30 07:39:25	197	441	5	0	0	2	9	0	0	0	9	0	0	7.25	9	0	0	0	9	0	0	4.546		99.9056	47.0133	0.0519701	0	0.520192	0.00641007	17.1594	1		0	12.0439	36.6085	0	0	0	
2024-06-30 07:47:10	257	442	5	0	0	7	29	0	0	0	29	0	0	7.5	29	0	0	0	29	0	0	0.433		99.898	46.7636	0.511632	0	5.12154	0.114329	16.0898	1		0	12.0439	34.9192	0	0	0	
2024-06-30 07:47:25	259	443	5	0	0	7	29	0	0	0	29	0	0	6.25	29	0	0	0	29	0	0	0.649		99.8993	46.7807	0.339602	0	3.39944	0.258971	16.0195	1		0	12.0439	34.9192	0	0	0	
2024-06-30 07:37:57	185	444	5	0	0	1	5	0	0	0	5	0	0	5.75	5	0	0	0	5	0	0	4.113		99.9181	46.6129	0.0521453	0	0.52188	0.153026	15.5756	1		0	11.9464	37.5181	0	0	0	
2024-06-30 07:38:11	187	445	5	0	0	1	5	0	0	0	5	0	0	4.5	5	0	0	0	5	0	0	3.031		99.9135	46.6511	0.075075	0	0.7514	0.00615274	16.5241	1		0	12.0439	37.3882	0	0	0	
2024-06-30 07:46:09	249	446	1	0	0	6	25	0	0	0	25	0	0	3.5	25	0	0	0	25	0	0	2.165		99.8983	47.6085	0.0878192	0	0.879086	0.0744543	13.8086	1		0	11.9375	34.9192	0	0	0	
2024-06-30 07:43:07	227	447	5	0	0	4	17	0	0	0	17	0	0	0	17	0	0	0	17	0	0	3.464		99.9031	47.7603	0.0667563	0	0.66821	0.124346	16.794	1		0.0088623	12.0439	35.439	0	0	0	
2024-06-30 07:48:26	267	448	1	0	0	7.75	32	0	0	0	32	0	0	2.5	32	0	0	0	32	0	0	4.546		99.8991	46.5734	0.0488477	0	0.48897	0.0656515	16.1295	1		0	12.0439	34.9192	0	0	0	
2024-06-30 07:38:54	193	449	1	0	0	2	9	0	0	0	9	0	0	2.5	9	0	0	0	9	0	0	0.433		99.9084	47.0377	0.463815	0	4.6424	0.284075	14.5845	1		0.0088623	11.9464	36.9983	0	0	0	
2024-06-30 07:47:03	256	450	1	0	0	7	29	0	0	0	29	0	0	1	29	0	0	0	29	0	0	5.195		99.8956	46.7399	0.0463634	0	0.464119	0.927807	17.4969	1		0	12.0439	34.9192	0	0	0	
2024-06-30 07:36:20	173	451	9	0	0	0	1	0	0	0	1	0	0	5.25	1	0	0	0	1	0	0	4.546		99.9122	46.8628	0.0517245	0	0.517699	0.32292	17.0772	1		0	12.0439	38.9475	0	0	0	
2024-06-30 07:35:36	168	452	9	0	0	0	1	0	0	0	1	0	0	4	1	0	0	0	1	0	0	3.464		99.9134	46.9038	0.0660486	0	0.661059	0.240646	16.6142	1		0	12.0616	39.5972	0	0	0	
2024-06-30 07:48:41	269	453	1	0	0	7.75	32	0	0	0	32	0	0	1.75	32	0	0	0	32	0	0	5.195		99.8953	46.5875	0.0435413	0	0.43587	0.275951	16.4319	1		0	12.0439	34.9192	0	0	0	
2024-06-30 07:43:31	230	454	5	0	0	5	21	0	0	0	21	0	0	6	21	0	0	0	21	0	0	0.866		99.8982	47.6593	0.23849	0	2.38733	0.0617786	15	1		0	12.0439	35.439	0	0	0	
2024-06-30 07:44:04	234	455	5	0	0	5	21	0	0	0	21	0	0	4.75	21	0	0	0	21	0	0	0.216		99.9018	47.6265	0.935231	0	9.3615	0.111584	14.705	1		0	12.0439	35.309	0	0	0	
2024-06-30 07:41:20	212	456	5	0	0	3	13	0	0	0	13	0	0	1.5	13	0	0	0	13	0	0	1.299		99.9033	47.8279	0.139095	0	1.39229	0.09411	13.1221	1		0	12.0439	35.9588	0	0	0	
2024-06-30 07:48:56	271	457	9	0	0	7.75	32	0	0	0	32	0	0	6.5	32	0	0	0	32	0	0	1.082		99.8939	46.5803	0.193669	0	1.93874	0.226475	15.2269	1		0	12.0439	34.9192	0	0	0	
2024-06-30 07:50:22	282	458	9	0	0	2.25	10	0	0	0	10	0	0	5.5	10	0	0	0	10	0	0	2.814		99.8959	48.0966	0.0935539	0	0.936514	0.340643	19.1239	1		0	11.9375	34.7893	0	0	0	
2024-06-30 07:55:53	326	459	1	0	0	3	13	0	0	4.75	13	0	0	1.25	13	0	0	6.5	13	0	0	0.908		99.8972	23.2005	0.0814886	0	0.815725	0.665441	8.96936	1		0	12.0439	34.9192	0	0	0	
2024-06-30 07:42:31	222	460	9	0	0	4	17	0	0	0	17	0	0	6	17	0	0	0	17	0	0	1.732		99.9014	47.6761	0.11158	0	1.1169	0.0713091	14.0354	1		0	12.0439	35.5689	0	0	0	
2024-06-30 07:42:02	218	461	5	0	0	4	17	0	0	0	17	0	0	4.75	17	0	0	0	17	0	0	0.649		99.8978	47.6534	0.33096	0	3.31299	0.166558	15.6121	1		0	12.0439	35.6989	0	0	0	
2024-06-30 07:36:34	175	462	1	0	0	0	1	0	0	0	1	0	0	2.25	1	0	0	0	1	0	0	1.948		99.9141	46.9024	0.117769	0	1.1787	0.188216	16.6635	1		0	12.0439	38.4277	0	0	0	
2024-06-30 07:55:46	325	463	1	0	0	3.25	14	0	0	4.5	14	0	0	2	14	0	0	5.75	14	0	0	0.649		99.8972	23.1804	0.147788	0	1.4794	0.433415	11.6192	1		0	12.0439	34.7893	0	0	0	
2024-06-30 07:41:41	215	464	1	0	0	3	13	0	0	0	13	0	0	3.25	13	0	0	0	13	0	0	0.216		99.9001	47.891	0.921264	0	9.22186	0.117483	14.4857	1		0	12.0439	35.8288	0	0	0	
2024-06-30 07:39:39	199	465	9	0	0	2	9	0	0	0	9	0	0	7.75	9	0	0	0	9	0	0	4.979		99.9067	47.0267	0.0435573	0	0.43598	0.0432144	15.7512	1		0	12.0439	36.6085	0	0	0	
2024-06-30 07:39:15	196	466	9	0	0	2	9	0	0	0	9	0	0	6.5	9	0	0	0	9	0	0	3.897		99.9052	47.0003	0.0551745	0	0.552268	0.115321	15.615	2		0	12.0439	36.8684	0	0	0	
2024-06-30 07:47:18	258	467	9	0	0	7	29	0	0	0	29	0	0	5.5	29	0	0	0	29	0	0	1.299		99.8975	46.7609	0.153995	0	1.54153	0.607027	14.5286	1		0	12.0439	34.9192	0	0	0	
2024-06-30 07:46:31	252	468	5	0	0	7	29	0	0	0	29	0	0	4.25	29	0	0	0	29	0	0	2.381		99.9041	46.7623	0.0830645	0	0.831443	0.517438	14.3663	1		0	12.0439	34.9192	0	0	0	
2024-06-30 07:37:37	183	469	9	0	0	1	5	0	0	0	5	0	0	5	5	0	0	0	5	0	0	3.464		99.9183	46.5978	0.0624693	0	0.625204	0.291542	15.7131	2		0	12.0439	37.778	0	0	0	
2024-06-30 07:38:11	187	470	1	0	0	1	5	0	0	0	5	0	0	3.75	5	0	0	0	5	0	0	2.381		99.9135	46.6511	0.0844315	0	0.845046	0.112348	14.6014	1		0	12.0439	37.3882	0	0	0	
2024-06-30 07:45:08	241	471	1	0	0	6	25	0	0	0	25	0	0	2.75	25	0	0	0	25	0	0	2.814		99.9031	47.6982	0.0716615	0	0.71731	0.236645	14.6477	1		0	12.0439	35.1791	0	0	0	
2024-06-30 07:44:04	234	472	1	0	0	5	21	0	0	0	21	0	0	2.25	21	0	0	0	21	0	0	2.381		99.9018	47.6265	0.0811156	0	0.811953	0.110724	14.0295	1		0	12.0439	35.309	0	0	0	
2024-06-30 07:48:05	264	473	1	0	0	7	29	0	0	0	29	0	0	0.25	29	0	0	0	29	0	0	5.845		99.8942	46.7771	0.0388972	0	0.389384	0.46806	16.5144	1		0	12.0439	34.9192	0	0	0	
2024-06-30 07:37:06	179	474	1	0	0	0	1	0	0	0	1	0	0	3.25	1	0	0	0	1	0	0	2.814		99.918	46.9345	0.0708818	0	0.7094	0.443701	14.4862	1		0	12.0439	38.1678	0	0	0	
2024-06-30 07:40:34	206	475	5	0	0	3	13	0	0	0	13	0	0	7.25	13	0	0	0	13	0	0	3.68		99.9056	47.807	0.0657021	0	0.657642	0.977497	17.5614	1		0.0088623	12.0439	36.2187	0	0	0	
2024-06-30 07:45:30	244	476	5	0	0	6	25	0	0	0	25	0	0	6.75	25	0	0	0	25	0	0	0.649		99.8981	47.5762	0.350084	0	3.50441	0.00317271	16.5141	1		0	12.0439	35.0491	0	0	0	
2024-06-30 07:49:40	277	477	9	0	0	3.75	16	0	0	0	16	0	0	4	16	0	0	0	16	0	0	0.216		99.897	47.6016	1.03998	0	10.4106	0.467775	16.3529	1		0	12.0439	34.7893	0	0	0	
2024-06-30 07:48:56	271	478	1	0	0	7.75	32	0	0	0	32	0	0	1	32	0	0	0	32	0	0	5.845		99.8939	46.5803	0.0387896	0	0.388308	0.606666	16.4687	1		0	12.0439	34.9192	0	0	0	
2024-06-30 07:44:04	234	479	9	0	0	5	21	0	0	0	21	0	0	5.25	21	0	0	0	21	0	0	0.216		99.9018	47.6265	0.954808	0	9.55746	0.104272	15.0128	1		0	12.0439	35.309	0	0	0	
2024-06-30 07:43:38	231	480	9	0	0	5	21	0	0	0	21	0	0	4	21	0	0	0	21	0	0	0.866		99.8995	47.6628	0.231453	0	2.31685	0.534098	14.5572	1		0	12.0439	35.309	0	0	0	
2024-06-30 07:41:03	210	481	1	0	0	3	13	0	0	0	13	0	0	0.75	13	0	0	0	13	0	0	1.948		99.9031	47.8101	0.0987753	0	0.988711	0.473433	13.9776	1		0	12.0439	35.9588	0	0	0	
2024-06-30 07:37:37	183	482	1	0	0	1	5	0	0	0	5	0	0	1.75	5	0	0	0	5	0	0	0.649		99.9183	46.5978	0.30655	0	3.068	0.0230344	14.4576	2		0	12.0439	37.778	0	0	0	
2024-06-30 07:42:52	225	483	1	0	0	4	17	0	0	0	17	0	0	2	17	0	0	0	17	0	0	1.732		99.899	47.6741	0.107381	0	1.07489	0.0757382	13.5075	1		0	12.0439	35.439	0	0	0	
2024-06-30 07:48:34	268	484	9	0	0	7.75	32	0	0	0	32	0	0	5.75	32	0	0	0	32	0	0	1.732		99.8987	46.5897	0.113342	0	1.13457	0.0993563	14.2574	1		0	12.0439	34.9192	0	0	0	
2024-06-30 07:48:12	265	485	9	0	0	7.75	32	0	0	0	32	0	0	4.5	32	0	0	0	32	0	0	2.814		99.8961	46.5136	0.0702647	0	0.703377	0.721583	14.3632	1		0	12.0439	34.9192	0	0	0	
2024-06-30 07:51:57	294	486	1	0	0	2.25	10	0	0	0	10	0	0	3.5	10	0	0	0	10	0	0	1.082		99.8955	47.9078	0.169995	0	1.70173	0.135052	13.3654	1		0	12.0439	34.7893	0	0	0	
2024-06-30 07:51:14	288	487	9	0	0	0.25	2	0	0	0	2	0	0	7.5	2	0	0	0	2	0	0	6.278		99.8954	47.6823	0.0364843	0	0.365225	0.363963	16.6371	1		0	12.0439	34.7893	0	0	0	
2024-06-30 07:46:02	248	488	5	0	0	6	25	0	0	0	25	0	0	1.75	25	0	0	0	25	0	0	3.68		99.9008	47.5894	0.066822	0	0.668884	0.503334	17.8616	1		0	12.0439	34.9192	0	0	0	
2024-06-30 07:42:10	219	489	9	0	0	4	17	0	0	0	17	0	0	5.25	17	0	0	0	17	0	0	1.082		99.9004	47.6506	0.18533	0	1.85515	0.184846	14.5703	1		0	12.0439	35.6989	0	0	0	
2024-06-30 07:36:51	177	490	5	0	0	0	1	0	0	0	1	0	0	1.5	1	0	0	0	1	0	0	1.299		99.9139	46.9071	0.137924	0	1.38043	0.00642195	13.0102	1		0	12.0439	38.4277	0	0	0	
2024-06-30 07:41:34	214	491	5	0	0	3	13	0	0	0	13	0	0	2.5	13	0	0	0	13	0	0	0.433		99.9027	47.9285	0.469186	0	4.69643	0.318183	14.7543	1		0	12.0439	35.8288	0	0	0	
2024-06-30 07:39:32	198	492	9	0	0	2	9	0	0	0	9	0	0	5.75	9	0	0	0	9	0	0	3.247		99.9078	47.0153	0.0655219	0	0.655824	0.12698	15.4525	1		0	12.0439	36.6085	0	0	0	
2024-06-30 07:38:54	193	493	9	0	0	2	9	0	0	0	9	0	0	4.5	9	0	0	0	9	0	0	2.165		99.9084	47.0377	0.0908757	0	0.909591	0.0914192	14.2878	1		0.0088623	11.9464	36.9983	0	0	0	
2024-06-30 07:47:54	263	494	1	0	0	7	29	0	0	0	29	0	0	3.5	29	0	0	0	29	0	0	3.031		99.896	46.8009	0.0650787	0	0.651464	0.0254838	14.3264	2		0	12.0439	34.9192	0	0	0	
2024-06-30 07:38:40	191	495	1	0	0	1	5	0	0	0	5	0	0	3	5	0	0	0	5	0	0	1.732		99.9119	46.6986	0.108905	0	1.09001	0.10271	13.6975	1		0	12.0439	37.1283	0	0	0	
2024-06-30 07:35:49	169	496	5	0	0	0	1	0	0	0	1	0	0	7.25	1	0	0	0	1	0	0	6.278		99.9151	46.8372	0.0393735	0	0.394069	0.25603	17.9511	2		0	12.0439	39.5972	0	0	0	
2024-06-30 07:43:14	228	497	1	0	0	5	21	0	0	0	21	0	0	1.5	21	0	0	0	21	0	0	3.031		99.8966	47.6634	0.0691062	0	0.691777	0.877635	15.213	1		0	12.0439	35.309	0	0	0	
2024-06-30 07:39:39	199	498	1	0	0	2	9	0	0	0	9	0	0	1.25	9	0	0	0	9	0	0	0.649		99.9067	47.0267	0.294292	0	2.94567	0.173611	13.8812	1		0	12.0439	36.6085	0	0	0	
2024-06-30 07:54:22	313	499	1	0	0	1.5	7	0	0	0	7	0	0	0.25	7	0	0	0	7	0	0	1.082		99.8956	47.0669	0.166121	0	1.66294	0.154017	13.0607	1		0	12.0439	34.9192	0	0	0	
2024-06-30 07:36:41	176	500	5	0	0	0	1	0	0	0	1	0	0	2.5	1	0	0	0	1	0	0	2.165		99.9165	46.8773	0.0919975	0	0.920745	0.01345	14.463	2		0	12.0439	38.5577	0	0	0	
2024-06-30 07:53:37	307	501	1	0	0	6.25	26	0	0	0	26	0	0	1.5	26	0	0	0	26	0	0	4.113		99.8939	47.5468	0.0577448	0	0.578061	0.792293	17.2523	1		0	12.0439	34.7893	0	0	0	
2024-06-30 07:55:18	321	502	9	0	0	7.25	30	0	0	0	30	0	0	6.5	30	0	0	0	30	0	0	0.649		99.8955	46.8612	0.339124	0	3.39478	0.24951	15.9975	1		0	12.0439	34.7893	0	0	0	
2024-06-30 07:41:03	210	503	5	0	0	3	13	0	0	0	13	0	0	7.75	13	0	0	0	13	0	0	4.113		99.9031	47.8101	0.0507928	0	0.508421	0.318611	15.1739	1		0	12.0439	35.9588	0	0	0	
2024-06-30 07:40:19	204	504	5	0	0	3	13	0	0	0	13	0	0	6.5	13	0	0	0	13	0	0	3.031		99.9015	47.7681	0.0698372	0	0.699061	0.399671	15.3731	1		0	12.0439	36.3486	0	0	0	
2024-06-30 07:37:47	184	505	5	0	0	1	5	0	0	0	5	0	0	7	5	0	0	0	5	0	0	5.195		99.9138	46.5894	0.0444045	0	0.444428	0.0869339	16.7545	2		0	12.0439	37.6481	0	0	0	
2024-06-30 07:44:53	240	506	5	0	0	6	25	0	0	0	25	0	0	4.75	25	0	0	0	25	0	0	1.082		99.9003	47.5001	0.184885	0	1.8507	0.0891505	14.5353	4		0	12.0439	35.1791	0	0	0	
2024-06-30 07:49:10	273	507	1	0	0	7.75	32	0	0	0	32	0	0	0.25	32	0	0	0	32	0	0	6.494		99.895	46.5564	0.0338594	0	0.33895	0.222671	15.9726	1		0	12.0439	34.7893	0	0	0	
2024-06-30 07:44:28	237	508	5	0	0	5	21	0	0	0	21	0	0	3.25	21	0	0	0	21	0	0	1.515		99.9019	47.6479	0.121575	0	1.21694	0.264219	13.381	1		0	12.0439	35.1791	0	0	0	
2024-06-30 07:41:10	211	509	1	0	0	3	13	0	0	0	13	0	0	0	13	0	0	0	13	0	0	2.598		99.9038	47.8121	0.0832075	0	0.832876	0.154285	15.6993	2		0	12.0439	35.9588	0	0	0	
2024-06-30 07:49:47	278	510	9	0	0	3.5	15	0	0	0	15	0	0	4.25	15	0	0	0	15	0	0	0.649		99.8971	47.4162	0.320203	0	3.20533	0.320713	15.1048	1		0	12.0439	34.9192	0	0	0	
2024-06-30 07:42:46	224	511	1	0	0	4	17	0	0	0	17	0	0	1.25	17	0	0	0	17	0	0	2.381		99.8986	47.6328	0.0819491	0	0.820322	0.0595895	14.1742	1		0	12.0439	35.439	0	0	0	
2024-06-30 07:48:19	266	512	5	0	0	7.75	32	0	0	0	32	0	0	5	32	0	0	0	32	0	0	2.381		99.9009	46.5478	0.0812609	0	0.813415	0.239582	14.0548	1		0	12.0439	34.7893	0	0	0	
2024-06-30 07:49:10	273	513	5	0	0	7.75	32	0	0	0	32	0	0	3.75	32	0	0	0	32	0	0	3.464		99.895	46.5564	0.0577474	0	0.578081	0.268238	14.5288	1		0	12.0439	34.7893	0	0	0	
2024-06-30 07:56:39	331	514	1	0	0	1.25	6	0	0	6.5	6	0	0	3	6	0	0	4.75	6	0	0	0.908		99.8992	22.773	0.0870151	0	0.87103	0.280357	9.57747	2		0	12.0439	34.9192	0	0	0	
2024-06-30 07:46:16	250	515	5	0	0	6	25	0	0	0	25	0	0	1	25	0	0	0	25	0	0	4.33		99.9014	47.5949	0.0555888	0	0.556436	0.565443	17.481	1		0	12.0439	34.9192	0	0	0	
2024-06-30 07:43:07	227	516	1	0	0	4	17	0	0	0	17	0	0	3.25	17	0	0	0	17	0	0	0.649		99.9031	47.7603	0.321488	0	3.21799	0.0767592	15.1644	1		0.0088623	12.0439	35.439	0	0	0	
2024-06-30 07:36:41	176	517	1	0	0	0	1	0	0	0	1	0	0	0.75	1	0	0	0	1	0	0	0.649		99.9165	46.8773	0.346855	0	3.47145	0.136143	16.3588	2		0	12.0439	38.5577	0	0	0	
2024-06-30 07:56:07	328	518	1	0	0	3.5	15	0	0	4.25	15	0	0	3.75	15	0	0	4	15	0	0	0.13		99.902	22.3385	0.789026	0	7.898	0.106681	12.4061	1		0	12.0439	34.9192	0	0	0	
2024-06-30 07:38:47	192	519	5	0	0	2	9	0	0	0	9	0	0	5	9	0	0	0	9	0	0	2.598		99.9101	47.0145	0.0764082	0	0.76477	0.205462	14.4156	1		0	11.9464	36.9983	0	0	0	
2024-06-30 07:39:32	198	520	1	0	0	2	9	0	0	0	9	0	0	3.75	9	0	0	0	9	0	0	1.515		99.9078	47.0153	0.136883	0	1.37009	0.61666	15.065	1		0	12.0439	36.6085	0	0	0	
2024-06-30 07:47:40	261	521	5	0	0	7	29	0	0	0	29	0	0	2.75	29	0	0	0	29	0	0	3.68		99.8947	46.8185	0.0557541	0	0.558129	0.113333	14.904	1		0	12.0439	34.9192	0	0	0	
2024-06-30 07:47:33	260	522	5	0	0	7	29	0	0	0	29	0	0	2.25	29	0	0	0	29	0	0	4.113		99.8951	46.7589	0.0511209	0	0.511746	0.155866	15.2731	1		0	12.0439	34.9192	0	0	0	
2024-06-30 07:36:06	171	523	5	0	0	0	1	0	0	0	1	0	0	7.75	1	0	0	0	1	0	0	6.711		99.9145	46.8448	0.0357726	0	0.358032	0.0596687	17.4343	1		0	12.0439	39.2074	0	0	0	
2024-06-30 07:36:06	171	524	9	0	0	0	1	0	0	0	1	0	0	6.5	1	0	0	0	1	0	0	5.628		99.9145	46.8448	0.0410141	0	0.410492	0.0116312	16.7648	1		0	12.0439	39.2074	0	0	0	
2024-06-30 07:44:36	238	525	5	0	0	5	21	0	0	0	21	0	0	0.75	21	0	0	0	21	0	0	3.68		99.9002	47.6325	0.0663959	0	0.664622	0.312467	17.7478	1		0	12.0439	35.1791	0	0	0	
2024-06-30 07:43:14	228	526	5	0	0	5	21	0	0	0	21	0	0	7.25	21	0	0	0	21	0	0	1.948		99.8966	47.6634	0.111634	0	1.1175	0.962273	15.7982	1		0	12.0439	35.309	0	0	0	
2024-06-30 07:55:11	320	527	9	0	0	5.75	24	0	0	0	24	0	0	4	24	0	0	0	24	0	0	1.515		99.8953	47.7113	0.126293	0	1.26426	0.1479	13.9012	1		0	12.0439	34.7893	0	0	0	
2024-06-30 07:52:11	296	528	9	0	0	4.5	19	0	0	0	19	0	0	5.25	19	0	0	0	19	0	0	0.649		99.8987	47.923	0.339808	0	3.40153	0.292774	16.0293	1		0	12.0439	34.7893	0	0	0	
2024-06-30 07:56:15	329	529	1	0	0	2.75	12	0	0	5	12	0	0	3.5	12	0	0	4.25	12	0	0	0.389		99.8995	22.7147	0.289377	0	2.89668	1.20203	13.6503	4		0	12.0439	34.9192	0	0	0	
2024-06-30 07:40:04	202	530	1	0	0	2	9	0	0	0	9	0	0	0.5	9	0	0	0	9	0	0	1.299		99.9058	47.1087	0.139748	0	1.3988	0.190996	13.1834	1		0	12.0439	35.9588	0	0	0	
2024-06-30 07:51:04	287	531	9	0	0	0.5	3	0	0	0	3	0	0	7.25	3	0	0	0	3	0	0	5.845		99.8909	47.72	0.0556802	0	0.55741	0.351771	23.6406	2		0	12.0439	34.6593	0	0	0	
2024-06-30 07:42:10	219	532	5	0	0	4	17	0	0	0	17	0	0	7.25	17	0	0	0	17	0	0	2.814		99.9004	47.6506	0.07488	0	0.749547	0.0577938	15.306	1		0	12.0439	35.6989	0	0	0	
2024-06-30 07:40:55	209	533	9	0	0	3	13	0	0	0	13	0	0	5.75	13	0	0	0	13	0	0	2.381		99.902	47.8151	0.0809219	0	0.810013	0.0856254	13.996	1		0	12.0439	35.9588	0	0	0	
2024-06-30 07:40:55	209	534	5	0	0	3	13	0	0	0	13	0	0	4.5	13	0	0	0	13	0	0	1.299		99.902	47.8151	0.144689	0	1.44831	0.223983	13.65	1		0	12.0439	35.9588	0	0	0	
2024-06-30 07:46:56	255	535	5	0	0	7	29	0	0	0	29	0	0	6.75	29	0	0	0	29	0	0	0.216		99.9018	46.7768	0.957643	0	9.58584	0.0792052	15.0574	1		0	12.0439	34.9192	0	0	0	
2024-06-30 07:37:20	181	536	9	0	0	1	5	0	0	0	5	0	0	7.5	5	0	0	0	5	0	0	5.628		99.9166	46.6165	0.0408972	0	0.409313	0.243964	16.7166	1		0	12.0439	38.0379	0	0	0	
2024-06-30 07:37:13	180	537	5	0	0	1	5	0	0	0	5	0	0	6.25	5	0	0	0	5	0	0	4.546		99.9156	46.6001	0.0602351	0	0.60286	0.32085	19.8864	1		0	12.0439	37.908	0	0	0	
2024-06-30 07:45:47	246	538	5	0	0	6	25	0	0	0	25	0	0	5.25	25	0	0	0	25	0	0	0.649		99.9024	47.5905	0.332695	0	3.33021	0.102534	15.6932	1		0	12.0439	35.0491	0	0	0	
2024-06-30 07:45:23	243	539	5	0	0	6	25	0	0	0	25	0	0	4	25	0	0	0	25	0	0	1.732		99.8969	47.6279	0.110555	0	1.10669	0.0555321	13.9071	1		0	12.0439	35.0491	0	0	0	
2024-06-30 07:44:43	239	540	1	0	0	5	21	0	0	0	21	0	0	2.5	21	0	0	0	21	0	0	2.165		99.8999	47.5994	0.103369	0	1.03472	0.0429459	16.2534	2		0	12.0439	35.1791	0	0	0	
2024-06-30 07:37:13	180	541	1	0	0	1	5	0	0	0	5	0	0	0.25	5	0	0	0	5	0	0	0.649		99.9156	46.6001	0.303768	0	3.04025	0.690019	14.3268	1		0	12.0439	37.908	0	0	0	
2024-06-30 07:43:00	226	542	1	0	0	4	17	0	0	0	17	0	0	0.5	17	0	0	0	17	0	0	3.031		99.9015	47.6539	0.0667157	0	0.667815	0.0548181	14.686	1		0	12.0439	35.439	0	0	0	
2024-06-30 07:48:12	265	543	1	0	0	7.75	32	0	0	0	32	0	0	3	32	0	0	0	32	0	0	4.113		99.8961	46.5136	0.0491793	0	0.492304	0.51918	14.6929	1		0	12.0439	34.9192	0	0	0	
2024-06-30 07:46:16	250	544	1	0	0	6	25	0	0	0	25	0	0	0.25	25	0	0	0	25	0	0	4.979		99.9014	47.5949	0.0476723	0	0.477193	0.137019	17.2402	1		0	12.0439	34.9192	0	0	0	
2024-06-30 07:53:09	304	545	1	0	0	5.25	22	0	0	0	22	0	0	2.5	22	0	0	0	22	0	0	2.381		99.8959	47.7052	0.0971074	0	0.972087	0.00482721	16.7965	1		0	12.0439	34.7893	0	0	0	
2024-06-30 07:42:39	223	546	1	0	0	4	17	0	0	0	17	0	0	2.5	17	0	0	0	17	0	0	1.299		99.9	47.6338	0.144733	0	1.44878	0.283182	13.6544	1		0	12.0439	35.5689	0	0	0	
2024-06-30 07:39:15	196	547	1	0	0	2	9	0	0	0	9	0	0	3	9	0	0	0	9	0	0	0.866		99.9052	47.0003	0.218458	0	2.18665	0.0275549	13.7391	2		0	12.0439	36.8684	0	0	0	
2024-06-30 07:47:40	261	548	1	0	0	7	29	0	0	0	29	0	0	1.5	29	0	0	0	29	0	0	4.762		99.8947	46.8185	0.0468137	0	0.46863	0.363161	16.1947	1		0	12.0439	34.9192	0	0	0	
2024-06-30 07:36:27	174	549	5	0	0	0	1	0	0	0	1	0	0	5.75	1	0	0	0	1	0	0	4.979		99.9139	46.8805	0.0457831	0	0.458226	0.293381	16.5549	1		0	12.0439	38.8176	0	0	0	
2024-06-30 07:36:34	175	550	9	0	0	0	1	0	0	0	1	0	0	4.5	1	0	0	0	1	0	0	3.897		99.9141	46.9024	0.0547239	0	0.547709	0.0674762	15.4861	1		0	12.0439	38.4277	0	0	0	
2024-06-30 07:43:46	232	551	1	0	0	5	21	0	0	0	21	0	0	0	21	0	0	0	21	0	0	4.33		99.8996	47.6192	0.0514939	0	0.515456	0.26151	16.1935	2		0	12.0439	35.309	0	0	0	
2024-06-30 07:49:33	276	552	5	0	0	7.75	32	0	0	0	32	0	0	2.25	32	0	0	0	32	0	0	4.762		99.8961	46.5617	0.0434405	0	0.434857	0.176036	15.0276	1		0	12.0439	34.7893	0	0	0	
2024-06-30 07:43:38	231	553	5	0	0	5	21	0	0	0	21	0	0	7.75	21	0	0	0	21	0	0	2.381		99.8995	47.6628	0.0843219	0	0.844068	0.25592	14.5844	1		0	12.0439	35.309	0	0	0	
2024-06-30 07:43:21	229	554	9	0	0	5	21	0	0	0	21	0	0	6.5	21	0	0	0	21	0	0	1.299		99.8978	47.6361	0.155103	0	1.55261	0.033337	14.633	2		0	12.0439	35.439	0	0	0	
2024-06-30 07:41:34	214	555	1	0	0	3	13	0	0	0	13	0	0	2	13	0	0	0	13	0	0	0.866		99.9027	47.9285	0.217189	0	2.17401	0.209873	13.6597	1		0	12.0439	35.8288	0	0	0	
2024-06-30 07:52:54	302	556	1	0	0	4.5	19	0	0	0	19	0	0	3.25	19	0	0	0	19	0	0	1.082		99.8936	47.8495	0.177162	0	1.7735	0.561542	13.9291	1		0	12.0439	34.7893	0	0	0	
2024-06-30 07:48:49	270	557	5	0	0	7.75	32	0	0	0	32	0	0	7	32	0	0	0	32	0	0	0.649		99.8935	46.546	0.353611	0	3.53988	0.301339	16.6813	1		0	12.0439	34.7893	0	0	0	
2024-06-30 07:55:04	319	558	9	0	0	5.5	23	0	0	0	23	0	0	4.25	23	0	0	0	23	0	0	1.082		99.8917	47.2634	0.18588	0	1.86082	0.275724	14.6148	1		0	12.0439	34.7893	0	0	0	
2024-06-30 07:53:50	309	559	1	0	0	6.75	28	0	0	0	28	0	0	1	28	0	0	0	28	0	0	4.979		99.8963	46.7854	0.0585447	0	0.586055	0.320001	21.1732	1		0	12.0439	34.9192	0	0	0	
2024-06-30 07:52:18	297	560	9	0	0	4.25	18	0	0	0	18	0	0	5.5	18	0	0	0	18	0	0	1.082		99.8964	47.8829	0.189938	0	1.90135	0.663929	14.9332	1		0	12.0439	34.7893	0	0	0	
2024-06-30 07:42:23	221	561	9	0	0	4	17	0	0	0	17	0	0	7.75	17	0	0	0	17	0	0	3.247		99.897	47.6609	0.0626949	0	0.627596	0.0515646	14.7874	1		0	11.9375	35.5689	0	0	0	
2024-06-30 07:41:55	217	562	5	0	0	4	17	0	0	0	17	0	0	6.5	17	0	0	0	17	0	0	2.165		99.8983	47.691	0.0910254	0	0.911181	0.0243832	14.3128	1		0	12.0439	35.6989	0	0	0	
2024-06-30 07:40:26	205	563	9	0	0	3	13	0	0	0	13	0	0	5	13	0	0	0	13	0	0	1.732		99.9061	47.8271	0.107106	0	1.07207	0.0466318	13.472	1		0	12.0439	36.2187	0	0	0	
2024-06-30 07:41:27	213	564	1	0	0	3	13	0	0	0	13	0	0	3.75	13	0	0	0	13	0	0	0.649		99.9037	47.8298	0.312083	0	3.12383	0.229471	14.7207	1		0	12.0439	35.9588	0	0	0	
2024-06-30 07:39:25	197	565	9	0	0	2	9	0	0	0	9	0	0	7	9	0	0	0	9	0	0	4.33		99.9056	47.0133	0.0497733	0	0.498204	0.0722656	15.6515	1		0	12.0439	36.6085	0	0	0	
2024-06-30 07:46:38	253	566	9	0	0	7	29	0	0	0	29	0	0	6	29	0	0	0	29	0	0	0.866		99.9007	46.734	0.242983	0	2.43225	0.0656278	15.2823	2		0	12.0439	34.9192	0	0	0	
2024-06-30 07:46:49	254	567	9	0	0	7	29	0	0	0	29	0	0	4.75	29	0	0	0	29	0	0	1.948		99.8982	46.7376	0.101595	0	1.01699	0.469349	14.3773	1		0	12.0439	34.9192	0	0	0	
2024-06-30 07:37:37	183	568	5	0	0	1	5	0	0	0	5	0	0	5.5	5	0	0	0	5	0	0	3.897		99.9183	46.5978	0.0722587	0	0.723178	0.022366	20.4474	2		0	12.0439	37.778	0	0	0	
2024-06-30 07:38:04	186	569	5	0	0	1	5	0	0	0	5	0	0	4.25	5	0	0	0	5	0	0	2.814		99.9141	46.6432	0.073911	0	0.739746	0.320924	15.1059	1		0	12.0439	37.3882	0	0	0	
2024-06-30 07:46:24	251	570	1	0	0	6	25	0	0	0	25	0	0	3.25	25	0	0	0	25	0	0	2.381		99.9017	47.572	0.0819959	0	0.820766	0.378707	14.1818	1		0	12.0439	34.9192	0	0	0	
2024-06-30 07:51:36	291	571	1	0	0	0.25	2	0	0	0	2	0	0	1.5	2	0	0	0	2	0	0	1.082		99.8959	47.6792	0.165811	0	1.65984	0.221314	13.0363	1		0	12.0439	34.7893	0	0	0	
2024-06-30 07:47:54	263	572	5	0	0	7	29	0	0	0	29	0	0	0.75	29	0	0	0	29	0	0	5.412		99.896	46.8009	0.0455961	0	0.456436	0.0227906	17.9242	2		0	12.0439	34.9192	0	0	0	
2024-06-30 07:36:34	175	573	5	0	0	0	1	0	0	0	1	0	0	5	1	0	0	0	1	0	0	4.33		99.9141	46.9024	0.049903	0	0.499459	0.00154317	15.691	1		0	12.0439	38.4277	0	0	0	
2024-06-30 07:35:49	169	574	1	0	0	0	1	0	0	0	1	0	0	3.75	1	0	0	0	1	0	0	3.247		99.9151	46.8372	0.0639823	0	0.640366	0.206683	15.0883	2		0	12.0439	39.5972	0	0	0	
2024-06-30 07:55:25	322	575	9	0	0	7.5	31	0	0	0	31	0	0	6.25	31	0	0	0	31	0	0	1.082		99.8947	46.4078	0.186704	0	1.86901	0.47824	14.6792	1		0	12.0439	34.6593	0	0	0	
2024-06-30 07:52:39	300	576	9	0	0	6.25	26	0	0	0	26	0	0	7.5	26	0	0	0	26	0	0	1.082		99.8974	47.5506	0.188375	0	1.88569	0.10686	14.8101	1		0	11.9375	34.7893	0	0	0	
2024-06-30 07:45:47	246	577	9	0	0	6	25	0	0	0	25	0	0	7.25	25	0	0	0	25	0	0	1.082		99.9024	47.5905	0.196902	0	1.97094	0.415738	15.4797	1		0	12.0439	35.0491	0	0	0	
2024-06-30 07:49:17	274	578	5	0	0	7.75	32	0	0	0	32	0	0	1.5	32	0	0	0	32	0	0	5.412		99.8944	46.5527	0.0393811	0	0.394227	0.496296	15.4813	1		0	12.0439	34.9192	0	0	0	
2024-06-30 07:43:31	230	579	9	0	0	5	21	0	0	0	21	0	0	5.75	21	0	0	0	21	0	0	0.649		99.8982	47.6593	0.333316	0	3.33656	0.149911	15.7232	1		0	12.0439	35.439	0	0	0	
2024-06-30 07:44:11	235	580	5	0	0	5	21	0	0	0	21	0	0	4.5	21	0	0	0	21	0	0	0.433		99.9015	47.7265	0.494963	0	4.95451	0.191833	15.5651	1		0	12.0439	35.309	0	0	0	
2024-06-30 07:40:26	205	581	1	0	0	3	13	0	0	0	13	0	0	1.25	13	0	0	0	13	0	0	1.515		99.9061	47.8271	0.121578	0	1.21692	0.277046	13.3808	1		0	12.0439	36.2187	0	0	0	
2024-06-30 07:37:20	181	582	1	0	0	1	5	0	0	0	5	0	0	2.25	5	0	0	0	5	0	0	1.082		99.9166	46.6165	0.165185	0	1.65323	0.281608	12.9844	1		0	12.0439	38.0379	0	0	0	
2024-06-30 07:51:29	290	583	1	0	0	0.5	3	0	0	0	3	0	0	1.25	3	0	0	0	3	0	0	0.649		99.8929	47.7082	0.3096	0	3.09932	0.439861	14.6052	1		0	12.0439	34.7893	0	0	0	
2024-06-30 07:50:08	281	584	9	0	0	2.5	11	0	0	0	11	0	0	5.25	11	0	0	0	11	0	0	2.381		99.8945	47.3908	0.111172	0	1.11289	2.56027	19.2293	4		0	11.9375	34.7893	0	0	0	
2024-06-30 07:48:56	271	585	5	0	0	7.75	32	0	0	0	32	0	0	7.5	32	0	0	0	32	0	0	0.216		99.8939	46.5803	1.01878	0	10.1987	0.223567	16.02	1		0	12.0439	34.9192	0	0	0	
2024-06-30 07:48:34	268	586	5	0	0	7.75	32	0	0	0	32	0	0	6.25	32	0	0	0	32	0	0	1.299		99.8987	46.5897	0.157363	0	1.57522	0.264776	14.8461	1		0	12.0439	34.9192	0	0	0	
2024-06-30 07:52:47	301	587	1	0	0	4.25	18	0	0	0	18	0	0	3.5	18	0	0	0	18	0	0	0.649		99.8951	47.8229	0.322552	0	3.2289	0.107154	15.2159	1		0	12.0439	34.7893	0	0	0	
2024-06-30 07:45:23	243	588	1	0	0	6	25	0	0	0	25	0	0	2.25	25	0	0	0	25	0	0	3.247		99.8969	47.6279	0.0639428	0	0.640088	0.0243275	15.0817	1		0	12.0439	35.0491	0	0	0	
2024-06-30 07:54:57	318	589	9	0	0	5.25	22	0	0	0	22	0	0	4.5	22	0	0	0	22	0	0	0.649		99.8948	47.6674	0.332426	0	3.32776	0.241973	15.6817	1		0	12.0439	34.9192	0	0	0	
2024-06-30 07:42:31	222	590	5	0	0	4	17	0	0	0	17	0	0	5.75	17	0	0	0	17	0	0	1.515		99.9014	47.6761	0.126868	0	1.26993	0.0757414	13.9636	1		0	12.0439	35.5689	0	0	0	
2024-06-30 07:42:02	218	591	9	0	0	4	17	0	0	0	17	0	0	4.5	17	0	0	0	17	0	0	0.433		99.8978	47.6534	0.535352	0	5.35899	0.111772	16.8358	1		0	12.0439	35.6989	0	0	0	
2024-06-30 07:36:58	178	592	1	0	0	0	1	0	0	0	1	0	0	2	1	0	0	0	1	0	0	1.732		99.9137	46.9286	0.175758	0	1.75909	0.382013	22.1054	1		0	12.0439	38.1678	0	0	0	
2024-06-30 07:39:08	195	593	5	0	0	2	9	0	0	0	9	0	0	7.5	9	0	0	0	9	0	0	4.762		99.9079	47.03	0.0454705	0	0.455124	0.248084	15.728	1		0	12.0439	36.8684	0	0	0	
2024-06-30 07:39:39	199	594	5	0	0	2	9	0	0	0	9	0	0	6.25	9	0	0	0	9	0	0	3.68		99.9067	47.0267	0.0609012	0	0.609581	0.193921	16.278	1		0	12.0439	36.6085	0	0	0	
2024-06-30 07:47:18	258	595	5	0	0	7	29	0	0	0	29	0	0	5.25	29	0	0	0	29	0	0	1.515		99.8975	46.7609	0.129188	0	1.2932	0.432524	14.2195	1		0	12.0439	34.9192	0	0	0	
2024-06-30 07:46:31	252	596	9	0	0	7	29	0	0	0	29	0	0	4	29	0	0	0	29	0	0	2.598		99.9041	46.7623	0.0757225	0	0.757952	0.220696	14.2871	1		0	12.0439	34.9192	0	0	0	
2024-06-30 07:38:25	189	597	1	0	0	1	5	0	0	0	5	0	0	3.5	5	0	0	0	5	0	0	2.165		99.9107	46.6872	0.0855455	0	0.856219	0.17228	13.4495	1		0	12.0439	37.2582	0	0	0	
2024-06-30 07:46:02	248	598	1	0	0	6	25	0	0	0	25	0	0	2.5	25	0	0	0	25	0	0	3.031		99.9008	47.5894	0.0752918	0	0.753666	0.974451	16.574	1		0	12.0439	34.9192	0	0	0	
2024-06-30 07:54:50	317	599	1	0	0	3.75	16	0	0	0	16	0	0	2	16	0	0	0	16	0	0	1.515		99.897	47.5673	0.133169	0	1.33306	0.11551	14.6578	1		0	12.0439	34.9192	0	0	0	
2024-06-30 07:44:43	239	600	5	0	0	5	21	0	0	0	21	0	0	2	21	0	0	0	21	0	0	2.598		99.8999	47.5994	0.0791433	0	0.792226	0.00216761	14.9331	2		0	12.0439	35.1791	0	0	0	
2024-06-30 07:40:12	203	601	1	0	0	2	9	0	0	0	9	0	0	1.75	9	0	0	0	9	0	0	0.216		99.9047	47.0575	0.888491	0	8.89339	0.0573094	13.9697	1		0	12.0439	36.2187	0	0	0	
2024-06-30 07:47:18	258	602	1	0	0	7	29	0	0	0	29	0	0	0	29	0	0	0	29	0	0	6.061		99.8975	46.7609	0.0394175	0	0.39458	0.291151	17.3545	1		0	12.0439	34.9192	0	0	0	
2024-06-30 07:36:20	173	603	1	0	0	0	1	0	0	0	1	0	0	3	1	0	0	0	1	0	0	2.598		99.9122	46.8628	0.0790957	0	0.791652	0.506321	14.9223	1		0	12.0439	38.9475	0	0	0	
2024-06-30 07:41:10	211	604	5	0	0	3	13	0	0	0	13	0	0	7	13	0	0	0	13	0	0	3.464		99.9038	47.8121	0.05935	0	0.594071	0.0150678	14.9306	2		0	12.0439	35.9588	0	0	0	
2024-06-30 07:45:37	245	605	5	0	0	6	25	0	0	0	25	0	0	7.75	25	0	0	0	25	0	0	1.515		99.9012	47.5425	0.13538	0	1.35514	0.0513433	14.9006	2		0	12.0439	34.9192	0	0	0	
2024-06-30 07:45:30	244	606	9	0	0	6	25	0	0	0	25	0	0	6.5	25	0	0	0	25	0	0	0.433		99.8981	47.5762	0.545728	0	5.46284	0.0926338	17.162	1		0	12.0439	35.0491	0	0	0	
2024-06-30 07:49:33	276	607	1	0	0	7.75	32	0	0	0	32	0	0	0.75	32	0	0	0	32	0	0	6.061		99.8961	46.5617	0.038763	0	0.388033	0.443164	17.0666	1		0	12.0439	34.7893	0	0	0	
2024-06-30 07:43:38	231	608	1	0	0	5	21	0	0	0	21	0	0	3.75	21	0	0	0	21	0	0	1.082		99.8995	47.6628	0.180524	0	1.80705	0.232292	14.1926	1		0	12.0439	35.309	0	0	0	
2024-06-30 07:40:41	207	609	1	0	0	3	13	0	0	0	13	0	0	0.5	13	0	0	0	13	0	0	2.165		99.9032	47.8115	0.0888585	0	0.889445	0.294709	13.9714	1		0	12.0439	35.9588	0	0	0	
2024-06-30 07:38:04	186	610	1	0	0	1	5	0	0	0	5	0	0	1.5	5	0	0	0	5	0	0	0.433		99.9141	46.6432	0.483142	0	4.83557	0.145177	15.1914	1		0	12.0439	37.3882	0	0	0	
2024-06-30 07:56:29	330	611	1	0	0	2	9	0	0	5.75	9	0	0	3.25	9	0	0	4.5	9	0	0	0.649		99.8987	22.7121	0.146369	0	1.46517	0.0898572	11.5075	2		0	12.0439	34.9192	0	0	0	
2024-06-30 07:42:46	224	612	5	0	0	4	17	0	0	0	17	0	0	1.75	17	0	0	0	17	0	0	1.948		99.8986	47.6328	0.0968757	0	0.969741	0.187547	13.7094	1		0	12.0439	35.439	0	0	0	
2024-06-30 07:51:50	293	613	1	0	0	2.5	11	0	0	0	11	0	0	3.25	11	0	0	0	11	0	0	0.649		99.8985	47.4838	0.308149	0	3.08462	0.0407732	14.5359	1		0	12.0439	34.7893	0	0	0	
2024-06-30 07:48:19	266	614	9	0	0	7.75	32	0	0	0	32	0	0	5.5	32	0	0	0	32	0	0	1.948		99.9009	46.5478	0.103129	0	1.03231	0.466114	14.594	1		0	12.0439	34.7893	0	0	0	
2024-06-30 07:48:26	267	615	5	0	0	7.75	32	0	0	0	32	0	0	4.25	32	0	0	0	32	0	0	3.031		99.8991	46.5734	0.0654833	0	0.655494	0.220497	14.4151	1		0	12.0439	34.9192	0	0	0	
2024-06-30 07:45:16	242	616	1	0	0	6	25	0	0	0	25	0	0	1.5	25	0	0	0	25	0	0	3.897		99.9022	47.647	0.0566473	0	0.567028	0.579411	16.0323	1		0	12.0439	35.0491	0	0	0	
2024-06-30 07:42:17	220	617	9	0	0	4	17	0	0	0	17	0	0	5	17	0	0	0	17	0	0	0.866		99.9006	47.6378	0.233235	0	2.33467	0.161022	14.6692	1		0	12.0439	35.5689	0	0	0	
2024-06-30 07:41:55	217	618	1	0	0	4	17	0	0	0	17	0	0	3.75	17	0	0	0	17	0	0	0.216		99.8983	47.691	1.02996	0	10.3101	0.258995	16.1951	1		0	12.0439	35.6989	0	0	0	
2024-06-30 07:36:27	174	619	1	0	0	0	1	0	0	0	1	0	0	1.25	1	0	0	0	1	0	0	1.082		99.9139	46.8805	0.165901	0	1.66044	0.26061	13.0411	1		0	12.0439	38.8176	0	0	0	
2024-06-30 07:39:15	196	620	5	0	0	2	9	0	0	0	9	0	0	5.5	9	0	0	0	9	0	0	3.031		99.9052	47.0003	0.137771	0	1.37902	0.274859	30.3262	2		0	12.0439	36.8684	0	0	0	
2024-06-30 07:38:47	192	621	1	0	0	2	9	0	0	0	9	0	0	4.25	9	0	0	0	9	0	0	1.948		99.9101	47.0145	0.100099	0	1.00189	0.288671	14.1639	1		0	11.9464	36.9983	0	0	0	
2024-06-30 07:47:47	262	622	5	0	0	7	29	0	0	0	29	0	0	3.25	29	0	0	0	29	0	0	3.247		99.8952	46.919	0.0618184	0	0.618833	0.0491879	14.5809	1		0	12.0439	34.9192	0	0	0	
2024-06-30 07:38:18	188	623	5	0	0	1	5	0	0	0	5	0	0	2.75	5	0	0	0	5	0	0	1.515		99.9178	46.6585	0.118663	0	1.1876	0.138368	13.0584	1		0	12.0439	37.2582	0	0	0	
2024-06-30 07:35:49	169	624	9	0	0	0	1	0	0	0	1	0	0	7	1	0	0	0	1	0	0	6.061		99.9151	46.8372	0.0388655	0	0.388985	0.211219	17.1085	2		0	12.0439	39.5972	0	0	0	
2024-06-30 07:44:18	236	625	5	0	0	5	21	0	0	0	21	0	0	1.25	21	0	0	0	21	0	0	3.247		99.8983	47.6259	0.0737098	0	0.737849	0.152438	17.3852	2		0	12.0439	35.1791	0	0	0	
2024-06-30 07:40:04	202	626	5	0	0	2	9	0	0	0	9	0	0	1	9	0	0	0	9	0	0	0.866		99.9058	47.1087	0.210181	0	2.10379	0.219746	13.2185	1		0	12.0439	35.9588	0	0	0	
2024-06-30 07:40:34	206	627	9	0	0	3	13	0	0	0	13	0	0	7.5	13	0	0	0	13	0	0	3.897		99.9056	47.807	0.0532506	0	0.533009	0.20634	15.0705	1		0.0088623	12.0439	36.2187	0	0	0	
2024-06-30 07:40:48	208	628	5	0	0	3	13	0	0	0	13	0	0	6.25	13	0	0	0	13	0	0	2.814		99.901	47.7942	0.0792018	0	0.792803	0.4953	16.1893	1		0	12.0439	36.0887	0	0	0	
2024-06-30 07:47:10	257	629	9	0	0	7	29	0	0	0	29	0	0	7.25	29	0	0	0	29	0	0	0.216		99.898	46.7636	0.893694	0	8.94607	0.0808609	14.0525	1		0	12.0439	34.9192	0	0	0	
2024-06-30 07:37:27	182	630	5	0	0	1	5	0	0	0	5	0	0	6.75	5	0	0	0	5	0	0	4.979		99.9199	46.6023	0.0549351	0	0.549792	0.370147	19.8631	2		0	12.0439	37.908	0	0	0	
2024-06-30 07:45:16	242	631	5	0	0	6	25	0	0	0	25	0	0	5.75	25	0	0	0	25	0	0	0.216		99.9022	47.647	0.996908	0	9.97883	0.16788	15.6747	1		0	12.0439	35.0491	0	0	0	
2024-06-30 07:45:54	247	632	5	0	0	6	25	0	0	0	25	0	0	4.5	25	0	0	0	25	0	0	1.299		99.9017	47.5816	0.150933	0	1.51082	0.0523079	14.2391	1		0	12.0439	35.0491	0	0	0	
2024-06-30 07:49:17	274	633	1	0	0	7.75	32	0	0	0	32	0	0	0	32	0	0	0	32	0	0	6.711		99.8944	46.5527	0.0350004	0	0.350374	0.349385	17.0614	1		0	12.0439	34.9192	0	0	0	
2024-06-30 07:44:11	235	634	1	0	0	5	21	0	0	0	21	0	0	3	21	0	0	0	21	0	0	1.732		99.9015	47.7265	0.108669	0	1.08776	0.119397	13.6692	1		0	12.0439	35.309	0	0	0	
2024-06-30 07:38:33	190	635	5	0	0	1	5	0	0	0	5	0	0	0.75	5	0	0	0	5	0	0	0.216		99.9097	46.702	0.913139	0	9.13964	0.262617	14.3565	1		0	12.0439	37.1283	0	0	0	
2024-06-30 07:53:25	306	636	1	0	0	5.75	24	0	0	0	24	0	0	2	24	0	0	0	24	0	0	3.247		99.8912	47.8087	0.0705068	0	0.705836	0.0144548	16.6309	2		0	12.0439	34.6593	0	0	0	
2024-06-30 07:42:02	218	637	1	0	0	4	17	0	0	0	17	0	0	1	17	0	0	0	17	0	0	2.598		99.8978	47.6534	0.0745841	0	0.746604	0.107314	14.0732	1		0	12.0439	35.6989	0	0	0	
2024-06-30 07:49:25	275	638	1	0	0	7.75	32	0	0	0	32	0	0	3.5	32	0	0	0	32	0	0	3.68		99.8971	46.5679	0.0531716	0	0.532264	0.0408159	14.2133	1		0	12.0439	34.6593	0	0	0	
2024-06-30 07:45:30	244	639	1	0	0	6	25	0	0	0	25	0	0	0.75	25	0	0	0	25	0	0	4.546		99.8981	47.5762	0.0544203	0	0.544758	0.752705	17.9698	1		0	12.0439	35.0491	0	0	0	
2024-06-30 07:42:23	221	640	1	0	0	4	17	0	0	0	17	0	0	3	17	0	0	0	17	0	0	0.866		99.897	47.6609	0.222412	0	2.22642	0.415188	13.989	1		0	11.9375	35.5689	0	0	0	
2024-06-30 07:35:58	170	641	1	0	0	0	1	0	0	0	1	0	0	0.5	1	0	0	0	1	0	0	0.433		99.9153	46.8444	0.467086	0	4.67481	0.127686	14.6864	1		0	11.9464	39.2074	0	0	0	
2024-06-30 07:55:39	324	642	1	0	0	3.5	15	0	0	4.25	15	0	0	2.75	15	0	0	5	15	0	0	0.389		99.899	22.3242	0.29308	0	2.93376	0.0317137	13.825	1		0	12.0439	34.9192	0	0	0	
2024-06-30 07:39:01	194	643	1	0	0	2	9	0	0	0	9	0	0	3.5	9	0	0	0	9	0	0	1.299		99.9075	47.0427	0.148807	0	1.48945	0.232024	14.0377	1		0	12.0439	36.8684	0	0	0	
2024-06-30 07:47:25	259	644	1	0	0	7	29	0	0	0	29	0	0	2.5	29	0	0	0	29	0	0	3.897		99.8993	46.7807	0.057898	0	0.579563	0.231031	16.3868	1		0	12.0439	34.9192	0	0	0	
2024-06-30 07:47:33	260	645	1	0	0	7	29	0	0	0	29	0	0	2	29	0	0	0	29	0	0	4.33		99.8951	46.7589	0.0501397	0	0.501924	0.0647338	15.7684	1		0	12.0439	34.9192	0	0	0	
2024-06-30 07:36:12	172	646	9	0	0	0	1	0	0	0	1	0	0	7.5	1	0	0	0	1	0	0	6.494		99.915	46.8569	0.0361626	0	0.361933	0.0569828	17.0557	1		0	12.0439	39.0775	0	0	0	
2024-06-30 07:35:58	170	647	5	0	0	0	1	0	0	0	1	0	0	6.25	1	0	0	0	1	0	0	5.412		99.9153	46.8444	0.0439299	0	0.439672	0.0174443	17.2659	1		0	11.9464	39.2074	0	0	0	
2024-06-30 07:43:21	229	648	1	0	0	5	21	0	0	0	21	0	0	0.5	21	0	0	0	21	0	0	3.897		99.8978	47.6361	0.0616977	0	0.617608	0.494277	17.4625	2		0	12.0439	35.439	0	0	0	
2024-06-30 07:54:14	312	649	1	0	0	1.25	6	0	0	0	6	0	0	0.5	6	0	0	0	6	0	0	0.649		99.8972	47.638	0.309654	0	3.09973	0.0631066	14.6071	1		0	12.0439	34.7893	0	0	0	
2024-06-30 07:43:56	233	650	5	0	0	5	21	0	0	0	21	0	0	7	21	0	0	0	21	0	0	1.732		99.9008	47.6283	0.113393	0	1.13506	0.109612	14.2636	1		0	12.0439	35.309	0	0	0	
2024-06-30 07:39:55	201	651	1	0	0	2	9	0	0	0	9	0	0	0.25	9	0	0	0	9	0	0	1.515		99.9054	47.0063	0.131202	0	1.31326	0.0150673	14.4401	2		0	12.0439	36.4785	0	0	0	
2024-06-30 07:41:55	217	652	9	0	0	4	17	0	0	0	17	0	0	7	17	0	0	0	17	0	0	2.598		99.8983	47.691	0.0767828	0	0.76861	0.186297	14.488	1		0	12.0439	35.6989	0	0	0	
2024-06-30 07:40:41	207	653	9	0	0	3	13	0	0	0	13	0	0	5.5	13	0	0	0	13	0	0	2.165		99.9032	47.8115	0.0995189	0	0.996153	0.522011	15.6475	1		0	12.0439	35.9588	0	0	0	
2024-06-30 07:41:03	210	654	9	0	0	3	13	0	0	0	13	0	0	4.25	13	0	0	0	13	0	0	1.082		99.9031	47.8101	0.174007	0	1.74176	0.178424	13.6797	1		0	12.0439	35.9588	0	0	0	
2024-06-30 07:47:03	256	655	5	0	0	7	29	0	0	0	29	0	0	7.75	29	0	0	0	29	0	0	0.649		99.8956	46.7399	0.358501	0	3.58876	0.176156	16.9116	1		0	12.0439	34.9192	0	0	0	
2024-06-30 07:46:56	255	656	1	0	0	7	29	0	0	0	29	0	0	6.5	29	0	0	0	29	0	0	0.433		99.9018	46.7768	0.534202	0	5.34727	0.247024	16.7989	1		0	12.0439	34.9192	0	0	0	
2024-06-30 07:37:13	180	657	9	0	0	1	5	0	0	0	5	0	0	6	5	0	0	0	5	0	0	4.33		99.9156	46.6001	0.0538197	0	0.538651	0.313168	16.9222	1		0	12.0439	37.908	0	0	0	
2024-06-30 07:37:57	185	658	9	0	0	1	5	0	0	0	5	0	0	4.75	5	0	0	0	5	0	0	3.247		99.9181	46.6129	0.0750078	0	0.750694	0.573465	17.6878	1		0	11.9464	37.5181	0	0	0	
2024-06-30 07:52:04	295	659	9	0	0	4.75	20	0	0	0	20	0	0	5	20	0	0	0	20	0	0	0.216		99.8962	47.6119	0.941841	0	9.4282	0.311315	14.8098	1		0	12.0439	34.7893	0	0	0	
2024-06-30 07:44:53	240	660	9	0	0	6	25	0	0	0	25	0	0	5	25	0	0	0	25	0	0	0.866		99.9003	47.5001	0.233423	0	2.33656	1.10098	14.6811	4		0	12.0439	35.1791	0	0	0	
2024-06-30 07:46:09	249	661	5	0	0	6	25	0	0	0	25	0	0	3.75	25	0	0	0	25	0	0	1.948		99.8983	47.6085	0.0999926	0	1.00094	0.0988458	14.1505	1		0	11.9375	34.9192	0	0	0	
2024-06-30 07:38:33	190	662	1	0	0	1	5	0	0	0	5	0	0	0	5	0	0	0	5	0	0	0.866		99.9097	46.702	0.214755	0	2.1495	0.232875	13.5057	1		0	12.0439	37.1283	0	0	0	
2024-06-30 07:50:57	286	663	9	0	0	0.75	4	0	0	0	4	0	0	7	4	0	0	0	4	0	0	5.412		99.8944	47.8429	0.0426519	0	0.42697	0.883508	16.7671	1		0	12.0439	34.7893	0	0	0	
2024-06-30 07:42:17	220	664	1	0	0	4	17	0	0	0	17	0	0	0.25	17	0	0	0	17	0	0	3.247		99.9006	47.6378	0.060877	0	0.609376	0.241587	14.3581	1		0	12.0439	35.5689	0	0	0	
2024-06-30 07:48:19	266	665	1	0	0	7.75	32	0	0	0	32	0	0	2.75	32	0	0	0	32	0	0	4.33		99.9009	46.5478	0.0479486	0	0.479961	0.0081679	15.0784	1		0	12.0439	34.7893	0	0	0	
2024-06-30 07:45:47	246	666	1	0	0	6	25	0	0	0	25	0	0	0	25	0	0	0	25	0	0	5.195		99.9024	47.5905	0.0590605	0	0.591182	0.148106	22.287	1		0	12.0439	35.0491	0	0	0	
2024-06-30 07:39:46	200	667	5	0	0	2	9	0	0	0	9	0	0	2.75	9	0	0	0	9	0	0	0.649		99.9074	47.0329	0.318055	0	3.18349	0.333999	15.0019	1		0	12.0439	36.4785	0	0	0	
2024-06-30 07:47:47	262	668	1	0	0	7	29	0	0	0	29	0	0	1.25	29	0	0	0	29	0	0	4.979		99.8952	46.919	0.0478387	0	0.478889	0.401899	17.3015	1		0	12.0439	34.9192	0	0	0	
2024-06-30 07:36:20	173	669	5	0	0	0	1	0	0	0	1	0	0	5.5	1	0	0	0	1	0	0	4.762		99.9122	46.8628	0.0742643	0	0.743295	0.82483	25.6864	1		0	12.0439	38.9475	0	0	0	
2024-06-30 07:35:58	170	670	9	0	0	0	1	0	0	0	1	0	0	4.25	1	0	0	0	1	0	0	3.68		99.9153	46.8444	0.0568736	0	0.569218	0.224395	15.2001	1		0	11.9464	39.2074	0	0	0	
