Time	MeasID	DPID	Channel	A(x)	A(y)	A(z)	A(adr)	B(x)	B(y)	B(z)	B(adr)	M(x)	M(y)	M(z)	M(adr)	N(x)	N(y)	N(z)	N(adr)	F(x)	F(y)	F(z)	Note	I(mA)	Uout(V)	U(V)	SP(V)	R(Ohm)	Var(%)	Rho-a(Ohm-m)	Cycles	IP Delay Window(mV/V)	Pint(V)	Pext(V)	T int(deg C)	T log(deg C)	Latitude	Longitude
2024-06-14 22:17:51	1922	3686	1	0	0	7.75	32	0	0	0	32	0	0	2	32	0	0	0	32	0	0	4.979		99.9947	70.8736	0.04185	0	0.418522	0.270005	15.1205	1		0	12.0616	43.3657	0	0	0	
2024-06-14 22:12:52	1884	3687	5	0	0	5	21	0	0	0	21	0	0	7.5	21	0	0	0	21	0	0	2.165		99.9972	71.6084	0.0906079	0	0.906104	0.148747	14.233	1		0	12.0616	43.7555	0	0	0	
2024-06-14 22:12:45	1883	3688	9	0	0	5	21	0	0	0	21	0	0	6.25	21	0	0	0	21	0	0	1.082		99.9954	71.6478	0.197667	0	1.97676	0.264218	15.5254	1		0	12.0616	43.8855	0	0	0	
2024-06-14 22:09:43	1859	3689	1	0	0	3	13	0	0	0	13	0	0	1.75	13	0	0	0	13	0	0	1.082		100.006	72.1561	0.178576	0	1.78565	0.08079	14.0244	2		0	12.0616	44.7951	0	0	0	
2024-06-14 22:17:14	1918	3690	9	0	0	7.75	32	0	0	0	32	0	0	6.75	32	0	0	0	32	0	0	0.866		99.9927	70.214	0.250254	0	2.50273	0.0719009	15.7251	2		0.0088623	12.0705	43.4956	0	0	0	
2024-06-14 22:23:50	1968	3691	1	0	0	3.25	14	0	0	0	14	0	0	2.5	14	0	0	0	14	0	0	0.649		99.987	69.8444	0.312256	0	3.12296	0.650507	14.7166	1		0	12.0616	43.3657	0	0	0	
2024-06-14 22:11:39	1874	3692	9	0	0	4	17	0	0	0	17	0	0	7.5	17	0	0	0	17	0	0	3.031		99.9993	71.6118	0.0661321	0	0.661326	0.100303	14.5433	1		0.0088623	12.0616	44.2753	0	0	0	
2024-06-14 22:11:39	1874	3693	5	0	0	4	17	0	0	0	17	0	0	6.25	17	0	0	0	17	0	0	1.948		99.9993	71.6118	0.102357	0	1.02357	0.153989	14.4704	1		0.0088623	12.0616	44.2753	0	0	0	
2024-06-14 22:10:39	1866	3694	5	0	0	3	13	0	0	0	13	0	0	3.5	13	0	0	0	13	0	0	0.433		100.006	72.4274	0.482508	0	4.82479	0.317939	15.1575	1		0.0088623	12.0616	44.4052	0	0	0	
2024-06-14 22:08:37	1851	3695	9	0	0	2	9	0	0	0	9	0	0	6.75	9	0	0	0	9	0	0	4.113		100.009	72.2813	0.0530741	0	0.530691	0.287231	15.8385	1		0	12.0616	45.1849	0	0	0	
2024-06-14 22:15:50	1907	3696	1	0	0	7	29	0	0	0	29	0	0	5.75	29	0	0	0	29	0	0	1.082		99.9976	71.0295	0.196968	0	1.96973	0.492332	15.4702	1		0	12.0616	43.2357	0	0	0	
2024-06-14 22:15:42	1906	3697	9	0	0	7	29	0	0	0	29	0	0	4.5	29	0	0	0	29	0	0	2.165		99.9939	70.9493	0.091285	0	0.912905	0.0187094	14.3399	1		0.0088623	12.0616	43.6256	0	0	0	
2024-06-14 22:06:45	1836	3698	1	0	0	1	5	0	0	0	5	0	0	5.25	5	0	0	0	5	0	0	3.68		100.011	73.395	0.0606657	0	0.606589	0.0327944	16.1981	1		0	12.0616	46.0945	0	0	0	
2024-06-14 22:06:45	1836	3699	5	0	0	1	5	0	0	0	5	0	0	4	5	0	0	0	5	0	0	2.598		100.011	73.395	0.0733816	0	0.733734	0.0351388	13.8306	1		0	12.0616	46.0945	0	0	0	
2024-06-14 22:22:12	1956	3700	1	0	0	4.75	20	0	0	0	20	0	0	3	20	0	0	0	20	0	0	1.515		99.9896	69.9722	0.127266	0	1.27279	0.207651	13.9951	1		0.0088623	12.0616	43.2357	0	0	0	
2024-06-14 22:15:20	1903	3701	1	0	0	6	25	0	0	0	25	0	0	3	25	0	0	0	25	0	0	2.598		99.9946	70.809	0.0779373	0	0.779415	0.117276	14.6916	1		0	12.0616	43.6256	0	0	0	
2024-06-14 22:08:52	1853	3702	5	0	0	2	9	0	0	0	9	0	0	2.25	9	0	0	0	9	0	0	0.216		100.007	72.185	0.772846	0	7.72794	0.277003	12.139	1		0	12.0705	45.1849	0	0	0	
2024-06-14 22:16:30	1912	3703	5	0	0	7	29	0	0	0	29	0	0	0.5	29	0	0	0	29	0	0	5.628		99.9924	70.9208	0.0441953	0	0.441987	0.476085	18.0511	1		0	12.0705	43.4956	0	0	0	
2024-06-14 22:05:50	1830	3704	5	0	0	0	1	0	0	0	1	0	0	3.5	1	0	0	0	1	0	0	3.031		100.011	74.6706	0.0703451	0	0.703374	0.643185	15.468	1		0.0088623	12.0616	46.8742	0	0	0	
2024-06-14 22:23:43	1967	3705	1	0	0	1.75	8	0	0	0	8	0	0	0	8	0	0	0	8	0	0	1.515		99.9893	69.6109	0.123139	0	1.23152	0.044855	13.5413	1		0	12.0616	43.2357	0	0	0	
2024-06-14 22:14:18	1895	3706	5	0	0	6	25	0	0	0	25	0	0	7	25	0	0	0	25	0	0	0.866		99.9915	71.121	0.26016	0	2.60182	0.433738	16.3477	1		0	12.0705	43.7555	0	0	0	
2024-06-14 22:22:59	1961	3707	1	0	0	6.5	27	0	0	0	27	0	0	1.25	27	0	0	0	27	0	0	4.546		99.9887	69.824	0.055716	0	0.557223	0.224794	18.3809	1		0	12.0616	43.2357	0	0	0	
2024-06-14 22:18:05	1924	3708	1	0	0	7.75	32	0	0	0	32	0	0	1.25	32	0	0	0	32	0	0	5.628		99.9949	70.5407	0.039096	0	0.39098	0.315027	15.9679	1		0	12.0616	43.3657	0	0	0	
2024-06-14 22:12:30	1881	3709	9	0	0	5	21	0	0	0	21	0	0	5.5	21	0	0	0	21	0	0	0.433		99.9971	71.8245	0.499951	0	4.99966	0.587236	15.7069	1		0.0088623	12.0705	44.0154	0	0	0	
2024-06-14 22:12:23	1880	3710	9	0	0	5	21	0	0	0	21	0	0	4.25	21	0	0	0	21	0	0	0.649		100	71.6951	0.334073	0	3.34072	0.980418	15.7428	1		0.0088623	12.0616	44.0154	0	0	0	
2024-06-14 22:10:02	1861	3711	1	0	0	3	13	0	0	0	13	0	0	1	13	0	0	0	13	0	0	1.732		100.008	72.8355	0.106123	0	1.06115	0.115616	13.3348	1		0.0088623	12.0616	44.6651	0	0	0	
2024-06-14 22:07:36	1843	3712	5	0	0	1	5	0	0	0	5	0	0	2	5	0	0	0	5	0	0	0.866		100.009	72.8355	0.222257	0	2.22237	0.182317	13.9636	1		0	12.0616	45.7047	0	0	0	
2024-06-14 22:19:33	1936	3713	9	0	0	1.75	8	0	0	0	8	0	0	6	8	0	0	0	8	0	0	3.68		99.9917	70.3031	0.0615182	0	0.615233	0.430206	16.4289	1		0.0088623	12.0616	43.2357	0	0	0	
2024-06-14 22:11:01	1869	3714	1	0	0	4	17	0	0	0	17	0	0	2.25	17	0	0	0	17	0	0	1.515		100.004	71.6767	0.124083	0	1.24078	0.256146	13.6431	1		0	12.0705	44.2753	0	0	0	
2024-06-14 22:17:51	1922	3715	9	0	0	7.75	32	0	0	0	32	0	0	6	32	0	0	0	32	0	0	1.515		99.9947	70.8736	0.13298	0	1.32987	0.0945764	14.6227	1		0	12.0616	43.3657	0	0	0	
2024-06-14 22:17:25	1919	3716	1	0	0	7.75	32	0	0	0	32	0	0	4.75	32	0	0	0	32	0	0	2.598		99.9924	71.5776	0.0738083	0	0.738139	0.417376	13.9136	1		0	12.0705	43.3657	0	0	0	
2024-06-14 22:14:50	1899	3717	1	0	0	6	25	0	0	0	25	0	0	2	25	0	0	0	25	0	0	3.464		99.9977	71.0738	0.0651865	0	0.651881	0.00426296	16.3835	1		0.0088623	12.0705	43.6256	0	0	0	
2024-06-14 22:10:54	1868	3718	5	0	0	4	17	0	0	0	17	0	0	5.5	17	0	0	0	17	0	0	1.299		100.003	71.7408	0.160372	0	1.60367	0.345661	15.1142	1		0.0088623	12.0705	44.2753	0	0	0	
2024-06-14 22:11:24	1872	3719	9	0	0	4	17	0	0	0	17	0	0	4.25	17	0	0	0	17	0	0	0.216		100.003	71.8	0.877807	0	8.77785	0.0917833	13.7882	1		0.0088623	12.0705	44.2753	0	0	0	
2024-06-14 22:05:20	1826	3720	1	0	0	0	1	0	0	0	1	0	0	1.75	1	0	0	0	1	0	0	1.515		100.014	75.4527	0.122553	0	1.22535	0.0570421	13.4734	1		0	12.0616	47.394	0	0	0	
2024-06-14 22:24:52	1976	3721	1	0	0	3.75	16	0	0	4	16	0	0	3.5	16	0	0	4.25	16	0	0	0.13		99.995	18.2406	0.614518	0	6.14549	0.182598	9.65331	1		0.0088623	12.0616	43.3657	0	0	0	
2024-06-14 22:10:31	1865	3722	1	0	0	3	13	0	0	0	13	0	0	2.75	13	0	0	0	13	0	0	0.216		100.005	72.5361	0.773146	0	7.73109	0.363506	12.144	1		0	12.0616	44.4052	0	0	0	
2024-06-14 22:08:23	1849	3723	9	0	0	2	9	0	0	0	9	0	0	6	9	0	0	0	9	0	0	3.464		100.005	72.4835	0.0650156	0	0.650125	0.205767	16.3394	1		0.0088623	12.0705	45.3149	0	0	0	
2024-06-14 22:07:57	1846	3724	5	0	0	2	9	0	0	0	9	0	0	4.75	9	0	0	0	9	0	0	2.381		100.003	72.8538	0.0831053	0	0.831028	0.0128651	14.3591	1		0.0088623	12.0616	45.3149	0	0	0	
2024-06-14 22:15:34	1905	3725	5	0	0	7	29	0	0	0	29	0	0	5	29	0	0	0	29	0	0	1.732		99.9926	70.8793	0.114446	0	1.14454	0.472504	14.3827	1		0.0088623	12.0616	43.4956	0	0	0	
2024-06-14 22:15:34	1905	3726	1	0	0	7	29	0	0	0	29	0	0	3.75	29	0	0	0	29	0	0	2.814		99.9926	70.8793	0.070561	0	0.705662	0.315873	14.4099	1		0.0088623	12.0616	43.4956	0	0	0	
2024-06-14 22:06:34	1835	3727	1	0	0	1	5	0	0	0	5	0	0	3.25	5	0	0	0	5	0	0	1.948		100.012	73.2452	0.0940853	0	0.940738	0.0188851	13.2994	2		0.0088623	11.9552	46.2245	0	0	0	
2024-06-14 22:19:11	1933	3728	9	0	0	2.75	12	0	0	0	12	0	0	5	12	0	0	0	12	0	0	1.948		99.9904	70.1016	0.0969609	0	0.969702	0.307187	13.7088	1		0.0088623	12.0616	43.3657	0	0	0	
2024-06-14 22:12:30	1881	3729	1	0	0	5	21	0	0	0	21	0	0	1.75	21	0	0	0	21	0	0	2.814		99.9971	71.8245	0.0732672	0	0.732693	0.0594796	14.9619	1		0.0088623	12.0705	44.0154	0	0	0	
2024-06-14 22:08:59	1854	3730	1	0	0	2	9	0	0	0	9	0	0	1.5	9	0	0	0	9	0	0	0.433		100.007	72.3441	0.459436	0	4.59405	0.248515	14.4326	1		0	11.9552	45.055	0	0	0	
2024-06-14 22:04:28	1820	3731	1	0	0	0	1	0	0	0	1	0	0	2.75	1	0	0	0	1	0	0	2.381		100.011	79.3115	0.105665	0	1.05653	0.694807	18.2556	1		0.0088623	12.0793	48.3036	0	0	0	
2024-06-14 22:19:04	1932	3732	9	0	0	3.25	14	0	0	0	14	0	0	4.5	14	0	0	0	14	0	0	1.082		99.9897	70.4956	0.185984	0	1.86003	0.350031	14.6087	1		0.0088623	12.0705	43.3657	0	0	0	
2024-06-14 22:09:54	1860	3733	9	0	0	3	13	0	0	0	13	0	0	6.75	13	0	0	0	13	0	0	3.247		100.007	73.3813	0.0644684	0	0.644638	0.237315	15.1889	1		0	12.0616	44.5352	0	0	0	
2024-06-14 22:06:34	1835	3734	5	0	0	1	5	0	0	0	5	0	0	7.25	5	0	0	0	5	0	0	5.412		100.012	73.2452	0.0596019	0	0.595947	0.350376	23.4028	2		0.0088623	11.9552	46.2245	0	0	0	
2024-06-14 22:14:32	1897	3735	5	0	0	6	25	0	0	0	25	0	0	7.5	25	0	0	0	25	0	0	1.299		99.9963	70.6489	0.158271	0	1.58276	0.00829617	14.9172	2		0	12.0616	43.6256	0	0	0	
2024-06-14 22:14:02	1893	3736	5	0	0	6	25	0	0	0	25	0	0	6.25	25	0	0	0	25	0	0	0.216		99.9942	71.3011	0.856698	0	8.56748	0.653586	13.4578	1		0.0088623	12.0616	43.7555	0	0	0	
2024-06-14 22:18:20	1926	3737	1	0	0	7.75	32	0	0	0	32	0	0	0.5	32	0	0	0	32	0	0	6.278		99.9957	70.6642	0.0364288	0	0.364304	0.420955	16.5952	1		0	12.0616	43.3657	0	0	0	
2024-06-14 22:13:40	1890	3738	5	0	0	5	21	0	0	0	21	0	0	3.5	21	0	0	0	21	0	0	1.299		99.993	71.4546	0.150835	0	1.50846	0.168217	14.2169	1		0	12.0616	43.6256	0	0	0	
2024-06-14 22:10:24	1864	3739	1	0	0	3	13	0	0	0	13	0	0	0.25	13	0	0	0	13	0	0	2.381		100.007	72.5102	0.0779718	0	0.77966	0.0366045	13.4716	1		0.0088623	12.0616	44.5352	0	0	0	
2024-06-14 22:07:29	1842	3740	5	0	0	1	5	0	0	0	5	0	0	1.25	5	0	0	0	5	0	0	0.216		100.012	72.9035	0.770864	0	7.70771	0.223848	12.1072	1		0.0088623	12.0616	45.8346	0	0	0	
2024-06-14 22:12:08	1878	3741	1	0	0	4	17	0	0	0	17	0	0	1.5	17	0	0	0	17	0	0	2.165		99.9992	71.3352	0.0857748	0	0.857754	0.0159072	13.4736	1		0	12.0705	44.1454	0	0	0	
2024-06-14 22:19:41	1937	3742	9	0	0	1.5	7	0	0	0	7	0	0	6.25	7	0	0	0	7	0	0	4.113		99.9936	69.8492	0.0543	0	0.543035	0.00194999	16.2069	1		0.0088623	12.0616	43.3657	0	0	0	
2024-06-14 22:17:43	1921	3743	5	0	0	7.75	32	0	0	0	32	0	0	5.25	32	0	0	0	32	0	0	2.165		99.99	70.4833	0.088006	0	0.880148	0.0811376	13.8253	1		0.0088623	12.0705	43.3657	0	0	0	
2024-06-14 22:17:07	1917	3744	5	0	0	7.75	32	0	0	0	32	0	0	4	32	0	0	0	32	0	0	3.247		99.9968	70.7309	0.0592479	0	0.592498	0.211593	13.9604	1		0.0088623	12.0616	43.4956	0	0	0	
2024-06-14 22:14:57	1900	3745	5	0	0	6	25	0	0	0	25	0	0	1.25	25	0	0	0	25	0	0	4.113		99.9965	71.0339	0.0585585	0	0.585605	0.140125	17.4775	1		0	12.0616	43.6256	0	0	0	
2024-06-14 22:12:00	1877	3746	5	0	0	4	17	0	0	0	17	0	0	3.5	17	0	0	0	17	0	0	0.433		100	71.433	0.513787	0	5.13786	0.267079	16.1411	1		0	12.0616	44.0154	0	0	0	
2024-06-14 22:05:57	1831	3747	1	0	0	0	1	0	0	0	1	0	0	1	1	0	0	0	1	0	0	0.866		100.011	74.6606	0.22939	0	2.29364	0.182114	14.4114	1		0	12.0705	46.6143	0	0	0	
2024-06-14 22:08:05	1847	3748	9	0	0	2	9	0	0	0	9	0	0	5.25	9	0	0	0	9	0	0	2.814		100.006	72.8603	0.0773859	0	0.77381	0.259787	15.8015	1		0.0088623	12.0705	45.3149	0	0	0	
2024-06-14 22:07:43	1844	3749	9	0	0	2	9	0	0	0	9	0	0	4	9	0	0	0	9	0	0	1.732		100.005	72.9254	0.109506	0	1.095	0.267087	13.7602	1		0.0088623	12.0705	45.5748	0	0	0	
2024-06-14 22:23:58	1969	3750	1	0	0	3.5	15	0	0	0	15	0	0	2.25	15	0	0	0	15	0	0	1.082		99.9887	69.367	0.179833	0	1.79853	0.410093	14.1256	1		0.0088623	12.0616	43.2357	0	0	0	
2024-06-14 22:16:38	1913	3751	5	0	0	7	29	0	0	0	29	0	0	3	29	0	0	0	29	0	0	3.464		99.9915	70.8355	0.0590731	0	0.590781	0.258564	14.8479	1		0.0088623	12.0616	43.4956	0	0	0	
2024-06-14 22:06:53	1837	3752	1	0	0	1	5	0	0	0	5	0	0	2.5	5	0	0	0	5	0	0	1.299		100.009	73.6678	0.144357	0	1.44343	0.0123432	13.6041	1		0.0088623	12.0705	45.9646	0	0	0	
2024-06-14 22:04:40	1821	3753	5	0	0	0	1	0	0	0	1	0	0	6.75	1	0	0	0	1	0	0	5.845		100.016	78.7286	0.040752	0	0.407456	0.747969	17.2808	1		0.0088623	12.0705	48.3036	0	0	0	
2024-06-14 22:20:48	1945	3754	1	0	0	2.75	12	0	0	0	12	0	0	3	12	0	0	0	12	0	0	0.216		99.9899	69.7152	0.771678	0	7.71756	0.566178	12.1227	1		0.0088623	12.0616	43.3657	0	0	0	
2024-06-14 22:12:45	1883	3755	1	0	0	5	21	0	0	0	21	0	0	1	21	0	0	0	21	0	0	3.464		99.9954	71.6478	0.0628431	0	0.62846	0.284606	15.7949	1		0	12.0616	43.8855	0	0	0	
2024-06-14 22:26:09	1985	3756	1	0	0	0.5	3	0	0	7.25	3	0	0	2.75	3	0	0	5	3	0	0	1.168		100.002	20.3306	0.0810297	0	0.81028	0.00933316	11.4551	2		0.0088623	12.0705	43.3657	0	0	0	
2024-06-14 22:21:32	1951	3757	9	0	0	6.75	28	0	0	0	28	0	0	7	28	0	0	0	28	0	0	0.216		99.9906	70.3893	0.816703	0	8.1678	0.65547	12.8299	1		0	12.0616	43.2357	0	0	0	
2024-06-14 22:07:43	1844	3758	1	0	0	2	9	0	0	0	9	0	0	0.75	9	0	0	0	9	0	0	1.082		100.005	72.9254	0.172137	0	1.72128	0.584486	13.5189	1		0.0088623	12.0705	45.5748	0	0	0	
2024-06-14 22:09:14	1856	3759	5	0	0	3	13	0	0	0	13	0	0	6	13	0	0	0	13	0	0	2.598		100.008	71.6719	0.0789342	0	0.789279	0.078486	14.8776	4		0.0088623	12.0616	44.7951	0	0	0	
2024-06-14 22:09:28	1857	3760	9	0	0	3	13	0	0	0	13	0	0	4.75	13	0	0	0	13	0	0	1.515		100.007	74.6346	0.127958	0	1.27948	0.320801	14.0686	1		0.0088623	12.0705	44.925	0	0	0	
2024-06-14 22:06:53	1837	3761	5	0	0	1	5	0	0	0	5	0	0	7.75	5	0	0	0	5	0	0	5.845		100.009	73.6678	0.0390665	0	0.390629	0.41985	16.5672	1		0.0088623	12.0705	45.9646	0	0	0	
2024-06-14 22:06:20	1833	3762	5	0	0	1	5	0	0	0	5	0	0	6.5	5	0	0	0	5	0	0	4.762		100.009	75.6885	0.0518187	0	0.518141	0.098834	17.9057	1		0.0088623	12.0705	46.4844	0	0	0	
2024-06-14 22:14:43	1898	3763	5	0	0	6	25	0	0	0	25	0	0	5.5	25	0	0	0	25	0	0	0.433		99.9975	71.3696	0.512882	0	5.12895	0.482298	16.1131	1		0	12.0616	43.4956	0	0	0	
2024-06-14 22:14:02	1893	3764	9	0	0	6	25	0	0	0	25	0	0	4.25	25	0	0	0	25	0	0	1.515		99.9942	71.3011	0.134475	0	1.34483	0.175959	14.7871	1		0.0088623	12.0616	43.7555	0	0	0	
2024-06-14 22:13:15	1887	3765	1	0	0	5	21	0	0	0	21	0	0	2.75	21	0	0	0	21	0	0	1.948		99.9923	71.0964	0.0968211	0	0.968285	0.0438526	13.6888	2		0	11.9552	43.8855	0	0	0	
2024-06-14 22:07:21	1841	3766	1	0	0	1	5	0	0	0	5	0	0	0.5	5	0	0	0	5	0	0	0.433		100.012	73.0432	0.480764	0	4.80708	0.316562	15.1019	1		0.0088623	12.0616	45.8346	0	0	0	
2024-06-14 22:11:53	1876	3767	5	0	0	4	17	0	0	0	17	0	0	0.75	17	0	0	0	17	0	0	2.814		99.9966	71.306	0.0692146	0	0.69217	0.0388518	14.1344	1		0	12.0616	44.1454	0	0	0	
2024-06-14 22:18:29	1927	3768	1	0	0	7.75	32	0	0	0	32	0	0	3.25	32	0	0	0	32	0	0	3.897		99.9948	70.7358	0.0499478	0	0.499504	0.348142	14.1231	1		0	12.0616	43.3657	0	0	0	
2024-06-14 22:25:26	1980	3769	1	0	0	2.75	12	0	0	5	12	0	0	0.5	12	0	0	7.25	12	0	0	1.168		99.9937	19.9496	0.0792962	0	0.793013	0.0351569	11.211	1		0.0088623	12.0705	43.2357	0	0	0	
2024-06-14 22:19:48	1938	3770	9	0	0	1.25	6	0	0	0	6	0	0	6.5	6	0	0	0	6	0	0	4.546		99.9918	70.4879	0.0516772	0	0.516815	0.496411	17.048	1		0	12.0616	43.2357	0	0	0	
2024-06-14 22:15:12	1902	3771	1	0	0	6	25	0	0	0	25	0	0	0.5	25	0	0	0	25	0	0	4.762		99.9929	70.9495	0.0551781	0	0.55182	0.188674	19.0695	1		0.0088623	12.0616	43.6256	0	0	0	
2024-06-14 22:12:16	1879	3772	5	0	0	4	17	0	0	0	17	0	0	2.75	17	0	0	0	17	0	0	1.082		99.9999	71.4357	0.183919	0	1.8392	0.254848	14.445	1		0	12.0616	44.0154	0	0	0	
2024-06-14 22:05:35	1828	3773	5	0	0	0	1	0	0	0	1	0	0	0.25	1	0	0	0	1	0	0	0.216		100.01	75.106	0.775673	0	7.75593	0.214448	12.183	1		0	12.0705	47.1341	0	0	0	
2024-06-14 22:08:23	1849	3774	1	0	0	2	9	0	0	0	9	0	0	3.25	9	0	0	0	9	0	0	1.082		100.005	72.4835	0.180859	0	1.80851	0.294884	14.204	1		0.0088623	12.0705	45.3149	0	0	0	
2024-06-14 22:15:57	1908	3775	1	0	0	7	29	0	0	0	29	0	0	1.75	29	0	0	0	29	0	0	4.546		99.9945	71.1051	0.0501473	0	0.501501	0.423759	16.5429	1		0	12.0616	43.4956	0	0	0	
2024-06-14 22:04:28	1820	3776	5	0	0	0	1	0	0	0	1	0	0	6	1	0	0	0	1	0	0	5.195		100.011	79.3115	0.0495842	0	0.495787	0.00928871	18.6907	1		0.0088623	12.0793	48.3036	0	0	0	
2024-06-14 22:05:12	1825	3777	5	0	0	0	1	0	0	0	1	0	0	4.75	1	0	0	0	1	0	0	4.113		100.013	75.6847	0.0523651	0	0.523581	0.175849	15.6263	1		0.0088623	12.0705	47.5239	0	0	0	
2024-06-14 22:23:13	1963	3778	1	0	0	7.25	30	0	0	0	30	0	0	0.5	30	0	0	0	30	0	0	5.845		99.9902	70.7129	0.052082	0	0.520871	0.0107064	22.0909	1		0.0088623	12.0616	43.3657	0	0	0	
2024-06-14 22:13:33	1889	3779	1	0	0	5	21	0	0	0	21	0	0	0.25	21	0	0	0	21	0	0	4.113		99.9939	71.6918	0.0516879	0	0.51691	0.347351	15.4273	1		0.0088623	12.0616	43.7555	0	0	0	
2024-06-14 22:12:37	1882	3780	5	0	0	5	21	0	0	0	21	0	0	6.75	21	0	0	0	21	0	0	1.515		100.002	71.6315	0.137856	0	1.37854	0.0245165	15.1578	1		0.0088623	12.0616	44.0154	0	0	0	
2024-06-14 22:09:28	1857	3781	1	0	0	3	13	0	0	0	13	0	0	2.25	13	0	0	0	13	0	0	0.649		100.007	74.6346	0.316207	0	3.16183	0.506916	14.8998	1		0.0088623	12.0705	44.925	0	0	0	
2024-06-14 22:08:59	1854	3782	5	0	0	2	9	0	0	0	9	0	0	0	9	0	0	0	9	0	0	1.732		100.007	72.3441	0.130626	0	1.30618	0.383032	16.4139	1		0	11.9552	45.055	0	0	0	
2024-06-14 22:21:40	1952	3783	9	0	0	6.5	27	0	0	0	27	0	0	7.25	27	0	0	0	27	0	0	0.649		99.9895	69.3077	0.355467	0	3.55504	0.083529	16.7528	2		0	12.0616	43.2357	0	0	0	
2024-06-14 22:17:32	1920	3784	9	0	0	7.75	32	0	0	0	32	0	0	7.25	32	0	0	0	32	0	0	0.433		99.9948	70.3705	0.476748	0	4.76773	0.167174	14.9783	2		0	12.0616	43.3657	0	0	0	
2024-06-14 22:23:21	1964	3785	1	0	0	7.5	31	0	0	0	31	0	0	0.25	31	0	0	0	31	0	0	6.278		99.9878	70.4948	0.0369415	0	0.36946	0.42604	16.83	1		0.0088623	12.0616	43.1058	0	0	0	
2024-06-14 22:20:20	1942	3786	1	0	0	0.75	4	0	0	0	4	0	0	1	4	0	0	0	4	0	0	0.216		99.9914	70.068	0.784446	0	7.84514	0.291601	12.3231	1		0.0088623	12.0705	43.3657	0	0	0	
2024-06-14 22:22:33	1958	3787	1	0	0	5.5	23	0	0	0	23	0	0	2.25	23	0	0	0	23	0	0	2.814		99.9927	70.2865	0.101658	0	1.01665	0.205338	20.7604	2		0.0088623	12.0705	43.2357	0	0	0	
2024-06-14 22:11:24	1872	3788	5	0	0	4	17	0	0	0	17	0	0	6.75	17	0	0	0	17	0	0	2.381		100.003	71.8	0.0843787	0	0.843766	0.282049	14.5792	1		0.0088623	12.0705	44.2753	0	0	0	
2024-06-14 22:10:17	1863	3789	9	0	0	3	13	0	0	0	13	0	0	5.25	13	0	0	0	13	0	0	1.948		100.011	72.8494	0.099549	0	0.99538	0.126518	14.0719	1		0.0088623	12.0616	44.5352	0	0	0	
2024-06-14 22:10:09	1862	3790	9	0	0	3	13	0	0	0	13	0	0	4	13	0	0	0	13	0	0	0.866		100.006	72.5473	0.24252	0	2.42506	0.302198	15.2371	1		0	12.0616	44.2753	0	0	0	
2024-06-14 22:07:50	1845	3791	9	0	0	2	9	0	0	0	9	0	0	7.25	9	0	0	0	9	0	0	4.546		100.006	73.2074	0.05612	0	0.561164	0.349104	18.511	1		0	11.9464	45.5748	0	0	0	
2024-06-14 22:16:13	1910	3792	9	0	0	7	29	0	0	0	29	0	0	7.5	29	0	0	0	29	0	0	0.433		99.9921	70.3944	0.476543	0	4.76581	0.0684737	14.9722	2		0	12.0616	43.4956	0	0	0	
2024-06-14 22:15:57	1908	3793	5	0	0	7	29	0	0	0	29	0	0	6.25	29	0	0	0	29	0	0	0.649		99.9945	71.1051	0.346096	0	3.46115	0.529804	16.3103	1		0	12.0616	43.4956	0	0	0	
2024-06-14 22:07:00	1838	3794	9	0	0	1	5	0	0	0	5	0	0	5.75	5	0	0	0	5	0	0	4.113		100.011	73.3556	0.0528363	0	0.528308	0.211272	15.7674	1		0.0088623	12.0705	46.0945	0	0	0	
2024-06-14 22:06:05	1832	3795	5	0	0	1	5	0	0	0	5	0	0	4.5	5	0	0	0	5	0	0	3.031		100.008	72.9006	0.0699083	0	0.699028	0.161682	15.3724	4		0.0088623	12.0616	46.7443	0	0	0	
2024-06-14 22:14:18	1895	3796	1	0	0	6	25	0	0	0	25	0	0	3.5	25	0	0	0	25	0	0	2.165		99.9915	71.121	0.0892113	0	0.892188	0.290655	14.0145	1		0	12.0705	43.7555	0	0	0	
2024-06-14 22:11:39	1874	3797	1	0	0	4	17	0	0	0	17	0	0	0	17	0	0	0	17	0	0	3.464		99.9993	71.6118	0.0609962	0	0.609966	0.139946	15.3301	1		0.0088623	12.0616	44.2753	0	0	0	
2024-06-14 22:18:13	1925	3798	1	0	0	7.75	32	0	0	0	32	0	0	2.5	32	0	0	0	32	0	0	4.546		99.9925	70.9721	0.0454342	0	0.454377	0.305756	14.9884	1		0	12.0616	43.3657	0	0	0	
2024-06-14 22:08:52	1853	3799	1	0	0	2	9	0	0	0	9	0	0	2.5	9	0	0	0	9	0	0	0.433		100.007	72.185	0.461601	0	4.61569	0.246238	14.5006	1		0	12.0705	45.1849	0	0	0	
2024-06-14 22:16:13	1910	3800	1	0	0	7	29	0	0	0	29	0	0	1	29	0	0	0	29	0	0	5.195		99.9921	70.3944	0.0463269	0	0.463305	0.107808	17.4662	2		0	12.0616	43.4956	0	0	0	
2024-06-14 22:04:47	1822	3801	9	0	0	0	1	0	0	0	1	0	0	5.25	1	0	0	0	1	0	0	4.546		100.015	77.3686	0.0508823	0	0.508744	0.297658	16.7818	1		0.0088623	12.0705	48.1737	0	0	0	
2024-06-14 22:05:28	1827	3802	5	0	0	0	1	0	0	0	1	0	0	4	1	0	0	0	1	0	0	3.464		100.013	75.0957	0.0607002	0	0.606922	0.0471822	15.2536	1		0.0088623	12.0705	47.264	0	0	0	
2024-06-14 22:18:35	1928	3803	5	0	0	7.75	32	0	0	0	32	0	0	1.75	32	0	0	0	32	0	0	5.195		99.9934	70.6653	0.041052	0	0.410547	0.173244	15.4773	1		0	12.0705	43.3657	0	0	0	
2024-06-14 22:13:00	1885	3804	5	0	0	5	21	0	0	0	21	0	0	6	21	0	0	0	21	0	0	0.866		99.9943	71.7262	0.252878	0	2.52892	0.396502	15.8897	1		0	12.0616	43.8855	0	0	0	
2024-06-14 22:12:37	1882	3805	9	0	0	5	21	0	0	0	21	0	0	4.75	21	0	0	0	21	0	0	0.216		100.002	71.6315	0.797254	0	7.97239	0.472654	12.523	1		0.0088623	12.0616	44.0154	0	0	0	
2024-06-14 22:10:09	1862	3806	1	0	0	3	13	0	0	0	13	0	0	1.5	13	0	0	0	13	0	0	1.299		100.006	72.5473	0.142975	0	1.42967	0.232526	13.4743	1		0	12.0616	44.2753	0	0	0	
2024-06-14 22:18:05	1924	3807	5	0	0	7.75	32	0	0	0	32	0	0	6.5	32	0	0	0	32	0	0	1.082		99.9949	70.5407	0.194453	0	1.94463	0.18874	15.2731	1		0	12.0616	43.3657	0	0	0	
2024-06-14 22:19:26	1935	3808	9	0	0	2.25	10	0	0	0	10	0	0	5.5	10	0	0	0	10	0	0	2.814		99.9902	70.5975	0.0812857	0	0.812936	0.19564	16.6004	1		0	12.0616	43.3657	0	0	0	
2024-06-14 22:25:16	1979	3809	1	0	0	3	13	0	0	4.75	13	0	0	1.25	13	0	0	6.5	13	0	0	0.908		99.9962	20.2885	0.0908331	0	0.908365	0.710834	9.98799	2		0.0088623	12.0705	43.3657	0	0	0	
2024-06-14 22:11:09	1870	3810	9	0	0	4	17	0	0	0	17	0	0	6	17	0	0	0	17	0	0	1.732		100.005	71.8779	0.115418	0	1.15412	0.357871	14.5031	1		0	12.0705	44.2753	0	0	0	
2024-06-14 22:11:09	1870	3811	5	0	0	4	17	0	0	0	17	0	0	4.75	17	0	0	0	17	0	0	0.649		100.005	71.8779	0.351911	0	3.51893	0.373118	16.5825	1		0	12.0705	44.2753	0	0	0	
2024-06-14 22:04:47	1822	3812	1	0	0	0	1	0	0	0	1	0	0	2.25	1	0	0	0	1	0	0	1.948		100.015	77.3686	0.106471	0	1.06455	0.106158	15.0497	1		0.0088623	12.0705	48.1737	0	0	0	
2024-06-14 22:25:06	1978	3813	1	0	0	3.25	14	0	0	4.5	14	0	0	2	14	0	0	5.75	14	0	0	0.649		99.9927	19.9826	0.178624	0	1.78637	0.0189765	14.0301	2		0	12.0616	43.3657	0	0	0	
2024-06-14 22:10:39	1866	3814	1	0	0	3	13	0	0	0	13	0	0	3.25	13	0	0	0	13	0	0	0.216		100.006	72.4274	0.791035	0	7.90988	0.298191	12.4248	1		0.0088623	12.0616	44.4052	0	0	0	
2024-06-14 22:08:23	1849	3815	5	0	0	2	9	0	0	0	9	0	0	7.75	9	0	0	0	9	0	0	4.979		100.005	72.4835	0.0434623	0	0.434603	0.140619	15.7015	1		0.0088623	12.0705	45.3149	0	0	0	
2024-06-14 22:08:30	1850	3816	9	0	0	2	9	0	0	0	9	0	0	6.5	9	0	0	0	9	0	0	3.897		100.006	72.34	0.0553797	0	0.553764	0.162101	15.6573	1		0.0088623	12.0705	45.3149	0	0	0	
2024-06-14 22:15:57	1908	3817	9	0	0	7	29	0	0	0	29	0	0	5.5	29	0	0	0	29	0	0	1.299		99.9945	71.1051	0.15907	0	1.59079	0.345314	14.9928	1		0	12.0616	43.4956	0	0	0	
2024-06-14 22:15:27	1904	3818	5	0	0	7	29	0	0	0	29	0	0	4.25	29	0	0	0	29	0	0	2.381		99.9958	70.8789	0.083078	0	0.830815	0.32216	14.3554	1		0	12.0616	43.4956	0	0	0	
2024-06-14 22:06:27	1834	3819	5	0	0	1	5	0	0	0	5	0	0	5	5	0	0	0	5	0	0	3.464		100.01	74.2757	0.063115	0	0.63109	0.298101	15.861	1		0	12.0705	46.3544	0	0	0	
2024-06-14 22:06:20	1833	3820	1	0	0	1	5	0	0	0	5	0	0	3.75	5	0	0	0	5	0	0	2.381		100.009	75.6885	0.0805067	0	0.804995	0.180484	13.9093	1		0.0088623	12.0705	46.4844	0	0	0	
2024-06-14 22:14:32	1897	3821	1	0	0	6	25	0	0	0	25	0	0	2.75	25	0	0	0	25	0	0	2.814		99.9963	70.6489	0.0712198	0	0.712225	0.0147919	14.5439	2		0	12.0616	43.6256	0	0	0	
2024-06-14 22:13:26	1888	3822	5	0	0	5	21	0	0	0	21	0	0	2.25	21	0	0	0	21	0	0	2.381		99.9942	71.358	0.0806673	0	0.806719	0.0332389	13.9391	1		0.0088623	12.0616	43.7555	0	0	0	
2024-06-14 22:16:30	1912	3823	1	0	0	7	29	0	0	0	29	0	0	0.25	29	0	0	0	29	0	0	5.845		99.9924	70.9208	0.0403394	0	0.403425	0.402133	17.1098	1		0	12.0705	43.4956	0	0	0	
2024-06-14 22:05:42	1829	3824	5	0	0	0	1	0	0	0	1	0	0	3.25	1	0	0	0	1	0	0	2.814		100.011	74.8465	0.0693425	0	0.693352	0.352909	14.1585	1		0.0088623	12.0705	46.8742	0	0	0	
2024-06-14 22:09:43	1859	3825	9	0	0	3	13	0	0	0	13	0	0	7.25	13	0	0	0	13	0	0	3.68		100.006	72.1561	0.0701815	0	0.70177	0.318421	18.7397	2		0	12.0616	44.7951	0	0	0	
2024-06-14 22:14:18	1895	3826	9	0	0	6	25	0	0	0	25	0	0	6.75	25	0	0	0	25	0	0	0.649		99.9915	71.121	0.360186	0	3.60216	0.509788	16.9748	1		0	12.0705	43.7555	0	0	0	
2024-06-14 22:18:50	1930	3827	9	0	0	3.75	16	0	0	0	16	0	0	4	16	0	0	0	16	0	0	0.216		99.9901	71.1426	0.863048	0	8.63134	0.499072	13.5581	1		0.0088623	12.0705	43.3657	0	0	0	
2024-06-14 22:18:29	1927	3828	5	0	0	7.75	32	0	0	0	32	0	0	1	32	0	0	0	32	0	0	5.845		99.9948	70.7358	0.0380408	0	0.380428	0.31273	16.1345	1		0	12.0616	43.3657	0	0	0	
2024-06-14 22:12:52	1884	3829	9	0	0	5	21	0	0	0	21	0	0	5.25	21	0	0	0	21	0	0	0.216		99.9972	71.6084	0.813898	0	8.1392	0.400162	12.785	1		0	12.0616	43.7555	0	0	0	
2024-06-14 22:12:45	1883	3830	5	0	0	5	21	0	0	0	21	0	0	4	21	0	0	0	21	0	0	0.866		99.9954	71.6478	0.249525	0	2.49536	0.671238	15.6788	1		0	12.0616	43.8855	0	0	0	
2024-06-14 22:10:24	1864	3831	5	0	0	3	13	0	0	0	13	0	0	0.75	13	0	0	0	13	0	0	1.948		100.007	72.5102	0.0943656	0	0.943587	0.0470258	13.3396	1		0.0088623	12.0616	44.5352	0	0	0	
2024-06-14 22:07:07	1839	3832	1	0	0	1	5	0	0	0	5	0	0	1.75	5	0	0	0	5	0	0	0.649		100.008	73.1884	0.312341	0	3.12314	0.1631	14.7175	1		0.0088623	12.0616	45.9646	0	0	0	
2024-06-14 22:11:16	1871	3833	1	0	0	4	17	0	0	0	17	0	0	2	17	0	0	0	17	0	0	1.732		100.004	71.7033	0.108872	0	1.08868	0.130446	13.6808	1		0.0088623	12.0705	44.2753	0	0	0	
2024-06-14 22:17:58	1923	3834	5	0	0	7.75	32	0	0	0	32	0	0	5.75	32	0	0	0	32	0	0	1.732		99.9935	70.7072	0.113585	0	1.13593	0.296016	14.2745	1		0	12.0616	43.3657	0	0	0	
2024-06-14 22:17:25	1919	3835	5	0	0	7.75	32	0	0	0	32	0	0	4.5	32	0	0	0	32	0	0	2.814		99.9924	71.5776	0.068167	0	0.681722	0.33841	13.921	1		0	12.0705	43.3657	0	0	0	
2024-06-14 22:21:03	1947	3836	1	0	0	2.25	10	0	0	0	10	0	0	3.5	10	0	0	0	10	0	0	1.082		99.9901	70.3958	0.18015	0	1.80168	0.468329	14.1503	1		0	12.0705	43.3657	0	0	0	
2024-06-14 22:20:13	1941	3837	9	0	0	0.25	2	0	0	0	2	0	0	7.5	2	0	0	0	2	0	0	6.278		99.988	69.812	0.0377167	0	0.377213	0.182985	17.1832	1		0.0088623	12.0705	43.2357	0	0	0	
2024-06-14 22:14:43	1898	3838	1	0	0	6	25	0	0	0	25	0	0	1.75	25	0	0	0	25	0	0	3.68		99.9975	71.3696	0.0632332	0	0.632348	0.571576	16.8859	1		0	12.0616	43.4956	0	0	0	
2024-06-14 22:11:16	1871	3839	5	0	0	4	17	0	0	0	17	0	0	5.25	17	0	0	0	17	0	0	1.082		100.004	71.7033	0.195447	0	1.9544	0.258477	15.3498	1		0.0088623	12.0705	44.2753	0	0	0	
2024-06-14 22:05:02	1824	3840	1	0	0	0	1	0	0	0	1	0	0	1.5	1	0	0	0	1	0	0	1.299		100.015	75.9695	0.143485	0	1.43464	0.0260389	13.5211	2		0.0088623	12.0705	47.7838	0	0	0	
2024-06-14 22:10:31	1865	3841	5	0	0	3	13	0	0	0	13	0	0	2.5	13	0	0	0	13	0	0	0.433		100.005	72.5361	0.464448	0	4.64426	0.3612	14.5904	1		0	12.0616	44.4052	0	0	0	
2024-06-14 22:08:13	1848	3842	5	0	0	2	9	0	0	0	9	0	0	5.75	9	0	0	0	9	0	0	3.247		100.007	72.08	0.0652874	0	0.652828	0.119187	15.3819	2		0	12.0616	45.3149	0	0	0	
2024-06-14 22:07:57	1846	3843	9	0	0	2	9	0	0	0	9	0	0	4.5	9	0	0	0	9	0	0	2.165		100.003	72.8538	0.0895622	0	0.895595	0.0384316	14.068	1		0.0088623	12.0616	45.3149	0	0	0	
2024-06-14 22:16:04	1909	3844	1	0	0	7	29	0	0	0	29	0	0	3.5	29	0	0	0	29	0	0	3.031		99.9906	71.2543	0.0651904	0	0.651966	0.415654	14.3375	1		0	12.0616	43.4956	0	0	0	
2024-06-14 22:07:15	1840	3845	1	0	0	1	5	0	0	0	5	0	0	3	5	0	0	0	5	0	0	1.732		100.016	73.3552	0.106626	0	1.06609	0.218599	13.3969	1		0.0088623	12.0616	45.9646	0	0	0	
2024-06-14 22:05:02	1824	3846	5	0	0	0	1	0	0	0	1	0	0	7.25	1	0	0	0	1	0	0	6.278		100.015	75.9695	0.0409383	0	0.409324	0.0397845	18.646	2		0.0088623	12.0705	47.7838	0	0	0	
2024-06-14 22:13:08	1886	3847	1	0	0	5	21	0	0	0	21	0	0	1.5	21	0	0	0	21	0	0	3.031		99.9931	71.579	0.0661124	0	0.66117	0.0517476	14.5399	1		0.0088623	12.0616	43.7555	0	0	0	
2024-06-14 22:08:45	1852	3848	5	0	0	2	9	0	0	0	9	0	0	1.25	9	0	0	0	9	0	0	0.649		100.006	72.316	0.303242	0	3.03226	0.253347	14.2892	1		0	12.0616	45.055	0	0	0	
2024-06-14 22:23:36	1966	3849	1	0	0	1.5	7	0	0	0	7	0	0	0.25	7	0	0	0	7	0	0	1.082		99.9899	69.2145	0.176707	0	1.76725	0.109711	13.8799	1		0	12.0616	43.2357	0	0	0	
2024-06-14 22:05:42	1829	3850	1	0	0	0	1	0	0	0	1	0	0	2.5	1	0	0	0	1	0	0	2.165		100.011	74.8465	0.0886749	0	0.886656	0.232925	13.9276	1		0.0088623	12.0705	46.8742	0	0	0	
2024-06-14 22:22:51	1960	3851	1	0	0	6.25	26	0	0	0	26	0	0	1.5	26	0	0	0	26	0	0	4.113		99.988	69.8946	0.0553574	0	0.55364	0.185608	16.5235	1		0	12.0705	43.3657	0	0	0	
2024-06-14 22:24:34	1974	3852	9	0	0	7.25	30	0	0	0	30	0	0	6.5	30	0	0	0	30	0	0	0.649		99.9901	69.7388	0.336608	0	3.36641	0.709875	15.8638	1		0.0088623	12.0616	43.3657	0	0	0	
2024-06-14 22:10:09	1862	3853	5	0	0	3	13	0	0	0	13	0	0	7.75	13	0	0	0	13	0	0	4.113		100.006	72.5473	0.0500696	0	0.500666	0.0272136	14.9424	1		0	12.0616	44.2753	0	0	0	
2024-06-14 22:09:36	1858	3854	5	0	0	3	13	0	0	0	13	0	0	6.5	13	0	0	0	13	0	0	3.031		100.009	73.2495	0.0688303	0	0.688241	0.471791	15.1352	1		0	12.0705	44.7951	0	0	0	
2024-06-14 22:06:53	1837	3855	9	0	0	1	5	0	0	0	5	0	0	7	5	0	0	0	5	0	0	5.195		100.009	73.6678	0.0453906	0	0.453863	0.361279	17.1102	1		0.0088623	12.0705	45.9646	0	0	0	
2024-06-14 22:14:10	1894	3856	5	0	0	6	25	0	0	0	25	0	0	4.75	25	0	0	0	25	0	0	1.082		99.991	71.1567	0.196561	0	1.96578	0.516053	15.4392	1		0	12.0705	43.7555	0	0	0	
2024-06-14 22:18:20	1926	3857	5	0	0	7.75	32	0	0	0	32	0	0	0.25	32	0	0	0	32	0	0	6.494		99.9957	70.6642	0.0340385	0	0.3404	0.603623	16.041	1		0	12.0616	43.3657	0	0	0	
2024-06-14 22:12:23	1880	3858	1	0	0	5	21	0	0	0	21	0	0	3.25	21	0	0	0	21	0	0	1.515		100	71.6951	0.125261	0	1.25261	0.737258	13.7732	1		0.0088623	12.0616	44.0154	0	0	0	
2024-06-14 22:10:17	1863	3859	1	0	0	3	13	0	0	0	13	0	0	0	13	0	0	0	13	0	0	2.598		100.011	72.8494	0.076566	0	0.765575	0.0202404	14.4308	1		0.0088623	12.0616	44.5352	0	0	0	
2024-06-14 22:18:57	1931	3860	9	0	0	3.5	15	0	0	0	15	0	0	4.25	15	0	0	0	15	0	0	0.649		99.9907	69.9226	0.338328	0	3.38359	0.324721	15.9448	1		0.0088623	11.9552	43.3657	0	0	0	
2024-06-14 22:11:09	1870	3861	1	0	0	4	17	0	0	0	17	0	0	1.25	17	0	0	0	17	0	0	2.381		100.005	71.8779	0.0801582	0	0.801539	0.438486	13.8496	1		0	12.0705	44.2753	0	0	0	
2024-06-14 22:17:43	1921	3862	9	0	0	7.75	32	0	0	0	32	0	0	5	32	0	0	0	32	0	0	2.381		99.99	70.4833	0.079891	0	0.79899	0.0051054	13.8056	1		0.0088623	12.0705	43.3657	0	0	0	
2024-06-14 22:17:43	1921	3863	1	0	0	7.75	32	0	0	0	32	0	0	3.75	32	0	0	0	32	0	0	3.464		99.99	70.4833	0.0557674	0	0.55773	0.0525688	14.0173	1		0.0088623	12.0705	43.3657	0	0	0	
2024-06-14 22:26:01	1984	3864	1	0	0	1.25	6	0	0	6.5	6	0	0	3	6	0	0	4.75	6	0	0	0.908		100.001	20.0839	0.10668	0	1.06679	0.246474	11.7299	1		0	12.0616	43.2357	0	0	0	
2024-06-14 22:14:57	1900	3865	1	0	0	6	25	0	0	0	25	0	0	1	25	0	0	0	25	0	0	4.33		99.9965	71.0339	0.0566849	0	0.566869	0.110519	17.8087	1		0	12.0616	43.6256	0	0	0	
2024-06-14 22:11:47	1875	3866	1	0	0	4	17	0	0	0	17	0	0	3.25	17	0	0	0	17	0	0	0.649		99.9984	71.3217	0.339614	0	3.39619	0.264041	16.0042	1		0	12.0616	44.1454	0	0	0	
2024-06-14 22:05:35	1828	3867	1	0	0	0	1	0	0	0	1	0	0	0.75	1	0	0	0	1	0	0	0.649		100.01	75.106	0.319395	0	3.19362	0.287632	15.0496	1		0	12.0705	47.1341	0	0	0	
2024-06-14 22:25:33	1981	3868	1	0	0	3.5	15	0	0	4.25	15	0	0	3.75	15	0	0	4	15	0	0	0.13		99.9895	19.2235	0.573542	0	5.73603	0.855428	9.01013	1		0	11.973	43.3657	0	0	0	
2024-06-14 22:08:05	1847	3869	5	0	0	2	9	0	0	0	9	0	0	5	9	0	0	0	9	0	0	2.598		100.006	72.8603	0.0773471	0	0.773423	0.00965957	14.5787	1		0.0088623	12.0705	45.3149	0	0	0	
2024-06-14 22:07:50	1845	3870	1	0	0	2	9	0	0	0	9	0	0	3.75	9	0	0	0	9	0	0	1.515		100.006	73.2074	0.130129	0	1.30121	0.222173	14.3076	1		0	11.9464	45.5748	0	0	0	
2024-06-14 22:16:38	1913	3871	1	0	0	7	29	0	0	0	29	0	0	2.75	29	0	0	0	29	0	0	3.68		99.9915	70.8355	0.0559552	0	0.5596	0.275	14.9433	1		0.0088623	12.0616	43.4956	0	0	0	
2024-06-14 22:16:53	1915	3872	1	0	0	7	29	0	0	0	29	0	0	2.25	29	0	0	0	29	0	0	4.113		99.9934	70.916	0.0514749	0	0.514783	0.0265288	15.3638	1		0.0088623	11.9552	43.4956	0	0	0	
2024-06-14 22:05:12	1825	3873	9	0	0	0	1	0	0	0	1	0	0	7.75	1	0	0	0	1	0	0	6.711		100.013	75.6847	0.0352452	0	0.352405	0.576222	17.1603	1		0.0088623	12.0705	47.5239	0	0	0	
2024-06-14 22:04:47	1822	3874	5	0	0	0	1	0	0	0	1	0	0	6.5	1	0	0	0	1	0	0	5.628		100.015	77.3686	0.0419117	0	0.419053	0.128601	17.1144	1		0.0088623	12.0705	48.1737	0	0	0	
2024-06-14 22:13:26	1888	3875	1	0	0	5	21	0	0	0	21	0	0	0.75	21	0	0	0	21	0	0	3.68		99.9942	71.358	0.0590219	0	0.590253	0.36372	15.7619	1		0.0088623	12.0616	43.7555	0	0	0	
2024-06-14 22:13:15	1887	3876	5	0	0	5	21	0	0	0	21	0	0	7.25	21	0	0	0	21	0	0	1.948		99.9923	71.0964	0.122796	0	1.22805	0.210189	17.3611	2		0	11.9552	43.8855	0	0	0	
2024-06-14 22:24:26	1973	3877	9	0	0	5.75	24	0	0	0	24	0	0	4	24	0	0	0	24	0	0	1.515		99.9923	69.8594	0.130971	0	1.30981	0.296323	14.4021	1		0	12.0616	43.2357	0	0	0	
2024-06-14 22:21:17	1949	3878	9	0	0	4.5	19	0	0	0	19	0	0	5.25	19	0	0	0	19	0	0	0.649		99.9888	70.3987	0.336895	0	3.36932	0.420818	15.8776	1		0	11.9552	43.3657	0	0	0	
2024-06-14 22:25:41	1982	3879	1	0	0	2.75	12	0	0	5	12	0	0	3.5	12	0	0	4.25	12	0	0	0.389		99.9964	19.9745	0.325483	0	3.25494	0.876417	15.3386	2		0.0088623	12.0705	43.2357	0	0	0	
2024-06-14 22:09:06	1855	3880	1	0	0	2	9	0	0	0	9	0	0	0.5	9	0	0	0	9	0	0	1.299		100.004	72.2359	0.143195	0	1.4319	0.258849	13.4953	1		0.0088623	12.0705	44.7951	0	0	0	
2024-06-14 22:20:03	1940	3881	9	0	0	0.5	3	0	0	0	3	0	0	7.25	3	0	0	0	3	0	0	5.845		99.9926	69.7153	0.0883634	0	0.883699	0.320454	37.479	2		0.0088623	12.0616	43.1058	0	0	0	
2024-06-14 22:11:16	1871	3882	9	0	0	4	17	0	0	0	17	0	0	7.25	17	0	0	0	17	0	0	2.814		100.004	71.7033	0.0800172	0	0.800141	0.74853	16.3392	1		0.0088623	12.0705	44.2753	0	0	0	
2024-06-14 22:09:14	1856	3883	9	0	0	3	13	0	0	0	13	0	0	5.75	13	0	0	0	13	0	0	2.381		100.008	71.6719	0.0811066	0	0.811001	0.0567671	14.0131	4		0.0088623	12.0616	44.7951	0	0	0	
2024-06-14 22:10:02	1861	3884	9	0	0	3	13	0	0	0	13	0	0	4.5	13	0	0	0	13	0	0	1.299		100.008	72.8355	0.150797	0	1.50786	0.146902	14.2112	1		0.0088623	12.0616	44.6651	0	0	0	
2024-06-14 22:16:04	1909	3885	5	0	0	7	29	0	0	0	29	0	0	6.75	29	0	0	0	29	0	0	0.216		99.9906	71.2543	0.815998	0	8.16076	0.647913	12.8189	1		0	12.0616	43.4956	0	0	0	
2024-06-14 22:06:34	1835	3886	9	0	0	1	5	0	0	0	5	0	0	7.5	5	0	0	0	5	0	0	5.628		100.012	73.2452	0.0418647	0	0.418596	0.0469629	17.0957	2		0.0088623	11.9552	46.2245	0	0	0	
2024-06-14 22:07:07	1839	3887	5	0	0	1	5	0	0	0	5	0	0	6.25	5	0	0	0	5	0	0	4.546		100.008	73.1884	0.0532207	0	0.532162	0.508676	17.5543	1		0.0088623	12.0616	45.9646	0	0	0	
2024-06-14 22:14:25	1896	3888	5	0	0	6	25	0	0	0	25	0	0	5.25	25	0	0	0	25	0	0	0.649		99.9949	71.1207	0.343641	0	3.43659	0.482953	16.1945	1		0	12.0616	43.6256	0	0	0	
2024-06-14 22:13:55	1892	3889	9	0	0	6	25	0	0	0	25	0	0	4	25	0	0	0	25	0	0	1.732		99.9892	71.1618	0.113655	0	1.13667	0.33918	14.2838	1		0	12.0705	43.7555	0	0	0	
2024-06-14 22:12:52	1884	3890	1	0	0	5	21	0	0	0	21	0	0	2.5	21	0	0	0	21	0	0	2.165		99.9972	71.6084	0.0930232	0	0.930258	0.0416931	14.6125	1		0	12.0616	43.7555	0	0	0	
2024-06-14 22:07:21	1841	3891	5	0	0	1	5	0	0	0	5	0	0	0.25	5	0	0	0	5	0	0	0.649		100.012	73.0432	0.320893	0	3.20856	0.206106	15.12	1		0.0088623	12.0616	45.8346	0	0	0	
2024-06-14 22:11:24	1872	3892	1	0	0	4	17	0	0	0	17	0	0	0.5	17	0	0	0	17	0	0	3.031		100.003	71.8	0.0667221	0	0.667204	0.485523	14.6726	1		0.0088623	12.0705	44.2753	0	0	0	
2024-06-14 22:17:58	1923	3893	1	0	0	7.75	32	0	0	0	32	0	0	3	32	0	0	0	32	0	0	4.113		99.9935	70.7072	0.0481394	0	0.481425	0.270196	14.3682	1		0	12.0616	43.3657	0	0	0	
2024-06-14 22:15:20	1903	3894	5	0	0	6	25	0	0	0	25	0	0	0.25	25	0	0	0	25	0	0	4.979		99.9946	70.809	0.0467149	0	0.467174	0.0938201	16.8782	1		0	12.0616	43.6256	0	0	0	
2024-06-14 22:22:19	1957	3895	1	0	0	5.25	22	0	0	0	22	0	0	2.5	22	0	0	0	22	0	0	2.381		99.9898	68.895	0.133315	0	1.33329	2.04913	23.0376	4		0.0088623	12.0616	43.1058	0	0	0	
2024-06-14 22:12:08	1878	3896	5	0	0	4	17	0	0	0	17	0	0	2.5	17	0	0	0	17	0	0	1.299		99.9992	71.3352	0.149809	0	1.4981	0.346832	14.1193	1		0	12.0705	44.1454	0	0	0	
2024-06-14 22:08:37	1851	3897	1	0	0	2	9	0	0	0	9	0	0	3	9	0	0	0	9	0	0	0.866		100.009	72.2813	0.231997	0	2.31975	0.222787	14.5754	1		0	12.0616	45.1849	0	0	0	
2024-06-14 22:17:00	1916	3898	1	0	0	7	29	0	0	0	29	0	0	1.5	29	0	0	0	29	0	0	4.762		99.9988	70.8085	0.0475223	0	0.475229	0.175848	16.4227	1		0	12.0616	43.4956	0	0	0	
2024-06-14 22:04:40	1821	3899	9	0	0	0	1	0	0	0	1	0	0	5.75	1	0	0	0	1	0	0	4.979		100.016	78.7286	0.0462442	0	0.462369	0.146594	16.7046	1		0.0088623	12.0705	48.3036	0	0	0	
2024-06-14 22:05:20	1826	3900	9	0	0	0	1	0	0	0	1	0	0	4.5	1	0	0	0	1	0	0	3.897		100.014	75.4527	0.0543176	0	0.543098	0.039524	15.3557	1		0	12.0616	47.394	0	0	0	
2024-06-14 22:13:48	1891	3901	1	0	0	5	21	0	0	0	21	0	0	0	21	0	0	0	21	0	0	4.33		99.9939	71.4039	0.0513024	0	0.513056	0.0953291	16.1181	1		0	12.0616	43.7555	0	0	0	
2024-06-14 22:18:13	1925	3902	5	0	0	7.75	32	0	0	0	32	0	0	2.25	32	0	0	0	32	0	0	4.762		99.9925	70.9721	0.0426987	0	0.42702	0.0508805	14.7567	1		0	12.0616	43.3657	0	0	0	
2024-06-14 22:13:08	1886	3903	9	0	0	5	21	0	0	0	21	0	0	7.75	21	0	0	0	21	0	0	2.381		99.9931	71.579	0.0825544	0	0.825601	0.0806694	14.2654	1		0.0088623	12.0616	43.7555	0	0	0	
2024-06-14 22:13:08	1886	3904	5	0	0	5	21	0	0	0	21	0	0	6.5	21	0	0	0	21	0	0	1.299		99.9931	71.579	0.161899	0	1.6191	0.0703831	15.2597	1		0.0088623	12.0616	43.7555	0	0	0	
2024-06-14 22:09:14	1856	3905	1	0	0	3	13	0	0	0	13	0	0	2	13	0	0	0	13	0	0	0.866		100.008	71.6719	0.226524	0	2.26506	2.56529	14.2318	4		0.0088623	12.0616	44.7951	0	0	0	
2024-06-14 22:22:04	1955	3906	1	0	0	4.5	19	0	0	0	19	0	0	3.25	19	0	0	0	19	0	0	1.082		99.9914	70.5748	0.188299	0	1.88315	0.448357	14.7902	1		0.0088623	11.9552	43.3657	0	0	0	
2024-06-14 22:17:14	1918	3907	5	0	0	7.75	32	0	0	0	32	0	0	7	32	0	0	0	32	0	0	0.649		99.9927	70.214	0.341631	0	3.41656	0.11551	16.1001	2		0.0088623	12.0705	43.4956	0	0	0	
2024-06-14 22:24:19	1972	3908	9	0	0	5.5	23	0	0	0	23	0	0	4.25	23	0	0	0	23	0	0	1.082		99.9889	69.4464	0.193667	0	1.93689	0.513716	15.2123	1		0	12.0616	43.2357	0	0	0	
2024-06-14 22:23:06	1962	3909	1	0	0	6.75	28	0	0	0	28	0	0	1	28	0	0	0	28	0	0	4.979		99.9912	69.635	0.051094	0	0.510985	0.451661	18.461	1		0	12.0616	43.3657	0	0	0	
2024-06-14 22:21:25	1950	3910	9	0	0	4.25	18	0	0	0	18	0	0	5.5	18	0	0	0	18	0	0	1.082		99.9904	70.4093	0.194279	0	1.94297	0.332526	15.2601	1		0	12.0616	43.2357	0	0	0	
2024-06-14 22:11:31	1873	3911	5	0	0	4	17	0	0	0	17	0	0	7.75	17	0	0	0	17	0	0	3.247		100.001	71.6689	0.061451	0	0.614503	0.102628	14.4789	1		0.0088623	12.0705	44.0154	0	0	0	
2024-06-14 22:11:01	1869	3912	9	0	0	4	17	0	0	0	17	0	0	6.5	17	0	0	0	17	0	0	2.165		100.004	71.6767	0.0920937	0	0.920897	0.139281	14.4654	1		0	12.0705	44.2753	0	0	0	
2024-06-14 22:09:43	1859	3913	5	0	0	3	13	0	0	0	13	0	0	5	13	0	0	0	13	0	0	1.732		100.006	72.1561	0.110908	0	1.10901	0.0989889	13.9362	2		0	12.0616	44.7951	0	0	0	
2024-06-14 22:10:47	1867	3914	1	0	0	3	13	0	0	0	13	0	0	3.75	13	0	0	0	13	0	0	0.649		100.002	72.5678	0.327974	0	3.27966	0.304776	15.4551	1		0	12.0616	44.1454	0	0	0	
2024-06-14 22:08:37	1851	3915	5	0	0	2	9	0	0	0	9	0	0	7	9	0	0	0	9	0	0	4.33		100.009	72.2813	0.0503419	0	0.503372	0.299495	15.8139	1		0	12.0616	45.1849	0	0	0	
2024-06-14 22:15:50	1907	3916	5	0	0	7	29	0	0	0	29	0	0	6	29	0	0	0	29	0	0	0.866		99.9976	71.0295	0.256094	0	2.561	0.792572	16.0912	1		0	12.0616	43.2357	0	0	0	
2024-06-14 22:15:42	1906	3917	5	0	0	7	29	0	0	0	29	0	0	4.75	29	0	0	0	29	0	0	1.948		99.9939	70.9493	0.102005	0	1.02011	0.156993	14.4215	1		0.0088623	12.0616	43.6256	0	0	0	
2024-06-14 22:07:00	1838	3918	5	0	0	1	5	0	0	0	5	0	0	5.5	5	0	0	0	5	0	0	3.897		100.011	73.3556	0.061338	0	0.613316	0.221751	17.3411	1		0.0088623	12.0705	46.0945	0	0	0	
2024-06-14 22:06:05	1832	3919	9	0	0	1	5	0	0	0	5	0	0	4.25	5	0	0	0	5	0	0	2.814		100.008	72.9006	0.0724178	0	0.724121	0.0866169	14.7868	4		0.0088623	12.0616	46.7443	0	0	0	
2024-06-14 22:14:10	1894	3920	1	0	0	6	25	0	0	0	25	0	0	3.25	25	0	0	0	25	0	0	2.381		99.991	71.1567	0.0826746	0	0.826821	0.199869	14.2864	1		0	12.0705	43.7555	0	0	0	
2024-06-14 22:20:37	1944	3921	1	0	0	0.25	2	0	0	0	2	0	0	1.5	2	0	0	0	2	0	0	1.082		99.9873	69.1457	0.174845	0	1.74868	0.0409582	13.7341	2		0.0088623	12.0705	43.3657	0	0	0	
2024-06-14 22:16:46	1914	3922	1	0	0	7	29	0	0	0	29	0	0	0.75	29	0	0	0	29	0	0	5.412		99.9904	70.9578	0.0439077	0	0.439119	0.0708518	17.2442	1		0	12.0616	43.4956	0	0	0	
2024-06-14 22:05:02	1824	3923	9	0	0	0	1	0	0	0	1	0	0	5	1	0	0	0	1	0	0	4.33		100.015	75.9695	0.0508763	0	0.508689	0.0644234	15.9809	2		0.0088623	12.0705	47.7838	0	0	0	
2024-06-14 22:05:50	1830	3924	1	0	0	0	1	0	0	0	1	0	0	3.75	1	0	0	0	1	0	0	3.247		100.011	74.6706	0.0623983	0	0.623915	0.0972839	14.7007	1		0.0088623	12.0616	46.8742	0	0	0	
2024-06-14 22:24:41	1975	3925	9	0	0	7.5	31	0	0	0	31	0	0	6.25	31	0	0	0	31	0	0	1.082		99.9918	69.7896	0.190911	0	1.90926	0.0143796	14.9953	2		0	12.0616	43.3657	0	0	0	
2024-06-14 22:21:50	1953	3926	9	0	0	6.25	26	0	0	0	26	0	0	7.5	26	0	0	0	26	0	0	1.082		99.9917	69.6861	0.191097	0	1.91113	0.270531	15.01	1		0	11.9552	43.3657	0	0	0	
2024-06-14 22:14:32	1897	3927	9	0	0	6	25	0	0	0	25	0	0	7.25	25	0	0	0	25	0	0	1.082		99.9963	70.6489	0.241347	0	2.41356	0.353618	18.9561	2		0	12.0616	43.6256	0	0	0	
2024-06-14 22:18:42	1929	3928	1	0	0	7.75	32	0	0	0	32	0	0	1.5	32	0	0	0	32	0	0	5.412		99.9905	70.4971	0.0390817	0	0.390854	0.0850358	15.3488	1		0.0088623	12.0616	43.3657	0	0	0	
2024-06-14 22:12:23	1880	3929	5	0	0	5	21	0	0	0	21	0	0	5.75	21	0	0	0	21	0	0	0.649		100	71.6951	0.342659	0	3.42659	0.764911	16.1474	1		0.0088623	12.0616	44.0154	0	0	0	
2024-06-14 22:12:30	1881	3930	5	0	0	5	21	0	0	0	21	0	0	4.5	21	0	0	0	21	0	0	0.433		99.9971	71.8245	0.48719	0	4.87204	0.619662	15.306	1		0.0088623	12.0705	44.0154	0	0	0	
2024-06-14 22:09:36	1858	3931	1	0	0	3	13	0	0	0	13	0	0	1.25	13	0	0	0	13	0	0	1.515		100.009	73.2495	0.121106	0	1.21095	0.112437	13.3151	1		0	12.0705	44.7951	0	0	0	
2024-06-14 22:07:36	1843	3932	1	0	0	1	5	0	0	0	5	0	0	2.25	5	0	0	0	5	0	0	1.082		100.009	72.8355	0.173585	0	1.7357	0.16377	13.6321	1		0	12.0616	45.7047	0	0	0	
2024-06-14 22:20:27	1943	3933	1	0	0	0.5	3	0	0	0	3	0	0	1.25	3	0	0	0	3	0	0	0.649		99.9863	69.8028	0.320216	0	3.2026	0.111718	15.0919	2		0.0088623	12.0616	43.2357	0	0	0	
2024-06-14 22:19:19	1934	3934	9	0	0	2.5	11	0	0	0	11	0	0	5.25	11	0	0	0	11	0	0	2.381		99.9916	70.2468	0.0905866	0	0.905942	0.789399	15.6536	1		0	12.0616	43.2357	0	0	0	
2024-06-14 22:17:32	1920	3935	5	0	0	7.75	32	0	0	0	32	0	0	7.5	32	0	0	0	32	0	0	0.216		99.9948	70.3705	0.862249	0	8.62294	0.0399244	13.5449	2		0	12.0616	43.3657	0	0	0	
2024-06-14 22:17:51	1922	3936	5	0	0	7.75	32	0	0	0	32	0	0	6.25	32	0	0	0	32	0	0	1.299		99.9947	70.8736	0.15817	0	1.58179	0.167688	14.908	1		0	12.0616	43.3657	0	0	0	
2024-06-14 22:21:57	1954	3937	1	0	0	4.25	18	0	0	0	18	0	0	3.5	18	0	0	0	18	0	0	0.649		99.9932	69.7861	0.339878	0	3.39901	0.189373	16.0175	1		0.0088623	12.0705	43.3657	0	0	0	
2024-06-14 22:15:04	1901	3938	5	0	0	6	25	0	0	0	25	0	0	2.25	25	0	0	0	25	0	0	3.247		99.9952	71.0652	0.0640831	0	0.640862	0.18635	15.1	1		0	12.0616	43.6256	0	0	0	
2024-06-14 22:24:12	1971	3939	9	0	0	5.25	22	0	0	0	22	0	0	4.5	22	0	0	0	22	0	0	0.649		99.9932	69.9607	0.336597	0	3.3662	0.34882	15.8628	1		0	12.0616	43.1058	0	0	0	
2024-06-14 22:11:31	1873	3940	9	0	0	4	17	0	0	0	17	0	0	5.75	17	0	0	0	17	0	0	1.515		100.001	71.6689	0.132148	0	1.32146	0.100573	14.5302	1		0.0088623	12.0705	44.0154	0	0	0	
2024-06-14 22:10:54	1868	3941	9	0	0	4	17	0	0	0	17	0	0	4.5	17	0	0	0	17	0	0	0.433		100.003	71.7408	0.52652	0	5.26502	0.504664	16.5405	1		0.0088623	12.0705	44.2753	0	0	0	
2024-06-14 22:04:40	1821	3942	1	0	0	0	1	0	0	0	1	0	0	2	1	0	0	0	1	0	0	1.732		100.016	78.7286	0.135914	0	1.35893	0.336564	17.0768	1		0.0088623	12.0705	48.3036	0	0	0	
2024-06-14 22:07:50	1845	3943	5	0	0	2	9	0	0	0	9	0	0	7.5	9	0	0	0	9	0	0	4.762		100.006	73.2074	0.0466251	0	0.466221	0.653094	16.1115	1		0	11.9464	45.5748	0	0	0	
2024-06-14 22:08:30	1850	3944	5	0	0	2	9	0	0	0	9	0	0	6.25	9	0	0	0	9	0	0	3.68		100.006	72.34	0.0586495	0	0.58646	0.127247	15.6606	1		0.0088623	12.0705	45.3149	0	0	0	
2024-06-14 22:15:34	1905	3945	9	0	0	7	29	0	0	0	29	0	0	5.25	29	0	0	0	29	0	0	1.515		99.9926	70.8793	0.132398	0	1.32408	0.506123	14.559	1		0.0088623	12.0616	43.4956	0	0	0	
2024-06-14 22:15:27	1904	3946	9	0	0	7	29	0	0	0	29	0	0	4	29	0	0	0	29	0	0	2.598		99.9958	70.8789	0.0758431	0	0.758463	0.106677	14.2967	1		0	12.0616	43.4956	0	0	0	
2024-06-14 22:07:00	1838	3947	1	0	0	1	5	0	0	0	5	0	0	3.5	5	0	0	0	5	0	0	2.165		100.011	73.3556	0.0853125	0	0.853036	0.238735	13.3995	1		0.0088623	12.0705	46.0945	0	0	0	
2024-06-14 22:14:25	1896	3948	1	0	0	6	25	0	0	0	25	0	0	2.5	25	0	0	0	25	0	0	3.031		99.9949	71.1207	0.0733935	0	0.733973	0.0481688	16.1409	1		0	12.0616	43.6256	0	0	0	
2024-06-14 22:24:05	1970	3949	1	0	0	3.75	16	0	0	0	16	0	0	2	16	0	0	0	16	0	0	1.515		99.9896	70.4931	0.129359	0	1.29372	0.205809	14.2252	1		0	12.0705	43.2357	0	0	0	
2024-06-14 22:13:33	1889	3950	5	0	0	5	21	0	0	0	21	0	0	2	21	0	0	0	21	0	0	2.598		99.9939	71.6918	0.0772494	0	0.772541	0.148205	14.5621	1		0.0088623	12.0616	43.7555	0	0	0	
2024-06-14 22:08:30	1850	3951	1	0	0	2	9	0	0	0	9	0	0	1.75	9	0	0	0	9	0	0	0.216		100.006	72.34	0.761845	0	7.618	0.237785	11.9663	1		0.0088623	12.0705	45.3149	0	0	0	
2024-06-14 22:15:27	1904	3952	1	0	0	7	29	0	0	0	29	0	0	0	29	0	0	0	29	0	0	6.061		99.9958	70.8789	0.0401799	0	0.401816	0.560869	17.6728	1		0	12.0616	43.4956	0	0	0	
2024-06-14 22:05:28	1827	3953	1	0	0	0	1	0	0	0	1	0	0	3	1	0	0	0	1	0	0	2.598		100.013	75.0957	0.0755926	0	0.755827	0.0472653	14.247	1		0.0088623	12.0705	47.264	0	0	0	
2024-06-14 22:09:54	1860	3954	5	0	0	3	13	0	0	0	13	0	0	7	13	0	0	0	13	0	0	3.464		100.007	73.3813	0.0596714	0	0.596672	0.162978	14.996	1		0	12.0616	44.5352	0	0	0	
2024-06-14 22:13:55	1892	3955	5	0	0	6	25	0	0	0	25	0	0	7.75	25	0	0	0	25	0	0	1.515		99.9892	71.1618	0.136705	0	1.3672	0.370448	15.0332	1		0	12.0705	43.7555	0	0	0	
2024-06-14 22:14:50	1899	3956	5	0	0	6	25	0	0	0	25	0	0	6.5	25	0	0	0	25	0	0	0.433		99.9977	71.0738	0.531132	0	5.31144	0.401516	16.6864	1		0.0088623	12.0705	43.6256	0	0	0	
2024-06-14 22:17:07	1917	3957	1	0	0	7.75	32	0	0	0	32	0	0	0.75	32	0	0	0	32	0	0	6.061		99.9968	70.7309	0.0366274	0	0.366286	0.0301941	16.1101	1		0.0088623	12.0616	43.4956	0	0	0	
2024-06-14 22:13:00	1885	3958	1	0	0	5	21	0	0	0	21	0	0	3.75	21	0	0	0	21	0	0	1.082		99.9943	71.7262	0.189664	0	1.89675	0.341974	14.897	1		0	12.0616	43.8855	0	0	0	
2024-06-14 22:09:54	1860	3959	1	0	0	3	13	0	0	0	13	0	0	0.5	13	0	0	0	13	0	0	2.165		100.007	73.3813	0.0873681	0	0.873619	0.0599674	13.7228	1		0	12.0616	44.5352	0	0	0	
2024-06-14 22:06:27	1834	3960	1	0	0	1	5	0	0	0	5	0	0	1.5	5	0	0	0	5	0	0	0.433		100.01	74.2757	0.467323	0	4.67278	0.225311	14.68	1		0	12.0705	46.3544	0	0	0	
2024-06-14 22:25:52	1983	3961	1	0	0	2	9	0	0	5.75	9	0	0	3.25	9	0	0	4.5	9	0	0	0.649		99.9967	19.9283	0.1737	0	1.73706	0.197878	13.6428	2		0	12.0616	43.2357	0	0	0	
2024-06-14 22:10:54	1868	3962	1	0	0	4	17	0	0	0	17	0	0	1.75	17	0	0	0	17	0	0	1.948		100.003	71.7408	0.0960014	0	0.959981	0.629705	13.5714	1		0.0088623	12.0705	44.2753	0	0	0	
2024-06-14 22:20:55	1946	3963	1	0	0	2.5	11	0	0	0	11	0	0	3.25	11	0	0	0	11	0	0	0.649		99.9884	69.8765	0.316857	0	3.16894	0.640048	14.9333	1		0	12.0616	43.2357	0	0	0	
2024-06-14 22:17:58	1923	3964	9	0	0	7.75	32	0	0	0	32	0	0	5.5	32	0	0	0	32	0	0	1.948		99.9935	70.7072	0.100111	0	1.00117	0.294644	14.1537	1		0	12.0616	43.3657	0	0	0	
2024-06-14 22:17:07	1917	3965	9	0	0	7.75	32	0	0	0	32	0	0	4.25	32	0	0	0	32	0	0	3.031		99.9968	70.7309	0.063751	0	0.637531	0.31466	14.02	1		0.0088623	12.0616	43.4956	0	0	0	
2024-06-14 22:15:04	1901	3966	1	0	0	6	25	0	0	0	25	0	0	1.5	25	0	0	0	25	0	0	3.897		99.9952	71.0652	0.0563122	0	0.563149	0.0264157	15.9227	1		0	12.0616	43.6256	0	0	0	
2024-06-14 22:11:01	1869	3967	5	0	0	4	17	0	0	0	17	0	0	5	17	0	0	0	17	0	0	0.866		100.004	71.6767	0.251975	0	2.51964	0.318922	15.8313	1		0	12.0705	44.2753	0	0	0	
2024-06-14 22:11:31	1873	3968	1	0	0	4	17	0	0	0	17	0	0	3.75	17	0	0	0	17	0	0	0.216		100.001	71.6689	0.861098	0	8.61087	0.249219	13.5259	1		0.0088623	12.0705	44.0154	0	0	0	
2024-06-14 22:04:55	1823	3969	1	0	0	0	1	0	0	0	1	0	0	1.25	1	0	0	0	1	0	0	1.082		100.018	77.1294	0.175884	0	1.75851	0.22376	13.8113	1		0	12.0705	47.9138	0	0	0	
2024-06-14 22:08:13	1848	3970	9	0	0	2	9	0	0	0	9	0	0	5.5	9	0	0	0	9	0	0	3.031		100.007	72.08	0.110149	0	1.10141	0.23908	24.2214	2		0	12.0616	45.3149	0	0	0	
2024-06-14 22:07:43	1844	3971	5	0	0	2	9	0	0	0	9	0	0	4.25	9	0	0	0	9	0	0	1.948		100.005	72.9254	0.0997734	0	0.997682	0.182453	14.1044	1		0.0088623	12.0705	45.5748	0	0	0	
2024-06-14 22:16:23	1911	3972	1	0	0	7	29	0	0	0	29	0	0	3.25	29	0	0	0	29	0	0	3.247		99.9919	70.8789	0.0617451	0	0.617501	0.125396	14.5495	1		0.0088623	12.0616	43.4956	0	0	0	
2024-06-14 22:07:15	1840	3973	5	0	0	1	5	0	0	0	5	0	0	2.75	5	0	0	0	5	0	0	1.515		100.016	73.3552	0.120676	0	1.20658	0.155192	13.267	1		0.0088623	12.0616	45.9646	0	0	0	
2024-06-14 22:05:28	1827	3974	9	0	0	0	1	0	0	0	1	0	0	7	1	0	0	0	1	0	0	6.061		100.013	75.0957	0.0397113	0	0.397061	0.103824	17.4637	1		0.0088623	12.0705	47.264	0	0	0	
2024-06-14 22:13:48	1891	3975	5	0	0	5	21	0	0	0	21	0	0	1.25	21	0	0	0	21	0	0	3.247		99.9939	71.4039	0.067417	0	0.674211	0.0523319	15.8857	1		0	12.0616	43.7555	0	0	0	
2024-06-14 22:08:45	1852	3976	1	0	0	2	9	0	0	0	9	0	0	1	9	0	0	0	9	0	0	0.866		100.006	72.316	0.221373	0	2.21361	0.263363	13.9085	1		0	12.0616	45.055	0	0	0	
2024-06-14 22:10:17	1863	3977	5	0	0	3	13	0	0	0	13	0	0	7.5	13	0	0	0	13	0	0	3.897		100.011	72.8494	0.0535607	0	0.535547	0.089361	15.1422	1		0.0088623	12.0616	44.5352	0	0	0	
2024-06-14 22:09:28	1857	3978	5	0	0	3	13	0	0	0	13	0	0	6.25	13	0	0	0	13	0	0	2.814		100.007	74.6346	0.0728817	0	0.728763	0.057636	14.8816	1		0.0088623	12.0705	44.925	0	0	0	
2024-06-14 22:16:13	1910	3979	5	0	0	7	29	0	0	0	29	0	0	7.25	29	0	0	0	29	0	0	0.216		99.9921	70.3944	0.737443	0	7.37501	0.25036	11.5846	2		0	12.0616	43.4956	0	0	0	
2024-06-14 22:06:20	1833	3980	9	0	0	1	5	0	0	0	5	0	0	6.75	5	0	0	0	5	0	0	4.979		100.009	75.6885	0.0504511	0	0.504466	0.185231	18.2255	1		0.0088623	12.0705	46.4844	0	0	0	
2024-06-14 22:14:43	1898	3981	9	0	0	6	25	0	0	0	25	0	0	5.75	25	0	0	0	25	0	0	0.216		99.9975	71.3696	0.843364	0	8.43385	0.405465	13.2479	1		0	12.0616	43.4956	0	0	0	
2024-06-14 22:14:10	1894	3982	9	0	0	6	25	0	0	0	25	0	0	4.5	25	0	0	0	25	0	0	1.299		99.991	71.1567	0.158654	0	1.58668	0.155189	14.9541	1		0	12.0705	43.7555	0	0	0	
2024-06-14 22:18:35	1928	3983	1	0	0	7.75	32	0	0	0	32	0	0	0	32	0	0	0	32	0	0	6.711		99.9934	70.6653	0.0341686	0	0.341708	0.141847	16.6394	1		0	12.0705	43.3657	0	0	0	
2024-06-14 22:12:37	1882	3984	1	0	0	5	21	0	0	0	21	0	0	3	21	0	0	0	21	0	0	1.732		100.002	71.6315	0.109395	0	1.09393	0.0464968	13.7467	1		0.0088623	12.0616	44.0154	0	0	0	
2024-06-14 22:07:29	1842	3985	1	0	0	1	5	0	0	0	5	0	0	0.75	5	0	0	0	5	0	0	0.216		100.012	72.9035	0.787642	0	7.87547	0.227189	12.3708	1		0.0088623	12.0616	45.8346	0	0	0	
2024-06-14 22:22:44	1959	3986	1	0	0	5.75	24	0	0	0	24	0	0	2	24	0	0	0	24	0	0	3.247		99.995	70.0405	0.0668003	0	0.668037	0.165222	15.7402	1		0.0088623	12.0616	43.3657	0	0	0	
2024-06-14 22:11:53	1876	3987	1	0	0	4	17	0	0	0	17	0	0	1	17	0	0	0	17	0	0	2.598		99.9966	71.306	0.0736751	0	0.736776	0.0740945	13.8879	1		0	12.0616	44.1454	0	0	0	
2024-06-14 22:17:14	1918	3988	1	0	0	7.75	32	0	0	0	32	0	0	3.5	32	0	0	0	32	0	0	3.68		99.9927	70.214	0.052527	0	0.525308	0.117748	14.0276	2		0.0088623	12.0705	43.4956	0	0	0	
2024-06-14 22:15:12	1902	3989	5	0	0	6	25	0	0	0	25	0	0	0.75	25	0	0	0	25	0	0	4.546		99.9929	70.9495	0.0522328	0	0.522365	0.208045	17.2311	1		0.0088623	12.0616	43.6256	0	0	0	
2024-06-14 22:12:16	1879	3990	1	0	0	4	17	0	0	0	17	0	0	3	17	0	0	0	17	0	0	0.866		99.9999	71.4357	0.240956	0	2.40957	0.250829	15.1398	1		0	12.0616	44.0154	0	0	0	
2024-06-14 22:05:12	1825	3991	1	0	0	0	1	0	0	0	1	0	0	0.5	1	0	0	0	1	0	0	0.433		100.013	75.6847	0.462914	0	4.62852	0.175532	14.5409	1		0.0088623	12.0705	47.5239	0	0	0	
2024-06-14 22:24:58	1977	3992	1	0	0	3.5	15	0	0	4.25	15	0	0	2.75	15	0	0	5	15	0	0	0.389		99.9953	19.1721	0.334682	0	3.34698	0.084707	15.7723	1		0	12.0705	43.2357	0	0	0	
2024-06-14 22:08:05	1847	3993	1	0	0	2	9	0	0	0	9	0	0	3.5	9	0	0	0	9	0	0	1.299		100.006	72.8603	0.150085	0	1.50075	0.257863	14.1443	1		0.0088623	12.0705	45.3149	0	0	0	
2024-06-14 22:15:42	1906	3994	1	0	0	7	29	0	0	0	29	0	0	2.5	29	0	0	0	29	0	0	3.897		99.9939	70.9493	0.0556197	0	0.556231	0.371546	15.7271	1		0.0088623	12.0616	43.6256	0	0	0	
2024-06-14 22:16:53	1915	3995	5	0	0	7	29	0	0	0	29	0	0	2	29	0	0	0	29	0	0	4.33		99.9934	70.916	0.0505153	0	0.505187	0.0519261	15.8709	1		0.0088623	11.9552	43.4956	0	0	0	
2024-06-14 22:04:55	1823	3996	9	0	0	0	1	0	0	0	1	0	0	7.5	1	0	0	0	1	0	0	6.494		100.018	77.1294	0.0372919	0	0.372851	0.453597	17.5702	1		0	12.0705	47.9138	0	0	0	
2024-06-14 22:04:55	1823	3997	5	0	0	0	1	0	0	0	1	0	0	6.25	1	0	0	0	1	0	0	5.412		100.018	77.1294	0.0436822	0	0.436742	0.109556	17.1508	1		0	12.0705	47.9138	0	0	0	
2024-06-14 22:13:40	1890	3998	1	0	0	5	21	0	0	0	21	0	0	0.5	21	0	0	0	21	0	0	3.897		99.993	71.4546	0.0600799	0	0.600841	0.755292	16.9884	1		0	12.0616	43.6256	0	0	0	
2024-06-14 22:23:28	1965	3999	1	0	0	1.25	6	0	0	0	6	0	0	0.5	6	0	0	0	6	0	0	0.649		99.9899	70.0592	0.32031	0	3.20342	0.361804	15.0958	1		0.0088623	12.0705	43.3657	0	0	0	
2024-06-14 22:13:00	1885	4000	9	0	0	5	21	0	0	0	21	0	0	7	21	0	0	0	21	0	0	1.732		99.9943	71.7262	0.116143	0	1.1615	0.203989	14.5958	1		0	12.0616	43.8855	0	0	0	
2024-06-14 22:07:57	1846	4001	1	0	0	2	9	0	0	0	9	0	0	0.25	9	0	0	0	9	0	0	1.515		100.003	72.8538	0.124931	0	1.24927	0.152629	13.7364	1		0.0088623	12.0616	45.3149	0	0	0	
2024-06-14 22:11:47	1875	4002	5	0	0	4	17	0	0	0	17	0	0	7	17	0	0	0	17	0	0	2.598		99.9984	71.3217	0.0773057	0	0.77307	0.113705	14.572	1		0	12.0616	44.1454	0	0	0	
2024-06-14 22:09:36	1858	4003	9	0	0	3	13	0	0	0	13	0	0	5.5	13	0	0	0	13	0	0	2.165		100.009	73.2495	0.0929636	0	0.929552	0.0298048	14.6014	1		0	12.0705	44.7951	0	0	0	
2024-06-14 22:10:02	1861	4004	5	0	0	3	13	0	0	0	13	0	0	4.25	13	0	0	0	13	0	0	1.082		100.008	72.8355	0.185863	0	1.85849	0.236831	14.5965	1		0.0088623	12.0616	44.6651	0	0	0	
2024-06-14 22:16:23	1911	4005	5	0	0	7	29	0	0	0	29	0	0	7.75	29	0	0	0	29	0	0	0.649		99.9919	70.8789	0.346535	0	3.46563	0.44568	16.3314	1		0.0088623	12.0616	43.4956	0	0	0	
2024-06-14 22:16:04	1909	4006	9	0	0	7	29	0	0	0	29	0	0	6.5	29	0	0	0	29	0	0	0.433		99.9906	71.2543	0.503089	0	5.03137	0.573924	15.8065	1		0	12.0616	43.4956	0	0	0	
2024-06-14 22:07:07	1839	4007	9	0	0	1	5	0	0	0	5	0	0	6	5	0	0	0	5	0	0	4.33		100.008	73.1884	0.056742	0	0.567372	0.307137	17.8245	1		0.0088623	12.0616	45.9646	0	0	0	
2024-06-14 22:06:27	1834	4008	9	0	0	1	5	0	0	0	5	0	0	4.75	5	0	0	0	5	0	0	3.247		100.01	74.2757	0.0682487	0	0.682422	0.520807	16.0792	1		0	12.0705	46.3544	0	0	0	
2024-06-14 22:21:10	1948	4009	9	0	0	4.75	20	0	0	0	20	0	0	5	20	0	0	0	20	0	0	0.216		99.9905	69.9441	0.801121	0	8.01197	0.528729	12.5852	1		0	12.0616	43.2357	0	0	0	
2024-06-14 22:14:25	1896	4010	9	0	0	6	25	0	0	0	25	0	0	5	25	0	0	0	25	0	0	0.866		99.9949	71.1207	0.25125	0	2.51263	0.626488	15.7873	1		0	12.0616	43.6256	0	0	0	
2024-06-14 22:13:55	1892	4011	1	0	0	6	25	0	0	0	25	0	0	3.75	25	0	0	0	25	0	0	1.948		99.9892	71.1618	0.101063	0	1.01074	0.395415	14.289	1		0	12.0705	43.7555	0	0	0	
2024-06-14 22:06:05	1832	4012	1	0	0	1	5	0	0	0	5	0	0	0	5	0	0	0	5	0	0	0.866		100.008	72.9006	0.225901	0	2.25883	1.71581	14.1926	4		0.0088623	12.0616	46.7443	0	0	0	
2024-06-14 22:19:56	1939	4013	9	0	0	0.75	4	0	0	0	4	0	0	7	4	0	0	0	4	0	0	5.412		99.9942	70.3282	0.0433919	0	0.433944	0.0798987	17.0409	1		0	12.0616	43.3657	0	0	0	
2024-06-14 22:12:00	1877	4014	1	0	0	4	17	0	0	0	17	0	0	0.25	17	0	0	0	17	0	0	3.247		100	71.433	0.0604339	0	0.604338	0.167379	14.2394	1		0	12.0616	44.0154	0	0	0	
2024-06-14 22:17:32	1920	4015	1	0	0	7.75	32	0	0	0	32	0	0	2.75	32	0	0	0	32	0	0	4.33		99.9948	70.3705	0.0462998	0	0.463022	0.0722078	14.5463	2		0	12.0616	43.3657	0	0	0	
2024-06-14 22:14:02	1893	4016	1	0	0	6	25	0	0	0	25	0	0	0	25	0	0	0	25	0	0	5.195		99.9942	71.3011	0.0498218	0	0.498248	0.0860167	18.7835	1		0.0088623	12.0616	43.7555	0	0	0	
2024-06-14 22:08:13	1848	4017	1	0	0	2	9	0	0	0	9	0	0	2.75	9	0	0	0	9	0	0	0.649		100.007	72.08	0.321828	0	3.21806	0.0178127	15.1647	2		0	12.0616	45.3149	0	0	0	
2024-06-14 22:16:46	1914	4018	5	0	0	7	29	0	0	0	29	0	0	1.25	29	0	0	0	29	0	0	4.979		99.9904	70.9578	0.0480461	0	0.480507	0.0240863	17.3599	1		0	12.0616	43.4956	0	0	0	
2024-06-14 22:04:28	1820	4019	9	0	0	0	1	0	0	0	1	0	0	5.5	1	0	0	0	1	0	0	4.762		100.011	79.3115	0.0639794	0	0.639723	0.232067	22.1072	1		0.0088623	12.0793	48.3036	0	0	0	
2024-06-14 22:05:20	1826	4020	5	0	0	0	1	0	0	0	1	0	0	4.25	1	0	0	0	1	0	0	3.68		100.014	75.4527	0.0565375	0	0.565294	0.0943156	15.0953	1		0	12.0616	47.394	0	0	0	
