Time	MeasID	DPID	Channel	A(x)	A(y)	A(z)	A(adr)	B(x)	B(y)	B(z)	B(adr)	M(x)	M(y)	M(z)	M(adr)	N(x)	N(y)	N(z)	N(adr)	F(x)	F(y)	F(z)	Note	I(mA)	Uout(V)	U(V)	SP(V)	R(Ohm)	Var(%)	Rho-a(Ohm-m)	Cycles	IP Delay Window(mV/V)	Pint(V)	Pext(V)	T int(deg C)	T log(deg C)	Latitude	Longitude
2024-06-25 23:48:09	106	1	1	0	0	7.75	32	0	0	0	32	0	0	2	32	0	0	0	32	0	0	4.979		99.9939	39.8963	0.0424854	0	0.42488	0.195346	15.3502	1		0	12.0616	43.4956	0	0	0	
2024-06-25 23:42:59	65	2	9	0	0	5	21	0	0	0	21	0	0	7.5	21	0	0	0	21	0	0	2.165		100.003	40.1958	0.0906094	0	0.906066	0.283434	14.2324	1		0.0088623	11.9552	44.1454	0	0	0	
2024-06-25 23:43:13	67	3	5	0	0	5	21	0	0	0	21	0	0	6.25	21	0	0	0	21	0	0	1.082		100.005	40.1817	0.184887	0	1.84878	0.0330679	14.5203	2		0.0088623	12.0616	44.1454	0	0	0	
2024-06-25 23:40:23	44	4	1	0	0	3	13	0	0	0	13	0	0	1.75	13	0	0	0	13	0	0	1.082		100.009	40.4712	0.170293	0	1.70279	0.0233348	13.3737	1		0.0088623	11.9552	44.7951	0	0	0	
2024-06-25 23:48:01	105	5	9	0	0	7.75	32	0	0	0	32	0	0	6.75	32	0	0	0	32	0	0	0.866		99.9963	39.9035	0.239473	0	2.39482	0.16993	15.0471	1		0.0088623	12.0616	43.4956	0	0	0	
2024-06-25 23:53:29	149	6	1	0	0	3.25	14	0	0	0	14	0	0	2.5	14	0	0	0	14	0	0	0.649		99.9974	40.2348	0.283367	0	2.83375	0.404204	13.3537	1		0	12.0616	43.4956	0	0	0	
2024-06-25 23:41:35	54	7	5	0	0	4	17	0	0	0	17	0	0	7.5	17	0	0	0	17	0	0	3.031		100.004	39.8709	0.0661961	0	0.661935	0.405724	14.5567	1		0.0088623	12.0616	44.5352	0	0	0	
2024-06-25 23:41:06	50	8	1	0	0	4	17	0	0	0	17	0	0	6.25	17	0	0	0	17	0	0	1.948		100.007	39.9057	0.10113	0	1.01123	0.337826	14.2959	1		0.0088623	12.0616	44.6651	0	0	0	
2024-06-25 23:39:56	40	9	1	0	0	3	13	0	0	0	13	0	0	3.5	13	0	0	0	13	0	0	0.433		100.007	40.4738	0.447994	0	4.47961	0.194516	14.0731	1		0	12.0616	45.055	0	0	0	
2024-06-25 23:38:46	30	10	5	0	0	2	9	0	0	0	9	0	0	6.75	9	0	0	0	9	0	0	4.113		100.002	39.6516	0.0537077	0	0.537067	0.166524	16.0288	1		0.0088623	12.0616	45.5748	0	0	0	
2024-06-25 23:46:22	91	11	9	0	0	7	29	0	0	0	29	0	0	5.75	29	0	0	0	29	0	0	1.082		99.9955	39.9704	0.182006	0	1.82014	0.115938	14.2953	1		0	12.0616	43.6256	0	0	0	
2024-06-25 23:46:01	88	12	9	0	0	7	29	0	0	0	29	0	0	4.5	29	0	0	0	29	0	0	2.165		99.9945	40.0418	0.0907881	0	0.907931	0.331415	14.2617	1		0	12.0616	43.6256	0	0	0	
2024-06-25 23:36:43	14	13	9	0	0	1	5	0	0	0	5	0	0	5.25	5	0	0	0	5	0	0	3.68		100.011	39.2271	0.0660212	0	0.660138	0.0167087	17.628	2		0	11.9552	46.7443	0	0	0	
2024-06-25 23:36:36	13	14	9	0	0	1	5	0	0	0	5	0	0	4	5	0	0	0	5	0	0	2.598		100.01	39.2194	0.0732674	0	0.7326	0.200942	13.8092	1		0.0088623	12.0616	46.8742	0	0	0	
2024-06-25 23:51:56	137	15	1	0	0	4.75	20	0	0	0	20	0	0	3	20	0	0	0	20	0	0	1.515		99.997	39.9013	0.123807	0	1.23811	0.220231	13.6137	1		0	12.0616	43.4956	0	0	0	
2024-06-25 23:45:03	81	16	1	0	0	6	25	0	0	0	25	0	0	3	25	0	0	0	25	0	0	2.598		99.9946	40.1125	0.079501	0	0.795053	0.443962	14.9864	1		0.0088623	12.0616	43.6256	0	0	0	
2024-06-25 23:38:53	31	17	1	0	0	2	9	0	0	0	9	0	0	2.25	9	0	0	0	9	0	0	0.216		100.007	39.6723	0.813302	0	8.13249	0.0763116	12.7745	1		0.0088623	11.9552	45.4448	0	0	0	
2024-06-25 23:46:01	88	18	1	0	0	7	29	0	0	0	29	0	0	0.5	29	0	0	0	29	0	0	5.628		99.9945	40.0418	0.0427665	0	0.427689	0.352164	17.4671	1		0	12.0616	43.6256	0	0	0	
2024-06-25 23:35:12	2	19	1	0	0	0	1	0	0	0	1	0	0	3.5	1	0	0	0	1	0	0	3.031		100.012	39.5001	0.0781274	0	0.781178	0.723599	17.179	2		0	11.9641	48.4336	0	0	0	
2024-06-25 23:53:22	148	20	1	0	0	1.75	8	0	0	0	8	0	0	0	8	0	0	0	8	0	0	1.515		99.9991	40.0244	0.121814	0	1.21815	0.120451	13.3943	1		0	12.0616	43.4956	0	0	0	
2024-06-25 23:44:53	80	21	9	0	0	6	25	0	0	0	25	0	0	7	25	0	0	0	25	0	0	0.866		99.9959	40.1098	0.236506	0	2.36516	0.00131573	14.8607	2		0.0088623	12.0616	43.7555	0	0	0	
2024-06-25 23:52:40	142	22	1	0	0	6.5	27	0	0	0	27	0	0	1.25	27	0	0	0	27	0	0	4.546		99.9993	39.8715	0.0581836	0	0.58184	0.142241	19.193	1		0	12.0616	43.4956	0	0	0	
2024-06-25 23:48:16	107	23	5	0	0	7.75	32	0	0	0	32	0	0	1.25	32	0	0	0	32	0	0	5.628		99.9942	39.9129	0.0406213	0	0.406236	0.297758	16.591	1		0	12.0616	43.4956	0	0	0	
2024-06-25 23:43:06	66	24	9	0	0	5	21	0	0	0	21	0	0	5.5	21	0	0	0	21	0	0	0.433		100.004	40.2061	0.468439	0	4.68421	0.243623	14.7159	1		0	12.0616	44.1454	0	0	0	
2024-06-25 23:42:30	62	25	5	0	0	5	21	0	0	0	21	0	0	4.25	21	0	0	0	21	0	0	0.649		100.004	40.1851	0.302022	0	3.02008	0.197505	14.2318	4		0	12.0616	44.2753	0	0	0	
2024-06-25 23:39:49	39	26	1	0	0	3	13	0	0	0	13	0	0	1	13	0	0	0	13	0	0	1.732		100.005	40.514	0.107311	0	1.07305	0.442809	13.4843	1		0.0088623	12.0616	45.055	0	0	0	
2024-06-25 23:37:59	24	27	1	0	0	1	5	0	0	0	5	0	0	2	5	0	0	0	5	0	0	0.866		100.013	39.2085	0.202634	0	2.02608	0.0362884	12.7302	1		0.0088623	12.0616	45.9646	0	0	0	
2024-06-25 23:49:33	117	28	9	0	0	1.75	8	0	0	0	8	0	0	6	8	0	0	0	8	0	0	3.68		99.9915	40.0127	0.0644761	0	0.644816	0.428509	17.2189	1		0	12.0616	43.4956	0	0	0	
2024-06-25 23:41:20	52	29	1	0	0	4	17	0	0	0	17	0	0	2.25	17	0	0	0	17	0	0	1.515		100.008	39.8878	0.118706	0	1.18697	0.019896	13.0514	1		0	12.0616	44.5352	0	0	0	
2024-06-25 23:48:01	105	30	5	0	0	7.75	32	0	0	0	32	0	0	6	32	0	0	0	32	0	0	1.515		99.9963	39.9035	0.131057	0	1.31062	0.141154	14.411	1		0.0088623	12.0616	43.4956	0	0	0	
2024-06-25 23:47:33	101	31	9	0	0	7.75	32	0	0	0	32	0	0	4.75	32	0	0	0	32	0	0	2.598		99.9962	39.8894	0.0759826	0	0.759855	0.308762	14.3229	1		0.0088623	12.0616	43.6256	0	0	0	
2024-06-25 23:45:37	85	32	1	0	0	6	25	0	0	0	25	0	0	2	25	0	0	0	25	0	0	3.464		99.9922	40.1562	0.070037	0	0.700425	0.0997091	17.6036	1		0.0088623	12.0616	43.7555	0	0	0	
2024-06-25 23:40:59	49	33	9	0	0	4	17	0	0	0	17	0	0	5.5	17	0	0	0	17	0	0	1.299		100.003	39.9208	0.152155	0	1.5215	0.59283	14.3398	1		0.0088623	12.0616	44.6651	0	0	0	
2024-06-25 23:41:49	56	34	5	0	0	4	17	0	0	0	17	0	0	4.25	17	0	0	0	17	0	0	0.216		100.003	39.8355	0.935911	0	9.35882	0.0278694	14.7008	1		0	12.0616	44.4052	0	0	0	
2024-06-25 23:36:23	11	35	1	0	0	0	1	0	0	0	1	0	0	1.75	1	0	0	0	1	0	0	1.515		100.015	39.5049	0.118892	0	1.18875	0.0838531	13.0709	1		0.0088623	12.0616	47.1341	0	0	0	
2024-06-25 23:54:25	157	36	1	0	0	3.75	16	0	0	4	16	0	0	3.5	16	0	0	4.25	16	0	0	0.13		100.001	20.3419	0.671379	0	6.71374	0.0901803	10.5459	1		0	12.0616	43.3657	0	0	0	
2024-06-25 23:40:45	47	37	1	0	0	3	13	0	0	0	13	0	0	2.75	13	0	0	0	13	0	0	0.216		100.002	40.4771	0.791749	0	7.91734	0.190061	12.4365	1		0	12.0616	44.6651	0	0	0	
2024-06-25 23:38:53	31	38	5	0	0	2	9	0	0	0	9	0	0	6	9	0	0	0	9	0	0	3.464		100.007	39.6723	0.0697067	0	0.697021	0.23264	17.518	1		0.0088623	11.9552	45.4448	0	0	0	
2024-06-25 23:38:23	27	39	5	0	0	2	9	0	0	0	9	0	0	4.75	9	0	0	0	9	0	0	2.381		100.007	39.6997	0.0833321	0	0.833266	0.263501	14.3978	2		0	12.0616	45.8346	0	0	0	
2024-06-25 23:45:44	86	40	5	0	0	7	29	0	0	0	29	0	0	5	29	0	0	0	29	0	0	1.732		99.9965	40.0292	0.110804	0	1.10808	0.68462	13.9245	1		0.0088623	11.9552	43.7555	0	0	0	
2024-06-25 23:46:37	93	41	1	0	0	7	29	0	0	0	29	0	0	3.75	29	0	0	0	29	0	0	2.814		99.9955	39.967	0.071314	0	0.713172	0.430804	14.5632	1		0	12.0616	43.6256	0	0	0	
2024-06-25 23:36:36	13	42	1	0	0	1	5	0	0	0	5	0	0	3.25	5	0	0	0	5	0	0	1.948		100.01	39.2194	0.0944689	0	0.944593	0.187519	13.3539	1		0.0088623	12.0616	46.8742	0	0	0	
2024-06-25 23:49:05	114	43	9	0	0	2.75	12	0	0	0	12	0	0	5	12	0	0	0	12	0	0	1.948		99.9942	39.9134	0.0948992	0	0.949047	0.331351	13.4168	1		0	12.0616	43.4956	0	0	0	
2024-06-25 23:43:33	69	44	1	0	0	5	21	0	0	0	21	0	0	1.75	21	0	0	0	21	0	0	2.814		99.9995	40.1615	0.0814025	0	0.814029	0.621201	16.6228	1		0	12.0616	44.0154	0	0	0	
2024-06-25 23:39:08	33	45	5	0	0	2	9	0	0	0	9	0	0	1.5	9	0	0	0	9	0	0	0.433		100.005	39.638	0.431096	0	4.31077	0.12514	13.5427	1		0	11.9552	45.3149	0	0	0	
2024-06-25 23:36:30	12	46	1	0	0	0	1	0	0	0	1	0	0	2.75	1	0	0	0	1	0	0	2.381		100.01	39.5272	0.157135	0	1.57119	0.411105	27.1482	1		0.0088623	12.0616	46.8742	0	0	0	
2024-06-25 23:48:59	113	47	9	0	0	3.25	14	0	0	0	14	0	0	4.5	14	0	0	0	14	0	0	1.082		99.9954	40.2414	0.16959	0	1.69598	0.386854	13.3202	1		0	12.0616	43.4956	0	0	0	
2024-06-25 23:39:42	38	48	5	0	0	3	13	0	0	0	13	0	0	6.75	13	0	0	0	13	0	0	3.247		100.006	40.5263	0.0672849	0	0.672811	0.210594	15.8527	1		0.0088623	12.0616	45.055	0	0	0	
2024-06-25 23:37:24	19	49	9	0	0	1	5	0	0	0	5	0	0	7.25	5	0	0	0	5	0	0	5.412		100.01	39.1765	0.0622917	0	0.622852	0.276458	24.4594	1		0	12.0616	46.3544	0	0	0	
2024-06-25 23:44:46	79	50	9	0	0	6	25	0	0	0	25	0	0	7.5	25	0	0	0	25	0	0	1.299		99.9968	40.1291	0.152199	0	1.52204	0.0368358	14.3449	1		0.0088623	11.9552	43.7555	0	0	0	
2024-06-25 23:44:39	78	51	5	0	0	6	25	0	0	0	25	0	0	6.25	25	0	0	0	25	0	0	0.216		99.9991	40.1226	0.901051	0	9.0106	0.190722	14.1538	1		0	12.0616	43.7555	0	0	0	
2024-06-25 23:48:30	109	52	5	0	0	7.75	32	0	0	0	32	0	0	0.5	32	0	0	0	32	0	0	6.278		99.996	39.9238	0.0364906	0	0.364921	0.0643364	16.6233	1		0.0088623	12.0616	43.4956	0	0	0	
2024-06-25 23:42:45	63	53	1	0	0	5	21	0	0	0	21	0	0	3.5	21	0	0	0	21	0	0	1.299		100.001	40.2089	0.140231	0	1.4023	0.188753	13.2164	1		0	12.0616	44.1454	0	0	0	
2024-06-25 23:40:38	46	54	5	0	0	3	13	0	0	0	13	0	0	0.25	13	0	0	0	13	0	0	2.381		100.006	40.4931	0.0781591	0	0.781543	0.284635	13.5041	1		0.0088623	12.0616	44.7951	0	0	0	
2024-06-25 23:37:52	23	55	5	0	0	1	5	0	0	0	5	0	0	1.25	5	0	0	0	5	0	0	0.216		100.011	39.2078	0.806054	0	8.05969	0.220947	12.6601	1		0.0088623	12.0616	45.9646	0	0	0	
2024-06-25 23:42:10	59	56	1	0	0	4	17	0	0	0	17	0	0	1.5	17	0	0	0	17	0	0	2.165		100.003	39.8278	0.0862458	0	0.862435	0.367441	13.5471	1		0.0088623	12.0616	44.2753	0	0	0	
2024-06-25 23:49:39	118	57	9	0	0	1.5	7	0	0	0	7	0	0	6.25	7	0	0	0	7	0	0	4.113		99.9934	39.3191	0.0679564	0	0.679608	0.724418	20.283	2		0	11.9552	43.4956	0	0	0	
2024-06-25 23:47:48	103	58	9	0	0	7.75	32	0	0	0	32	0	0	5.25	32	0	0	0	32	0	0	2.165		99.9934	39.895	0.0903358	0	0.903418	0.0218523	14.1909	1		0	12.0616	43.6256	0	0	0	
2024-06-25 23:47:19	99	59	9	0	0	7.75	32	0	0	0	32	0	0	4	32	0	0	0	32	0	0	3.247		99.998	39.8673	0.0606309	0	0.606321	0.273703	14.2861	1		0.0088623	12.0616	43.6256	0	0	0	
2024-06-25 23:45:27	84	60	5	0	0	6	25	0	0	0	25	0	0	1.25	25	0	0	0	25	0	0	4.113		99.9929	40.1223	0.062512	0	0.625165	0.097004	18.6581	2		0.0088623	11.9552	43.7555	0	0	0	
2024-06-25 23:42:03	58	61	5	0	0	4	17	0	0	0	17	0	0	3.5	17	0	0	0	17	0	0	0.433		100.002	39.8426	0.483549	0	4.83538	0.137425	15.1908	1		0	12.0616	44.2753	0	0	0	
2024-06-25 23:35:55	7	62	1	0	0	0	1	0	0	0	1	0	0	1	1	0	0	0	1	0	0	0.866		100.013	39.4715	0.208085	0	2.08058	0.0653584	13.0726	1		0.0088623	12.0616	47.5239	0	0	0	
2024-06-25 23:38:06	25	63	5	0	0	2	9	0	0	0	9	0	0	5.25	9	0	0	0	9	0	0	2.814		100.008	39.7149	0.0862069	0	0.862001	0.296714	17.6024	2		0	12.0616	45.9646	0	0	0	
2024-06-25 23:38:46	30	64	9	0	0	2	9	0	0	0	9	0	0	4	9	0	0	0	9	0	0	1.732		100.002	39.6516	0.106363	0	1.06361	0.169812	13.3657	1		0.0088623	12.0616	45.5748	0	0	0	
2024-06-25 23:53:36	150	65	1	0	0	3.5	15	0	0	0	15	0	0	2.25	15	0	0	0	15	0	0	1.082		99.9985	39.4412	0.165835	0	1.65837	0.293255	13.0248	1		0	12.0616	43.4956	0	0	0	
2024-06-25 23:47:11	98	66	1	0	0	7	29	0	0	0	29	0	0	3	29	0	0	0	29	0	0	3.464		99.9959	40.011	0.059292	0	0.592944	0.325923	14.9023	1		0	12.0616	43.6256	0	0	0	
2024-06-25 23:36:53	15	67	1	0	0	1	5	0	0	0	5	0	0	2.5	5	0	0	0	5	0	0	1.299		100.01	39.2154	0.144002	0	1.43988	0.558693	13.5705	1		0.0088623	12.0616	46.7443	0	0	0	
2024-06-25 23:35:48	6	68	5	0	0	0	1	0	0	0	1	0	0	6.75	1	0	0	0	1	0	0	5.845		100.014	39.4635	0.0401847	0	0.40179	0.035635	17.0405	1		0	11.9552	47.6539	0	0	0	
2024-06-25 23:50:39	126	69	1	0	0	2.75	12	0	0	0	12	0	0	3	12	0	0	0	12	0	0	0.216		99.998	39.8793	0.795105	0	7.95121	0.183712	12.4897	1		0.0088623	12.0616	43.4956	0	0	0	
2024-06-25 23:43:40	70	70	5	0	0	5	21	0	0	0	21	0	0	1	21	0	0	0	21	0	0	3.464		99.9948	40.1663	0.066586	0	0.665895	0.580772	16.7358	1		0	11.9552	44.0154	0	0	0	
2024-06-25 23:55:43	166	71	1	0	0	0.5	3	0	0	7.25	3	0	0	2.75	3	0	0	5	3	0	0	1.168		100.002	21.6882	0.070373	0	0.703715	0.173904	9.94854	2		0.0088623	12.0616	43.6256	0	0	0	
2024-06-25 23:51:21	132	72	9	0	0	6.75	28	0	0	0	28	0	0	7	28	0	0	0	28	0	0	0.216		99.9965	39.6946	0.868613	0	8.68644	0.529155	13.6446	1		0.0088623	12.0616	43.4956	0	0	0	
2024-06-25 23:39:21	35	73	5	0	0	2	9	0	0	0	9	0	0	0.75	9	0	0	0	9	0	0	1.082		100.012	39.6525	0.163927	0	1.63908	0.0585567	12.8733	1		0	12.0616	45.1849	0	0	0	
2024-06-25 23:40:17	43	74	5	0	0	3	13	0	0	0	13	0	0	6	13	0	0	0	13	0	0	2.598		100.008	40.4625	0.0791203	0	0.79114	0.11839	14.9126	1		0.0088623	12.0616	44.925	0	0	0	
2024-06-25 23:39:49	39	75	9	0	0	3	13	0	0	0	13	0	0	4.75	13	0	0	0	13	0	0	1.515		100.005	40.514	0.12346	0	1.23453	0.313333	13.5744	1		0.0088623	12.0616	45.055	0	0	0	
2024-06-25 23:37:31	20	76	5	0	0	1	5	0	0	0	5	0	0	7.75	5	0	0	0	5	0	0	5.845		100.012	39.2014	0.0390078	0	0.39003	0.0682576	16.5418	1		0	12.0616	46.2245	0	0	0	
2024-06-25 23:37:24	19	77	5	0	0	1	5	0	0	0	5	0	0	6.5	5	0	0	0	5	0	0	4.762		100.01	39.1765	0.0523153	0	0.523099	0.617	18.077	1		0	12.0616	46.3544	0	0	0	
2024-06-25 23:44:32	77	78	9	0	0	6	25	0	0	0	25	0	0	5.5	25	0	0	0	25	0	0	0.433		99.9962	40.104	0.487263	0	4.87281	0.0904275	15.3084	1		0.0088623	12.0616	43.8855	0	0	0	
2024-06-25 23:44:08	74	79	5	0	0	6	25	0	0	0	25	0	0	4.25	25	0	0	0	25	0	0	1.515		99.995	40.1198	0.128655	0	1.28662	0.5229	14.1471	1		0	11.9552	43.8855	0	0	0	
2024-06-25 23:44:01	73	80	1	0	0	5	21	0	0	0	21	0	0	2.75	21	0	0	0	21	0	0	1.948		99.9971	40.1651	0.0952156	0	0.952184	0.253896	13.4612	1		0	12.0616	44.0154	0	0	0	
2024-06-25 23:37:52	23	81	1	0	0	1	5	0	0	0	5	0	0	0.5	5	0	0	0	5	0	0	0.433		100.011	39.2078	0.452933	0	4.52885	0.259515	14.2278	1		0.0088623	12.0616	45.9646	0	0	0	
2024-06-25 23:40:59	49	82	1	0	0	4	17	0	0	0	17	0	0	0.75	17	0	0	0	17	0	0	2.814		100.003	39.9208	0.0728178	0	0.728156	0.715745	14.8692	1		0.0088623	12.0616	44.6651	0	0	0	
2024-06-25 23:47:33	101	83	1	0	0	7.75	32	0	0	0	32	0	0	3.25	32	0	0	0	32	0	0	3.897		99.9962	39.8894	0.0514919	0	0.514938	0.292483	14.5595	1		0.0088623	12.0616	43.6256	0	0	0	
2024-06-25 23:54:53	161	84	1	0	0	2.75	12	0	0	5	12	0	0	0.5	12	0	0	7.25	12	0	0	1.168		100.001	21.8335	0.0699698	0	0.699688	0.377946	9.89161	1		0	11.973	43.4956	0	0	0	
2024-06-25 23:49:49	119	85	9	0	0	1.25	6	0	0	0	6	0	0	6.5	6	0	0	0	6	0	0	4.546		99.993	39.8098	0.0529123	0	0.529161	0.286434	17.4553	1		0	12.0616	43.4956	0	0	0	
2024-06-25 23:44:08	74	86	1	0	0	6	25	0	0	0	25	0	0	0.5	25	0	0	0	25	0	0	4.762		99.995	40.1198	0.0552187	0	0.552214	0.905359	19.0832	1		0	11.9552	43.8855	0	0	0	
2024-06-25 23:42:17	60	87	5	0	0	4	17	0	0	0	17	0	0	2.75	17	0	0	0	17	0	0	1.082		100.003	39.8265	0.166914	0	1.66909	0.153575	13.109	1		0.0088623	12.0616	44.2753	0	0	0	
2024-06-25 23:35:38	5	88	1	0	0	0	1	0	0	0	1	0	0	0.25	1	0	0	0	1	0	0	0.216		100.019	39.4638	0.807146	0	8.06992	0.0233475	12.6762	2		0.0088623	11.9552	47.9138	0	0	0	
2024-06-25 23:38:16	26	89	1	0	0	2	9	0	0	0	9	0	0	3.25	9	0	0	0	9	0	0	1.082		100.008	39.7084	0.167002	0	1.66989	0.211499	13.1153	1		0	11.9552	45.8346	0	0	0	
2024-06-25 23:46:50	95	90	1	0	0	7	29	0	0	0	29	0	0	1.75	29	0	0	0	29	0	0	4.546		99.9943	39.992	0.0529767	0	0.529798	0.372143	17.4763	1		0	12.0616	43.6256	0	0	0	
2024-06-25 23:36:02	8	91	9	0	0	0	1	0	0	0	1	0	0	6	1	0	0	0	1	0	0	5.195		100.013	39.4725	0.0579407	0	0.57933	0.62474	21.8402	1		0	12.0616	47.394	0	0	0	
2024-06-25 23:35:01	1	92	9	0	0	0	1	0	0	0	1	0	0	4.75	1	0	0	0	1	0	0	4.113		100.012	39.5578	0.0527454	0	0.527388	0.993201	15.74	1		0.0088623	12.0793	48.4336	0	0	0	
2024-06-25 23:52:53	144	93	1	0	0	7.25	30	0	0	0	30	0	0	0.5	30	0	0	0	30	0	0	5.845		99.999	39.8555	0.0546586	0	0.546591	0.556738	23.1818	1		0	12.0616	43.4956	0	0	0	
2024-06-25 23:43:53	72	94	1	0	0	5	21	0	0	0	21	0	0	0.25	21	0	0	0	21	0	0	4.113		99.9975	40.1629	0.0515223	0	0.515236	0.189122	15.3773	1		0	12.0616	43.8855	0	0	0	
2024-06-25 23:43:23	68	95	9	0	0	5	21	0	0	0	21	0	0	6.75	21	0	0	0	21	0	0	1.515		100.001	40.1706	0.137079	0	1.37078	0.231662	15.0725	2		0	12.0616	44.0154	0	0	0	
2024-06-25 23:40:17	43	96	1	0	0	3	13	0	0	0	13	0	0	2.25	13	0	0	0	13	0	0	0.649		100.008	40.4625	0.28493	0	2.84907	0.213493	13.4259	1		0.0088623	12.0616	44.925	0	0	0	
2024-06-25 23:38:06	25	97	1	0	0	2	9	0	0	0	9	0	0	0	9	0	0	0	9	0	0	1.732		100.008	39.7149	0.164795	0	1.64782	0.956749	20.7072	2		0	12.0616	45.9646	0	0	0	
2024-06-25 23:51:28	133	98	9	0	0	6.5	27	0	0	0	27	0	0	7.25	27	0	0	0	27	0	0	0.649		99.9961	39.9057	0.320508	0	3.2052	0.250435	15.1042	1		0	12.0616	43.4956	0	0	0	
2024-06-25 23:47:40	102	99	5	0	0	7.75	32	0	0	0	32	0	0	7.25	32	0	0	0	32	0	0	0.433		99.9971	39.8809	0.489399	0	4.89413	0.0968478	15.3754	1		0	12.0616	43.2357	0	0	0	
2024-06-25 23:53:01	145	100	1	0	0	7.5	31	0	0	0	31	0	0	0.25	31	0	0	0	31	0	0	6.278		100.001	39.5736	0.035756	0	0.357556	0.146082	16.2878	1		0.0088623	12.0616	43.4956	0	0	0	
2024-06-25 23:50:18	123	101	1	0	0	0.75	4	0	0	0	4	0	0	1	4	0	0	0	4	0	0	0.216		99.9984	39.9187	0.818883	0	8.18896	0.0835776	12.8632	1		0.0088623	11.9552	43.4956	0	0	0	
2024-06-25 23:52:09	139	102	1	0	0	5.5	23	0	0	0	23	0	0	2.25	23	0	0	0	23	0	0	2.814		99.9981	39.7458	0.096944	0	0.969458	0.335264	19.7967	2		0.0088623	11.9552	43.4956	0	0	0	
2024-06-25 23:41:20	52	103	9	0	0	4	17	0	0	0	17	0	0	6.75	17	0	0	0	17	0	0	2.381		100.008	39.8878	0.084486	0	0.844794	0.151584	14.597	1		0	12.0616	44.5352	0	0	0	
2024-06-25 23:40:03	41	104	5	0	0	3	13	0	0	0	13	0	0	5.25	13	0	0	0	13	0	0	1.948		100.007	40.511	0.101619	0	1.01611	0.0380544	14.3649	1		0.0088623	12.0616	44.925	0	0	0	
2024-06-25 23:39:35	37	105	9	0	0	3	13	0	0	0	13	0	0	4	13	0	0	0	13	0	0	0.866		100.005	40.5166	0.216677	0	2.16666	0.437672	13.6135	1		0	12.0616	45.055	0	0	0	
2024-06-25 23:38:16	26	106	5	0	0	2	9	0	0	0	9	0	0	7.25	9	0	0	0	9	0	0	4.546		100.008	39.7084	0.0539782	0	0.53974	0.45525	17.8042	1		0	11.9552	45.8346	0	0	0	
2024-06-25 23:46:22	91	107	5	0	0	7	29	0	0	0	29	0	0	7.5	29	0	0	0	29	0	0	0.433		99.9955	39.9704	0.471668	0	4.71689	0.168091	14.8186	1		0	12.0616	43.6256	0	0	0	
2024-06-25 23:46:30	92	108	9	0	0	7	29	0	0	0	29	0	0	6.25	29	0	0	0	29	0	0	0.649		99.9938	39.9802	0.315939	0	3.15959	0.222442	14.8892	1		0	12.0616	43.6256	0	0	0	
2024-06-25 23:37:08	17	109	5	0	0	1	5	0	0	0	5	0	0	5.75	5	0	0	0	5	0	0	4.113		100.011	39.1826	0.0521224	0	0.521165	0.142421	15.5542	1		0	12.0616	46.6143	0	0	0	
2024-06-25 23:36:53	15	110	9	0	0	1	5	0	0	0	5	0	0	4.5	5	0	0	0	5	0	0	3.031		100.01	39.2154	0.0732939	0	0.732867	0.374289	16.1166	1		0.0088623	12.0616	46.7443	0	0	0	
2024-06-25 23:44:32	77	111	1	0	0	6	25	0	0	0	25	0	0	3.5	25	0	0	0	25	0	0	2.165		99.9962	40.104	0.0879098	0	0.879131	0.0852828	13.8094	1		0.0088623	12.0616	43.8855	0	0	0	
2024-06-25 23:41:13	51	112	1	0	0	4	17	0	0	0	17	0	0	0	17	0	0	0	17	0	0	3.464		100.003	39.9001	0.06444	0	0.644382	0.130655	16.1951	1		0.0088623	12.0616	44.2753	0	0	0	
2024-06-25 23:47:48	103	113	1	0	0	7.75	32	0	0	0	32	0	0	2.5	32	0	0	0	32	0	0	4.546		99.9934	39.895	0.0484677	0	0.484709	0.718075	15.989	1		0	12.0616	43.6256	0	0	0	
2024-06-25 23:38:33	28	114	1	0	0	2	9	0	0	0	9	0	0	2.5	9	0	0	0	9	0	0	0.433		100.004	39.6886	0.427728	0	4.27711	0.0255306	13.4369	1		0	12.0616	45.7047	0	0	0	
2024-06-25 23:46:16	90	115	1	0	0	7	29	0	0	0	29	0	0	1	29	0	0	0	29	0	0	5.195		99.9957	40.0034	0.0464072	0	0.464092	0.415327	17.4959	1		0	12.0616	43.6256	0	0	0	
2024-06-25 23:35:22	3	116	5	0	0	0	1	0	0	0	1	0	0	5.25	1	0	0	0	1	0	0	4.546		100.018	39.4757	0.0510344	0	0.510251	0.128989	16.8315	2		0.0088623	11.9641	48.1737	0	0	0	
2024-06-25 23:35:55	7	117	9	0	0	0	1	0	0	0	1	0	0	4	1	0	0	0	1	0	0	3.464		100.013	39.4715	0.0632979	0	0.632897	0.225295	15.9064	1		0.0088623	12.0616	47.5239	0	0	0	
2024-06-25 23:48:01	105	118	1	0	0	7.75	32	0	0	0	32	0	0	1.75	32	0	0	0	32	0	0	5.195		99.9963	39.9035	0.0439023	0	0.439039	0.0501883	16.5514	1		0.0088623	12.0616	43.4956	0	0	0	
2024-06-25 23:43:13	67	119	9	0	0	5	21	0	0	0	21	0	0	6	21	0	0	0	21	0	0	0.866		100.005	40.1817	0.228585	0	2.28574	0.00368189	14.3617	2		0.0088623	12.0616	44.1454	0	0	0	
2024-06-25 23:42:52	64	120	9	0	0	5	21	0	0	0	21	0	0	4.75	21	0	0	0	21	0	0	0.216		100.003	40.2124	0.82818	0	8.28156	0.209792	13.0086	1		0.0088623	12.0616	44.1454	0	0	0	
2024-06-25 23:39:35	37	121	1	0	0	3	13	0	0	0	13	0	0	1.5	13	0	0	0	13	0	0	1.299		100.005	40.5166	0.139971	0	1.39963	0.298981	13.1912	1		0	12.0616	45.055	0	0	0	
2024-06-25 23:47:26	100	122	9	0	0	7.75	32	0	0	0	32	0	0	6.5	32	0	0	0	32	0	0	1.082		99.9962	39.9093	0.186605	0	1.86613	0.228671	14.6565	1		0	12.0616	43.6256	0	0	0	
2024-06-25 23:49:23	116	123	9	0	0	2.25	10	0	0	0	10	0	0	5.5	10	0	0	0	10	0	0	2.814		99.9939	40.313	0.0940098	0	0.940155	0.0252271	19.1983	2		0.0088623	12.0616	43.4956	0	0	0	
2024-06-25 23:54:47	160	124	1	0	0	3	13	0	0	4.75	13	0	0	1.25	13	0	0	6.5	13	0	0	0.908		99.9984	22.2081	0.0788983	0	0.788996	0.834673	8.67546	1		0	12.0616	43.4956	0	0	0	
2024-06-25 23:41:27	53	125	9	0	0	4	17	0	0	0	17	0	0	6	17	0	0	0	17	0	0	1.732		100.004	39.8787	0.111181	0	1.11177	0.159001	13.9709	1		0	12.0616	44.5352	0	0	0	
2024-06-25 23:41:27	53	126	5	0	0	4	17	0	0	0	17	0	0	4.75	17	0	0	0	17	0	0	0.649		100.004	39.8787	0.316602	0	3.1659	0.187528	14.919	1		0	12.0616	44.5352	0	0	0	
2024-06-25 23:36:23	11	127	5	0	0	0	1	0	0	0	1	0	0	2.25	1	0	0	0	1	0	0	1.948		100.015	39.5049	0.117421	0	1.17403	0.561575	16.5975	1		0.0088623	12.0616	47.1341	0	0	0	
2024-06-25 23:54:40	159	128	1	0	0	3.25	14	0	0	4.5	14	0	0	2	14	0	0	5.75	14	0	0	0.649		99.9982	21.9193	0.137618	0	1.37621	0.423658	10.8087	1		0	12.0616	43.4956	0	0	0	
2024-06-25 23:40:03	41	129	1	0	0	3	13	0	0	0	13	0	0	3.25	13	0	0	0	13	0	0	0.216		100.007	40.511	0.816236	0	8.16176	0.168379	12.8205	1		0.0088623	12.0616	44.925	0	0	0	
2024-06-25 23:38:33	28	130	5	0	0	2	9	0	0	0	9	0	0	7.75	9	0	0	0	9	0	0	4.979		100.004	39.6886	0.0434562	0	0.434544	0.33377	15.6993	1		0	12.0616	45.7047	0	0	0	
2024-06-25 23:39:01	32	131	5	0	0	2	9	0	0	0	9	0	0	6.5	9	0	0	0	9	0	0	3.897		100.005	39.711	0.0550751	0	0.550721	0.0873528	15.5713	1		0.0088623	12.0616	45.4448	0	0	0	
2024-06-25 23:46:30	92	132	5	0	0	7	29	0	0	0	29	0	0	5.5	29	0	0	0	29	0	0	1.299		99.9938	39.9802	0.15141	0	1.51419	0.247583	14.2709	1		0	12.0616	43.6256	0	0	0	
2024-06-25 23:46:01	88	133	5	0	0	7	29	0	0	0	29	0	0	4.25	29	0	0	0	29	0	0	2.381		99.9945	40.0418	0.083099	0	0.831036	0.292023	14.3593	1		0	12.0616	43.6256	0	0	0	
2024-06-25 23:37:08	17	134	9	0	0	1	5	0	0	0	5	0	0	5	5	0	0	0	5	0	0	3.464		100.011	39.1826	0.0610249	0	0.61018	0.0872332	15.3355	1		0	12.0616	46.6143	0	0	0	
2024-06-25 23:36:43	14	135	1	0	0	1	5	0	0	0	5	0	0	3.75	5	0	0	0	5	0	0	2.381		100.011	39.2271	0.0837928	0	0.837835	0.046488	14.4768	2		0	11.9552	46.7443	0	0	0	
2024-06-25 23:45:17	83	136	5	0	0	6	25	0	0	0	25	0	0	2.75	25	0	0	0	25	0	0	2.814		99.9977	40.0997	0.0714396	0	0.714413	0.0269687	14.5886	2		0	12.0616	43.7555	0	0	0	
2024-06-25 23:43:06	66	137	1	0	0	5	21	0	0	0	21	0	0	2.25	21	0	0	0	21	0	0	2.381		100.004	40.2061	0.0807254	0	0.807223	0.22292	13.9478	1		0	12.0616	44.1454	0	0	0	
2024-06-25 23:46:44	94	138	1	0	0	7	29	0	0	0	29	0	0	0.25	29	0	0	0	29	0	0	5.845		99.9992	39.985	0.0390681	0	0.390684	0.600408	16.5695	1		0.0088623	12.0616	43.6256	0	0	0	
2024-06-25 23:36:15	10	139	5	0	0	0	1	0	0	0	1	0	0	3.25	1	0	0	0	1	0	0	2.814		100.014	39.4857	0.0704095	0	0.703994	0.03763	14.3758	1		0	11.9641	47.1341	0	0	0	
2024-06-25 23:39:56	40	140	9	0	0	3	13	0	0	0	13	0	0	7.25	13	0	0	0	13	0	0	3.68		100.007	40.4738	0.0688516	0	0.688465	0.150316	18.3845	1		0	12.0616	45.055	0	0	0	
2024-06-25 23:44:53	80	141	5	0	0	6	25	0	0	0	25	0	0	6.75	25	0	0	0	25	0	0	0.649		99.9959	40.1098	0.330219	0	3.30233	0.0172207	15.5618	2		0.0088623	12.0616	43.7555	0	0	0	
2024-06-25 23:48:45	111	142	9	0	0	3.75	16	0	0	0	16	0	0	4	16	0	0	0	16	0	0	0.216		99.9939	39.8873	0.922516	0	9.22572	0.468896	14.4917	1		0	12.0616	43.4956	0	0	0	
2024-06-25 23:48:16	107	143	1	0	0	7.75	32	0	0	0	32	0	0	1	32	0	0	0	32	0	0	5.845		99.9942	39.9129	0.0390578	0	0.390601	0.382281	16.566	1		0	12.0616	43.4956	0	0	0	
2024-06-25 23:42:52	64	144	5	0	0	5	21	0	0	0	21	0	0	5.25	21	0	0	0	21	0	0	0.216		100.003	40.2124	0.849755	0	8.4973	0.20815	13.3475	1		0.0088623	12.0616	44.1454	0	0	0	
2024-06-25 23:42:30	62	145	9	0	0	5	21	0	0	0	21	0	0	4	21	0	0	0	21	0	0	0.866		100.004	40.1851	0.221639	0	2.21629	1.51638	13.9254	4		0	12.0616	44.2753	0	0	0	
2024-06-25 23:40:51	48	146	1	0	0	3	13	0	0	0	13	0	0	0.75	13	0	0	0	13	0	0	1.948		100.005	40.4747	0.0979096	0	0.979048	0.214119	13.841	1		0.0088623	11.9552	44.6651	0	0	0	
2024-06-25 23:37:08	17	147	1	0	0	1	5	0	0	0	5	0	0	1.75	5	0	0	0	5	0	0	0.649		100.011	39.1826	0.291814	0	2.91781	0.0338078	13.7499	1		0	12.0616	46.6143	0	0	0	
2024-06-25 23:42:10	59	148	5	0	0	4	17	0	0	0	17	0	0	2	17	0	0	0	17	0	0	1.732		100.003	39.8278	0.106271	0	1.06268	0.241185	13.354	1		0.0088623	12.0616	44.2753	0	0	0	
2024-06-25 23:47:54	104	149	5	0	0	7.75	32	0	0	0	32	0	0	5.75	32	0	0	0	32	0	0	1.732		99.993	39.8974	0.113509	0	1.13517	0.0899411	14.265	1		0	12.0616	43.3657	0	0	0	
2024-06-25 23:47:26	100	150	5	0	0	7.75	32	0	0	0	32	0	0	4.5	32	0	0	0	32	0	0	2.814		99.9962	39.9093	0.0704527	0	0.704554	0.0731215	14.3872	1		0	12.0616	43.6256	0	0	0	
2024-06-25 23:50:53	128	151	1	0	0	2.25	10	0	0	0	10	0	0	3.5	10	0	0	0	10	0	0	1.082		99.997	40.3178	0.166748	0	1.66753	0.1234	13.0967	1		0.0088623	12.0616	43.4956	0	0	0	
2024-06-25 23:50:11	122	152	9	0	0	0.25	2	0	0	0	2	0	0	7.5	2	0	0	0	2	0	0	6.278		100.002	39.7919	0.0374446	0	0.374438	0.153164	17.0568	1		0	12.0616	43.4956	0	0	0	
2024-06-25 23:45:37	85	153	5	0	0	6	25	0	0	0	25	0	0	1.75	25	0	0	0	25	0	0	3.68		99.9922	40.1562	0.0729828	0	0.729885	0.68443	19.4905	1		0.0088623	12.0616	43.7555	0	0	0	
2024-06-25 23:41:13	51	154	5	0	0	4	17	0	0	0	17	0	0	5.25	17	0	0	0	17	0	0	1.082		100.003	39.9001	0.181344	0	1.81339	0.3037	14.2423	1		0.0088623	12.0616	44.2753	0	0	0	
2024-06-25 23:35:01	1	155	1	0	0	0	1	0	0	0	1	0	0	1.5	1	0	0	0	1	0	0	1.299		100.012	39.5578	0.135914	0	1.35897	0.285487	12.808	1		0.0088623	12.0793	48.4336	0	0	0	
2024-06-25 23:40:10	42	156	1	0	0	3	13	0	0	0	13	0	0	2.5	13	0	0	0	13	0	0	0.433		100.002	40.4721	0.431493	0	4.31486	0.325476	13.5555	1		0	11.9552	44.925	0	0	0	
2024-06-25 23:38:40	29	157	5	0	0	2	9	0	0	0	9	0	0	5.75	9	0	0	0	9	0	0	3.247		100.002	39.6535	0.0653747	0	0.653736	0.269831	15.4033	1		0	11.9552	45.5748	0	0	0	
2024-06-25 23:38:40	29	158	9	0	0	2	9	0	0	0	9	0	0	4.5	9	0	0	0	9	0	0	2.165		100.002	39.6535	0.0896326	0	0.896311	0.292971	14.0792	1		0	11.9552	45.5748	0	0	0	
2024-06-25 23:47:05	97	159	1	0	0	7	29	0	0	0	29	0	0	3.5	29	0	0	0	29	0	0	3.031		99.9965	39.9984	0.065203	0	0.652053	0.0297572	14.3394	1		0.0088623	12.0616	43.6256	0	0	0	
2024-06-25 23:37:31	20	160	1	0	0	1	5	0	0	0	5	0	0	3	5	0	0	0	5	0	0	1.732		100.012	39.2014	0.108107	0	1.08094	0.070613	13.5835	1		0	12.0616	46.2245	0	0	0	
2024-06-25 23:35:12	2	161	5	0	0	0	1	0	0	0	1	0	0	7.25	1	0	0	0	1	0	0	6.278		100.012	39.5001	0.0396457	0	0.396408	0.0211346	18.0576	2		0	11.9641	48.4336	0	0	0	
2024-06-25 23:43:23	68	162	1	0	0	5	21	0	0	0	21	0	0	1.5	21	0	0	0	21	0	0	3.031		100.001	40.1706	0.0737464	0	0.737455	0.28848	16.2175	2		0	12.0616	44.0154	0	0	0	
2024-06-25 23:39:08	33	163	1	0	0	2	9	0	0	0	9	0	0	1.25	9	0	0	0	9	0	0	0.649		100.005	39.638	0.277563	0	2.77551	0.206625	13.0793	1		0	11.9552	45.3149	0	0	0	
2024-06-25 23:53:15	147	164	1	0	0	1.5	7	0	0	0	7	0	0	0.25	7	0	0	0	7	0	0	1.082		99.9997	39.1839	0.163136	0	1.63136	0.113869	12.8127	1		0	12.0616	43.4956	0	0	0	
2024-06-25 23:35:48	6	165	1	0	0	0	1	0	0	0	1	0	0	2.5	1	0	0	0	1	0	0	2.165		100.014	39.4635	0.090223	0	0.902103	0.0549988	14.1702	1		0	11.9552	47.6539	0	0	0	
2024-06-25 23:52:30	141	166	1	0	0	6.25	26	0	0	0	26	0	0	1.5	26	0	0	0	26	0	0	4.113		99.9992	40.0113	0.0596593	0	0.596598	0.954572	17.8056	2		0.0088623	12.0616	43.4956	0	0	0	
2024-06-25 23:54:12	155	167	9	0	0	7.25	30	0	0	0	30	0	0	6.5	30	0	0	0	30	0	0	0.649		99.9946	39.8093	0.314129	0	3.14145	0.319698	14.8038	1		0	12.0616	43.4956	0	0	0	
2024-06-25 23:40:10	42	168	5	0	0	3	13	0	0	0	13	0	0	7.75	13	0	0	0	13	0	0	4.113		100.002	40.4721	0.050468	0	0.504672	0.463965	15.062	1		0	11.9552	44.925	0	0	0	
2024-06-25 23:40:23	44	169	5	0	0	3	13	0	0	0	13	0	0	6.5	13	0	0	0	13	0	0	3.031		100.009	40.4712	0.0696451	0	0.696392	0.790057	15.3145	1		0.0088623	11.9552	44.7951	0	0	0	
2024-06-25 23:37:14	18	170	9	0	0	1	5	0	0	0	5	0	0	7	5	0	0	0	5	0	0	5.195		100.01	39.1897	0.0443087	0	0.443044	0.168377	16.7024	2		0.0088623	12.0616	46.3544	0	0	0	
2024-06-25 23:44:25	76	171	5	0	0	6	25	0	0	0	25	0	0	4.75	25	0	0	0	25	0	0	1.082		99.9917	40.1095	0.181957	0	1.81973	0.0240618	14.2921	1		0	12.0616	43.7555	0	0	0	
2024-06-25 23:48:30	109	172	1	0	0	7.75	32	0	0	0	32	0	0	0.25	32	0	0	0	32	0	0	6.494		99.996	39.9238	0.0339011	0	0.339025	0.0302643	15.9762	1		0.0088623	12.0616	43.4956	0	0	0	
2024-06-25 23:42:59	65	173	1	0	0	5	21	0	0	0	21	0	0	3.25	21	0	0	0	21	0	0	1.515		100.003	40.1958	0.120411	0	1.20408	0.127941	13.2395	1		0.0088623	11.9552	44.1454	0	0	0	
2024-06-25 23:40:45	47	174	5	0	0	3	13	0	0	0	13	0	0	0	13	0	0	0	13	0	0	2.598		100.002	40.4771	0.0808428	0	0.808413	0.562416	15.2382	1		0	12.0616	44.6651	0	0	0	
2024-06-25 23:48:51	112	175	9	0	0	3.5	15	0	0	0	15	0	0	4.25	15	0	0	0	15	0	0	0.649		99.9951	39.6006	0.302844	0	3.02859	0.312057	14.2719	1		0	12.0616	43.4956	0	0	0	
2024-06-25 23:41:27	53	176	1	0	0	4	17	0	0	0	17	0	0	1.25	17	0	0	0	17	0	0	2.381		100.004	39.8787	0.0820825	0	0.820794	0.269053	14.1823	1		0	12.0616	44.5352	0	0	0	
2024-06-25 23:47:33	101	177	5	0	0	7.75	32	0	0	0	32	0	0	5	32	0	0	0	32	0	0	2.381		99.9962	39.8894	0.0817669	0	0.8177	0.256244	14.1288	1		0.0088623	12.0616	43.6256	0	0	0	
2024-06-25 23:47:26	100	178	1	0	0	7.75	32	0	0	0	32	0	0	3.75	32	0	0	0	32	0	0	3.464		99.9962	39.9093	0.0580388	0	0.58041	0.00554026	14.5873	1		0	12.0616	43.6256	0	0	0	
2024-06-25 23:55:33	165	179	1	0	0	1.25	6	0	0	6.5	6	0	0	3	6	0	0	4.75	6	0	0	0.908		100.002	21.6614	0.0836039	0	0.836025	0.258617	9.19258	2		0.0088623	12.0616	43.3657	0	0	0	
2024-06-25 23:45:10	82	180	5	0	0	6	25	0	0	0	25	0	0	1	25	0	0	0	25	0	0	4.33		99.9971	40.0993	0.0597849	0	0.597867	0.637329	18.7825	1		0	12.0616	43.7555	0	0	0	
2024-06-25 23:42:03	58	181	1	0	0	4	17	0	0	0	17	0	0	3.25	17	0	0	0	17	0	0	0.649		100.002	39.8426	0.304105	0	3.04098	0.134582	14.3303	1		0	12.0616	44.2753	0	0	0	
2024-06-25 23:35:22	3	182	1	0	0	0	1	0	0	0	1	0	0	0.75	1	0	0	0	1	0	0	0.649		100.018	39.4757	0.346909	0	3.46846	0.337759	16.3447	2		0.0088623	11.9641	48.1737	0	0	0	
2024-06-25 23:55:01	162	183	1	0	0	3.5	15	0	0	4.25	15	0	0	3.75	15	0	0	4	15	0	0	0.13		99.9985	21.0505	0.656371	0	6.56381	0.260307	10.3104	1		0	12.0616	43.4956	0	0	0	
2024-06-25 23:38:06	25	184	9	0	0	2	9	0	0	0	9	0	0	5	9	0	0	0	9	0	0	2.598		100.008	39.7149	0.0763835	0	0.763774	0.0277073	14.3968	2		0	12.0616	45.9646	0	0	0	
2024-06-25 23:39:14	34	185	5	0	0	2	9	0	0	0	9	0	0	3.75	9	0	0	0	9	0	0	1.515		100.009	39.6438	0.13173	0	1.31718	0.689444	14.4832	1		0.0088623	12.0616	45.3149	0	0	0	
2024-06-25 23:46:08	89	186	1	0	0	7	29	0	0	0	29	0	0	2.75	29	0	0	0	29	0	0	3.68		99.9946	39.9742	0.055601	0	0.55604	0.367891	14.8482	1		0.0088623	12.0616	43.6256	0	0	0	
2024-06-25 23:46:22	91	187	1	0	0	7	29	0	0	0	29	0	0	2.25	29	0	0	0	29	0	0	4.113		99.9955	39.9704	0.0513274	0	0.513297	0.0834124	15.3194	1		0	12.0616	43.6256	0	0	0	
2024-06-25 23:35:32	4	188	5	0	0	0	1	0	0	0	1	0	0	7.75	1	0	0	0	1	0	0	6.711		100.016	39.4596	0.0356268	0	0.356213	0.0814599	17.3457	1		0.0088623	11.9552	47.9138	0	0	0	
2024-06-25 23:35:48	6	189	9	0	0	0	1	0	0	0	1	0	0	6.5	1	0	0	0	1	0	0	5.628		100.014	39.4635	0.041132	0	0.411262	0.499617	16.7962	1		0	11.9552	47.6539	0	0	0	
2024-06-25 23:43:40	70	190	1	0	0	5	21	0	0	0	21	0	0	0.75	21	0	0	0	21	0	0	3.68		99.9948	40.1663	0.0669874	0	0.669909	0.122084	17.8889	1		0	11.9552	44.0154	0	0	0	
2024-06-25 23:43:33	69	191	5	0	0	5	21	0	0	0	21	0	0	7.25	21	0	0	0	21	0	0	1.948		99.9995	40.1615	0.113738	0	1.13739	0.354647	16.0794	1		0	12.0616	44.0154	0	0	0	
2024-06-25 23:54:05	154	192	9	0	0	5.75	24	0	0	0	24	0	0	4	24	0	0	0	24	0	0	1.515		99.9979	40.2278	0.124961	0	1.24964	0.117968	13.7405	1		0	12.0616	43.4956	0	0	0	
2024-06-25 23:51:06	130	193	9	0	0	4.5	19	0	0	0	19	0	0	5.25	19	0	0	0	19	0	0	0.649		99.999	39.9571	0.316707	0	3.1671	0.257231	14.9246	1		0	12.0616	43.4956	0	0	0	
2024-06-25 23:55:08	163	194	1	0	0	2.75	12	0	0	5	12	0	0	3.5	12	0	0	4.25	12	0	0	0.389		100	21.8589	0.256569	0	2.56568	1.81272	12.0905	4		0.0088623	12.0616	43.4956	0	0	0	
2024-06-25 23:39:21	35	195	1	0	0	2	9	0	0	0	9	0	0	0.5	9	0	0	0	9	0	0	1.299		100.012	39.6525	0.137478	0	1.37462	0.0112425	12.9555	1		0	12.0616	45.1849	0	0	0	
2024-06-25 23:50:04	121	196	9	0	0	0.5	3	0	0	0	3	0	0	7.25	3	0	0	0	3	0	0	5.845		99.9976	39.8719	0.061956	0	0.619575	0.0266882	26.2771	1		0	12.0616	43.4956	0	0	0	
2024-06-25 23:41:35	54	197	9	0	0	4	17	0	0	0	17	0	0	7.25	17	0	0	0	17	0	0	2.814		100.004	39.8709	0.0760728	0	0.760698	0.344697	15.5337	1		0.0088623	12.0616	44.5352	0	0	0	
2024-06-25 23:40:17	43	198	9	0	0	3	13	0	0	0	13	0	0	5.75	13	0	0	0	13	0	0	2.381		100.008	40.4625	0.0803386	0	0.803322	0.203479	13.8804	1		0.0088623	12.0616	44.925	0	0	0	
2024-06-25 23:39:42	38	199	9	0	0	3	13	0	0	0	13	0	0	4.5	13	0	0	0	13	0	0	1.299		100.006	40.5263	0.142042	0	1.42034	0.363484	13.3864	1		0.0088623	12.0616	45.055	0	0	0	
2024-06-25 23:46:37	93	200	5	0	0	7	29	0	0	0	29	0	0	6.75	29	0	0	0	29	0	0	0.216		99.9955	39.967	0.862808	0	8.62847	0.0707339	13.5536	1		0	12.0616	43.6256	0	0	0	
2024-06-25 23:37:31	20	201	9	0	0	1	5	0	0	0	5	0	0	7.5	5	0	0	0	5	0	0	5.628		100.012	39.2014	0.0407089	0	0.407038	0.180476	16.6237	1		0	12.0616	46.2245	0	0	0	
2024-06-25 23:37:00	16	202	5	0	0	1	5	0	0	0	5	0	0	6.25	5	0	0	0	5	0	0	4.546		100.01	39.2031	0.0589982	0	0.589922	0.129031	19.4596	1		0	12.0616	46.6143	0	0	0	
2024-06-25 23:44:32	77	203	5	0	0	6	25	0	0	0	25	0	0	5.25	25	0	0	0	25	0	0	0.649		99.9962	40.104	0.312524	0	3.12535	0.175091	14.7279	1		0.0088623	12.0616	43.8855	0	0	0	
2024-06-25 23:44:08	74	204	9	0	0	6	25	0	0	0	25	0	0	4	25	0	0	0	25	0	0	1.732		99.995	40.1198	0.110043	0	1.10049	0.518624	13.8291	1		0	11.9552	43.8855	0	0	0	
2024-06-25 23:43:13	67	205	1	0	0	5	21	0	0	0	21	0	0	2.5	21	0	0	0	21	0	0	2.165		100.005	40.1817	0.0996237	0	0.996188	0.416676	15.6481	2		0.0088623	12.0616	44.1454	0	0	0	
2024-06-25 23:37:38	21	206	5	0	0	1	5	0	0	0	5	0	0	0.25	5	0	0	0	5	0	0	0.649		100.012	39.1943	0.289448	0	2.89412	0.2131	13.6382	1		0	12.0616	46.2245	0	0	0	
2024-06-25 23:41:56	57	207	1	0	0	4	17	0	0	0	17	0	0	0.5	17	0	0	0	17	0	0	3.031		100.007	39.8463	0.0666139	0	0.666091	0.366682	14.6481	1		0.0088623	12.0616	44.2753	0	0	0	
2024-06-25 23:48:37	110	208	1	0	0	7.75	32	0	0	0	32	0	0	3	32	0	0	0	32	0	0	4.113		99.9928	39.9181	0.0492829	0	0.492864	0.249235	14.7096	1		0.0088623	12.0616	43.4956	0	0	0	
2024-06-25 23:45:27	84	209	1	0	0	6	25	0	0	0	25	0	0	0.25	25	0	0	0	25	0	0	4.979		99.9929	40.1223	0.0479757	0	0.479791	0.228947	17.334	2		0.0088623	11.9552	43.7555	0	0	0	
2024-06-25 23:52:03	138	210	1	0	0	5.25	22	0	0	0	22	0	0	2.5	22	0	0	0	22	0	0	2.381		100.002	40.1548	0.107166	0	1.07165	0.640954	18.5167	1		0.0088623	12.0616	43.4956	0	0	0	
2024-06-25 23:42:23	61	211	1	0	0	4	17	0	0	0	17	0	0	2.5	17	0	0	0	17	0	0	1.299		100.005	39.8318	0.141457	0	1.4145	0.284731	13.3314	1		0	11.9552	44.2753	0	0	0	
2024-06-25 23:39:28	36	212	1	0	0	2	9	0	0	0	9	0	0	3	9	0	0	0	9	0	0	0.866		100.008	39.6669	0.21062	0	2.10604	0.225723	13.2326	1		0.0088623	12.0616	45.1849	0	0	0	
2024-06-25 23:46:50	95	213	5	0	0	7	29	0	0	0	29	0	0	1.5	29	0	0	0	29	0	0	4.762		99.9943	39.992	0.0473529	0	0.473556	0.339304	16.3649	1		0	12.0616	43.6256	0	0	0	
2024-06-25 23:35:55	7	214	5	0	0	0	1	0	0	0	1	0	0	5.75	1	0	0	0	1	0	0	4.979		100.013	39.4715	0.0453469	0	0.45341	0.0268434	16.3809	1		0.0088623	12.0616	47.5239	0	0	0	
2024-06-25 23:35:22	3	215	9	0	0	0	1	0	0	0	1	0	0	4.5	1	0	0	0	1	0	0	3.897		100.018	39.4757	0.0545021	0	0.54492	0.139256	15.4073	2		0.0088623	11.9641	48.1737	0	0	0	
2024-06-25 23:44:01	73	216	5	0	0	5	21	0	0	0	21	0	0	0	21	0	0	0	21	0	0	4.33		99.9971	40.1651	0.0512425	0	0.51244	0.577441	16.0988	1		0	12.0616	44.0154	0	0	0	
2024-06-25 23:48:23	108	217	5	0	0	7.75	32	0	0	0	32	0	0	2.25	32	0	0	0	32	0	0	4.762		99.9942	39.9173	0.0439065	0	0.439091	0.140387	15.1739	1		0	12.0616	43.4956	0	0	0	
2024-06-25 23:42:59	65	218	5	0	0	5	21	0	0	0	21	0	0	7.75	21	0	0	0	21	0	0	2.381		100.003	40.1958	0.0836366	0	0.836341	0.239667	14.4509	1		0.0088623	11.9552	44.1454	0	0	0	
2024-06-25 23:43:23	68	219	5	0	0	5	21	0	0	0	21	0	0	6.5	21	0	0	0	21	0	0	1.299		100.001	40.1706	0.152414	0	1.52412	0.0635538	14.3645	2		0	12.0616	44.0154	0	0	0	
2024-06-25 23:40:30	45	220	1	0	0	3	13	0	0	0	13	0	0	2	13	0	0	0	13	0	0	0.866		100.004	40.4578	0.209598	0	2.09589	0.348829	13.1688	1		0.0088623	12.0616	44.7951	0	0	0	
2024-06-25 23:51:49	136	221	1	0	0	4.5	19	0	0	0	19	0	0	3.25	19	0	0	0	19	0	0	1.082		99.9983	39.9565	0.171458	0	1.71461	0.369715	13.4665	1		0.0088623	12.0616	43.4956	0	0	0	
2024-06-25 23:47:40	102	222	9	0	0	7.75	32	0	0	0	32	0	0	7	32	0	0	0	32	0	0	0.649		99.9971	39.8809	0.330782	0	3.30792	0.528122	15.5882	1		0	12.0616	43.2357	0	0	0	
2024-06-25 23:53:58	153	223	9	0	0	5.5	23	0	0	0	23	0	0	4.25	23	0	0	0	23	0	0	1.082		99.9973	39.7042	0.182817	0	1.82822	0.544245	14.3588	1		0.0088623	12.0616	43.4956	0	0	0	
2024-06-25 23:52:47	143	224	1	0	0	6.75	28	0	0	0	28	0	0	1	28	0	0	0	28	0	0	4.979		99.9995	39.6583	0.0587378	0	0.587381	0.299966	21.2211	1		0	12.0616	43.4956	0	0	0	
2024-06-25 23:51:14	131	225	9	0	0	4.25	18	0	0	0	18	0	0	5.5	18	0	0	0	18	0	0	1.082		99.9959	39.9947	0.184579	0	1.84586	0.665549	14.4974	1		0.0088623	12.0616	43.4956	0	0	0	
2024-06-25 23:41:06	50	226	5	0	0	4	17	0	0	0	17	0	0	7.75	17	0	0	0	17	0	0	3.247		100.007	39.9057	0.0624622	0	0.62458	0.180488	14.7163	1		0.0088623	12.0616	44.6651	0	0	0	
2024-06-25 23:41:20	52	227	5	0	0	4	17	0	0	0	17	0	0	6.5	17	0	0	0	17	0	0	2.165		100.008	39.8878	0.0908558	0	0.908487	0.0880747	14.2705	1		0	12.0616	44.5352	0	0	0	
2024-06-25 23:39:49	39	228	5	0	0	3	13	0	0	0	13	0	0	5	13	0	0	0	13	0	0	1.732		100.005	40.514	0.106373	0	1.06367	0.2405	13.3665	1		0.0088623	12.0616	45.055	0	0	0	
2024-06-25 23:39:42	38	229	1	0	0	3	13	0	0	0	13	0	0	3.75	13	0	0	0	13	0	0	0.649		100.006	40.5263	0.295329	0	2.95313	0.364358	13.9163	1		0.0088623	12.0616	45.055	0	0	0	
2024-06-25 23:38:33	28	230	9	0	0	2	9	0	0	0	9	0	0	7	9	0	0	0	9	0	0	4.33		100.004	39.6886	0.0495781	0	0.49576	0.364608	15.5748	1		0	12.0616	45.7047	0	0	0	
2024-06-25 23:45:51	87	231	1	0	0	7	29	0	0	0	29	0	0	6	29	0	0	0	29	0	0	0.866		99.9941	40.0149	0.232724	0	2.32737	0.121431	14.6233	2		0	12.0616	43.7555	0	0	0	
2024-06-25 23:45:44	86	232	9	0	0	7	29	0	0	0	29	0	0	4.75	29	0	0	0	29	0	0	1.948		99.9965	40.0292	0.100136	0	1.0014	0.732465	14.1569	1		0.0088623	11.9552	43.7555	0	0	0	
2024-06-25 23:36:43	14	233	5	0	0	1	5	0	0	0	5	0	0	5.5	5	0	0	0	5	0	0	3.897		100.011	39.2271	0.0718691	0	0.718611	0.0954198	20.3183	2		0	11.9552	46.7443	0	0	0	
2024-06-25 23:36:36	13	234	5	0	0	1	5	0	0	0	5	0	0	4.25	5	0	0	0	5	0	0	2.814		100.01	39.2194	0.0735418	0	0.735344	0.165739	15.016	1		0.0088623	12.0616	46.8742	0	0	0	
2024-06-25 23:44:46	79	235	1	0	0	6	25	0	0	0	25	0	0	3.25	25	0	0	0	25	0	0	2.381		99.9968	40.1291	0.084279	0	0.842817	0.237008	14.5628	1		0.0088623	11.9552	43.7555	0	0	0	
2024-06-25 23:50:32	125	236	1	0	0	0.25	2	0	0	0	2	0	0	1.5	2	0	0	0	2	0	0	1.082		99.9974	39.745	0.162528	0	1.62533	0.121981	12.7653	1		0	12.0616	43.4956	0	0	0	
2024-06-25 23:46:44	94	237	5	0	0	7	29	0	0	0	29	0	0	0.75	29	0	0	0	29	0	0	5.412		99.9992	39.985	0.0457313	0	0.457317	0.975668	17.9588	1		0.0088623	12.0616	43.6256	0	0	0	
2024-06-25 23:35:01	1	238	5	0	0	0	1	0	0	0	1	0	0	5	1	0	0	0	1	0	0	4.33		100.012	39.5578	0.0497521	0	0.497459	0.70543	15.6281	1		0.0088623	12.0793	48.4336	0	0	0	
2024-06-25 23:36:09	9	239	5	0	0	0	1	0	0	0	1	0	0	3.75	1	0	0	0	1	0	0	3.247		100.01	39.4818	0.0632897	0	0.632835	0.288423	14.9108	1		0.0088623	12.0616	47.264	0	0	0	
2024-06-25 23:54:19	156	240	9	0	0	7.5	31	0	0	0	31	0	0	6.25	31	0	0	0	31	0	0	1.082		99.9949	39.5749	0.181129	0	1.81138	0.405837	14.2266	1		0	12.0616	43.4956	0	0	0	
2024-06-25 23:51:35	134	241	9	0	0	6.25	26	0	0	0	26	0	0	7.5	26	0	0	0	26	0	0	1.082		99.9957	40.0432	0.182852	0	1.8286	0.147995	14.3618	1		0	12.0616	43.4956	0	0	0	
2024-06-25 23:45:03	81	242	5	0	0	6	25	0	0	0	25	0	0	7.25	25	0	0	0	25	0	0	1.082		99.9946	40.1125	0.206261	0	2.06272	0.174023	16.2005	1		0.0088623	12.0616	43.6256	0	0	0	
2024-06-25 23:48:23	108	243	1	0	0	7.75	32	0	0	0	32	0	0	1.5	32	0	0	0	32	0	0	5.412		99.9942	39.9173	0.0398205	0	0.398228	0.180788	15.6384	1		0	12.0616	43.4956	0	0	0	
2024-06-25 23:43:06	66	244	5	0	0	5	21	0	0	0	21	0	0	5.75	21	0	0	0	21	0	0	0.649		100.004	40.2061	0.310089	0	3.10077	0.178465	14.612	1		0	12.0616	44.1454	0	0	0	
2024-06-25 23:42:45	63	245	5	0	0	5	21	0	0	0	21	0	0	4.5	21	0	0	0	21	0	0	0.433		100.001	40.2089	0.452828	0	4.52825	0.355468	14.2259	1		0	12.0616	44.1454	0	0	0	
2024-06-25 23:40:30	45	246	5	0	0	3	13	0	0	0	13	0	0	1.25	13	0	0	0	13	0	0	1.515		100.004	40.4578	0.120888	0	1.20883	0.403587	13.2918	1		0.0088623	12.0616	44.7951	0	0	0	
2024-06-25 23:37:45	22	247	1	0	0	1	5	0	0	0	5	0	0	2.25	5	0	0	0	5	0	0	1.082		100.012	39.186	0.162231	0	1.62212	0.0433668	12.7401	1		0.0088623	12.0616	46.0945	0	0	0	
2024-06-25 23:50:24	124	248	1	0	0	0.5	3	0	0	0	3	0	0	1.25	3	0	0	0	3	0	0	0.649		99.9963	39.8637	0.295135	0	2.95146	0.590104	13.9084	1		0.0088623	12.0616	43.4956	0	0	0	
2024-06-25 23:49:12	115	249	9	0	0	2.5	11	0	0	0	11	0	0	5.25	11	0	0	0	11	0	0	2.381		99.9938	39.8919	0.10714	0	1.07147	0.464609	18.5136	2		0	12.0616	43.4956	0	0	0	
2024-06-25 23:48:09	106	250	5	0	0	7.75	32	0	0	0	32	0	0	7.5	32	0	0	0	32	0	0	0.216		99.9939	39.8963	0.93428	0	9.34337	0.160002	14.6765	1		0	12.0616	43.4956	0	0	0	
2024-06-25 23:47:54	104	251	9	0	0	7.75	32	0	0	0	32	0	0	6.25	32	0	0	0	32	0	0	1.299		99.993	39.8974	0.154832	0	1.54843	0.181717	14.5936	1		0	12.0616	43.3657	0	0	0	
2024-06-25 23:51:42	135	252	1	0	0	4.25	18	0	0	0	18	0	0	3.5	18	0	0	0	18	0	0	0.649		99.9982	39.9721	0.30478	0	3.04785	0.0769743	14.3627	1		0	12.0616	43.4956	0	0	0	
2024-06-25 23:44:39	78	253	1	0	0	6	25	0	0	0	25	0	0	2.25	25	0	0	0	25	0	0	3.247		99.9991	40.1226	0.0650288	0	0.650295	0.19865	15.3222	1		0	12.0616	43.7555	0	0	0	
2024-06-25 23:53:50	152	254	9	0	0	5.25	22	0	0	0	22	0	0	4.5	22	0	0	0	22	0	0	0.649		99.9973	40.0904	0.313953	0	3.13962	0.272013	14.7951	1		0	12.0616	43.4956	0	0	0	
2024-06-25 23:40:59	49	255	5	0	0	4	17	0	0	0	17	0	0	5.75	17	0	0	0	17	0	0	1.515		100.003	39.9208	0.125372	0	1.25368	0.394858	13.785	1		0.0088623	12.0616	44.6651	0	0	0	
2024-06-25 23:41:42	55	256	5	0	0	4	17	0	0	0	17	0	0	4.5	17	0	0	0	17	0	0	0.433		100.007	39.8356	0.494215	0	4.9418	0.0549695	15.5251	1		0.0088623	12.0616	44.4052	0	0	0	
2024-06-25 23:36:02	8	257	1	0	0	0	1	0	0	0	1	0	0	2	1	0	0	0	1	0	0	1.732		100.013	39.4725	0.171605	0	1.71582	0.602867	21.5617	1		0	12.0616	47.394	0	0	0	
2024-06-25 23:38:16	26	258	9	0	0	2	9	0	0	0	9	0	0	7.5	9	0	0	0	9	0	0	4.762		100.008	39.7084	0.0456441	0	0.456406	0.198242	15.7723	1		0	11.9552	45.8346	0	0	0	
2024-06-25 23:38:53	31	259	9	0	0	2	9	0	0	0	9	0	0	6.25	9	0	0	0	9	0	0	3.68		100.007	39.6723	0.060213	0	0.602091	0.0139832	16.078	1		0.0088623	11.9552	45.4448	0	0	0	
2024-06-25 23:46:16	90	260	5	0	0	7	29	0	0	0	29	0	0	5.25	29	0	0	0	29	0	0	1.515		99.9957	40.0034	0.12781	0	1.27815	0.266033	14.054	1		0	12.0616	43.6256	0	0	0	
2024-06-25 23:46:16	90	261	9	0	0	7	29	0	0	0	29	0	0	4	29	0	0	0	29	0	0	2.598		99.9957	40.0034	0.0758336	0	0.758368	0.0784867	14.2949	1		0	12.0616	43.6256	0	0	0	
2024-06-25 23:37:14	18	262	1	0	0	1	5	0	0	0	5	0	0	3.5	5	0	0	0	5	0	0	2.165		100.01	39.1897	0.0850948	0	0.850865	0.0817431	13.3654	2		0.0088623	12.0616	46.3544	0	0	0	
2024-06-25 23:45:17	83	263	1	0	0	6	25	0	0	0	25	0	0	2.5	25	0	0	0	25	0	0	3.031		99.9977	40.0997	0.0785524	0	0.785542	0.139469	17.275	2		0	12.0616	43.7555	0	0	0	
2024-06-25 23:53:43	151	264	1	0	0	3.75	16	0	0	0	16	0	0	2	16	0	0	0	16	0	0	1.515		99.9982	39.7298	0.12903	0	1.29033	0.514924	14.1879	1		0	12.0616	43.4956	0	0	0	
2024-06-25 23:43:46	71	265	5	0	0	5	21	0	0	0	21	0	0	2	21	0	0	0	21	0	0	2.598		99.9998	40.183	0.0785257	0	0.785259	0.291847	14.8018	1		0.0088623	12.0616	44.0154	0	0	0	
2024-06-25 23:38:46	30	266	1	0	0	2	9	0	0	0	9	0	0	1.75	9	0	0	0	9	0	0	0.216		100.002	39.6516	0.785762	0	7.85747	0.0553436	12.3425	1		0.0088623	12.0616	45.5748	0	0	0	
2024-06-25 23:46:30	92	267	1	0	0	7	29	0	0	0	29	0	0	0	29	0	0	0	29	0	0	6.061		99.9938	39.9802	0.0394004	0	0.394028	0.302872	17.3303	1		0	12.0616	43.6256	0	0	0	
2024-06-25 23:35:32	4	268	1	0	0	0	1	0	0	0	1	0	0	3	1	0	0	0	1	0	0	2.598		100.016	39.4596	0.0773641	0	0.77352	0.0681285	14.5805	1		0.0088623	11.9552	47.9138	0	0	0	
2024-06-25 23:40:10	42	269	9	0	0	3	13	0	0	0	13	0	0	7	13	0	0	0	13	0	0	3.464		100.002	40.4721	0.0590401	0	0.590391	0.294716	14.8381	1		0	11.9552	44.925	0	0	0	
2024-06-25 23:44:15	75	270	5	0	0	6	25	0	0	0	25	0	0	7.75	25	0	0	0	25	0	0	1.515		99.9962	40.1036	0.134282	0	1.34288	0.0676439	14.7657	2		0	12.0616	43.8855	0	0	0	
2024-06-25 23:44:46	79	271	5	0	0	6	25	0	0	0	25	0	0	6.5	25	0	0	0	25	0	0	0.433		99.9968	40.1291	0.503096	0	5.03112	0.170852	15.8057	1		0.0088623	11.9552	43.7555	0	0	0	
2024-06-25 23:47:19	99	272	1	0	0	7.75	32	0	0	0	32	0	0	0.75	32	0	0	0	32	0	0	6.061		99.998	39.8673	0.0389852	0	0.38986	0.118553	17.1469	1		0.0088623	12.0616	43.6256	0	0	0	
2024-06-25 23:42:30	62	273	1	0	0	5	21	0	0	0	21	0	0	3.75	21	0	0	0	21	0	0	1.082		100.004	40.1851	0.176048	0	1.7604	0.165204	13.8262	4		0	12.0616	44.2753	0	0	0	
2024-06-25 23:40:38	46	274	1	0	0	3	13	0	0	0	13	0	0	0.5	13	0	0	0	13	0	0	2.165		100.006	40.4931	0.0881493	0	0.881438	0.251112	13.8456	1		0.0088623	12.0616	44.7951	0	0	0	
2024-06-25 23:37:59	24	275	5	0	0	1	5	0	0	0	5	0	0	1.5	5	0	0	0	5	0	0	0.433		100.013	39.2085	0.44753	0	4.47472	0.120692	14.0578	1		0.0088623	12.0616	45.9646	0	0	0	
2024-06-25 23:55:23	164	276	1	0	0	2	9	0	0	5.75	9	0	0	3.25	9	0	0	4.5	9	0	0	0.649		99.9991	21.684	0.13617	0	1.36171	0.0717848	10.6949	2		0	12.0616	43.6256	0	0	0	
2024-06-25 23:41:35	54	277	1	0	0	4	17	0	0	0	17	0	0	1.75	17	0	0	0	17	0	0	1.948		100.004	39.8709	0.0961745	0	0.961708	0.1468	13.5958	1		0.0088623	12.0616	44.5352	0	0	0	
2024-06-25 23:50:46	127	278	1	0	0	2.5	11	0	0	0	11	0	0	3.25	11	0	0	0	11	0	0	0.649		99.9986	39.878	0.287409	0	2.87413	0.244675	13.544	1		0.0088623	11.9552	43.4956	0	0	0	
2024-06-25 23:47:48	103	279	5	0	0	7.75	32	0	0	0	32	0	0	5.5	32	0	0	0	32	0	0	1.948		99.9934	39.895	0.103342	0	1.03349	0.119863	14.6106	1		0	12.0616	43.6256	0	0	0	
2024-06-25 23:47:19	99	280	5	0	0	7.75	32	0	0	0	32	0	0	4.25	32	0	0	0	32	0	0	3.031		99.998	39.8673	0.0656331	0	0.656344	0.395302	14.4338	1		0.0088623	12.0616	43.6256	0	0	0	
2024-06-25 23:44:53	80	281	1	0	0	6	25	0	0	0	25	0	0	1.5	25	0	0	0	25	0	0	3.897		99.9959	40.1098	0.0620755	0	0.620781	0.122122	17.5522	2		0.0088623	12.0616	43.7555	0	0	0	
2024-06-25 23:41:13	51	282	9	0	0	4	17	0	0	0	17	0	0	5	17	0	0	0	17	0	0	0.866		100.003	39.9001	0.226034	0	2.26027	0.212073	14.2017	1		0.0088623	12.0616	44.2753	0	0	0	
2024-06-25 23:41:49	56	283	1	0	0	4	17	0	0	0	17	0	0	3.75	17	0	0	0	17	0	0	0.216		100.003	39.8355	0.915022	0	9.14995	0.142392	14.3727	1		0	12.0616	44.4052	0	0	0	
2024-06-25 23:36:15	10	284	1	0	0	0	1	0	0	0	1	0	0	1.25	1	0	0	0	1	0	0	1.082		100.014	39.4857	0.162705	0	1.62682	0.105192	12.777	1		0	11.9641	47.1341	0	0	0	
2024-06-25 23:38:23	27	285	1	0	0	2	9	0	0	0	9	0	0	5.5	9	0	0	0	9	0	0	3.031		100.007	39.6997	0.153295	0	1.53285	0.636299	33.709	2		0	12.0616	45.8346	0	0	0	
2024-06-25 23:39:01	32	286	9	0	0	2	9	0	0	0	9	0	0	4.25	9	0	0	0	9	0	0	1.948		100.005	39.711	0.0985492	0	0.985439	0.175501	13.9313	1		0.0088623	12.0616	45.4448	0	0	0	
2024-06-25 23:47:05	97	287	5	0	0	7	29	0	0	0	29	0	0	3.25	29	0	0	0	29	0	0	3.247		99.9965	39.9984	0.0620185	0	0.620207	0.0629676	14.6133	1		0.0088623	12.0616	43.6256	0	0	0	
2024-06-25 23:37:45	22	288	5	0	0	1	5	0	0	0	5	0	0	2.75	5	0	0	0	5	0	0	1.515		100.012	39.186	0.117546	0	1.17532	0.00652793	12.9233	1		0.0088623	12.0616	46.0945	0	0	0	
2024-06-25 23:35:12	2	289	9	0	0	0	1	0	0	0	1	0	0	7	1	0	0	0	1	0	0	6.061		100.012	39.5001	0.0386553	0	0.386505	0.246675	16.9994	2		0	11.9641	48.4336	0	0	0	
2024-06-25 23:43:46	71	290	1	0	0	5	21	0	0	0	21	0	0	1.25	21	0	0	0	21	0	0	3.247		99.9998	40.183	0.0747799	0	0.7478	0.4121	17.6196	1		0.0088623	12.0616	44.0154	0	0	0	
2024-06-25 23:39:01	32	291	1	0	0	2	9	0	0	0	9	0	0	1	9	0	0	0	9	0	0	0.866		100.005	39.711	0.203024	0	2.03013	0.245197	12.7557	1		0.0088623	12.0616	45.4448	0	0	0	
2024-06-25 23:39:56	40	292	5	0	0	3	13	0	0	0	13	0	0	7.5	13	0	0	0	13	0	0	3.897		100.007	40.4738	0.0531356	0	0.531317	0.0626742	15.0226	1		0	12.0616	45.055	0	0	0	
2024-06-25 23:40:23	44	293	9	0	0	3	13	0	0	0	13	0	0	6.25	13	0	0	0	13	0	0	2.814		100.009	40.4712	0.0774502	0	0.774436	0.0759787	15.8143	1		0.0088623	11.9552	44.7951	0	0	0	
2024-06-25 23:45:51	87	294	5	0	0	7	29	0	0	0	29	0	0	7.25	29	0	0	0	29	0	0	0.216		99.9941	40.0149	0.815249	0	8.15297	0.066288	12.8066	2		0	12.0616	43.7555	0	0	0	
2024-06-25 23:37:14	18	295	5	0	0	1	5	0	0	0	5	0	0	6.75	5	0	0	0	5	0	0	4.979		100.01	39.1897	0.0556414	0	0.55636	0.0790959	20.1003	2		0.0088623	12.0616	46.3544	0	0	0	
2024-06-25 23:44:39	78	296	9	0	0	6	25	0	0	0	25	0	0	5.75	25	0	0	0	25	0	0	0.216		99.9991	40.1226	0.8861	0	8.86108	0.23764	13.919	1		0	12.0616	43.7555	0	0	0	
2024-06-25 23:44:25	76	297	9	0	0	6	25	0	0	0	25	0	0	4.5	25	0	0	0	25	0	0	1.299		99.9917	40.1095	0.15036	0	1.50372	0.0470784	14.1723	1		0	12.0616	43.7555	0	0	0	
2024-06-25 23:48:37	110	298	5	0	0	7.75	32	0	0	0	32	0	0	0	32	0	0	0	32	0	0	6.711		99.9928	39.9181	0.0351291	0	0.351317	0.144237	17.1073	1		0.0088623	12.0616	43.4956	0	0	0	
2024-06-25 23:42:52	64	299	1	0	0	5	21	0	0	0	21	0	0	3	21	0	0	0	21	0	0	1.732		100.003	40.2124	0.107537	0	1.07534	0.109701	13.5131	1		0.0088623	12.0616	44.1454	0	0	0	
2024-06-25 23:37:24	19	300	1	0	0	1	5	0	0	0	5	0	0	0.75	5	0	0	0	5	0	0	0.216		100.01	39.1765	0.813407	0	8.13323	0.248464	12.7756	1		0	12.0616	46.3544	0	0	0	
2024-06-25 23:52:19	140	301	1	0	0	5.75	24	0	0	0	24	0	0	2	24	0	0	0	24	0	0	3.247		100	40.2743	0.0700039	0	0.700037	0.0644025	16.4942	2		0	12.0616	43.4956	0	0	0	
2024-06-25 23:41:56	57	302	5	0	0	4	17	0	0	0	17	0	0	1	17	0	0	0	17	0	0	2.598		100.007	39.8463	0.074187	0	0.741817	0.315168	13.9829	1		0.0088623	12.0616	44.2753	0	0	0	
2024-06-25 23:47:40	102	303	1	0	0	7.75	32	0	0	0	32	0	0	3.5	32	0	0	0	32	0	0	3.68		99.9971	39.8809	0.0535288	0	0.535303	0.231951	14.2945	1		0	12.0616	43.2357	0	0	0	
2024-06-25 23:45:10	82	304	1	0	0	6	25	0	0	0	25	0	0	0.75	25	0	0	0	25	0	0	4.546		99.9971	40.0993	0.0578932	0	0.578949	0.0877858	19.0976	1		0	12.0616	43.7555	0	0	0	
2024-06-25 23:42:17	60	305	1	0	0	4	17	0	0	0	17	0	0	3	17	0	0	0	17	0	0	0.866		100.003	39.8265	0.215383	0	2.15378	0.206671	13.5326	1		0.0088623	12.0616	44.2753	0	0	0	
2024-06-25 23:36:09	9	306	1	0	0	0	1	0	0	0	1	0	0	0.5	1	0	0	0	1	0	0	0.433		100.01	39.4818	0.431064	0	4.31022	0.0752786	13.541	1		0.0088623	12.0616	47.264	0	0	0	
2024-06-25 23:54:33	158	307	1	0	0	3.5	15	0	0	4.25	15	0	0	2.75	15	0	0	5	15	0	0	0.389		99.9982	21.0127	0.261536	0	2.6154	0.0143428	12.3248	1		0	12.0616	43.4956	0	0	0	
2024-06-25 23:39:14	34	308	1	0	0	2	9	0	0	0	9	0	0	3.5	9	0	0	0	9	0	0	1.299		100.009	39.6438	0.146331	0	1.46318	0.192093	13.7902	1		0.0088623	12.0616	45.3149	0	0	0	
2024-06-25 23:46:57	96	309	5	0	0	7	29	0	0	0	29	0	0	2.5	29	0	0	0	29	0	0	3.897		99.9954	40.0124	0.0572594	0	0.57262	0.145063	16.1904	1		0	12.0616	43.6256	0	0	0	
2024-06-25 23:46:57	96	310	1	0	0	7	29	0	0	0	29	0	0	2	29	0	0	0	29	0	0	4.33		99.9954	40.0124	0.0503011	0	0.503034	0.0277264	15.8033	1		0	12.0616	43.6256	0	0	0	
2024-06-25 23:36:02	8	311	5	0	0	0	1	0	0	0	1	0	0	7.5	1	0	0	0	1	0	0	6.494		100.013	39.4725	0.0361577	0	0.361529	0.222774	17.0366	1		0	12.0616	47.394	0	0	0	
2024-06-25 23:35:32	4	312	9	0	0	0	1	0	0	0	1	0	0	6.25	1	0	0	0	1	0	0	5.412		100.016	39.4596	0.0435575	0	0.435507	0.0155618	17.1023	1		0.0088623	11.9552	47.9138	0	0	0	
2024-06-25 23:43:53	72	313	5	0	0	5	21	0	0	0	21	0	0	0.5	21	0	0	0	21	0	0	3.897		99.9975	40.1629	0.0608293	0	0.608308	0.28391	17.1995	1		0	12.0616	43.8855	0	0	0	
2024-06-25 23:53:08	146	314	1	0	0	1.25	6	0	0	0	6	0	0	0.5	6	0	0	0	6	0	0	0.649		100.003	39.7984	0.293353	0	2.93344	0.225775	13.8235	1		0.0088623	12.0616	43.4956	0	0	0	
2024-06-25 23:42:45	63	315	9	0	0	5	21	0	0	0	21	0	0	7	21	0	0	0	21	0	0	1.732		100.001	40.2089	0.112609	0	1.12608	0.00355427	14.1508	1		0	12.0616	44.1454	0	0	0	
2024-06-25 23:38:40	29	316	1	0	0	2	9	0	0	0	9	0	0	0.25	9	0	0	0	9	0	0	1.515		100.002	39.6535	0.132234	0	1.32232	0.662246	14.5396	1		0	11.9552	45.5748	0	0	0	
2024-06-25 23:41:42	55	317	9	0	0	4	17	0	0	0	17	0	0	7	17	0	0	0	17	0	0	2.598		100.007	39.8356	0.0764287	0	0.764232	0.168108	14.4054	1		0.0088623	12.0616	44.4052	0	0	0	
2024-06-25 23:40:03	41	318	9	0	0	3	13	0	0	0	13	0	0	5.5	13	0	0	0	13	0	0	2.165		100.007	40.511	0.0982238	0	0.982165	0.710195	15.4278	1		0.0088623	12.0616	44.925	0	0	0	
2024-06-25 23:39:35	37	319	5	0	0	3	13	0	0	0	13	0	0	4.25	13	0	0	0	13	0	0	1.082		100.005	40.5166	0.169797	0	1.69789	0.44764	13.3352	1		0	12.0616	45.055	0	0	0	
2024-06-25 23:46:08	89	320	5	0	0	7	29	0	0	0	29	0	0	7.75	29	0	0	0	29	0	0	0.649		99.9946	39.9742	0.333796	0	3.33814	0.260569	15.7306	1		0.0088623	12.0616	43.6256	0	0	0	
2024-06-25 23:46:08	89	321	9	0	0	7	29	0	0	0	29	0	0	6.5	29	0	0	0	29	0	0	0.433		99.9946	39.9742	0.4785	0	4.78526	0.262455	15.0333	1		0.0088623	12.0616	43.6256	0	0	0	
2024-06-25 23:37:00	16	322	1	0	0	1	5	0	0	0	5	0	0	6	5	0	0	0	5	0	0	4.33		100.01	39.2031	0.0566553	0	0.566496	0.210554	17.797	1		0	12.0616	46.6143	0	0	0	
2024-06-25 23:36:53	15	323	5	0	0	1	5	0	0	0	5	0	0	4.75	5	0	0	0	5	0	0	3.247		100.01	39.2154	0.072198	0	0.72191	0.865021	17.0096	1		0.0088623	12.0616	46.7443	0	0	0	
2024-06-25 23:50:59	129	324	9	0	0	4.75	20	0	0	0	20	0	0	5	20	0	0	0	20	0	0	0.216		99.9942	39.9286	0.83135	0	8.31399	0.444657	13.0596	1		0.0088623	12.0616	43.4956	0	0	0	
2024-06-25 23:44:15	75	325	9	0	0	6	25	0	0	0	25	0	0	5	25	0	0	0	25	0	0	0.866		99.9962	40.1036	0.225911	0	2.25919	0.174653	14.1949	2		0	12.0616	43.8855	0	0	0	
2024-06-25 23:44:15	75	326	1	0	0	6	25	0	0	0	25	0	0	3.75	25	0	0	0	25	0	0	1.948		99.9962	40.1036	0.101228	0	1.01232	0.0648414	14.3113	2		0	12.0616	43.8855	0	0	0	
2024-06-25 23:37:38	21	327	1	0	0	1	5	0	0	0	5	0	0	0	5	0	0	0	5	0	0	0.866		100.012	39.1943	0.208627	0	2.08601	0.257958	13.1068	1		0	12.0616	46.2245	0	0	0	
2024-06-25 23:49:56	120	328	9	0	0	0.75	4	0	0	0	4	0	0	7	4	0	0	0	4	0	0	5.412		99.9966	39.9187	0.0422429	0	0.422443	0.119816	16.5893	1		0	12.0616	43.4956	0	0	0	
2024-06-25 23:41:42	55	329	1	0	0	4	17	0	0	0	17	0	0	0.25	17	0	0	0	17	0	0	3.247		100.007	39.8356	0.0602951	0	0.602907	0.201219	14.2057	1		0.0088623	12.0616	44.4052	0	0	0	
2024-06-25 23:47:54	104	330	1	0	0	7.75	32	0	0	0	32	0	0	2.75	32	0	0	0	32	0	0	4.33		99.993	39.8974	0.0481662	0	0.481696	0.0589874	15.1329	1		0	12.0616	43.3657	0	0	0	
2024-06-25 23:44:25	76	331	1	0	0	6	25	0	0	0	25	0	0	0	25	0	0	0	25	0	0	5.195		99.9917	40.1095	0.0588691	0	0.588741	0.0933998	22.195	1		0	12.0616	43.7555	0	0	0	
2024-06-25 23:39:28	36	332	5	0	0	2	9	0	0	0	9	0	0	2.75	9	0	0	0	9	0	0	0.649		100.008	39.6669	0.298852	0	2.98829	0.279556	14.082	1		0.0088623	12.0616	45.1849	0	0	0	
2024-06-25 23:45:44	86	333	1	0	0	7	29	0	0	0	29	0	0	1.25	29	0	0	0	29	0	0	4.979		99.9965	40.0292	0.0486439	0	0.486456	0.3931	17.5748	1		0.0088623	11.9552	43.7555	0	0	0	
2024-06-25 23:35:38	5	334	9	0	0	0	1	0	0	0	1	0	0	5.5	1	0	0	0	1	0	0	4.762		100.019	39.4638	0.0711422	0	0.711287	0.171605	24.5803	2		0.0088623	11.9552	47.9138	0	0	0	
2024-06-25 23:35:38	5	335	5	0	0	0	1	0	0	0	1	0	0	4.25	1	0	0	0	1	0	0	3.68		100.019	39.4638	0.0565303	0	0.565195	0.110714	15.0927	2		0.0088623	11.9552	47.9138	0	0	0	
