Time	MeasID	DPID	Channel	A(x)	A(y)	A(z)	A(adr)	B(x)	B(y)	B(z)	B(adr)	M(x)	M(y)	M(z)	M(adr)	N(x)	N(y)	N(z)	N(adr)	F(x)	F(y)	F(z)	Note	I(mA)	Uout(V)	U(V)	SP(V)	R(Ohm)	Var(%)	Rho-a(Ohm-m)	Cycles	IP Delay Window(mV/V)	Pint(V)	Pext(V)	T int(deg C)	T log(deg C)	Latitude	Longitude
2024-06-26 01:48:00	267	336	1	0	0	7.75	32	0	0	0	32	0	0	2	32	0	0	0	32	0	0	4.979		100.002	39.8817	0.0426383	0	0.426376	0.0545776	15.4042	1		0	12.0616	43.7555	0	0	0	
2024-06-26 01:43:14	230	337	5	0	0	5	21	0	0	0	21	0	0	7.5	21	0	0	0	21	0	0	2.165		100.002	40.2656	0.0911584	0	0.911569	0.209239	14.3189	1		0	12.0616	44.2753	0	0	0	
2024-06-26 01:43:28	232	338	9	0	0	5	21	0	0	0	21	0	0	6.25	21	0	0	0	21	0	0	1.082		100.007	40.2309	0.186173	0	1.8616	0.164865	14.621	1		0	12.0616	44.2753	0	0	0	
2024-06-26 01:40:08	204	339	1	0	0	3	13	0	0	0	13	0	0	1.75	13	0	0	0	13	0	0	1.082		100.006	40.5592	0.170246	0	1.70236	0.394389	13.3703	1		0	12.0616	45.1849	0	0	0	
2024-06-26 01:47:45	265	340	9	0	0	7.75	32	0	0	0	32	0	0	6.75	32	0	0	0	32	0	0	0.866		99.994	39.8888	0.240008	0	2.40022	0.305656	15.0811	1		0	12.0616	43.7555	0	0	0	
2024-06-26 01:53:52	313	341	1	0	0	3.25	14	0	0	0	14	0	0	2.5	14	0	0	0	14	0	0	0.649		100	40.2895	0.284207	0	2.84207	0.368247	13.3929	1		0	12.0616	43.7555	0	0	0	
2024-06-26 01:42:16	222	342	5	0	0	4	17	0	0	0	17	0	0	7.5	17	0	0	0	17	0	0	3.031		100.003	39.9684	0.0664002	0	0.663985	0.0905714	14.6018	1		0.0088623	12.0616	44.2753	0	0	0	
2024-06-26 01:42:02	220	343	9	0	0	4	17	0	0	0	17	0	0	6.25	17	0	0	0	17	0	0	1.948		100.002	39.9736	0.101495	0	1.01492	0.240026	14.3481	1		0	12.0616	44.5352	0	0	0	
2024-06-26 01:40:37	208	344	1	0	0	3	13	0	0	0	13	0	0	3.5	13	0	0	0	13	0	0	0.433		100.01	40.5285	0.450224	0	4.50177	0.137554	14.1427	1		0	12.0616	45.055	0	0	0	
2024-06-26 01:38:29	191	345	5	0	0	2	9	0	0	0	9	0	0	6.75	9	0	0	0	9	0	0	4.113		100.005	39.7202	0.0533461	0	0.533432	0.0283195	15.9204	1		0	12.0616	45.9646	0	0	0	
2024-06-26 01:46:40	256	346	9	0	0	7	29	0	0	0	29	0	0	5.75	29	0	0	0	29	0	0	1.082		99.9986	39.7633	0.18226	0	1.82263	0.0297408	14.3149	1		0.0088623	12.0616	43.7555	0	0	0	
2024-06-26 01:46:47	257	347	5	0	0	7	29	0	0	0	29	0	0	4.5	29	0	0	0	29	0	0	2.165		99.9979	39.7767	0.090826	0	0.908279	0.412271	14.2672	1		0	12.0616	43.7555	0	0	0	
2024-06-26 01:37:35	184	348	5	0	0	1	5	0	0	0	5	0	0	5.25	5	0	0	0	5	0	0	3.68		100.009	39.1782	0.0661449	0	0.661391	0.621615	17.6615	1		0.0088623	11.9641	46.3544	0	0	0	
2024-06-26 01:37:19	182	349	9	0	0	1	5	0	0	0	5	0	0	4	5	0	0	0	5	0	0	2.598		100.01	39.1756	0.073215	0	0.732074	0.144549	13.7993	2		0.0088623	12.0616	46.6143	0	0	0	
2024-06-26 01:52:17	301	350	1	0	0	4.75	20	0	0	0	20	0	0	3	20	0	0	0	20	0	0	1.515		100.002	39.9633	0.124337	0	1.24334	0.234805	13.6713	1		0.0088623	12.0616	43.7555	0	0	0	
2024-06-26 01:45:20	246	351	1	0	0	6	25	0	0	0	25	0	0	3	25	0	0	0	25	0	0	2.598		100.002	40.2141	0.0799265	0	0.799249	0.79896	15.0655	1		0.0088623	12.0616	44.0154	0	0	0	
2024-06-26 01:38:58	195	352	1	0	0	2	9	0	0	0	9	0	0	2.25	9	0	0	0	9	0	0	0.216		100.008	39.705	0.818588	0	8.18522	0.114718	12.8573	1		0	12.0616	45.7047	0	0	0	
2024-06-26 01:46:01	251	353	1	0	0	7	29	0	0	0	29	0	0	0.5	29	0	0	0	29	0	0	5.628		99.9961	39.7526	0.0430284	0	0.430301	0.217591	17.5738	2		0.0088623	12.0616	43.8855	0	0	0	
2024-06-26 01:36:27	176	354	5	0	0	0	1	0	0	0	1	0	0	3.5	1	0	0	0	1	0	0	3.031		100.015	39.4736	0.0796525	0	0.796406	0.339902	17.5139	2		0	12.0616	47.264	0	0	0	
2024-06-26 01:53:44	312	355	1	0	0	1.75	8	0	0	0	8	0	0	0	8	0	0	0	8	0	0	1.515		99.9981	40.1208	0.121923	0	1.21925	0.10864	13.4063	1		0.0088623	12.0616	43.7555	0	0	0	
2024-06-26 01:44:42	241	356	9	0	0	6	25	0	0	0	25	0	0	7	25	0	0	0	25	0	0	0.866		99.9999	40.1891	0.23704	0	2.3704	0.150158	14.8937	1		0	12.0616	44.0154	0	0	0	
2024-06-26 01:53:01	306	357	1	0	0	6.5	27	0	0	0	27	0	0	1.25	27	0	0	0	27	0	0	4.546		99.9997	39.9722	0.0588746	0	0.588748	0.295528	19.4209	1		0	12.0616	43.6256	0	0	0	
2024-06-26 01:47:52	266	358	1	0	0	7.75	32	0	0	0	32	0	0	1.25	32	0	0	0	32	0	0	5.628		99.9983	39.9019	0.0406163	0	0.40617	0.324748	16.5883	1		0	12.0616	43.7555	0	0	0	
2024-06-26 01:43:28	232	359	5	0	0	5	21	0	0	0	21	0	0	5.5	21	0	0	0	21	0	0	0.433		100.007	40.2309	0.471486	0	4.71455	0.336488	14.8112	1		0	12.0616	44.2753	0	0	0	
2024-06-26 01:43:07	229	360	5	0	0	5	21	0	0	0	21	0	0	4.25	21	0	0	0	21	0	0	0.649		99.9985	40.2928	0.30349	0	3.03495	0.279982	14.3019	1		0.0088623	12.0616	44.2753	0	0	0	
2024-06-26 01:40:01	203	361	1	0	0	3	13	0	0	0	13	0	0	1	13	0	0	0	13	0	0	1.732		100.011	40.5875	0.107086	0	1.07075	0.536891	13.4554	1		0	12.0616	45.055	0	0	0	
2024-06-26 01:38:22	190	362	1	0	0	1	5	0	0	0	5	0	0	2	5	0	0	0	5	0	0	0.866		100.01	39.2196	0.202997	0	2.02977	0.0748596	12.7534	1		0	12.0616	45.9646	0	0	0	
2024-06-26 01:49:47	281	363	9	0	0	1.75	8	0	0	0	8	0	0	6	8	0	0	0	8	0	0	3.68		99.9997	40.1305	0.0637705	0	0.637707	0.396142	17.029	1		0	12.0616	43.7555	0	0	0	
2024-06-26 01:42:45	226	364	5	0	0	4	17	0	0	0	17	0	0	2.25	17	0	0	0	17	0	0	1.515		100	39.9922	0.118584	0	1.18584	0.0389428	13.039	1		0.0088623	12.0616	44.2753	0	0	0	
2024-06-26 01:47:30	263	365	9	0	0	7.75	32	0	0	0	32	0	0	6	32	0	0	0	32	0	0	1.515		100.001	39.8554	0.13028	0	1.30279	0.737683	14.325	1		0.0088623	12.0616	43.7555	0	0	0	
2024-06-26 01:47:52	266	366	5	0	0	7.75	32	0	0	0	32	0	0	4.75	32	0	0	0	32	0	0	2.598		99.9983	39.9019	0.0761589	0	0.761602	0.312233	14.3559	1		0	12.0616	43.7555	0	0	0	
2024-06-26 01:44:42	241	367	1	0	0	6	25	0	0	0	25	0	0	2	25	0	0	0	25	0	0	3.464		99.9999	40.1891	0.0702252	0	0.702253	0.0467826	17.6495	1		0	12.0616	44.0154	0	0	0	
2024-06-26 01:41:34	216	368	9	0	0	4	17	0	0	0	17	0	0	5.5	17	0	0	0	17	0	0	1.299		100.007	40.0259	0.152771	0	1.5276	0.176369	14.3973	1		0.0088623	12.0616	44.6651	0	0	0	
2024-06-26 01:42:09	221	369	9	0	0	4	17	0	0	0	17	0	0	4.25	17	0	0	0	17	0	0	0.216		100.002	39.9705	0.940813	0	9.40798	0.0185815	14.778	1		0	12.0616	44.4052	0	0	0	
2024-06-26 01:36:38	177	370	1	0	0	0	1	0	0	0	1	0	0	1.75	1	0	0	0	1	0	0	1.515		100.02	39.4913	0.119176	0	1.19152	0.00316281	13.1015	1		0.0088623	12.0616	47.1341	0	0	0	
2024-06-26 01:54:50	321	371	1	0	0	3.75	16	0	0	4	16	0	0	3.5	16	0	0	4.25	16	0	0	0.13		100.006	20.4373	0.676603	0	6.76566	0.0720662	10.6275	1		0.0088623	12.0616	43.7555	0	0	0	
2024-06-26 01:40:59	211	372	1	0	0	3	13	0	0	0	13	0	0	2.75	13	0	0	0	13	0	0	0.216		100.01	40.4527	0.798442	0	7.98363	0.174373	12.5407	1		0.0088623	12.0616	44.7951	0	0	0	
2024-06-26 01:39:15	197	373	5	0	0	2	9	0	0	0	9	0	0	6	9	0	0	0	9	0	0	3.464		100.008	39.7077	0.0701257	0	0.701197	0.469294	17.623	1		0.0088623	12.0616	45.5748	0	0	0	
2024-06-26 01:38:50	194	374	5	0	0	2	9	0	0	0	9	0	0	4.75	9	0	0	0	9	0	0	2.381		100.01	39.7072	0.0833213	0	0.833129	0.188982	14.3954	1		0.0088623	12.0616	45.7047	0	0	0	
2024-06-26 01:46:11	252	375	5	0	0	7	29	0	0	0	29	0	0	5	29	0	0	0	29	0	0	1.732		99.9977	39.7583	0.111164	0	1.11167	0.106161	13.9696	1		0.0088623	12.0616	43.7555	0	0	0	
2024-06-26 01:46:11	252	376	1	0	0	7	29	0	0	0	29	0	0	3.75	29	0	0	0	29	0	0	2.814		99.9977	39.7583	0.0713009	0	0.713025	0.0169378	14.5602	1		0.0088623	12.0616	43.7555	0	0	0	
2024-06-26 01:37:35	184	377	1	0	0	1	5	0	0	0	5	0	0	3.25	5	0	0	0	5	0	0	1.948		100.009	39.1782	0.0945563	0	0.945481	0.0423288	13.3664	1		0.0088623	11.9641	46.3544	0	0	0	
2024-06-26 01:49:19	278	378	9	0	0	2.75	12	0	0	0	12	0	0	5	12	0	0	0	12	0	0	1.948		99.9979	39.9535	0.0950345	0	0.950364	0.222113	13.4355	1		0.0088623	12.0616	43.7555	0	0	0	
2024-06-26 01:43:00	228	379	1	0	0	5	21	0	0	0	21	0	0	1.75	21	0	0	0	21	0	0	2.814		100.003	40.3024	0.0819838	0	0.819813	0.792774	16.7409	1		0.0088623	12.0616	44.2753	0	0	0	
2024-06-26 01:39:15	197	380	1	0	0	2	9	0	0	0	9	0	0	1.5	9	0	0	0	9	0	0	0.433		100.008	39.7077	0.435095	0	4.35058	0.103204	13.6677	1		0.0088623	12.0616	45.5748	0	0	0	
2024-06-26 01:36:45	178	381	1	0	0	0	1	0	0	0	1	0	0	2.75	1	0	0	0	1	0	0	2.381		100.016	39.4755	0.157844	0	1.57818	0.198077	27.269	2		0.0088623	11.9552	47.0042	0	0	0	
2024-06-26 01:49:12	277	382	9	0	0	3.25	14	0	0	0	14	0	0	4.5	14	0	0	0	14	0	0	1.082		100.002	40.3105	0.169876	0	1.69874	0.266235	13.3419	1		0	12.0616	43.7555	0	0	0	
2024-06-26 01:40:16	205	383	9	0	0	3	13	0	0	0	13	0	0	6.75	13	0	0	0	13	0	0	3.247		100.01	40.5325	0.0675678	0	0.675614	0.387854	15.9188	1		0.0088623	12.0616	45.1849	0	0	0	
2024-06-26 01:37:04	180	384	5	0	0	1	5	0	0	0	5	0	0	7.25	5	0	0	0	5	0	0	5.412		100.014	39.232	0.0634694	0	0.634604	0.8986	24.9209	1		0.0088623	11.9552	46.7443	0	0	0	
2024-06-26 01:45:05	244	385	5	0	0	6	25	0	0	0	25	0	0	7.5	25	0	0	0	25	0	0	1.299		100.001	40.1769	0.152343	0	1.52341	0.116279	14.3578	1		0	12.0616	44.0154	0	0	0	
2024-06-26 01:44:51	242	386	5	0	0	6	25	0	0	0	25	0	0	6.25	25	0	0	0	25	0	0	0.216		100.003	40.1988	0.907033	0	9.07009	0.199451	14.2473	1		0.0088623	12.0616	44.0154	0	0	0	
2024-06-26 01:48:36	272	387	1	0	0	7.75	32	0	0	0	32	0	0	0.5	32	0	0	0	32	0	0	6.278		99.9962	39.8827	0.036565	0	0.365664	0.0944977	16.6571	1		0.0088623	12.0616	43.7555	0	0	0	
2024-06-26 01:44:15	238	388	1	0	0	5	21	0	0	0	21	0	0	3.5	21	0	0	0	21	0	0	1.299		100	40.1938	0.140693	0	1.40692	0.0421513	13.2599	2		0.0088623	12.0616	44.1454	0	0	0	
2024-06-26 01:40:23	206	389	1	0	0	3	13	0	0	0	13	0	0	0.25	13	0	0	0	13	0	0	2.381		100.01	40.5343	0.07821	0	0.782023	0.259475	13.5124	1		0.0088623	12.0616	45.055	0	0	0	
2024-06-26 01:37:04	180	390	1	0	0	1	5	0	0	0	5	0	0	1.25	5	0	0	0	5	0	0	0.216		100.014	39.232	0.811272	0	8.11156	0.247983	12.7416	1		0.0088623	11.9552	46.7443	0	0	0	
2024-06-26 01:41:34	216	391	1	0	0	4	17	0	0	0	17	0	0	1.5	17	0	0	0	17	0	0	2.165		100.007	40.0259	0.0853453	0	0.853392	0.062627	13.405	1		0.0088623	12.0616	44.6651	0	0	0	
2024-06-26 01:49:54	282	392	9	0	0	1.5	7	0	0	0	7	0	0	6.25	7	0	0	0	7	0	0	4.113		99.9988	39.215	0.0685446	0	0.685454	0.861073	20.4575	3		0.0088623	12.0616	43.7555	0	0	0	
2024-06-26 01:47:38	264	393	9	0	0	7.75	32	0	0	0	32	0	0	5.25	32	0	0	0	32	0	0	2.165		100.002	39.8657	0.0903238	0	0.90322	0.321931	14.1877	1		0	12.0616	43.7555	0	0	0	
2024-06-26 01:48:00	267	394	9	0	0	7.75	32	0	0	0	32	0	0	4	32	0	0	0	32	0	0	3.247		100.002	39.8817	0.0607815	0	0.607805	0.0612089	14.3211	1		0	12.0616	43.7555	0	0	0	
2024-06-26 01:45:50	250	395	5	0	0	6	25	0	0	0	25	0	0	1.25	25	0	0	0	25	0	0	4.113		99.9972	40.1598	0.0617668	0	0.617685	0.0410951	18.4349	2		0.0088623	12.0616	43.8855	0	0	0	
2024-06-26 01:42:38	225	396	5	0	0	4	17	0	0	0	17	0	0	3.5	17	0	0	0	17	0	0	0.433		100.002	40.0134	0.485564	0	4.85553	0.142983	15.2541	1		0	12.0616	44.2753	0	0	0	
2024-06-26 01:36:21	175	397	5	0	0	0	1	0	0	0	1	0	0	1	1	0	0	0	1	0	0	0.866		100.016	39.5054	0.208487	0	2.08452	0.203359	13.0974	1		0.0088623	12.0616	47.394	0	0	0	
2024-06-26 01:38:36	192	398	1	0	0	2	9	0	0	0	9	0	0	5.25	9	0	0	0	9	0	0	2.814		100.01	39.7199	0.0862733	0	0.862649	0.259385	17.6156	1		0.0088623	11.9641	45.8346	0	0	0	
2024-06-26 01:39:22	198	399	9	0	0	2	9	0	0	0	9	0	0	4	9	0	0	0	9	0	0	1.732		100.008	39.7057	0.10645	0	1.06441	0.0677867	13.3758	1		0	12.0616	45.5748	0	0	0	
2024-06-26 01:53:58	314	400	1	0	0	3.5	15	0	0	0	15	0	0	2.25	15	0	0	0	15	0	0	1.082		100	39.5506	0.166062	0	1.66062	0.109247	13.0425	1		0.0088623	12.0616	43.7555	0	0	0	
2024-06-26 01:46:26	254	401	1	0	0	7	29	0	0	0	29	0	0	3	29	0	0	0	29	0	0	3.464		99.9993	39.737	0.0592852	0	0.592856	0.0892716	14.9001	1		0	12.0616	43.8855	0	0	0	
2024-06-26 01:37:53	186	402	1	0	0	1	5	0	0	0	5	0	0	2.5	5	0	0	0	5	0	0	1.299		100.012	39.1777	0.145201	0	1.45184	0.3257	13.6833	1		0.0088623	12.0616	46.2245	0	0	0	
2024-06-26 01:35:46	171	403	5	0	0	0	1	0	0	0	1	0	0	6.75	1	0	0	0	1	0	0	5.845		100.016	39.5174	0.040222	0	0.402157	0.316597	17.0561	2		0.0088623	11.9552	47.9138	0	0	0	
2024-06-26 01:50:59	290	404	1	0	0	2.75	12	0	0	0	12	0	0	3	12	0	0	0	12	0	0	0.216		100.002	39.8938	0.801185	0	8.01169	0.146266	12.5847	1		0	12.0616	43.7555	0	0	0	
2024-06-26 01:43:07	229	405	1	0	0	5	21	0	0	0	21	0	0	1	21	0	0	0	21	0	0	3.464		99.9985	40.2928	0.066389	0	0.6639	0.653689	16.6856	1		0.0088623	12.0616	44.2753	0	0	0	
2024-06-26 01:56:10	330	406	1	0	0	0.5	3	0	0	7.25	3	0	0	2.75	3	0	0	5	3	0	0	1.168		100.002	21.7619	0.0705244	0	0.705231	0.210627	9.96997	2		0	11.973	43.7555	0	0	0	
2024-06-26 01:51:41	296	407	9	0	0	6.75	28	0	0	0	28	0	0	7	28	0	0	0	28	0	0	0.216		99.9993	39.8006	0.877093	0	8.77099	0.574246	13.7774	1		0	11.9552	43.6256	0	0	0	
2024-06-26 01:39:05	196	408	1	0	0	2	9	0	0	0	9	0	0	0.75	9	0	0	0	9	0	0	1.082		100.008	39.7036	0.164097	0	1.64084	0.0376085	12.8871	2		0	11.9552	45.5748	0	0	0	
2024-06-26 01:40:16	205	409	5	0	0	3	13	0	0	0	13	0	0	6	13	0	0	0	13	0	0	2.598		100.01	40.5325	0.0793063	0	0.792987	0.102632	14.9475	1		0.0088623	12.0616	45.1849	0	0	0	
2024-06-26 01:40:44	209	410	9	0	0	3	13	0	0	0	13	0	0	4.75	13	0	0	0	13	0	0	1.515		100.007	40.5351	0.123872	0	1.23863	0.186883	13.6194	1		0	12.0616	44.925	0	0	0	
2024-06-26 01:37:12	181	411	9	0	0	1	5	0	0	0	5	0	0	7.75	5	0	0	0	5	0	0	5.845		100.013	39.2127	0.0391091	0	0.391039	0.215042	16.5845	1		0.0088623	12.0616	46.7443	0	0	0	
2024-06-26 01:37:19	182	412	5	0	0	1	5	0	0	0	5	0	0	6.5	5	0	0	0	5	0	0	4.762		100.01	39.1756	0.052656	0	0.526505	0.227682	18.1947	2		0.0088623	12.0616	46.6143	0	0	0	
2024-06-26 01:44:35	240	413	9	0	0	6	25	0	0	0	25	0	0	5.5	25	0	0	0	25	0	0	0.433		100.003	40.1928	0.489215	0	4.89202	0.222318	15.3687	1		0.0088623	12.0616	44.0154	0	0	0	
2024-06-26 01:44:58	243	414	9	0	0	6	25	0	0	0	25	0	0	4.25	25	0	0	0	25	0	0	1.515		100.002	40.1901	0.129071	0	1.29069	0.0102531	14.1918	1		0.0088623	12.0616	44.0154	0	0	0	
2024-06-26 01:43:57	236	415	5	0	0	5	21	0	0	0	21	0	0	2.75	21	0	0	0	21	0	0	1.948		100.003	40.2344	0.0952201	0	0.952171	0.0436026	13.461	1		0	12.0616	44.1454	0	0	0	
2024-06-26 01:38:14	189	416	5	0	0	1	5	0	0	0	5	0	0	0.5	5	0	0	0	5	0	0	0.433		100.01	39.2546	0.454242	0	4.54198	0.233366	14.2691	1		0.0088623	11.9552	46.0945	0	0	0	
2024-06-26 01:42:09	221	417	1	0	0	4	17	0	0	0	17	0	0	0.75	17	0	0	0	17	0	0	2.814		100.002	39.9705	0.0733734	0	0.733722	0.348313	14.9829	1		0	12.0616	44.4052	0	0	0	
2024-06-26 01:48:50	274	418	5	0	0	7.75	32	0	0	0	32	0	0	3.25	32	0	0	0	32	0	0	3.897		100	39.8899	0.051443	0	0.514427	0.574589	14.5451	1		0	12.0616	43.7555	0	0	0	
2024-06-26 01:55:22	325	419	1	0	0	2.75	12	0	0	5	12	0	0	0.5	12	0	0	7.25	12	0	0	1.168		100.003	21.8267	0.0701977	0	0.701958	0.280816	9.9237	1		0	12.0616	43.4956	0	0	0	
2024-06-26 01:50:06	283	420	9	0	0	1.25	6	0	0	0	6	0	0	6.5	6	0	0	0	6	0	0	4.546		99.9943	39.7816	0.0530032	0	0.530062	0.509905	17.485	1		0	12.0616	43.7555	0	0	0	
2024-06-26 01:45:34	248	421	1	0	0	6	25	0	0	0	25	0	0	0.5	25	0	0	0	25	0	0	4.762		99.9975	40.173	0.0545337	0	0.545351	0.0788636	18.846	2		0	11.9552	43.7555	0	0	0	
2024-06-26 01:42:45	226	422	1	0	0	4	17	0	0	0	17	0	0	2.75	17	0	0	0	17	0	0	1.082		100	39.9922	0.166784	0	1.66784	0.0747988	13.0991	1		0.0088623	12.0616	44.2753	0	0	0	
2024-06-26 01:36:21	175	423	1	0	0	0	1	0	0	0	1	0	0	0.25	1	0	0	0	1	0	0	0.216		100.016	39.5054	0.812211	0	8.12077	0.0855945	12.7561	1		0.0088623	12.0616	47.394	0	0	0	
2024-06-26 01:39:22	198	424	1	0	0	2	9	0	0	0	9	0	0	3.25	9	0	0	0	9	0	0	1.082		100.008	39.7057	0.167047	0	1.67033	0.0242126	13.1187	1		0	12.0616	45.5748	0	0	0	
2024-06-26 01:47:09	260	425	5	0	0	7	29	0	0	0	29	0	0	1.75	29	0	0	0	29	0	0	4.546		99.9998	39.7576	0.0533298	0	0.533299	0.127806	17.5918	1		0	12.0616	43.7555	0	0	0	
2024-06-26 01:35:03	167	426	5	0	0	0	1	0	0	0	1	0	0	6	1	0	0	0	1	0	0	5.195		100.013	39.5445	0.0581756	0	0.581678	0.655351	21.9288	2		0.0088623	12.0793	48.5635	0	0	0	
2024-06-26 01:35:39	170	427	1	0	0	0	1	0	0	0	1	0	0	4.75	1	0	0	0	1	0	0	4.113		100.014	39.525	0.0525673	0	0.525599	0.264194	15.6866	1		0.0088623	12.0616	48.0437	0	0	0	
2024-06-26 01:53:16	308	428	1	0	0	7.25	30	0	0	0	30	0	0	0.5	30	0	0	0	30	0	0	5.845		100.002	39.9461	0.0551129	0	0.551119	0.55617	23.3738	1		0.0088623	12.0616	43.7555	0	0	0	
2024-06-26 01:43:21	231	429	1	0	0	5	21	0	0	0	21	0	0	0.25	21	0	0	0	21	0	0	4.113		100.003	40.2644	0.0517599	0	0.517582	0.240344	15.4473	1		0	12.0616	44.2753	0	0	0	
2024-06-26 01:43:00	228	430	9	0	0	5	21	0	0	0	21	0	0	6.75	21	0	0	0	21	0	0	1.515		100.003	40.3024	0.13757	0	1.37566	0.7575	15.1261	1		0.0088623	12.0616	44.2753	0	0	0	
2024-06-26 01:40:59	211	431	5	0	0	3	13	0	0	0	13	0	0	2.25	13	0	0	0	13	0	0	0.649		100.01	40.4527	0.285892	0	2.85863	0.17362	13.471	1		0.0088623	12.0616	44.7951	0	0	0	
2024-06-26 01:39:29	199	432	1	0	0	2	9	0	0	0	9	0	0	0	9	0	0	0	9	0	0	1.732		100.01	39.6915	0.172742	0	1.72724	0.376937	21.7052	2		0	12.0616	45.1849	0	0	0	
2024-06-26 01:51:48	297	433	9	0	0	6.5	27	0	0	0	27	0	0	7.25	27	0	0	0	27	0	0	0.649		99.9942	40.0061	0.32366	0	3.23679	0.0517531	15.253	1		0	12.0616	43.7555	0	0	0	
2024-06-26 01:48:00	267	434	5	0	0	7.75	32	0	0	0	32	0	0	7.25	32	0	0	0	32	0	0	0.433		100.002	39.8817	0.490066	0	4.90058	0.0243123	15.3956	1		0	12.0616	43.7555	0	0	0	
2024-06-26 01:53:23	309	435	1	0	0	7.5	31	0	0	0	31	0	0	0.25	31	0	0	0	31	0	0	6.278		100	39.7116	0.0357557	0	0.357557	0.00500588	16.2878	1		0	12.0616	43.4956	0	0	0	
2024-06-26 01:50:38	287	436	1	0	0	0.75	4	0	0	0	4	0	0	1	4	0	0	0	4	0	0	0.216		99.9982	39.9441	0.824212	0	8.24226	0.0695565	12.9469	1		0	11.9552	43.7555	0	0	0	
2024-06-26 01:52:31	303	437	1	0	0	5.5	23	0	0	0	23	0	0	2.25	23	0	0	0	23	0	0	2.814		99.9983	39.8264	0.0969904	0	0.969921	0.182301	19.8061	2		0	12.0616	43.7555	0	0	0	
2024-06-26 01:41:27	215	438	9	0	0	4	17	0	0	0	17	0	0	6.75	17	0	0	0	17	0	0	2.381		100.006	40.0401	0.0843821	0	0.843767	0.506074	14.5792	1		0	12.0616	44.7951	0	0	0	
2024-06-26 01:40:30	207	439	9	0	0	3	13	0	0	0	13	0	0	5.25	13	0	0	0	13	0	0	1.948		100.007	40.5351	0.101841	0	1.01834	0.15186	14.3964	1		0.0088623	12.0616	45.055	0	0	0	
2024-06-26 01:40:37	208	440	9	0	0	3	13	0	0	0	13	0	0	4	13	0	0	0	13	0	0	0.866		100.01	40.5285	0.217641	0	2.17618	0.0706549	13.6733	1		0	12.0616	45.055	0	0	0	
2024-06-26 01:38:43	193	441	9	0	0	2	9	0	0	0	9	0	0	7.25	9	0	0	0	9	0	0	4.546		100.009	39.7145	0.0538635	0	0.538587	0.444058	17.7662	1		0.0088623	12.0616	45.8346	0	0	0	
2024-06-26 01:46:47	257	442	9	0	0	7	29	0	0	0	29	0	0	7.5	29	0	0	0	29	0	0	0.433		99.9979	39.7767	0.471891	0	4.71901	0.211187	14.8252	1		0	12.0616	43.7555	0	0	0	
2024-06-26 01:46:54	258	443	5	0	0	7	29	0	0	0	29	0	0	6.25	29	0	0	0	29	0	0	0.649		99.9991	39.7566	0.31645	0	3.16453	0.275311	14.9125	1		0.0088623	12.0616	43.7555	0	0	0	
2024-06-26 01:37:43	185	444	9	0	0	1	5	0	0	0	5	0	0	5.75	5	0	0	0	5	0	0	4.113		100.009	39.1823	0.0522126	0	0.522078	0.389275	15.5815	2		0.0088623	12.0616	46.3544	0	0	0	
2024-06-26 01:37:35	184	445	9	0	0	1	5	0	0	0	5	0	0	4.5	5	0	0	0	5	0	0	3.031		100.009	39.1782	0.0733844	0	0.73378	0.234019	16.1367	1		0.0088623	11.9641	46.3544	0	0	0	
2024-06-26 01:45:50	250	446	1	0	0	6	25	0	0	0	25	0	0	3.5	25	0	0	0	25	0	0	2.165		99.9972	40.1598	0.0877197	0	0.877221	0.108168	13.7794	2		0.0088623	12.0616	43.8855	0	0	0	
2024-06-26 01:41:27	215	447	1	0	0	4	17	0	0	0	17	0	0	0	17	0	0	0	17	0	0	3.464		100.006	40.0401	0.0650598	0	0.650556	0.158928	16.3503	1		0	12.0616	44.7951	0	0	0	
2024-06-26 01:48:43	273	448	1	0	0	7.75	32	0	0	0	32	0	0	2.5	32	0	0	0	32	0	0	4.546		99.9975	39.8893	0.0483059	0	0.483071	0.645147	15.9349	1		0.0088623	12.0616	43.7555	0	0	0	
2024-06-26 01:39:40	200	449	1	0	0	2	9	0	0	0	9	0	0	2.5	9	0	0	0	9	0	0	0.433		100.012	39.7415	0.428906	0	4.28856	0.0648606	13.4729	1		0.0088623	12.0616	45.3149	0	0	0	
2024-06-26 01:47:24	262	450	5	0	0	7	29	0	0	0	29	0	0	1	29	0	0	0	29	0	0	5.195		99.9973	39.7653	0.0463162	0	0.463174	0.431124	17.4612	1		0	12.0616	43.7555	0	0	0	
2024-06-26 01:35:19	168	451	9	0	0	0	1	0	0	0	1	0	0	5.25	1	0	0	0	1	0	0	4.546		100.014	39.4894	0.0510446	0	0.510374	0.0261589	16.8356	2		0.0088623	12.0616	48.4336	0	0	0	
2024-06-26 01:36:14	174	452	9	0	0	0	1	0	0	0	1	0	0	4	1	0	0	0	1	0	0	3.464		100.02	39.514	0.0637354	0	0.637229	0.00358958	16.0153	1		0.0088623	12.0616	47.394	0	0	0	
2024-06-26 01:47:38	264	453	1	0	0	7.75	32	0	0	0	32	0	0	1.75	32	0	0	0	32	0	0	5.195		100.002	39.8657	0.0442299	0	0.44229	0.139828	16.6739	1		0	12.0616	43.7555	0	0	0	
2024-06-26 01:42:52	227	454	9	0	0	5	21	0	0	0	21	0	0	6	21	0	0	0	21	0	0	0.866		100.005	40.3031	0.228867	0	2.28856	0.665063	14.3795	1		0	12.0616	44.2753	0	0	0	
2024-06-26 01:43:00	228	455	5	0	0	5	21	0	0	0	21	0	0	4.75	21	0	0	0	21	0	0	0.216		100.003	40.3024	0.835447	0	8.35422	0.327145	13.1228	1		0.0088623	12.0616	44.2753	0	0	0	
2024-06-26 01:41:05	212	456	1	0	0	3	13	0	0	0	13	0	0	1.5	13	0	0	0	13	0	0	1.299		100.006	40.4943	0.138242	0	1.38233	0.019049	13.0282	1		0.0088623	12.0616	44.7951	0	0	0	
2024-06-26 01:47:45	265	457	5	0	0	7.75	32	0	0	0	32	0	0	6.5	32	0	0	0	32	0	0	1.082		99.994	39.8888	0.187279	0	1.8729	0.297638	14.7097	1		0	12.0616	43.7555	0	0	0	
2024-06-26 01:49:37	280	458	9	0	0	2.25	10	0	0	0	10	0	0	5.5	10	0	0	0	10	0	0	2.814		99.9964	40.3782	0.0945739	0	0.945773	0.169509	19.313	2		0.0088623	12.0616	43.4956	0	0	0	
2024-06-26 01:55:11	324	459	1	0	0	3	13	0	0	4.75	13	0	0	1.25	13	0	0	6.5	13	0	0	0.908		100.004	22.2244	0.0775898	0	0.775868	0.000721253	8.53111	2		0	12.0616	43.7555	0	0	0	
2024-06-26 01:41:48	218	460	5	0	0	4	17	0	0	0	17	0	0	6	17	0	0	0	17	0	0	1.732		100.005	39.9973	0.111438	0	1.11432	0.233437	14.003	1		0.0088623	12.0616	44.6651	0	0	0	
2024-06-26 01:41:55	219	461	5	0	0	4	17	0	0	0	17	0	0	4.75	17	0	0	0	17	0	0	0.649		100.004	39.9897	0.317492	0	3.1748	0.215025	14.9609	1		0.0088623	12.0616	44.4052	0	0	0	
2024-06-26 01:36:38	177	462	5	0	0	0	1	0	0	0	1	0	0	2.25	1	0	0	0	1	0	0	1.948		100.02	39.4913	0.116669	0	1.16646	0.558865	16.4905	1		0.0088623	12.0616	47.1341	0	0	0	
2024-06-26 01:55:05	323	463	1	0	0	3.25	14	0	0	4.5	14	0	0	2	14	0	0	5.75	14	0	0	0.649		100.004	21.9513	0.137869	0	1.37864	0.418986	10.8278	1		0.0088623	12.0616	43.7555	0	0	0	
2024-06-26 01:40:44	209	464	1	0	0	3	13	0	0	0	13	0	0	3.25	13	0	0	0	13	0	0	0.216		100.007	40.5351	0.822459	0	8.22398	0.147491	12.9182	1		0	12.0616	44.925	0	0	0	
2024-06-26 01:38:58	195	465	9	0	0	2	9	0	0	0	9	0	0	7.75	9	0	0	0	9	0	0	4.979		100.008	39.705	0.0435245	0	0.43521	0.518007	15.7234	1		0	12.0616	45.7047	0	0	0	
2024-06-26 01:38:43	193	466	5	0	0	2	9	0	0	0	9	0	0	6.5	9	0	0	0	9	0	0	3.897		100.009	39.7145	0.05506	0	0.550551	0.36935	15.5665	1		0.0088623	12.0616	45.8346	0	0	0	
2024-06-26 01:46:26	254	467	9	0	0	7	29	0	0	0	29	0	0	5.5	29	0	0	0	29	0	0	1.299		99.9993	39.737	0.151468	0	1.51469	0.233381	14.2756	1		0	12.0616	43.8855	0	0	0	
2024-06-26 01:46:33	255	468	5	0	0	7	29	0	0	0	29	0	0	4.25	29	0	0	0	29	0	0	2.381		99.9993	39.7651	0.0832416	0	0.832421	0.276052	14.3832	1		0.0088623	12.0616	43.8855	0	0	0	
2024-06-26 01:37:29	183	469	9	0	0	1	5	0	0	0	5	0	0	5	5	0	0	0	5	0	0	3.464		100.013	39.1893	0.0610568	0	0.610491	0.0525929	15.3433	1		0.0088623	12.0616	46.4844	0	0	0	
2024-06-26 01:36:55	179	470	1	0	0	1	5	0	0	0	5	0	0	3.75	5	0	0	0	5	0	0	2.381		100.016	39.1682	0.0843736	0	0.843603	0.0262196	14.5764	2		0.0088623	12.0616	46.8742	0	0	0	
2024-06-26 01:45:27	247	471	5	0	0	6	25	0	0	0	25	0	0	2.75	25	0	0	0	25	0	0	2.814		100.003	40.1879	0.071615	0	0.716132	0.182931	14.6237	1		0	12.0616	44.0154	0	0	0	
2024-06-26 01:43:44	234	472	1	0	0	5	21	0	0	0	21	0	0	2.25	21	0	0	0	21	0	0	2.381		100.003	40.2456	0.0808574	0	0.808551	0.154571	13.9708	1		0	12.0616	44.2753	0	0	0	
2024-06-26 01:47:16	261	473	1	0	0	7	29	0	0	0	29	0	0	0.25	29	0	0	0	29	0	0	5.845		99.9962	39.7732	0.0390909	0	0.390924	0.226815	16.5797	1		0.0088623	12.0616	43.7555	0	0	0	
2024-06-26 01:36:27	176	474	1	0	0	0	1	0	0	0	1	0	0	3.25	1	0	0	0	1	0	0	2.814		100.015	39.4736	0.0705505	0	0.705399	0.122939	14.4045	2		0	12.0616	47.264	0	0	0	
2024-06-26 01:40:08	204	475	5	0	0	3	13	0	0	0	13	0	0	7.25	13	0	0	0	13	0	0	3.68		100.006	40.5592	0.0691105	0	0.691064	0.0297835	18.4539	1		0	12.0616	45.1849	0	0	0	
2024-06-26 01:45:05	244	476	9	0	0	6	25	0	0	0	25	0	0	6.75	25	0	0	0	25	0	0	0.649		100.001	40.1769	0.33031	0	3.30306	0.0846405	15.5653	1		0	12.0616	44.0154	0	0	0	
2024-06-26 01:48:58	275	477	9	0	0	3.75	16	0	0	0	16	0	0	4	16	0	0	0	16	0	0	0.216		100.002	39.8428	0.928712	0	9.28697	0.472076	14.5879	1		0	12.0616	43.7555	0	0	0	
2024-06-26 01:48:43	273	478	5	0	0	7.75	32	0	0	0	32	0	0	1	32	0	0	0	32	0	0	5.845		99.9975	39.8893	0.0387123	0	0.387133	0.2622	16.4189	1		0.0088623	12.0616	43.7555	0	0	0	
2024-06-26 01:43:14	230	479	9	0	0	5	21	0	0	0	21	0	0	5.25	21	0	0	0	21	0	0	0.216		100.002	40.2656	0.857442	0	8.57428	0.170957	13.4685	1		0	12.0616	44.2753	0	0	0	
2024-06-26 01:43:21	231	480	9	0	0	5	21	0	0	0	21	0	0	4	21	0	0	0	21	0	0	0.866		100.003	40.2644	0.224997	0	2.24989	0.598854	14.1365	1		0	12.0616	44.2753	0	0	0	
2024-06-26 01:41:12	213	481	5	0	0	3	13	0	0	0	13	0	0	0.75	13	0	0	0	13	0	0	1.948		100.005	40.5082	0.0982558	0	0.982505	0.401194	13.8898	1		0.0088623	12.0616	44.7951	0	0	0	
2024-06-26 01:38:08	188	482	1	0	0	1	5	0	0	0	5	0	0	1.75	5	0	0	0	5	0	0	0.649		100.01	39.2201	0.293241	0	2.93213	0.0784641	13.8174	1		0.0088623	12.0616	46.0945	0	0	0	
2024-06-26 01:41:55	219	483	1	0	0	4	17	0	0	0	17	0	0	2	17	0	0	0	17	0	0	1.732		100.004	39.9897	0.106622	0	1.06618	0.175122	13.398	1		0.0088623	12.0616	44.4052	0	0	0	
2024-06-26 01:48:14	269	484	9	0	0	7.75	32	0	0	0	32	0	0	5.75	32	0	0	0	32	0	0	1.732		99.9998	39.8753	0.11348	0	1.1348	0.0658901	14.2603	1		0	12.0616	43.7555	0	0	0	
2024-06-26 01:48:07	268	485	9	0	0	7.75	32	0	0	0	32	0	0	4.5	32	0	0	0	32	0	0	2.814		99.9991	39.8723	0.0703771	0	0.703777	0.274702	14.3714	1		0	12.0616	43.7555	0	0	0	
2024-06-26 01:51:13	292	486	1	0	0	2.25	10	0	0	0	10	0	0	3.5	10	0	0	0	10	0	0	1.082		99.9995	40.3571	0.166914	0	1.66915	0.118242	13.1095	1		0	12.0616	43.6256	0	0	0	
2024-06-26 01:50:31	286	487	9	0	0	0.25	2	0	0	0	2	0	0	7.5	2	0	0	0	2	0	0	6.278		100	39.8301	0.0375182	0	0.375182	0.193824	17.0907	1		0.0088623	12.0616	43.7555	0	0	0	
2024-06-26 01:44:35	240	488	1	0	0	6	25	0	0	0	25	0	0	1.75	25	0	0	0	25	0	0	3.68		100.003	40.1928	0.0744917	0	0.744897	0.326329	19.8914	1		0.0088623	12.0616	44.0154	0	0	0	
2024-06-26 01:41:48	218	489	9	0	0	4	17	0	0	0	17	0	0	5.25	17	0	0	0	17	0	0	1.082		100.005	39.9973	0.181852	0	1.81843	0.271038	14.2819	1		0.0088623	12.0616	44.6651	0	0	0	
2024-06-26 01:35:56	172	490	1	0	0	0	1	0	0	0	1	0	0	1.5	1	0	0	0	1	0	0	1.299		100.017	39.5128	0.136231	0	1.36208	0.0414882	12.8373	2		0.0088623	12.0616	47.6539	0	0	0	
2024-06-26 01:40:51	210	491	1	0	0	3	13	0	0	0	13	0	0	2.5	13	0	0	0	13	0	0	0.433		100.008	40.5247	0.433542	0	4.33506	0.256629	13.619	1		0	12.0616	44.5352	0	0	0	
2024-06-26 01:39:22	198	492	5	0	0	2	9	0	0	0	9	0	0	5.75	9	0	0	0	9	0	0	3.247		100.008	39.7057	0.0654549	0	0.654493	0.194395	15.4211	1		0	12.0616	45.5748	0	0	0	
2024-06-26 01:39:05	196	493	5	0	0	2	9	0	0	0	9	0	0	4.5	9	0	0	0	9	0	0	2.165		100.008	39.7036	0.0896093	0	0.89602	0.0712123	14.0747	2		0	11.9552	45.5748	0	0	0	
2024-06-26 01:46:18	253	494	1	0	0	7	29	0	0	0	29	0	0	3.5	29	0	0	0	29	0	0	3.031		100.001	39.7858	0.0652549	0	0.65254	0.114779	14.3501	1		0	12.0616	43.8855	0	0	0	
2024-06-26 01:37:29	183	495	1	0	0	1	5	0	0	0	5	0	0	3	5	0	0	0	5	0	0	1.732		100.013	39.1893	0.108253	0	1.08239	0.0079262	13.6018	1		0.0088623	12.0616	46.4844	0	0	0	
2024-06-26 01:36:14	174	496	5	0	0	0	1	0	0	0	1	0	0	7.25	1	0	0	0	1	0	0	6.278		100.02	39.514	0.0402312	0	0.402233	0.279605	18.323	1		0.0088623	12.0616	47.394	0	0	0	
2024-06-26 01:44:05	237	497	5	0	0	5	21	0	0	0	21	0	0	1.5	21	0	0	0	21	0	0	3.031		100.001	40.2114	0.0714478	0	0.714474	0.451345	15.7121	2		0	12.0616	44.1454	0	0	0	
2024-06-26 01:39:54	202	498	5	0	0	2	9	0	0	0	9	0	0	1.25	9	0	0	0	9	0	0	0.649		100.01	39.7312	0.278448	0	2.7842	0.195235	13.1202	1		0	12.0616	45.3149	0	0	0	
2024-06-26 01:53:37	311	499	1	0	0	1.5	7	0	0	0	7	0	0	0.25	7	0	0	0	7	0	0	1.082		100.001	39.3011	0.163261	0	1.63259	0.050857	12.8223	1		0	12.0616	43.7555	0	0	0	
2024-06-26 01:35:19	168	500	1	0	0	0	1	0	0	0	1	0	0	2.5	1	0	0	0	1	0	0	2.165		100.014	39.4894	0.0903044	0	0.902916	0.0736655	14.183	2		0.0088623	12.0616	48.4336	0	0	0	
2024-06-26 01:52:51	305	501	1	0	0	6.25	26	0	0	0	26	0	0	1.5	26	0	0	0	26	0	0	4.113		100.001	40.1206	0.059422	0	0.594215	0.860132	17.7344	2		0.0088623	12.0616	43.4956	0	0	0	
2024-06-26 01:54:36	319	502	9	0	0	7.25	30	0	0	0	30	0	0	6.5	30	0	0	0	30	0	0	0.649		99.9997	39.9076	0.31687	0	3.16871	0.43304	14.9322	1		0	11.9552	43.7555	0	0	0	
2024-06-26 01:40:23	206	503	5	0	0	3	13	0	0	0	13	0	0	7.75	13	0	0	0	13	0	0	4.113		100.01	40.5343	0.0504733	0	0.504683	0.399609	15.0623	1		0.0088623	12.0616	45.055	0	0	0	
2024-06-26 01:40:01	203	504	5	0	0	3	13	0	0	0	13	0	0	6.5	13	0	0	0	13	0	0	3.031		100.011	40.5875	0.0699004	0	0.698927	0.0981892	15.3702	1		0	12.0616	45.055	0	0	0	
2024-06-26 01:36:55	179	505	9	0	0	1	5	0	0	0	5	0	0	7	5	0	0	0	5	0	0	5.195		100.016	39.1682	0.0445358	0	0.445288	0.104134	16.787	2		0.0088623	12.0616	46.8742	0	0	0	
2024-06-26 01:45:20	246	506	5	0	0	6	25	0	0	0	25	0	0	4.75	25	0	0	0	25	0	0	1.082		100.002	40.2141	0.182269	0	1.82265	0.196838	14.3151	1		0.0088623	12.0616	44.0154	0	0	0	
2024-06-26 01:48:07	268	507	1	0	0	7.75	32	0	0	0	32	0	0	0.25	32	0	0	0	32	0	0	6.494		99.9991	39.8723	0.0338604	0	0.338607	0.269048	15.9565	1		0	12.0616	43.7555	0	0	0	
2024-06-26 01:43:50	235	508	5	0	0	5	21	0	0	0	21	0	0	3.25	21	0	0	0	21	0	0	1.515		100.001	40.2393	0.120976	0	1.20975	0.0743777	13.3019	1		0.0088623	11.9552	44.1454	0	0	0	
2024-06-26 01:40:30	207	509	1	0	0	3	13	0	0	0	13	0	0	0	13	0	0	0	13	0	0	2.598		100.007	40.5351	0.081679	0	0.816731	0.0130371	15.395	1		0.0088623	12.0616	45.055	0	0	0	
2024-06-26 01:49:06	276	510	9	0	0	3.5	15	0	0	0	15	0	0	4.25	15	0	0	0	15	0	0	0.649		99.9995	39.5723	0.303531	0	3.03533	0.28285	14.3036	1		0	12.0616	43.7555	0	0	0	
2024-06-26 01:42:24	223	511	5	0	0	4	17	0	0	0	17	0	0	1.25	17	0	0	0	17	0	0	2.381		100.002	40.0146	0.081953	0	0.819513	0.20669	14.1602	1		0.0088623	12.0616	44.4052	0	0	0	
2024-06-26 01:47:52	266	512	9	0	0	7.75	32	0	0	0	32	0	0	5	32	0	0	0	32	0	0	2.381		99.9983	39.9019	0.0819088	0	0.819102	0.247495	14.1531	1		0	12.0616	43.7555	0	0	0	
2024-06-26 01:48:29	271	513	5	0	0	7.75	32	0	0	0	32	0	0	3.75	32	0	0	0	32	0	0	3.464		99.9956	39.8843	0.058183	0	0.581856	0.296609	14.6236	1		0	12.0616	43.7555	0	0	0	
2024-06-26 01:56:01	329	514	1	0	0	1.25	6	0	0	6.5	6	0	0	3	6	0	0	4.75	6	0	0	0.908		100.001	21.7064	0.0837176	0	0.837164	0.242968	9.2051	2		0	12.0616	43.7555	0	0	0	
2024-06-26 01:44:58	243	515	1	0	0	6	25	0	0	0	25	0	0	1	25	0	0	0	25	0	0	4.33		100.002	40.1901	0.0595006	0	0.594993	0.94458	18.6923	1		0.0088623	12.0616	44.0154	0	0	0	
2024-06-26 01:42:38	225	516	1	0	0	4	17	0	0	0	17	0	0	3.25	17	0	0	0	17	0	0	0.649		100.002	40.0134	0.30485	0	3.04843	0.13936	14.3654	1		0	12.0616	44.2753	0	0	0	
2024-06-26 01:35:29	169	517	1	0	0	0	1	0	0	0	1	0	0	0.75	1	0	0	0	1	0	0	0.649		100.016	39.4786	0.35232	0	3.52264	0.367076	16.6001	2		0.0088623	12.0616	48.3036	0	0	0	
2024-06-26 01:55:29	326	518	1	0	0	3.5	15	0	0	4.25	15	0	0	3.75	15	0	0	4	15	0	0	0.13		100.004	21.1143	0.662213	0	6.62189	0.175119	10.4016	1		0	12.0616	43.7555	0	0	0	
2024-06-26 01:38:50	194	519	9	0	0	2	9	0	0	0	9	0	0	5	9	0	0	0	9	0	0	2.598		100.01	39.7072	0.0764312	0	0.764234	0.152067	14.4055	1		0.0088623	12.0616	45.7047	0	0	0	
2024-06-26 01:39:47	201	520	5	0	0	2	9	0	0	0	9	0	0	3.75	9	0	0	0	9	0	0	1.515		100.01	39.7226	0.131971	0	1.31958	0.538365	14.5095	1		0.0088623	12.0616	45.055	0	0	0	
2024-06-26 01:46:33	255	521	1	0	0	7	29	0	0	0	29	0	0	2.75	29	0	0	0	29	0	0	3.68		99.9993	39.7651	0.0556686	0	0.55669	0.132251	14.8656	1		0.0088623	12.0616	43.8855	0	0	0	
2024-06-26 01:46:40	256	522	1	0	0	7	29	0	0	0	29	0	0	2.25	29	0	0	0	29	0	0	4.113		99.9986	39.7633	0.0516586	0	0.516593	0.393576	15.4178	1		0.0088623	12.0616	43.7555	0	0	0	
2024-06-26 01:36:07	173	523	5	0	0	0	1	0	0	0	1	0	0	7.75	1	0	0	0	1	0	0	6.711		100.016	39.5152	0.0356678	0	0.356622	0.43669	17.3656	1		0.0088623	12.0616	47.5239	0	0	0	
2024-06-26 01:35:29	169	524	5	0	0	0	1	0	0	0	1	0	0	6.5	1	0	0	0	1	0	0	5.628		100.016	39.4786	0.0411689	0	0.411623	0.0443611	16.811	2		0.0088623	12.0616	48.3036	0	0	0	
2024-06-26 01:43:14	230	525	1	0	0	5	21	0	0	0	21	0	0	0.75	21	0	0	0	21	0	0	3.68		100.002	40.2656	0.0680062	0	0.680051	0.093957	18.1598	1		0	12.0616	44.2753	0	0	0	
2024-06-26 01:43:36	233	526	5	0	0	5	21	0	0	0	21	0	0	7.25	21	0	0	0	21	0	0	1.948		100.005	40.2443	0.114286	0	1.1428	0.41556	16.156	1		0	12.0616	44.2753	0	0	0	
2024-06-26 01:54:29	318	527	9	0	0	5.75	24	0	0	0	24	0	0	4	24	0	0	0	24	0	0	1.515		100.003	40.2951	0.125079	0	1.25076	0.162028	13.7528	1		0.0088623	12.0616	43.7555	0	0	0	
2024-06-26 01:51:27	294	528	9	0	0	4.5	19	0	0	0	19	0	0	5.25	19	0	0	0	19	0	0	0.649		99.9953	40.0268	0.317875	0	3.1789	0.187731	14.9802	1		0	12.0616	43.7555	0	0	0	
2024-06-26 01:55:36	327	529	1	0	0	2.75	12	0	0	5	12	0	0	3.5	12	0	0	4.25	12	0	0	0.389		100.004	21.8539	0.257523	0	2.57513	1.82896	12.135	4		0	12.0616	43.7555	0	0	0	
2024-06-26 01:38:43	193	530	1	0	0	2	9	0	0	0	9	0	0	0.5	9	0	0	0	9	0	0	1.299		100.009	39.7145	0.137557	0	1.37545	0.361748	12.9633	1		0.0088623	12.0616	45.8346	0	0	0	
2024-06-26 01:50:21	285	531	9	0	0	0.5	3	0	0	0	3	0	0	7.25	3	0	0	0	3	0	0	5.845		99.9953	39.8895	0.062786	0	0.627889	0.220811	26.6297	2		0.0088623	12.0616	43.7555	0	0	0	
2024-06-26 01:41:41	217	532	9	0	0	4	17	0	0	0	17	0	0	7.25	17	0	0	0	17	0	0	2.814		100.006	40.0189	0.076658	0	0.766537	0.0332945	15.653	1		0.0088623	12.0616	44.6651	0	0	0	
2024-06-26 01:40:30	207	533	5	0	0	3	13	0	0	0	13	0	0	5.75	13	0	0	0	13	0	0	2.381		100.007	40.5351	0.0805262	0	0.805204	0.286059	13.9129	1		0.0088623	12.0616	45.055	0	0	0	
2024-06-26 01:40:08	204	534	9	0	0	3	13	0	0	0	13	0	0	4.5	13	0	0	0	13	0	0	1.299		100.006	40.5592	0.142006	0	1.41998	0.345765	13.383	1		0	12.0616	45.1849	0	0	0	
2024-06-26 01:46:18	253	535	5	0	0	7	29	0	0	0	29	0	0	6.75	29	0	0	0	29	0	0	0.216		100.001	39.7858	0.868897	0	8.68885	0.125683	13.6484	1		0	12.0616	43.8855	0	0	0	
2024-06-26 01:37:12	181	536	5	0	0	1	5	0	0	0	5	0	0	7.5	5	0	0	0	5	0	0	5.628		100.013	39.2127	0.0408625	0	0.408571	0.425461	16.6863	1		0.0088623	12.0616	46.7443	0	0	0	
2024-06-26 01:37:53	186	537	9	0	0	1	5	0	0	0	5	0	0	6.25	5	0	0	0	5	0	0	4.546		100.012	39.1777	0.0602743	0	0.602671	0.0776134	19.8801	1		0.0088623	12.0616	46.2245	0	0	0	
2024-06-26 01:44:25	239	538	9	0	0	6	25	0	0	0	25	0	0	5.25	25	0	0	0	25	0	0	0.649		100.002	40.1888	0.312234	0	3.12228	0.266972	14.7134	2		0	12.0616	44.1454	0	0	0	
2024-06-26 01:45:12	245	539	5	0	0	6	25	0	0	0	25	0	0	4	25	0	0	0	25	0	0	1.732		100.003	40.1862	0.11051	0	1.10507	0.0619986	13.8868	1		0	12.0616	43.7555	0	0	0	
2024-06-26 01:44:15	238	540	5	0	0	5	21	0	0	0	21	0	0	2.5	21	0	0	0	21	0	0	2.165		100	40.1938	0.100229	0	1.00229	0.322618	15.7439	2		0.0088623	12.0616	44.1454	0	0	0	
2024-06-26 01:37:19	182	541	1	0	0	1	5	0	0	0	5	0	0	0.25	5	0	0	0	5	0	0	0.649		100.01	39.1756	0.289819	0	2.89788	0.0335204	13.656	2		0.0088623	12.0616	46.6143	0	0	0	
2024-06-26 01:42:24	223	542	1	0	0	4	17	0	0	0	17	0	0	0.5	17	0	0	0	17	0	0	3.031		100.002	40.0146	0.0668036	0	0.668023	0.170479	14.6906	1		0.0088623	12.0616	44.4052	0	0	0	
2024-06-26 01:48:29	271	543	1	0	0	7.75	32	0	0	0	32	0	0	3	32	0	0	0	32	0	0	4.113		99.9956	39.8843	0.0494875	0	0.494897	0.280097	14.7703	1		0	12.0616	43.7555	0	0	0	
2024-06-26 01:45:12	245	544	1	0	0	6	25	0	0	0	25	0	0	0.25	25	0	0	0	25	0	0	4.979		100.003	40.1862	0.0480979	0	0.480966	0.356922	17.3765	1		0	12.0616	43.7555	0	0	0	
2024-06-26 01:52:24	302	545	1	0	0	5.25	22	0	0	0	22	0	0	2.5	22	0	0	0	22	0	0	2.381		100.001	40.2328	0.105847	0	1.05846	0.14838	18.2889	1		0	12.0616	43.7555	0	0	0	
2024-06-26 01:42:02	220	546	1	0	0	4	17	0	0	0	17	0	0	2.5	17	0	0	0	17	0	0	1.299		100.002	39.9736	0.142009	0	1.42005	0.360901	13.3837	1		0	12.0616	44.5352	0	0	0	
2024-06-26 01:39:40	200	547	5	0	0	2	9	0	0	0	9	0	0	3	9	0	0	0	9	0	0	0.866		100.012	39.7415	0.210961	0	2.10936	0.10563	13.2535	1		0.0088623	12.0616	45.3149	0	0	0	
2024-06-26 01:46:54	258	548	1	0	0	7	29	0	0	0	29	0	0	1.5	29	0	0	0	29	0	0	4.762		99.9991	39.7566	0.0478796	0	0.4788	0.055567	16.5462	1		0.0088623	12.0616	43.7555	0	0	0	
2024-06-26 01:35:03	167	549	9	0	0	0	1	0	0	0	1	0	0	5.75	1	0	0	0	1	0	0	4.979		100.013	39.5445	0.045284	0	0.452779	0.439327	16.3582	2		0.0088623	12.0793	48.5635	0	0	0	
2024-06-26 01:35:56	172	550	5	0	0	0	1	0	0	0	1	0	0	4.5	1	0	0	0	1	0	0	3.897		100.017	39.5128	0.0545689	0	0.545596	0.0830593	15.4264	2		0.0088623	12.0616	47.6539	0	0	0	
2024-06-26 01:43:28	232	551	1	0	0	5	21	0	0	0	21	0	0	0	21	0	0	0	21	0	0	4.33		100.007	40.2309	0.0511061	0	0.511028	0.355366	16.0544	1		0	12.0616	44.2753	0	0	0	
2024-06-26 01:48:22	270	552	1	0	0	7.75	32	0	0	0	32	0	0	2.25	32	0	0	0	32	0	0	4.762		99.9983	39.8568	0.0439566	0	0.439574	0.241088	15.1906	1		0.0088623	12.0616	43.7555	0	0	0	
2024-06-26 01:43:21	231	553	5	0	0	5	21	0	0	0	21	0	0	7.75	21	0	0	0	21	0	0	2.381		100.003	40.2644	0.084138	0	0.841353	0.0547489	14.5375	1		0	12.0616	44.2753	0	0	0	
2024-06-26 01:43:36	233	554	9	0	0	5	21	0	0	0	21	0	0	6.5	21	0	0	0	21	0	0	1.299		100.005	40.2443	0.152609	0	1.52602	0.121354	14.3824	1		0	12.0616	44.2753	0	0	0	
2024-06-26 01:41:19	214	555	1	0	0	3	13	0	0	0	13	0	0	2	13	0	0	0	13	0	0	0.866		100.005	40.5203	0.210097	0	2.10087	0.238791	13.2001	1		0	12.0616	44.7951	0	0	0	
2024-06-26 01:52:10	300	556	1	0	0	4.5	19	0	0	0	19	0	0	3.25	19	0	0	0	19	0	0	1.082		100	40.0437	0.171772	0	1.71771	0.364318	13.4909	1		0	12.0616	43.6256	0	0	0	
2024-06-26 01:48:22	270	557	5	0	0	7.75	32	0	0	0	32	0	0	7	32	0	0	0	32	0	0	0.649		99.9983	39.8568	0.331341	0	3.31347	0.201854	15.6143	1		0.0088623	12.0616	43.7555	0	0	0	
2024-06-26 01:54:22	317	558	9	0	0	5.5	23	0	0	0	23	0	0	4.25	23	0	0	0	23	0	0	1.082		100.003	39.7686	0.182702	0	1.82697	0.413017	14.349	1		0	12.0616	43.7555	0	0	0	
2024-06-26 01:53:08	307	559	1	0	0	6.75	28	0	0	0	28	0	0	1	28	0	0	0	28	0	0	4.979		100.005	39.7635	0.0582888	0	0.58286	0.0779947	21.0578	1		0	12.0616	43.7555	0	0	0	
2024-06-26 01:51:34	295	560	9	0	0	4.25	18	0	0	0	18	0	0	5.5	18	0	0	0	18	0	0	1.082		99.999	40.1114	0.184752	0	1.84754	0.548103	14.5105	1		0	12.0616	43.6256	0	0	0	
2024-06-26 01:41:34	216	561	5	0	0	4	17	0	0	0	17	0	0	7.75	17	0	0	0	17	0	0	3.247		100.007	40.0259	0.0625348	0	0.625303	0.143645	14.7334	1		0.0088623	12.0616	44.6651	0	0	0	
2024-06-26 01:41:27	215	562	5	0	0	4	17	0	0	0	17	0	0	6.5	17	0	0	0	17	0	0	2.165		100.006	40.0401	0.0907047	0	0.906988	0.464396	14.2469	1		0	12.0616	44.7951	0	0	0	
2024-06-26 01:40:51	210	563	5	0	0	3	13	0	0	0	13	0	0	5	13	0	0	0	13	0	0	1.732		100.008	40.5247	0.106598	0	1.06589	0.077862	13.3944	1		0	12.0616	44.5352	0	0	0	
2024-06-26 01:41:12	213	564	1	0	0	3	13	0	0	0	13	0	0	3.75	13	0	0	0	13	0	0	0.649		100.005	40.5082	0.296503	0	2.96487	0.207213	13.9716	1		0.0088623	12.0616	44.7951	0	0	0	
2024-06-26 01:38:29	191	565	9	0	0	2	9	0	0	0	9	0	0	7	9	0	0	0	9	0	0	4.33		100.005	39.7202	0.04946	0	0.494573	0.506261	15.5375	1		0	12.0616	45.9646	0	0	0	
2024-06-26 01:46:40	256	566	5	0	0	7	29	0	0	0	29	0	0	6	29	0	0	0	29	0	0	0.866		99.9986	39.7633	0.233696	0	2.337	0.244835	14.6838	1		0.0088623	12.0616	43.7555	0	0	0	
2024-06-26 01:46:26	254	567	5	0	0	7	29	0	0	0	29	0	0	4.75	29	0	0	0	29	0	0	1.948		99.9993	39.737	0.100427	0	1.00428	0.129316	14.1976	1		0	12.0616	43.8855	0	0	0	
2024-06-26 01:37:43	185	568	5	0	0	1	5	0	0	0	5	0	0	5.5	5	0	0	0	5	0	0	3.897		100.009	39.1823	0.0720281	0	0.720215	0.0759765	20.3636	2		0.0088623	12.0616	46.3544	0	0	0	
2024-06-26 01:37:04	180	569	9	0	0	1	5	0	0	0	5	0	0	4.25	5	0	0	0	5	0	0	2.814		100.014	39.232	0.073854	0	0.738435	0.176448	15.0791	1		0.0088623	11.9552	46.7443	0	0	0	
2024-06-26 01:45:44	249	570	1	0	0	6	25	0	0	0	25	0	0	3.25	25	0	0	0	25	0	0	2.381		99.9959	40.1758	0.0840286	0	0.84032	0.268376	14.5197	1		0	12.0616	44.0154	0	0	0	
2024-06-26 01:50:52	289	571	1	0	0	0.25	2	0	0	0	2	0	0	1.5	2	0	0	0	2	0	0	1.082		100.002	39.8636	0.162754	0	1.62751	0.0469614	12.7825	1		0	12.0616	43.6256	0	0	0	
2024-06-26 01:47:09	260	572	1	0	0	7	29	0	0	0	29	0	0	0.75	29	0	0	0	29	0	0	5.412		99.9998	39.7576	0.0459259	0	0.45926	0.326008	18.0351	1		0	12.0616	43.7555	0	0	0	
2024-06-26 01:35:39	170	573	5	0	0	0	1	0	0	0	1	0	0	5	1	0	0	0	1	0	0	4.33		100.014	39.525	0.0497682	0	0.497612	0.299122	15.6329	1		0.0088623	12.0616	48.0437	0	0	0	
2024-06-26 01:36:14	174	574	1	0	0	0	1	0	0	0	1	0	0	3.75	1	0	0	0	1	0	0	3.247		100.02	39.514	0.0639775	0	0.639649	0.298839	15.0714	1		0.0088623	12.0616	47.394	0	0	0	
2024-06-26 01:54:43	320	575	9	0	0	7.5	31	0	0	0	31	0	0	6.25	31	0	0	0	31	0	0	1.082		100	39.6521	0.181922	0	1.81922	0.401288	14.2881	1		0.0088623	12.0616	43.7555	0	0	0	
2024-06-26 01:51:55	298	576	9	0	0	6.25	26	0	0	0	26	0	0	7.5	26	0	0	0	26	0	0	1.082		99.9982	40.1451	0.183431	0	1.83435	0.00697668	14.4069	1		0.0088623	12.0616	43.4956	0	0	0	
2024-06-26 01:44:42	241	577	5	0	0	6	25	0	0	0	25	0	0	7.25	25	0	0	0	25	0	0	1.082		99.9999	40.1891	0.207272	0	2.07272	0.33746	16.2791	1		0	12.0616	44.0154	0	0	0	
2024-06-26 01:48:14	269	578	1	0	0	7.75	32	0	0	0	32	0	0	1.5	32	0	0	0	32	0	0	5.412		99.9998	39.8753	0.0400206	0	0.400206	0.117078	15.7161	1		0	12.0616	43.7555	0	0	0	
2024-06-26 01:42:52	227	579	5	0	0	5	21	0	0	0	21	0	0	5.75	21	0	0	0	21	0	0	0.649		100.005	40.3031	0.310252	0	3.10238	0.794267	14.6196	1		0	12.0616	44.2753	0	0	0	
2024-06-26 01:43:44	234	580	5	0	0	5	21	0	0	0	21	0	0	4.5	21	0	0	0	21	0	0	0.433		100.003	40.2456	0.455985	0	4.55973	0.192252	14.3248	1		0	12.0616	44.2753	0	0	0	
2024-06-26 01:41:05	212	581	5	0	0	3	13	0	0	0	13	0	0	1.25	13	0	0	0	13	0	0	1.515		100.006	40.4943	0.12096	0	1.20952	0.287854	13.2994	1		0.0088623	12.0616	44.7951	0	0	0	
2024-06-26 01:37:43	185	582	1	0	0	1	5	0	0	0	5	0	0	2.25	5	0	0	0	5	0	0	1.082		100.009	39.1823	0.162327	0	1.62312	0.128621	12.748	2		0.0088623	12.0616	46.3544	0	0	0	
2024-06-26 01:50:45	288	583	1	0	0	0.5	3	0	0	0	3	0	0	1.25	3	0	0	0	3	0	0	0.649		100.002	39.921	0.296643	0	2.96637	0.6271	13.9787	1		0.0088623	12.0616	43.6256	0	0	0	
2024-06-26 01:49:26	279	584	9	0	0	2.5	11	0	0	0	11	0	0	5.25	11	0	0	0	11	0	0	2.381		99.9983	39.9668	0.107462	0	1.07464	0.392594	18.5684	2		0.0088623	12.0616	43.7555	0	0	0	
2024-06-26 01:47:38	264	585	5	0	0	7.75	32	0	0	0	32	0	0	7.5	32	0	0	0	32	0	0	0.216		100.002	39.8657	0.939922	0	9.39904	0.353886	14.764	1		0	12.0616	43.7555	0	0	0	
2024-06-26 01:47:30	263	586	5	0	0	7.75	32	0	0	0	32	0	0	6.25	32	0	0	0	32	0	0	1.299		100.001	39.8554	0.154084	0	1.54083	0.831175	14.522	1		0.0088623	12.0616	43.7555	0	0	0	
2024-06-26 01:52:03	299	587	1	0	0	4.25	18	0	0	0	18	0	0	3.5	18	0	0	0	18	0	0	0.649		99.9999	40.144	0.305413	0	3.05414	0.0530715	14.3923	1		0.0088623	12.0616	43.7555	0	0	0	
2024-06-26 01:45:44	249	588	5	0	0	6	25	0	0	0	25	0	0	2.25	25	0	0	0	25	0	0	3.247		99.9959	40.1758	0.0649213	0	0.64924	0.0734986	15.2973	1		0	12.0616	44.0154	0	0	0	
2024-06-26 01:54:15	316	589	9	0	0	5.25	22	0	0	0	22	0	0	4.5	22	0	0	0	22	0	0	0.649		100.001	40.1758	0.314312	0	3.14307	0.145321	14.8114	1		0.0088623	11.9552	43.7555	0	0	0	
2024-06-26 01:42:09	221	590	5	0	0	4	17	0	0	0	17	0	0	5.75	17	0	0	0	17	0	0	1.515		100.002	39.9705	0.125613	0	1.25611	0.0863111	13.8116	1		0	12.0616	44.4052	0	0	0	
2024-06-26 01:41:55	219	591	9	0	0	4	17	0	0	0	17	0	0	4.5	17	0	0	0	17	0	0	0.433		100.004	39.9897	0.496603	0	4.96583	0.117836	15.6006	1		0.0088623	12.0616	44.4052	0	0	0	
2024-06-26 01:35:46	171	592	1	0	0	0	1	0	0	0	1	0	0	2	1	0	0	0	1	0	0	1.732		100.016	39.5174	0.175069	0	1.75041	0.0578395	21.9963	2		0.0088623	11.9552	47.9138	0	0	0	
2024-06-26 01:38:36	192	593	5	0	0	2	9	0	0	0	9	0	0	7.5	9	0	0	0	9	0	0	4.762		100.01	39.7199	0.0456617	0	0.456572	0.0745509	15.778	1		0.0088623	11.9641	45.8346	0	0	0	
2024-06-26 01:38:58	195	594	5	0	0	2	9	0	0	0	9	0	0	6.25	9	0	0	0	9	0	0	3.68		100.008	39.705	0.0604633	0	0.604584	0.557934	16.1445	1		0	12.0616	45.7047	0	0	0	
2024-06-26 01:46:11	252	595	9	0	0	7	29	0	0	0	29	0	0	5.25	29	0	0	0	29	0	0	1.515		99.9977	39.7583	0.127713	0	1.27716	0.159212	14.0431	1		0.0088623	12.0616	43.7555	0	0	0	
2024-06-26 01:46:01	251	596	9	0	0	7	29	0	0	0	29	0	0	4	29	0	0	0	29	0	0	2.598		99.9961	39.7526	0.0757249	0	0.757279	0.18197	14.2744	2		0.0088623	12.0616	43.8855	0	0	0	
2024-06-26 01:37:12	181	597	1	0	0	1	5	0	0	0	5	0	0	3.5	5	0	0	0	5	0	0	2.165		100.013	39.2127	0.0852752	0	0.852639	0.118643	13.3932	1		0.0088623	12.0616	46.7443	0	0	0	
2024-06-26 01:45:34	248	598	5	0	0	6	25	0	0	0	25	0	0	2.5	25	0	0	0	25	0	0	3.031		99.9975	40.173	0.0790618	0	0.790638	0.089665	17.387	2		0	11.9552	43.7555	0	0	0	
2024-06-26 01:54:05	315	599	1	0	0	3.75	16	0	0	0	16	0	0	2	16	0	0	0	16	0	0	1.515		100.001	39.8394	0.129614	0	1.29613	0.252333	14.2517	2		0.0088623	12.0616	43.7555	0	0	0	
2024-06-26 01:43:57	236	600	1	0	0	5	21	0	0	0	21	0	0	2	21	0	0	0	21	0	0	2.598		100.003	40.2344	0.078689	0	0.786865	0.0274484	14.8321	1		0	12.0616	44.1454	0	0	0	
2024-06-26 01:39:54	202	601	1	0	0	2	9	0	0	0	9	0	0	1.75	9	0	0	0	9	0	0	0.216		100.01	39.7312	0.789827	0	7.89748	0.0449913	12.4053	1		0	12.0616	45.3149	0	0	0	
2024-06-26 01:47:02	259	602	1	0	0	7	29	0	0	0	29	0	0	0	29	0	0	0	29	0	0	6.061		99.998	39.7503	0.0395772	0	0.39578	0.326418	17.4073	1		0	12.0616	43.7555	0	0	0	
2024-06-26 01:36:45	178	603	5	0	0	0	1	0	0	0	1	0	0	3	1	0	0	0	1	0	0	2.598		100.016	39.4755	0.0776666	0	0.77654	0.0210646	14.6374	2		0.0088623	11.9552	47.0042	0	0	0	
2024-06-26 01:40:37	208	604	5	0	0	3	13	0	0	0	13	0	0	7	13	0	0	0	13	0	0	3.464		100.01	40.5285	0.0591701	0	0.591639	0.287534	14.8695	1		0	12.0616	45.055	0	0	0	
2024-06-26 01:44:58	243	605	5	0	0	6	25	0	0	0	25	0	0	7.75	25	0	0	0	25	0	0	1.515		100.002	40.1901	0.134314	0	1.34311	0.0762545	14.7683	1		0.0088623	12.0616	44.0154	0	0	0	
2024-06-26 01:44:25	239	606	5	0	0	6	25	0	0	0	25	0	0	6.5	25	0	0	0	25	0	0	0.433		100.002	40.1888	0.504306	0	5.04297	0.296895	15.843	2		0	12.0616	44.1454	0	0	0	
2024-06-26 01:47:30	263	607	1	0	0	7.75	32	0	0	0	32	0	0	0.75	32	0	0	0	32	0	0	6.061		100.001	39.8554	0.0389365	0	0.389363	0.213017	17.1251	1		0.0088623	12.0616	43.7555	0	0	0	
2024-06-26 01:43:36	233	608	1	0	0	5	21	0	0	0	21	0	0	3.75	21	0	0	0	21	0	0	1.082		100.005	40.2443	0.176805	0	1.76796	0.0135676	13.8856	1		0	12.0616	44.2753	0	0	0	
2024-06-26 01:40:16	205	609	1	0	0	3	13	0	0	0	13	0	0	0.5	13	0	0	0	13	0	0	2.165		100.01	40.5325	0.0886481	0	0.886396	0.127014	13.9235	1		0.0088623	12.0616	45.1849	0	0	0	
2024-06-26 01:38:01	187	610	5	0	0	1	5	0	0	0	5	0	0	1.5	5	0	0	0	5	0	0	0.433		100.013	39.22	0.447625	0	4.47566	0.112603	14.0607	1		0.0088623	12.0616	46.2245	0	0	0	
2024-06-26 01:55:51	328	611	1	0	0	2	9	0	0	5.75	9	0	0	3.25	9	0	0	4.5	9	0	0	0.649		100.005	21.7074	0.13644	0	1.36433	0.0741311	10.7154	2		0.0088623	12.0616	43.7555	0	0	0	
2024-06-26 01:42:31	224	612	1	0	0	4	17	0	0	0	17	0	0	1.75	17	0	0	0	17	0	0	1.948		100.002	40.0315	0.0964645	0	0.964624	0.00396243	13.6371	1		0	12.0616	44.4052	0	0	0	
2024-06-26 01:51:06	291	613	1	0	0	2.5	11	0	0	0	11	0	0	3.25	11	0	0	0	11	0	0	0.649		99.9991	39.9372	0.2885	0	2.88503	0.235484	13.5954	1		0	12.0616	43.6256	0	0	0	
2024-06-26 01:48:14	269	614	5	0	0	7.75	32	0	0	0	32	0	0	5.5	32	0	0	0	32	0	0	1.948		99.9998	39.8753	0.103367	0	1.03367	0.227754	14.6132	1		0	12.0616	43.7555	0	0	0	
2024-06-26 01:48:07	268	615	5	0	0	7.75	32	0	0	0	32	0	0	4.25	32	0	0	0	32	0	0	3.031		99.9991	39.8723	0.0657416	0	0.657422	0.259674	14.4575	1		0	12.0616	43.7555	0	0	0	
2024-06-26 01:44:25	239	616	1	0	0	6	25	0	0	0	25	0	0	1.5	25	0	0	0	25	0	0	3.897		100.002	40.1888	0.0641276	0	0.641265	0.350243	18.1313	2		0	12.0616	44.1454	0	0	0	
2024-06-26 01:42:02	220	617	5	0	0	4	17	0	0	0	17	0	0	5	17	0	0	0	17	0	0	0.866		100.002	39.9736	0.22638	0	2.26375	0.139526	14.2235	1		0	12.0616	44.5352	0	0	0	
2024-06-26 01:42:16	222	618	1	0	0	4	17	0	0	0	17	0	0	3.75	17	0	0	0	17	0	0	0.216		100.003	39.9684	0.920569	0	9.20546	0.154755	14.4599	1		0.0088623	12.0616	44.2753	0	0	0	
2024-06-26 01:36:07	173	619	1	0	0	0	1	0	0	0	1	0	0	1.25	1	0	0	0	1	0	0	1.082		100.016	39.5152	0.162847	0	1.62822	0.0256408	12.788	1		0.0088623	12.0616	47.5239	0	0	0	
2024-06-26 01:39:05	196	620	9	0	0	2	9	0	0	0	9	0	0	5.5	9	0	0	0	9	0	0	3.031		100.008	39.7036	0.152278	0	1.52266	0.408991	33.485	2		0	11.9552	45.5748	0	0	0	
2024-06-26 01:39:15	197	621	9	0	0	2	9	0	0	0	9	0	0	4.25	9	0	0	0	9	0	0	1.948		100.008	39.7077	0.0987495	0	0.987412	0.251307	13.9592	1		0.0088623	12.0616	45.5748	0	0	0	
2024-06-26 01:47:24	262	622	1	0	0	7	29	0	0	0	29	0	0	3.25	29	0	0	0	29	0	0	3.247		99.9973	39.7653	0.0620473	0	0.62049	0.148598	14.62	1		0	12.0616	43.7555	0	0	0	
2024-06-26 01:38:01	187	623	1	0	0	1	5	0	0	0	5	0	0	2.75	5	0	0	0	5	0	0	1.515		100.013	39.22	0.117423	0	1.17407	0.0807294	12.9096	1		0.0088623	12.0616	46.2245	0	0	0	
2024-06-26 01:35:46	171	624	9	0	0	0	1	0	0	0	1	0	0	7	1	0	0	0	1	0	0	6.061		100.016	39.5174	0.0388322	0	0.388261	0.332705	17.0766	2		0.0088623	11.9552	47.9138	0	0	0	
2024-06-26 01:42:52	227	625	1	0	0	5	21	0	0	0	21	0	0	1.25	21	0	0	0	21	0	0	3.247		100.005	40.3031	0.0751036	0	0.751001	0.459521	17.6951	1		0	12.0616	44.2753	0	0	0	
2024-06-26 01:38:50	194	626	1	0	0	2	9	0	0	0	9	0	0	1	9	0	0	0	9	0	0	0.866		100.01	39.7072	0.203217	0	2.03197	0.822825	12.7672	1		0.0088623	12.0616	45.7047	0	0	0	
2024-06-26 01:40:44	209	627	5	0	0	3	13	0	0	0	13	0	0	7.5	13	0	0	0	13	0	0	3.897		100.007	40.5351	0.0532256	0	0.532217	0.0724724	15.0481	1		0	12.0616	44.925	0	0	0	
2024-06-26 01:40:01	203	628	9	0	0	3	13	0	0	0	13	0	0	6.25	13	0	0	0	13	0	0	2.814		100.011	40.5875	0.0782839	0	0.782753	0.148243	15.9841	1		0	12.0616	45.055	0	0	0	
2024-06-26 01:46:18	253	629	9	0	0	7	29	0	0	0	29	0	0	7.25	29	0	0	0	29	0	0	0.216		100.001	39.7858	0.816985	0	8.16973	0.495464	12.833	1		0	12.0616	43.8855	0	0	0	
2024-06-26 01:36:55	179	630	5	0	0	1	5	0	0	0	5	0	0	6.75	5	0	0	0	5	0	0	4.979		100.016	39.1682	0.0563719	0	0.563631	0.168147	20.363	2		0.0088623	12.0616	46.8742	0	0	0	
2024-06-26 01:44:35	240	631	5	0	0	6	25	0	0	0	25	0	0	5.75	25	0	0	0	25	0	0	0.216		100.003	40.1928	0.892854	0	8.9283	0.292144	14.0245	1		0.0088623	12.0616	44.0154	0	0	0	
2024-06-26 01:45:12	245	632	9	0	0	6	25	0	0	0	25	0	0	4.5	25	0	0	0	25	0	0	1.299		100.003	40.1862	0.150432	0	1.50428	0.0641965	14.1775	1		0	12.0616	43.7555	0	0	0	
2024-06-26 01:47:45	265	633	1	0	0	7.75	32	0	0	0	32	0	0	0	32	0	0	0	32	0	0	6.711		99.994	39.8888	0.0352975	0	0.352996	0.463117	17.189	1		0	12.0616	43.7555	0	0	0	
2024-06-26 01:44:05	237	634	1	0	0	5	21	0	0	0	21	0	0	3	21	0	0	0	21	0	0	1.732		100.001	40.2114	0.107782	0	1.07782	0.0336517	13.5442	2		0	12.0616	44.1454	0	0	0	
2024-06-26 01:38:14	189	635	1	0	0	1	5	0	0	0	5	0	0	0.75	5	0	0	0	5	0	0	0.216		100.01	39.2546	0.815923	0	8.15845	0.325527	12.8153	1		0.0088623	11.9552	46.0945	0	0	0	
2024-06-26 01:52:41	304	636	1	0	0	5.75	24	0	0	0	24	0	0	2	24	0	0	0	24	0	0	3.247		99.9978	40.3398	0.0700281	0	0.700296	0.0391568	16.5003	2		0	12.0616	43.7555	0	0	0	
2024-06-26 01:41:48	218	637	1	0	0	4	17	0	0	0	17	0	0	1	17	0	0	0	17	0	0	2.598		100.005	39.9973	0.0742355	0	0.742317	0.277476	13.9923	1		0.0088623	12.0616	44.6651	0	0	0	
2024-06-26 01:48:50	274	638	1	0	0	7.75	32	0	0	0	32	0	0	3.5	32	0	0	0	32	0	0	3.68		100	39.8899	0.0535655	0	0.535653	0.488121	14.3038	1		0	12.0616	43.7555	0	0	0	
2024-06-26 01:44:51	242	639	1	0	0	6	25	0	0	0	25	0	0	0.75	25	0	0	0	25	0	0	4.546		100.003	40.1988	0.0581414	0	0.581399	0.0415725	19.1784	1		0.0088623	12.0616	44.0154	0	0	0	
2024-06-26 01:42:31	224	640	5	0	0	4	17	0	0	0	17	0	0	3	17	0	0	0	17	0	0	0.866		100.002	40.0315	0.215548	0	2.15543	0.188092	13.543	1		0	12.0616	44.4052	0	0	0	
2024-06-26 01:35:03	167	641	1	0	0	0	1	0	0	0	1	0	0	0.5	1	0	0	0	1	0	0	0.433		100.013	39.5445	0.431178	0	4.3112	0.100366	13.544	2		0.0088623	12.0793	48.5635	0	0	0	
2024-06-26 01:54:57	322	642	1	0	0	3.5	15	0	0	4.25	15	0	0	2.75	15	0	0	5	15	0	0	0.389		100.004	21.0875	0.26262	0	2.6261	0.0339827	12.3752	1		0.0088623	12.0616	43.7555	0	0	0	
2024-06-26 01:39:47	201	643	1	0	0	2	9	0	0	0	9	0	0	3.5	9	0	0	0	9	0	0	1.299		100.01	39.7226	0.14638	0	1.46365	0.223011	13.7946	1		0.0088623	12.0616	45.055	0	0	0	
2024-06-26 01:47:16	261	644	5	0	0	7	29	0	0	0	29	0	0	2.5	29	0	0	0	29	0	0	3.897		99.9962	39.7732	0.0574436	0	0.574458	0.246145	16.2424	1		0.0088623	12.0616	43.7555	0	0	0	
2024-06-26 01:46:47	257	645	1	0	0	7	29	0	0	0	29	0	0	2	29	0	0	0	29	0	0	4.33		99.9979	39.7767	0.0501502	0	0.501513	0.282169	15.7555	1		0	12.0616	43.7555	0	0	0	
2024-06-26 01:35:19	168	646	5	0	0	0	1	0	0	0	1	0	0	7.5	1	0	0	0	1	0	0	6.494		100.014	39.4894	0.0361385	0	0.361334	0.0699621	17.0274	2		0.0088623	12.0616	48.4336	0	0	0	
2024-06-26 01:35:29	169	647	9	0	0	0	1	0	0	0	1	0	0	6.25	1	0	0	0	1	0	0	5.412		100.016	39.4786	0.043806	0	0.43799	0.0587172	17.1998	2		0.0088623	12.0616	48.3036	0	0	0	
2024-06-26 01:43:50	235	648	1	0	0	5	21	0	0	0	21	0	0	0.5	21	0	0	0	21	0	0	3.897		100.001	40.2393	0.0613873	0	0.613866	0.733915	17.3566	1		0.0088623	11.9552	44.1454	0	0	0	
2024-06-26 01:53:30	310	649	1	0	0	1.25	6	0	0	0	6	0	0	0.5	6	0	0	0	6	0	0	0.649		99.9974	39.8916	0.294548	0	2.94555	0.215277	13.8806	1		0.0088623	12.0616	43.7555	0	0	0	
2024-06-26 01:43:07	229	650	9	0	0	5	21	0	0	0	21	0	0	7	21	0	0	0	21	0	0	1.732		99.9985	40.2928	0.112787	0	1.12789	0.0739359	14.1735	1		0.0088623	12.0616	44.2753	0	0	0	
2024-06-26 01:38:29	191	651	1	0	0	2	9	0	0	0	9	0	0	0.25	9	0	0	0	9	0	0	1.515		100.005	39.7202	0.132262	0	1.32254	0.174207	14.5421	1		0	12.0616	45.9646	0	0	0	
2024-06-26 01:41:41	217	652	5	0	0	4	17	0	0	0	17	0	0	7	17	0	0	0	17	0	0	2.598		100.006	40.0189	0.0766843	0	0.7668	0.0354691	14.4538	1		0.0088623	12.0616	44.6651	0	0	0	
2024-06-26 01:40:23	206	653	9	0	0	3	13	0	0	0	13	0	0	5.5	13	0	0	0	13	0	0	2.165		100.01	40.5343	0.0983266	0	0.983169	0.821396	15.4436	1		0.0088623	12.0616	45.055	0	0	0	
2024-06-26 01:40:51	210	654	9	0	0	3	13	0	0	0	13	0	0	4.25	13	0	0	0	13	0	0	1.082		100.008	40.5247	0.170559	0	1.70545	0.156232	13.3946	1		0	12.0616	44.5352	0	0	0	
2024-06-26 01:46:01	251	655	5	0	0	7	29	0	0	0	29	0	0	7.75	29	0	0	0	29	0	0	0.649		99.9961	39.7526	0.333255	0	3.33268	0.289201	15.7049	2		0.0088623	12.0616	43.8855	0	0	0	
2024-06-26 01:46:33	255	656	9	0	0	7	29	0	0	0	29	0	0	6.5	29	0	0	0	29	0	0	0.433		99.9993	39.7651	0.480575	0	4.80578	0.230792	15.0978	1		0.0088623	12.0616	43.8855	0	0	0	
2024-06-26 01:37:53	186	657	5	0	0	1	5	0	0	0	5	0	0	6	5	0	0	0	5	0	0	4.33		100.012	39.1777	0.0569724	0	0.569656	0.322729	17.8963	1		0.0088623	12.0616	46.2245	0	0	0	
2024-06-26 01:37:29	183	658	5	0	0	1	5	0	0	0	5	0	0	4.75	5	0	0	0	5	0	0	3.247		100.013	39.1893	0.0727857	0	0.727765	0.37759	17.1476	1		0.0088623	12.0616	46.4844	0	0	0	
2024-06-26 01:51:20	293	659	9	0	0	4.75	20	0	0	0	20	0	0	5	20	0	0	0	20	0	0	0.216		99.9982	39.9605	0.837672	0	8.37688	0.386695	13.1584	1		0	12.0616	43.7555	0	0	0	
2024-06-26 01:44:51	242	660	9	0	0	6	25	0	0	0	25	0	0	5	25	0	0	0	25	0	0	0.866		100.003	40.1988	0.226929	0	2.26923	0.647895	14.258	1		0.0088623	12.0616	44.0154	0	0	0	
2024-06-26 01:45:27	247	661	1	0	0	6	25	0	0	0	25	0	0	3.75	25	0	0	0	25	0	0	1.948		100.003	40.1879	0.101504	0	1.01501	0.139822	14.3494	1		0	12.0616	44.0154	0	0	0	
2024-06-26 01:38:08	188	662	5	0	0	1	5	0	0	0	5	0	0	0	5	0	0	0	5	0	0	0.866		100.01	39.2201	0.208913	0	2.08893	0.176208	13.1252	1		0.0088623	12.0616	46.0945	0	0	0	
2024-06-26 01:50:14	284	663	9	0	0	0.75	4	0	0	0	4	0	0	7	4	0	0	0	4	0	0	5.412		99.9971	39.9038	0.0421994	0	0.422006	0.15138	16.5721	1		0	12.0616	43.7555	0	0	0	
2024-06-26 01:41:41	217	664	1	0	0	4	17	0	0	0	17	0	0	0.25	17	0	0	0	17	0	0	3.247		100.006	40.0189	0.0604741	0	0.604708	0.018023	14.2481	1		0.0088623	12.0616	44.6651	0	0	0	
2024-06-26 01:48:36	272	665	5	0	0	7.75	32	0	0	0	32	0	0	2.75	32	0	0	0	32	0	0	4.33		99.9962	39.8827	0.0480517	0	0.480536	0.189327	15.0965	1		0.0088623	12.0616	43.7555	0	0	0	
2024-06-26 01:45:05	244	666	1	0	0	6	25	0	0	0	25	0	0	0	25	0	0	0	25	0	0	5.195		100.001	40.1769	0.0584029	0	0.584023	0.110677	22.0172	1		0	12.0616	44.0154	0	0	0	
2024-06-26 01:39:29	199	667	5	0	0	2	9	0	0	0	9	0	0	2.75	9	0	0	0	9	0	0	0.649		100.01	39.6915	0.30001	0	2.99981	0.0377813	14.1363	2		0	12.0616	45.1849	0	0	0	
2024-06-26 01:47:02	259	668	5	0	0	7	29	0	0	0	29	0	0	1.25	29	0	0	0	29	0	0	4.979		99.998	39.7503	0.0485312	0	0.485321	0.0459171	17.5338	1		0	12.0616	43.7555	0	0	0	
2024-06-26 01:35:56	172	669	9	0	0	0	1	0	0	0	1	0	0	5.5	1	0	0	0	1	0	0	4.762		100.017	39.5128	0.0717383	0	0.717261	0.0996059	24.7868	2		0.0088623	12.0616	47.6539	0	0	0	
2024-06-26 01:36:07	173	670	9	0	0	0	1	0	0	0	1	0	0	4.25	1	0	0	0	1	0	0	3.68		100.016	39.5152	0.0566399	0	0.566311	0.10177	15.1225	1		0.0088623	12.0616	47.5239	0	0	0	
