Time	MeasID	DPID	Channel	A(x)	A(y)	A(z)	A(adr)	B(x)	B(y)	B(z)	B(adr)	M(x)	M(y)	M(z)	M(adr)	N(x)	N(y)	N(z)	N(adr)	F(x)	F(y)	F(z)	Note	I(mA)	Uout(V)	U(V)	SP(V)	R(Ohm)	Var(%)	Rho-a(Ohm-m)	Cycles	IP Delay Window(mV/V)	Pint(V)	Pext(V)	T int(deg C)	T log(deg C)	Latitude	Longitude
2024-06-16 14:21:04	1262	2346	1	0	0	7.75	32	0	0	0	32	0	0	2	32	0	0	0	32	0	0	4.979		100.027	88.6173	0.041651	0	0.416396	0.0180677	15.0437	1		0.0088623	12.0616	46.3544	0	0	0	
2024-06-16 14:14:50	1221	2347	9	0	0	5	21	0	0	0	21	0	0	7.5	21	0	0	0	21	0	0	2.165		100.023	87.907	0.0903054	0	0.902849	0.0340049	14.1819	1		0.0088623	12.0705	46.7443	0	0	0	
2024-06-16 14:14:15	1217	2348	9	0	0	5	21	0	0	0	21	0	0	6.25	21	0	0	0	21	0	0	1.082		100.028	88.1561	0.194891	0	1.94837	0.293435	15.3025	1		0	12.0705	46.8742	0	0	0	
2024-06-16 14:11:02	1195	2349	1	0	0	3	13	0	0	0	13	0	0	1.75	13	0	0	0	13	0	0	1.082		100.029	89.8605	0.176112	0	1.76061	0.307629	13.8278	1		0	12.0705	47.6539	0	0	0	
2024-06-16 14:19:36	1252	2350	9	0	0	7.75	32	0	0	0	32	0	0	6.75	32	0	0	0	32	0	0	0.866		100.031	87.0497	0.246355	0	2.46279	0.758402	15.4742	1		0	12.0705	46.4844	0	0	0	
2024-06-16 14:26:53	1302	2351	1	0	0	3.25	14	0	0	0	14	0	0	2.5	14	0	0	0	14	0	0	0.649		100.022	85.2081	0.308335	0	3.08266	0.418271	14.5267	1		0	12.0705	46.6143	0	0	0	
2024-06-16 14:13:05	1209	2352	9	0	0	4	17	0	0	0	17	0	0	7.5	17	0	0	0	17	0	0	3.031		100.027	90.3912	0.0660379	0	0.660202	0.408636	14.5186	1		0.0088623	12.0705	47.264	0	0	0	
2024-06-16 14:12:41	1206	2353	5	0	0	4	17	0	0	0	17	0	0	6.25	17	0	0	0	17	0	0	1.948		100.026	87.1702	0.102054	0	1.02027	0.144402	14.4238	1		0	12.0616	47.264	0	0	0	
2024-06-16 14:11:54	1201	2354	5	0	0	3	13	0	0	0	13	0	0	3.5	13	0	0	0	13	0	0	0.433		100.028	89.7839	0.46691	0	4.66777	0.362011	14.6642	1		0.0088623	12.0705	47.394	0	0	0	
2024-06-16 14:09:26	1184	2355	9	0	0	2	9	0	0	0	9	0	0	6.75	9	0	0	0	9	0	0	4.113		100.033	89.14	0.052979	0	0.529615	0.246413	15.8064	1		0	12.0705	48.3036	0	0	0	
2024-06-16 14:18:18	1243	2356	9	0	0	7	29	0	0	0	29	0	0	5.75	29	0	0	0	29	0	0	1.082		100.027	85.7633	0.195321	0	1.95268	0.36837	15.3363	1		0.0088623	12.0616	46.3544	0	0	0	
2024-06-16 14:18:43	1246	2357	5	0	0	7	29	0	0	0	29	0	0	4.5	29	0	0	0	29	0	0	2.165		100.022	87.0964	0.0911307	0	0.911105	0.0393635	14.3116	1		0.0088623	12.0616	46.3544	0	0	0	
2024-06-16 14:08:00	1174	2358	9	0	0	1	5	0	0	0	5	0	0	5.25	5	0	0	0	5	0	0	3.68		100.036	89.9962	0.0604868	0	0.60465	0.0798112	16.1463	1		0.0088623	12.0705	48.8234	0	0	0	
2024-06-16 14:07:04	1168	2359	9	0	0	1	5	0	0	0	5	0	0	4	5	0	0	0	5	0	0	2.598		100.032	90.3864	0.0733908	0	0.733676	0.0321535	13.8295	1		0.0088623	12.0705	49.4731	0	0	0	
2024-06-16 14:25:10	1290	2360	1	0	0	4.75	20	0	0	0	20	0	0	3	20	0	0	0	20	0	0	1.515		100.03	84.5601	0.126238	0	1.262	0.208099	13.8764	1		0.0088623	12.0616	46.6143	0	0	0	
2024-06-16 14:17:31	1239	2361	1	0	0	6	25	0	0	0	25	0	0	3	25	0	0	0	25	0	0	2.598		100.024	86.0841	0.0771644	0	0.77146	0.0785922	14.5417	2		0	12.0705	46.3544	0	0	0	
2024-06-16 14:09:53	1187	2362	5	0	0	2	9	0	0	0	9	0	0	2.25	9	0	0	0	9	0	0	0.216		100.032	90.0157	0.742698	0	7.42459	0.323865	11.6625	1		0	12.0616	48.0437	0	0	0	
2024-06-16 14:18:18	1243	2363	1	0	0	7	29	0	0	0	29	0	0	0.5	29	0	0	0	29	0	0	5.628		100.027	85.7633	0.0440133	0	0.440015	0.260767	17.9705	1		0.0088623	12.0616	46.3544	0	0	0	
2024-06-16 14:04:59	1155	2364	1	0	0	0	1	0	0	0	1	0	0	3.5	1	0	0	0	1	0	0	3.031		100.041	84.9483	0.0673129	0	0.672853	0.225394	14.7968	2		0.0088623	12.0793	51.2924	0	0	0	
2024-06-16 14:26:44	1301	2365	1	0	0	1.75	8	0	0	0	8	0	0	0	8	0	0	0	8	0	0	1.515		100.026	87.3539	0.12119	0	1.21158	0.106625	13.322	1		0.0088623	11.9375	46.3544	0	0	0	
2024-06-16 14:16:01	1229	2366	5	0	0	6	25	0	0	0	25	0	0	7	25	0	0	0	25	0	0	0.866		100.023	85.9338	0.256072	0	2.56012	0.0639083	16.0857	2		0.0088623	12.0705	46.7443	0	0	0	
2024-06-16 14:25:56	1295	2367	1	0	0	6.5	27	0	0	0	27	0	0	1.25	27	0	0	0	27	0	0	4.546		100.028	87.766	0.0533639	0	0.533491	0.483603	17.5981	1		0	12.0439	46.6143	0	0	0	
2024-06-16 14:19:44	1253	2368	1	0	0	7.75	32	0	0	0	32	0	0	1.25	32	0	0	0	32	0	0	5.628		100.024	85.0828	0.03914	0	0.391305	0.0723702	15.9812	2		0	12.0705	46.6143	0	0	0	
2024-06-16 14:14:41	1220	2369	5	0	0	5	21	0	0	0	21	0	0	5.5	21	0	0	0	21	0	0	0.433		100.028	87.9967	0.485731	0	4.85594	0.408132	15.2554	1		0	12.0705	46.8742	0	0	0	
2024-06-16 14:14:23	1218	2370	5	0	0	5	21	0	0	0	21	0	0	4.25	21	0	0	0	21	0	0	0.649		100.024	88.1932	0.32765	0	3.27571	0.506062	15.4364	1		0.0088623	12.0705	46.8742	0	0	0	
2024-06-16 14:11:19	1197	2371	1	0	0	3	13	0	0	0	13	0	0	1	13	0	0	0	13	0	0	1.732		100.03	90.5495	0.105287	0	1.05255	0.0602273	13.2267	1		0	12.0705	47.394	0	0	0	
2024-06-16 14:06:55	1167	2372	1	0	0	1	5	0	0	0	5	0	0	2	5	0	0	0	5	0	0	0.866		100.038	90.3698	0.219521	0	2.19438	0.327285	13.7877	1		0.0088623	12.0705	49.4731	0	0	0	
2024-06-16 14:22:14	1270	2373	9	0	0	1.75	8	0	0	0	8	0	0	6	8	0	0	0	8	0	0	3.68		100.03	87.7325	0.0611313	0	0.61113	0.124341	16.3193	1		0	11.9464	46.4844	0	0	0	
2024-06-16 14:12:32	1205	2374	1	0	0	4	17	0	0	0	17	0	0	2.25	17	0	0	0	17	0	0	1.515		100.03	87.3972	0.123649	0	1.23612	0.179198	13.5918	1		0.0088623	12.0705	47.264	0	0	0	
2024-06-16 14:20:05	1255	2375	5	0	0	7.75	32	0	0	0	32	0	0	6	32	0	0	0	32	0	0	1.515		100.024	86.0894	0.132504	0	1.32472	0.13519	14.566	1		0	12.0705	46.4844	0	0	0	
2024-06-16 14:20:31	1258	2376	9	0	0	7.75	32	0	0	0	32	0	0	4.75	32	0	0	0	32	0	0	2.598		100.023	85.8019	0.0737321	0	0.737149	0.0413065	13.8949	1		0.0088623	12.0705	46.3544	0	0	0	
2024-06-16 14:17:22	1238	2377	5	0	0	6	25	0	0	0	25	0	0	2	25	0	0	0	25	0	0	3.464		100.028	89.1103	0.0640582	0	0.640404	0.0290832	16.0951	1		0	12.0616	46.7443	0	0	0	
2024-06-16 14:12:23	1204	2378	9	0	0	4	17	0	0	0	17	0	0	5.5	17	0	0	0	17	0	0	1.299		100.029	88.4532	0.158491	0	1.58445	0.0196181	14.9331	1		0.0088623	12.0705	47.1341	0	0	0	
2024-06-16 14:12:11	1203	2379	9	0	0	4	17	0	0	0	17	0	0	4.25	17	0	0	0	17	0	0	0.216		100.029	87.8025	0.843656	0	8.43412	0.193918	13.2483	2		0.0088623	12.0616	47.264	0	0	0	
2024-06-16 14:06:18	1163	2380	1	0	0	0	1	0	0	0	1	0	0	1.75	1	0	0	0	1	0	0	1.515		100.04	89.2721	0.12177	0	1.21722	0.0801145	13.384	2		0.0088623	12.0705	49.9929	0	0	0	
2024-06-16 14:28:02	1310	2381	1	0	0	3.75	16	0	0	4	16	0	0	3.5	16	0	0	4.25	16	0	0	0.13		100.032	18.3132	0.590691	0	5.905	0.0398465	9.27555	1		0.0088623	12.0705	46.6143	0	0	0	
2024-06-16 14:12:02	1202	2382	1	0	0	3	13	0	0	0	13	0	0	2.75	13	0	0	0	13	0	0	0.216		100.035	91.7637	0.736983	0	7.36723	0.495789	11.5724	1		0.0088623	12.0616	47.394	0	0	0	
2024-06-16 14:09:35	1185	2383	5	0	0	2	9	0	0	0	9	0	0	6	9	0	0	0	9	0	0	3.464		100.035	89.8604	0.0638876	0	0.638654	0.0610875	16.0511	1		0.0088623	12.0705	48.1737	0	0	0	
2024-06-16 14:08:41	1179	2384	5	0	0	2	9	0	0	0	9	0	0	4.75	9	0	0	0	9	0	0	2.381		100.034	91.574	0.0828381	0	0.828098	0.179413	14.3085	1		0	12.0705	48.5635	0	0	0	
2024-06-16 14:18:52	1247	2385	5	0	0	7	29	0	0	0	29	0	0	5	29	0	0	0	29	0	0	1.732		100.025	88.9718	0.113984	0	1.13956	0.0110694	14.3201	1		0.0088623	12.0705	46.6143	0	0	0	
2024-06-16 14:19:18	1250	2386	5	0	0	7	29	0	0	0	29	0	0	3.75	29	0	0	0	29	0	0	2.814		100.026	86.2005	0.0710578	0	0.71039	0.0985466	14.5064	1		0.0088623	12.0705	46.4844	0	0	0	
2024-06-16 14:07:42	1172	2387	1	0	0	1	5	0	0	0	5	0	0	3.25	5	0	0	0	5	0	0	1.948		100.034	89.5888	0.0940197	0	0.939879	0.0542948	13.2872	1		0.0088623	12.0705	49.0833	0	0	0	
2024-06-16 14:21:49	1267	2388	9	0	0	2.75	12	0	0	0	12	0	0	5	12	0	0	0	12	0	0	1.948		100.031	85.5397	0.0965282	0	0.964985	0.105982	13.6422	1		0	12.0705	46.3544	0	0	0	
2024-06-16 14:15:07	1223	2389	1	0	0	5	21	0	0	0	21	0	0	1.75	21	0	0	0	21	0	0	2.814		100.024	87.7903	0.0725012	0	0.724835	0.201278	14.8014	1		0.0088623	12.0616	46.8742	0	0	0	
2024-06-16 14:08:59	1181	2390	1	0	0	2	9	0	0	0	9	0	0	1.5	9	0	0	0	9	0	0	0.433		100.039	90.6284	0.445544	0	4.4537	0.378764	13.9917	1		0	12.0705	48.3036	0	0	0	
2024-06-16 14:06:18	1163	2391	5	0	0	0	1	0	0	0	1	0	0	2.75	1	0	0	0	1	0	0	2.381		100.04	89.2721	0.113453	0	1.13407	0.237968	19.5954	2		0.0088623	12.0705	49.9929	0	0	0	
2024-06-16 14:21:40	1266	2392	9	0	0	3.25	14	0	0	0	14	0	0	4.5	14	0	0	0	14	0	0	1.082		100.027	86.2636	0.18389	0	1.8384	0.248412	14.4388	1		0.0088623	12.0705	46.3544	0	0	0	
2024-06-16 14:11:10	1196	2393	5	0	0	3	13	0	0	0	13	0	0	6.75	13	0	0	0	13	0	0	3.247		100.035	92.6401	0.0643251	0	0.643029	0.292766	15.151	1		0.0088623	12.0705	47.6539	0	0	0	
2024-06-16 14:07:22	1170	2394	5	0	0	1	5	0	0	0	5	0	0	7.25	5	0	0	0	5	0	0	5.412		100.036	88.5435	0.0578809	0	0.578599	0.0751065	22.7215	2		0.0088623	12.0616	49.2132	0	0	0	
2024-06-16 14:16:22	1231	2395	9	0	0	6	25	0	0	0	25	0	0	7.5	25	0	0	0	25	0	0	1.299		100.025	87.2121	0.157086	0	1.57048	0.166888	14.8014	1		0.0088623	12.0705	46.6143	0	0	0	
2024-06-16 14:16:48	1234	2396	9	0	0	6	25	0	0	0	25	0	0	6.25	25	0	0	0	25	0	0	0.216		100.026	87.2604	0.820944	0	8.20734	0.435971	12.8921	1		0.0088623	12.0705	46.6143	0	0	0	
2024-06-16 14:19:36	1252	2397	1	0	0	7.75	32	0	0	0	32	0	0	0.5	32	0	0	0	32	0	0	6.278		100.031	87.0497	0.0366281	0	0.366169	0.181465	16.6801	1		0	12.0705	46.4844	0	0	0	
2024-06-16 14:15:15	1224	2398	5	0	0	5	21	0	0	0	21	0	0	3.5	21	0	0	0	21	0	0	1.299		100.025	90.5006	0.149177	0	1.49139	0.18957	14.056	1		0	12.0705	46.7443	0	0	0	
2024-06-16 14:11:37	1199	2399	1	0	0	3	13	0	0	0	13	0	0	0.25	13	0	0	0	13	0	0	2.381		100.032	89.8003	0.0778138	0	0.777892	0.199064	13.441	1		0.0088623	12.0705	47.394	0	0	0	
2024-06-16 14:07:04	1168	2400	1	0	0	1	5	0	0	0	5	0	0	1.25	5	0	0	0	5	0	0	0.216		100.032	90.3864	0.74318	0	7.42945	0.266558	11.6702	1		0.0088623	12.0705	49.4731	0	0	0	
2024-06-16 14:12:50	1207	2401	1	0	0	4	17	0	0	0	17	0	0	1.5	17	0	0	0	17	0	0	2.165		100.026	88.1994	0.085703	0	0.856803	0.0255482	13.4586	1		0	12.0705	47.1341	0	0	0	
2024-06-16 14:22:23	1271	2402	9	0	0	1.5	7	0	0	0	7	0	0	6.25	7	0	0	0	7	0	0	4.113		100.022	84.8363	0.0560997	0	0.560872	0.441327	16.7393	2		0	12.0616	46.3544	0	0	0	
2024-06-16 14:20:23	1257	2403	9	0	0	7.75	32	0	0	0	32	0	0	5.25	32	0	0	0	32	0	0	2.165		100.026	85.9386	0.0881337	0	0.881108	0.165783	13.8404	1		0.0088623	12.0705	46.4844	0	0	0	
2024-06-16 14:20:14	1256	2404	5	0	0	7.75	32	0	0	0	32	0	0	4	32	0	0	0	32	0	0	3.247		100.025	85.8047	0.059248	0	0.59233	0.198339	13.9565	1		0	12.0705	46.3544	0	0	0	
2024-06-16 14:15:49	1228	2405	1	0	0	6	25	0	0	0	25	0	0	1.25	25	0	0	0	25	0	0	4.113		100.02	87.0681	0.0589987	0	0.589869	0.0626757	17.6047	2		0	12.0705	46.7443	0	0	0	
2024-06-16 14:12:58	1208	2406	1	0	0	4	17	0	0	0	17	0	0	3.5	17	0	0	0	17	0	0	0.433		100.026	87.1107	0.498944	0	4.98815	0.244606	15.6707	1		0	12.0616	47.1341	0	0	0	
2024-06-16 14:05:24	1157	2407	1	0	0	0	1	0	0	0	1	0	0	1	1	0	0	0	1	0	0	0.866		100.038	88.5291	0.226004	0	2.25919	0.00485542	14.1949	2		0.0088623	12.0705	50.7726	0	0	0	
2024-06-16 14:08:59	1181	2408	5	0	0	2	9	0	0	0	9	0	0	5.25	9	0	0	0	9	0	0	2.814		100.039	90.6284	0.0769402	0	0.769102	0.278733	15.7053	1		0	12.0705	48.3036	0	0	0	
2024-06-16 14:08:50	1180	2409	9	0	0	2	9	0	0	0	9	0	0	4	9	0	0	0	9	0	0	1.732		100.037	91.6169	0.10874	0	1.087	0.200625	13.6597	1		0	12.0705	48.4336	0	0	0	
2024-06-16 14:27:02	1303	2410	1	0	0	3.5	15	0	0	0	15	0	0	2.25	15	0	0	0	15	0	0	1.082		100.023	83.3549	0.177744	0	1.77704	0.327343	13.9568	1		0	12.0616	46.6143	0	0	0	
2024-06-16 14:18:43	1246	2411	1	0	0	7	29	0	0	0	29	0	0	3	29	0	0	0	29	0	0	3.464		100.022	87.0964	0.0589148	0	0.589018	0.168845	14.8036	1		0.0088623	12.0616	46.3544	0	0	0	
2024-06-16 14:08:00	1174	2412	1	0	0	1	5	0	0	0	5	0	0	2.5	5	0	0	0	5	0	0	1.299		100.036	89.9962	0.144168	0	1.44116	0.12096	13.5826	1		0.0088623	12.0705	48.8234	0	0	0	
2024-06-16 14:05:15	1156	2413	9	0	0	0	1	0	0	0	1	0	0	6.75	1	0	0	0	1	0	0	5.845		100.04	88.476	0.0408046	0	0.407884	0.719723	17.299	1		0.0088623	12.0705	51.1624	0	0	0	
2024-06-16 14:23:36	1279	2414	1	0	0	2.75	12	0	0	0	12	0	0	3	12	0	0	0	12	0	0	0.216		100.024	85.7546	0.74307	0	7.42889	0.495584	11.6693	1		0	12.0705	46.3544	0	0	0	
2024-06-16 14:15:24	1225	2415	1	0	0	5	21	0	0	0	21	0	0	1	21	0	0	0	21	0	0	3.464		100.021	91.0239	0.0620639	0	0.62051	0.00382022	15.5951	1		0.0088623	12.0705	46.8742	0	0	0	
2024-06-16 14:29:22	1319	2416	1	0	0	0.5	3	0	0	7.25	3	0	0	2.75	3	0	0	5	3	0	0	1.168		100.038	20.2716	0.0817942	0	0.817631	0.206915	11.559	2		0.0088623	12.0705	46.6143	0	0	0	
2024-06-16 14:24:27	1285	2417	9	0	0	6.75	28	0	0	0	28	0	0	7	28	0	0	0	28	0	0	0.216		100.03	86.9629	0.787387	0	7.87154	0.673391	12.3646	1		0.0088623	12.0616	46.3544	0	0	0	
2024-06-16 14:10:18	1190	2418	1	0	0	2	9	0	0	0	9	0	0	0.75	9	0	0	0	9	0	0	1.082		100.033	91.9533	0.170603	0	1.70546	0.121686	13.3946	1		0	11.9464	47.9138	0	0	0	
2024-06-16 14:11:02	1195	2419	5	0	0	3	13	0	0	0	13	0	0	6	13	0	0	0	13	0	0	2.598		100.029	89.8605	0.0776104	0	0.77588	0.206887	14.625	1		0	12.0705	47.6539	0	0	0	
2024-06-16 14:10:54	1194	2420	9	0	0	3	13	0	0	0	13	0	0	4.75	13	0	0	0	13	0	0	1.515		100.03	90.3139	0.127132	0	1.27094	0.234824	13.9747	1		0	12.0616	47.6539	0	0	0	
2024-06-16 14:07:42	1172	2421	5	0	0	1	5	0	0	0	5	0	0	7.75	5	0	0	0	5	0	0	5.845		100.034	89.5888	0.0390489	0	0.390356	0.0336895	16.5556	1		0.0088623	12.0705	49.0833	0	0	0	
2024-06-16 14:07:04	1168	2422	5	0	0	1	5	0	0	0	5	0	0	6.5	5	0	0	0	5	0	0	4.762		100.032	90.3864	0.0515075	0	0.514912	0.586955	17.7941	1		0.0088623	12.0705	49.4731	0	0	0	
2024-06-16 14:16:13	1230	2423	9	0	0	6	25	0	0	0	25	0	0	5.5	25	0	0	0	25	0	0	0.433		100.025	86.806	0.497643	0	4.97521	0.530131	15.6301	1		0	12.0705	46.6143	0	0	0	
2024-06-16 14:16:48	1234	2424	5	0	0	6	25	0	0	0	25	0	0	4.25	25	0	0	0	25	0	0	1.515		100.026	87.2604	0.133606	0	1.33571	0.165416	14.6869	1		0.0088623	12.0705	46.6143	0	0	0	
2024-06-16 14:14:33	1219	2425	1	0	0	5	21	0	0	0	21	0	0	2.75	21	0	0	0	21	0	0	1.948		100.027	88.1283	0.0966145	0	0.965882	0.0161036	13.6548	1		0	12.0705	46.8742	0	0	0	
2024-06-16 14:08:33	1178	2426	1	0	0	1	5	0	0	0	5	0	0	0.5	5	0	0	0	5	0	0	0.433		100.038	92.2951	0.464286	0	4.64108	0.311339	14.5804	1		0.0088623	12.0705	48.5635	0	0	0	
2024-06-16 14:13:05	1209	2427	1	0	0	4	17	0	0	0	17	0	0	0.75	17	0	0	0	17	0	0	2.814		100.027	90.3912	0.0691104	0	0.690918	0.120522	14.1088	1		0.0088623	12.0705	47.264	0	0	0	
2024-06-16 14:20:56	1261	2428	5	0	0	7.75	32	0	0	0	32	0	0	3.25	32	0	0	0	32	0	0	3.897		100.026	88.1098	0.0499041	0	0.498911	0.190264	14.1064	1		0.0088623	12.0705	46.6143	0	0	0	
2024-06-16 14:28:35	1314	2429	1	0	0	2.75	12	0	0	5	12	0	0	0.5	12	0	0	7.25	12	0	0	1.168		100.031	19.9294	0.0794091	0	0.793845	0.260671	11.2227	1		0	12.0705	46.7443	0	0	0	
2024-06-16 14:22:33	1272	2430	9	0	0	1.25	6	0	0	0	6	0	0	6.5	6	0	0	0	6	0	0	4.546		100.027	87.5417	0.0518588	0	0.518445	0.273427	17.1018	1		0.0088623	12.0705	46.6143	0	0	0	
2024-06-16 14:16:13	1230	2431	1	0	0	6	25	0	0	0	25	0	0	0.5	25	0	0	0	25	0	0	4.762		100.025	86.806	0.0542889	0	0.542755	0.020515	18.7563	1		0	12.0705	46.6143	0	0	0	
2024-06-16 14:13:32	1212	2432	5	0	0	4	17	0	0	0	17	0	0	2.75	17	0	0	0	17	0	0	1.082		100.027	88.8459	0.181195	0	1.81146	0.134592	14.2272	1		0.0088623	12.0616	46.8742	0	0	0	
2024-06-16 14:05:43	1159	2433	1	0	0	0	1	0	0	0	1	0	0	0.25	1	0	0	0	1	0	0	0.216		100.042	90.1026	0.747278	0	7.46962	0.140257	11.7333	1		0.0088623	12.0705	50.5127	0	0	0	
2024-06-16 14:09:07	1182	2434	1	0	0	2	9	0	0	0	9	0	0	3.25	9	0	0	0	9	0	0	1.082		100.035	90.3945	0.178375	0	1.78312	0.242349	14.0046	1		0.0088623	12.0705	48.3036	0	0	0	
2024-06-16 14:19:09	1249	2435	1	0	0	7	29	0	0	0	29	0	0	1.75	29	0	0	0	29	0	0	4.546		100.026	86.7033	0.0501651	0	0.501519	0.319688	16.5435	1		0	12.0705	46.4844	0	0	0	
2024-06-16 14:05:52	1160	2436	5	0	0	0	1	0	0	0	1	0	0	6	1	0	0	0	1	0	0	5.195		100.04	90.5353	0.0488727	0	0.48853	0.191922	18.4171	1		0.0088623	12.0705	50.2528	0	0	0	
2024-06-16 14:04:59	1155	2437	5	0	0	0	1	0	0	0	1	0	0	4.75	1	0	0	0	1	0	0	4.113		100.041	84.9483	0.0523748	0	0.523534	0.0127224	15.6249	2		0.0088623	12.0793	51.2924	0	0	0	
2024-06-16 14:26:12	1297	2438	1	0	0	7.25	30	0	0	0	30	0	0	0.5	30	0	0	0	30	0	0	5.845		100.031	87.302	0.0499809	0	0.499655	0.439816	21.1911	1		0	12.0616	46.6143	0	0	0	
2024-06-16 14:14:59	1222	2439	1	0	0	5	21	0	0	0	21	0	0	0.25	21	0	0	0	21	0	0	4.113		100.024	87.7946	0.0515981	0	0.515854	0.00420069	15.3957	1		0.0088623	12.0705	46.6143	0	0	0	
2024-06-16 14:15:07	1223	2440	5	0	0	5	21	0	0	0	21	0	0	6.75	21	0	0	0	21	0	0	1.515		100.024	87.7903	0.136484	0	1.36451	0.0050209	15.0036	1		0.0088623	12.0616	46.8742	0	0	0	
2024-06-16 14:10:36	1192	2441	1	0	0	3	13	0	0	0	13	0	0	2.25	13	0	0	0	13	0	0	0.649		100.029	90.5324	0.30843	0	3.0834	0.482339	14.5302	1		0.0088623	12.0705	47.7838	0	0	0	
2024-06-16 14:08:41	1179	2442	1	0	0	2	9	0	0	0	9	0	0	0	9	0	0	0	9	0	0	1.732		100.034	91.574	0.124841	0	1.24798	0.00221182	15.6826	1		0	12.0705	48.5635	0	0	0	
2024-06-16 14:24:36	1286	2443	9	0	0	6.5	27	0	0	0	27	0	0	7.25	27	0	0	0	27	0	0	0.649		100.025	86.2932	0.335865	0	3.35783	0.607635	15.8234	1		0.0088623	12.0616	46.3544	0	0	0	
2024-06-16 14:19:44	1253	2444	9	0	0	7.75	32	0	0	0	32	0	0	7.25	32	0	0	0	32	0	0	0.433		100.024	85.0828	0.473982	0	4.73867	0.221063	14.887	2		0	12.0705	46.6143	0	0	0	
2024-06-16 14:26:21	1298	2445	1	0	0	7.5	31	0	0	0	31	0	0	0.25	31	0	0	0	31	0	0	6.278		100.021	85.4002	0.0363489	0	0.363411	0.0420225	16.5545	1		0	12.0705	46.6143	0	0	0	
2024-06-16 14:23:10	1276	2446	1	0	0	0.75	4	0	0	0	4	0	0	1	4	0	0	0	4	0	0	0.216		100.033	87.1802	0.753216	0	7.52971	0.287668	11.8276	1		0	12.0705	46.6143	0	0	0	
2024-06-16 14:25:28	1292	2447	1	0	0	5.5	23	0	0	0	23	0	0	2.25	23	0	0	0	23	0	0	2.814		100.026	83.2431	0.0865202	0	0.864981	0.00600834	17.6632	2		0	12.0705	46.6143	0	0	0	
2024-06-16 14:12:58	1208	2448	9	0	0	4	17	0	0	0	17	0	0	6.75	17	0	0	0	17	0	0	2.381		100.026	87.1107	0.0842268	0	0.842051	0.100373	14.5496	1		0	12.0616	47.1341	0	0	0	
2024-06-16 14:11:28	1198	2449	5	0	0	3	13	0	0	0	13	0	0	5.25	13	0	0	0	13	0	0	1.948		100.031	89.7255	0.0990546	0	0.990238	0.0603806	13.9992	1		0	12.0616	47.394	0	0	0	
2024-06-16 14:11:28	1198	2450	9	0	0	3	13	0	0	0	13	0	0	4	13	0	0	0	13	0	0	0.866		100.031	89.7255	0.237837	0	2.37763	0.291447	14.9391	1		0	12.0616	47.394	0	0	0	
2024-06-16 14:09:07	1182	2451	5	0	0	2	9	0	0	0	9	0	0	7.25	9	0	0	0	9	0	0	4.546		100.035	90.3945	0.0542417	0	0.542226	0.449702	17.8863	1		0.0088623	12.0705	48.3036	0	0	0	
2024-06-16 14:18:06	1242	2452	9	0	0	7	29	0	0	0	29	0	0	7.5	29	0	0	0	29	0	0	0.433		100.025	84.2603	0.467451	0	4.67333	0.101804	14.6817	2		0.0088623	12.0705	46.4844	0	0	0	
2024-06-16 14:17:43	1240	2453	5	0	0	7	29	0	0	0	29	0	0	6.25	29	0	0	0	29	0	0	0.649		100.026	85.1165	0.338127	0	3.38039	0.325048	15.9297	2		0	12.0705	46.6143	0	0	0	
2024-06-16 14:07:33	1171	2454	9	0	0	1	5	0	0	0	5	0	0	5.75	5	0	0	0	5	0	0	4.113		100.034	89.5085	0.0527855	0	0.527675	0.121265	15.7485	1		0.0088623	12.0705	49.0833	0	0	0	
2024-06-16 14:07:13	1169	2455	9	0	0	1	5	0	0	0	5	0	0	4.5	5	0	0	0	5	0	0	3.031		100.036	90.4297	0.0695626	0	0.69538	0.207506	15.2922	1		0.0088623	12.0705	49.3432	0	0	0	
2024-06-16 14:17:05	1236	2456	5	0	0	6	25	0	0	0	25	0	0	3.5	25	0	0	0	25	0	0	2.165		100.025	87.143	0.0889428	0	0.889206	0.0672193	13.9676	1		0	12.0705	46.6143	0	0	0	
2024-06-16 14:13:23	1211	2457	1	0	0	4	17	0	0	0	17	0	0	0	17	0	0	0	17	0	0	3.464		100.031	90.5165	0.0603898	0	0.603709	0.37667	15.1729	1		0	12.0616	47.1341	0	0	0	
2024-06-16 14:21:14	1263	2458	5	0	0	7.75	32	0	0	0	32	0	0	2.5	32	0	0	0	32	0	0	4.546		100.026	87.4407	0.0454908	0	0.454789	0.323217	15.002	1		0.0088623	12.0705	46.3544	0	0	0	
2024-06-16 14:09:26	1184	2459	1	0	0	2	9	0	0	0	9	0	0	2.5	9	0	0	0	9	0	0	0.433		100.033	89.14	0.446294	0	4.46146	0.302682	14.0161	1		0	12.0705	48.3036	0	0	0	
2024-06-16 14:19:26	1251	2460	1	0	0	7	29	0	0	0	29	0	0	1	29	0	0	0	29	0	0	5.195		100.032	88.3685	0.0461345	0	0.461199	0.318522	17.3868	1		0.0088623	12.0705	46.3544	0	0	0	
2024-06-16 14:05:43	1159	2461	5	0	0	0	1	0	0	0	1	0	0	5.25	1	0	0	0	1	0	0	4.546		100.042	90.1026	0.0505182	0	0.504968	0.24459	16.6572	1		0.0088623	12.0705	50.5127	0	0	0	
2024-06-16 14:06:09	1162	2462	5	0	0	0	1	0	0	0	1	0	0	4	1	0	0	0	1	0	0	3.464		100.041	91.1487	0.060068	0	0.600434	0.183477	15.0906	1		0.0088623	12.0705	50.1229	0	0	0	
2024-06-16 14:20:48	1260	2463	5	0	0	7.75	32	0	0	0	32	0	0	1.75	32	0	0	0	32	0	0	5.195		100.026	86.5174	0.0410524	0	0.410418	0.184385	15.4724	1		0.0088623	12.0705	46.3544	0	0	0	
2024-06-16 14:14:15	1217	2464	5	0	0	5	21	0	0	0	21	0	0	6	21	0	0	0	21	0	0	0.866		100.028	88.1561	0.24811	0	2.48041	0.400822	15.5849	1		0	12.0705	46.8742	0	0	0	
2024-06-16 14:14:06	1216	2465	9	0	0	5	21	0	0	0	21	0	0	4.75	21	0	0	0	21	0	0	0.216		100.023	88.5711	0.767223	0	7.6705	0.739562	12.0488	1		0.0088623	12.0705	46.8742	0	0	0	
2024-06-16 14:10:54	1194	2466	1	0	0	3	13	0	0	0	13	0	0	1.5	13	0	0	0	13	0	0	1.299		100.03	90.3139	0.141833	0	1.4179	0.180018	13.3634	1		0	12.0616	47.6539	0	0	0	
2024-06-16 14:19:36	1252	2467	5	0	0	7.75	32	0	0	0	32	0	0	6.5	32	0	0	0	32	0	0	1.082		100.031	87.0497	0.191663	0	1.91604	0.68778	15.0485	1		0	12.0705	46.4844	0	0	0	
2024-06-16 14:22:07	1269	2468	9	0	0	2.25	10	0	0	0	10	0	0	5.5	10	0	0	0	10	0	0	2.814		100.024	86.1718	0.0790377	0	0.790187	0.130511	16.1359	1		0.0088623	12.0616	46.6143	0	0	0	
2024-06-16 14:28:27	1313	2469	1	0	0	3	13	0	0	4.75	13	0	0	1.25	13	0	0	6.5	13	0	0	0.908		100.035	20.1786	0.105322	0	1.05285	0.469419	11.5767	1		0	12.0705	46.7443	0	0	0	
2024-06-16 14:12:41	1206	2470	1	0	0	4	17	0	0	0	17	0	0	6	17	0	0	0	17	0	0	1.732		100.026	87.1702	0.114672	0	1.14642	0.193881	14.4064	1		0	12.0616	47.264	0	0	0	
2024-06-16 14:12:32	1205	2471	9	0	0	4	17	0	0	0	17	0	0	4.75	17	0	0	0	17	0	0	0.649		100.03	87.3972	0.343863	0	3.4376	0.28518	16.1993	1		0.0088623	12.0705	47.264	0	0	0	
2024-06-16 14:05:52	1160	2472	1	0	0	0	1	0	0	0	1	0	0	2.25	1	0	0	0	1	0	0	1.948		100.04	90.5353	0.105317	0	1.05275	0.224982	14.8829	1		0.0088623	12.0705	50.2528	0	0	0	
2024-06-16 14:28:18	1312	2473	1	0	0	3.25	14	0	0	4.5	14	0	0	2	14	0	0	5.75	14	0	0	0.649		100.029	20.0519	0.177195	0	1.77143	0.72001	13.9128	1		0.0088623	12.0705	46.6143	0	0	0	
2024-06-16 14:10:27	1191	2474	1	0	0	3	13	0	0	0	13	0	0	3.25	13	0	0	0	13	0	0	0.216		100.031	91.7483	0.758386	0	7.58149	0.760791	11.909	1		0	12.0705	47.7838	0	0	0	
2024-06-16 14:09:26	1184	2475	5	0	0	2	9	0	0	0	9	0	0	7.75	9	0	0	0	9	0	0	4.979		100.033	89.14	0.0431654	0	0.431511	0.270267	15.5898	1		0	12.0705	48.3036	0	0	0	
2024-06-16 14:08:50	1180	2476	5	0	0	2	9	0	0	0	9	0	0	6.5	9	0	0	0	9	0	0	3.897		100.037	91.6169	0.0555123	0	0.554919	0.117761	15.69	1		0	12.0705	48.4336	0	0	0	
2024-06-16 14:18:35	1245	2477	5	0	0	7	29	0	0	0	29	0	0	5.5	29	0	0	0	29	0	0	1.299		100.024	88.3299	0.157984	0	1.57947	0.0898235	14.8861	1		0.0088623	12.0705	46.6143	0	0	0	
2024-06-16 14:18:27	1244	2478	9	0	0	7	29	0	0	0	29	0	0	4.25	29	0	0	0	29	0	0	2.381		100.026	85.7653	0.0834598	0	0.834384	0.0829289	14.4171	1		0	12.0705	46.6143	0	0	0	
2024-06-16 14:07:51	1173	2479	9	0	0	1	5	0	0	0	5	0	0	5	5	0	0	0	5	0	0	3.464		100.031	89.6706	0.0628101	0	0.627904	0.00392393	15.7809	1		0	12.0705	48.9533	0	0	0	
2024-06-16 14:07:22	1170	2480	1	0	0	1	5	0	0	0	5	0	0	3.75	5	0	0	0	5	0	0	2.381		100.036	88.5435	0.080877	0	0.808477	0.0549883	13.9695	2		0.0088623	12.0616	49.2132	0	0	0	
2024-06-16 14:16:01	1229	2481	1	0	0	6	25	0	0	0	25	0	0	2.75	25	0	0	0	25	0	0	2.814		100.023	85.9338	0.0716493	0	0.716327	0.134422	14.6276	2		0.0088623	12.0705	46.7443	0	0	0	
2024-06-16 14:14:50	1221	2482	1	0	0	5	21	0	0	0	21	0	0	2.25	21	0	0	0	21	0	0	2.381		100.023	87.907	0.0803954	0	0.803771	0.0335132	13.8882	1		0.0088623	12.0705	46.7443	0	0	0	
2024-06-16 14:19:26	1251	2483	5	0	0	7	29	0	0	0	29	0	0	0.25	29	0	0	0	29	0	0	5.845		100.032	88.3685	0.0405997	0	0.405868	0.203141	17.2135	1		0.0088623	12.0705	46.3544	0	0	0	
2024-06-16 14:06:29	1164	2484	1	0	0	0	1	0	0	0	1	0	0	3.25	1	0	0	0	1	0	0	2.814		100.04	89.7787	0.069388	0	0.693602	0.0926534	14.1636	1		0.0088623	12.0705	49.733	0	0	0	
2024-06-16 14:10:45	1193	2485	5	0	0	3	13	0	0	0	13	0	0	7.25	13	0	0	0	13	0	0	3.68		100.034	90.8179	0.0660191	0	0.65997	0.395663	17.6235	1		0.0088623	12.0705	47.7838	0	0	0	
2024-06-16 14:16:39	1233	2486	5	0	0	6	25	0	0	0	25	0	0	6.75	25	0	0	0	25	0	0	0.649		100.019	88.0596	0.35064	0	3.50572	0.363793	16.5203	1		0.0088623	12.0705	46.6143	0	0	0	
2024-06-16 14:21:23	1264	2487	9	0	0	3.75	16	0	0	0	16	0	0	4	16	0	0	0	16	0	0	0.216		100.028	87.2462	0.829894	0	8.29664	0.460882	13.0323	1		0	12.0705	46.4844	0	0	0	
2024-06-16 14:20:31	1258	2488	1	0	0	7.75	32	0	0	0	32	0	0	1	32	0	0	0	32	0	0	5.845		100.023	85.8019	0.0379411	0	0.379322	0.298142	16.0876	1		0.0088623	12.0705	46.3544	0	0	0	
2024-06-16 14:14:06	1216	2489	5	0	0	5	21	0	0	0	21	0	0	5.25	21	0	0	0	21	0	0	0.216		100.023	88.5711	0.784344	0	7.84166	0.658563	12.3177	1		0.0088623	12.0705	46.8742	0	0	0	
2024-06-16 14:14:41	1220	2490	9	0	0	5	21	0	0	0	21	0	0	4	21	0	0	0	21	0	0	0.866		100.028	87.9967	0.245297	0	2.45228	0.27963	15.4081	1		0	12.0705	46.8742	0	0	0	
2024-06-16 14:11:10	1196	2491	1	0	0	3	13	0	0	0	13	0	0	0.75	13	0	0	0	13	0	0	1.948		100.035	92.6401	0.0938753	0	0.938429	0.0581153	13.2667	1		0.0088623	12.0705	47.6539	0	0	0	
2024-06-16 14:08:25	1177	2492	5	0	0	1	5	0	0	0	5	0	0	1.75	5	0	0	0	5	0	0	0.649		100.034	90.9865	0.30514	0	3.05036	0.131988	14.3745	1		0.0088623	12.0705	48.6935	0	0	0	
2024-06-16 14:13:48	1214	2493	1	0	0	4	17	0	0	0	17	0	0	2	17	0	0	0	17	0	0	1.732		100.025	90.559	0.107901	0	1.07874	0.0724754	13.5558	1		0.0088623	12.0705	47.1341	0	0	0	
2024-06-16 14:20:05	1255	2494	9	0	0	7.75	32	0	0	0	32	0	0	5.75	32	0	0	0	32	0	0	1.732		100.024	86.0894	0.11331	0	1.13282	0.188352	14.2355	1		0	12.0705	46.4844	0	0	0	
2024-06-16 14:20:31	1258	2495	5	0	0	7.75	32	0	0	0	32	0	0	4.5	32	0	0	0	32	0	0	2.814		100.023	85.8019	0.068186	0	0.6817	0.0737398	13.9206	1		0.0088623	12.0705	46.3544	0	0	0	
2024-06-16 14:23:53	1281	2496	1	0	0	2.25	10	0	0	0	10	0	0	3.5	10	0	0	0	10	0	0	1.082		100.025	85.4373	0.177895	0	1.7785	0.208265	13.9683	1		0.0088623	12.0705	46.3544	0	0	0	
2024-06-16 14:23:03	1275	2497	9	0	0	0.25	2	0	0	0	2	0	0	7.5	2	0	0	0	2	0	0	6.278		100.027	84.276	0.0377555	0	0.377452	0.0532885	17.1941	1		0.0088623	12.0705	46.4844	0	0	0	
2024-06-16 14:16:39	1233	2498	1	0	0	6	25	0	0	0	25	0	0	1.75	25	0	0	0	25	0	0	3.68		100.019	88.0596	0.0634751	0	0.634627	0.675449	16.9468	1		0.0088623	12.0705	46.6143	0	0	0	
2024-06-16 14:12:23	1204	2499	5	0	0	4	17	0	0	0	17	0	0	5.25	17	0	0	0	17	0	0	1.082		100.029	88.4532	0.193546	0	1.93489	0.195929	15.1966	1		0.0088623	12.0705	47.1341	0	0	0	
2024-06-16 14:05:15	1156	2500	1	0	0	0	1	0	0	0	1	0	0	1.5	1	0	0	0	1	0	0	1.299		100.04	88.476	0.142603	0	1.42546	0.00485902	13.4346	1		0.0088623	12.0705	51.1624	0	0	0	
2024-06-16 14:10:45	1193	2501	1	0	0	3	13	0	0	0	13	0	0	2.5	13	0	0	0	13	0	0	0.433		100.034	90.8179	0.448775	0	4.48625	0.527559	14.094	1		0.0088623	12.0705	47.7838	0	0	0	
2024-06-16 14:09:17	1183	2502	9	0	0	2	9	0	0	0	9	0	0	5.75	9	0	0	0	9	0	0	3.247		100.037	89.8258	0.0651019	0	0.650778	0.0709837	15.3336	1		0	12.0705	48.3036	0	0	0	
2024-06-16 14:08:41	1179	2503	9	0	0	2	9	0	0	0	9	0	0	4.5	9	0	0	0	9	0	0	2.165		100.034	91.574	0.0892616	0	0.892312	0.221275	14.0164	1		0	12.0705	48.5635	0	0	0	
2024-06-16 14:19:18	1250	2504	1	0	0	7	29	0	0	0	29	0	0	3.5	29	0	0	0	29	0	0	3.031		100.026	86.2005	0.0655067	0	0.654893	0.115845	14.4019	1		0.0088623	12.0705	46.4844	0	0	0	
2024-06-16 14:07:51	1173	2505	1	0	0	1	5	0	0	0	5	0	0	3	5	0	0	0	5	0	0	1.732		100.031	89.6706	0.106448	0	1.06414	0.129569	13.3724	1		0	12.0705	48.9533	0	0	0	
2024-06-16 14:05:24	1157	2506	5	0	0	0	1	0	0	0	1	0	0	7.25	1	0	0	0	1	0	0	6.278		100.038	88.5291	0.0405638	0	0.405486	0.00594801	18.4711	2		0.0088623	12.0705	50.7726	0	0	0	
2024-06-16 14:14:23	1218	2507	1	0	0	5	21	0	0	0	21	0	0	1.5	21	0	0	0	21	0	0	3.031		100.024	88.1932	0.0664339	0	0.664179	0.0390336	14.6061	1		0.0088623	12.0705	46.8742	0	0	0	
2024-06-16 14:09:44	1186	2508	1	0	0	2	9	0	0	0	9	0	0	1.25	9	0	0	0	9	0	0	0.649		100.033	89.9622	0.296873	0	2.96776	0.219985	13.9853	1		0.0088623	12.0705	48.1737	0	0	0	
2024-06-16 14:26:36	1300	2509	1	0	0	1.5	7	0	0	0	7	0	0	0.25	7	0	0	0	7	0	0	1.082		100.028	86.8788	0.174223	0	1.74175	0.0978365	13.6797	1		0.0088623	12.0705	46.7443	0	0	0	
2024-06-16 14:06:00	1161	2510	1	0	0	0	1	0	0	0	1	0	0	2.5	1	0	0	0	1	0	0	2.165		100.045	93.4725	0.088582	0	0.885422	0.315661	13.9082	1		0.0088623	12.0705	50.3827	0	0	0	
2024-06-16 14:25:47	1294	2511	1	0	0	6.25	26	0	0	0	26	0	0	1.5	26	0	0	0	26	0	0	4.113		100.028	87.515	0.0563571	0	0.563412	0.214758	16.8151	1		0	12.0705	46.7443	0	0	0	
2024-06-16 14:27:45	1308	2512	9	0	0	7.25	30	0	0	0	30	0	0	6.5	30	0	0	0	30	0	0	0.649		100.029	86.6044	0.327532	0	3.27437	0.434757	15.4301	1		0.0088623	12.0616	46.7443	0	0	0	
2024-06-16 14:10:54	1194	2513	5	0	0	3	13	0	0	0	13	0	0	7.75	13	0	0	0	13	0	0	4.113		100.03	90.3139	0.0499801	0	0.499651	0.21364	14.9122	1		0	12.0616	47.6539	0	0	0	
2024-06-16 14:10:27	1191	2514	5	0	0	3	13	0	0	0	13	0	0	6.5	13	0	0	0	13	0	0	3.031		100.031	91.7483	0.0683359	0	0.683146	0.149009	15.0232	1		0	12.0705	47.7838	0	0	0	
2024-06-16 14:07:33	1171	2515	5	0	0	1	5	0	0	0	5	0	0	7	5	0	0	0	5	0	0	5.195		100.034	89.5085	0.0453607	0	0.453453	0.0670494	17.0948	1		0.0088623	12.0705	49.0833	0	0	0	
2024-06-16 14:16:13	1230	2516	5	0	0	6	25	0	0	0	25	0	0	4.75	25	0	0	0	25	0	0	1.082		100.025	86.806	0.193093	0	1.93045	0.401191	15.1617	1		0	12.0705	46.6143	0	0	0	
2024-06-16 14:20:14	1256	2517	1	0	0	7.75	32	0	0	0	32	0	0	0.25	32	0	0	0	32	0	0	6.494		100.025	85.8047	0.0340552	0	0.340466	0.247645	16.0441	1		0	12.0705	46.3544	0	0	0	
2024-06-16 14:15:41	1227	2518	1	0	0	5	21	0	0	0	21	0	0	3.25	21	0	0	0	21	0	0	1.515		100.026	90.4813	0.124858	0	1.24825	0.0630086	13.7252	1		0.0088623	12.0705	46.7443	0	0	0	
2024-06-16 14:11:28	1198	2519	1	0	0	3	13	0	0	0	13	0	0	0	13	0	0	0	13	0	0	2.598		100.031	89.7255	0.076023	0	0.759993	0.16403	14.3255	1		0	12.0616	47.394	0	0	0	
2024-06-16 14:21:31	1265	2520	9	0	0	3.5	15	0	0	0	15	0	0	4.25	15	0	0	0	15	0	0	0.649		100.031	85.6814	0.330148	0	3.30047	0.313939	15.5531	1		0.0088623	12.0616	46.4844	0	0	0	
2024-06-16 14:13:57	1215	2521	1	0	0	4	17	0	0	0	17	0	0	1.25	17	0	0	0	17	0	0	2.381		100.024	88.79	0.0799522	0	0.799328	0.0670169	13.8114	1		0	12.0705	47.0042	0	0	0	
2024-06-16 14:20:39	1259	2522	5	0	0	7.75	32	0	0	0	32	0	0	5	32	0	0	0	32	0	0	2.381		100.028	88.1787	0.0797809	0	0.797589	0.0768663	13.7814	1		0.0088623	12.0705	46.6143	0	0	0	
2024-06-16 14:20:23	1257	2523	1	0	0	7.75	32	0	0	0	32	0	0	3.75	32	0	0	0	32	0	0	3.464		100.026	85.9386	0.056162	0	0.561474	0.154858	14.1114	1		0.0088623	12.0705	46.4844	0	0	0	
2024-06-16 14:29:14	1318	2524	1	0	0	1.25	6	0	0	6.5	6	0	0	3	6	0	0	4.75	6	0	0	0.908		100.038	20.0248	0.106864	0	1.06824	0.751038	11.7459	1		0	12.0705	46.7443	0	0	0	
2024-06-16 14:17:13	1237	2525	1	0	0	6	25	0	0	0	25	0	0	1	25	0	0	0	25	0	0	4.33		100.023	86.5418	0.0559696	0	0.559567	0.00257739	17.5793	1		0.0088623	12.0705	46.4844	0	0	0	
2024-06-16 14:13:15	1210	2526	1	0	0	4	17	0	0	0	17	0	0	3.25	17	0	0	0	17	0	0	0.649		100.026	88.4759	0.330975	0	3.3089	0.236041	15.5928	1		0	12.0705	47.1341	0	0	0	
2024-06-16 14:05:35	1158	2527	1	0	0	0	1	0	0	0	1	0	0	0.75	1	0	0	0	1	0	0	0.649		100.043	89.5551	0.312677	0	3.12544	0.123503	14.7283	1		0.0088623	12.0705	50.7726	0	0	0	
2024-06-16 14:28:43	1315	2528	1	0	0	3.5	15	0	0	4.25	15	0	0	3.75	15	0	0	4	15	0	0	0.13		100.038	19.1368	0.555862	0	5.55653	0.866072	8.72818	1		0.0088623	12.0705	46.7443	0	0	0	
2024-06-16 14:08:59	1181	2529	9	0	0	2	9	0	0	0	9	0	0	5	9	0	0	0	9	0	0	2.598		100.039	90.6284	0.0770682	0	0.770381	0.0570663	14.5213	1		0	12.0705	48.3036	0	0	0	
2024-06-16 14:08:50	1180	2530	1	0	0	2	9	0	0	0	9	0	0	3.75	9	0	0	0	9	0	0	1.515		100.037	91.6169	0.129752	0	1.29704	0.182503	14.2617	1		0	12.0705	48.4336	0	0	0	
2024-06-16 14:19:01	1248	2531	1	0	0	7	29	0	0	0	29	0	0	2.75	29	0	0	0	29	0	0	3.68		100.024	87.1142	0.056058	0	0.560447	0.390497	14.9659	1		0.0088623	12.0616	46.6143	0	0	0	
2024-06-16 14:19:01	1248	2532	5	0	0	7	29	0	0	0	29	0	0	2.25	29	0	0	0	29	0	0	4.113		100.024	87.1142	0.0516091	0	0.515968	0.458435	15.3991	1		0.0088623	12.0616	46.6143	0	0	0	
2024-06-16 14:05:24	1157	2533	9	0	0	0	1	0	0	0	1	0	0	7.75	1	0	0	0	1	0	0	6.711		100.038	88.5291	0.0352808	0	0.352675	0.0584604	17.1734	2		0.0088623	12.0705	50.7726	0	0	0	
2024-06-16 14:05:35	1158	2534	9	0	0	0	1	0	0	0	1	0	0	6.5	1	0	0	0	1	0	0	5.628		100.043	89.5551	0.041984	0	0.419661	0.120234	17.1393	1		0.0088623	12.0705	50.7726	0	0	0	
2024-06-16 14:14:41	1220	2535	1	0	0	5	21	0	0	0	21	0	0	0.75	21	0	0	0	21	0	0	3.68		100.028	87.9967	0.0587817	0	0.587651	0.0173406	15.6924	1		0	12.0705	46.8742	0	0	0	
2024-06-16 14:14:33	1219	2536	5	0	0	5	21	0	0	0	21	0	0	7.25	21	0	0	0	21	0	0	1.948		100.027	88.1283	0.113916	0	1.13885	0.712617	16.1001	1		0	12.0705	46.8742	0	0	0	
2024-06-16 14:27:37	1307	2537	9	0	0	5.75	24	0	0	0	24	0	0	4	24	0	0	0	24	0	0	1.515		100.024	83.7605	0.130344	0	1.30313	0.146062	14.3287	1		0.0088623	12.0705	46.6143	0	0	0	
2024-06-16 14:24:11	1283	2538	9	0	0	4.5	19	0	0	0	19	0	0	5.25	19	0	0	0	19	0	0	0.649		100.022	85.1184	0.329477	0	3.29404	0.253675	15.5228	1		0	12.0705	46.3544	0	0	0	
2024-06-16 14:28:52	1316	2539	1	0	0	2.75	12	0	0	5	12	0	0	3.5	12	0	0	4.25	12	0	0	0.389		100.033	19.9599	0.317644	0	3.17538	0.206369	14.9636	2		0.0088623	12.0705	46.7443	0	0	0	
2024-06-16 14:10:01	1188	2540	1	0	0	2	9	0	0	0	9	0	0	0.5	9	0	0	0	9	0	0	1.299		100.04	92.5175	0.14199	0	1.41934	0.135733	13.3769	1		0.0088623	12.0705	48.0437	0	0	0	
2024-06-16 14:22:51	1274	2541	9	0	0	0.5	3	0	0	0	3	0	0	7.25	3	0	0	0	3	0	0	5.845		100.025	84.0569	0.0613966	0	0.613814	0.56378	26.0328	2		0.0088623	12.0705	46.3544	0	0	0	
2024-06-16 14:13:05	1209	2542	5	0	0	4	17	0	0	0	17	0	0	7.25	17	0	0	0	17	0	0	2.814		100.027	90.3912	0.0767838	0	0.767631	0.372664	15.6753	1		0.0088623	12.0705	47.264	0	0	0	
2024-06-16 14:10:45	1193	2543	9	0	0	3	13	0	0	0	13	0	0	5.75	13	0	0	0	13	0	0	2.381		100.034	90.8179	0.0809298	0	0.809026	0.0942857	13.979	1		0.0088623	12.0705	47.7838	0	0	0	
2024-06-16 14:11:10	1196	2544	9	0	0	3	13	0	0	0	13	0	0	4.5	13	0	0	0	13	0	0	1.299		100.035	92.6401	0.148961	0	1.48909	0.2563	14.0344	1		0.0088623	12.0705	47.6539	0	0	0	
2024-06-16 14:17:55	1241	2545	9	0	0	7	29	0	0	0	29	0	0	6.75	29	0	0	0	29	0	0	0.216		100.023	84.6802	0.791381	0	7.91196	0.155385	12.4281	2		0.0088623	12.0705	46.6143	0	0	0	
2024-06-16 14:07:13	1169	2546	5	0	0	1	5	0	0	0	5	0	0	7.5	5	0	0	0	5	0	0	5.628		100.036	90.4297	0.0417194	0	0.417046	0.0764619	17.0325	1		0.0088623	12.0705	49.3432	0	0	0	
2024-06-16 14:07:22	1170	2547	9	0	0	1	5	0	0	0	5	0	0	6.25	5	0	0	0	5	0	0	4.546		100.036	88.5435	0.0529751	0	0.529559	0.115735	17.4684	2		0.0088623	12.0616	49.2132	0	0	0	
2024-06-16 14:15:49	1228	2548	9	0	0	6	25	0	0	0	25	0	0	5.25	25	0	0	0	25	0	0	0.649		100.02	87.0681	0.33442	0	3.34353	0.310054	15.756	2		0	12.0705	46.7443	0	0	0	
2024-06-16 14:16:57	1235	2549	5	0	0	6	25	0	0	0	25	0	0	4	25	0	0	0	25	0	0	1.732		100.022	87.0474	0.113639	0	1.13613	0.112888	14.2771	1		0.0088623	12.0705	46.4844	0	0	0	
2024-06-16 14:15:33	1226	2550	5	0	0	5	21	0	0	0	21	0	0	2.5	21	0	0	0	21	0	0	2.165		100.023	90.8179	0.0928084	0	0.927874	0.768358	14.575	1		0.0088623	12.0616	46.8742	0	0	0	
2024-06-16 14:07:33	1171	2551	1	0	0	1	5	0	0	0	5	0	0	0.25	5	0	0	0	5	0	0	0.649		100.034	89.5085	0.313704	0	3.13597	0.184528	14.7779	1		0.0088623	12.0705	49.0833	0	0	0	
2024-06-16 14:13:39	1213	2552	1	0	0	4	17	0	0	0	17	0	0	0.5	17	0	0	0	17	0	0	3.031		100.03	90.2718	0.0667028	0	0.666827	0.0263456	14.6643	1		0	12.0616	47.1341	0	0	0	
2024-06-16 14:20:56	1261	2553	1	0	0	7.75	32	0	0	0	32	0	0	3	32	0	0	0	32	0	0	4.113		100.026	88.1098	0.0478552	0	0.478427	0.248579	14.2787	1		0.0088623	12.0705	46.6143	0	0	0	
2024-06-16 14:16:48	1234	2554	1	0	0	6	25	0	0	0	25	0	0	0.25	25	0	0	0	25	0	0	4.979		100.026	87.2604	0.0470603	0	0.470483	0.00507688	16.9977	1		0.0088623	12.0705	46.6143	0	0	0	
2024-06-16 14:25:20	1291	2555	1	0	0	5.25	22	0	0	0	22	0	0	2.5	22	0	0	0	22	0	0	2.381		100.022	85.2694	0.0924203	0	0.923996	0.569703	15.9655	1		0	12.0705	46.6143	0	0	0	
2024-06-16 14:13:32	1212	2556	1	0	0	4	17	0	0	0	17	0	0	2.5	17	0	0	0	17	0	0	1.299		100.027	88.8459	0.148402	0	1.48362	0.21715	13.9828	1		0.0088623	12.0616	46.8742	0	0	0	
2024-06-16 14:09:35	1185	2557	1	0	0	2	9	0	0	0	9	0	0	3	9	0	0	0	9	0	0	0.866		100.035	89.8604	0.228112	0	2.28033	0.242669	14.3277	1		0.0088623	12.0705	48.1737	0	0	0	
2024-06-16 14:17:55	1241	2558	1	0	0	7	29	0	0	0	29	0	0	1.5	29	0	0	0	29	0	0	4.762		100.023	84.6802	0.0477813	0	0.477701	0.162266	16.5082	2		0.0088623	12.0705	46.6143	0	0	0	
2024-06-16 14:05:43	1159	2559	9	0	0	0	1	0	0	0	1	0	0	5.75	1	0	0	0	1	0	0	4.979		100.042	90.1026	0.0462089	0	0.461894	0.108946	16.6874	1		0.0088623	12.0705	50.5127	0	0	0	
2024-06-16 14:04:59	1155	2560	9	0	0	0	1	0	0	0	1	0	0	4.5	1	0	0	0	1	0	0	3.897		100.041	84.9483	0.0542024	0	0.541802	0.0164216	15.3191	2		0.0088623	12.0793	51.2924	0	0	0	
2024-06-16 14:14:06	1216	2561	1	0	0	5	21	0	0	0	21	0	0	0	21	0	0	0	21	0	0	4.33		100.023	88.5711	0.0508388	0	0.508273	0.362071	15.9679	1		0.0088623	12.0705	46.8742	0	0	0	
2024-06-16 14:21:04	1262	2562	5	0	0	7.75	32	0	0	0	32	0	0	2.25	32	0	0	0	32	0	0	4.762		100.027	88.6173	0.0427187	0	0.427071	0.0406763	14.7585	1		0.0088623	12.0616	46.3544	0	0	0	
2024-06-16 14:14:50	1221	2563	5	0	0	5	21	0	0	0	21	0	0	7.75	21	0	0	0	21	0	0	2.381		100.023	87.907	0.0823666	0	0.823478	0.00723502	14.2287	1		0.0088623	12.0705	46.7443	0	0	0	
2024-06-16 14:14:59	1222	2564	9	0	0	5	21	0	0	0	21	0	0	6.5	21	0	0	0	21	0	0	1.299		100.024	87.7946	0.160079	0	1.6004	0.125734	15.0834	1		0.0088623	12.0705	46.6143	0	0	0	
2024-06-16 14:11:37	1199	2565	5	0	0	3	13	0	0	0	13	0	0	2	13	0	0	0	13	0	0	0.866		100.032	89.8003	0.22668	0	2.26608	0.246952	14.2382	1		0.0088623	12.0705	47.394	0	0	0	
2024-06-16 14:25:01	1289	2566	1	0	0	4.5	19	0	0	0	19	0	0	3.25	19	0	0	0	19	0	0	1.082		100.028	84.3056	0.184676	0	1.84623	0.195948	14.5003	1		0.0088623	12.0705	46.3544	0	0	0	
2024-06-16 14:19:56	1254	2567	9	0	0	7.75	32	0	0	0	32	0	0	7	32	0	0	0	32	0	0	0.649		100.028	85.5283	0.337525	0	3.37431	0.32355	15.9011	1		0.0088623	12.0705	46.4844	0	0	0	
2024-06-16 14:27:29	1306	2568	9	0	0	5.5	23	0	0	0	23	0	0	4.25	23	0	0	0	23	0	0	1.082		100.023	83.9124	0.190037	0	1.89992	0.282864	14.9219	1		0	12.0705	46.4844	0	0	0	
2024-06-16 14:26:05	1296	2569	1	0	0	6.75	28	0	0	0	28	0	0	1	28	0	0	0	28	0	0	4.979		100.028	85.4364	0.0512082	0	0.511937	0.356529	18.4954	1		0	12.0705	46.4844	0	0	0	
2024-06-16 14:24:19	1284	2570	9	0	0	4.25	18	0	0	0	18	0	0	5.5	18	0	0	0	18	0	0	1.082		100.025	85.1568	0.191473	0	1.91425	0.112486	15.0345	1		0.0088623	12.0705	46.3544	0	0	0	
2024-06-16 14:13:15	1210	2571	5	0	0	4	17	0	0	0	17	0	0	7.75	17	0	0	0	17	0	0	3.247		100.026	88.4759	0.0613396	0	0.613239	0.210432	14.4491	1		0	12.0705	47.1341	0	0	0	
2024-06-16 14:12:50	1207	2572	5	0	0	4	17	0	0	0	17	0	0	6.5	17	0	0	0	17	0	0	2.165		100.026	88.1994	0.0919821	0	0.919578	0.0238066	14.4447	1		0	12.0705	47.1341	0	0	0	
2024-06-16 14:10:36	1192	2573	5	0	0	3	13	0	0	0	13	0	0	5	13	0	0	0	13	0	0	1.732		100.029	90.5324	0.110181	0	1.10149	0.167278	13.8417	1		0.0088623	12.0705	47.7838	0	0	0	
2024-06-16 14:11:54	1201	2574	1	0	0	3	13	0	0	0	13	0	0	3.75	13	0	0	0	13	0	0	0.649		100.028	89.7839	0.320017	0	3.19926	0.335213	15.0762	1		0.0088623	12.0705	47.394	0	0	0	
2024-06-16 14:09:35	1185	2575	9	0	0	2	9	0	0	0	9	0	0	7	9	0	0	0	9	0	0	4.33		100.035	89.8604	0.0503272	0	0.503097	0.168618	15.8053	1		0.0088623	12.0705	48.1737	0	0	0	
2024-06-16 14:17:55	1241	2576	5	0	0	7	29	0	0	0	29	0	0	6	29	0	0	0	29	0	0	0.866		100.023	84.6802	0.252267	0	2.52208	0.135731	15.8467	2		0.0088623	12.0705	46.6143	0	0	0	
2024-06-16 14:18:43	1246	2577	9	0	0	7	29	0	0	0	29	0	0	4.75	29	0	0	0	29	0	0	1.948		100.022	87.0964	0.101492	0	1.01469	0.0832071	14.3449	1		0.0088623	12.0616	46.3544	0	0	0	
2024-06-16 14:07:51	1173	2578	5	0	0	1	5	0	0	0	5	0	0	5.5	5	0	0	0	5	0	0	3.897		100.031	89.6706	0.0611321	0	0.611129	0.161177	17.2793	1		0	12.0705	48.9533	0	0	0	
2024-06-16 14:06:55	1167	2579	9	0	0	1	5	0	0	0	5	0	0	4.25	5	0	0	0	5	0	0	2.814		100.038	90.3698	0.0723772	0	0.723497	0.0230928	14.7741	1		0.0088623	12.0705	49.4731	0	0	0	
2024-06-16 14:17:13	1237	2580	5	0	0	6	25	0	0	0	25	0	0	3.25	25	0	0	0	25	0	0	2.381		100.023	86.5418	0.0827065	0	0.826874	0.161668	14.2873	1		0.0088623	12.0705	46.4844	0	0	0	
2024-06-16 14:23:27	1278	2581	1	0	0	0.25	2	0	0	0	2	0	0	1.5	2	0	0	0	2	0	0	1.082		100.032	87.11	0.172907	0	1.72852	0.61929	13.5758	1		0.0088623	12.0705	46.6143	0	0	0	
2024-06-16 14:18:06	1242	2582	1	0	0	7	29	0	0	0	29	0	0	0.75	29	0	0	0	29	0	0	5.412		100.025	84.2603	0.0438353	0	0.438242	0.109717	17.2097	2		0.0088623	12.0705	46.4844	0	0	0	
2024-06-16 14:06:09	1162	2583	9	0	0	0	1	0	0	0	1	0	0	5	1	0	0	0	1	0	0	4.33		100.041	91.1487	0.0506458	0	0.506251	0.23436	15.9043	1		0.0088623	12.0705	50.1229	0	0	0	
2024-06-16 14:06:46	1166	2584	1	0	0	0	1	0	0	0	1	0	0	3.75	1	0	0	0	1	0	0	3.247		100.036	90.2454	0.0622369	0	0.622142	0.416623	14.6589	1		0.0088623	12.0705	49.733	0	0	0	
2024-06-16 14:27:53	1309	2585	9	0	0	7.5	31	0	0	0	31	0	0	6.25	31	0	0	0	31	0	0	1.082		100.027	87.0305	0.186927	0	1.86875	0.0928282	14.6772	1		0.0088623	12.0616	46.7443	0	0	0	
2024-06-16 14:24:45	1287	2586	9	0	0	6.25	26	0	0	0	26	0	0	7.5	26	0	0	0	26	0	0	1.082		100.026	85.284	0.189488	0	1.89439	0.103808	14.8785	1		0	12.0705	46.4844	0	0	0	
2024-06-16 14:16:01	1229	2587	9	0	0	6	25	0	0	0	25	0	0	7.25	25	0	0	0	25	0	0	1.082		100.023	85.9338	0.222454	0	2.22403	0.390321	17.4675	2		0.0088623	12.0705	46.7443	0	0	0	
2024-06-16 14:20:48	1260	2588	1	0	0	7.75	32	0	0	0	32	0	0	1.5	32	0	0	0	32	0	0	5.412		100.026	86.5174	0.0393396	0	0.393294	0.096207	15.4446	1		0.0088623	12.0705	46.3544	0	0	0	
2024-06-16 14:14:59	1222	2589	5	0	0	5	21	0	0	0	21	0	0	5.75	21	0	0	0	21	0	0	0.649		100.024	87.7946	0.335702	0	3.3562	0.29203	15.8157	1		0.0088623	12.0705	46.6143	0	0	0	
2024-06-16 14:14:23	1218	2590	9	0	0	5	21	0	0	0	21	0	0	4.5	21	0	0	0	21	0	0	0.433		100.024	88.1932	0.47277	0	4.72656	0.517393	14.8489	1		0.0088623	12.0705	46.8742	0	0	0	
2024-06-16 14:11:45	1200	2591	5	0	0	3	13	0	0	0	13	0	0	1.25	13	0	0	0	13	0	0	1.515		100.03	89.5245	0.12042	0	1.20384	0.175202	13.2369	1		0.0088623	12.0705	47.394	0	0	0	
2024-06-16 14:08:07	1175	2592	5	0	0	1	5	0	0	0	5	0	0	2.25	5	0	0	0	5	0	0	1.082		100.036	92.1519	0.171677	0	1.71615	0.0960584	13.4786	1		0.0088623	12.0705	48.9533	0	0	0	
2024-06-16 14:23:19	1277	2593	1	0	0	0.5	3	0	0	0	3	0	0	1.25	3	0	0	0	3	0	0	0.649		100.026	85.7034	0.308924	0	3.08844	0.265913	14.5539	1		0.0088623	12.0705	46.3544	0	0	0	
2024-06-16 14:21:58	1268	2594	9	0	0	2.5	11	0	0	0	11	0	0	5.25	11	0	0	0	11	0	0	2.381		100.024	85.6499	0.0915211	0	0.914995	0.44094	15.81	1		0	12.0705	46.4844	0	0	0	
2024-06-16 14:19:44	1253	2595	5	0	0	7.75	32	0	0	0	32	0	0	7.5	32	0	0	0	32	0	0	0.216		100.024	85.0828	0.836343	0	8.3614	0.11613	13.1341	2		0	12.0705	46.6143	0	0	0	
2024-06-16 14:19:56	1254	2596	5	0	0	7.75	32	0	0	0	32	0	0	6.25	32	0	0	0	32	0	0	1.299		100.028	85.5283	0.157214	0	1.57171	0.22369	14.813	1		0.0088623	12.0705	46.4844	0	0	0	
2024-06-16 14:24:53	1288	2597	1	0	0	4.25	18	0	0	0	18	0	0	3.5	18	0	0	0	18	0	0	0.649		100.025	85.1975	0.331938	0	3.31854	0.183176	15.6383	1		0.0088623	12.0705	46.3544	0	0	0	
2024-06-16 14:16:22	1231	2598	1	0	0	6	25	0	0	0	25	0	0	2.25	25	0	0	0	25	0	0	3.247		100.025	87.2121	0.0637267	0	0.637111	0.0118957	15.0116	1		0.0088623	12.0705	46.6143	0	0	0	
2024-06-16 14:27:20	1305	2599	9	0	0	5.25	22	0	0	0	22	0	0	4.5	22	0	0	0	22	0	0	0.649		100.02	84.2353	0.328844	0	3.28779	0.148611	15.4933	1		0.0088623	12.0705	46.6143	0	0	0	
2024-06-16 14:12:50	1207	2600	9	0	0	4	17	0	0	0	17	0	0	5.75	17	0	0	0	17	0	0	1.515		100.026	88.1994	0.131465	0	1.3143	0.0822281	14.4515	1		0	12.0705	47.1341	0	0	0	
2024-06-16 14:12:11	1203	2601	5	0	0	4	17	0	0	0	17	0	0	4.5	17	0	0	0	17	0	0	0.433		100.029	87.8025	0.511074	0	5.10926	0.259803	16.0512	2		0.0088623	12.0616	47.264	0	0	0	
2024-06-16 14:06:37	1165	2602	5	0	0	0	1	0	0	0	1	0	0	2	1	0	0	0	1	0	0	1.732		100.038	90.271	0.129981	0	1.29932	0.380364	16.3278	1		0	12.0705	49.6031	0	0	0	
2024-06-16 14:09:44	1186	2603	5	0	0	2	9	0	0	0	9	0	0	7.5	9	0	0	0	9	0	0	4.762		100.033	89.9622	0.0464421	0	0.464269	0.522443	16.044	1		0.0088623	12.0705	48.1737	0	0	0	
2024-06-16 14:09:44	1186	2604	9	0	0	2	9	0	0	0	9	0	0	6.25	9	0	0	0	9	0	0	3.68		100.033	89.9622	0.0586606	0	0.586414	0.143975	15.6593	1		0.0088623	12.0705	48.1737	0	0	0	
2024-06-16 14:18:35	1245	2605	9	0	0	7	29	0	0	0	29	0	0	5.25	29	0	0	0	29	0	0	1.515		100.024	88.3299	0.131991	0	1.3196	0.00599378	14.5097	1		0.0088623	12.0705	46.6143	0	0	0	
2024-06-16 14:18:27	1244	2606	5	0	0	7	29	0	0	0	29	0	0	4	29	0	0	0	29	0	0	2.598		100.026	85.7653	0.0761549	0	0.761354	0.0930243	14.3512	1		0	12.0705	46.6143	0	0	0	
2024-06-16 14:08:07	1175	2607	1	0	0	1	5	0	0	0	5	0	0	3.5	5	0	0	0	5	0	0	2.165		100.036	92.1519	0.0852113	0	0.851803	0.222511	13.3801	1		0.0088623	12.0705	48.9533	0	0	0	
2024-06-16 14:17:31	1239	2608	5	0	0	6	25	0	0	0	25	0	0	2.5	25	0	0	0	25	0	0	3.031		100.024	86.0841	0.0724413	0	0.724241	0.0500801	15.9269	2		0	12.0705	46.3544	0	0	0	
2024-06-16 14:27:11	1304	2609	1	0	0	3.75	16	0	0	0	16	0	0	2	16	0	0	0	16	0	0	1.515		100.021	84.3688	0.127829	0	1.27802	0.0697075	14.0526	1		0	12.0705	46.6143	0	0	0	
2024-06-16 14:15:33	1226	2610	1	0	0	5	21	0	0	0	21	0	0	2	21	0	0	0	21	0	0	2.598		100.023	90.8179	0.076688	0	0.766707	0.255409	14.4521	1		0.0088623	12.0616	46.8742	0	0	0	
2024-06-16 14:10:11	1189	2611	1	0	0	2	9	0	0	0	9	0	0	1.75	9	0	0	0	9	0	0	0.216		100.033	90.8144	0.730641	0	7.30403	0.317439	11.4731	1		0	12.0705	47.9138	0	0	0	
2024-06-16 14:18:27	1244	2612	1	0	0	7	29	0	0	0	29	0	0	0	29	0	0	0	29	0	0	6.061		100.026	85.7653	0.0401423	0	0.40132	0.394158	17.651	1		0	12.0705	46.6143	0	0	0	
2024-06-16 14:06:37	1165	2613	1	0	0	0	1	0	0	0	1	0	0	3	1	0	0	0	1	0	0	2.598		100.038	90.271	0.0758768	0	0.758481	0.0349634	14.297	1		0	12.0705	49.6031	0	0	0	
2024-06-16 14:10:36	1192	2614	9	0	0	3	13	0	0	0	13	0	0	7	13	0	0	0	13	0	0	3.464		100.029	90.5324	0.0595143	0	0.594969	0.218926	14.9532	1		0.0088623	12.0705	47.7838	0	0	0	
2024-06-16 14:16:22	1231	2615	5	0	0	6	25	0	0	0	25	0	0	7.75	25	0	0	0	25	0	0	1.515		100.025	87.2121	0.135909	0	1.35876	0.1661	14.9403	1		0.0088623	12.0705	46.6143	0	0	0	
2024-06-16 14:16:39	1233	2616	9	0	0	6	25	0	0	0	25	0	0	6.5	25	0	0	0	25	0	0	0.433		100.019	88.0596	0.512867	0	5.12767	0.472448	16.1091	1		0.0088623	12.0705	46.6143	0	0	0	
2024-06-16 14:20:05	1255	2617	1	0	0	7.75	32	0	0	0	32	0	0	0.75	32	0	0	0	32	0	0	6.061		100.024	86.0894	0.0366149	0	0.366059	0.0846887	16.1001	1		0	12.0705	46.4844	0	0	0	
2024-06-16 14:15:15	1224	2618	1	0	0	5	21	0	0	0	21	0	0	3.75	21	0	0	0	21	0	0	1.082		100.025	90.5006	0.187162	0	1.87115	0.243142	14.696	1		0	12.0705	46.7443	0	0	0	
2024-06-16 14:11:45	1200	2619	1	0	0	3	13	0	0	0	13	0	0	0.5	13	0	0	0	13	0	0	2.165		100.03	89.5245	0.0870914	0	0.870655	0.114995	13.6762	1		0.0088623	12.0705	47.394	0	0	0	
2024-06-16 14:07:13	1169	2620	1	0	0	1	5	0	0	0	5	0	0	1.5	5	0	0	0	5	0	0	0.433		100.036	90.4297	0.454968	0	4.54807	0.225253	14.2882	1		0.0088623	12.0705	49.3432	0	0	0	
2024-06-16 14:29:03	1317	2621	1	0	0	2	9	0	0	5.75	9	0	0	3.25	9	0	0	4.5	9	0	0	0.649		100.034	19.8852	0.171526	0	1.71467	0.122638	13.467	2		0.0088623	12.0705	46.7443	0	0	0	
2024-06-16 14:13:48	1214	2622	5	0	0	4	17	0	0	0	17	0	0	1.75	17	0	0	0	17	0	0	1.948		100.025	90.559	0.0957377	0	0.957135	0.0169274	13.5312	1		0.0088623	12.0705	47.1341	0	0	0	
2024-06-16 14:23:45	1280	2623	1	0	0	2.5	11	0	0	0	11	0	0	3.25	11	0	0	0	11	0	0	0.649		100.024	85.2961	0.308621	0	3.08546	0.420205	14.5399	1		0.0088623	12.0705	46.3544	0	0	0	
2024-06-16 14:20:23	1257	2624	5	0	0	7.75	32	0	0	0	32	0	0	5.5	32	0	0	0	32	0	0	1.948		100.026	85.9386	0.100069	0	1.00043	0.149675	14.1432	1		0.0088623	12.0705	46.4844	0	0	0	
2024-06-16 14:20:14	1256	2625	9	0	0	7.75	32	0	0	0	32	0	0	4.25	32	0	0	0	32	0	0	3.031		100.025	85.8047	0.0637408	0	0.637246	0.0726531	14.0138	1		0	12.0705	46.3544	0	0	0	
2024-06-16 14:17:22	1238	2626	1	0	0	6	25	0	0	0	25	0	0	1.5	25	0	0	0	25	0	0	3.897		100.028	89.1103	0.0572681	0	0.572523	0.319025	16.1877	1		0	12.0616	46.7443	0	0	0	
2024-06-16 14:12:32	1205	2627	5	0	0	4	17	0	0	0	17	0	0	5	17	0	0	0	17	0	0	0.866		100.03	87.3972	0.247903	0	2.47828	0.249672	15.5715	1		0.0088623	12.0705	47.264	0	0	0	
2024-06-16 14:12:23	1204	2628	1	0	0	4	17	0	0	0	17	0	0	3.75	17	0	0	0	17	0	0	0.216		100.029	88.4532	0.826509	0	8.26268	0.327166	12.979	1		0.0088623	12.0705	47.1341	0	0	0	
2024-06-16 14:06:09	1162	2629	1	0	0	0	1	0	0	0	1	0	0	1.25	1	0	0	0	1	0	0	1.082		100.041	91.1487	0.173684	0	1.73613	0.0280757	13.6355	1		0.0088623	12.0705	50.1229	0	0	0	
2024-06-16 14:09:17	1183	2630	5	0	0	2	9	0	0	0	9	0	0	5.5	9	0	0	0	9	0	0	3.031		100.037	89.8258	0.1047	0	1.04662	0.68393	23.0163	1		0	12.0705	48.3036	0	0	0	
2024-06-16 14:09:07	1182	2631	9	0	0	2	9	0	0	0	9	0	0	4.25	9	0	0	0	9	0	0	1.948		100.035	90.3945	0.0991319	0	0.99097	0.0584364	14.0095	1		0.0088623	12.0705	48.3036	0	0	0	
2024-06-16 14:18:35	1245	2632	1	0	0	7	29	0	0	0	29	0	0	3.25	29	0	0	0	29	0	0	3.247		100.024	88.3299	0.0619091	0	0.618943	0.232124	14.5835	1		0.0088623	12.0705	46.6143	0	0	0	
2024-06-16 14:08:25	1177	2633	1	0	0	1	5	0	0	0	5	0	0	2.75	5	0	0	0	5	0	0	1.515		100.034	90.9865	0.120293	0	1.20252	0.0526386	13.2224	1		0.0088623	12.0705	48.6935	0	0	0	
2024-06-16 14:05:15	1156	2634	5	0	0	0	1	0	0	0	1	0	0	7	1	0	0	0	1	0	0	6.061		100.04	88.476	0.0396947	0	0.396789	0.417759	17.4517	1		0.0088623	12.0705	51.1624	0	0	0	
2024-06-16 14:15:41	1227	2635	5	0	0	5	21	0	0	0	21	0	0	1.25	21	0	0	0	21	0	0	3.247		100.026	90.4813	0.0668467	0	0.668292	0.634108	15.7463	1		0.0088623	12.0705	46.7443	0	0	0	
2024-06-16 14:10:11	1189	2636	5	0	0	2	9	0	0	0	9	0	0	1	9	0	0	0	9	0	0	0.866		100.033	90.8144	0.217684	0	2.17613	0.0844504	13.673	1		0	12.0705	47.9138	0	0	0	
2024-06-16 14:11:19	1197	2637	5	0	0	3	13	0	0	0	13	0	0	7.5	13	0	0	0	13	0	0	3.897		100.03	90.5495	0.0533441	0	0.533279	0.246262	15.0781	1		0	12.0705	47.394	0	0	0	
2024-06-16 14:11:02	1195	2638	9	0	0	3	13	0	0	0	13	0	0	6.25	13	0	0	0	13	0	0	2.814		100.029	89.8605	0.0724454	0	0.724245	0.0498148	14.7893	1		0	12.0705	47.6539	0	0	0	
2024-06-16 14:18:06	1242	2639	5	0	0	7	29	0	0	0	29	0	0	7.25	29	0	0	0	29	0	0	0.216		100.025	84.2603	0.733197	0	7.33011	0.203016	11.5141	2		0.0088623	12.0705	46.4844	0	0	0	
2024-06-16 14:06:55	1167	2640	5	0	0	1	5	0	0	0	5	0	0	6.75	5	0	0	0	5	0	0	4.979		100.038	90.3698	0.0505071	0	0.504878	0.431736	18.2404	1		0.0088623	12.0705	49.4731	0	0	0	
2024-06-16 14:16:30	1232	2641	9	0	0	6	25	0	0	0	25	0	0	5.75	25	0	0	0	25	0	0	0.216		100.025	89.5102	0.806424	0	8.06222	0.482588	12.6641	1		0.0088623	12.0705	46.7443	0	0	0	
2024-06-16 14:16:30	1232	2642	5	0	0	6	25	0	0	0	25	0	0	4.5	25	0	0	0	25	0	0	1.299		100.025	89.5102	0.156232	0	1.56193	0.277183	14.7208	1		0.0088623	12.0705	46.7443	0	0	0	
2024-06-16 14:19:56	1254	2643	1	0	0	7.75	32	0	0	0	32	0	0	0	32	0	0	0	32	0	0	6.711		100.028	85.5283	0.0341569	0	0.341475	0.0893365	16.628	1		0.0088623	12.0705	46.4844	0	0	0	
2024-06-16 14:14:15	1217	2644	1	0	0	5	21	0	0	0	21	0	0	3	21	0	0	0	21	0	0	1.732		100.028	88.1561	0.108736	0	1.08705	0.0523103	13.6603	1		0	12.0705	46.8742	0	0	0	
2024-06-16 14:08:16	1176	2645	1	0	0	1	5	0	0	0	5	0	0	0.75	5	0	0	0	5	0	0	0.216		100.035	92.8032	0.754745	0	7.54481	0.243144	11.8514	1		0.0088623	12.0705	48.8234	0	0	0	
2024-06-16 14:25:40	1293	2646	1	0	0	5.75	24	0	0	0	24	0	0	2	24	0	0	0	24	0	0	3.247		100.027	84.0763	0.0659453	0	0.659272	0.124765	15.5337	1		0.0088623	12.0616	46.3544	0	0	0	
2024-06-16 14:13:39	1213	2647	5	0	0	4	17	0	0	0	17	0	0	1	17	0	0	0	17	0	0	2.598		100.03	90.2718	0.0733283	0	0.733062	0.0867381	13.8179	1		0	12.0616	47.1341	0	0	0	
2024-06-16 14:20:39	1259	2648	1	0	0	7.75	32	0	0	0	32	0	0	3.5	32	0	0	0	32	0	0	3.68		100.028	88.1787	0.0524025	0	0.523881	0.00987215	13.9895	1		0.0088623	12.0705	46.6143	0	0	0	
2024-06-16 14:17:05	1236	2649	1	0	0	6	25	0	0	0	25	0	0	0.75	25	0	0	0	25	0	0	4.546		100.025	87.143	0.0521632	0	0.521502	0.0609605	17.2026	1		0	12.0705	46.6143	0	0	0	
2024-06-16 14:12:11	1203	2650	1	0	0	4	17	0	0	0	17	0	0	3	17	0	0	0	17	0	0	0.866		100.029	87.8025	0.235384	0	2.35315	0.844915	14.7853	2		0.0088623	12.0616	47.264	0	0	0	
2024-06-16 14:06:29	1164	2651	5	0	0	0	1	0	0	0	1	0	0	0.5	1	0	0	0	1	0	0	0.433		100.04	89.7787	0.449417	0	4.49237	0.0928756	14.1132	1		0.0088623	12.0705	49.733	0	0	0	
2024-06-16 14:28:10	1311	2652	1	0	0	3.5	15	0	0	4.25	15	0	0	2.75	15	0	0	5	15	0	0	0.389		100.041	19.1274	0.325871	0	3.25737	0.38109	15.35	1		0.0088623	12.0705	46.7443	0	0	0	
2024-06-16 14:09:17	1183	2653	1	0	0	2	9	0	0	0	9	0	0	3.5	9	0	0	0	9	0	0	1.299		100.037	89.8258	0.1482	0	1.48145	0.171775	13.9623	1		0	12.0705	48.3036	0	0	0	
2024-06-16 14:18:52	1247	2654	1	0	0	7	29	0	0	0	29	0	0	2.5	29	0	0	0	29	0	0	3.897		100.025	88.9718	0.0555768	0	0.555631	0.668235	15.7101	1		0.0088623	12.0705	46.6143	0	0	0	
2024-06-16 14:19:09	1249	2655	5	0	0	7	29	0	0	0	29	0	0	2	29	0	0	0	29	0	0	4.33		100.026	86.7033	0.0504606	0	0.504473	0.198454	15.8485	1		0	12.0705	46.4844	0	0	0	
2024-06-16 14:05:35	1158	2656	5	0	0	0	1	0	0	0	1	0	0	7.5	1	0	0	0	1	0	0	6.494		100.043	89.5551	0.0370947	0	0.370789	0.617769	17.473	1		0.0088623	12.0705	50.7726	0	0	0	
2024-06-16 14:06:00	1161	2657	9	0	0	0	1	0	0	0	1	0	0	6.25	1	0	0	0	1	0	0	5.412		100.045	93.4725	0.0436381	0	0.436185	0.0216706	17.1289	1		0.0088623	12.0705	50.3827	0	0	0	
2024-06-16 14:15:24	1225	2658	5	0	0	5	21	0	0	0	21	0	0	0.5	21	0	0	0	21	0	0	3.897		100.021	91.0239	0.0594807	0	0.594684	0.209441	16.8143	1		0.0088623	12.0705	46.8742	0	0	0	
2024-06-16 14:26:29	1299	2659	1	0	0	1.25	6	0	0	0	6	0	0	0.5	6	0	0	0	6	0	0	0.649		100.025	86.9258	0.312563	0	3.12485	0.214404	14.7255	1		0.0088623	12.0705	46.6143	0	0	0	
2024-06-16 14:14:33	1219	2660	9	0	0	5	21	0	0	0	21	0	0	7	21	0	0	0	21	0	0	1.732		100.027	88.1283	0.115471	0	1.15439	0.0379953	14.5065	1		0	12.0705	46.8742	0	0	0	
2024-06-16 14:10:01	1188	2661	5	0	0	2	9	0	0	0	9	0	0	0.25	9	0	0	0	9	0	0	1.515		100.04	92.5175	0.124527	0	1.24477	0.0630647	13.687	1		0.0088623	12.0705	48.0437	0	0	0	
2024-06-16 14:12:58	1208	2662	5	0	0	4	17	0	0	0	17	0	0	7	17	0	0	0	17	0	0	2.598		100.026	87.1107	0.0769946	0	0.769747	0.115359	14.5094	1		0	12.0616	47.1341	0	0	0	
2024-06-16 14:10:27	1191	2663	9	0	0	3	13	0	0	0	13	0	0	5.5	13	0	0	0	13	0	0	2.165		100.031	91.7483	0.0917815	0	0.917528	0.142814	14.4125	1		0	12.0705	47.7838	0	0	0	
2024-06-16 14:11:19	1197	2664	9	0	0	3	13	0	0	0	13	0	0	4.25	13	0	0	0	13	0	0	1.082		100.03	90.5495	0.183223	0	1.83167	0.299609	14.3859	1		0	12.0705	47.394	0	0	0	
2024-06-16 14:18:18	1243	2665	5	0	0	7	29	0	0	0	29	0	0	7.75	29	0	0	0	29	0	0	0.649		100.027	85.7633	0.341825	0	3.41733	0.474349	16.1038	1		0.0088623	12.0616	46.3544	0	0	0	
2024-06-16 14:17:43	1240	2666	9	0	0	7	29	0	0	0	29	0	0	6.5	29	0	0	0	29	0	0	0.433		100.026	85.1165	0.489262	0	4.89135	0.318346	15.3666	2		0	12.0705	46.6143	0	0	0	
2024-06-16 14:07:42	1172	2667	9	0	0	1	5	0	0	0	5	0	0	6	5	0	0	0	5	0	0	4.33		100.034	89.5888	0.0551227	0	0.55104	0.0807617	17.3114	1		0.0088623	12.0705	49.0833	0	0	0	
2024-06-16 14:08:00	1174	2668	5	0	0	1	5	0	0	0	5	0	0	4.75	5	0	0	0	5	0	0	3.247		100.036	89.9962	0.0678185	0	0.677941	0.0781268	15.9736	1		0.0088623	12.0705	48.8234	0	0	0	
2024-06-16 14:24:02	1282	2669	9	0	0	4.75	20	0	0	0	20	0	0	5	20	0	0	0	20	0	0	0.216		100.026	84.875	0.77056	0	7.70359	0.492391	12.1008	1		0.0088623	12.0705	46.3544	0	0	0	
2024-06-16 14:15:49	1228	2670	5	0	0	6	25	0	0	0	25	0	0	5	25	0	0	0	25	0	0	0.866		100.02	87.0681	0.24417	0	2.44121	0.715819	15.3386	2		0	12.0705	46.7443	0	0	0	
2024-06-16 14:16:57	1235	2671	1	0	0	6	25	0	0	0	25	0	0	3.75	25	0	0	0	25	0	0	1.948		100.022	87.0474	0.101382	0	1.0136	0.237362	14.3294	1		0.0088623	12.0705	46.4844	0	0	0	
2024-06-16 14:08:16	1176	2672	5	0	0	1	5	0	0	0	5	0	0	0	5	0	0	0	5	0	0	0.866		100.035	92.8032	0.224398	0	2.2432	0.0227253	14.0944	1		0.0088623	12.0705	48.8234	0	0	0	
2024-06-16 14:22:43	1273	2673	9	0	0	0.75	4	0	0	0	4	0	0	7	4	0	0	0	4	0	0	5.412		100.026	86.0149	0.0433895	0	0.433784	0.313564	17.0347	1		0	12.0705	46.4844	0	0	0	
2024-06-16 14:13:23	1211	2674	5	0	0	4	17	0	0	0	17	0	0	0.25	17	0	0	0	17	0	0	3.247		100.031	90.5165	0.0606236	0	0.606046	0.240638	14.2796	1		0	12.0616	47.1341	0	0	0	
2024-06-16 14:21:14	1263	2675	1	0	0	7.75	32	0	0	0	32	0	0	2.75	32	0	0	0	32	0	0	4.33		100.026	87.4407	0.0466112	0	0.465989	0.0118493	14.6395	1		0.0088623	12.0705	46.3544	0	0	0	
2024-06-16 14:16:30	1232	2676	1	0	0	6	25	0	0	0	25	0	0	0	25	0	0	0	25	0	0	5.195		100.025	89.5102	0.0490926	0	0.490803	0.291344	18.5028	1		0.0088623	12.0705	46.7443	0	0	0	
2024-06-16 14:09:53	1187	2677	1	0	0	2	9	0	0	0	9	0	0	2.75	9	0	0	0	9	0	0	0.649		100.032	90.0157	0.313418	0	3.13317	0.386751	14.7647	1		0	12.0616	48.0437	0	0	0	
2024-06-16 14:17:43	1240	2678	1	0	0	7	29	0	0	0	29	0	0	1.25	29	0	0	0	29	0	0	4.979		100.026	85.1165	0.0478402	0	0.478277	0.233168	17.2794	2		0	12.0705	46.6143	0	0	0	
2024-06-16 14:06:00	1161	2679	5	0	0	0	1	0	0	0	1	0	0	5.5	1	0	0	0	1	0	0	4.762		100.045	93.4725	0.0631627	0	0.631343	0.319543	21.8176	1		0.0088623	12.0705	50.3827	0	0	0	
2024-06-16 14:05:52	1160	2680	9	0	0	0	1	0	0	0	1	0	0	4.25	1	0	0	0	1	0	0	3.68		100.04	90.5353	0.056421	0	0.563983	0.277537	15.0603	1		0.0088623	12.0705	50.2528	0	0	0	
