Time	MeasID	DPID	Channel	A(x)	A(y)	A(z)	A(adr)	B(x)	B(y)	B(z)	B(adr)	M(x)	M(y)	M(z)	M(adr)	N(x)	N(y)	N(z)	N(adr)	F(x)	F(y)	F(z)	Note	I(mA)	Uout(V)	U(V)	SP(V)	R(Ohm)	Var(%)	Rho-a(Ohm-m)	Cycles	IP Delay Window(mV/V)	Pint(V)	Pext(V)	T int(deg C)	T log(deg C)	Latitude	Longitude
2024-06-16 00:17:22	101	1	1	0	0	7.75	32	0	0	0	32	0	0	2	32	0	0	0	32	0	0	4.979		100.01	80.1432	0.0417178	0	0.417135	0.27136	15.0704	1		0	11.9464	44.6651	0	0	0	
2024-06-16 00:12:37	63	2	5	0	0	5	21	0	0	0	21	0	0	7.5	21	0	0	0	21	0	0	2.165		100.007	83.3385	0.0902603	0	0.902537	0.0245389	14.177	1		0.0088623	12.0616	45.3149	0	0	0	
2024-06-16 00:13:07	67	3	9	0	0	5	21	0	0	0	21	0	0	6.25	21	0	0	0	21	0	0	1.082		100.008	81.2794	0.195836	0	1.95821	0.301414	15.3798	1		0	12.0616	45.3149	0	0	0	
2024-06-16 00:09:54	41	4	1	0	0	3	13	0	0	0	13	0	0	1.75	13	0	0	0	13	0	0	1.082		100.014	83.2334	0.17715	0	1.77126	0.308793	13.9114	1		0.0088623	12.0705	46.0945	0	0	0	
2024-06-16 00:17:22	101	5	5	0	0	7.75	32	0	0	0	32	0	0	6.75	32	0	0	0	32	0	0	0.866		100.01	80.1432	0.248817	0	2.48792	0.208656	15.632	1		0	11.9464	44.6651	0	0	0	
2024-06-16 00:23:23	149	6	1	0	0	3.25	14	0	0	0	14	0	0	2.5	14	0	0	0	14	0	0	0.649		100.005	78.3477	0.309142	0	3.09126	0.46887	14.5672	1		0.0088623	12.0616	44.5352	0	0	0	
2024-06-16 00:11:18	53	7	9	0	0	4	17	0	0	0	17	0	0	7.5	17	0	0	0	17	0	0	3.031		100.009	80.9258	0.0658912	0	0.658852	0.156278	14.4889	1		0.0088623	12.0705	45.7047	0	0	0	
2024-06-16 00:11:11	52	8	5	0	0	4	17	0	0	0	17	0	0	6.25	17	0	0	0	17	0	0	1.948		100.012	81.0707	0.102136	0	1.02124	0.219125	14.4375	1		0	12.0705	45.7047	0	0	0	
2024-06-16 00:10:22	45	9	5	0	0	3	13	0	0	0	13	0	0	3.5	13	0	0	0	13	0	0	0.433		100.018	82.18	0.472057	0	4.71973	0.248559	14.8275	1		0	12.0705	45.8346	0	0	0	
2024-06-16 00:08:41	31	10	9	0	0	2	9	0	0	0	9	0	0	6.75	9	0	0	0	9	0	0	4.113		100.014	81.7728	0.0529205	0	0.529132	0.0278462	15.792	1		0.0088623	11.9552	46.7443	0	0	0	
2024-06-16 00:16:10	91	11	5	0	0	7	29	0	0	0	29	0	0	5.75	29	0	0	0	29	0	0	1.082		100.005	80.0713	0.195985	0	1.95976	0.364641	15.3919	1		0.0088623	12.0616	44.7951	0	0	0	
2024-06-16 00:15:38	87	12	9	0	0	7	29	0	0	0	29	0	0	4.5	29	0	0	0	29	0	0	2.165		100.005	79.9905	0.0908738	0	0.908688	0.286353	14.2736	1		0	11.9375	44.925	0	0	0	
2024-06-16 00:06:28	13	13	9	0	0	1	5	0	0	0	5	0	0	5.25	5	0	0	0	5	0	0	3.68		100.025	83.3471	0.0606307	0	0.606154	0.857732	16.1865	1		0	12.0705	48.0437	0	0	0	
2024-06-16 00:06:49	16	14	9	0	0	1	5	0	0	0	5	0	0	4	5	0	0	0	5	0	0	2.598		100.022	83.9661	0.0731237	0	0.731074	0.0962991	13.7804	1		0	12.0705	47.6539	0	0	0	
2024-06-16 00:21:47	137	15	1	0	0	4.75	20	0	0	0	20	0	0	3	20	0	0	0	20	0	0	1.515		100.008	78.502	0.126425	0	1.26415	0.120283	13.9	1		0	12.0616	44.6651	0	0	0	
2024-06-16 00:14:55	81	16	1	0	0	6	25	0	0	0	25	0	0	3	25	0	0	0	25	0	0	2.598		100.013	81.3964	0.0770698	0	0.770596	0.237149	14.5254	1		0.0088623	12.0705	45.055	0	0	0	
2024-06-16 00:09:10	35	17	5	0	0	2	9	0	0	0	9	0	0	2.25	9	0	0	0	9	0	0	0.216		100.016	81.891	0.751515	0	7.51395	0.240611	11.8029	1		0.0088623	11.9552	46.4844	0	0	0	
2024-06-16 00:16:39	95	18	1	0	0	7	29	0	0	0	29	0	0	0.5	29	0	0	0	29	0	0	5.628		100.01	79.8366	0.0441217	0	0.441174	0.0197974	18.0178	1		0.0088623	12.0705	44.7951	0	0	0	
2024-06-16 00:06:18	12	19	1	0	0	0	1	0	0	0	1	0	0	3.5	1	0	0	0	1	0	0	3.031		100.026	82.6003	0.0699927	0	0.699744	0.670906	15.3882	2		0.0088623	11.9464	48.1737	0	0	0	
2024-06-16 00:23:16	148	20	1	0	0	1.75	8	0	0	0	8	0	0	0	8	0	0	0	8	0	0	1.515		100.007	78.1508	0.121899	0	1.2189	0.0478167	13.4025	1		0.0088623	11.9464	44.6651	0	0	0	
2024-06-16 00:14:08	75	21	5	0	0	6	25	0	0	0	25	0	0	7	25	0	0	0	25	0	0	0.866		100.013	81.1551	0.257584	0	2.5755	0.388068	16.1823	1		0	12.0705	45.055	0	0	0	
2024-06-16 00:22:34	142	22	1	0	0	6.5	27	0	0	0	27	0	0	1.25	27	0	0	0	27	0	0	4.546		100.004	78.381	0.0549795	0	0.549774	0.00594464	18.1352	1		0	12.0439	44.2753	0	0	0	
2024-06-16 00:18:07	107	23	5	0	0	7.75	32	0	0	0	32	0	0	1.25	32	0	0	0	32	0	0	5.628		100.007	80.1005	0.0393716	0	0.393689	0.285648	16.0785	1		0.0088623	12.0705	44.7951	0	0	0	
2024-06-16 00:13:24	69	24	5	0	0	5	21	0	0	0	21	0	0	5.5	21	0	0	0	21	0	0	0.433		100.006	80.5802	0.49013	0	4.90102	0.276374	15.397	1		0.0088623	12.0616	45.1849	0	0	0	
2024-06-16 00:12:23	62	25	5	0	0	5	21	0	0	0	21	0	0	4.25	21	0	0	0	21	0	0	0.649		100.01	79.6434	0.330388	0	3.30356	0.145814	15.5676	4		0.0088623	12.0616	45.055	0	0	0	
2024-06-16 00:09:24	37	26	1	0	0	3	13	0	0	0	13	0	0	1	13	0	0	0	13	0	0	1.732		100.017	83.2523	0.105248	0	1.05229	0.613957	13.2235	1		0.0088623	12.0705	46.0945	0	0	0	
2024-06-16 00:07:10	19	27	1	0	0	1	5	0	0	0	5	0	0	2	5	0	0	0	5	0	0	0.866		100.02	82.1339	0.220105	0	2.20062	0.0268491	13.8269	2		0.0088623	12.0705	47.6539	0	0	0	
2024-06-16 00:19:18	117	28	9	0	0	1.75	8	0	0	0	8	0	0	6	8	0	0	0	8	0	0	3.68		100.007	79.531	0.0601392	0	0.601348	0.102185	16.0581	1		0	12.0616	44.5352	0	0	0	
2024-06-16 00:11:33	55	29	1	0	0	4	17	0	0	0	17	0	0	2.25	17	0	0	0	17	0	0	1.515		100.008	81.0536	0.124015	0	1.24005	0.301461	13.635	1		0	12.0616	45.4448	0	0	0	
2024-06-16 00:17:08	99	30	9	0	0	7.75	32	0	0	0	32	0	0	6	32	0	0	0	32	0	0	1.515		100.012	79.9067	0.132384	0	1.32368	0.513881	14.5546	1		0	12.0705	44.7951	0	0	0	
2024-06-16 00:17:52	105	31	9	0	0	7.75	32	0	0	0	32	0	0	4.75	32	0	0	0	32	0	0	2.598		100.008	79.6175	0.0737105	0	0.737044	0.0533709	13.893	1		0.0088623	12.0705	44.6651	0	0	0	
2024-06-16 00:15:17	84	32	1	0	0	6	25	0	0	0	25	0	0	2	25	0	0	0	25	0	0	3.464		100.011	80.1809	0.06413	0	0.641227	0.0103879	16.1158	1		0.0088623	12.0616	44.925	0	0	0	
2024-06-16 00:11:33	55	33	9	0	0	4	17	0	0	0	17	0	0	5.5	17	0	0	0	17	0	0	1.299		100.008	81.0536	0.159065	0	1.59052	0.124722	14.9903	1		0	12.0616	45.4448	0	0	0	
2024-06-16 00:10:57	50	34	5	0	0	4	17	0	0	0	17	0	0	4.25	17	0	0	0	17	0	0	0.216		100.013	81.612	0.855077	0	8.54968	0.0685439	13.4298	1		0.0088623	12.0705	45.8346	0	0	0	
2024-06-16 00:04:50	1	35	1	0	0	0	1	0	0	0	1	0	0	1.75	1	0	0	0	1	0	0	1.515		100.017	85.7636	0.122112	0	1.22091	0.00519404	13.4246	2		0.0088623	11.973	49.4731	0	0	0	
2024-06-16 00:24:22	157	36	1	0	0	3.75	16	0	0	4	16	0	0	3.5	16	0	0	4.25	16	0	0	0.13		100.011	18.2962	0.597745	0	5.97677	0.245268	9.38829	1		0.0088623	12.0616	44.5352	0	0	0	
2024-06-16 00:10:35	47	37	1	0	0	3	13	0	0	0	13	0	0	2.75	13	0	0	0	13	0	0	0.216		100.012	81.8126	0.74814	0	7.48047	0.327594	11.7503	1		0.0088623	12.0616	45.8346	0	0	0	
2024-06-16 00:08:24	29	38	9	0	0	2	9	0	0	0	9	0	0	6	9	0	0	0	9	0	0	3.464		100.015	81.4229	0.0641971	0	0.641873	0.0781205	16.132	2		0	12.0616	46.7443	0	0	0	
2024-06-16 00:08:17	28	39	9	0	0	2	9	0	0	0	9	0	0	4.75	9	0	0	0	9	0	0	2.381		100.014	82.219	0.0825118	0	0.825	0.0425745	14.255	1		0	12.0705	46.8742	0	0	0	
2024-06-16 00:15:56	89	40	5	0	0	7	29	0	0	0	29	0	0	5	29	0	0	0	29	0	0	1.732		100.009	80.2229	0.114393	0	1.14383	0.105793	14.3737	1		0.0088623	12.0616	44.7951	0	0	0	
2024-06-16 00:16:18	92	41	1	0	0	7	29	0	0	0	29	0	0	3.75	29	0	0	0	29	0	0	2.814		100.009	80.0424	0.0708551	0	0.70849	0.0782042	14.4676	1		0.0088623	12.0616	44.7951	0	0	0	
2024-06-16 00:06:42	15	42	1	0	0	1	5	0	0	0	5	0	0	3.25	5	0	0	0	5	0	0	1.948		100.024	83.3623	0.0941368	0	0.941141	0.18327	13.3051	1		0.0088623	12.0705	47.9138	0	0	0	
2024-06-16 00:18:58	114	43	9	0	0	2.75	12	0	0	0	12	0	0	5	12	0	0	0	12	0	0	1.948		100.007	79.2455	0.0967412	0	0.967346	0.200886	13.6755	1		0.0088623	12.0705	44.7951	0	0	0	
2024-06-16 00:13:14	68	44	1	0	0	5	21	0	0	0	21	0	0	1.75	21	0	0	0	21	0	0	2.814		100.008	80.3319	0.0732378	0	0.732321	0.0154305	14.9542	2		0	12.0705	45.1849	0	0	0	
2024-06-16 00:08:56	33	45	1	0	0	2	9	0	0	0	9	0	0	1.5	9	0	0	0	9	0	0	0.433		100.013	83.1264	0.449421	0	4.49362	0.187269	14.1171	1		0.0088623	12.0705	46.6143	0	0	0	
2024-06-16 00:06:08	11	46	5	0	0	0	1	0	0	0	1	0	0	2.75	1	0	0	0	1	0	0	2.381		100.025	83.1706	0.119391	0	1.19361	0.309582	20.6241	2		0	12.0705	48.3036	0	0	0	
2024-06-16 00:18:50	113	47	9	0	0	3.25	14	0	0	0	14	0	0	4.5	14	0	0	0	14	0	0	1.082		100.005	79.4917	0.184779	0	1.8477	0.332519	14.5118	1		0	12.0705	44.6651	0	0	0	
2024-06-16 00:09:39	39	48	9	0	0	3	13	0	0	0	13	0	0	6.75	13	0	0	0	13	0	0	3.247		100.013	82.483	0.0642039	0	0.641953	0.0823925	15.1257	1		0.0088623	12.0705	46.3544	0	0	0	
2024-06-16 00:07:10	19	49	9	0	0	1	5	0	0	0	5	0	0	7.25	5	0	0	0	5	0	0	5.412		100.02	82.1339	0.0582346	0	0.582232	0.223485	22.8642	2		0.0088623	12.0705	47.6539	0	0	0	
2024-06-16 00:14:30	78	50	9	0	0	6	25	0	0	0	25	0	0	7.5	25	0	0	0	25	0	0	1.299		100.009	79.8511	0.1575	0	1.57486	0.00500358	14.8427	2		0.0088623	12.0616	44.925	0	0	0	
2024-06-16 00:14:00	74	51	5	0	0	6	25	0	0	0	25	0	0	6.25	25	0	0	0	25	0	0	0.216		100.013	80.6829	0.833357	0	8.33252	0.739417	13.0887	1		0	12.0616	45.055	0	0	0	
2024-06-16 00:18:21	109	52	5	0	0	7.75	32	0	0	0	32	0	0	0.5	32	0	0	0	32	0	0	6.278		100.011	79.5934	0.0364998	0	0.364958	0.14303	16.625	1		0.0088623	12.0705	44.6651	0	0	0	
2024-06-16 00:12:52	65	53	1	0	0	5	21	0	0	0	21	0	0	3.5	21	0	0	0	21	0	0	1.299		100.007	81.4007	0.149833	0	1.49823	0.27032	14.1205	1		0	12.0705	45.3149	0	0	0	
2024-06-16 00:09:46	40	54	1	0	0	3	13	0	0	0	13	0	0	0.25	13	0	0	0	13	0	0	2.381		100.014	82.567	0.0779275	0	0.779166	0.116268	13.463	1		0.0088623	12.0705	46.2245	0	0	0	
2024-06-16 00:07:28	21	55	1	0	0	1	5	0	0	0	5	0	0	1.25	5	0	0	0	5	0	0	0.216		100.024	82.6213	0.749848	0	7.49669	0.153397	11.7758	1		0.0088623	12.0616	47.394	0	0	0	
2024-06-16 00:11:47	57	56	1	0	0	4	17	0	0	0	17	0	0	1.5	17	0	0	0	17	0	0	2.165		100.01	81.2884	0.0856032	0	0.855947	0.225492	13.4452	1		0.0088623	12.0705	45.5748	0	0	0	
2024-06-16 00:19:26	118	57	9	0	0	1.5	7	0	0	0	7	0	0	6.25	7	0	0	0	7	0	0	4.113		100.007	78.5064	0.0542309	0	0.542274	0.642092	16.1842	1		0	12.0705	44.5352	0	0	0	
2024-06-16 00:17:16	100	58	9	0	0	7.75	32	0	0	0	32	0	0	5.25	32	0	0	0	32	0	0	2.165		100.008	79.7782	0.088168	0	0.88161	0.0252986	13.8483	1		0	12.0616	44.7951	0	0	0	
2024-06-16 00:17:16	100	59	5	0	0	7.75	32	0	0	0	32	0	0	4	32	0	0	0	32	0	0	3.247		100.008	79.7782	0.0593688	0	0.593641	0.316913	13.9873	1		0	12.0616	44.7951	0	0	0	
2024-06-16 00:14:00	74	60	1	0	0	6	25	0	0	0	25	0	0	1.25	25	0	0	0	25	0	0	4.113		100.013	80.6829	0.0582279	0	0.582205	0.663538	17.376	1		0	12.0616	45.055	0	0	0	
2024-06-16 00:11:54	58	61	5	0	0	4	17	0	0	0	17	0	0	3.5	17	0	0	0	17	0	0	0.433		100.011	81.2286	0.50292	0	5.02866	0.196947	15.798	1		0	12.0616	45.4448	0	0	0	
2024-06-16 00:05:40	7	62	1	0	0	0	1	0	0	0	1	0	0	1	1	0	0	0	1	0	0	0.866		100.023	84.627	0.226771	0	2.26719	0.178902	14.2452	1		0	12.0705	48.6935	0	0	0	
2024-06-16 00:08:10	27	63	9	0	0	2	9	0	0	0	9	0	0	5.25	9	0	0	0	9	0	0	2.814		100.017	82.446	0.0766757	0	0.766625	0.388564	15.6547	1		0	12.0616	46.8742	0	0	0	
2024-06-16 00:08:49	32	64	5	0	0	2	9	0	0	0	9	0	0	4	9	0	0	0	9	0	0	1.732		100.016	82.7055	0.10885	0	1.08833	0.197915	13.6764	1		0.0088623	12.0616	46.6143	0	0	0	
2024-06-16 00:23:31	150	65	1	0	0	3.5	15	0	0	0	15	0	0	2.25	15	0	0	0	15	0	0	1.082		100.004	78.0076	0.178288	0	1.7828	0.38623	14.0021	1		0.0088623	12.0616	44.6651	0	0	0	
2024-06-16 00:15:45	88	66	1	0	0	7	29	0	0	0	29	0	0	3	29	0	0	0	29	0	0	3.464		100.008	79.4864	0.0588334	0	0.588289	0.0348565	14.7853	2		0	12.0616	44.7951	0	0	0	
2024-06-16 00:06:35	14	67	1	0	0	1	5	0	0	0	5	0	0	2.5	5	0	0	0	5	0	0	1.299		100.023	83.4493	0.144268	0	1.44234	0.126395	13.5938	1		0	12.0705	47.9138	0	0	0	
2024-06-16 00:05:05	2	68	5	0	0	0	1	0	0	0	1	0	0	6.75	1	0	0	0	1	0	0	5.845		100.019	85.6496	0.0408231	0	0.408152	0.417257	17.3103	1		0.0088623	11.9552	49.4731	0	0	0	
2024-06-16 00:20:25	126	69	1	0	0	2.75	12	0	0	0	12	0	0	3	12	0	0	0	12	0	0	0.216		100.004	79.8917	0.751098	0	7.51069	0.416271	11.7978	1		0.0088623	12.0705	44.6651	0	0	0	
2024-06-16 00:13:32	70	70	1	0	0	5	21	0	0	0	21	0	0	1	21	0	0	0	21	0	0	3.464		100.008	80.646	0.062281	0	0.622759	0.176507	15.6516	1		0	12.0705	45.1849	0	0	0	
2024-06-16 00:25:43	166	71	1	0	0	0.5	3	0	0	7.25	3	0	0	2.75	3	0	0	5	3	0	0	1.168		100.011	20.27	0.0792186	0	0.792097	0.0297162	11.198	2		0	12.0705	44.6651	0	0	0	
2024-06-16 00:21:08	132	72	9	0	0	6.75	28	0	0	0	28	0	0	7	28	0	0	0	28	0	0	0.216		100.007	78.8825	0.798889	0	7.98831	0.452182	12.548	1		0.0088623	12.0705	44.5352	0	0	0	
2024-06-16 00:09:17	36	73	1	0	0	2	9	0	0	0	9	0	0	0.75	9	0	0	0	9	0	0	1.082		100.016	81.9786	0.171673	0	1.71645	0.0904866	13.481	1		0	12.0705	46.3544	0	0	0	
2024-06-16 00:10:00	42	74	9	0	0	3	13	0	0	0	13	0	0	6	13	0	0	0	13	0	0	2.598		100.014	82.7952	0.0781219	0	0.781111	0.179791	14.7236	1		0	11.9552	46.0945	0	0	0	
2024-06-16 00:09:46	40	75	5	0	0	3	13	0	0	0	13	0	0	4.75	13	0	0	0	13	0	0	1.515		100.014	82.567	0.127474	0	1.27456	0.19468	14.0145	1		0.0088623	12.0705	46.2245	0	0	0	
2024-06-16 00:07:10	19	76	5	0	0	1	5	0	0	0	5	0	0	7.75	5	0	0	0	5	0	0	5.845		100.02	82.1339	0.0390504	0	0.390428	0.125687	16.5586	2		0.0088623	12.0705	47.6539	0	0	0	
2024-06-16 00:06:56	17	77	9	0	0	1	5	0	0	0	5	0	0	6.5	5	0	0	0	5	0	0	4.762		100.021	83.0109	0.0511572	0	0.511465	0.386781	17.675	1		0.0088623	12.0705	47.7838	0	0	0	
2024-06-16 00:14:47	80	78	5	0	0	6	25	0	0	0	25	0	0	5.5	25	0	0	0	25	0	0	0.433		100.013	80.1842	0.502908	0	5.02841	0.370117	15.7972	1		0	12.0616	44.925	0	0	0	
2024-06-16 00:14:55	81	79	5	0	0	6	25	0	0	0	25	0	0	4.25	25	0	0	0	25	0	0	1.515		100.013	81.3964	0.133394	0	1.33377	0.209685	14.6655	1		0.0088623	12.0705	45.055	0	0	0	
2024-06-16 00:13:24	69	80	1	0	0	5	21	0	0	0	21	0	0	2.75	21	0	0	0	21	0	0	1.948		100.006	80.5802	0.0967864	0	0.967808	0.00322848	13.6821	1		0.0088623	12.0616	45.1849	0	0	0	
2024-06-16 00:07:28	21	81	5	0	0	1	5	0	0	0	5	0	0	0.5	5	0	0	0	5	0	0	0.433		100.024	82.6213	0.470531	0	4.70419	0.224769	14.7787	1		0.0088623	12.0616	47.394	0	0	0	
2024-06-16 00:12:02	59	82	5	0	0	4	17	0	0	0	17	0	0	0.75	17	0	0	0	17	0	0	2.814		100.011	81.0036	0.0691198	0	0.69112	0.171287	14.1129	1		0	12.0616	45.3149	0	0	0	
2024-06-16 00:17:45	104	83	1	0	0	7.75	32	0	0	0	32	0	0	3.25	32	0	0	0	32	0	0	3.897		100.009	79.6971	0.0499624	0	0.499577	0.0337809	14.1252	1		0.0088623	12.0705	44.6651	0	0	0	
2024-06-16 00:24:53	161	84	1	0	0	2.75	12	0	0	5	12	0	0	0.5	12	0	0	7.25	12	0	0	1.168		100.011	19.8942	0.079503	0	0.794945	0.0665346	11.2383	1		0.0088623	12.0616	44.5352	0	0	0	
2024-06-16 00:19:33	119	85	9	0	0	1.25	6	0	0	0	6	0	0	6.5	6	0	0	0	6	0	0	4.546		100.009	79.0461	0.0510803	0	0.510756	0.402826	16.8482	1		0	12.0616	44.7951	0	0	0	
2024-06-16 00:14:41	79	86	1	0	0	6	25	0	0	0	25	0	0	0.5	25	0	0	0	25	0	0	4.762		100.011	80.218	0.0547085	0	0.547027	0.349733	18.9039	1		0.0088623	12.0705	45.055	0	0	0	
2024-06-16 00:11:18	53	87	1	0	0	4	17	0	0	0	17	0	0	2.75	17	0	0	0	17	0	0	1.082		100.009	80.9258	0.182015	0	1.81998	0.149309	14.2941	1		0.0088623	12.0705	45.7047	0	0	0	
2024-06-16 00:05:19	4	88	1	0	0	0	1	0	0	0	1	0	0	0.25	1	0	0	0	1	0	0	0.216		100.023	85.4648	0.755005	0	7.54829	0.169751	11.8568	1		0.0088623	12.0705	49.2132	0	0	0	
2024-06-16 00:08:56	33	89	5	0	0	2	9	0	0	0	9	0	0	3.25	9	0	0	0	9	0	0	1.082		100.013	83.1264	0.178987	0	1.78964	0.122156	14.0558	1		0.0088623	12.0705	46.6143	0	0	0	
2024-06-16 00:16:39	95	90	5	0	0	7	29	0	0	0	29	0	0	1.75	29	0	0	0	29	0	0	4.546		100.01	79.8366	0.0504642	0	0.504593	0.0829098	16.6449	1		0.0088623	12.0705	44.7951	0	0	0	
2024-06-16 00:05:26	5	91	5	0	0	0	1	0	0	0	1	0	0	6	1	0	0	0	1	0	0	5.195		100.024	84.9209	0.0491156	0	0.49104	0.0189359	18.5118	1		0.0088623	12.0705	48.9533	0	0	0	
2024-06-16 00:05:26	5	92	9	0	0	0	1	0	0	0	1	0	0	4.75	1	0	0	0	1	0	0	4.113		100.024	84.9209	0.0523453	0	0.52333	0.111675	15.6188	1		0.0088623	12.0705	48.9533	0	0	0	
2024-06-16 00:22:48	144	93	1	0	0	7.25	30	0	0	0	30	0	0	0.5	30	0	0	0	30	0	0	5.845		100.008	78.3577	0.0511058	0	0.511017	0.197181	21.673	1		0.0088623	12.0616	44.6651	0	0	0	
2024-06-16 00:12:44	64	94	1	0	0	5	21	0	0	0	21	0	0	0.25	21	0	0	0	21	0	0	4.113		100.005	82.2879	0.051739	0	0.517362	0.086215	15.4407	1		0	12.0705	45.3149	0	0	0	
2024-06-16 00:12:59	66	95	9	0	0	5	21	0	0	0	21	0	0	6.75	21	0	0	0	21	0	0	1.515		100.006	81.4152	0.137062	0	1.37053	0.120728	15.0698	1		0.0088623	12.0616	44.925	0	0	0	
2024-06-16 00:09:39	39	96	1	0	0	3	13	0	0	0	13	0	0	2.25	13	0	0	0	13	0	0	0.649		100.013	82.483	0.311959	0	3.11918	0.372886	14.6988	1		0.0088623	12.0705	46.3544	0	0	0	
2024-06-16 00:08:10	27	97	1	0	0	2	9	0	0	0	9	0	0	0	9	0	0	0	9	0	0	1.732		100.017	82.446	0.125154	0	1.25132	0.161257	15.7245	1		0	12.0616	46.8742	0	0	0	
2024-06-16 00:21:15	133	98	9	0	0	6.5	27	0	0	0	27	0	0	7.25	27	0	0	0	27	0	0	0.649		100.009	77.9588	0.345694	0	3.45664	0.10935	16.289	2		0	12.0616	44.6651	0	0	0	
2024-06-16 00:17:30	102	99	9	0	0	7.75	32	0	0	0	32	0	0	7.25	32	0	0	0	32	0	0	0.433		100.014	80.0928	0.476004	0	4.75937	0.786108	14.952	1		0.0088623	12.0705	44.7951	0	0	0	
2024-06-16 00:22:55	145	100	1	0	0	7.5	31	0	0	0	31	0	0	0.25	31	0	0	0	31	0	0	6.278		100.011	78.5374	0.0364725	0	0.364686	0.275965	16.6126	1		0.0088623	12.0616	44.6651	0	0	0	
2024-06-16 00:20:05	123	101	1	0	0	0.75	4	0	0	0	4	0	0	1	4	0	0	0	4	0	0	0.216		100.008	79.3381	0.763765	0	7.63703	0.198185	11.9962	1		0.0088623	12.0705	44.6651	0	0	0	
2024-06-16 00:22:09	139	102	1	0	0	5.5	23	0	0	0	23	0	0	2.25	23	0	0	0	23	0	0	2.814		100.006	79.2019	0.0963304	0	0.963244	0.20062	19.6698	2		0	12.0705	44.6651	0	0	0	
2024-06-16 00:11:04	51	103	9	0	0	4	17	0	0	0	17	0	0	6.75	17	0	0	0	17	0	0	2.381		100.011	81.2963	0.0842963	0	0.842873	0.0270713	14.5638	1		0	12.0705	45.8346	0	0	0	
2024-06-16 00:10:08	43	104	9	0	0	3	13	0	0	0	13	0	0	5.25	13	0	0	0	13	0	0	1.948		100.015	82.4762	0.0990206	0	0.99006	0.00769743	13.9966	1		0.0088623	12.0705	46.0945	0	0	0	
2024-06-16 00:09:54	41	105	9	0	0	3	13	0	0	0	13	0	0	4	13	0	0	0	13	0	0	0.866		100.014	83.2334	0.239715	0	2.39682	0.297923	15.0597	1		0.0088623	12.0705	46.0945	0	0	0	
2024-06-16 00:08:03	26	106	9	0	0	2	9	0	0	0	9	0	0	7.25	9	0	0	0	9	0	0	4.546		100.018	82.3875	0.0545261	0	0.545165	0.327058	17.9832	1		0.0088623	12.0616	47.0042	0	0	0	
2024-06-16 00:16:18	92	107	5	0	0	7	29	0	0	0	29	0	0	7.5	29	0	0	0	29	0	0	0.433		100.009	80.0424	0.469848	0	4.69808	0.41298	14.7594	1		0.0088623	12.0616	44.7951	0	0	0	
2024-06-16 00:16:25	93	108	9	0	0	7	29	0	0	0	29	0	0	6.25	29	0	0	0	29	0	0	0.649		100.012	80.4568	0.341489	0	3.41446	0.401712	16.0903	1		0	12.0616	44.7951	0	0	0	
2024-06-16 00:06:42	15	109	5	0	0	1	5	0	0	0	5	0	0	5.75	5	0	0	0	5	0	0	4.113		100.024	83.3623	0.0528464	0	0.528337	0.349486	15.7683	1		0.0088623	12.0705	47.9138	0	0	0	
2024-06-16 00:06:35	14	110	9	0	0	1	5	0	0	0	5	0	0	4.5	5	0	0	0	5	0	0	3.031		100.023	83.4493	0.0695329	0	0.695168	0.418011	15.2875	1		0	12.0705	47.9138	0	0	0	
2024-06-16 00:15:17	84	111	5	0	0	6	25	0	0	0	25	0	0	3.5	25	0	0	0	25	0	0	2.165		100.011	80.1809	0.089085	0	0.890749	0.116416	13.9919	1		0.0088623	12.0616	44.925	0	0	0	
2024-06-16 00:12:16	61	112	1	0	0	4	17	0	0	0	17	0	0	0	17	0	0	0	17	0	0	3.464		100.008	80.7893	0.0605074	0	0.605024	0.0612249	15.2059	1		0.0088623	12.0705	45.3149	0	0	0	
2024-06-16 00:18:14	108	113	5	0	0	7.75	32	0	0	0	32	0	0	2.5	32	0	0	0	32	0	0	4.546		100.011	79.8105	0.045515	0	0.455101	0.207104	15.0123	1		0	12.0616	44.7951	0	0	0	
2024-06-16 00:08:17	28	114	1	0	0	2	9	0	0	0	9	0	0	2.5	9	0	0	0	9	0	0	0.433		100.014	82.219	0.451899	0	4.51835	0.244114	14.1948	1		0	12.0705	46.8742	0	0	0	
2024-06-16 00:17:01	98	115	5	0	0	7	29	0	0	0	29	0	0	1	29	0	0	0	29	0	0	5.195		100.007	79.8857	0.0460442	0	0.460411	0.547369	17.3571	1		0.0088623	11.9464	44.7951	0	0	0	
2024-06-16 00:05:33	6	116	9	0	0	0	1	0	0	0	1	0	0	5.25	1	0	0	0	1	0	0	4.546		100.024	85.4412	0.0507432	0	0.507313	0.0768294	16.7346	1		0.0088623	12.0705	48.8234	0	0	0	
2024-06-16 00:05:40	7	117	9	0	0	0	1	0	0	0	1	0	0	4	1	0	0	0	1	0	0	3.464		100.023	84.627	0.0603076	0	0.602937	0.282553	15.1534	1		0	12.0705	48.6935	0	0	0	
2024-06-16 00:18:29	110	118	5	0	0	7.75	32	0	0	0	32	0	0	1.75	32	0	0	0	32	0	0	5.195		100.008	79.5047	0.0411393	0	0.411361	0.172856	15.5079	1		0.0088623	12.0616	44.6651	0	0	0	
2024-06-16 00:12:52	65	119	5	0	0	5	21	0	0	0	21	0	0	6	21	0	0	0	21	0	0	0.866		100.007	81.4007	0.249776	0	2.49758	0.350842	15.6928	1		0	12.0705	45.3149	0	0	0	
2024-06-16 00:12:37	63	120	9	0	0	5	21	0	0	0	21	0	0	4.75	21	0	0	0	21	0	0	0.216		100.007	83.3385	0.775308	0	7.75251	0.366855	12.1776	1		0.0088623	12.0616	45.3149	0	0	0	
2024-06-16 00:10:29	46	121	1	0	0	3	13	0	0	0	13	0	0	1.5	13	0	0	0	13	0	0	1.299		100.016	81.9836	0.142244	0	1.42221	0.152851	13.404	1		0.0088623	11.9552	45.9646	0	0	0	
2024-06-16 00:17:59	106	122	5	0	0	7.75	32	0	0	0	32	0	0	6.5	32	0	0	0	32	0	0	1.082		100.012	80.0278	0.193518	0	1.93494	0.139843	15.197	1		0.0088623	12.0705	44.6651	0	0	0	
2024-06-16 00:19:12	116	123	9	0	0	2.25	10	0	0	0	10	0	0	5.5	10	0	0	0	10	0	0	2.814		100.011	79.4239	0.0798439	0	0.798353	0.354363	16.3026	1		0.0088623	12.0616	44.7951	0	0	0	
2024-06-16 00:24:43	160	124	1	0	0	3	13	0	0	4.75	13	0	0	1.25	13	0	0	6.5	13	0	0	0.908		100.013	20.2095	0.0964856	0	0.964733	0.278687	10.6078	2		0	12.0705	44.6651	0	0	0	
2024-06-16 00:10:57	50	125	9	0	0	4	17	0	0	0	17	0	0	6	17	0	0	0	17	0	0	1.732		100.013	81.612	0.115063	0	1.15048	0.398702	14.4574	1		0.0088623	12.0705	45.8346	0	0	0	
2024-06-16 00:10:50	49	126	5	0	0	4	17	0	0	0	17	0	0	4.75	17	0	0	0	17	0	0	0.649		100.011	81.5834	0.347154	0	3.47116	0.392221	16.3575	1		0	12.0616	45.5748	0	0	0	
2024-06-16 00:05:47	8	127	1	0	0	0	1	0	0	0	1	0	0	2.25	1	0	0	0	1	0	0	1.948		100.025	84.3675	0.105268	0	1.05242	0.238855	14.8782	1		0.0088623	12.0616	48.5635	0	0	0	
2024-06-16 00:24:36	159	128	1	0	0	3.25	14	0	0	4.5	14	0	0	2	14	0	0	5.75	14	0	0	0.649		100.012	20.0136	0.177777	0	1.77757	0.776129	13.961	1		0.0088623	11.973	44.6651	0	0	0	
2024-06-16 00:10:00	42	129	1	0	0	3	13	0	0	0	13	0	0	3.25	13	0	0	0	13	0	0	0.216		100.014	82.7952	0.768817	0	7.68711	0.311727	12.0749	1		0	11.9552	46.0945	0	0	0	
2024-06-16 00:08:03	26	130	5	0	0	2	9	0	0	0	9	0	0	7.75	9	0	0	0	9	0	0	4.979		100.018	82.3875	0.043209	0	0.432014	0.159792	15.6079	1		0.0088623	12.0616	47.0042	0	0	0	
2024-06-16 00:08:41	31	131	5	0	0	2	9	0	0	0	9	0	0	6.5	9	0	0	0	9	0	0	3.897		100.014	81.7728	0.0551787	0	0.551712	0.0168539	15.5993	1		0.0088623	11.9552	46.7443	0	0	0	
2024-06-16 00:16:10	91	132	9	0	0	7	29	0	0	0	29	0	0	5.5	29	0	0	0	29	0	0	1.299		100.005	80.0713	0.15852	0	1.58512	0.329688	14.9394	1		0.0088623	12.0616	44.7951	0	0	0	
2024-06-16 00:15:38	87	133	5	0	0	7	29	0	0	0	29	0	0	4.25	29	0	0	0	29	0	0	2.381		100.005	79.9905	0.0831779	0	0.831733	0.212459	14.3713	1		0	11.9375	44.925	0	0	0	
2024-06-16 00:06:49	16	134	5	0	0	1	5	0	0	0	5	0	0	5	5	0	0	0	5	0	0	3.464		100.022	83.9661	0.0624543	0	0.624404	0.175892	15.693	1		0	12.0705	47.6539	0	0	0	
2024-06-16 00:07:20	20	135	1	0	0	1	5	0	0	0	5	0	0	3.75	5	0	0	0	5	0	0	2.381		100.019	82.1936	0.08047	0	0.80455	0.303621	13.9016	1		0.0088623	12.0705	47.394	0	0	0	
2024-06-16 00:15:03	82	136	1	0	0	6	25	0	0	0	25	0	0	2.75	25	0	0	0	25	0	0	2.814		100.009	80.8894	0.0712073	0	0.712008	0.256967	14.5394	1		0.0088623	12.0705	44.925	0	0	0	
2024-06-16 00:13:39	71	137	1	0	0	5	21	0	0	0	21	0	0	2.25	21	0	0	0	21	0	0	2.381		100.006	80.7231	0.0802625	0	0.802577	0.173277	13.8675	1		0	12.0616	45.055	0	0	0	
2024-06-16 00:16:47	96	138	1	0	0	7	29	0	0	0	29	0	0	0.25	29	0	0	0	29	0	0	5.845		100.01	79.825	0.0404408	0	0.404368	0.0535576	17.1499	1		0	12.0616	44.7951	0	0	0	
2024-06-16 00:06:01	10	139	5	0	0	0	1	0	0	0	1	0	0	3.25	1	0	0	0	1	0	0	2.814		100.025	83.9446	0.0696617	0	0.696442	0.0343393	14.2216	1		0.0088623	12.0705	48.1737	0	0	0	
2024-06-16 00:09:39	39	140	5	0	0	3	13	0	0	0	13	0	0	7.25	13	0	0	0	13	0	0	3.68		100.013	82.483	0.0668802	0	0.668713	0.980603	17.857	1		0.0088623	12.0705	46.3544	0	0	0	
2024-06-16 00:14:15	76	141	5	0	0	6	25	0	0	0	25	0	0	6.75	25	0	0	0	25	0	0	0.649		100.01	81.8279	0.354193	0	3.54157	0.381172	16.6892	1		0	12.0616	45.055	0	0	0	
2024-06-16 00:18:36	111	142	9	0	0	3.75	16	0	0	0	16	0	0	4	16	0	0	0	16	0	0	0.216		100.008	79.2447	0.841244	0	8.41173	0.298827	13.2131	1		0.0088623	12.0616	44.7951	0	0	0	
2024-06-16 00:17:38	103	143	1	0	0	7.75	32	0	0	0	32	0	0	1	32	0	0	0	32	0	0	5.845		100.009	80.159	0.0380307	0	0.380273	0.210046	16.1279	1		0	12.0616	44.6651	0	0	0	
2024-06-16 00:12:52	65	144	9	0	0	5	21	0	0	0	21	0	0	5.25	21	0	0	0	21	0	0	0.216		100.007	81.4007	0.792261	0	7.92205	0.317468	12.4439	1		0	12.0705	45.3149	0	0	0	
2024-06-16 00:12:23	62	145	9	0	0	5	21	0	0	0	21	0	0	4	21	0	0	0	21	0	0	0.866		100.01	79.6434	0.244457	0	2.44433	1.26202	15.3582	4		0.0088623	12.0616	45.055	0	0	0	
2024-06-16 00:10:08	43	146	1	0	0	3	13	0	0	0	13	0	0	0.75	13	0	0	0	13	0	0	1.948		100.015	82.4762	0.0940337	0	0.940199	0.0585834	13.2918	1		0.0088623	12.0705	46.0945	0	0	0	
2024-06-16 00:06:49	16	147	1	0	0	1	5	0	0	0	5	0	0	1.75	5	0	0	0	5	0	0	0.649		100.022	83.9661	0.307866	0	3.07797	0.163107	14.5046	1		0	12.0705	47.6539	0	0	0	
2024-06-16 00:10:57	50	148	1	0	0	4	17	0	0	0	17	0	0	2	17	0	0	0	17	0	0	1.732		100.013	81.612	0.108593	0	1.08579	0.318731	13.6444	1		0.0088623	12.0705	45.8346	0	0	0	
2024-06-16 00:17:45	104	149	5	0	0	7.75	32	0	0	0	32	0	0	5.75	32	0	0	0	32	0	0	1.732		100.009	79.6971	0.113332	0	1.13322	0.136253	14.2404	1		0.0088623	12.0705	44.6651	0	0	0	
2024-06-16 00:17:38	103	150	9	0	0	7.75	32	0	0	0	32	0	0	4.5	32	0	0	0	32	0	0	2.814		100.009	80.159	0.0682067	0	0.682006	0.178493	13.9268	1		0	12.0616	44.6651	0	0	0	
2024-06-16 00:20:40	128	151	1	0	0	2.25	10	0	0	0	10	0	0	3.5	10	0	0	0	10	0	0	1.082		100.003	79.3446	0.178703	0	1.78698	0.210447	14.0349	1		0.0088623	12.0616	44.6651	0	0	0	
2024-06-16 00:19:57	122	152	9	0	0	0.25	2	0	0	0	2	0	0	7.5	2	0	0	0	2	0	0	6.278		100.006	78.5149	0.0375821	0	0.375799	0.635631	17.1188	1		0	11.9464	44.6651	0	0	0	
2024-06-16 00:15:24	85	153	5	0	0	6	25	0	0	0	25	0	0	1.75	25	0	0	0	25	0	0	3.68		100.007	80.3161	0.0630568	0	0.630521	0.28374	16.8371	1		0	12.0616	44.925	0	0	0	
2024-06-16 00:11:40	56	154	5	0	0	4	17	0	0	0	17	0	0	5.25	17	0	0	0	17	0	0	1.082		100.01	80.7845	0.194102	0	1.94083	0.184346	15.2432	1		0.0088623	11.9464	45.5748	0	0	0	
2024-06-16 00:05:33	6	155	1	0	0	0	1	0	0	0	1	0	0	1.5	1	0	0	0	1	0	0	1.299		100.024	85.4412	0.142798	0	1.42765	0.0303382	13.4552	1		0.0088623	12.0705	48.8234	0	0	0	
2024-06-16 00:10:15	44	156	1	0	0	3	13	0	0	0	13	0	0	2.5	13	0	0	0	13	0	0	0.433		100.013	82.1913	0.454053	0	4.53992	0.326307	14.2626	1		0	11.9464	46.0945	0	0	0	
2024-06-16 00:07:56	25	157	5	0	0	2	9	0	0	0	9	0	0	5.75	9	0	0	0	9	0	0	3.247		100.021	82.5971	0.0649766	0	0.649629	0.135086	15.3065	1		0.0088623	12.0705	47.0042	0	0	0	
2024-06-16 00:08:34	30	158	9	0	0	2	9	0	0	0	9	0	0	4.5	9	0	0	0	9	0	0	2.165		100.016	81.7101	0.0891342	0	0.8912	0.0535191	13.9989	1		0.0088623	12.0705	46.7443	0	0	0	
2024-06-16 00:16:47	96	159	5	0	0	7	29	0	0	0	29	0	0	3.5	29	0	0	0	29	0	0	3.031		100.01	79.825	0.065433	0	0.654266	0.168077	14.3881	1		0	12.0616	44.7951	0	0	0	
2024-06-16 00:07:34	22	160	1	0	0	1	5	0	0	0	5	0	0	3	5	0	0	0	5	0	0	1.732		100.022	82.5267	0.106416	0	1.06393	0.102441	13.3697	1		0.0088623	12.0705	47.264	0	0	0	
2024-06-16 00:04:50	1	161	5	0	0	0	1	0	0	0	1	0	0	7.25	1	0	0	0	1	0	0	6.278		100.017	85.7636	0.0402658	0	0.402589	0.0192571	18.3392	2		0.0088623	11.973	49.4731	0	0	0	
2024-06-16 00:13:53	73	162	5	0	0	5	21	0	0	0	21	0	0	1.5	21	0	0	0	21	0	0	3.031		100.006	81.1864	0.0661933	0	0.661894	0.00729362	14.5558	1		0.0088623	12.0616	45.055	0	0	0	
2024-06-16 00:08:24	29	163	1	0	0	2	9	0	0	0	9	0	0	1.25	9	0	0	0	9	0	0	0.649		100.015	81.4229	0.298762	0	2.98716	0.0244385	14.0767	2		0	12.0616	46.7443	0	0	0	
2024-06-16 00:23:10	147	164	1	0	0	1.5	7	0	0	0	7	0	0	0.25	7	0	0	0	7	0	0	1.082		100.01	77.6479	0.175239	0	1.75222	0.0495552	13.7619	1		0.0088623	12.0616	44.6651	0	0	0	
2024-06-16 00:05:54	9	165	1	0	0	0	1	0	0	0	1	0	0	2.5	1	0	0	0	1	0	0	2.165		100.028	84.0572	0.088972	0	0.88947	0.234696	13.9718	1		0.0088623	12.0705	48.4336	0	0	0	
2024-06-16 00:22:27	141	166	1	0	0	6.25	26	0	0	0	26	0	0	1.5	26	0	0	0	26	0	0	4.113		100.007	78.6095	0.0570736	0	0.570697	0.572342	17.0325	1		0.0088623	12.0616	44.5352	0	0	0	
2024-06-16 00:24:08	155	167	9	0	0	7.25	30	0	0	0	30	0	0	6.5	30	0	0	0	30	0	0	0.649		100.007	78.2999	0.332333	0	3.32308	0.5108	15.6596	1		0	12.0705	44.5352	0	0	0	
2024-06-16 00:09:24	37	168	9	0	0	3	13	0	0	0	13	0	0	7.75	13	0	0	0	13	0	0	4.113		100.017	83.2523	0.0497049	0	0.496963	0.340593	14.8319	1		0.0088623	12.0705	46.0945	0	0	0	
2024-06-16 00:10:00	42	169	5	0	0	3	13	0	0	0	13	0	0	6.5	13	0	0	0	13	0	0	3.031		100.014	82.7952	0.0683719	0	0.683625	0.115008	15.0337	1		0	11.9552	46.0945	0	0	0	
2024-06-16 00:06:56	17	170	5	0	0	1	5	0	0	0	5	0	0	7	5	0	0	0	5	0	0	5.195		100.021	83.0109	0.0452947	0	0.452852	0.00387346	17.0721	1		0.0088623	12.0705	47.7838	0	0	0	
2024-06-16 00:14:41	79	171	5	0	0	6	25	0	0	0	25	0	0	4.75	25	0	0	0	25	0	0	1.082		100.011	80.218	0.194208	0	1.94188	0.387428	15.2515	1		0.0088623	12.0705	45.055	0	0	0	
2024-06-16 00:17:52	105	172	1	0	0	7.75	32	0	0	0	32	0	0	0.25	32	0	0	0	32	0	0	6.494		100.008	79.6175	0.0341138	0	0.34111	0.026665	16.0744	1		0.0088623	12.0705	44.6651	0	0	0	
2024-06-16 00:13:07	67	173	1	0	0	5	21	0	0	0	21	0	0	3.25	21	0	0	0	21	0	0	1.515		100.008	81.2794	0.125622	0	1.25612	0.252127	13.8118	1		0	12.0616	45.3149	0	0	0	
2024-06-16 00:09:32	38	174	1	0	0	3	13	0	0	0	13	0	0	0	13	0	0	0	13	0	0	2.598		100.013	82.7726	0.0761772	0	0.761671	0.0459288	14.3572	1		0	12.0705	46.2245	0	0	0	
2024-06-16 00:18:43	112	175	9	0	0	3.5	15	0	0	0	15	0	0	4.25	15	0	0	0	15	0	0	0.649		100.009	78.7652	0.333629	0	3.33598	0.184598	15.7204	1		0.0088623	12.0705	44.7951	0	0	0	
2024-06-16 00:11:11	52	176	1	0	0	4	17	0	0	0	17	0	0	1.25	17	0	0	0	17	0	0	2.381		100.012	81.0707	0.0800548	0	0.800453	0.323504	13.8308	1		0	12.0705	45.7047	0	0	0	
2024-06-16 00:17:45	104	177	9	0	0	7.75	32	0	0	0	32	0	0	5	32	0	0	0	32	0	0	2.381		100.009	79.6971	0.0798832	0	0.798758	0.0361633	13.8015	1		0.0088623	12.0705	44.6651	0	0	0	
2024-06-16 00:17:30	102	178	1	0	0	7.75	32	0	0	0	32	0	0	3.75	32	0	0	0	32	0	0	3.464		100.014	80.0928	0.0559976	0	0.559897	0.0478236	14.0717	1		0.0088623	12.0705	44.7951	0	0	0	
2024-06-16 00:25:35	165	179	1	0	0	1.25	6	0	0	6.5	6	0	0	3	6	0	0	4.75	6	0	0	0.908		100.014	20.0591	0.107019	0	1.07004	0.0673721	11.7657	1		0.0088623	11.9818	44.7951	0	0	0	
2024-06-16 00:14:47	80	180	1	0	0	6	25	0	0	0	25	0	0	1	25	0	0	0	25	0	0	4.33		100.013	80.1842	0.0561732	0	0.561658	0.155492	17.645	1		0	12.0616	44.925	0	0	0	
2024-06-16 00:11:04	51	181	1	0	0	4	17	0	0	0	17	0	0	3.25	17	0	0	0	17	0	0	0.649		100.011	81.2963	0.33408	0	3.34045	0.21385	15.7415	1		0	12.0705	45.8346	0	0	0	
2024-06-16 00:05:05	2	182	1	0	0	0	1	0	0	0	1	0	0	0.75	1	0	0	0	1	0	0	0.649		100.019	85.6496	0.315118	0	3.15057	0.149672	14.8467	1		0.0088623	11.9552	49.4731	0	0	0	
2024-06-16 00:25:01	162	183	1	0	0	3.5	15	0	0	4.25	15	0	0	3.75	15	0	0	4	15	0	0	0.13		100.01	19.1605	0.552507	0	5.52453	0.0696562	8.67791	2		0.0088623	12.0616	44.7951	0	0	0	
2024-06-16 00:08:49	32	184	9	0	0	2	9	0	0	0	9	0	0	5	9	0	0	0	9	0	0	2.598		100.016	82.7055	0.0765608	0	0.765487	0.19947	14.4291	1		0.0088623	12.0616	46.6143	0	0	0	
2024-06-16 00:09:10	35	185	1	0	0	2	9	0	0	0	9	0	0	3.75	9	0	0	0	9	0	0	1.515		100.016	81.891	0.129875	0	1.29855	0.167703	14.2783	1		0.0088623	11.9552	46.4844	0	0	0	
2024-06-16 00:15:56	89	186	1	0	0	7	29	0	0	0	29	0	0	2.75	29	0	0	0	29	0	0	3.68		100.009	80.2229	0.0560764	0	0.560712	0.182579	14.973	1		0.0088623	12.0616	44.7951	0	0	0	
2024-06-16 00:16:03	90	187	1	0	0	7	29	0	0	0	29	0	0	2.25	29	0	0	0	29	0	0	4.113		100.005	80.3103	0.0515174	0	0.515147	0.135664	15.3746	1		0	12.0705	44.6651	0	0	0	
2024-06-16 00:05:12	3	188	5	0	0	0	1	0	0	0	1	0	0	7.75	1	0	0	0	1	0	0	6.711		100.024	86.1627	0.0351513	0	0.351429	0.580037	17.1127	1		0.0088623	12.0705	49.3432	0	0	0	
2024-06-16 00:05:05	2	189	9	0	0	0	1	0	0	0	1	0	0	6.5	1	0	0	0	1	0	0	5.628		100.019	85.6496	0.0419731	0	0.41965	0.321368	17.1388	1		0.0088623	11.9552	49.4731	0	0	0	
2024-06-16 00:13:45	72	190	5	0	0	5	21	0	0	0	21	0	0	0.75	21	0	0	0	21	0	0	3.68		100.007	80.8689	0.0588279	0	0.588239	0.0548027	15.7081	1		0	12.0616	45.055	0	0	0	
2024-06-16 00:13:14	68	191	9	0	0	5	21	0	0	0	21	0	0	7.25	21	0	0	0	21	0	0	1.948		100.008	80.3319	0.116631	0	1.16622	0.0789383	16.487	2		0	12.0705	45.1849	0	0	0	
2024-06-16 00:24:00	154	192	9	0	0	5.75	24	0	0	0	24	0	0	4	24	0	0	0	24	0	0	1.515		100.007	78.5923	0.130527	0	1.30518	0.17642	14.3512	1		0	12.0705	44.7951	0	0	0	
2024-06-16 00:20:54	130	193	9	0	0	4.5	19	0	0	0	19	0	0	5.25	19	0	0	0	19	0	0	0.649		100.003	79.1667	0.333704	0	3.33692	0.410284	15.7249	1		0	12.0616	44.6651	0	0	0	
2024-06-16 00:25:11	163	194	1	0	0	2.75	12	0	0	5	12	0	0	3.5	12	0	0	4.25	12	0	0	0.389		100.011	19.9207	0.320176	0	3.20142	0.973034	15.0863	4		0.0088623	12.0705	44.6651	0	0	0	
2024-06-16 00:08:41	31	195	1	0	0	2	9	0	0	0	9	0	0	0.5	9	0	0	0	9	0	0	1.299		100.014	81.7728	0.14241	0	1.42391	0.246547	13.42	1		0.0088623	11.9552	46.7443	0	0	0	
2024-06-16 00:19:47	121	196	9	0	0	0.5	3	0	0	0	3	0	0	7.25	3	0	0	0	3	0	0	5.845		100.004	79.3296	0.0753202	0	0.753168	0.700826	31.943	2		0	12.0705	44.7951	0	0	0	
2024-06-16 00:11:18	53	197	5	0	0	4	17	0	0	0	17	0	0	7.25	17	0	0	0	17	0	0	2.814		100.009	80.9258	0.0778131	0	0.77806	0.391605	15.8883	1		0.0088623	12.0705	45.7047	0	0	0	
2024-06-16 00:09:46	40	198	9	0	0	3	13	0	0	0	13	0	0	5.75	13	0	0	0	13	0	0	2.381		100.014	82.567	0.0810015	0	0.809901	0.112112	13.9941	1		0.0088623	12.0705	46.2245	0	0	0	
2024-06-16 00:09:54	41	199	5	0	0	3	13	0	0	0	13	0	0	4.5	13	0	0	0	13	0	0	1.299		100.014	83.2334	0.149999	0	1.49978	0.246066	14.1351	1		0.0088623	12.0705	46.0945	0	0	0	
2024-06-16 00:16:18	92	200	9	0	0	7	29	0	0	0	29	0	0	6.75	29	0	0	0	29	0	0	0.216		100.009	80.0424	0.797462	0	7.97394	0.451255	12.5254	1		0.0088623	12.0616	44.7951	0	0	0	
2024-06-16 00:07:20	20	201	5	0	0	1	5	0	0	0	5	0	0	7.5	5	0	0	0	5	0	0	5.628		100.019	82.1936	0.0415241	0	0.415163	0.746447	16.9556	1		0.0088623	12.0705	47.394	0	0	0	
2024-06-16 00:06:42	15	202	9	0	0	1	5	0	0	0	5	0	0	6.25	5	0	0	0	5	0	0	4.546		100.024	83.3623	0.0531514	0	0.531386	0.151384	17.5287	1		0.0088623	12.0705	47.9138	0	0	0	
2024-06-16 00:14:08	75	203	1	0	0	6	25	0	0	0	25	0	0	5.25	25	0	0	0	25	0	0	0.649		100.013	81.1551	0.33789	0	3.37844	0.547719	15.9205	1		0	12.0705	45.055	0	0	0	
2024-06-16 00:14:47	80	204	9	0	0	6	25	0	0	0	25	0	0	4	25	0	0	0	25	0	0	1.732		100.013	80.1842	0.113828	0	1.13813	0.0700213	14.3021	1		0	12.0616	44.925	0	0	0	
2024-06-16 00:12:59	66	205	1	0	0	5	21	0	0	0	21	0	0	2.5	21	0	0	0	21	0	0	2.165		100.006	81.4152	0.0927244	0	0.927186	0.178636	14.5642	1		0.0088623	12.0616	44.925	0	0	0	
2024-06-16 00:07:42	23	206	5	0	0	1	5	0	0	0	5	0	0	0.25	5	0	0	0	5	0	0	0.649		100.017	82.4868	0.315564	0	3.15511	0.131373	14.8681	1		0.0088623	12.0705	47.264	0	0	0	
2024-06-16 00:11:26	54	207	1	0	0	4	17	0	0	0	17	0	0	0.5	17	0	0	0	17	0	0	3.031		100.012	81.1836	0.0666379	0	0.666298	0.469795	14.6527	1		0.0088623	12.0616	45.7047	0	0	0	
2024-06-16 00:18:29	110	208	1	0	0	7.75	32	0	0	0	32	0	0	3	32	0	0	0	32	0	0	4.113		100.008	79.5047	0.0478865	0	0.478827	0.240985	14.2907	1		0.0088623	12.0616	44.6651	0	0	0	
2024-06-16 00:15:31	86	209	1	0	0	6	25	0	0	0	25	0	0	0.25	25	0	0	0	25	0	0	4.979		100.004	80.0878	0.0467554	0	0.467533	0.363249	16.8912	1		0	12.0616	44.7951	0	0	0	
2024-06-16 00:21:54	138	210	1	0	0	5.25	22	0	0	0	22	0	0	2.5	22	0	0	0	22	0	0	2.381		100.006	77.5341	0.11553	0	1.15523	2.33178	19.961	4		0.0088623	12.0616	44.5352	0	0	0	
2024-06-16 00:11:54	58	211	1	0	0	4	17	0	0	0	17	0	0	2.5	17	0	0	0	17	0	0	1.299		100.011	81.2286	0.1491	0	1.49084	0.368536	14.0509	1		0	12.0616	45.4448	0	0	0	
2024-06-16 00:08:03	26	212	1	0	0	2	9	0	0	0	9	0	0	3	9	0	0	0	9	0	0	0.866		100.018	82.3875	0.230205	0	2.30164	0.297168	14.4616	1		0.0088623	12.0616	47.0042	0	0	0	
2024-06-16 00:16:54	97	213	5	0	0	7	29	0	0	0	29	0	0	1.5	29	0	0	0	29	0	0	4.762		100.014	79.8791	0.0476853	0	0.476787	0.324676	16.4766	1		0	12.0705	44.7951	0	0	0	
2024-06-16 00:05:12	3	214	9	0	0	0	1	0	0	0	1	0	0	5.75	1	0	0	0	1	0	0	4.979		100.024	86.1627	0.0460895	0	0.460785	0.312518	16.6474	1		0.0088623	12.0705	49.3432	0	0	0	
2024-06-16 00:05:40	7	215	5	0	0	0	1	0	0	0	1	0	0	4.5	1	0	0	0	1	0	0	3.897		100.023	84.627	0.0542573	0	0.542447	0.172084	15.3373	1		0	12.0705	48.6935	0	0	0	
2024-06-16 00:13:45	72	216	1	0	0	5	21	0	0	0	21	0	0	0	21	0	0	0	21	0	0	4.33		100.007	80.8689	0.0508191	0	0.508157	0.0601795	15.9642	1		0	12.0616	45.055	0	0	0	
2024-06-16 00:17:08	99	217	1	0	0	7.75	32	0	0	0	32	0	0	2.25	32	0	0	0	32	0	0	4.762		100.012	79.9067	0.0428876	0	0.428823	0.293324	14.8191	1		0	12.0705	44.7951	0	0	0	
2024-06-16 00:13:07	67	218	5	0	0	5	21	0	0	0	21	0	0	7.75	21	0	0	0	21	0	0	2.381		100.008	81.2794	0.082276	0	0.822698	0.209656	14.2152	1		0	12.0616	45.3149	0	0	0	
2024-06-16 00:12:59	66	219	5	0	0	5	21	0	0	0	21	0	0	6.5	21	0	0	0	21	0	0	1.299		100.006	81.4152	0.160681	0	1.60672	0.109073	15.1429	1		0.0088623	12.0616	44.925	0	0	0	
2024-06-16 00:10:43	48	220	1	0	0	3	13	0	0	0	13	0	0	2	13	0	0	0	13	0	0	0.866		100.017	82.2687	0.228662	0	2.28624	0.264216	14.3649	1		0	12.0705	45.8346	0	0	0	
2024-06-16 00:21:40	136	221	1	0	0	4.5	19	0	0	0	19	0	0	3.25	19	0	0	0	19	0	0	1.082		100.008	79.1617	0.187098	0	1.87082	0.479304	14.6934	1		0	12.0705	44.6651	0	0	0	
2024-06-16 00:17:22	101	222	9	0	0	7.75	32	0	0	0	32	0	0	7	32	0	0	0	32	0	0	0.649		100.01	80.1432	0.339034	0	3.39	0.647605	15.975	1		0	11.9464	44.6651	0	0	0	
2024-06-16 00:23:52	153	223	9	0	0	5.5	23	0	0	0	23	0	0	4.25	23	0	0	0	23	0	0	1.082		100.01	77.8077	0.191275	0	1.91255	0.315705	15.0212	1		0	12.0616	44.5352	0	0	0	
2024-06-16 00:22:41	143	224	1	0	0	6.75	28	0	0	0	28	0	0	1	28	0	0	0	28	0	0	4.979		100.01	78.009	0.0504529	0	0.50448	0.0654187	18.226	1		0.0088623	12.0616	44.6651	0	0	0	
2024-06-16 00:21:01	131	225	9	0	0	4.25	18	0	0	0	18	0	0	5.5	18	0	0	0	18	0	0	1.082		100.005	79.0612	0.19239	0	1.9238	0.273251	15.1095	1		0	12.0616	44.6651	0	0	0	
2024-06-16 00:11:26	54	226	5	0	0	4	17	0	0	0	17	0	0	7.75	17	0	0	0	17	0	0	3.247		100.012	81.1836	0.0611846	0	0.611771	0.155833	14.4145	1		0.0088623	12.0616	45.7047	0	0	0	
2024-06-16 00:11:04	51	227	5	0	0	4	17	0	0	0	17	0	0	6.5	17	0	0	0	17	0	0	2.165		100.011	81.2963	0.0920864	0	0.920766	0.0677199	14.4634	1		0	12.0705	45.8346	0	0	0	
2024-06-16 00:09:32	38	228	5	0	0	3	13	0	0	0	13	0	0	5	13	0	0	0	13	0	0	1.732		100.013	82.7726	0.110238	0	1.10223	0.123904	13.851	1		0	12.0705	46.2245	0	0	0	
2024-06-16 00:10:35	47	229	5	0	0	3	13	0	0	0	13	0	0	3.75	13	0	0	0	13	0	0	0.649		100.012	81.8126	0.322701	0	3.22661	0.323613	15.205	1		0.0088623	12.0616	45.8346	0	0	0	
2024-06-16 00:08:10	27	230	5	0	0	2	9	0	0	0	9	0	0	7	9	0	0	0	9	0	0	4.33		100.017	82.446	0.0501575	0	0.501489	0.0635574	15.7547	1		0	12.0616	46.8742	0	0	0	
2024-06-16 00:16:03	90	231	5	0	0	7	29	0	0	0	29	0	0	6	29	0	0	0	29	0	0	0.866		100.005	80.3103	0.253711	0	2.53697	0.542054	15.9403	1		0	12.0705	44.6651	0	0	0	
2024-06-16 00:15:45	88	232	5	0	0	7	29	0	0	0	29	0	0	4.75	29	0	0	0	29	0	0	1.948		100.008	79.4864	0.101536	0	1.01528	0.0206185	14.3532	2		0	12.0616	44.7951	0	0	0	
2024-06-16 00:07:03	18	233	5	0	0	1	5	0	0	0	5	0	0	5.5	5	0	0	0	5	0	0	3.897		100.019	83.1263	0.061033	0	0.610214	0.183265	17.2534	1		0.0088623	12.0705	47.6539	0	0	0	
2024-06-16 00:06:35	14	234	5	0	0	1	5	0	0	0	5	0	0	4.25	5	0	0	0	5	0	0	2.814		100.023	83.4493	0.0719564	0	0.719397	0.285215	14.6903	1		0	12.0705	47.9138	0	0	0	
2024-06-16 00:15:10	83	235	5	0	0	6	25	0	0	0	25	0	0	3.25	25	0	0	0	25	0	0	2.381		100.009	80.4469	0.0826563	0	0.826485	0.137881	14.2806	1		0.0088623	12.0616	44.925	0	0	0	
2024-06-16 00:20:18	125	236	1	0	0	0.25	2	0	0	0	2	0	0	1.5	2	0	0	0	2	0	0	1.082		100.005	78.6804	0.173571	0	1.73562	0.894171	13.6315	1		0	11.9464	44.6651	0	0	0	
2024-06-16 00:17:01	98	237	1	0	0	7	29	0	0	0	29	0	0	0.75	29	0	0	0	29	0	0	5.412		100.007	79.8857	0.0437964	0	0.437935	0.51259	17.1977	1		0.0088623	11.9464	44.7951	0	0	0	
2024-06-16 00:05:47	8	238	9	0	0	0	1	0	0	0	1	0	0	5	1	0	0	0	1	0	0	4.33		100.025	84.3675	0.0505905	0	0.50578	0.158793	15.8895	1		0.0088623	12.0616	48.5635	0	0	0	
2024-06-16 00:05:54	9	239	5	0	0	0	1	0	0	0	1	0	0	3.75	1	0	0	0	1	0	0	3.247		100.028	84.0572	0.0626037	0	0.625862	0.310805	14.7465	1		0.0088623	12.0705	48.4336	0	0	0	
2024-06-16 00:24:14	156	240	9	0	0	7.5	31	0	0	0	31	0	0	6.25	31	0	0	0	31	0	0	1.082		100.006	78.0548	0.189429	0	1.89417	0.893184	14.8768	1		0.0088623	12.0705	44.7951	0	0	0	
2024-06-16 00:21:25	134	241	9	0	0	6.25	26	0	0	0	26	0	0	7.5	26	0	0	0	26	0	0	1.082		100.009	78.4716	0.190115	0	1.90098	0.13832	14.9302	1		0	12.0705	44.5352	0	0	0	
2024-06-16 00:14:30	78	242	5	0	0	6	25	0	0	0	25	0	0	7.25	25	0	0	0	25	0	0	1.082		100.009	79.8511	0.226233	0	2.26214	0.100758	17.7668	2		0.0088623	12.0616	44.925	0	0	0	
2024-06-16 00:17:16	100	243	1	0	0	7.75	32	0	0	0	32	0	0	1.5	32	0	0	0	32	0	0	5.412		100.008	79.7782	0.039395	0	0.393919	0.49994	15.4692	1		0	12.0616	44.7951	0	0	0	
2024-06-16 00:12:44	64	244	5	0	0	5	21	0	0	0	21	0	0	5.75	21	0	0	0	21	0	0	0.649		100.005	82.2879	0.3379	0	3.37881	0.319468	15.9223	1		0	12.0705	45.3149	0	0	0	
2024-06-16 00:12:44	64	245	9	0	0	5	21	0	0	0	21	0	0	4.5	21	0	0	0	21	0	0	0.433		100.005	82.2879	0.477055	0	4.77029	0.406264	14.9863	1		0	12.0705	45.3149	0	0	0	
2024-06-16 00:10:29	46	246	5	0	0	3	13	0	0	0	13	0	0	1.25	13	0	0	0	13	0	0	1.515		100.016	81.9836	0.120625	0	1.20606	0.17514	13.2614	1		0.0088623	11.9552	45.9646	0	0	0	
2024-06-16 00:07:34	22	247	5	0	0	1	5	0	0	0	5	0	0	2.25	5	0	0	0	5	0	0	1.082		100.022	82.5267	0.172427	0	1.72389	0.107385	13.5394	1		0.0088623	12.0705	47.264	0	0	0	
2024-06-16 00:20:11	124	248	1	0	0	0.5	3	0	0	0	3	0	0	1.25	3	0	0	0	3	0	0	0.649		100.006	79.1318	0.313722	0	3.13704	0.870575	14.783	1		0	12.0616	44.5352	0	0	0	
2024-06-16 00:19:05	115	249	9	0	0	2.5	11	0	0	0	11	0	0	5.25	11	0	0	0	11	0	0	2.381		100.01	78.9409	0.0913821	0	0.913728	0.489247	15.7881	1		0.0088623	11.9552	44.6651	0	0	0	
2024-06-16 00:17:38	103	250	5	0	0	7.75	32	0	0	0	32	0	0	7.5	32	0	0	0	32	0	0	0.216		100.009	80.159	0.842934	0	8.42859	0.276562	13.2396	1		0	12.0616	44.6651	0	0	0	
2024-06-16 00:17:08	99	251	5	0	0	7.75	32	0	0	0	32	0	0	6.25	32	0	0	0	32	0	0	1.299		100.012	79.9067	0.157237	0	1.57218	0.608278	14.8175	1		0	12.0705	44.7951	0	0	0	
2024-06-16 00:21:32	135	252	1	0	0	4.25	18	0	0	0	18	0	0	3.5	18	0	0	0	18	0	0	0.649		100.006	79.75	0.334424	0	3.34402	0.153791	15.7583	1		0.0088623	12.0705	44.6651	0	0	0	
2024-06-16 00:15:10	83	253	1	0	0	6	25	0	0	0	25	0	0	2.25	25	0	0	0	25	0	0	3.247		100.009	80.4469	0.0638317	0	0.638257	0.0974793	15.0386	1		0.0088623	12.0616	44.925	0	0	0	
2024-06-16 00:23:45	152	254	9	0	0	5.25	22	0	0	0	22	0	0	4.5	22	0	0	0	22	0	0	0.649		100.008	78.4772	0.33185	0	3.31825	0.273728	15.6369	1		0	12.0616	44.5352	0	0	0	
2024-06-16 00:11:26	54	255	9	0	0	4	17	0	0	0	17	0	0	5.75	17	0	0	0	17	0	0	1.515		100.012	81.1836	0.131607	0	1.31591	0.176661	14.4692	1		0.0088623	12.0616	45.7047	0	0	0	
2024-06-16 00:11:33	55	256	5	0	0	4	17	0	0	0	17	0	0	4.5	17	0	0	0	17	0	0	0.433		100.008	81.0536	0.515305	0	5.15263	0.0847083	16.1875	1		0	12.0616	45.4448	0	0	0	
2024-06-16 00:06:01	10	257	1	0	0	0	1	0	0	0	1	0	0	2	1	0	0	0	1	0	0	1.732		100.025	83.9446	0.131171	0	1.31138	0.318646	16.4793	1		0.0088623	12.0705	48.1737	0	0	0	
2024-06-16 00:08:34	30	258	5	0	0	2	9	0	0	0	9	0	0	7.5	9	0	0	0	9	0	0	4.762		100.016	81.7101	0.0462157	0	0.462083	0.325911	15.9685	1		0.0088623	12.0705	46.7443	0	0	0	
2024-06-16 00:08:17	28	259	5	0	0	2	9	0	0	0	9	0	0	6.25	9	0	0	0	9	0	0	3.68		100.014	82.219	0.0584983	0	0.5849	0.019636	15.6189	1		0	12.0705	46.8742	0	0	0	
2024-06-16 00:15:56	89	260	9	0	0	7	29	0	0	0	29	0	0	5.25	29	0	0	0	29	0	0	1.515		100.009	80.2229	0.132265	0	1.32253	0.182585	14.542	1		0.0088623	12.0616	44.7951	0	0	0	
2024-06-16 00:16:03	90	261	9	0	0	7	29	0	0	0	29	0	0	4	29	0	0	0	29	0	0	2.598		100.005	80.3103	0.0760358	0	0.760319	0.0602041	14.3317	1		0	12.0705	44.6651	0	0	0	
2024-06-16 00:06:28	13	262	1	0	0	1	5	0	0	0	5	0	0	3.5	5	0	0	0	5	0	0	2.165		100.025	83.3471	0.0852039	0	0.851824	0.63135	13.3804	1		0	12.0705	48.0437	0	0	0	
2024-06-16 00:15:03	82	263	5	0	0	6	25	0	0	0	25	0	0	2.5	25	0	0	0	25	0	0	3.031		100.009	80.8894	0.0723159	0	0.723092	0.351624	15.9016	1		0.0088623	12.0705	44.925	0	0	0	
2024-06-16 00:23:38	151	264	1	0	0	3.75	16	0	0	0	16	0	0	2	16	0	0	0	16	0	0	1.515		100.007	78.4297	0.128389	0	1.2838	0.15394	14.1162	1		0	12.0705	44.5352	0	0	0	
2024-06-16 00:13:53	73	265	1	0	0	5	21	0	0	0	21	0	0	2	21	0	0	0	21	0	0	2.598		100.006	81.1864	0.0767053	0	0.767008	0.00334085	14.4578	1		0.0088623	12.0616	45.055	0	0	0	
2024-06-16 00:08:34	30	266	1	0	0	2	9	0	0	0	9	0	0	1.75	9	0	0	0	9	0	0	0.216		100.016	81.7101	0.740249	0	7.40131	0.199572	11.6259	1		0.0088623	12.0705	46.7443	0	0	0	
2024-06-16 00:16:54	97	267	1	0	0	7	29	0	0	0	29	0	0	0	29	0	0	0	29	0	0	6.061		100.014	79.8791	0.040084	0	0.400784	0.408673	17.6274	1		0	12.0705	44.7951	0	0	0	
2024-06-16 00:06:08	11	268	1	0	0	0	1	0	0	0	1	0	0	3	1	0	0	0	1	0	0	2.598		100.025	83.1706	0.0760322	0	0.760129	0.0268094	14.3281	2		0	12.0705	48.3036	0	0	0	
2024-06-16 00:10:15	44	269	5	0	0	3	13	0	0	0	13	0	0	7	13	0	0	0	13	0	0	3.464		100.013	82.1913	0.0595453	0	0.595374	0.073233	14.9634	1		0	11.9464	46.0945	0	0	0	
2024-06-16 00:14:22	77	270	5	0	0	6	25	0	0	0	25	0	0	7.75	25	0	0	0	25	0	0	1.515		100.01	80.6834	0.136158	0	1.36144	0.186571	14.9698	1		0.0088623	12.0705	45.055	0	0	0	
2024-06-16 00:14:00	74	271	9	0	0	6	25	0	0	0	25	0	0	6.5	25	0	0	0	25	0	0	0.433		100.013	80.6829	0.5201	0	5.20034	0.727822	16.3373	1		0	12.0616	45.055	0	0	0	
2024-06-16 00:18:21	109	272	1	0	0	7.75	32	0	0	0	32	0	0	0.75	32	0	0	0	32	0	0	6.061		100.011	79.5934	0.0365162	0	0.365122	0.019707	16.0589	1		0.0088623	12.0705	44.6651	0	0	0	
2024-06-16 00:12:37	63	273	1	0	0	5	21	0	0	0	21	0	0	3.75	21	0	0	0	21	0	0	1.082		100.007	83.3385	0.188066	0	1.88052	0.335875	14.7696	1		0.0088623	12.0616	45.3149	0	0	0	
2024-06-16 00:10:22	45	274	1	0	0	3	13	0	0	0	13	0	0	0.5	13	0	0	0	13	0	0	2.165		100.018	82.18	0.0870175	0	0.870019	0.102366	13.6662	1		0	12.0705	45.8346	0	0	0	
2024-06-16 00:07:48	24	275	1	0	0	1	5	0	0	0	5	0	0	1.5	5	0	0	0	5	0	0	0.433		100.019	82.306	0.458039	0	4.57954	0.129851	14.3871	1		0.0088623	12.0616	47.1341	0	0	0	
2024-06-16 00:25:25	164	276	1	0	0	2	9	0	0	5.75	9	0	0	3.25	9	0	0	4.5	9	0	0	0.649		100.012	19.8977	0.172491	0	1.7247	0.0876618	13.5458	2		0	12.0705	44.6651	0	0	0	
2024-06-16 00:12:09	60	277	5	0	0	4	17	0	0	0	17	0	0	1.75	17	0	0	0	17	0	0	1.948		100.01	81.099	0.0962201	0	0.962101	0.169764	13.6014	1		0	12.0705	45.4448	0	0	0	
2024-06-16 00:20:32	127	278	1	0	0	2.5	11	0	0	0	11	0	0	3.25	11	0	0	0	11	0	0	0.649		100.004	79.2626	0.312241	0	3.12228	0.450003	14.7134	1		0.0088623	11.9464	44.6651	0	0	0	
2024-06-16 00:17:30	102	279	5	0	0	7.75	32	0	0	0	32	0	0	5.5	32	0	0	0	32	0	0	1.948		100.014	80.0928	0.100061	0	1.00047	0.106486	14.1438	1		0.0088623	12.0705	44.7951	0	0	0	
2024-06-16 00:17:52	105	280	5	0	0	7.75	32	0	0	0	32	0	0	4.25	32	0	0	0	32	0	0	3.031		100.008	79.6175	0.063749	0	0.637438	0.00809208	14.018	1		0.0088623	12.0705	44.6651	0	0	0	
2024-06-16 00:14:22	77	281	1	0	0	6	25	0	0	0	25	0	0	1.5	25	0	0	0	25	0	0	3.897		100.01	80.6834	0.0564969	0	0.56491	0.212461	15.9724	1		0.0088623	12.0705	45.055	0	0	0	
2024-06-16 00:10:50	49	282	1	0	0	4	17	0	0	0	17	0	0	5	17	0	0	0	17	0	0	0.866		100.011	81.5834	0.249689	0	2.49662	0.336342	15.6867	1		0	12.0616	45.5748	0	0	0	
2024-06-16 00:12:09	60	283	1	0	0	4	17	0	0	0	17	0	0	3.75	17	0	0	0	17	0	0	0.216		100.01	81.099	0.83478	0	8.34693	0.160026	13.1113	1		0	12.0705	45.4448	0	0	0	
2024-06-16 00:05:12	3	284	1	0	0	0	1	0	0	0	1	0	0	1.25	1	0	0	0	1	0	0	1.082		100.024	86.1627	0.174408	0	1.74366	0.164728	13.6947	1		0.0088623	12.0705	49.3432	0	0	0	
2024-06-16 00:08:24	29	285	5	0	0	2	9	0	0	0	9	0	0	5.5	9	0	0	0	9	0	0	3.031		100.015	81.4229	0.107091	0	1.07075	0.176885	23.5469	2		0	12.0616	46.7443	0	0	0	
2024-06-16 00:07:56	25	286	9	0	0	2	9	0	0	0	9	0	0	4.25	9	0	0	0	9	0	0	1.948		100.021	82.5971	0.0989759	0	0.989551	0.105531	13.9895	1		0.0088623	12.0705	47.0042	0	0	0	
2024-06-16 00:15:38	87	287	1	0	0	7	29	0	0	0	29	0	0	3.25	29	0	0	0	29	0	0	3.247		100.005	79.9905	0.0617109	0	0.617076	0.0628123	14.5395	1		0	11.9375	44.925	0	0	0	
2024-06-16 00:06:56	17	288	1	0	0	1	5	0	0	0	5	0	0	2.75	5	0	0	0	5	0	0	1.515		100.021	83.0109	0.120674	0	1.20649	0.158415	13.266	1		0.0088623	12.0705	47.7838	0	0	0	
2024-06-16 00:04:50	1	289	9	0	0	0	1	0	0	0	1	0	0	7	1	0	0	0	1	0	0	6.061		100.017	85.7636	0.0396056	0	0.395988	0.0763381	17.4165	2		0.0088623	11.973	49.4731	0	0	0	
2024-06-16 00:13:32	70	290	5	0	0	5	21	0	0	0	21	0	0	1.25	21	0	0	0	21	0	0	3.247		100.008	80.646	0.066923	0	0.669176	0.225694	15.7671	1		0	12.0705	45.1849	0	0	0	
2024-06-16 00:08:49	32	291	1	0	0	2	9	0	0	0	9	0	0	1	9	0	0	0	9	0	0	0.866		100.016	82.7055	0.218902	0	2.18867	0.262847	13.7518	1		0.0088623	12.0616	46.6143	0	0	0	
2024-06-16 00:09:24	37	292	5	0	0	3	13	0	0	0	13	0	0	7.5	13	0	0	0	13	0	0	3.897		100.017	83.2523	0.05311	0	0.531008	0.198409	15.0139	1		0.0088623	12.0705	46.0945	0	0	0	
2024-06-16 00:10:15	44	293	9	0	0	3	13	0	0	0	13	0	0	6.25	13	0	0	0	13	0	0	2.814		100.013	82.1913	0.0726703	0	0.726607	0.0972044	14.8376	1		0	11.9464	46.0945	0	0	0	
2024-06-16 00:15:45	88	294	9	0	0	7	29	0	0	0	29	0	0	7.25	29	0	0	0	29	0	0	0.216		100.008	79.4864	0.733598	0	7.33542	0.222209	11.5225	2		0	12.0616	44.7951	0	0	0	
2024-06-16 00:07:03	18	295	9	0	0	1	5	0	0	0	5	0	0	6.75	5	0	0	0	5	0	0	4.979		100.019	83.1263	0.0501755	0	0.501659	0.0358484	18.1241	1		0.0088623	12.0705	47.6539	0	0	0	
2024-06-16 00:14:15	76	296	9	0	0	6	25	0	0	0	25	0	0	5.75	25	0	0	0	25	0	0	0.216		100.01	81.8279	0.81973	0	8.19646	0.429597	12.875	1		0	12.0616	45.055	0	0	0	
2024-06-16 00:14:41	79	297	9	0	0	6	25	0	0	0	25	0	0	4.5	25	0	0	0	25	0	0	1.299		100.011	80.218	0.157333	0	1.57316	0.27598	14.8267	1		0.0088623	12.0705	45.055	0	0	0	
2024-06-16 00:18:14	108	298	1	0	0	7.75	32	0	0	0	32	0	0	0	32	0	0	0	32	0	0	6.711		100.011	79.8105	0.0340475	0	0.340438	0.0180815	16.5775	1		0	12.0616	44.7951	0	0	0	
2024-06-16 00:13:39	71	299	5	0	0	5	21	0	0	0	21	0	0	3	21	0	0	0	21	0	0	1.732		100.006	80.7231	0.109057	0	1.09051	0.0702222	13.7037	1		0	12.0616	45.055	0	0	0	
2024-06-16 00:07:03	18	300	1	0	0	1	5	0	0	0	5	0	0	0.75	5	0	0	0	5	0	0	0.216		100.019	83.1263	0.765808	0	7.65662	0.20335	12.027	1		0.0088623	12.0705	47.6539	0	0	0	
2024-06-16 00:22:19	140	301	1	0	0	5.75	24	0	0	0	24	0	0	2	24	0	0	0	24	0	0	3.247		100.003	79.0174	0.0660457	0	0.660436	0.0305697	15.5611	1		0	12.0616	44.6651	0	0	0	
2024-06-16 00:11:47	57	302	5	0	0	4	17	0	0	0	17	0	0	1	17	0	0	0	17	0	0	2.598		100.01	81.2884	0.0733529	0	0.733457	0.292585	13.8253	1		0.0088623	12.0705	45.5748	0	0	0	
2024-06-16 00:18:07	107	303	1	0	0	7.75	32	0	0	0	32	0	0	3.5	32	0	0	0	32	0	0	3.68		100.007	80.1005	0.0526594	0	0.526557	0.288942	14.0609	1		0.0088623	12.0705	44.7951	0	0	0	
2024-06-16 00:14:15	76	304	1	0	0	6	25	0	0	0	25	0	0	0.75	25	0	0	0	25	0	0	4.546		100.01	81.8279	0.0521692	0	0.521638	0.0276732	17.2071	1		0	12.0616	45.055	0	0	0	
2024-06-16 00:11:40	56	305	1	0	0	4	17	0	0	0	17	0	0	3	17	0	0	0	17	0	0	0.866		100.01	80.7845	0.238087	0	2.38063	0.163798	14.9579	1		0.0088623	11.9464	45.5748	0	0	0	
2024-06-16 00:05:26	5	306	1	0	0	0	1	0	0	0	1	0	0	0.5	1	0	0	0	1	0	0	0.433		100.024	84.9209	0.453044	0	4.52937	0.129547	14.2294	1		0.0088623	12.0705	48.9533	0	0	0	
2024-06-16 00:24:29	158	307	1	0	0	3.5	15	0	0	4.25	15	0	0	2.75	15	0	0	5	15	0	0	0.389		100.014	19.1231	0.327599	0	3.27555	0.0783544	15.4357	1		0.0088623	12.0705	44.7951	0	0	0	
2024-06-16 00:09:03	34	308	5	0	0	2	9	0	0	0	9	0	0	3.5	9	0	0	0	9	0	0	1.299		100.013	82.5246	0.148824	0	1.48804	0.256961	14.0245	1		0	12.0705	46.3544	0	0	0	
2024-06-16 00:16:33	94	309	1	0	0	7	29	0	0	0	29	0	0	2.5	29	0	0	0	29	0	0	3.897		100.009	80.0843	0.0553977	0	0.553928	0.26674	15.6619	1		0.0088623	12.0705	44.6651	0	0	0	
2024-06-16 00:16:10	91	310	1	0	0	7	29	0	0	0	29	0	0	2	29	0	0	0	29	0	0	4.33		100.005	80.0713	0.050441	0	0.504385	0.111513	15.8457	1		0.0088623	12.0616	44.7951	0	0	0	
2024-06-16 00:05:19	4	311	5	0	0	0	1	0	0	0	1	0	0	7.5	1	0	0	0	1	0	0	6.494		100.023	85.4648	0.0371764	0	0.371677	0.245233	17.5148	1		0.0088623	12.0705	49.2132	0	0	0	
2024-06-16 00:05:33	6	312	5	0	0	0	1	0	0	0	1	0	0	6.25	1	0	0	0	1	0	0	5.412		100.024	85.4412	0.0436175	0	0.436072	0.119556	17.1245	1		0.0088623	12.0705	48.8234	0	0	0	
2024-06-16 00:12:23	62	313	1	0	0	5	21	0	0	0	21	0	0	0.5	21	0	0	0	21	0	0	3.897		100.01	79.6434	0.060013	0	0.600071	0.339688	16.9666	4		0.0088623	12.0616	45.055	0	0	0	
2024-06-16 00:23:03	146	314	1	0	0	1.25	6	0	0	0	6	0	0	0.5	6	0	0	0	6	0	0	0.649		100.007	78.5205	0.315632	0	3.15609	0.292476	14.8727	1		0	12.0616	44.5352	0	0	0	
2024-06-16 00:13:14	68	315	5	0	0	5	21	0	0	0	21	0	0	7	21	0	0	0	21	0	0	1.732		100.008	80.3319	0.115673	0	1.15664	0.0106289	14.5347	2		0	12.0705	45.1849	0	0	0	
2024-06-16 00:07:56	25	316	1	0	0	2	9	0	0	0	9	0	0	0.25	9	0	0	0	9	0	0	1.515		100.021	82.5971	0.125246	0	1.2522	0.177236	13.7687	1		0.0088623	12.0705	47.0042	0	0	0	
2024-06-16 00:11:11	52	317	9	0	0	4	17	0	0	0	17	0	0	7	17	0	0	0	17	0	0	2.598		100.012	81.0707	0.076929	0	0.769199	0.121781	14.4991	1		0	12.0705	45.7047	0	0	0	
2024-06-16 00:09:32	38	318	9	0	0	3	13	0	0	0	13	0	0	5.5	13	0	0	0	13	0	0	2.165		100.013	82.7726	0.0922629	0	0.922506	0.254464	14.4907	1		0	12.0705	46.2245	0	0	0	
2024-06-16 00:10:08	43	319	5	0	0	3	13	0	0	0	13	0	0	4.25	13	0	0	0	13	0	0	1.082		100.015	82.4762	0.184258	0	1.84231	0.190796	14.4695	1		0.0088623	12.0705	46.0945	0	0	0	
2024-06-16 00:16:33	94	320	5	0	0	7	29	0	0	0	29	0	0	7.75	29	0	0	0	29	0	0	0.649		100.009	80.0843	0.343295	0	3.43265	0.395143	16.176	1		0.0088623	12.0705	44.6651	0	0	0	
2024-06-16 00:16:25	93	321	5	0	0	7	29	0	0	0	29	0	0	6.5	29	0	0	0	29	0	0	0.433		100.012	80.4568	0.494055	0	4.93993	0.380781	15.5192	1		0	12.0616	44.7951	0	0	0	
2024-06-16 00:07:20	20	322	9	0	0	1	5	0	0	0	5	0	0	6	5	0	0	0	5	0	0	4.33		100.019	82.1936	0.0556363	0	0.556259	0.317666	17.4754	1		0.0088623	12.0705	47.394	0	0	0	
2024-06-16 00:06:28	13	323	5	0	0	1	5	0	0	0	5	0	0	4.75	5	0	0	0	5	0	0	3.247		100.025	83.3471	0.0678115	0	0.677944	0.189804	15.9737	1		0	12.0705	48.0437	0	0	0	
2024-06-16 00:20:47	129	324	9	0	0	4.75	20	0	0	0	20	0	0	5	20	0	0	0	20	0	0	0.216		100.003	79.0826	0.781009	0	7.80982	0.355756	12.2676	1		0	12.0616	44.5352	0	0	0	
2024-06-16 00:14:22	77	325	9	0	0	6	25	0	0	0	25	0	0	5	25	0	0	0	25	0	0	0.866		100.01	80.6834	0.247882	0	2.47856	0.634039	15.5733	1		0.0088623	12.0705	45.055	0	0	0	
2024-06-16 00:15:24	85	326	1	0	0	6	25	0	0	0	25	0	0	3.75	25	0	0	0	25	0	0	1.948		100.007	80.3161	0.101239	0	1.01232	0.158402	14.3113	1		0	12.0616	44.925	0	0	0	
2024-06-16 00:07:42	23	327	1	0	0	1	5	0	0	0	5	0	0	0	5	0	0	0	5	0	0	0.866		100.017	82.4868	0.226193	0	2.26155	0.0677594	14.2097	1		0.0088623	12.0705	47.264	0	0	0	
2024-06-16 00:19:40	120	328	9	0	0	0.75	4	0	0	0	4	0	0	7	4	0	0	0	4	0	0	5.412		100.006	79.1159	0.043206	0	0.432034	0.328787	16.9659	1		0.0088623	11.9552	44.6651	0	0	0	
2024-06-16 00:12:02	59	329	1	0	0	4	17	0	0	0	17	0	0	0.25	17	0	0	0	17	0	0	3.247		100.011	81.0036	0.0605423	0	0.605355	0.0107269	14.2633	1		0	12.0616	45.3149	0	0	0	
2024-06-16 00:17:59	106	330	1	0	0	7.75	32	0	0	0	32	0	0	2.75	32	0	0	0	32	0	0	4.33		100.012	80.0278	0.0467215	0	0.467157	0.04793	14.6762	1		0.0088623	12.0705	44.6651	0	0	0	
2024-06-16 00:14:30	78	331	1	0	0	6	25	0	0	0	25	0	0	0	25	0	0	0	25	0	0	5.195		100.009	79.8511	0.0491783	0	0.49174	0.0684514	18.5382	2		0.0088623	12.0616	44.925	0	0	0	
2024-06-16 00:09:03	34	332	1	0	0	2	9	0	0	0	9	0	0	2.75	9	0	0	0	9	0	0	0.649		100.013	82.5246	0.317502	0	3.17461	0.409144	14.96	1		0	12.0705	46.3544	0	0	0	
2024-06-16 00:16:25	93	333	1	0	0	7	29	0	0	0	29	0	0	1.25	29	0	0	0	29	0	0	4.979		100.012	80.4568	0.0478659	0	0.478599	0.220845	17.291	1		0	12.0616	44.7951	0	0	0	
2024-06-16 00:05:19	4	334	9	0	0	0	1	0	0	0	1	0	0	5.5	1	0	0	0	1	0	0	4.762		100.023	85.4648	0.0637255	0	0.637106	0.309428	22.0168	1		0.0088623	12.0705	49.2132	0	0	0	
2024-06-16 00:05:47	8	335	5	0	0	0	1	0	0	0	1	0	0	4.25	1	0	0	0	1	0	0	3.68		100.025	84.3675	0.0563566	0	0.563427	0.189269	15.0455	1		0.0088623	12.0616	48.5635	0	0	0	
