Time	MeasID	DPID	Channel	A(x)	A(y)	A(z)	A(adr)	B(x)	B(y)	B(z)	B(adr)	M(x)	M(y)	M(z)	M(adr)	N(x)	N(y)	N(z)	N(adr)	F(x)	F(y)	F(z)	Note	I(mA)	Uout(V)	U(V)	SP(V)	R(Ohm)	Var(%)	Rho-a(Ohm-m)	Cycles	IP Delay Window(mV/V)	Pint(V)	Pext(V)	T int(deg C)	T log(deg C)	Latitude	Longitude
2024-06-16 10:20:49	934	1676	5	0	0	7.75	32	0	0	0	32	0	0	2	32	0	0	0	32	0	0	4.979		100.008	85.1527	0.0417494	0	0.41746	0.141239	15.0821	1		0	12.0705	45.055	0	0	0	
2024-06-16 10:14:54	894	1677	5	0	0	5	21	0	0	0	21	0	0	7.5	21	0	0	0	21	0	0	2.165		100.007	86.0891	0.090459	0	0.904523	0.13748	14.2082	1		0.0088623	12.0705	45.3149	0	0	0	
2024-06-16 10:14:11	889	1678	9	0	0	5	21	0	0	0	21	0	0	6.25	21	0	0	0	21	0	0	1.082		100.009	86.6017	0.195522	0	1.95505	0.360087	15.3549	1		0.0088623	12.0616	45.5748	0	0	0	
2024-06-16 10:11:34	871	1679	1	0	0	3	13	0	0	0	13	0	0	1.75	13	0	0	0	13	0	0	1.082		100.018	90.6006	0.176142	0	1.7611	0.146645	13.8316	1		0.0088623	12.0616	45.8346	0	0	0	
2024-06-16 10:20:14	930	1680	5	0	0	7.75	32	0	0	0	32	0	0	6.75	32	0	0	0	32	0	0	0.866		100.009	87.7059	0.247819	0	2.47796	0.239798	15.5695	1		0.0088623	12.0616	44.925	0	0	0	
2024-06-16 10:26:33	973	1681	1	0	0	3.25	14	0	0	0	14	0	0	2.5	14	0	0	0	14	0	0	0.649		100.009	83.4502	0.30996	0	3.09933	0.435293	14.6053	1		0.0088623	12.0705	45.1849	0	0	0	
2024-06-16 10:12:17	876	1682	5	0	0	4	17	0	0	0	17	0	0	7.5	17	0	0	0	17	0	0	3.031		100.01	85.6957	0.0659644	0	0.659577	0.162864	14.5049	2		0	12.0705	45.8346	0	0	0	
2024-06-16 10:13:12	882	1683	5	0	0	4	17	0	0	0	17	0	0	6.25	17	0	0	0	17	0	0	1.948		100.012	87.2711	0.101962	0	1.0195	0.00432835	14.4128	1		0.0088623	12.0705	45.7047	0	0	0	
2024-06-16 10:10:34	864	1684	1	0	0	3	13	0	0	0	13	0	0	3.5	13	0	0	0	13	0	0	0.433		100.02	88.2662	0.470514	0	4.70417	0.463438	14.7786	1		0	12.0616	46.3544	0	0	0	
2024-06-16 10:08:49	852	1685	5	0	0	2	9	0	0	0	9	0	0	6.75	9	0	0	0	9	0	0	4.113		100.022	87.9391	0.0531208	0	0.531092	0.0207569	15.8505	2		0.0088623	12.0705	47.1341	0	0	0	
2024-06-16 10:18:01	915	1686	9	0	0	7	29	0	0	0	29	0	0	5.75	29	0	0	0	29	0	0	1.082		100.009	85.8136	0.195304	0	1.95287	0.418739	15.3378	1		0	12.0616	45.055	0	0	0	
2024-06-16 10:17:51	914	1687	9	0	0	7	29	0	0	0	29	0	0	4.5	29	0	0	0	29	0	0	2.165		100.01	87.7495	0.0908994	0	0.908908	0.0854175	14.2771	1		0.0088623	12.0616	45.3149	0	0	0	
2024-06-16 10:07:34	844	1688	9	0	0	1	5	0	0	0	5	0	0	5.25	5	0	0	0	5	0	0	3.68		100.025	87.3888	0.0606759	0	0.60661	0.133696	16.1986	1		0	12.0705	47.7838	0	0	0	
2024-06-16 10:07:42	845	1689	9	0	0	1	5	0	0	0	5	0	0	4	5	0	0	0	5	0	0	2.598		100.022	87.6733	0.0732705	0	0.73254	0.0542586	13.8081	1		0.0088623	12.0705	47.5239	0	0	0	
2024-06-16 10:24:49	961	1690	1	0	0	4.75	20	0	0	0	20	0	0	3	20	0	0	0	20	0	0	1.515		100.008	83.3305	0.126136	0	1.26126	0.256816	13.8683	1		0	12.0705	45.1849	0	0	0	
2024-06-16 10:17:06	909	1691	5	0	0	6	25	0	0	0	25	0	0	3	25	0	0	0	25	0	0	2.598		100.007	86.7195	0.0772958	0	0.772905	0.144377	14.5689	1		0.0088623	12.0705	45.1849	0	0	0	
2024-06-16 10:10:08	861	1692	5	0	0	2	9	0	0	0	9	0	0	2.25	9	0	0	0	9	0	0	0.216		100.022	90.337	0.74398	0	7.43818	0.357965	11.6839	1		0	12.0616	46.6143	0	0	0	
2024-06-16 10:17:23	911	1693	1	0	0	7	29	0	0	0	29	0	0	0.5	29	0	0	0	29	0	0	5.628		100.008	86.2983	0.0441956	0	0.441923	0.326456	18.0484	1		0.0088623	12.0705	45.055	0	0	0	
2024-06-16 10:06:34	837	1694	1	0	0	0	1	0	0	0	1	0	0	3.5	1	0	0	0	1	0	0	3.031		100.02	88.5219	0.06743	0	0.674164	0.789824	14.8256	1		0.0088623	12.0705	48.4336	0	0	0	
2024-06-16 10:26:25	972	1695	1	0	0	1.75	8	0	0	0	8	0	0	0	8	0	0	0	8	0	0	1.515		100.006	83.3456	0.121529	0	1.21521	0.0549221	13.362	1		0.0088623	12.0705	45.1849	0	0	0	
2024-06-16 10:15:38	899	1696	9	0	0	6	25	0	0	0	25	0	0	7	25	0	0	0	25	0	0	0.866		100.011	86.5014	0.256639	0	2.56611	0.609017	16.1234	1		0.0088623	12.0705	45.055	0	0	0	
2024-06-16 10:25:34	966	1697	1	0	0	6.5	27	0	0	0	27	0	0	1.25	27	0	0	0	27	0	0	4.546		100.014	86.0889	0.0539746	0	0.539668	0.761345	17.8019	1		0	12.0616	45.1849	0	0	0	
2024-06-16 10:20:32	932	1698	1	0	0	7.75	32	0	0	0	32	0	0	1.25	32	0	0	0	32	0	0	5.628		100.006	84.9516	0.0390633	0	0.39061	0.202181	15.9528	1		0	12.0705	45.055	0	0	0	
2024-06-16 10:13:53	887	1699	9	0	0	5	21	0	0	0	21	0	0	5.5	21	0	0	0	21	0	0	0.433		100.01	87.6974	0.487907	0	4.8786	0.728767	15.3266	1		0	12.0705	45.5748	0	0	0	
2024-06-16 10:14:20	890	1700	5	0	0	5	21	0	0	0	21	0	0	4.25	21	0	0	0	21	0	0	0.649		100.011	86.5749	0.328911	0	3.28874	0.450627	15.4978	1		0	12.0705	45.5748	0	0	0	
2024-06-16 10:11:18	869	1701	1	0	0	3	13	0	0	0	13	0	0	1	13	0	0	0	13	0	0	1.732		100.022	87.886	0.10547	0	1.05447	0.0324926	13.2508	1		0.0088623	12.0616	46.0945	0	0	0	
2024-06-16 10:07:17	842	1702	1	0	0	1	5	0	0	0	5	0	0	2	5	0	0	0	5	0	0	0.866		100.026	88.0486	0.219928	0	2.19871	0.179943	13.8149	1		0.0088623	12.0705	47.6539	0	0	0	
2024-06-16 10:21:50	941	1703	9	0	0	1.75	8	0	0	0	8	0	0	6	8	0	0	0	8	0	0	3.68		100.011	86.8286	0.0602255	0	0.602186	0.0645053	16.0805	1		0	12.0616	45.1849	0	0	0	
2024-06-16 10:13:36	885	1704	5	0	0	4	17	0	0	0	17	0	0	2.25	17	0	0	0	17	0	0	1.515		100.014	89.1046	0.123469	0	1.23452	0.150924	13.5742	1		0.0088623	12.0616	45.5748	0	0	0	
2024-06-16 10:19:57	928	1705	9	0	0	7.75	32	0	0	0	32	0	0	6	32	0	0	0	32	0	0	1.515		100.015	87.4576	0.132119	0	1.32099	0.163094	14.5251	1		0.0088623	12.0616	45.1849	0	0	0	
2024-06-16 10:19:40	926	1706	9	0	0	7.75	32	0	0	0	32	0	0	4.75	32	0	0	0	32	0	0	2.598		100.011	87.7862	0.0735369	0	0.73529	0.0435358	13.8599	1		0.0088623	12.0705	45.1849	0	0	0	
2024-06-16 10:16:33	905	1707	1	0	0	6	25	0	0	0	25	0	0	2	25	0	0	0	25	0	0	3.464		100.012	85.8598	0.0639102	0	0.639023	0.0847506	16.0604	1		0.0088623	12.0705	45.3149	0	0	0	
2024-06-16 10:12:29	877	1708	5	0	0	4	17	0	0	0	17	0	0	5.5	17	0	0	0	17	0	0	1.299		100.012	86.3116	0.158821	0	1.58802	0.0342895	14.9668	1		0	12.0616	45.7047	0	0	0	
2024-06-16 10:13:02	881	1709	5	0	0	4	17	0	0	0	17	0	0	4.25	17	0	0	0	17	0	0	0.216		100.019	89.3011	0.844326	0	8.44167	0.255825	13.2601	1		0.0088623	11.9464	45.8346	0	0	0	
2024-06-16 10:05:20	829	1710	1	0	0	0	1	0	0	0	1	0	0	1.75	1	0	0	0	1	0	0	1.515		100.027	89.1081	0.122091	0	1.22058	0.0595477	13.421	1		0.0088623	12.0705	49.6031	0	0	0	
2024-06-16 10:27:42	981	1711	1	0	0	3.75	16	0	0	4	16	0	0	3.5	16	0	0	4.25	16	0	0	0.13		100.017	18.3033	0.594272	0	5.9417	0.00661781	9.33319	1		0.0088623	12.0705	45.3149	0	0	0	
2024-06-16 10:10:51	866	1712	1	0	0	3	13	0	0	0	13	0	0	2.75	13	0	0	0	13	0	0	0.216		100.018	88.2106	0.746417	0	7.46284	0.455499	11.7226	1		0.0088623	12.0705	46.3544	0	0	0	
2024-06-16 10:09:44	858	1713	9	0	0	2	9	0	0	0	9	0	0	6	9	0	0	0	9	0	0	3.464		100.016	88.4275	0.0639674	0	0.639571	0.0412222	16.0742	1		0	12.0616	46.6143	0	0	0	
2024-06-16 10:08:33	851	1714	9	0	0	2	9	0	0	0	9	0	0	4.75	9	0	0	0	9	0	0	2.381		100.018	85.7254	0.0811652	0	0.811503	4.01181	14.0218	4		0.0088623	12.0705	47.264	0	0	0	
2024-06-16 10:17:32	912	1715	5	0	0	7	29	0	0	0	29	0	0	5	29	0	0	0	29	0	0	1.732		100.005	84.7309	0.114174	0	1.14168	0.0146816	14.3468	2		0	12.0616	45.055	0	0	0	
2024-06-16 10:17:32	912	1716	1	0	0	7	29	0	0	0	29	0	0	3.75	29	0	0	0	29	0	0	2.814		100.005	84.7309	0.0708762	0	0.70873	0.114715	14.4725	2		0	12.0616	45.055	0	0	0	
2024-06-16 10:07:50	846	1717	1	0	0	1	5	0	0	0	5	0	0	3.25	5	0	0	0	5	0	0	1.948		100.025	90.6196	0.0940918	0	0.940681	0.108404	13.2986	1		0.0088623	12.0616	47.5239	0	0	0	
2024-06-16 10:21:22	938	1718	9	0	0	2.75	12	0	0	0	12	0	0	5	12	0	0	0	12	0	0	1.948		100.006	85.3116	0.0965449	0	0.965393	0.00638136	13.6479	1		0	12.0705	44.925	0	0	0	
2024-06-16 10:14:28	891	1719	1	0	0	5	21	0	0	0	21	0	0	1.75	21	0	0	0	21	0	0	2.814		100.006	86.2445	0.0731095	0	0.731051	0.207027	14.9283	1		0.0088623	12.0616	45.3149	0	0	0	
2024-06-16 10:09:44	858	1720	1	0	0	2	9	0	0	0	9	0	0	1.5	9	0	0	0	9	0	0	0.433		100.016	88.4275	0.447327	0	4.47255	0.254444	14.0509	1		0	12.0616	46.6143	0	0	0	
2024-06-16 10:06:06	834	1721	1	0	0	0	1	0	0	0	1	0	0	2.75	1	0	0	0	1	0	0	2.381		100.023	88.1792	0.114927	0	1.14901	0.368506	19.8535	2		0	12.0705	48.6935	0	0	0	
2024-06-16 10:21:14	937	1722	9	0	0	3.25	14	0	0	0	14	0	0	4.5	14	0	0	0	14	0	0	1.082		100.007	87.6425	0.183564	0	1.83551	0.195303	14.4161	1		0.0088623	12.0705	44.925	0	0	0	
2024-06-16 10:11:18	869	1723	9	0	0	3	13	0	0	0	13	0	0	6.75	13	0	0	0	13	0	0	3.247		100.022	87.886	0.0640288	0	0.640149	0.187845	15.0832	1		0.0088623	12.0616	46.0945	0	0	0	
2024-06-16 10:06:59	840	1724	5	0	0	1	5	0	0	0	5	0	0	7.25	5	0	0	0	5	0	0	5.412		100.019	89.3998	0.0565831	0	0.565724	0.821632	22.2159	1		0.0088623	12.0705	48.1737	0	0	0	
2024-06-16 10:15:58	901	1725	5	0	0	6	25	0	0	0	25	0	0	7.5	25	0	0	0	25	0	0	1.299		100.015	85.3987	0.157715	0	1.57692	0.175339	14.8621	1		0	12.0705	45.3149	0	0	0	
2024-06-16 10:16:16	903	1726	5	0	0	6	25	0	0	0	25	0	0	6.25	25	0	0	0	25	0	0	0.216		100.013	85.2126	0.829089	0	8.28978	0.399911	13.0216	1		0.0088623	12.0705	45.3149	0	0	0	
2024-06-16 10:20:23	931	1727	1	0	0	7.75	32	0	0	0	32	0	0	0.5	32	0	0	0	32	0	0	6.278		100.011	85.2379	0.0364317	0	0.364277	0.174199	16.594	1		0.0088623	12.0705	45.055	0	0	0	
2024-06-16 10:15:11	896	1728	1	0	0	5	21	0	0	0	21	0	0	3.5	21	0	0	0	21	0	0	1.299		100.012	88.3803	0.149521	0	1.49503	0.0283094	14.0903	1		0.0088623	11.9464	45.4448	0	0	0	
2024-06-16 10:10:25	863	1729	1	0	0	3	13	0	0	0	13	0	0	0.25	13	0	0	0	13	0	0	2.381		100.017	89.2038	0.0777825	0	0.77769	0.0827556	13.4375	1		0.0088623	12.0705	46.3544	0	0	0	
2024-06-16 10:07:34	844	1730	1	0	0	1	5	0	0	0	5	0	0	1.25	5	0	0	0	5	0	0	0.216		100.025	87.3888	0.747252	0	7.47068	0.233501	11.7349	1		0	12.0705	47.7838	0	0	0	
2024-06-16 10:13:12	882	1731	1	0	0	4	17	0	0	0	17	0	0	1.5	17	0	0	0	17	0	0	2.165		100.012	87.2711	0.0856528	0	0.856429	0.0498562	13.4528	1		0.0088623	12.0705	45.7047	0	0	0	
2024-06-16 10:21:58	942	1732	9	0	0	1.5	7	0	0	0	7	0	0	6.25	7	0	0	0	7	0	0	4.113		100.006	82.2194	0.0557411	0	0.557376	0.929614	16.635	4		0	12.0616	45.1849	0	0	0	
2024-06-16 10:19:49	927	1733	5	0	0	7.75	32	0	0	0	32	0	0	5.25	32	0	0	0	32	0	0	2.165		100.01	85.2593	0.0881049	0	0.88096	0.259919	13.8381	1		0	12.0705	45.055	0	0	0	
2024-06-16 10:19:40	926	1734	5	0	0	7.75	32	0	0	0	32	0	0	4	32	0	0	0	32	0	0	3.247		100.011	87.7862	0.0592271	0	0.592208	0.072423	13.9536	1		0.0088623	12.0705	45.1849	0	0	0	
2024-06-16 10:15:46	900	1735	1	0	0	6	25	0	0	0	25	0	0	1.25	25	0	0	0	25	0	0	4.113		100.01	84.8385	0.0583962	0	0.583906	0.2729	17.4267	2		0.0088623	12.0705	45.3149	0	0	0	
2024-06-16 10:13:28	884	1736	5	0	0	4	17	0	0	0	17	0	0	3.5	17	0	0	0	17	0	0	0.433		100.011	86.6124	0.499766	0	4.99713	0.32409	15.6989	1		0	12.0705	45.7047	0	0	0	
2024-06-16 10:05:40	831	1737	1	0	0	0	1	0	0	0	1	0	0	1	1	0	0	0	1	0	0	0.866		100.023	88.5524	0.226519	0	2.26468	0.155752	14.2294	1		0.0088623	12.0616	48.9533	0	0	0	
2024-06-16 10:09:17	855	1738	5	0	0	2	9	0	0	0	9	0	0	5.25	9	0	0	0	9	0	0	2.814		100.017	88.0589	0.0773518	0	0.773389	0.0186708	15.7929	1		0	12.0705	46.7443	0	0	0	
2024-06-16 10:09:17	855	1739	9	0	0	2	9	0	0	0	9	0	0	4	9	0	0	0	9	0	0	1.732		100.017	88.0589	0.108851	0	1.08833	0.15489	13.6763	1		0	12.0705	46.7443	0	0	0	
2024-06-16 10:26:41	974	1740	1	0	0	3.5	15	0	0	0	15	0	0	2.25	15	0	0	0	15	0	0	1.082		100.007	82.4339	0.177927	0	1.77915	0.304365	13.9734	1		0	12.0705	45.1849	0	0	0	
2024-06-16 10:17:51	914	1741	1	0	0	7	29	0	0	0	29	0	0	3	29	0	0	0	29	0	0	3.464		100.01	87.7495	0.0588752	0	0.588696	0.152138	14.7955	1		0.0088623	12.0616	45.3149	0	0	0	
2024-06-16 10:06:59	840	1742	1	0	0	1	5	0	0	0	5	0	0	2.5	5	0	0	0	5	0	0	1.299		100.019	89.3998	0.144243	0	1.44216	0.0464091	13.592	1		0.0088623	12.0705	48.1737	0	0	0	
2024-06-16 10:05:11	828	1743	9	0	0	0	1	0	0	0	1	0	0	6.75	1	0	0	0	1	0	0	5.845		100.024	88.2987	0.0407489	0	0.40739	0.29045	17.278	1		0.0088623	12.0705	49.733	0	0	0	
2024-06-16 10:23:16	950	1744	1	0	0	2.75	12	0	0	0	12	0	0	3	12	0	0	0	12	0	0	0.216		100.01	86.0479	0.74454	0	7.44464	0.621854	11.694	1		0	12.0616	45.1849	0	0	0	
2024-06-16 10:14:46	893	1745	1	0	0	5	21	0	0	0	21	0	0	1	21	0	0	0	21	0	0	3.464		100.008	85.656	0.0620775	0	0.620724	0.0345743	15.6005	1		0	12.0705	45.3149	0	0	0	
2024-06-16 10:29:03	990	1746	1	0	0	0.5	3	0	0	7.25	3	0	0	2.75	3	0	0	5	3	0	0	1.168		100.019	20.2535	0.0806272	0	0.806123	0.0895884	11.3963	2		0	12.0616	45.3149	0	0	0	
2024-06-16 10:24:06	956	1747	9	0	0	6.75	28	0	0	0	28	0	0	7	28	0	0	0	28	0	0	0.216		100.016	86.2133	0.791772	0	7.91646	0.688759	12.4351	1		0	12.0705	45.1849	0	0	0	
2024-06-16 10:10:16	862	1748	1	0	0	2	9	0	0	0	9	0	0	0.75	9	0	0	0	9	0	0	1.082		100.019	90.4786	0.170745	0	1.70713	0.191724	13.4078	1		0.0088623	12.0616	46.3544	0	0	0	
2024-06-16 10:10:34	864	1749	5	0	0	3	13	0	0	0	13	0	0	6	13	0	0	0	13	0	0	2.598		100.02	88.2662	0.0780196	0	0.780037	0.157474	14.7033	1		0	12.0616	46.3544	0	0	0	
2024-06-16 10:10:51	866	1750	9	0	0	3	13	0	0	0	13	0	0	4.75	13	0	0	0	13	0	0	1.515		100.018	88.2106	0.127416	0	1.27394	0.239214	14.0077	1		0.0088623	12.0705	46.3544	0	0	0	
2024-06-16 10:06:59	840	1751	9	0	0	1	5	0	0	0	5	0	0	7.75	5	0	0	0	5	0	0	5.845		100.019	89.3998	0.0390921	0	0.390847	0.374573	16.5764	1		0.0088623	12.0705	48.1737	0	0	0	
2024-06-16 10:07:50	846	1752	9	0	0	1	5	0	0	0	5	0	0	6.5	5	0	0	0	5	0	0	4.762		100.025	90.6196	0.0515402	0	0.515272	0.1859	17.8065	1		0.0088623	12.0616	47.5239	0	0	0	
2024-06-16 10:16:33	905	1753	5	0	0	6	25	0	0	0	25	0	0	5.5	25	0	0	0	25	0	0	0.433		100.012	85.8598	0.500489	0	5.00427	0.463526	15.7214	1		0.0088623	12.0705	45.3149	0	0	0	
2024-06-16 10:16:07	902	1754	9	0	0	6	25	0	0	0	25	0	0	4.25	25	0	0	0	25	0	0	1.515		100.01	84.8829	0.133821	0	1.33807	0.370107	14.7128	1		0.0088623	12.0616	45.1849	0	0	0	
2024-06-16 10:15:28	898	1755	5	0	0	5	21	0	0	0	21	0	0	2.75	21	0	0	0	21	0	0	1.948		100.012	88.9825	0.0965136	0	0.96502	0.0274287	13.6426	1		0.0088623	12.0616	45.1849	0	0	0	
2024-06-16 10:07:09	841	1756	1	0	0	1	5	0	0	0	5	0	0	0.5	5	0	0	0	5	0	0	0.433		100.024	87.9818	0.46911	0	4.68997	0.347222	14.734	1		0.0088623	12.0705	47.6539	0	0	0	
2024-06-16 10:12:08	875	1757	1	0	0	4	17	0	0	0	17	0	0	0.75	17	0	0	0	17	0	0	2.814		100.013	86.8811	0.0689997	0	0.68991	0.0797886	14.0882	1		0	12.0616	45.8346	0	0	0	
2024-06-16 10:20:06	929	1758	1	0	0	7.75	32	0	0	0	32	0	0	3.25	32	0	0	0	32	0	0	3.897		100.011	85.2415	0.0501326	0	0.50127	0.0630084	14.1731	1		0	12.0705	45.055	0	0	0	
2024-06-16 10:28:14	985	1759	1	0	0	2.75	12	0	0	5	12	0	0	0.5	12	0	0	7.25	12	0	0	1.168		100.022	19.9369	0.0795538	0	0.795365	0.0996665	11.2442	1		0.0088623	12.0705	45.3149	0	0	0	
2024-06-16 10:22:15	943	1760	9	0	0	1.25	6	0	0	0	6	0	0	6.5	6	0	0	0	6	0	0	4.546		100.008	86.2955	0.0519011	0	0.51897	0.497241	17.1191	1		0	12.0616	45.055	0	0	0	
2024-06-16 10:15:58	901	1761	1	0	0	6	25	0	0	0	25	0	0	0.5	25	0	0	0	25	0	0	4.762		100.015	85.3987	0.0550949	0	0.550865	0.579251	19.0365	1		0	12.0705	45.3149	0	0	0	
2024-06-16 10:13:44	886	1762	5	0	0	4	17	0	0	0	17	0	0	2.75	17	0	0	0	17	0	0	1.082		100.011	88.8396	0.180911	0	1.80892	0.198722	14.2072	1		0	12.0705	45.4448	0	0	0	
2024-06-16 10:05:11	828	1763	1	0	0	0	1	0	0	0	1	0	0	0.25	1	0	0	0	1	0	0	0.216		100.024	88.2987	0.753128	0	7.52946	0.196956	11.8272	1		0.0088623	12.0705	49.733	0	0	0	
2024-06-16 10:09:08	854	1764	1	0	0	2	9	0	0	0	9	0	0	3.25	9	0	0	0	9	0	0	1.082		100.02	90.1422	0.178469	0	1.78434	0.132856	14.0142	1		0.0088623	12.0705	47.0042	0	0	0	
2024-06-16 10:18:57	921	1765	1	0	0	7	29	0	0	0	29	0	0	1.75	29	0	0	0	29	0	0	4.546		100.01	84.5698	0.0503878	0	0.503827	0.191139	16.6196	1		0	12.0705	45.055	0	0	0	
2024-06-16 10:06:06	834	1766	5	0	0	0	1	0	0	0	1	0	0	6	1	0	0	0	1	0	0	5.195		100.023	88.1792	0.0489742	0	0.489632	0.0833719	18.4587	2		0	12.0705	48.6935	0	0	0	
2024-06-16 10:05:40	831	1767	9	0	0	0	1	0	0	0	1	0	0	4.75	1	0	0	0	1	0	0	4.113		100.023	88.5524	0.0523118	0	0.523	0.090081	15.609	1		0.0088623	12.0616	48.9533	0	0	0	
2024-06-16 10:25:50	968	1768	1	0	0	7.25	30	0	0	0	30	0	0	0.5	30	0	0	0	30	0	0	5.845		100.012	85.964	0.0498888	0	0.498827	0.785318	21.156	1		0	12.0705	45.1849	0	0	0	
2024-06-16 10:15:03	895	1769	1	0	0	5	21	0	0	0	21	0	0	0.25	21	0	0	0	21	0	0	4.113		100.008	86.1072	0.0516543	0	0.516502	0.21495	15.4151	1		0.0088623	12.0705	45.3149	0	0	0	
2024-06-16 10:14:46	893	1770	9	0	0	5	21	0	0	0	21	0	0	6.75	21	0	0	0	21	0	0	1.515		100.008	85.656	0.136712	0	1.36701	0.0980425	15.0311	1		0	12.0705	45.3149	0	0	0	
2024-06-16 10:12:00	874	1771	5	0	0	3	13	0	0	0	13	0	0	2.25	13	0	0	0	13	0	0	0.649		100.009	88.9171	0.30989	0	3.09862	0.302735	14.6019	1		0	12.0705	45.9646	0	0	0	
2024-06-16 10:10:00	860	1772	5	0	0	2	9	0	0	0	9	0	0	0	9	0	0	0	9	0	0	1.732		100.016	87.9385	0.125003	0	1.24983	0.0973271	15.7058	1		0	12.0705	46.6143	0	0	0	
2024-06-16 10:24:15	957	1773	9	0	0	6.5	27	0	0	0	27	0	0	7.25	27	0	0	0	27	0	0	0.649		100.012	84.0037	0.336617	0	3.36578	0.458861	15.8608	1		0.0088623	12.0616	45.055	0	0	0	
2024-06-16 10:19:32	925	1774	9	0	0	7.75	32	0	0	0	32	0	0	7.25	32	0	0	0	32	0	0	0.433		100.008	84.9376	0.479038	0	4.78999	0.787389	15.0482	1		0	12.0705	45.055	0	0	0	
2024-06-16 10:25:58	969	1775	1	0	0	7.5	31	0	0	0	31	0	0	0.25	31	0	0	0	31	0	0	6.278		100.01	86.059	0.0363779	0	0.363742	0.401815	16.5696	1		0.0088623	12.0616	45.3149	0	0	0	
2024-06-16 10:22:51	947	1776	1	0	0	0.75	4	0	0	0	4	0	0	1	4	0	0	0	4	0	0	0.216		100.011	84.2046	0.75964	0	7.59558	0.270331	11.9311	1		0.0088623	12.0705	45.055	0	0	0	
2024-06-16 10:25:05	963	1777	1	0	0	5.5	23	0	0	0	23	0	0	2.25	23	0	0	0	23	0	0	2.814		100.014	83.7823	0.0849728	0	0.849612	0.25923	17.3494	2		0.0088623	12.0705	45.055	0	0	0	
2024-06-16 10:12:55	880	1778	5	0	0	4	17	0	0	0	17	0	0	6.75	17	0	0	0	17	0	0	2.381		100.01	86.7438	0.0842825	0	0.842738	0.0734549	14.5615	1		0.0088623	12.0616	45.7047	0	0	0	
2024-06-16 10:10:42	865	1779	5	0	0	3	13	0	0	0	13	0	0	5.25	13	0	0	0	13	0	0	1.948		100.022	87.9735	0.0994432	0	0.994212	0.137062	14.0553	1		0	12.0616	46.2245	0	0	0	
2024-06-16 10:11:09	868	1780	5	0	0	3	13	0	0	0	13	0	0	4	13	0	0	0	13	0	0	0.866		100.016	88.4324	0.239221	0	2.39184	0.224078	15.0284	1		0	12.0705	46.0945	0	0	0	
2024-06-16 10:09:34	857	1781	5	0	0	2	9	0	0	0	9	0	0	7.25	9	0	0	0	9	0	0	4.546		100.023	90.2416	0.0536116	0	0.535994	0.551762	17.6807	1		0.0088623	12.0616	46.8742	0	0	0	
2024-06-16 10:18:30	918	1782	5	0	0	7	29	0	0	0	29	0	0	7.5	29	0	0	0	29	0	0	0.433		100.006	84.2953	0.468702	0	4.68675	0.444782	14.7239	1		0.0088623	12.0616	45.1849	0	0	0	
2024-06-16 10:18:01	915	1783	5	0	0	7	29	0	0	0	29	0	0	6.25	29	0	0	0	29	0	0	0.649		100.009	85.8136	0.339522	0	3.39491	0.582412	15.9981	1		0	12.0616	45.055	0	0	0	
2024-06-16 10:06:51	839	1784	9	0	0	1	5	0	0	0	5	0	0	5.75	5	0	0	0	5	0	0	4.113		100.019	89.2665	0.0529236	0	0.529134	0.0660584	15.7921	1		0	12.0705	48.1737	0	0	0	
2024-06-16 10:07:34	844	1785	5	0	0	1	5	0	0	0	5	0	0	4.5	5	0	0	0	5	0	0	3.031		100.025	87.3888	0.0693778	0	0.693607	0.203845	15.2532	1		0	12.0705	47.7838	0	0	0	
2024-06-16 10:16:41	906	1786	1	0	0	6	25	0	0	0	25	0	0	3.5	25	0	0	0	25	0	0	2.165		100.016	88.3842	0.0889377	0	0.889238	0.152891	13.9681	1		0.0088623	12.0616	45.3149	0	0	0	
2024-06-16 10:12:46	879	1787	1	0	0	4	17	0	0	0	17	0	0	0	17	0	0	0	17	0	0	3.464		100.009	87.4711	0.0604019	0	0.603967	0.138865	15.1793	1		0	12.0705	45.7047	0	0	0	
2024-06-16 10:19:57	928	1788	1	0	0	7.75	32	0	0	0	32	0	0	2.5	32	0	0	0	32	0	0	4.546		100.015	87.4576	0.0457026	0	0.456956	0.315809	15.0735	1		0.0088623	12.0616	45.1849	0	0	0	
2024-06-16 10:09:01	853	1789	1	0	0	2	9	0	0	0	9	0	0	2.5	9	0	0	0	9	0	0	0.433		100.021	87.6243	0.44948	0	4.49387	0.241981	14.1179	1		0	12.0616	47.0042	0	0	0	
2024-06-16 10:18:47	920	1790	5	0	0	7	29	0	0	0	29	0	0	1	29	0	0	0	29	0	0	5.195		100.006	84.9499	0.0461022	0	0.460994	0.146242	17.3791	1		0.0088623	12.0705	45.1849	0	0	0	
2024-06-16 10:05:57	833	1791	5	0	0	0	1	0	0	0	1	0	0	5.25	1	0	0	0	1	0	0	4.546		100.023	91.3906	0.0506339	0	0.50622	0.183144	16.6986	1		0	12.0705	48.9533	0	0	0	
2024-06-16 10:05:20	829	1792	5	0	0	0	1	0	0	0	1	0	0	4	1	0	0	0	1	0	0	3.464		100.027	89.1081	0.0601623	0	0.601462	0.194002	15.1164	1		0.0088623	12.0705	49.6031	0	0	0	
2024-06-16 10:20:14	930	1793	1	0	0	7.75	32	0	0	0	32	0	0	1.75	32	0	0	0	32	0	0	5.195		100.009	87.7059	0.0412757	0	0.412718	0.263667	15.5591	1		0.0088623	12.0616	44.925	0	0	0	
2024-06-16 10:14:37	892	1794	9	0	0	5	21	0	0	0	21	0	0	6	21	0	0	0	21	0	0	0.866		100.006	86.3313	0.249069	0	2.49053	0.349456	15.6485	1		0	12.0616	45.4448	0	0	0	
2024-06-16 10:14:02	888	1795	9	0	0	5	21	0	0	0	21	0	0	4.75	21	0	0	0	21	0	0	0.216		100.006	87.0863	0.772319	0	7.72273	0.526712	12.1308	1		0.0088623	12.0705	45.4448	0	0	0	
2024-06-16 10:11:26	870	1796	1	0	0	3	13	0	0	0	13	0	0	1.5	13	0	0	0	13	0	0	1.299		100.02	90.4534	0.14192	0	1.41891	0.0382164	13.3729	1		0	12.0705	46.0945	0	0	0	
2024-06-16 10:19:15	923	1797	5	0	0	7.75	32	0	0	0	32	0	0	6.5	32	0	0	0	32	0	0	1.082		100.009	85.3569	0.192413	0	1.92396	0.678263	15.1108	1		0	12.0705	45.1849	0	0	0	
2024-06-16 10:21:42	940	1798	9	0	0	2.25	10	0	0	0	10	0	0	5.5	10	0	0	0	10	0	0	2.814		100.007	84.178	0.0784555	0	0.784497	0.129688	16.0197	1		0	12.0705	45.055	0	0	0	
2024-06-16 10:28:06	984	1799	1	0	0	3	13	0	0	4.75	13	0	0	1.25	13	0	0	6.5	13	0	0	0.908		100.018	20.232	0.105222	0	1.05203	0.324785	11.5677	1		0	12.0705	45.055	0	0	0	
2024-06-16 10:13:02	881	1800	9	0	0	4	17	0	0	0	17	0	0	6	17	0	0	0	17	0	0	1.732		100.019	89.3011	0.115125	0	1.15104	0.209816	14.4644	1		0.0088623	11.9464	45.8346	0	0	0	
2024-06-16 10:12:29	877	1801	9	0	0	4	17	0	0	0	17	0	0	4.75	17	0	0	0	17	0	0	0.649		100.012	86.3116	0.345166	0	3.45126	0.245616	16.2637	1		0	12.0616	45.7047	0	0	0	
2024-06-16 10:06:42	838	1802	1	0	0	0	1	0	0	0	1	0	0	2.25	1	0	0	0	1	0	0	1.948		100.024	91.1076	0.105224	0	1.05199	0.187032	14.8721	1		0.0088623	12.0705	48.4336	0	0	0	
2024-06-16 10:27:57	983	1803	1	0	0	3.25	14	0	0	4.5	14	0	0	2	14	0	0	5.75	14	0	0	0.649		100.02	19.9969	0.17756	0	1.77526	0.877996	13.9428	1		0.0088623	11.973	45.3149	0	0	0	
2024-06-16 10:12:00	874	1804	1	0	0	3	13	0	0	0	13	0	0	3.25	13	0	0	0	13	0	0	0.216		100.009	88.9171	0.762893	0	7.62823	0.364352	11.9824	1		0	12.0705	45.9646	0	0	0	
2024-06-16 10:09:08	854	1805	5	0	0	2	9	0	0	0	9	0	0	7.75	9	0	0	0	9	0	0	4.979		100.02	90.1422	0.0432723	0	0.432638	0.435504	15.6305	1		0.0088623	12.0705	47.0042	0	0	0	
2024-06-16 10:09:26	856	1806	9	0	0	2	9	0	0	0	9	0	0	6.5	9	0	0	0	9	0	0	3.897		100.017	87.8497	0.0553123	0	0.553031	0.136714	15.6366	1		0.0088623	12.0705	46.6143	0	0	0	
2024-06-16 10:17:44	913	1807	9	0	0	7	29	0	0	0	29	0	0	5.5	29	0	0	0	29	0	0	1.299		100.007	85.0037	0.158246	0	1.58236	0.336882	14.9134	1		0.0088623	12.0705	45.1849	0	0	0	
2024-06-16 10:18:10	916	1808	9	0	0	7	29	0	0	0	29	0	0	4.25	29	0	0	0	29	0	0	2.381		100.005	85.3106	0.0833545	0	0.833507	0.00863	14.402	1		0	12.0705	45.1849	0	0	0	
2024-06-16 10:07:17	842	1809	5	0	0	1	5	0	0	0	5	0	0	5	5	0	0	0	5	0	0	3.464		100.026	88.0486	0.0627459	0	0.627294	0.057139	15.7656	1		0.0088623	12.0705	47.6539	0	0	0	
2024-06-16 10:08:15	849	1810	1	0	0	1	5	0	0	0	5	0	0	3.75	5	0	0	0	5	0	0	2.381		100.023	90.7028	0.0806946	0	0.806763	0.0107602	13.9399	1		0.0088623	12.0616	47.394	0	0	0	
2024-06-16 10:16:16	903	1811	1	0	0	6	25	0	0	0	25	0	0	2.75	25	0	0	0	25	0	0	2.814		100.013	85.2126	0.0714703	0	0.714608	0.0934478	14.5925	1		0.0088623	12.0705	45.3149	0	0	0	
2024-06-16 10:14:02	888	1812	1	0	0	5	21	0	0	0	21	0	0	2.25	21	0	0	0	21	0	0	2.381		100.006	87.0863	0.0803376	0	0.803328	0.0611855	13.8805	1		0.0088623	12.0705	45.4448	0	0	0	
2024-06-16 10:19:06	922	1813	5	0	0	7	29	0	0	0	29	0	0	0.25	29	0	0	0	29	0	0	5.845		100.009	84.8225	0.0404321	0	0.404284	0.414562	17.1463	1		0	12.0705	45.1849	0	0	0	
2024-06-16 10:05:49	832	1814	1	0	0	0	1	0	0	0	1	0	0	3.25	1	0	0	0	1	0	0	2.814		100.022	88.993	0.0694216	0	0.694065	0.0617736	14.173	1		0.0088623	12.0705	48.9533	0	0	0	
2024-06-16 10:11:26	870	1815	9	0	0	3	13	0	0	0	13	0	0	7.25	13	0	0	0	13	0	0	3.68		100.02	90.4534	0.065127	0	0.651138	0.00954116	17.3877	1		0	12.0705	46.0945	0	0	0	
2024-06-16 10:15:38	899	1816	5	0	0	6	25	0	0	0	25	0	0	6.75	25	0	0	0	25	0	0	0.649		100.011	86.5014	0.353077	0	3.53039	0.73824	16.6366	1		0.0088623	12.0705	45.055	0	0	0	
2024-06-16 10:20:57	935	1817	9	0	0	3.75	16	0	0	0	16	0	0	4	16	0	0	0	16	0	0	0.216		100.012	87.3211	0.832096	0	8.31998	0.574191	13.069	1		0.0088623	12.0705	44.925	0	0	0	
2024-06-16 10:20:49	934	1818	1	0	0	7.75	32	0	0	0	32	0	0	1	32	0	0	0	32	0	0	5.845		100.008	85.1527	0.0379001	0	0.37897	0.154995	16.0727	1		0	12.0705	45.055	0	0	0	
2024-06-16 10:14:20	890	1819	9	0	0	5	21	0	0	0	21	0	0	5.25	21	0	0	0	21	0	0	0.216		100.011	86.5749	0.788962	0	7.88872	0.406802	12.3916	1		0	12.0705	45.5748	0	0	0	
2024-06-16 10:14:37	892	1820	5	0	0	5	21	0	0	0	21	0	0	4	21	0	0	0	21	0	0	0.866		100.006	86.3313	0.246177	0	2.46162	0.171716	15.4668	1		0	12.0616	45.4448	0	0	0	
2024-06-16 10:11:51	873	1821	5	0	0	3	13	0	0	0	13	0	0	0.75	13	0	0	0	13	0	0	1.948		100.015	90.4592	0.0939039	0	0.938895	0.167797	13.2733	1		0	12.0616	45.8346	0	0	0	
2024-06-16 10:08:08	848	1822	5	0	0	1	5	0	0	0	5	0	0	1.75	5	0	0	0	5	0	0	0.649		100.019	88.3568	0.306772	0	3.06713	0.188754	14.4535	1		0.0088623	12.0705	47.394	0	0	0	
2024-06-16 10:12:55	880	1823	1	0	0	4	17	0	0	0	17	0	0	2	17	0	0	0	17	0	0	1.732		100.01	86.7438	0.10833	0	1.08319	0.043797	13.6118	1		0.0088623	12.0616	45.7047	0	0	0	
2024-06-16 10:19:49	927	1824	9	0	0	7.75	32	0	0	0	32	0	0	5.75	32	0	0	0	32	0	0	1.732		100.01	85.2593	0.113304	0	1.13292	0.287546	14.2367	1		0	12.0705	45.055	0	0	0	
2024-06-16 10:19:24	924	1825	5	0	0	7.75	32	0	0	0	32	0	0	4.5	32	0	0	0	32	0	0	2.814		100.006	85.1688	0.068172	0	0.681675	0.292663	13.9201	1		0	12.0705	45.1849	0	0	0	
2024-06-16 10:23:33	952	1826	1	0	0	2.25	10	0	0	0	10	0	0	3.5	10	0	0	0	10	0	0	1.082		100.008	85.1048	0.177935	0	1.7792	0.272296	13.9738	1		0	12.0705	45.055	0	0	0	
2024-06-16 10:22:42	946	1827	9	0	0	0.25	2	0	0	0	2	0	0	7.5	2	0	0	0	2	0	0	6.278		100.006	85.8337	0.0378437	0	0.378413	0.655342	17.2379	1		0	12.0705	45.055	0	0	0	
2024-06-16 10:17:14	910	1828	1	0	0	6	25	0	0	0	25	0	0	1.75	25	0	0	0	25	0	0	3.68		100.013	88.1334	0.0636764	0	0.63668	0.316274	17.0016	1		0	12.0616	45.3149	0	0	0	
2024-06-16 10:12:08	875	1829	5	0	0	4	17	0	0	0	17	0	0	5.25	17	0	0	0	17	0	0	1.082		100.013	86.8811	0.194266	0	1.94242	0.299392	15.2557	1		0	12.0616	45.8346	0	0	0	
2024-06-16 10:06:25	836	1830	5	0	0	0	1	0	0	0	1	0	0	1.5	1	0	0	0	1	0	0	1.299		100.022	88.4937	0.142596	0	1.42564	0.032463	13.4364	1		0	12.0705	48.4336	0	0	0	
2024-06-16 10:11:43	872	1831	5	0	0	3	13	0	0	0	13	0	0	2.5	13	0	0	0	13	0	0	0.433		100.011	88.5915	0.450817	0	4.50768	0.37072	14.1613	1		0	12.0616	46.0945	0	0	0	
2024-06-16 10:09:34	857	1832	9	0	0	2	9	0	0	0	9	0	0	5.75	9	0	0	0	9	0	0	3.247		100.023	90.2416	0.065091	0	0.650762	0.200555	15.3332	1		0.0088623	12.0616	46.8742	0	0	0	
2024-06-16 10:08:33	851	1833	5	0	0	2	9	0	0	0	9	0	0	4.5	9	0	0	0	9	0	0	2.165		100.018	85.7254	0.0877133	0	0.876972	3.73077	13.7754	4		0.0088623	12.0705	47.264	0	0	0	
2024-06-16 10:17:44	913	1834	1	0	0	7	29	0	0	0	29	0	0	3.5	29	0	0	0	29	0	0	3.031		100.007	85.0037	0.0654548	0	0.654504	0.0648339	14.3933	1		0.0088623	12.0705	45.1849	0	0	0	
2024-06-16 10:08:00	847	1835	5	0	0	1	5	0	0	0	5	0	0	3	5	0	0	0	5	0	0	1.732		100.022	88.0269	0.106366	0	1.06343	0.0550647	13.3635	1		0	12.0705	47.394	0	0	0	
2024-06-16 10:05:29	830	1836	5	0	0	0	1	0	0	0	1	0	0	7.25	1	0	0	0	1	0	0	6.278		100.022	87.7923	0.0404715	0	0.404626	0.0833351	18.432	2		0.0088623	12.0705	49.3432	0	0	0	
2024-06-16 10:14:20	890	1837	1	0	0	5	21	0	0	0	21	0	0	1.5	21	0	0	0	21	0	0	3.031		100.011	86.5749	0.0663252	0	0.663176	0.104596	14.584	1		0	12.0705	45.5748	0	0	0	
2024-06-16 10:09:17	855	1838	1	0	0	2	9	0	0	0	9	0	0	1.25	9	0	0	0	9	0	0	0.649		100.017	88.0589	0.29781	0	2.9776	0.26115	14.0316	1		0	12.0705	46.7443	0	0	0	
2024-06-16 10:26:16	971	1839	1	0	0	1.5	7	0	0	0	7	0	0	0.25	7	0	0	0	7	0	0	1.082		100.006	83.0719	0.174887	0	1.74877	0.116612	13.7348	1		0.0088623	12.0705	45.055	0	0	0	
2024-06-16 10:06:17	835	1840	5	0	0	0	1	0	0	0	1	0	0	2.5	1	0	0	0	1	0	0	2.165		100.025	90.7249	0.0887591	0	0.887368	0.234472	13.9387	1		0.0088623	12.0705	48.6935	0	0	0	
2024-06-16 10:25:26	965	1841	1	0	0	6.25	26	0	0	0	26	0	0	1.5	26	0	0	0	26	0	0	4.113		100.011	83.7093	0.0536305	0	0.536245	0.427419	16.0043	1		0	12.0616	45.055	0	0	0	
2024-06-16 10:27:24	979	1842	9	0	0	7.25	30	0	0	0	30	0	0	6.5	30	0	0	0	30	0	0	0.649		100.014	85.5599	0.328731	0	3.28684	0.426832	15.4889	1		0	12.0705	45.1849	0	0	0	
2024-06-16 10:11:26	870	1843	5	0	0	3	13	0	0	0	13	0	0	7.75	13	0	0	0	13	0	0	4.113		100.02	90.4534	0.049928	0	0.499179	0.404034	14.8981	1		0	12.0705	46.0945	0	0	0	
2024-06-16 10:10:51	866	1844	5	0	0	3	13	0	0	0	13	0	0	6.5	13	0	0	0	13	0	0	3.031		100.018	88.2106	0.0684384	0	0.684263	0.0287483	15.0477	1		0.0088623	12.0705	46.3544	0	0	0	
2024-06-16 10:07:26	843	1845	5	0	0	1	5	0	0	0	5	0	0	7	5	0	0	0	5	0	0	5.195		100.026	87.7057	0.0453679	0	0.453563	0.148883	17.0989	1		0.0088623	12.0705	47.9138	0	0	0	
2024-06-16 10:16:24	904	1846	9	0	0	6	25	0	0	0	25	0	0	4.75	25	0	0	0	25	0	0	1.082		100.014	85.1313	0.194146	0	1.9412	0.220107	15.2461	1		0	12.0616	45.3149	0	0	0	
2024-06-16 10:19:15	923	1847	1	0	0	7.75	32	0	0	0	32	0	0	0.25	32	0	0	0	32	0	0	6.494		100.009	85.3569	0.0341685	0	0.341655	0.459022	16.1001	1		0	12.0705	45.1849	0	0	0	
2024-06-16 10:15:28	898	1848	1	0	0	5	21	0	0	0	21	0	0	3.25	21	0	0	0	21	0	0	1.515		100.012	88.9825	0.12534	0	1.25325	0.106888	13.7802	1		0.0088623	12.0616	45.1849	0	0	0	
2024-06-16 10:11:43	872	1849	1	0	0	3	13	0	0	0	13	0	0	0	13	0	0	0	13	0	0	2.598		100.011	88.5915	0.0760275	0	0.760192	0.152914	14.3293	1		0	12.0616	46.0945	0	0	0	
2024-06-16 10:21:05	936	1850	9	0	0	3.5	15	0	0	0	15	0	0	4.25	15	0	0	0	15	0	0	0.649		100.01	87.391	0.329819	0	3.29785	0.329514	15.5408	1		0	12.0705	44.925	0	0	0	
2024-06-16 10:13:28	884	1851	1	0	0	4	17	0	0	0	17	0	0	1.25	17	0	0	0	17	0	0	2.381		100.011	86.6124	0.0800665	0	0.80058	0.0524982	13.833	1		0	12.0705	45.7047	0	0	0	
2024-06-16 10:19:57	928	1852	5	0	0	7.75	32	0	0	0	32	0	0	5	32	0	0	0	32	0	0	2.381		100.015	87.4576	0.0797659	0	0.797537	0.150113	13.7804	1		0.0088623	12.0616	45.1849	0	0	0	
2024-06-16 10:19:49	927	1853	1	0	0	7.75	32	0	0	0	32	0	0	3.75	32	0	0	0	32	0	0	3.464		100.01	85.2593	0.0560258	0	0.560202	0.223632	14.0794	1		0	12.0705	45.055	0	0	0	
2024-06-16 10:28:55	989	1854	1	0	0	1.25	6	0	0	6.5	6	0	0	3	6	0	0	4.75	6	0	0	0.908		100.018	20.0518	0.107302	0	1.07282	0.287191	11.7963	1		0	12.0705	45.3149	0	0	0	
2024-06-16 10:15:38	899	1855	1	0	0	6	25	0	0	0	25	0	0	1	25	0	0	0	25	0	0	4.33		100.011	86.5014	0.05652	0	0.565139	0.23207	17.7544	1		0.0088623	12.0705	45.055	0	0	0	
2024-06-16 10:13:44	886	1856	1	0	0	4	17	0	0	0	17	0	0	3.25	17	0	0	0	17	0	0	0.649		100.011	88.8396	0.330426	0	3.30391	0.334034	15.5693	1		0	12.0705	45.4448	0	0	0	
2024-06-16 10:04:55	827	1857	1	0	0	0	1	0	0	0	1	0	0	0.75	1	0	0	0	1	0	0	0.649		100.021	85.822	0.314608	0	3.14541	0.0517486	14.8224	2		0	11.973	49.733	0	0	0	
2024-06-16 10:28:23	986	1858	1	0	0	3.5	15	0	0	4.25	15	0	0	3.75	15	0	0	4	15	0	0	0.13		100.018	19.19	0.56652	0	5.66418	0.534439	8.89727	1		0	12.0705	45.3149	0	0	0	
2024-06-16 10:09:01	853	1859	5	0	0	2	9	0	0	0	9	0	0	5	9	0	0	0	9	0	0	2.598		100.021	87.6243	0.0770315	0	0.770156	0.113669	14.5171	1		0	12.0616	47.0042	0	0	0	
2024-06-16 10:09:52	859	1860	1	0	0	2	9	0	0	0	9	0	0	3.75	9	0	0	0	9	0	0	1.515		100.019	90.5591	0.12931	0	1.29285	0.164769	14.2156	1		0.0088623	12.0616	46.7443	0	0	0	
2024-06-16 10:18:01	915	1861	1	0	0	7	29	0	0	0	29	0	0	2.75	29	0	0	0	29	0	0	3.68		100.009	85.8136	0.056112	0	0.561069	0.11377	14.9825	1		0	12.0616	45.055	0	0	0	
2024-06-16 10:18:10	916	1862	1	0	0	7	29	0	0	0	29	0	0	2.25	29	0	0	0	29	0	0	4.113		100.005	85.3106	0.0515435	0	0.515412	0.367112	15.3825	1		0	12.0705	45.1849	0	0	0	
2024-06-16 10:04:55	827	1863	5	0	0	0	1	0	0	0	1	0	0	7.75	1	0	0	0	1	0	0	6.711		100.021	85.822	0.0352329	0	0.352253	0.116447	17.1529	2		0	11.973	49.733	0	0	0	
2024-06-16 10:05:11	828	1864	5	0	0	0	1	0	0	0	1	0	0	6.5	1	0	0	0	1	0	0	5.628		100.024	88.2987	0.0419293	0	0.419191	0.234762	17.1201	1		0.0088623	12.0705	49.733	0	0	0	
2024-06-16 10:14:37	892	1865	1	0	0	5	21	0	0	0	21	0	0	0.75	21	0	0	0	21	0	0	3.68		100.006	86.3313	0.058681	0	0.586772	0.0246145	15.6689	1		0	12.0616	45.4448	0	0	0	
2024-06-16 10:14:28	891	1866	9	0	0	5	21	0	0	0	21	0	0	7.25	21	0	0	0	21	0	0	1.948		100.006	86.2445	0.113345	0	1.13338	0.708443	16.0228	1		0.0088623	12.0616	45.3149	0	0	0	
2024-06-16 10:27:16	978	1867	9	0	0	5.75	24	0	0	0	24	0	0	4	24	0	0	0	24	0	0	1.515		100.006	83.1917	0.13043	0	1.30421	0.188839	14.3406	1		0	12.0616	45.1849	0	0	0	
2024-06-16 10:23:49	954	1868	9	0	0	4.5	19	0	0	0	19	0	0	5.25	19	0	0	0	19	0	0	0.649		100.011	86.6141	0.329764	0	3.29729	0.186441	15.5381	1		0.0088623	12.0616	45.1849	0	0	0	
2024-06-16 10:28:30	987	1869	1	0	0	2.75	12	0	0	5	12	0	0	3.5	12	0	0	4.25	12	0	0	0.389		100.02	19.9456	0.318597	0	3.18532	0.564825	15.0105	2		0	12.0705	45.3149	0	0	0	
2024-06-16 10:09:34	857	1870	1	0	0	2	9	0	0	0	9	0	0	0.5	9	0	0	0	9	0	0	1.299		100.023	90.2416	0.142025	0	1.41992	0.154239	13.3825	1		0.0088623	12.0616	46.8742	0	0	0	
2024-06-16 10:22:31	945	1871	9	0	0	0.5	3	0	0	0	3	0	0	7.25	3	0	0	0	3	0	0	5.845		100.007	84.8677	0.0574602	0	0.57456	0.906179	24.368	2		0.0088623	12.0616	45.1849	0	0	0	
2024-06-16 10:12:17	876	1872	9	0	0	4	17	0	0	0	17	0	0	7.25	17	0	0	0	17	0	0	2.814		100.01	85.6957	0.0764369	0	0.764292	0.176102	15.6071	2		0	12.0705	45.8346	0	0	0	
2024-06-16 10:10:59	867	1873	1	0	0	3	13	0	0	0	13	0	0	5.75	13	0	0	0	13	0	0	2.381		100.015	88.0601	0.0809904	0	0.809783	0.0386186	13.9921	1		0.0088623	12.0705	46.0945	0	0	0	
2024-06-16 10:10:25	863	1874	5	0	0	3	13	0	0	0	13	0	0	4.5	13	0	0	0	13	0	0	1.299		100.017	89.2038	0.149831	0	1.49805	0.375087	14.1188	1		0.0088623	12.0705	46.3544	0	0	0	
2024-06-16 10:17:51	914	1875	5	0	0	7	29	0	0	0	29	0	0	6.75	29	0	0	0	29	0	0	0.216		100.01	87.7495	0.789905	0	7.8983	0.84984	12.4066	1		0.0088623	12.0616	45.3149	0	0	0	
2024-06-16 10:07:50	846	1876	5	0	0	1	5	0	0	0	5	0	0	7.5	5	0	0	0	5	0	0	5.628		100.025	90.6196	0.0418592	0	0.418486	0.350276	17.0913	1		0.0088623	12.0616	47.5239	0	0	0	
2024-06-16 10:07:09	841	1877	5	0	0	1	5	0	0	0	5	0	0	6.25	5	0	0	0	5	0	0	4.546		100.024	87.9818	0.0532477	0	0.53235	0.161683	17.5605	1		0.0088623	12.0705	47.6539	0	0	0	
2024-06-16 10:16:41	906	1878	5	0	0	6	25	0	0	0	25	0	0	5.25	25	0	0	0	25	0	0	0.649		100.016	88.3842	0.33544	0	3.35387	0.435332	15.8047	1		0.0088623	12.0616	45.3149	0	0	0	
2024-06-16 10:16:07	902	1879	5	0	0	6	25	0	0	0	25	0	0	4	25	0	0	0	25	0	0	1.732		100.01	84.8829	0.113883	0	1.13871	0.0422893	14.3094	1		0.0088623	12.0616	45.1849	0	0	0	
2024-06-16 10:14:11	889	1880	1	0	0	5	21	0	0	0	21	0	0	2.5	21	0	0	0	21	0	0	2.165		100.009	86.6017	0.0928644	0	0.92856	0.459231	14.5858	1		0.0088623	12.0616	45.5748	0	0	0	
2024-06-16 10:08:15	849	1881	5	0	0	1	5	0	0	0	5	0	0	0.25	5	0	0	0	5	0	0	0.649		100.023	90.7028	0.313488	0	3.13417	0.184325	14.7694	1		0.0088623	12.0616	47.394	0	0	0	
2024-06-16 10:13:02	881	1882	1	0	0	4	17	0	0	0	17	0	0	0.5	17	0	0	0	17	0	0	3.031		100.019	89.3011	0.0673808	0	0.673681	0.530367	14.815	1		0.0088623	11.9464	45.8346	0	0	0	
2024-06-16 10:19:32	925	1883	1	0	0	7.75	32	0	0	0	32	0	0	3	32	0	0	0	32	0	0	4.113		100.008	84.9376	0.0480833	0	0.480794	0.236549	14.3494	1		0	12.0705	45.055	0	0	0	
2024-06-16 10:16:07	902	1884	1	0	0	6	25	0	0	0	25	0	0	0.25	25	0	0	0	25	0	0	4.979		100.01	84.8829	0.0469055	0	0.469005	0.0129324	16.9444	1		0.0088623	12.0616	45.1849	0	0	0	
2024-06-16 10:24:58	962	1885	1	0	0	5.25	22	0	0	0	22	0	0	2.5	22	0	0	0	22	0	0	2.381		100.013	84.0045	0.0892464	0	0.892345	0.283956	15.4186	1		0	12.0705	45.1849	0	0	0	
2024-06-16 10:12:37	878	1886	1	0	0	4	17	0	0	0	17	0	0	2.5	17	0	0	0	17	0	0	1.299		100.013	89.226	0.148806	0	1.48786	0.123098	14.0228	1		0	12.0705	45.7047	0	0	0	
2024-06-16 10:09:52	859	1887	5	0	0	2	9	0	0	0	9	0	0	3	9	0	0	0	9	0	0	0.866		100.019	90.5591	0.228106	0	2.28062	0.19521	14.3296	1		0.0088623	12.0616	46.7443	0	0	0	
2024-06-16 10:18:30	918	1888	1	0	0	7	29	0	0	0	29	0	0	1.5	29	0	0	0	29	0	0	4.762		100.006	84.2953	0.0477626	0	0.477599	0.343793	16.5046	1		0.0088623	12.0616	45.1849	0	0	0	
2024-06-16 10:06:06	834	1889	9	0	0	0	1	0	0	0	1	0	0	5.75	1	0	0	0	1	0	0	4.979		100.023	88.1792	0.0462623	0	0.462519	0.0972784	16.71	2		0	12.0705	48.6935	0	0	0	
2024-06-16 10:05:20	829	1890	9	0	0	0	1	0	0	0	1	0	0	4.5	1	0	0	0	1	0	0	3.897		100.027	89.1081	0.0542241	0	0.542096	0.153871	15.3274	1		0.0088623	12.0705	49.6031	0	0	0	
2024-06-16 10:14:54	894	1891	1	0	0	5	21	0	0	0	21	0	0	0	21	0	0	0	21	0	0	4.33		100.007	86.0891	0.0508174	0	0.508136	0.395583	15.9636	1		0.0088623	12.0705	45.3149	0	0	0	
2024-06-16 10:20:23	931	1892	5	0	0	7.75	32	0	0	0	32	0	0	2.25	32	0	0	0	32	0	0	4.762		100.011	85.2379	0.0427114	0	0.427067	0.0712761	14.7584	1		0.0088623	12.0705	45.055	0	0	0	
2024-06-16 10:14:46	893	1893	5	0	0	5	21	0	0	0	21	0	0	7.75	21	0	0	0	21	0	0	2.381		100.008	85.656	0.0825101	0	0.825032	0.0653856	14.2555	1		0	12.0705	45.3149	0	0	0	
2024-06-16 10:14:11	889	1894	5	0	0	5	21	0	0	0	21	0	0	6.5	21	0	0	0	21	0	0	1.299		100.009	86.6017	0.160494	0	1.6048	0.275856	15.1249	1		0.0088623	12.0616	45.5748	0	0	0	
2024-06-16 10:11:09	868	1895	1	0	0	3	13	0	0	0	13	0	0	2	13	0	0	0	13	0	0	0.866		100.016	88.4324	0.227695	0	2.27659	0.134864	14.3043	1		0	12.0705	46.0945	0	0	0	
2024-06-16 10:24:40	960	1896	1	0	0	4.5	19	0	0	0	19	0	0	3.25	19	0	0	0	19	0	0	1.082		100.01	83.3852	0.184922	0	1.84904	0.152712	14.5223	1		0.0088623	12.0616	45.1849	0	0	0	
2024-06-16 10:19:32	925	1897	5	0	0	7.75	32	0	0	0	32	0	0	7	32	0	0	0	32	0	0	0.649		100.008	84.9376	0.338749	0	3.38721	0.599764	15.9618	1		0	12.0705	45.055	0	0	0	
2024-06-16 10:27:07	977	1898	9	0	0	5.5	23	0	0	0	23	0	0	4.25	23	0	0	0	23	0	0	1.082		100.011	82.6615	0.190525	0	1.90504	0.268677	14.9621	1		0	12.0616	45.1849	0	0	0	
2024-06-16 10:25:43	967	1899	1	0	0	6.75	28	0	0	0	28	0	0	1	28	0	0	0	28	0	0	4.979		100.011	83.8283	0.0510086	0	0.510029	0.638474	18.4265	1		0	12.0705	45.1849	0	0	0	
2024-06-16 10:23:58	955	1900	9	0	0	4.25	18	0	0	0	18	0	0	5.5	18	0	0	0	18	0	0	1.082		100.014	84.5272	0.191823	0	1.91796	0.149549	15.0636	1		0.0088623	12.0705	44.925	0	0	0	
2024-06-16 10:12:37	878	1901	5	0	0	4	17	0	0	0	17	0	0	7.75	17	0	0	0	17	0	0	3.247		100.013	89.226	0.0614708	0	0.614628	0.24155	14.4818	1		0	12.0705	45.7047	0	0	0	
2024-06-16 10:12:55	880	1902	9	0	0	4	17	0	0	0	17	0	0	6.5	17	0	0	0	17	0	0	2.165		100.01	86.7438	0.0920492	0	0.920397	0.000670315	14.4576	1		0.0088623	12.0616	45.7047	0	0	0	
2024-06-16 10:10:42	865	1903	9	0	0	3	13	0	0	0	13	0	0	5	13	0	0	0	13	0	0	1.732		100.022	87.9735	0.110274	0	1.1025	0.220993	13.8544	1		0	12.0616	46.2245	0	0	0	
2024-06-16 10:11:34	871	1904	5	0	0	3	13	0	0	0	13	0	0	3.75	13	0	0	0	13	0	0	0.649		100.018	90.6006	0.320096	0	3.20038	0.346248	15.0814	1		0.0088623	12.0616	45.8346	0	0	0	
2024-06-16 10:09:26	856	1905	5	0	0	2	9	0	0	0	9	0	0	7	9	0	0	0	9	0	0	4.33		100.017	87.8497	0.050207	0	0.501987	0.195413	15.7704	1		0.0088623	12.0705	46.6143	0	0	0	
2024-06-16 10:17:32	912	1906	9	0	0	7	29	0	0	0	29	0	0	6	29	0	0	0	29	0	0	0.866		100.005	84.7309	0.252239	0	2.52227	0.212281	15.8479	2		0	12.0616	45.055	0	0	0	
2024-06-16 10:17:23	911	1907	9	0	0	7	29	0	0	0	29	0	0	4.75	29	0	0	0	29	0	0	1.948		100.008	86.2983	0.101338	0	1.01331	0.436584	14.3253	1		0.0088623	12.0705	45.055	0	0	0	
2024-06-16 10:07:09	841	1908	9	0	0	1	5	0	0	0	5	0	0	5.5	5	0	0	0	5	0	0	3.897		100.024	87.9818	0.0609089	0	0.608944	0.0691133	17.2175	1		0.0088623	12.0705	47.6539	0	0	0	
2024-06-16 10:07:42	845	1909	5	0	0	1	5	0	0	0	5	0	0	4.25	5	0	0	0	5	0	0	2.814		100.022	87.6733	0.0720886	0	0.720724	0.00545923	14.7174	1		0.0088623	12.0705	47.5239	0	0	0	
2024-06-16 10:16:57	908	1910	5	0	0	6	25	0	0	0	25	0	0	3.25	25	0	0	0	25	0	0	2.381		100.013	88.2559	0.0827597	0	0.827493	0.0228654	14.298	1		0	12.0616	45.3149	0	0	0	
2024-06-16 10:23:09	949	1911	1	0	0	0.25	2	0	0	0	2	0	0	1.5	2	0	0	0	2	0	0	1.082		100.009	83.1458	0.173652	0	1.73635	0.110942	13.6373	1		0.0088623	12.0705	45.055	0	0	0	
2024-06-16 10:18:57	921	1912	5	0	0	7	29	0	0	0	29	0	0	0.75	29	0	0	0	29	0	0	5.412		100.01	84.5698	0.0437671	0	0.437627	0.0255291	17.1856	1		0	12.0705	45.055	0	0	0	
2024-06-16 10:05:40	831	1913	5	0	0	0	1	0	0	0	1	0	0	5	1	0	0	0	1	0	0	4.33		100.023	88.5524	0.0505709	0	0.505594	0.106216	15.8837	1		0.0088623	12.0616	48.9533	0	0	0	
2024-06-16 10:05:29	830	1914	1	0	0	0	1	0	0	0	1	0	0	3.75	1	0	0	0	1	0	0	3.247		100.022	87.7923	0.0623394	0	0.623257	0.0666982	14.6852	2		0.0088623	12.0705	49.3432	0	0	0	
2024-06-16 10:27:32	980	1915	9	0	0	7.5	31	0	0	0	31	0	0	6.25	31	0	0	0	31	0	0	1.082		100.015	85.5034	0.187578	0	1.8755	0.277868	14.7302	1		0	12.0439	45.1849	0	0	0	
2024-06-16 10:24:23	958	1916	9	0	0	6.25	26	0	0	0	26	0	0	7.5	26	0	0	0	26	0	0	1.082		100.009	83.7625	0.190057	0	1.9004	0.127097	14.9257	1		0.0088623	12.0705	45.055	0	0	0	
2024-06-16 10:15:46	900	1917	5	0	0	6	25	0	0	0	25	0	0	7.25	25	0	0	0	25	0	0	1.082		100.01	84.8385	0.221962	0	2.21941	0.250047	17.4312	2		0.0088623	12.0705	45.3149	0	0	0	
2024-06-16 10:19:24	924	1918	1	0	0	7.75	32	0	0	0	32	0	0	1.5	32	0	0	0	32	0	0	5.412		100.006	85.1688	0.0394217	0	0.394191	0.220244	15.4799	1		0	12.0705	45.1849	0	0	0	
2024-06-16 10:13:53	887	1919	5	0	0	5	21	0	0	0	21	0	0	5.75	21	0	0	0	21	0	0	0.649		100.01	87.6974	0.33679	0	3.36758	0.61485	15.8693	1		0	12.0705	45.5748	0	0	0	
2024-06-16 10:14:02	888	1920	5	0	0	5	21	0	0	0	21	0	0	4.5	21	0	0	0	21	0	0	0.433		100.006	87.0863	0.474537	0	4.74508	0.560394	14.9071	1		0.0088623	12.0705	45.4448	0	0	0	
2024-06-16 10:11:51	873	1921	1	0	0	3	13	0	0	0	13	0	0	1.25	13	0	0	0	13	0	0	1.515		100.015	90.4592	0.120257	0	1.20238	0.181238	13.2209	1		0	12.0616	45.8346	0	0	0	
2024-06-16 10:07:26	843	1922	1	0	0	1	5	0	0	0	5	0	0	2.25	5	0	0	0	5	0	0	1.082		100.026	87.7057	0.172365	0	1.72321	0.0982673	13.534	1		0.0088623	12.0705	47.9138	0	0	0	
2024-06-16 10:23:00	948	1923	1	0	0	0.5	3	0	0	0	3	0	0	1.25	3	0	0	0	3	0	0	0.649		100.008	82.9682	0.310645	0	3.10622	0.42076	14.6377	1		0.0088623	12.0705	45.055	0	0	0	
2024-06-16 10:21:30	939	1924	9	0	0	2.5	11	0	0	0	11	0	0	5.25	11	0	0	0	11	0	0	2.381		100.006	85.0157	0.0919874	0	0.919819	0.849043	15.8933	2		0	12.0705	45.1849	0	0	0	
2024-06-16 10:20:06	929	1925	9	0	0	7.75	32	0	0	0	32	0	0	7.5	32	0	0	0	32	0	0	0.216		100.011	85.2415	0.838485	0	8.38391	0.427514	13.1694	1		0	12.0705	45.055	0	0	0	
2024-06-16 10:19:15	923	1926	9	0	0	7.75	32	0	0	0	32	0	0	6.25	32	0	0	0	32	0	0	1.299		100.009	85.3569	0.157061	0	1.57048	0.643092	14.8014	1		0	12.0705	45.1849	0	0	0	
2024-06-16 10:24:32	959	1927	1	0	0	4.25	18	0	0	0	18	0	0	3.5	18	0	0	0	18	0	0	0.649		100.012	83.4293	0.332801	0	3.32763	0.19709	15.6811	1		0.0088623	12.0705	45.1849	0	0	0	
2024-06-16 10:16:57	908	1928	1	0	0	6	25	0	0	0	25	0	0	2.25	25	0	0	0	25	0	0	3.247		100.013	88.2559	0.0638692	0	0.638612	0.0586226	15.0469	1		0	12.0616	45.3149	0	0	0	
2024-06-16 10:26:59	976	1929	9	0	0	5.25	22	0	0	0	22	0	0	4.5	22	0	0	0	22	0	0	0.649		100.012	83.3671	0.329458	0	3.29419	0.344906	15.5235	1		0	12.0705	45.1849	0	0	0	
2024-06-16 10:12:46	879	1930	9	0	0	4	17	0	0	0	17	0	0	5.75	17	0	0	0	17	0	0	1.515		100.009	87.4711	0.131721	0	1.3171	0.0967309	14.4823	1		0	12.0705	45.7047	0	0	0	
2024-06-16 10:12:46	879	1931	5	0	0	4	17	0	0	0	17	0	0	4.5	17	0	0	0	17	0	0	0.433		100.009	87.4711	0.51182	0	5.11776	0.22993	16.0779	1		0	12.0705	45.7047	0	0	0	
2024-06-16 10:06:25	836	1932	1	0	0	0	1	0	0	0	1	0	0	2	1	0	0	0	1	0	0	1.732		100.022	88.4937	0.130325	0	1.30297	0.513525	16.3736	1		0	12.0705	48.4336	0	0	0	
2024-06-16 10:09:44	858	1933	5	0	0	2	9	0	0	0	9	0	0	7.5	9	0	0	0	9	0	0	4.762		100.016	88.4275	0.0464098	0	0.464023	0.558404	16.0355	1		0	12.0616	46.6143	0	0	0	
2024-06-16 10:09:08	854	1934	9	0	0	2	9	0	0	0	9	0	0	6.25	9	0	0	0	9	0	0	3.68		100.02	90.1422	0.0586073	0	0.585957	0.187328	15.6471	1		0.0088623	12.0705	47.0042	0	0	0	
2024-06-16 10:17:44	913	1935	5	0	0	7	29	0	0	0	29	0	0	5.25	29	0	0	0	29	0	0	1.515		100.007	85.0037	0.132223	0	1.32214	0.268904	14.5377	1		0.0088623	12.0705	45.1849	0	0	0	
2024-06-16 10:17:23	911	1936	5	0	0	7	29	0	0	0	29	0	0	4	29	0	0	0	29	0	0	2.598		100.008	86.2983	0.0761027	0	0.760969	0.0657011	14.3439	1		0.0088623	12.0705	45.055	0	0	0	
2024-06-16 10:08:24	850	1937	1	0	0	1	5	0	0	0	5	0	0	3.5	5	0	0	0	5	0	0	2.165		100.025	90.6488	0.0851081	0	0.850865	0.0550623	13.3653	1		0.0088623	12.0705	47.394	0	0	0	
2024-06-16 10:17:14	910	1938	5	0	0	6	25	0	0	0	25	0	0	2.5	25	0	0	0	25	0	0	3.031		100.013	88.1334	0.073778	0	0.737683	0.893737	16.2225	1		0	12.0616	45.3149	0	0	0	
2024-06-16 10:26:51	975	1939	1	0	0	3.75	16	0	0	0	16	0	0	2	16	0	0	0	16	0	0	1.515		100.011	83.1964	0.127947	0	1.27934	0.093501	14.0671	1		0.0088623	12.0705	45.1849	0	0	0	
2024-06-16 10:15:19	897	1940	5	0	0	5	21	0	0	0	21	0	0	2	21	0	0	0	21	0	0	2.598		100.008	86.5449	0.0765944	0	0.765882	0.100027	14.4365	1		0.0088623	12.0705	45.055	0	0	0	
2024-06-16 10:08:33	851	1941	1	0	0	2	9	0	0	0	9	0	0	1.75	9	0	0	0	9	0	0	0.216		100.018	85.7254	0.736788	0	7.36653	0.565517	11.5713	4		0.0088623	12.0705	47.264	0	0	0	
2024-06-16 10:18:47	920	1942	1	0	0	7	29	0	0	0	29	0	0	0	29	0	0	0	29	0	0	6.061		100.006	84.9499	0.0401992	0	0.401968	0.167737	17.6795	1		0.0088623	12.0705	45.1849	0	0	0	
2024-06-16 10:06:17	835	1943	1	0	0	0	1	0	0	0	1	0	0	3	1	0	0	0	1	0	0	2.598		100.025	90.7249	0.0758905	0	0.758714	0.230168	14.3014	1		0.0088623	12.0705	48.6935	0	0	0	
2024-06-16 10:11:09	868	1944	9	0	0	3	13	0	0	0	13	0	0	7	13	0	0	0	13	0	0	3.464		100.016	88.4324	0.0595511	0	0.595417	0.266378	14.9645	1		0	12.0705	46.0945	0	0	0	
2024-06-16 10:15:58	901	1945	9	0	0	6	25	0	0	0	25	0	0	7.75	25	0	0	0	25	0	0	1.515		100.015	85.3987	0.136406	0	1.36386	0.18006	14.9964	1		0	12.0705	45.3149	0	0	0	
2024-06-16 10:16:16	903	1946	9	0	0	6	25	0	0	0	25	0	0	6.5	25	0	0	0	25	0	0	0.433		100.013	85.2126	0.517633	0	5.17564	0.395642	16.2597	1		0.0088623	12.0705	45.3149	0	0	0	
2024-06-16 10:19:40	926	1947	1	0	0	7.75	32	0	0	0	32	0	0	0.75	32	0	0	0	32	0	0	6.061		100.011	87.7862	0.0364938	0	0.364898	0.0994558	16.0491	1		0.0088623	12.0705	45.1849	0	0	0	
2024-06-16 10:15:11	896	1948	5	0	0	5	21	0	0	0	21	0	0	3.75	21	0	0	0	21	0	0	1.082		100.012	88.3803	0.187737	0	1.87714	0.11972	14.743	1		0.0088623	11.9464	45.4448	0	0	0	
2024-06-16 10:10:42	865	1949	1	0	0	3	13	0	0	0	13	0	0	0.5	13	0	0	0	13	0	0	2.165		100.022	87.9735	0.0872437	0	0.872245	0.198083	13.7012	1		0	12.0616	46.2245	0	0	0	
2024-06-16 10:07:42	845	1950	1	0	0	1	5	0	0	0	5	0	0	1.5	5	0	0	0	5	0	0	0.433		100.022	87.6733	0.456858	0	4.56755	0.184717	14.3494	1		0.0088623	12.0705	47.5239	0	0	0	
2024-06-16 10:28:43	988	1951	1	0	0	2	9	0	0	5.75	9	0	0	3.25	9	0	0	4.5	9	0	0	0.649		100.018	19.9133	0.172507	0	1.72477	0.148241	13.5463	2		0	12.0705	45.1849	0	0	0	
2024-06-16 10:13:36	885	1952	1	0	0	4	17	0	0	0	17	0	0	1.75	17	0	0	0	17	0	0	1.948		100.014	89.1046	0.0961229	0	0.961096	0.0656967	13.5872	1		0.0088623	12.0616	45.5748	0	0	0	
2024-06-16 10:23:24	951	1953	1	0	0	2.5	11	0	0	0	11	0	0	3.25	11	0	0	0	11	0	0	0.649		100.012	86.4538	0.308197	0	3.0816	0.460096	14.5217	1		0.0088623	12.0616	45.1849	0	0	0	
2024-06-16 10:20:06	929	1954	5	0	0	7.75	32	0	0	0	32	0	0	5.5	32	0	0	0	32	0	0	1.948		100.011	85.2415	0.0999799	0	0.999687	0.0890175	14.1327	1		0	12.0705	45.055	0	0	0	
2024-06-16 10:19:24	924	1955	9	0	0	7.75	32	0	0	0	32	0	0	4.25	32	0	0	0	32	0	0	3.031		100.006	85.1688	0.0638606	0	0.638564	0.31727	14.0428	1		0	12.0705	45.1849	0	0	0	
2024-06-16 10:16:49	907	1956	5	0	0	6	25	0	0	0	25	0	0	1.5	25	0	0	0	25	0	0	3.897		100.013	88.2819	0.0571324	0	0.571247	0.0988457	16.1516	1		0.0088623	12.0616	45.3149	0	0	0	
2024-06-16 10:12:08	875	1957	9	0	0	4	17	0	0	0	17	0	0	5	17	0	0	0	17	0	0	0.866		100.013	86.8811	0.248726	0	2.48695	0.338343	15.626	1		0	12.0616	45.8346	0	0	0	
2024-06-16 10:13:19	883	1958	5	0	0	4	17	0	0	0	17	0	0	3.75	17	0	0	0	17	0	0	0.216		100.016	88.612	0.827129	0	8.26994	0.39212	12.9904	1		0.0088623	12.0616	45.7047	0	0	0	
2024-06-16 10:06:34	837	1959	5	0	0	0	1	0	0	0	1	0	0	1.25	1	0	0	0	1	0	0	1.082		100.02	88.5219	0.173912	0	1.73877	0.183935	13.6563	1		0.0088623	12.0705	48.4336	0	0	0	
2024-06-16 10:08:49	852	1960	9	0	0	2	9	0	0	0	9	0	0	5.5	9	0	0	0	9	0	0	3.031		100.022	87.9391	0.104547	0	1.04524	0.570872	22.986	2		0.0088623	12.0705	47.1341	0	0	0	
2024-06-16 10:09:01	853	1961	9	0	0	2	9	0	0	0	9	0	0	4.25	9	0	0	0	9	0	0	1.948		100.021	87.6243	0.0991817	0	0.991612	0.073421	14.0186	1		0	12.0616	47.0042	0	0	0	
2024-06-16 10:18:39	919	1962	1	0	0	7	29	0	0	0	29	0	0	3.25	29	0	0	0	29	0	0	3.247		100.008	84.6397	0.0619251	0	0.6192	0.0106633	14.5896	1		0.0088623	12.0705	45.1849	0	0	0	
2024-06-16 10:08:08	848	1963	1	0	0	1	5	0	0	0	5	0	0	2.75	5	0	0	0	5	0	0	1.515		100.019	88.3568	0.120451	0	1.20428	0.0766752	13.2417	1		0.0088623	12.0705	47.394	0	0	0	
2024-06-16 10:05:49	832	1964	5	0	0	0	1	0	0	0	1	0	0	7	1	0	0	0	1	0	0	6.061		100.022	88.993	0.039629	0	0.396204	0.0735767	17.426	1		0.0088623	12.0705	48.9533	0	0	0	
2024-06-16 10:15:19	897	1965	1	0	0	5	21	0	0	0	21	0	0	1.25	21	0	0	0	21	0	0	3.247		100.008	86.5449	0.0666236	0	0.666182	0.153411	15.6965	1		0.0088623	12.0705	45.055	0	0	0	
2024-06-16 10:10:08	861	1966	1	0	0	2	9	0	0	0	9	0	0	1	9	0	0	0	9	0	0	0.866		100.022	90.337	0.217874	0	2.17826	0.0504886	13.6864	1		0	12.0616	46.6143	0	0	0	
2024-06-16 10:10:34	864	1967	9	0	0	3	13	0	0	0	13	0	0	7.5	13	0	0	0	13	0	0	3.897		100.02	88.2662	0.0531511	0	0.531402	0.242086	15.025	1		0	12.0616	46.3544	0	0	0	
2024-06-16 10:11:18	869	1968	5	0	0	3	13	0	0	0	13	0	0	6.25	13	0	0	0	13	0	0	2.814		100.022	87.886	0.072535	0	0.725192	0.0622884	14.8087	1		0.0088623	12.0616	46.0945	0	0	0	
2024-06-16 10:18:19	917	1969	9	0	0	7	29	0	0	0	29	0	0	7.25	29	0	0	0	29	0	0	0.216		100.009	83.8584	0.737343	0	7.37278	0.234894	11.5811	2		0.0088623	12.0705	45.1849	0	0	0	
2024-06-16 10:07:26	843	1970	9	0	0	1	5	0	0	0	5	0	0	6.75	5	0	0	0	5	0	0	4.979		100.026	87.7057	0.0501314	0	0.501186	0.48032	18.107	1		0.0088623	12.0705	47.9138	0	0	0	
2024-06-16 10:16:33	905	1971	9	0	0	6	25	0	0	0	25	0	0	5.75	25	0	0	0	25	0	0	0.216		100.012	85.8598	0.815971	0	8.1587	0.379812	12.8157	1		0.0088623	12.0705	45.3149	0	0	0	
2024-06-16 10:15:46	900	1972	9	0	0	6	25	0	0	0	25	0	0	4.5	25	0	0	0	25	0	0	1.299		100.01	84.8385	0.157417	0	1.57402	0.0585263	14.8348	2		0.0088623	12.0705	45.3149	0	0	0	
2024-06-16 10:20:40	933	1973	5	0	0	7.75	32	0	0	0	32	0	0	0	32	0	0	0	32	0	0	6.711		100.008	87.1811	0.034059	0	0.340563	0.251465	16.5836	1		0	12.0705	45.1849	0	0	0	
2024-06-16 10:13:53	887	1974	1	0	0	5	21	0	0	0	21	0	0	3	21	0	0	0	21	0	0	1.732		100.01	87.6974	0.108679	0	1.08668	0.21702	13.6556	1		0	12.0705	45.5748	0	0	0	
2024-06-16 10:06:51	839	1975	1	0	0	1	5	0	0	0	5	0	0	0.75	5	0	0	0	5	0	0	0.216		100.019	89.2665	0.763308	0	7.6316	0.412128	11.9877	1		0	12.0705	48.1737	0	0	0	
2024-06-16 10:25:17	964	1976	1	0	0	5.75	24	0	0	0	24	0	0	2	24	0	0	0	24	0	0	3.247		100.017	83.3934	0.0658137	0	0.658028	0.193579	15.5044	1		0	12.0616	45.055	0	0	0	
2024-06-16 10:13:19	883	1977	1	0	0	4	17	0	0	0	17	0	0	1	17	0	0	0	17	0	0	2.598		100.016	88.612	0.0733764	0	0.733645	0.169751	13.8289	1		0.0088623	12.0616	45.7047	0	0	0	
2024-06-16 10:20:32	932	1978	5	0	0	7.75	32	0	0	0	32	0	0	3.5	32	0	0	0	32	0	0	3.68		100.006	84.9516	0.0524452	0	0.524421	0.283367	14.0039	1		0	12.0705	45.055	0	0	0	
2024-06-16 10:16:49	907	1979	1	0	0	6	25	0	0	0	25	0	0	0.75	25	0	0	0	25	0	0	4.546		100.013	88.2819	0.0521488	0	0.521419	0.0178831	17.1999	1		0.0088623	12.0616	45.3149	0	0	0	
2024-06-16 10:12:17	876	1980	1	0	0	4	17	0	0	0	17	0	0	3	17	0	0	0	17	0	0	0.866		100.01	85.6957	0.236844	0	2.3682	0.167634	14.8799	2		0	12.0705	45.8346	0	0	0	
2024-06-16 10:05:57	833	1981	1	0	0	0	1	0	0	0	1	0	0	0.5	1	0	0	0	1	0	0	0.433		100.023	91.3906	0.45018	0	4.50074	0.183708	14.1395	1		0	12.0705	48.9533	0	0	0	
2024-06-16 10:27:50	982	1982	1	0	0	3.5	15	0	0	4.25	15	0	0	2.75	15	0	0	5	15	0	0	0.389		100.02	19.1446	0.327233	0	3.27169	0.183512	15.4175	1		0.0088623	12.0705	45.055	0	0	0	
2024-06-16 10:08:49	852	1983	1	0	0	2	9	0	0	0	9	0	0	3.5	9	0	0	0	9	0	0	1.299		100.022	87.9391	0.148762	0	1.4873	0.0577204	14.0175	2		0.0088623	12.0705	47.1341	0	0	0	
2024-06-16 10:19:06	922	1984	1	0	0	7	29	0	0	0	29	0	0	2.5	29	0	0	0	29	0	0	3.897		100.009	84.8225	0.0556653	0	0.556602	0.7806	15.7375	1		0	12.0705	45.1849	0	0	0	
2024-06-16 10:18:19	917	1985	1	0	0	7	29	0	0	0	29	0	0	2	29	0	0	0	29	0	0	4.33		100.009	83.8584	0.0503426	0	0.503382	0.0548921	15.8142	2		0.0088623	12.0705	45.1849	0	0	0	
2024-06-16 10:05:29	830	1986	9	0	0	0	1	0	0	0	1	0	0	7.5	1	0	0	0	1	0	0	6.494		100.022	87.7923	0.0370062	0	0.369981	0.134275	17.435	2		0.0088623	12.0705	49.3432	0	0	0	
2024-06-16 10:05:49	832	1987	9	0	0	0	1	0	0	0	1	0	0	6.25	1	0	0	0	1	0	0	5.412		100.022	88.993	0.0435182	0	0.435087	0.0968659	17.0858	1		0.0088623	12.0705	48.9533	0	0	0	
2024-06-16 10:15:03	895	1988	5	0	0	5	21	0	0	0	21	0	0	0.5	21	0	0	0	21	0	0	3.897		100.008	86.1072	0.0596423	0	0.596377	0.236879	16.8622	1		0.0088623	12.0705	45.3149	0	0	0	
2024-06-16 10:26:06	970	1989	1	0	0	1.25	6	0	0	0	6	0	0	0.5	6	0	0	0	6	0	0	0.649		100.013	86.125	0.313465	0	3.13425	0.214674	14.7698	1		0	12.0705	45.1849	0	0	0	
2024-06-16 10:14:28	891	1990	5	0	0	5	21	0	0	0	21	0	0	7	21	0	0	0	21	0	0	1.732		100.006	86.2445	0.115717	0	1.1571	0.065888	14.5406	1		0.0088623	12.0616	45.3149	0	0	0	
2024-06-16 10:10:00	860	1991	1	0	0	2	9	0	0	0	9	0	0	0.25	9	0	0	0	9	0	0	1.515		100.016	87.9385	0.124715	0	1.24695	0.154354	13.7109	1		0	12.0705	46.6143	0	0	0	
2024-06-16 10:12:37	878	1992	9	0	0	4	17	0	0	0	17	0	0	7	17	0	0	0	17	0	0	2.598		100.013	89.226	0.0770573	0	0.770473	0.1242	14.5231	1		0	12.0705	45.7047	0	0	0	
2024-06-16 10:10:59	867	1993	5	0	0	3	13	0	0	0	13	0	0	5.5	13	0	0	0	13	0	0	2.165		100.015	88.0601	0.091654	0	0.916403	0.066498	14.3948	1		0.0088623	12.0705	46.0945	0	0	0	
2024-06-16 10:10:25	863	1994	9	0	0	3	13	0	0	0	13	0	0	4.25	13	0	0	0	13	0	0	1.082		100.017	89.2038	0.184137	0	1.84106	0.449489	14.4596	1		0.0088623	12.0705	46.3544	0	0	0	
2024-06-16 10:18:10	916	1995	5	0	0	7	29	0	0	0	29	0	0	7.75	29	0	0	0	29	0	0	0.649		100.005	85.3106	0.342392	0	3.42376	0.490447	16.1341	1		0	12.0705	45.1849	0	0	0	
2024-06-16 10:18:19	917	1996	5	0	0	7	29	0	0	0	29	0	0	6.5	29	0	0	0	29	0	0	0.433		100.009	83.8584	0.492183	0	4.9214	0.11106	15.461	2		0.0088623	12.0705	45.1849	0	0	0	
2024-06-16 10:06:51	839	1997	5	0	0	1	5	0	0	0	5	0	0	6	5	0	0	0	5	0	0	4.33		100.019	89.2665	0.0561678	0	0.56157	0.355626	17.6422	1		0	12.0705	48.1737	0	0	0	
2024-06-16 10:07:17	842	1998	9	0	0	1	5	0	0	0	5	0	0	4.75	5	0	0	0	5	0	0	3.247		100.026	88.0486	0.0677232	0	0.677054	0.250737	15.9527	1		0.0088623	12.0705	47.6539	0	0	0	
2024-06-16 10:23:40	953	1999	9	0	0	4.75	20	0	0	0	20	0	0	5	20	0	0	0	20	0	0	0.216		100.012	86.3531	0.772107	0	7.72015	0.580385	12.1268	1		0.0088623	12.0616	45.1849	0	0	0	
2024-06-16 10:16:24	904	2000	5	0	0	6	25	0	0	0	25	0	0	5	25	0	0	0	25	0	0	0.866		100.014	85.1313	0.247634	0	2.47601	0.274106	15.5572	1		0	12.0616	45.3149	0	0	0	
2024-06-16 10:16:24	904	2001	1	0	0	6	25	0	0	0	25	0	0	3.75	25	0	0	0	25	0	0	1.948		100.014	85.1313	0.101634	0	1.0162	0.0917123	14.3662	1		0	12.0616	45.3149	0	0	0	
2024-06-16 10:08:00	847	2002	1	0	0	1	5	0	0	0	5	0	0	0	5	0	0	0	5	0	0	0.866		100.022	88.0269	0.225686	0	2.25636	0.0326322	14.1772	1		0	12.0705	47.394	0	0	0	
2024-06-16 10:22:24	944	2003	9	0	0	0.75	4	0	0	0	4	0	0	7	4	0	0	0	4	0	0	5.412		100.007	84.7405	0.0433177	0	0.433146	0.289028	17.0096	1		0	12.0705	45.055	0	0	0	
2024-06-16 10:12:29	877	2004	1	0	0	4	17	0	0	0	17	0	0	0.25	17	0	0	0	17	0	0	3.247		100.012	86.3116	0.0605596	0	0.605525	0.0346096	14.2674	1		0	12.0616	45.7047	0	0	0	
2024-06-16 10:20:40	933	2005	1	0	0	7.75	32	0	0	0	32	0	0	2.75	32	0	0	0	32	0	0	4.33		100.008	87.1811	0.0465267	0	0.46523	0.242056	14.6156	1		0	12.0705	45.1849	0	0	0	
2024-06-16 10:17:06	909	2006	1	0	0	6	25	0	0	0	25	0	0	0	25	0	0	0	25	0	0	5.195		100.007	86.7195	0.0489876	0	0.489842	0.388172	18.4666	1		0.0088623	12.0705	45.1849	0	0	0	
2024-06-16 10:09:26	856	2007	1	0	0	2	9	0	0	0	9	0	0	2.75	9	0	0	0	9	0	0	0.649		100.017	87.8497	0.315151	0	3.15098	0.321233	14.8487	1		0.0088623	12.0705	46.6143	0	0	0	
2024-06-16 10:18:39	919	2008	5	0	0	7	29	0	0	0	29	0	0	1.25	29	0	0	0	29	0	0	4.979		100.008	84.6397	0.0478461	0	0.478422	0.303589	17.2846	1		0.0088623	12.0705	45.1849	0	0	0	
2024-06-16 10:05:57	833	2009	9	0	0	0	1	0	0	0	1	0	0	5.5	1	0	0	0	1	0	0	4.762		100.023	91.3906	0.0626797	0	0.62665	0.518812	21.6555	1		0	12.0705	48.9533	0	0	0	
2024-06-16 10:04:55	827	2010	9	0	0	0	1	0	0	0	1	0	0	4.25	1	0	0	0	1	0	0	3.68		100.021	85.822	0.0563756	0	0.563635	0.141606	15.0511	2		0	11.973	49.733	0	0	0	
