Time	MeasID	DPID	Channel	A(x)	A(y)	A(z)	A(adr)	B(x)	B(y)	B(z)	B(adr)	M(x)	M(y)	M(z)	M(adr)	N(x)	N(y)	N(z)	N(adr)	F(x)	F(y)	F(z)	Note	I(mA)	Uout(V)	U(V)	SP(V)	R(Ohm)	Var(%)	Rho-a(Ohm-m)	Cycles	IP Delay Window(mV/V)	Pint(V)	Pext(V)	T int(deg C)	T log(deg C)	Latitude	Longitude
2024-06-15 20:18:14	1754	3351	1	0	0	7.75	32	0	0	0	32	0	0	2	32	0	0	0	32	0	0	4.979		100.013	77.7508	0.0418159	0	0.418105	0.128602	15.1054	1		0.0088623	12.0705	44.7951	0	0	0	
2024-06-15 20:13:08	1714	3352	9	0	0	5	21	0	0	0	21	0	0	7.5	21	0	0	0	21	0	0	2.165		100.012	78.7869	0.0903073	0	0.902963	0.151494	14.1837	1		0	12.0616	45.1849	0	0	0	
2024-06-15 20:12:49	1712	3353	9	0	0	5	21	0	0	0	21	0	0	6.25	21	0	0	0	21	0	0	1.082		100.014	79.1443	0.196488	0	1.9646	0.315891	15.4299	1		0	12.0705	45.3149	0	0	0	
2024-06-15 20:10:52	1696	3354	5	0	0	3	13	0	0	0	13	0	0	1.75	13	0	0	0	13	0	0	1.082		100.014	79.9304	0.177502	0	1.77477	0.284917	13.939	1		0	12.0705	45.5748	0	0	0	
2024-06-15 20:17:44	1750	3355	5	0	0	7.75	32	0	0	0	32	0	0	6.75	32	0	0	0	32	0	0	0.866		100.011	77.9332	0.249423	0	2.49396	0.231558	15.67	1		0.0088623	12.0616	44.7951	0	0	0	
2024-06-15 20:23:50	1797	3356	1	0	0	3.25	14	0	0	0	14	0	0	2.5	14	0	0	0	14	0	0	0.649		100.01	76.5884	0.309044	0	3.09014	0.531538	14.5619	1		0.0088623	12.0616	44.5352	0	0	0	
2024-06-15 20:11:22	1700	3357	5	0	0	4	17	0	0	0	17	0	0	7.5	17	0	0	0	17	0	0	3.031		100.011	79.119	0.0659411	0	0.65934	0.0259657	14.4996	1		0.0088623	12.0616	45.4448	0	0	0	
2024-06-15 20:11:51	1704	3358	5	0	0	4	17	0	0	0	17	0	0	6.25	17	0	0	0	17	0	0	1.948		100.01	78.9059	0.102016	0	1.02006	0.0260873	14.4208	1		0.0088623	12.0705	45.5748	0	0	0	
2024-06-15 20:10:24	1692	3359	1	0	0	3	13	0	0	0	13	0	0	3.5	13	0	0	0	13	0	0	0.433		100.011	80.2712	0.473554	0	4.735	0.301479	14.8754	1		0.0088623	12.0616	45.9646	0	0	0	
2024-06-15 20:08:53	1680	3360	5	0	0	2	9	0	0	0	9	0	0	6.75	9	0	0	0	9	0	0	4.113		100.016	79.8886	0.0530538	0	0.530456	0.0774017	15.8315	1		0	12.0705	46.4844	0	0	0	
2024-06-15 20:15:47	1735	3361	5	0	0	7	29	0	0	0	29	0	0	5.75	29	0	0	0	29	0	0	1.082		100.01	77.8118	0.195817	0	1.95798	0.00256353	15.378	2		0.0088623	12.0705	44.925	0	0	0	
2024-06-15 20:15:40	1734	3362	9	0	0	7	29	0	0	0	29	0	0	4.5	29	0	0	0	29	0	0	2.165		100.009	78.5183	0.09096	0	0.909519	0.249778	14.2867	1		0	12.0616	44.925	0	0	0	
2024-06-15 20:06:28	1661	3363	9	0	0	1	5	0	0	0	5	0	0	5.25	5	0	0	0	5	0	0	3.68		100.021	81.5531	0.0605455	0	0.605326	0.154438	16.1644	1		0	12.0705	48.0437	0	0	0	
2024-06-15 20:06:36	1662	3364	9	0	0	1	5	0	0	0	5	0	0	4	5	0	0	0	5	0	0	2.598		100.018	81.2888	0.073324	0	0.73311	0.106437	13.8188	1		0.0088623	12.0705	47.9138	0	0	0	
2024-06-15 20:22:08	1785	3365	1	0	0	4.75	20	0	0	0	20	0	0	3	20	0	0	0	20	0	0	1.515		100.011	76.3692	0.126622	0	1.26608	0.193954	13.9213	1		0.0088623	12.0705	44.7951	0	0	0	
2024-06-15 20:15:18	1731	3366	1	0	0	6	25	0	0	0	25	0	0	3	25	0	0	0	25	0	0	2.598		100.01	78.2795	0.0774016	0	0.77394	0.079938	14.5884	1		0	12.0705	44.7951	0	0	0	
2024-06-15 20:08:20	1676	3367	1	0	0	2	9	0	0	0	9	0	0	2.25	9	0	0	0	9	0	0	0.216		100.016	80.8578	0.755074	0	7.54952	0.283411	11.8588	1		0	12.0705	46.8742	0	0	0	
2024-06-15 20:16:35	1741	3368	1	0	0	7	29	0	0	0	29	0	0	0.5	29	0	0	0	29	0	0	5.628		100.011	77.3696	0.0442404	0	0.442357	0.136304	18.0662	2		0	12.0616	44.7951	0	0	0	
2024-06-15 20:06:10	1659	3369	1	0	0	0	1	0	0	0	1	0	0	3.5	1	0	0	0	1	0	0	3.031		100.026	81.2678	0.0704056	0	0.703875	0.155584	15.479	2		0.0088623	12.0705	48.3036	0	0	0	
2024-06-15 20:23:43	1796	3370	1	0	0	1.75	8	0	0	0	8	0	0	0	8	0	0	0	8	0	0	1.515		100.014	76.5962	0.122325	0	1.22308	0.0115751	13.4485	1		0	12.0705	44.6651	0	0	0	
2024-06-15 20:14:16	1723	3371	5	0	0	6	25	0	0	0	25	0	0	7	25	0	0	0	25	0	0	0.866		100.011	78.5071	0.258194	0	2.58167	0.360289	16.2211	1		0.0088623	12.0616	45.055	0	0	0	
2024-06-15 20:22:55	1790	3372	1	0	0	6.5	27	0	0	0	27	0	0	1.25	27	0	0	0	27	0	0	4.546		100.013	76.8918	0.0553755	0	0.553685	0.119496	18.2643	1		0.0088623	12.0616	44.7951	0	0	0	
2024-06-15 20:18:37	1757	3373	1	0	0	7.75	32	0	0	0	32	0	0	1.25	32	0	0	0	32	0	0	5.628		100.011	77.3753	0.0391291	0	0.391248	0.29453	15.9789	1		0	12.0705	44.7951	0	0	0	
2024-06-15 20:13:08	1714	3374	5	0	0	5	21	0	0	0	21	0	0	5.5	21	0	0	0	21	0	0	0.433		100.012	78.7869	0.492049	0	4.91989	0.306761	15.4563	1		0	12.0616	45.1849	0	0	0	
2024-06-15 20:13:15	1715	3375	9	0	0	5	21	0	0	0	21	0	0	4.25	21	0	0	0	21	0	0	0.649		100.019	79.3197	0.331284	0	3.31222	0.364504	15.6085	1		0.0088623	12.0705	45.3149	0	0	0	
2024-06-15 20:09:29	1685	3376	1	0	0	3	13	0	0	0	13	0	0	1	13	0	0	0	13	0	0	1.732		100.011	80.6601	0.105567	0	1.05555	0.310318	13.2645	1		0	12.0616	46.3544	0	0	0	
2024-06-15 20:07:12	1667	3377	1	0	0	1	5	0	0	0	5	0	0	2	5	0	0	0	5	0	0	0.866		100.02	80.4232	0.220439	0	2.20396	0.0510808	13.8479	2		0	12.0705	47.5239	0	0	0	
2024-06-15 20:19:38	1765	3378	9	0	0	1.75	8	0	0	0	8	0	0	6	8	0	0	0	8	0	0	3.68		100.012	77.0892	0.0610326	0	0.610255	0.267943	16.296	1		0	12.0705	44.7951	0	0	0	
2024-06-15 20:12:21	1708	3379	5	0	0	4	17	0	0	0	17	0	0	2.25	17	0	0	0	17	0	0	1.515		100.01	78.8264	0.123975	0	1.23962	0.166982	13.6303	1		0	12.0616	45.4448	0	0	0	
2024-06-15 20:17:30	1748	3380	9	0	0	7.75	32	0	0	0	32	0	0	6	32	0	0	0	32	0	0	1.515		100.011	77.9888	0.132544	0	1.3253	0.369803	14.5724	1		0.0088623	12.0705	44.7951	0	0	0	
2024-06-15 20:17:23	1747	3381	5	0	0	7.75	32	0	0	0	32	0	0	4.75	32	0	0	0	32	0	0	2.598		100.011	78.0015	0.0736995	0	0.736914	0.333244	13.8905	1		0	12.0616	44.7951	0	0	0	
2024-06-15 20:15:10	1730	3382	5	0	0	6	25	0	0	0	25	0	0	2	25	0	0	0	25	0	0	3.464		100.014	78.507	0.064082	0	0.640731	0.145991	16.1033	1		0	12.0705	45.055	0	0	0	
2024-06-15 20:11:29	1701	3383	5	0	0	4	17	0	0	0	17	0	0	5.5	17	0	0	0	17	0	0	1.299		100.009	79.0958	0.159308	0	1.59293	0.0494186	15.013	1		0.0088623	12.0616	45.5748	0	0	0	
2024-06-15 20:11:15	1699	3384	9	0	0	4	17	0	0	0	17	0	0	4.25	17	0	0	0	17	0	0	0.216		100.01	79.3038	0.857788	0	8.57702	0.0253258	13.4727	1		0.0088623	12.0616	45.7047	0	0	0	
2024-06-15 20:05:34	1654	3385	1	0	0	0	1	0	0	0	1	0	0	1.75	1	0	0	0	1	0	0	1.515		100.022	83.0279	0.121987	0	1.2196	0.0272795	13.4102	1		0.0088623	11.9464	48.6935	0	0	0	
2024-06-15 20:24:49	1805	3386	1	0	0	3.75	16	0	0	4	16	0	0	3.5	16	0	0	4.25	16	0	0	0.13		100.017	18.2809	0.600491	0	6.00387	0.179281	9.43085	1		0	12.0616	44.7951	0	0	0	
2024-06-15 20:10:39	1694	3387	1	0	0	3	13	0	0	0	13	0	0	2.75	13	0	0	0	13	0	0	0.216		100.01	79.9764	0.751521	0	7.51443	0.319706	11.8036	1		0	12.0616	45.8346	0	0	0	
2024-06-15 20:08:27	1677	3388	5	0	0	2	9	0	0	0	9	0	0	6	9	0	0	0	9	0	0	3.464		100.015	80.8263	0.0640485	0	0.640392	0.151952	16.0948	1		0	11.9552	46.8742	0	0	0	
2024-06-15 20:08:06	1674	3389	9	0	0	2	9	0	0	0	9	0	0	4.75	9	0	0	0	9	0	0	2.381		100.017	81.1437	0.0826321	0	0.826176	0.143313	14.2753	1		0.0088623	12.0616	47.0042	0	0	0	
2024-06-15 20:16:12	1738	3390	9	0	0	7	29	0	0	0	29	0	0	5	29	0	0	0	29	0	0	1.732		100.007	78.1824	0.114495	0	1.14487	0.174872	14.3869	1		0	12.0705	44.925	0	0	0	
2024-06-15 20:16:45	1742	3391	5	0	0	7	29	0	0	0	29	0	0	3.75	29	0	0	0	29	0	0	2.814		100.01	77.7431	0.0708975	0	0.708908	0.00866857	14.4761	1		0	12.0616	44.7951	0	0	0	
2024-06-15 20:06:28	1661	3392	1	0	0	1	5	0	0	0	5	0	0	3.25	5	0	0	0	5	0	0	1.948		100.021	81.5531	0.0941045	0	0.940845	0.0259545	13.3009	1		0	12.0705	48.0437	0	0	0	
2024-06-15 20:19:13	1762	3393	9	0	0	2.75	12	0	0	0	12	0	0	5	12	0	0	0	12	0	0	1.948		100.009	78.7142	0.0966928	0	0.96684	0.0145155	13.6684	1		0	12.0616	44.5352	0	0	0	
2024-06-15 20:13:23	1716	3394	1	0	0	5	21	0	0	0	21	0	0	1.75	21	0	0	0	21	0	0	2.814		100.014	78.912	0.073281	0	0.732707	0.118139	14.9621	1		0	12.0705	45.055	0	0	0	
2024-06-15 20:08:43	1679	3395	1	0	0	2	9	0	0	0	9	0	0	1.5	9	0	0	0	9	0	0	0.433		100.017	79.7419	0.45142	0	4.51342	0.023122	14.1793	2		0	12.0705	46.6143	0	0	0	
2024-06-15 20:04:59	1650	3396	1	0	0	0	1	0	0	0	1	0	0	2.75	1	0	0	0	1	0	0	2.381		100.019	84.6331	0.119188	0	1.19165	0.427695	20.5903	2		0.0088623	12.0705	49.6031	0	0	0	
2024-06-15 20:19:06	1761	3397	9	0	0	3.25	14	0	0	0	14	0	0	4.5	14	0	0	0	14	0	0	1.082		100.007	77.617	0.184912	0	1.849	0.275115	14.522	1		0	12.0616	44.7951	0	0	0	
2024-06-15 20:09:37	1686	3398	5	0	0	3	13	0	0	0	13	0	0	6.75	13	0	0	0	13	0	0	3.247		100.015	80.5571	0.0641605	0	0.641508	0.375198	15.1152	1		0	12.0616	46.3544	0	0	0	
2024-06-15 20:07:12	1667	3399	9	0	0	1	5	0	0	0	5	0	0	7.25	5	0	0	0	5	0	0	5.412		100.02	80.4232	0.0587655	0	0.587539	0.115625	23.0726	2		0	12.0705	47.5239	0	0	0	
2024-06-15 20:14:40	1726	3400	5	0	0	6	25	0	0	0	25	0	0	7.5	25	0	0	0	25	0	0	1.299		100.008	78.4197	0.157754	0	1.57741	0.19046	14.8667	1		0.0088623	12.0705	45.055	0	0	0	
2024-06-15 20:14:07	1722	3401	5	0	0	6	25	0	0	0	25	0	0	6.25	25	0	0	0	25	0	0	0.216		100.011	78.6704	0.83744	0	8.3735	0.696727	13.1531	1		0.0088623	12.0616	45.1849	0	0	0	
2024-06-15 20:18:29	1756	3402	1	0	0	7.75	32	0	0	0	32	0	0	0.5	32	0	0	0	32	0	0	6.278		100.001	77.7139	0.0365337	0	0.365333	0.0609926	16.642	1		0.0088623	12.0616	44.7951	0	0	0	
2024-06-15 20:13:45	1719	3403	5	0	0	5	21	0	0	0	21	0	0	3.5	21	0	0	0	21	0	0	1.299		100.013	79.1513	0.150216	0	1.50197	0.173759	14.1557	1		0	12.0705	45.055	0	0	0	
2024-06-15 20:09:59	1689	3404	1	0	0	3	13	0	0	0	13	0	0	0.25	13	0	0	0	13	0	0	2.381		100.012	80.9892	0.077928	0	0.779187	0.113741	13.4634	1		0.0088623	12.0616	46.2245	0	0	0	
2024-06-15 20:07:29	1669	3405	5	0	0	1	5	0	0	0	5	0	0	1.25	5	0	0	0	5	0	0	0.216		100.021	80.8952	0.752713	0	7.52557	0.210155	11.8211	1		0.0088623	11.9464	47.394	0	0	0	
2024-06-15 20:12:13	1707	3406	5	0	0	4	17	0	0	0	17	0	0	1.5	17	0	0	0	17	0	0	2.165		100.009	79.0065	0.0857815	0	0.857738	0.0624766	13.4733	1		0.0088623	12.0616	45.4448	0	0	0	
2024-06-15 20:19:45	1766	3407	9	0	0	1.5	7	0	0	0	7	0	0	6.25	7	0	0	0	7	0	0	4.113		100.008	76.3027	0.0555044	0	0.555002	0.0947983	16.5641	1		0.0088623	12.0616	44.7951	0	0	0	
2024-06-15 20:18:00	1752	3408	9	0	0	7.75	32	0	0	0	32	0	0	5.25	32	0	0	0	32	0	0	2.165		100.01	78.5946	0.0881798	0	0.881714	0.0985176	13.8499	1		0	12.0705	44.6651	0	0	0	
2024-06-15 20:18:07	1753	3409	5	0	0	7.75	32	0	0	0	32	0	0	4	32	0	0	0	32	0	0	3.247		100.012	78.0933	0.0592223	0	0.592152	0.142311	13.9523	1		0.0088623	12.0616	44.5352	0	0	0	
2024-06-15 20:15:26	1732	3410	5	0	0	6	25	0	0	0	25	0	0	1.25	25	0	0	0	25	0	0	4.113		100.011	78.2293	0.0581564	0	0.581503	0.422875	17.355	1		0	12.0616	45.055	0	0	0	
2024-06-15 20:11:44	1703	3411	1	0	0	4	17	0	0	0	17	0	0	3.5	17	0	0	0	17	0	0	0.433		100.012	79.1724	0.504839	0	5.04779	0.216808	15.8581	1		0.0088623	12.0705	45.7047	0	0	0	
2024-06-15 20:06:03	1658	3412	1	0	0	0	1	0	0	0	1	0	0	1	1	0	0	0	1	0	0	0.866		100.029	83.1663	0.226955	0	2.2689	0.0795577	14.2559	1		0.0088623	11.9552	48.1737	0	0	0	
2024-06-15 20:08:13	1675	3413	9	0	0	2	9	0	0	0	9	0	0	5.25	9	0	0	0	9	0	0	2.814		100.021	81.0463	0.0767761	0	0.767601	0.648494	15.6747	1		0.0088623	12.0616	46.7443	0	0	0	
2024-06-15 20:08:35	1678	3414	9	0	0	2	9	0	0	0	9	0	0	4	9	0	0	0	9	0	0	1.732		100.016	80.8478	0.109148	0	1.09131	0.168749	13.7138	1		0.0088623	12.0616	46.4844	0	0	0	
2024-06-15 20:23:57	1798	3415	1	0	0	3.5	15	0	0	0	15	0	0	2.25	15	0	0	0	15	0	0	1.082		100.01	75.6585	0.178655	0	1.78638	0.315941	14.0302	1		0.0088623	12.0705	44.7951	0	0	0	
2024-06-15 20:17:00	1744	3416	5	0	0	7	29	0	0	0	29	0	0	3	29	0	0	0	29	0	0	3.464		100.012	79.3732	0.0590503	0	0.590432	0.0721831	14.8392	1		0	12.0616	44.7951	0	0	0	
2024-06-15 20:07:37	1670	3417	5	0	0	1	5	0	0	0	5	0	0	2.5	5	0	0	0	5	0	0	1.299		100.02	81.1904	0.144025	0	1.43996	0.0451948	13.5713	1		0.0088623	12.0705	47.1341	0	0	0	
2024-06-15 20:05:20	1652	3418	5	0	0	0	1	0	0	0	1	0	0	6.75	1	0	0	0	1	0	0	5.845		100.023	84.1002	0.0407757	0	0.407663	0.0447784	17.2896	1		0.0088623	12.0705	49.0833	0	0	0	
2024-06-15 20:20:46	1774	3419	1	0	0	2.75	12	0	0	0	12	0	0	3	12	0	0	0	12	0	0	0.216		100.005	77.0422	0.754721	0	7.54687	0.409849	11.8546	1		0	12.0616	44.5352	0	0	0	
2024-06-15 20:13:37	1718	3420	1	0	0	5	21	0	0	0	21	0	0	1	21	0	0	0	21	0	0	3.464		100.013	79.3047	0.062464	0	0.62456	0.0670398	15.6969	1		0.0088623	12.0616	45.1849	0	0	0	
2024-06-15 20:26:10	1814	3421	1	0	0	0.5	3	0	0	7.25	3	0	0	2.75	3	0	0	5	3	0	0	1.168		100.018	20.2855	0.0791253	0	0.79111	0.0186416	11.1841	2		0	12.0705	44.5352	0	0	0	
2024-06-15 20:21:29	1780	3422	9	0	0	6.75	28	0	0	0	28	0	0	7	28	0	0	0	28	0	0	0.216		100.005	76.774	0.802244	0	8.02202	0.445138	12.601	1		0	12.0616	44.6651	0	0	0	
2024-06-15 20:09:00	1681	3423	5	0	0	2	9	0	0	0	9	0	0	0.75	9	0	0	0	9	0	0	1.082		100.016	80.3067	0.172001	0	1.71973	0.153583	13.5067	1		0.0088623	12.0616	46.6143	0	0	0	
2024-06-15 20:09:44	1687	3424	5	0	0	3	13	0	0	0	13	0	0	6	13	0	0	0	13	0	0	2.598		100.013	80.7275	0.0782367	0	0.782266	0.0539844	14.7454	1		0.0088623	12.0705	46.2245	0	0	0	
2024-06-15 20:09:37	1686	3425	9	0	0	3	13	0	0	0	13	0	0	4.75	13	0	0	0	13	0	0	1.515		100.015	80.5571	0.127527	0	1.27507	0.102629	14.0202	1		0	12.0616	46.3544	0	0	0	
2024-06-15 20:07:05	1666	3426	9	0	0	1	5	0	0	0	5	0	0	7.75	5	0	0	0	5	0	0	5.845		100.018	81.8944	0.0391263	0	0.391193	0.0467384	16.5911	1		0.0088623	12.0616	47.6539	0	0	0	
2024-06-15 20:06:58	1665	3427	5	0	0	1	5	0	0	0	5	0	0	6.5	5	0	0	0	5	0	0	4.762		100.019	81.2049	0.0513666	0	0.513568	0.304927	17.7476	1		0.0088623	12.0705	47.6539	0	0	0	
2024-06-15 20:14:48	1727	3428	9	0	0	6	25	0	0	0	25	0	0	5.5	25	0	0	0	25	0	0	0.433		100.009	78.4867	0.504533	0	5.0449	0.387865	15.849	1		0.0088623	12.0616	45.055	0	0	0	
2024-06-15 20:14:16	1723	3429	9	0	0	6	25	0	0	0	25	0	0	4.25	25	0	0	0	25	0	0	1.515		100.011	78.5071	0.133823	0	1.33809	0.0289327	14.713	1		0.0088623	12.0616	45.055	0	0	0	
2024-06-15 20:13:37	1718	3430	5	0	0	5	21	0	0	0	21	0	0	2.75	21	0	0	0	21	0	0	1.948		100.013	79.3047	0.0968224	0	0.968099	0.0254661	13.6862	1		0.0088623	12.0616	45.1849	0	0	0	
2024-06-15 20:07:29	1669	3431	1	0	0	1	5	0	0	0	5	0	0	0.5	5	0	0	0	5	0	0	0.433		100.021	80.8952	0.471808	0	4.7171	0.324136	14.8192	1		0.0088623	11.9464	47.394	0	0	0	
2024-06-15 20:12:06	1706	3432	5	0	0	4	17	0	0	0	17	0	0	0.75	17	0	0	0	17	0	0	2.814		100.008	79.0129	0.0691441	0	0.691382	0.123245	14.1183	1		0	12.0616	45.5748	0	0	0	
2024-06-15 20:18:44	1758	3433	1	0	0	7.75	32	0	0	0	32	0	0	3.25	32	0	0	0	32	0	0	3.897		100.012	77.5525	0.0499593	0	0.499533	0.0150265	14.124	1		0	12.0705	44.7951	0	0	0	
2024-06-15 20:25:21	1809	3434	1	0	0	2.75	12	0	0	5	12	0	0	0.5	12	0	0	7.25	12	0	0	1.168		100.018	19.9065	0.0794179	0	0.794039	0.0277432	11.2255	1		0	12.0616	44.6651	0	0	0	
2024-06-15 20:19:53	1767	3435	9	0	0	1.25	6	0	0	0	6	0	0	6.5	6	0	0	0	6	0	0	4.546		100.012	77.0073	0.0514426	0	0.514363	0.322854	16.9671	1		0	12.0616	44.7951	0	0	0	
2024-06-15 20:14:07	1722	3436	1	0	0	6	25	0	0	0	25	0	0	0.5	25	0	0	0	25	0	0	4.762		100.011	78.6704	0.0551619	0	0.55156	0.252044	19.0605	1		0.0088623	12.0616	45.1849	0	0	0	
2024-06-15 20:11:59	1705	3437	5	0	0	4	17	0	0	0	17	0	0	2.75	17	0	0	0	17	0	0	1.082		100.011	78.9103	0.182263	0	1.82243	0.130646	14.3133	1		0	12.0616	45.5748	0	0	0	
2024-06-15 20:06:10	1659	3438	5	0	0	0	1	0	0	0	1	0	0	0.25	1	0	0	0	1	0	0	0.216		100.026	81.2678	0.756503	0	7.56308	0.0307629	11.8801	2		0.0088623	12.0705	48.3036	0	0	0	
2024-06-15 20:08:13	1675	3439	1	0	0	2	9	0	0	0	9	0	0	3.25	9	0	0	0	9	0	0	1.082		100.021	81.0463	0.179541	0	1.79503	0.218405	14.0981	1		0.0088623	12.0616	46.7443	0	0	0	
2024-06-15 20:15:40	1734	3440	1	0	0	7	29	0	0	0	29	0	0	1.75	29	0	0	0	29	0	0	4.546		100.009	78.5183	0.0504174	0	0.504129	0.530086	16.6296	1		0	12.0616	44.925	0	0	0	
2024-06-15 20:05:41	1655	3441	9	0	0	0	1	0	0	0	1	0	0	6	1	0	0	0	1	0	0	5.195		100.024	82.6837	0.049335	0	0.493233	0.178093	18.5944	1		0.0088623	12.0616	48.6935	0	0	0	
2024-06-15 20:04:46	1649	3442	9	0	0	0	1	0	0	0	1	0	0	4.75	1	0	0	0	1	0	0	4.113		100.022	85.7719	0.0524334	0	0.524218	0.720249	15.6454	1		0	12.035	49.6031	0	0	0	
2024-06-15 20:23:10	1792	3443	1	0	0	7.25	30	0	0	0	30	0	0	0.5	30	0	0	0	30	0	0	5.845		100.013	77.0192	0.0511727	0	0.511658	0.322008	21.7002	1		0.0088623	12.0705	44.5352	0	0	0	
2024-06-15 20:13:30	1717	3444	1	0	0	5	21	0	0	0	21	0	0	0.25	21	0	0	0	21	0	0	4.113		100.014	79.1283	0.0517332	0	0.51726	0.0476139	15.4377	1		0.0088623	12.0705	44.925	0	0	0	
2024-06-15 20:12:49	1712	3445	5	0	0	5	21	0	0	0	21	0	0	6.75	21	0	0	0	21	0	0	1.515		100.014	79.1443	0.137423	0	1.37403	0.155006	15.1083	1		0	12.0705	45.3149	0	0	0	
2024-06-15 20:10:52	1696	3446	1	0	0	3	13	0	0	0	13	0	0	2.25	13	0	0	0	13	0	0	0.649		100.014	79.9304	0.31276	0	3.12716	0.308469	14.7364	1		0	12.0705	45.5748	0	0	0	
2024-06-15 20:07:59	1673	3447	1	0	0	2	9	0	0	0	9	0	0	0	9	0	0	0	9	0	0	1.732		100.021	81.1891	0.125129	0	1.25103	0.134549	15.7209	1		0.0088623	12.0705	47.1341	0	0	0	
2024-06-15 20:21:36	1781	3448	9	0	0	6.5	27	0	0	0	27	0	0	7.25	27	0	0	0	27	0	0	0.649		100.009	75.9737	0.347724	0	3.47692	0.170035	16.3846	2		0.0088623	11.9464	44.5352	0	0	0	
2024-06-15 20:17:52	1751	3449	5	0	0	7.75	32	0	0	0	32	0	0	7.25	32	0	0	0	32	0	0	0.433		100.015	77.9427	0.476589	0	4.76518	0.82876	14.9702	1		0.0088623	12.0705	44.7951	0	0	0	
2024-06-15 20:23:18	1793	3450	1	0	0	7.5	31	0	0	0	31	0	0	0.25	31	0	0	0	31	0	0	6.278		100.007	75.9773	0.0363631	0	0.363606	0.731214	16.5634	2		0.0088623	12.0705	44.7951	0	0	0	
2024-06-15 20:20:24	1771	3451	1	0	0	0.75	4	0	0	0	4	0	0	1	4	0	0	0	4	0	0	0.216		100.012	76.8087	0.76713	0	7.67034	0.201532	12.0485	1		0	12.0705	44.5352	0	0	0	
2024-06-15 20:22:30	1787	3452	1	0	0	5.5	23	0	0	0	23	0	0	2.25	23	0	0	0	23	0	0	2.814		100.01	77.2646	0.0983038	0	0.982936	0.0938972	20.0719	2		0	12.0616	44.7951	0	0	0	
2024-06-15 20:11:07	1698	3453	5	0	0	4	17	0	0	0	17	0	0	6.75	17	0	0	0	17	0	0	2.381		100.006	79.2796	0.0843578	0	0.843531	0.0666126	14.5752	1		0.0088623	12.0616	45.8346	0	0	0	
2024-06-15 20:10:24	1692	3454	9	0	0	3	13	0	0	0	13	0	0	5.25	13	0	0	0	13	0	0	1.948		100.011	80.2712	0.0991353	0	0.99124	0.0759678	14.0133	1		0.0088623	12.0616	45.9646	0	0	0	
2024-06-15 20:09:29	1685	3455	9	0	0	3	13	0	0	0	13	0	0	4	13	0	0	0	13	0	0	0.866		100.011	80.6601	0.240279	0	2.40252	0.493296	15.0955	1		0	12.0616	46.3544	0	0	0	
2024-06-15 20:08:06	1674	3456	5	0	0	2	9	0	0	0	9	0	0	7.25	9	0	0	0	9	0	0	4.546		100.017	81.1437	0.054694	0	0.546844	0.0155955	18.0386	1		0.0088623	12.0616	47.0042	0	0	0	
2024-06-15 20:16:19	1739	3457	9	0	0	7	29	0	0	0	29	0	0	7.5	29	0	0	0	29	0	0	0.433		100.009	78.3926	0.470853	0	4.70813	0.434458	14.791	1		0	12.0705	44.6651	0	0	0	
2024-06-15 20:16:27	1740	3458	5	0	0	7	29	0	0	0	29	0	0	6.25	29	0	0	0	29	0	0	0.649		100.011	78.1217	0.342613	0	3.42574	0.32892	16.1434	1		0.0088623	12.0616	44.925	0	0	0	
2024-06-15 20:06:43	1663	3459	9	0	0	1	5	0	0	0	5	0	0	5.75	5	0	0	0	5	0	0	4.113		100.019	81.1716	0.0528956	0	0.528857	0.339381	15.7838	1		0.0088623	12.0705	47.9138	0	0	0	
2024-06-15 20:06:36	1662	3460	5	0	0	1	5	0	0	0	5	0	0	4.5	5	0	0	0	5	0	0	3.031		100.018	81.2888	0.0695211	0	0.695087	0.61181	15.2858	1		0.0088623	12.0705	47.9138	0	0	0	
2024-06-15 20:15:18	1731	3461	5	0	0	6	25	0	0	0	25	0	0	3.5	25	0	0	0	25	0	0	2.165		100.01	78.2795	0.0890836	0	0.890749	0.108901	13.9919	1		0	12.0705	44.7951	0	0	0	
2024-06-15 20:11:00	1697	3462	1	0	0	4	17	0	0	0	17	0	0	0	17	0	0	0	17	0	0	3.464		100.011	79.2213	0.0606482	0	0.606413	0.0732219	15.2408	1		0.0088623	12.0616	45.8346	0	0	0	
2024-06-15 20:18:21	1755	3463	1	0	0	7.75	32	0	0	0	32	0	0	2.5	32	0	0	0	32	0	0	4.546		100.011	77.5163	0.0455104	0	0.455052	0.349592	15.0107	1		0	12.0616	44.5352	0	0	0	
2024-06-15 20:08:27	1677	3464	1	0	0	2	9	0	0	0	9	0	0	2.5	9	0	0	0	9	0	0	0.433		100.015	80.8263	0.452583	0	4.52518	0.213494	14.2163	1		0	11.9552	46.8742	0	0	0	
2024-06-15 20:17:00	1744	3465	1	0	0	7	29	0	0	0	29	0	0	1	29	0	0	0	29	0	0	5.195		100.012	79.3732	0.0462828	0	0.462772	0.0260588	17.4461	1		0	12.0616	44.7951	0	0	0	
2024-06-15 20:05:27	1653	3466	9	0	0	0	1	0	0	0	1	0	0	5.25	1	0	0	0	1	0	0	4.546		100.023	83.2263	0.0506865	0	0.506748	0.155206	16.7159	1		0.0088623	12.0705	48.6935	0	0	0	
2024-06-15 20:05:27	1653	3467	5	0	0	0	1	0	0	0	1	0	0	4	1	0	0	0	1	0	0	3.464		100.023	83.2263	0.0605969	0	0.605829	0.329057	15.2261	1		0.0088623	12.0705	48.6935	0	0	0	
2024-06-15 20:17:30	1748	3468	1	0	0	7.75	32	0	0	0	32	0	0	1.75	32	0	0	0	32	0	0	5.195		100.011	77.9888	0.0411296	0	0.411251	0.430357	15.5038	1		0.0088623	12.0705	44.7951	0	0	0	
2024-06-15 20:12:35	1710	3469	5	0	0	5	21	0	0	0	21	0	0	6	21	0	0	0	21	0	0	0.866		100.008	79.1108	0.250482	0	2.50462	0.582447	15.737	1		0	12.0616	45.4448	0	0	0	
2024-06-15 20:13:30	1717	3470	5	0	0	5	21	0	0	0	21	0	0	4.75	21	0	0	0	21	0	0	0.216		100.014	79.1283	0.780634	0	7.80524	0.210745	12.2604	1		0.0088623	12.0705	44.925	0	0	0	
2024-06-15 20:10:31	1693	3471	5	0	0	3	13	0	0	0	13	0	0	1.5	13	0	0	0	13	0	0	1.299		100.012	80.1305	0.142475	0	1.42458	0.127441	13.4263	1		0.0088623	12.0705	45.9646	0	0	0	
2024-06-15 20:17:37	1749	3472	9	0	0	7.75	32	0	0	0	32	0	0	6.5	32	0	0	0	32	0	0	1.082		100.01	78.1216	0.193496	0	1.93477	0.190836	15.1956	1		0.0088623	12.0705	44.7951	0	0	0	
2024-06-15 20:19:31	1764	3473	9	0	0	2.25	10	0	0	0	10	0	0	5.5	10	0	0	0	10	0	0	2.814		100.013	77.6274	0.0801665	0	0.801561	0.305302	16.3682	1		0	12.0616	44.7951	0	0	0	
2024-06-15 20:25:10	1808	3474	1	0	0	3	13	0	0	4.75	13	0	0	1.25	13	0	0	6.5	13	0	0	0.908		100.016	20.2235	0.0930984	0	0.930835	0.65392	10.2351	2		0.0088623	12.0705	44.7951	0	0	0	
2024-06-15 20:11:44	1703	3475	9	0	0	4	17	0	0	0	17	0	0	6	17	0	0	0	17	0	0	1.732		100.012	79.1724	0.114988	0	1.14974	0.212122	14.4481	1		0.0088623	12.0705	45.7047	0	0	0	
2024-06-15 20:11:00	1697	3476	9	0	0	4	17	0	0	0	17	0	0	4.75	17	0	0	0	17	0	0	0.649		100.011	79.2213	0.347804	0	3.47765	0.388062	16.388	1		0.0088623	12.0616	45.8346	0	0	0	
2024-06-15 20:05:20	1652	3477	1	0	0	0	1	0	0	0	1	0	0	2.25	1	0	0	0	1	0	0	1.948		100.023	84.1002	0.105538	0	1.05514	0.255859	14.9166	1		0.0088623	12.0705	49.0833	0	0	0	
2024-06-15 20:25:03	1807	3478	1	0	0	3.25	14	0	0	4.5	14	0	0	2	14	0	0	5.75	14	0	0	0.649		100.018	20.0178	0.177893	0	1.77861	0.828928	13.9692	1		0.0088623	12.0616	44.7951	0	0	0	
2024-06-15 20:10:39	1694	3479	5	0	0	3	13	0	0	0	13	0	0	3.25	13	0	0	0	13	0	0	0.216		100.01	79.9764	0.772188	0	7.72108	0.257641	12.1283	1		0	12.0616	45.8346	0	0	0	
2024-06-15 20:08:53	1680	3480	9	0	0	2	9	0	0	0	9	0	0	7.75	9	0	0	0	9	0	0	4.979		100.016	79.8886	0.0432638	0	0.432571	0.114549	15.6281	1		0	12.0705	46.4844	0	0	0	
2024-06-15 20:08:43	1679	3481	9	0	0	2	9	0	0	0	9	0	0	6.5	9	0	0	0	9	0	0	3.897		100.017	79.7419	0.0552831	0	0.552736	0.147314	15.6282	2		0	12.0705	46.6143	0	0	0	
2024-06-15 20:15:57	1736	3482	9	0	0	7	29	0	0	0	29	0	0	5.5	29	0	0	0	29	0	0	1.299		100.01	78.1031	0.158636	0	1.5862	0.261241	14.9496	1		0	12.0616	44.925	0	0	0	
2024-06-15 20:16:12	1738	3483	5	0	0	7	29	0	0	0	29	0	0	4.25	29	0	0	0	29	0	0	2.381		100.007	78.1824	0.0834543	0	0.834484	0.0912172	14.4188	1		0	12.0705	44.925	0	0	0	
2024-06-15 20:06:50	1664	3484	9	0	0	1	5	0	0	0	5	0	0	5	5	0	0	0	5	0	0	3.464		100.021	81.1961	0.062754	0	0.627409	0.0367162	15.7685	1		0.0088623	12.0616	47.6539	0	0	0	
2024-06-15 20:06:50	1664	3485	1	0	0	1	5	0	0	0	5	0	0	3.75	5	0	0	0	5	0	0	2.381		100.021	81.1961	0.0808049	0	0.807881	0.253749	13.9592	1		0.0088623	12.0616	47.6539	0	0	0	
2024-06-15 20:15:32	1733	3486	5	0	0	6	25	0	0	0	25	0	0	2.75	25	0	0	0	25	0	0	2.814		100.011	78.5183	0.0713852	0	0.713774	0.576996	14.5755	1		0.0088623	12.0616	45.055	0	0	0	
2024-06-15 20:14:00	1721	3487	1	0	0	5	21	0	0	0	21	0	0	2.25	21	0	0	0	21	0	0	2.381		100.014	78.8479	0.0805164	0	0.805055	0.0155519	13.9103	1		0.0088623	12.0616	45.055	0	0	0	
2024-06-15 20:16:53	1743	3488	1	0	0	7	29	0	0	0	29	0	0	0.25	29	0	0	0	29	0	0	5.845		100.008	77.8803	0.0403066	0	0.403033	0.285664	17.0932	1		0	12.0616	44.7951	0	0	0	
2024-06-15 20:05:56	1657	3489	5	0	0	0	1	0	0	0	1	0	0	3.25	1	0	0	0	1	0	0	2.814		100.025	82.5411	0.0696653	0	0.696481	0.106437	14.2224	1		0.0088623	11.9552	48.4336	0	0	0	
2024-06-15 20:10:14	1691	3490	5	0	0	3	13	0	0	0	13	0	0	7.25	13	0	0	0	13	0	0	3.68		100.009	80.1152	0.0675458	0	0.675394	0.114793	18.0354	2		0.0088623	12.0616	45.8346	0	0	0	
2024-06-15 20:14:22	1724	3491	9	0	0	6	25	0	0	0	25	0	0	6.75	25	0	0	0	25	0	0	0.649		100.013	78.2174	0.35537	0	3.55325	0.047238	16.7443	2		0	12.0616	45.055	0	0	0	
2024-06-15 20:18:51	1759	3492	9	0	0	3.75	16	0	0	0	16	0	0	4	16	0	0	0	16	0	0	0.216		100.01	77.3526	0.844813	0	8.44726	0.306299	13.2689	1		0	12.0705	44.7951	0	0	0	
2024-06-15 20:17:44	1750	3493	1	0	0	7.75	32	0	0	0	32	0	0	1	32	0	0	0	32	0	0	5.845		100.011	77.9332	0.0379942	0	0.379902	0.134727	16.1122	1		0.0088623	12.0616	44.7951	0	0	0	
2024-06-15 20:13:23	1716	3494	5	0	0	5	21	0	0	0	21	0	0	5.25	21	0	0	0	21	0	0	0.216		100.014	78.912	0.796053	0	7.95941	0.245343	12.5026	1		0	12.0705	45.055	0	0	0	
2024-06-15 20:13:23	1716	3495	9	0	0	5	21	0	0	0	21	0	0	4	21	0	0	0	21	0	0	0.866		100.014	78.912	0.247554	0	2.47519	0.258707	15.5521	1		0	12.0705	45.055	0	0	0	
2024-06-15 20:10:31	1693	3496	1	0	0	3	13	0	0	0	13	0	0	0.75	13	0	0	0	13	0	0	1.948		100.012	80.1305	0.0941839	0	0.941729	0.0706647	13.3134	1		0.0088623	12.0705	45.9646	0	0	0	
2024-06-15 20:07:45	1671	3497	1	0	0	1	5	0	0	0	5	0	0	1.75	5	0	0	0	5	0	0	0.649		100.019	80.656	0.308476	0	3.08418	0.223276	14.5338	1		0.0088623	12.0705	47.264	0	0	0	
2024-06-15 20:12:28	1709	3498	1	0	0	4	17	0	0	0	17	0	0	2	17	0	0	0	17	0	0	1.732		100.009	78.8789	0.108675	0	1.08665	0.0535147	13.6553	1		0	12.0705	45.4448	0	0	0	
2024-06-15 20:17:23	1747	3499	9	0	0	7.75	32	0	0	0	32	0	0	5.75	32	0	0	0	32	0	0	1.732		100.011	78.0015	0.113167	0	1.13155	0.49744	14.2195	1		0	12.0616	44.7951	0	0	0	
2024-06-15 20:17:37	1749	3500	5	0	0	7.75	32	0	0	0	32	0	0	4.5	32	0	0	0	32	0	0	2.814		100.01	78.1216	0.0682466	0	0.682396	0.107151	13.9348	1		0.0088623	12.0705	44.7951	0	0	0	
2024-06-15 20:21:00	1776	3501	1	0	0	2.25	10	0	0	0	10	0	0	3.5	10	0	0	0	10	0	0	1.082		100.012	76.9055	0.178853	0	1.78831	0.302106	14.0453	1		0	12.0705	44.7951	0	0	0	
2024-06-15 20:20:17	1770	3502	9	0	0	0.25	2	0	0	0	2	0	0	7.5	2	0	0	0	2	0	0	6.278		100.011	76.2015	0.0376665	0	0.376625	0.262056	17.1564	1		0	12.0705	44.7951	0	0	0	
2024-06-15 20:15:10	1730	3503	1	0	0	6	25	0	0	0	25	0	0	1.75	25	0	0	0	25	0	0	3.68		100.014	78.507	0.0632624	0	0.632536	0.153831	16.891	1		0	12.0705	45.055	0	0	0	
2024-06-15 20:11:29	1701	3504	9	0	0	4	17	0	0	0	17	0	0	5.25	17	0	0	0	17	0	0	1.082		100.009	79.0958	0.194529	0	1.9451	0.238415	15.2768	1		0.0088623	12.0616	45.5748	0	0	0	
2024-06-15 20:05:09	1651	3505	1	0	0	0	1	0	0	0	1	0	0	1.5	1	0	0	0	1	0	0	1.299		100.023	83.2793	0.142908	0	1.42875	0.0412061	13.4657	2		0.0088623	12.0705	49.3432	0	0	0	
2024-06-15 20:09:37	1686	3506	1	0	0	3	13	0	0	0	13	0	0	2.5	13	0	0	0	13	0	0	0.433		100.015	80.5571	0.45543	0	4.55362	0.386042	14.3056	1		0	12.0616	46.3544	0	0	0	
2024-06-15 20:07:59	1673	3507	5	0	0	2	9	0	0	0	9	0	0	5.75	9	0	0	0	9	0	0	3.247		100.021	81.1891	0.0649974	0	0.649836	0.0889876	15.3114	1		0.0088623	12.0705	47.1341	0	0	0	
2024-06-15 20:08:20	1676	3508	5	0	0	2	9	0	0	0	9	0	0	4.5	9	0	0	0	9	0	0	2.165		100.016	80.8578	0.0892206	0	0.892061	0.0688066	14.0125	1		0	12.0705	46.8742	0	0	0	
2024-06-15 20:16:53	1743	3509	5	0	0	7	29	0	0	0	29	0	0	3.5	29	0	0	0	29	0	0	3.031		100.008	77.8803	0.0653276	0	0.653222	0.315196	14.3651	1		0	12.0616	44.7951	0	0	0	
2024-06-15 20:06:36	1662	3510	1	0	0	1	5	0	0	0	5	0	0	3	5	0	0	0	5	0	0	1.732		100.018	81.2888	0.106631	0	1.06612	0.127814	13.3973	1		0.0088623	12.0705	47.9138	0	0	0	
2024-06-15 20:05:09	1651	3511	5	0	0	0	1	0	0	0	1	0	0	7.25	1	0	0	0	1	0	0	6.278		100.023	83.2793	0.0405272	0	0.40518	0.0226736	18.4572	2		0.0088623	12.0705	49.3432	0	0	0	
2024-06-15 20:12:56	1713	3512	1	0	0	5	21	0	0	0	21	0	0	1.5	21	0	0	0	21	0	0	3.031		100.01	78.2927	0.0661927	0	0.661857	0.203591	14.555	2		0	12.0705	45.3149	0	0	0	
2024-06-15 20:08:35	1678	3513	1	0	0	2	9	0	0	0	9	0	0	1.25	9	0	0	0	9	0	0	0.649		100.016	80.8478	0.299337	0	2.9929	0.254869	14.1037	1		0.0088623	12.0616	46.4844	0	0	0	
2024-06-15 20:23:35	1795	3514	1	0	0	1.5	7	0	0	0	7	0	0	0.25	7	0	0	0	7	0	0	1.082		100.013	75.8323	0.175544	0	1.7552	0.0148679	13.7853	1		0	12.0616	44.7951	0	0	0	
2024-06-15 20:04:46	1649	3515	1	0	0	0	1	0	0	0	1	0	0	2.5	1	0	0	0	1	0	0	2.165		100.022	85.7719	0.0888275	0	0.888079	0.222121	13.9499	1		0	12.035	49.6031	0	0	0	
2024-06-15 20:22:48	1789	3516	1	0	0	6.25	26	0	0	0	26	0	0	1.5	26	0	0	0	26	0	0	4.113		100.011	76.7642	0.0567333	0	0.567269	0.624918	16.9302	1		0.0088623	12.0705	44.5352	0	0	0	
2024-06-15 20:24:34	1803	3517	9	0	0	7.25	30	0	0	0	30	0	0	6.5	30	0	0	0	30	0	0	0.649		100.017	76.2785	0.332916	0	3.32861	0.483387	15.6857	1		0	12.0616	44.7951	0	0	0	
2024-06-15 20:10:14	1691	3518	9	0	0	3	13	0	0	0	13	0	0	7.75	13	0	0	0	13	0	0	4.113		100.009	80.1152	0.0499015	0	0.498967	0.00189572	14.8917	2		0.0088623	12.0616	45.8346	0	0	0	
2024-06-15 20:09:59	1689	3519	9	0	0	3	13	0	0	0	13	0	0	6.5	13	0	0	0	13	0	0	3.031		100.012	80.9892	0.0683849	0	0.683767	0.133551	15.0368	1		0.0088623	12.0616	46.2245	0	0	0	
2024-06-15 20:06:50	1664	3520	5	0	0	1	5	0	0	0	5	0	0	7	5	0	0	0	5	0	0	5.195		100.021	81.1961	0.0454983	0	0.454888	0.316595	17.1489	1		0.0088623	12.0616	47.6539	0	0	0	
2024-06-15 20:14:48	1727	3521	5	0	0	6	25	0	0	0	25	0	0	4.75	25	0	0	0	25	0	0	1.082		100.009	78.4867	0.194848	0	1.94831	0.251941	15.302	1		0.0088623	12.0616	45.055	0	0	0	
2024-06-15 20:18:00	1752	3522	1	0	0	7.75	32	0	0	0	32	0	0	0.25	32	0	0	0	32	0	0	6.494		100.01	78.5946	0.0341385	0	0.341353	0.495025	16.0859	1		0	12.0705	44.6651	0	0	0	
2024-06-15 20:14:00	1721	3523	5	0	0	5	21	0	0	0	21	0	0	3.25	21	0	0	0	21	0	0	1.515		100.014	78.8479	0.125917	0	1.259	0.096949	13.8434	1		0.0088623	12.0616	45.055	0	0	0	
2024-06-15 20:10:45	1695	3524	1	0	0	3	13	0	0	0	13	0	0	0	13	0	0	0	13	0	0	2.598		100.01	80.0344	0.0764543	0	0.764465	0.259408	14.4098	1		0.0088623	12.0705	45.8346	0	0	0	
2024-06-15 20:18:59	1760	3525	9	0	0	3.5	15	0	0	0	15	0	0	4.25	15	0	0	0	15	0	0	0.649		100.007	77.0566	0.334545	0	3.34523	0.222415	15.764	1		0	12.0616	44.6651	0	0	0	
2024-06-15 20:11:15	1699	3526	1	0	0	4	17	0	0	0	17	0	0	1.25	17	0	0	0	17	0	0	2.381		100.01	79.3038	0.0800756	0	0.800676	0.145177	13.8347	1		0.0088623	12.0616	45.7047	0	0	0	
2024-06-15 20:18:14	1754	3527	5	0	0	7.75	32	0	0	0	32	0	0	5	32	0	0	0	32	0	0	2.381		100.013	77.7508	0.080051	0	0.800407	0.117556	13.83	1		0.0088623	12.0705	44.7951	0	0	0	
2024-06-15 20:18:21	1755	3528	5	0	0	7.75	32	0	0	0	32	0	0	3.75	32	0	0	0	32	0	0	3.464		100.011	77.5163	0.0559548	0	0.559483	0.016965	14.0614	1		0	12.0616	44.5352	0	0	0	
2024-06-15 20:26:04	1813	3529	1	0	0	1.25	6	0	0	6.5	6	0	0	3	6	0	0	4.75	6	0	0	0.908		100.017	20.068	0.106887	0	1.06869	0.0676332	11.7509	1		0.0088623	12.0705	44.7951	0	0	0	
2024-06-15 20:14:22	1724	3530	1	0	0	6	25	0	0	0	25	0	0	1	25	0	0	0	25	0	0	4.33		100.013	78.2174	0.056336	0	0.563288	0.1532	17.6962	2		0	12.0616	45.055	0	0	0	
2024-06-15 20:11:59	1705	3531	1	0	0	4	17	0	0	0	17	0	0	3.25	17	0	0	0	17	0	0	0.649		100.011	78.9103	0.334747	0	3.34709	0.164623	15.7728	1		0	12.0616	45.5748	0	0	0	
2024-06-15 20:05:27	1653	3532	1	0	0	0	1	0	0	0	1	0	0	0.75	1	0	0	0	1	0	0	0.649		100.023	83.2263	0.315172	0	3.15099	0.13986	14.8487	1		0.0088623	12.0705	48.6935	0	0	0	
2024-06-15 20:25:29	1810	3533	1	0	0	3.5	15	0	0	4.25	15	0	0	3.75	15	0	0	4	15	0	0	0.13		100.019	19.1769	0.554051	0	5.53945	0.36063	8.70134	2		0	12.0616	44.7951	0	0	0	
2024-06-15 20:08:35	1678	3534	5	0	0	2	9	0	0	0	9	0	0	5	9	0	0	0	9	0	0	2.598		100.016	80.8478	0.0768129	0	0.768007	0.0293775	14.4766	1		0.0088623	12.0616	46.4844	0	0	0	
2024-06-15 20:08:53	1680	3535	1	0	0	2	9	0	0	0	9	0	0	3.75	9	0	0	0	9	0	0	1.515		100.016	79.8886	0.130101	0	1.30081	0.420465	14.3031	1		0	12.0705	46.4844	0	0	0	
2024-06-15 20:17:07	1745	3536	1	0	0	7	29	0	0	0	29	0	0	2.75	29	0	0	0	29	0	0	3.68		100.013	78.3683	0.0561787	0	0.561714	0.149303	14.9998	1		0.0088623	12.0616	44.7951	0	0	0	
2024-06-15 20:17:15	1746	3537	1	0	0	7	29	0	0	0	29	0	0	2.25	29	0	0	0	29	0	0	4.113		100.012	78.1543	0.051492	0	0.514858	0.458495	15.366	1		0.0088623	12.0616	44.7951	0	0	0	
2024-06-15 20:05:34	1654	3538	5	0	0	0	1	0	0	0	1	0	0	7.75	1	0	0	0	1	0	0	6.711		100.022	83.0279	0.0352592	0	0.352514	0.418985	17.1655	1		0.0088623	11.9464	48.6935	0	0	0	
2024-06-15 20:04:59	1650	3539	9	0	0	0	1	0	0	0	1	0	0	6.5	1	0	0	0	1	0	0	5.628		100.019	84.6331	0.0419318	0	0.419237	0.108303	17.1219	2		0.0088623	12.0705	49.6031	0	0	0	
2024-06-15 20:12:49	1712	3540	1	0	0	5	21	0	0	0	21	0	0	0.75	21	0	0	0	21	0	0	3.68		100.014	79.1443	0.0589514	0	0.58943	0.0100949	15.7399	1		0	12.0705	45.3149	0	0	0	
2024-06-15 20:12:56	1713	3541	9	0	0	5	21	0	0	0	21	0	0	7.25	21	0	0	0	21	0	0	1.948		100.01	78.2927	0.118155	0	1.18143	0.168249	16.702	2		0	12.0705	45.3149	0	0	0	
2024-06-15 20:24:27	1802	3542	9	0	0	5.75	24	0	0	0	24	0	0	4	24	0	0	0	24	0	0	1.515		100.012	76.4104	0.130646	0	1.30631	0.129852	14.3636	1		0.0088623	12.0616	44.7951	0	0	0	
2024-06-15 20:21:15	1778	3543	9	0	0	4.5	19	0	0	0	19	0	0	5.25	19	0	0	0	19	0	0	0.649		100.008	76.7955	0.332752	0	3.32725	0.326303	15.6793	1		0.0088623	12.0705	44.7951	0	0	0	
2024-06-15 20:25:38	1811	3544	1	0	0	2.75	12	0	0	5	12	0	0	3.5	12	0	0	4.25	12	0	0	0.389		100.018	19.9341	0.320521	0	3.20462	1.30221	15.1014	4		0	12.0616	44.6651	0	0	0	
2024-06-15 20:09:00	1681	3545	1	0	0	2	9	0	0	0	9	0	0	0.5	9	0	0	0	9	0	0	1.299		100.016	80.3067	0.142626	0	1.42603	0.197198	13.44	1		0.0088623	12.0616	46.6143	0	0	0	
2024-06-15 20:20:06	1769	3546	9	0	0	0.5	3	0	0	0	3	0	0	7.25	3	0	0	0	3	0	0	5.845		100.011	76.3609	0.0795689	0	0.795602	0.16019	33.7427	2		0.0088623	12.0705	44.7951	0	0	0	
2024-06-15 20:11:22	1700	3547	9	0	0	4	17	0	0	0	17	0	0	7.25	17	0	0	0	17	0	0	2.814		100.011	79.119	0.0781757	0	0.781674	0.582717	15.9621	1		0.0088623	12.0616	45.4448	0	0	0	
2024-06-15 20:10:24	1692	3548	5	0	0	3	13	0	0	0	13	0	0	5.75	13	0	0	0	13	0	0	2.381		100.011	80.2712	0.080885	0	0.808758	0.107707	13.9743	1		0.0088623	12.0616	45.9646	0	0	0	
2024-06-15 20:10:07	1690	3549	9	0	0	3	13	0	0	0	13	0	0	4.5	13	0	0	0	13	0	0	1.299		100.011	80.8283	0.149984	0	1.49967	0.213252	14.1341	1		0	12.0616	46.0945	0	0	0	
2024-06-15 20:16:05	1737	3550	5	0	0	7	29	0	0	0	29	0	0	6.75	29	0	0	0	29	0	0	0.216		100.008	78.1492	0.800893	0	8.00826	0.490244	12.5793	1		0	12.0616	44.6651	0	0	0	
2024-06-15 20:07:22	1668	3551	9	0	0	1	5	0	0	0	5	0	0	7.5	5	0	0	0	5	0	0	5.628		100.022	81.3805	0.0417735	0	0.417642	0.0889463	17.0568	1		0.0088623	12.0616	47.5239	0	0	0	
2024-06-15 20:06:58	1665	3552	9	0	0	1	5	0	0	0	5	0	0	6.25	5	0	0	0	5	0	0	4.546		100.019	81.2049	0.0532373	0	0.532272	0.0510962	17.5579	1		0.0088623	12.0705	47.6539	0	0	0	
2024-06-15 20:14:55	1728	3553	9	0	0	6	25	0	0	0	25	0	0	5.25	25	0	0	0	25	0	0	0.649		100.008	78.4058	0.339088	0	3.3906	0.35616	15.9778	1		0.0088623	12.0616	45.055	0	0	0	
2024-06-15 20:14:33	1725	3554	9	0	0	6	25	0	0	0	25	0	0	4	25	0	0	0	25	0	0	1.732		100.011	78.3802	0.113936	0	1.13923	0.101245	14.316	1		0.0088623	12.0616	45.1849	0	0	0	
2024-06-15 20:13:53	1720	3555	1	0	0	5	21	0	0	0	21	0	0	2.5	21	0	0	0	21	0	0	2.165		100.012	79.2693	0.0928625	0	0.928517	0.239524	14.5851	1		0	12.0705	45.1849	0	0	0	
2024-06-15 20:07:51	1672	3556	1	0	0	1	5	0	0	0	5	0	0	0.25	5	0	0	0	5	0	0	0.649		100.021	80.7564	0.316297	0	3.1623	0.171817	14.902	1		0.0088623	12.0616	47.0042	0	0	0	
2024-06-15 20:11:29	1701	3557	1	0	0	4	17	0	0	0	17	0	0	0.5	17	0	0	0	17	0	0	3.031		100.009	79.0958	0.0669032	0	0.66897	0.351991	14.7114	1		0.0088623	12.0616	45.5748	0	0	0	
2024-06-15 20:18:44	1758	3558	5	0	0	7.75	32	0	0	0	32	0	0	3	32	0	0	0	32	0	0	4.113		100.012	77.5525	0.0479775	0	0.479717	0.0705234	14.3172	1		0	12.0705	44.7951	0	0	0	
2024-06-15 20:15:26	1732	3559	1	0	0	6	25	0	0	0	25	0	0	0.25	25	0	0	0	25	0	0	4.979		100.011	78.2293	0.0471112	0	0.471063	0.376738	17.0187	1		0	12.0616	45.055	0	0	0	
2024-06-15 20:22:15	1786	3560	1	0	0	5.25	22	0	0	0	22	0	0	2.5	22	0	0	0	22	0	0	2.381		100.008	75.2575	0.123907	0	1.23896	2.80664	21.4078	4		0	12.0616	44.7951	0	0	0	
2024-06-15 20:11:36	1702	3561	1	0	0	4	17	0	0	0	17	0	0	2.5	17	0	0	0	17	0	0	1.299		100.008	78.94	0.149112	0	1.49099	0.210668	14.0523	1		0.0088623	12.0705	45.7047	0	0	0	
2024-06-15 20:08:06	1674	3562	1	0	0	2	9	0	0	0	9	0	0	3	9	0	0	0	9	0	0	0.866		100.017	81.1437	0.230377	0	2.30337	0.254254	14.4725	1		0.0088623	12.0616	47.0042	0	0	0	
2024-06-15 20:15:57	1736	3563	1	0	0	7	29	0	0	0	29	0	0	1.5	29	0	0	0	29	0	0	4.762		100.01	78.1031	0.0476917	0	0.476867	0.401963	16.4794	1		0	12.0616	44.925	0	0	0	
2024-06-15 20:05:41	1655	3564	5	0	0	0	1	0	0	0	1	0	0	5.75	1	0	0	0	1	0	0	4.979		100.024	82.6837	0.0463343	0	0.463232	0.142519	16.7358	1		0.0088623	12.0616	48.6935	0	0	0	
2024-06-15 20:05:49	1656	3565	5	0	0	0	1	0	0	0	1	0	0	4.5	1	0	0	0	1	0	0	3.897		100.021	82.6637	0.0543397	0	0.543285	0.155448	15.361	1		0.0088623	12.0705	48.3036	0	0	0	
2024-06-15 20:13:08	1714	3566	1	0	0	5	21	0	0	0	21	0	0	0	21	0	0	0	21	0	0	4.33		100.012	78.7869	0.0508716	0	0.508654	0.522248	15.9798	1		0	12.0616	45.1849	0	0	0	
2024-06-15 20:17:23	1747	3567	1	0	0	7.75	32	0	0	0	32	0	0	2.25	32	0	0	0	32	0	0	4.762		100.011	78.0015	0.0427933	0	0.427885	0.163695	14.7867	1		0	12.0616	44.7951	0	0	0	
2024-06-15 20:12:56	1713	3568	5	0	0	5	21	0	0	0	21	0	0	7.75	21	0	0	0	21	0	0	2.381		100.01	78.2927	0.0824933	0	0.824847	0.144615	14.2523	2		0	12.0705	45.3149	0	0	0	
2024-06-15 20:12:42	1711	3569	9	0	0	5	21	0	0	0	21	0	0	6.5	21	0	0	0	21	0	0	1.299		100.011	79.0734	0.161343	0	1.61325	0.031595	15.2046	1		0.0088623	12.0705	45.4448	0	0	0	
2024-06-15 20:10:14	1691	3570	1	0	0	3	13	0	0	0	13	0	0	2	13	0	0	0	13	0	0	0.866		100.009	80.1152	0.228796	0	2.28774	0.0264798	14.3743	2		0.0088623	12.0616	45.8346	0	0	0	
2024-06-15 20:22:01	1784	3571	1	0	0	4.5	19	0	0	0	19	0	0	3.25	19	0	0	0	19	0	0	1.082		100.012	76.6151	0.187264	0	1.87242	0.487633	14.7059	1		0	12.0705	44.7951	0	0	0	
2024-06-15 20:17:44	1750	3572	9	0	0	7.75	32	0	0	0	32	0	0	7	32	0	0	0	32	0	0	0.649		100.011	77.9332	0.339959	0	3.39923	0.419525	16.0185	1		0.0088623	12.0616	44.7951	0	0	0	
2024-06-15 20:24:20	1801	3573	9	0	0	5.5	23	0	0	0	23	0	0	4.25	23	0	0	0	23	0	0	1.082		100.01	75.8121	0.191516	0	1.91497	0.302814	15.0401	1		0.0088623	12.0616	44.7951	0	0	0	
2024-06-15 20:23:03	1791	3574	1	0	0	6.75	28	0	0	0	28	0	0	1	28	0	0	0	28	0	0	4.979		100.011	76.5361	0.0510584	0	0.51053	0.398665	18.4446	1		0.0088623	12.0705	44.7951	0	0	0	
2024-06-15 20:21:22	1779	3575	9	0	0	4.25	18	0	0	0	18	0	0	5.5	18	0	0	0	18	0	0	1.082		100.009	77.8979	0.192759	0	1.92742	0.275244	15.1379	1		0.0088623	12.0616	44.5352	0	0	0	
2024-06-15 20:11:36	1702	3576	5	0	0	4	17	0	0	0	17	0	0	7.75	17	0	0	0	17	0	0	3.247		100.008	78.94	0.061228	0	0.612229	0.369372	14.4253	1		0.0088623	12.0705	45.7047	0	0	0	
2024-06-15 20:11:07	1698	3577	1	0	0	4	17	0	0	0	17	0	0	6.5	17	0	0	0	17	0	0	2.165		100.006	79.2796	0.0921607	0	0.921556	0.11057	14.4758	1		0.0088623	12.0616	45.8346	0	0	0	
2024-06-15 20:09:52	1688	3578	1	0	0	3	13	0	0	0	13	0	0	5	13	0	0	0	13	0	0	1.732		100.012	80.8753	0.110261	0	1.10248	0.118198	13.8541	1		0.0088623	12.0705	46.0945	0	0	0	
2024-06-15 20:10:07	1690	3579	1	0	0	3	13	0	0	0	13	0	0	3.75	13	0	0	0	13	0	0	0.649		100.011	80.8283	0.3235	0	3.23464	0.352452	15.2429	1		0	12.0616	46.0945	0	0	0	
2024-06-15 20:07:59	1673	3580	9	0	0	2	9	0	0	0	9	0	0	7	9	0	0	0	9	0	0	4.33		100.021	81.1891	0.0502262	0	0.502156	0.113856	15.7757	1		0.0088623	12.0705	47.1341	0	0	0	
2024-06-15 20:15:47	1735	3581	9	0	0	7	29	0	0	0	29	0	0	6	29	0	0	0	29	0	0	0.866		100.01	77.8118	0.253587	0	2.53562	0.0836154	15.9318	2		0.0088623	12.0705	44.925	0	0	0	
2024-06-15 20:15:40	1734	3582	5	0	0	7	29	0	0	0	29	0	0	4.75	29	0	0	0	29	0	0	1.948		100.009	78.5183	0.101405	0	1.01396	0.367418	14.3346	1		0	12.0616	44.925	0	0	0	
2024-06-15 20:06:28	1661	3583	5	0	0	1	5	0	0	0	5	0	0	5.5	5	0	0	0	5	0	0	3.897		100.021	81.5531	0.061128	0	0.61115	0.41518	17.2799	1		0	12.0705	48.0437	0	0	0	
2024-06-15 20:06:43	1663	3584	5	0	0	1	5	0	0	0	5	0	0	4.25	5	0	0	0	5	0	0	2.814		100.019	81.1716	0.0720723	0	0.720588	0.141885	14.7147	1		0.0088623	12.0705	47.9138	0	0	0	
2024-06-15 20:15:02	1729	3585	1	0	0	6	25	0	0	0	25	0	0	3.25	25	0	0	0	25	0	0	2.381		100.01	78.2915	0.0826341	0	0.826261	0.097907	14.2768	1		0	12.0705	45.055	0	0	0	
2024-06-15 20:20:39	1773	3586	1	0	0	0.25	2	0	0	0	2	0	0	1.5	2	0	0	0	2	0	0	1.082		100.009	76.8666	0.173892	0	1.73876	0.976713	13.6562	1		0	12.0616	44.7951	0	0	0	
2024-06-15 20:16:12	1738	3587	1	0	0	7	29	0	0	0	29	0	0	0.75	29	0	0	0	29	0	0	5.412		100.007	78.1824	0.0438202	0	0.438171	0.109449	17.2069	1		0	12.0705	44.925	0	0	0	
2024-06-15 20:04:46	1649	3588	5	0	0	0	1	0	0	0	1	0	0	5	1	0	0	0	1	0	0	4.33		100.022	85.7719	0.0506219	0	0.506108	0.796762	15.8998	1		0	12.035	49.6031	0	0	0	
2024-06-15 20:05:41	1655	3589	1	0	0	0	1	0	0	0	1	0	0	3.75	1	0	0	0	1	0	0	3.247		100.024	82.6837	0.0625524	0	0.625374	0.0555474	14.735	1		0.0088623	12.0616	48.6935	0	0	0	
2024-06-15 20:24:41	1804	3590	9	0	0	7.5	31	0	0	0	31	0	0	6.25	31	0	0	0	31	0	0	1.082		100.012	76.2039	0.189633	0	1.89611	0.928568	14.892	1		0.0088623	12.0616	44.7951	0	0	0	
2024-06-15 20:21:46	1782	3591	9	0	0	6.25	26	0	0	0	26	0	0	7.5	26	0	0	0	26	0	0	1.082		100.008	76.3243	0.190277	0	1.90261	0.202124	14.9431	1		0	11.9464	44.7951	0	0	0	
2024-06-15 20:14:22	1724	3592	5	0	0	6	25	0	0	0	25	0	0	7.25	25	0	0	0	25	0	0	1.082		100.013	78.2174	0.229435	0	2.29405	0.509354	18.0174	2		0	12.0616	45.055	0	0	0	
2024-06-15 20:17:37	1749	3593	1	0	0	7.75	32	0	0	0	32	0	0	1.5	32	0	0	0	32	0	0	5.412		100.01	78.1216	0.0393588	0	0.393548	0.300231	15.4546	1		0.0088623	12.0705	44.7951	0	0	0	
2024-06-15 20:12:35	1710	3594	9	0	0	5	21	0	0	0	21	0	0	5.75	21	0	0	0	21	0	0	0.649		100.008	79.1108	0.339206	0	3.39178	0.549943	15.9834	1		0	12.0616	45.4448	0	0	0	
2024-06-15 20:13:15	1715	3595	5	0	0	5	21	0	0	0	21	0	0	4.5	21	0	0	0	21	0	0	0.433		100.019	79.3197	0.479427	0	4.79338	0.365211	15.0588	1		0.0088623	12.0705	45.3149	0	0	0	
2024-06-15 20:09:44	1687	3596	1	0	0	3	13	0	0	0	13	0	0	1.25	13	0	0	0	13	0	0	1.515		100.013	80.7275	0.120638	0	1.20622	0.207451	13.2631	1		0.0088623	12.0705	46.2245	0	0	0	
2024-06-15 20:07:05	1666	3597	1	0	0	1	5	0	0	0	5	0	0	2.25	5	0	0	0	5	0	0	1.082		100.018	81.8944	0.172647	0	1.72616	0.146967	13.5573	1		0.0088623	12.0616	47.6539	0	0	0	
2024-06-15 20:20:31	1772	3598	1	0	0	0.5	3	0	0	0	3	0	0	1.25	3	0	0	0	3	0	0	0.649		100.01	78.3276	0.315142	0	3.15112	0.886319	14.8493	1		0.0088623	12.0616	44.7951	0	0	0	
2024-06-15 20:19:21	1763	3599	9	0	0	2.5	11	0	0	0	11	0	0	5.25	11	0	0	0	11	0	0	2.381		100.009	76.8326	0.0905196	0	0.905114	0.657171	15.6392	2		0	12.0616	44.6651	0	0	0	
2024-06-15 20:18:00	1752	3600	5	0	0	7.75	32	0	0	0	32	0	0	7.5	32	0	0	0	32	0	0	0.216		100.01	78.5946	0.845765	0	8.45685	0.244762	13.284	1		0	12.0705	44.6651	0	0	0	
2024-06-15 20:17:30	1748	3601	5	0	0	7.75	32	0	0	0	32	0	0	6.25	32	0	0	0	32	0	0	1.299		100.011	77.9888	0.157492	0	1.57475	0.436553	14.8417	1		0.0088623	12.0705	44.7951	0	0	0	
2024-06-15 20:21:54	1783	3602	1	0	0	4.25	18	0	0	0	18	0	0	3.5	18	0	0	0	18	0	0	0.649		100.014	76.7337	0.335625	0	3.35578	0.204915	15.8137	1		0	12.0616	44.5352	0	0	0	
2024-06-15 20:15:32	1733	3603	1	0	0	6	25	0	0	0	25	0	0	2.25	25	0	0	0	25	0	0	3.247		100.011	78.5183	0.0637282	0	0.637211	0.677594	15.0139	1		0.0088623	12.0616	45.055	0	0	0	
2024-06-15 20:24:13	1800	3604	9	0	0	5.25	22	0	0	0	22	0	0	4.5	22	0	0	0	22	0	0	0.649		100.009	76.454	0.332775	0	3.32744	0.243468	15.6802	1		0	12.0616	44.5352	0	0	0	
2024-06-15 20:11:44	1703	3605	5	0	0	4	17	0	0	0	17	0	0	5.75	17	0	0	0	17	0	0	1.515		100.012	79.1724	0.131862	0	1.31846	0.122578	14.4972	1		0.0088623	12.0705	45.7047	0	0	0	
2024-06-15 20:11:15	1699	3606	5	0	0	4	17	0	0	0	17	0	0	4.5	17	0	0	0	17	0	0	0.433		100.01	79.3038	0.517438	0	5.17385	0.0760099	16.2541	1		0.0088623	12.0616	45.7047	0	0	0	
2024-06-15 20:06:21	1660	3607	1	0	0	0	1	0	0	0	1	0	0	2	1	0	0	0	1	0	0	1.732		100.024	81.9236	0.131618	0	1.31587	0.0868294	16.5357	1		0	12.0616	48.0437	0	0	0	
2024-06-15 20:08:27	1677	3608	9	0	0	2	9	0	0	0	9	0	0	7.5	9	0	0	0	9	0	0	4.762		100.015	80.8263	0.046154	0	0.461473	0.628	15.9474	1		0	11.9552	46.8742	0	0	0	
2024-06-15 20:08:13	1675	3609	5	0	0	2	9	0	0	0	9	0	0	6.25	9	0	0	0	9	0	0	3.68		100.021	81.0463	0.0585751	0	0.58563	0.0797939	15.6384	1		0.0088623	12.0616	46.7443	0	0	0	
2024-06-15 20:15:57	1736	3610	5	0	0	7	29	0	0	0	29	0	0	5.25	29	0	0	0	29	0	0	1.515		100.01	78.1031	0.132525	0	1.32511	0.187543	14.5704	1		0	12.0616	44.925	0	0	0	
2024-06-15 20:16:27	1740	3611	9	0	0	7	29	0	0	0	29	0	0	4	29	0	0	0	29	0	0	2.598		100.011	78.1217	0.0761715	0	0.761628	0.339194	14.3564	1		0.0088623	12.0616	44.925	0	0	0	
2024-06-15 20:06:43	1663	3612	1	0	0	1	5	0	0	0	5	0	0	3.5	5	0	0	0	5	0	0	2.165		100.019	81.1716	0.0853927	0	0.853767	0.357647	13.4109	1		0.0088623	12.0705	47.9138	0	0	0	
2024-06-15 20:14:55	1728	3613	1	0	0	6	25	0	0	0	25	0	0	2.5	25	0	0	0	25	0	0	3.031		100.008	78.4058	0.0726297	0	0.726237	0.41668	15.9708	1		0.0088623	12.0616	45.055	0	0	0	
2024-06-15 20:24:05	1799	3614	1	0	0	3.75	16	0	0	0	16	0	0	2	16	0	0	0	16	0	0	1.515		100.008	76.0586	0.128687	0	1.28677	0.267902	14.1487	1		0	12.0705	44.6651	0	0	0	
2024-06-15 20:12:42	1711	3615	1	0	0	5	21	0	0	0	21	0	0	2	21	0	0	0	21	0	0	2.598		100.011	79.0734	0.0768197	0	0.768112	0.190871	14.4786	1		0.0088623	12.0705	45.4448	0	0	0	
2024-06-15 20:09:22	1684	3616	1	0	0	2	9	0	0	0	9	0	0	1.75	9	0	0	0	9	0	0	0.216		100.015	79.976	0.742491	0	7.42382	0.187305	11.6613	1		0.0088623	12.0705	46.2245	0	0	0	
2024-06-15 20:16:27	1740	3617	1	0	0	7	29	0	0	0	29	0	0	0	29	0	0	0	29	0	0	6.061		100.011	78.1217	0.0401547	0	0.401501	0.862284	17.6589	1		0.0088623	12.0616	44.925	0	0	0	
2024-06-15 20:05:56	1657	3618	1	0	0	0	1	0	0	0	1	0	0	3	1	0	0	0	1	0	0	2.598		100.025	82.5411	0.0763148	0	0.762959	0.0342068	14.3814	1		0.0088623	11.9552	48.4336	0	0	0	
2024-06-15 20:10:07	1690	3619	5	0	0	3	13	0	0	0	13	0	0	7	13	0	0	0	13	0	0	3.464		100.011	80.8283	0.0594839	0	0.594773	0.108057	14.9483	1		0	12.0616	46.0945	0	0	0	
2024-06-15 20:14:33	1725	3620	5	0	0	6	25	0	0	0	25	0	0	7.75	25	0	0	0	25	0	0	1.515		100.011	78.3802	0.136466	0	1.36451	0.218974	15.0036	1		0.0088623	12.0616	45.1849	0	0	0	
2024-06-15 20:15:02	1729	3621	5	0	0	6	25	0	0	0	25	0	0	6.5	25	0	0	0	25	0	0	0.433		100.01	78.2915	0.521547	0	5.21497	0.318671	16.3833	1		0	12.0705	45.055	0	0	0	
2024-06-15 20:17:52	1751	3622	1	0	0	7.75	32	0	0	0	32	0	0	0.75	32	0	0	0	32	0	0	6.061		100.015	77.9427	0.0365526	0	0.365471	0.0722841	16.0743	1		0.0088623	12.0705	44.7951	0	0	0	
2024-06-15 20:13:53	1720	3623	5	0	0	5	21	0	0	0	21	0	0	3.75	21	0	0	0	21	0	0	1.082		100.012	79.2693	0.188895	0	1.88873	0.162057	14.8341	1		0	12.0705	45.1849	0	0	0	
2024-06-15 20:10:45	1695	3624	5	0	0	3	13	0	0	0	13	0	0	0.5	13	0	0	0	13	0	0	2.165		100.01	80.0344	0.0872253	0	0.872164	0.0369135	13.6999	1		0.0088623	12.0705	45.8346	0	0	0	
2024-06-15 20:07:22	1668	3625	1	0	0	1	5	0	0	0	5	0	0	1.5	5	0	0	0	5	0	0	0.433		100.022	81.3805	0.459219	0	4.59116	0.159152	14.4236	1		0.0088623	12.0616	47.5239	0	0	0	
2024-06-15 20:25:53	1812	3626	1	0	0	2	9	0	0	5.75	9	0	0	3.25	9	0	0	4.5	9	0	0	0.649		100.015	19.9005	0.172606	0	1.72581	0.0806981	13.5545	2		0.0088623	12.0616	44.7951	0	0	0	
2024-06-15 20:11:51	1704	3627	1	0	0	4	17	0	0	0	17	0	0	1.75	17	0	0	0	17	0	0	1.948		100.01	78.9059	0.0961189	0	0.961095	0.0254634	13.5872	1		0.0088623	12.0705	45.5748	0	0	0	
2024-06-15 20:20:54	1775	3628	1	0	0	2.5	11	0	0	0	11	0	0	3.25	11	0	0	0	11	0	0	0.649		100.008	76.6471	0.312558	0	3.12534	0.49894	14.7278	1		0	12.0616	44.5352	0	0	0	
2024-06-15 20:18:07	1753	3629	9	0	0	7.75	32	0	0	0	32	0	0	5.5	32	0	0	0	32	0	0	1.948		100.012	78.0933	0.10001	0	0.999984	0.212144	14.1369	1		0.0088623	12.0616	44.5352	0	0	0	
2024-06-15 20:17:52	1751	3630	9	0	0	7.75	32	0	0	0	32	0	0	4.25	32	0	0	0	32	0	0	3.031		100.015	77.9427	0.0638004	0	0.637908	0.0785462	14.0283	1		0.0088623	12.0705	44.7951	0	0	0	
2024-06-15 20:14:16	1723	3631	1	0	0	6	25	0	0	0	25	0	0	1.5	25	0	0	0	25	0	0	3.897		100.011	78.5071	0.0564961	0	0.564901	0.237403	15.9722	1		0.0088623	12.0616	45.055	0	0	0	
2024-06-15 20:11:00	1697	3632	5	0	0	4	17	0	0	0	17	0	0	5	17	0	0	0	17	0	0	0.866		100.011	79.2213	0.250055	0	2.50026	0.326443	15.7096	1		0.0088623	12.0616	45.8346	0	0	0	
2024-06-15 20:12:13	1707	3633	1	0	0	4	17	0	0	0	17	0	0	3.75	17	0	0	0	17	0	0	0.216		100.009	79.0065	0.839093	0	8.39017	0.160066	13.1793	1		0.0088623	12.0616	45.4448	0	0	0	
2024-06-15 20:06:03	1658	3634	5	0	0	0	1	0	0	0	1	0	0	1.25	1	0	0	0	1	0	0	1.082		100.029	83.1663	0.174467	0	1.74417	0.0430344	13.6987	1		0.0088623	11.9552	48.1737	0	0	0	
2024-06-15 20:08:43	1679	3635	5	0	0	2	9	0	0	0	9	0	0	5.5	9	0	0	0	9	0	0	3.031		100.017	79.7419	0.106392	0	1.06374	0.152601	23.3928	2		0	12.0705	46.6143	0	0	0	
2024-06-15 20:08:20	1676	3636	9	0	0	2	9	0	0	0	9	0	0	4.25	9	0	0	0	9	0	0	1.948		100.016	80.8578	0.0993331	0	0.99317	0.0511453	14.0406	1		0	12.0705	46.8742	0	0	0	
2024-06-15 20:17:07	1745	3637	5	0	0	7	29	0	0	0	29	0	0	3.25	29	0	0	0	29	0	0	3.247		100.013	78.3683	0.0618979	0	0.618899	0.0974603	14.5825	1		0.0088623	12.0616	44.7951	0	0	0	
2024-06-15 20:06:58	1665	3638	1	0	0	1	5	0	0	0	5	0	0	2.75	5	0	0	0	5	0	0	1.515		100.019	81.2049	0.120817	0	1.20794	0.184976	13.282	1		0.0088623	12.0705	47.6539	0	0	0	
2024-06-15 20:04:59	1650	3639	5	0	0	0	1	0	0	0	1	0	0	7	1	0	0	0	1	0	0	6.061		100.019	84.6331	0.0396371	0	0.396294	0.120233	17.4299	2		0.0088623	12.0705	49.6031	0	0	0	
2024-06-15 20:12:35	1710	3640	1	0	0	5	21	0	0	0	21	0	0	1.25	21	0	0	0	21	0	0	3.247		100.008	79.1108	0.0669636	0	0.66958	0.0332041	15.7766	1		0	12.0616	45.4448	0	0	0	
2024-06-15 20:09:15	1683	3641	1	0	0	2	9	0	0	0	9	0	0	1	9	0	0	0	9	0	0	0.866		100.02	80.4044	0.2194	0	2.19357	0.0690745	13.7826	1		0	11.9552	46.2245	0	0	0	
2024-06-15 20:09:52	1688	3642	5	0	0	3	13	0	0	0	13	0	0	7.5	13	0	0	0	13	0	0	3.897		100.012	80.8753	0.0532356	0	0.532293	0.149704	15.0502	1		0.0088623	12.0705	46.0945	0	0	0	
2024-06-15 20:09:59	1689	3643	5	0	0	3	13	0	0	0	13	0	0	6.25	13	0	0	0	13	0	0	2.814		100.012	80.9892	0.0727181	0	0.727094	0.0152642	14.8475	1		0.0088623	12.0616	46.2245	0	0	0	
2024-06-15 20:16:35	1741	3644	5	0	0	7	29	0	0	0	29	0	0	7.25	29	0	0	0	29	0	0	0.216		100.011	77.3696	0.734223	0	7.34146	0.168554	11.5319	2		0	12.0616	44.7951	0	0	0	
2024-06-15 20:07:12	1667	3645	5	0	0	1	5	0	0	0	5	0	0	6.75	5	0	0	0	5	0	0	4.979		100.02	80.4232	0.0502958	0	0.502859	0.251902	18.1674	2		0	12.0705	47.5239	0	0	0	
2024-06-15 20:14:07	1722	3646	9	0	0	6	25	0	0	0	25	0	0	5.75	25	0	0	0	25	0	0	0.216		100.011	78.6704	0.823746	0	8.23657	0.754292	12.938	1		0.0088623	12.0616	45.1849	0	0	0	
2024-06-15 20:14:40	1726	3647	9	0	0	6	25	0	0	0	25	0	0	4.5	25	0	0	0	25	0	0	1.299		100.008	78.4197	0.157648	0	1.57635	0.159852	14.8567	1		0.0088623	12.0705	45.055	0	0	0	
2024-06-15 20:18:07	1753	3648	1	0	0	7.75	32	0	0	0	32	0	0	0	32	0	0	0	32	0	0	6.711		100.012	78.0933	0.0340908	0	0.340867	0.204877	16.5984	1		0.0088623	12.0616	44.5352	0	0	0	
2024-06-15 20:13:45	1719	3649	1	0	0	5	21	0	0	0	21	0	0	3	21	0	0	0	21	0	0	1.732		100.013	79.1513	0.109325	0	1.0931	0.124296	13.7364	1		0	12.0705	45.055	0	0	0	
2024-06-15 20:07:37	1670	3650	1	0	0	1	5	0	0	0	5	0	0	0.75	5	0	0	0	5	0	0	0.216		100.02	81.1904	0.768664	0	7.6851	0.188843	12.0717	1		0.0088623	12.0705	47.1341	0	0	0	
2024-06-15 20:22:41	1788	3651	1	0	0	5.75	24	0	0	0	24	0	0	2	24	0	0	0	24	0	0	3.247		100.009	77.1813	0.0660129	0	0.660069	0.0509104	15.5525	1		0	12.0705	44.5352	0	0	0	
2024-06-15 20:12:06	1706	3652	1	0	0	4	17	0	0	0	17	0	0	1	17	0	0	0	17	0	0	2.598		100.008	79.0129	0.0734515	0	0.734453	0.041666	13.8441	1		0	12.0616	45.5748	0	0	0	
2024-06-15 20:18:29	1756	3653	5	0	0	7.75	32	0	0	0	32	0	0	3.5	32	0	0	0	32	0	0	3.68		100.001	77.7139	0.0524936	0	0.52493	0.0635332	14.0175	1		0.0088623	12.0616	44.7951	0	0	0	
2024-06-15 20:14:33	1725	3654	1	0	0	6	25	0	0	0	25	0	0	0.75	25	0	0	0	25	0	0	4.546		100.011	78.3802	0.0521458	0	0.521401	0.102036	17.1993	1		0.0088623	12.0616	45.1849	0	0	0	
2024-06-15 20:11:22	1700	3655	1	0	0	4	17	0	0	0	17	0	0	3	17	0	0	0	17	0	0	0.866		100.011	79.119	0.238283	0	2.38257	0.487846	14.9702	1		0.0088623	12.0616	45.4448	0	0	0	
2024-06-15 20:05:49	1656	3656	1	0	0	0	1	0	0	0	1	0	0	0.5	1	0	0	0	1	0	0	0.433		100.021	82.6637	0.454215	0	4.54121	0.0802567	14.2666	1		0.0088623	12.0705	48.3036	0	0	0	
2024-06-15 20:24:56	1806	3657	1	0	0	3.5	15	0	0	4.25	15	0	0	2.75	15	0	0	5	15	0	0	0.389		100.018	19.1323	0.328167	0	3.28109	0.0883601	15.4618	1		0.0088623	12.0705	44.6651	0	0	0	
2024-06-15 20:09:08	1682	3658	1	0	0	2	9	0	0	0	9	0	0	3.5	9	0	0	0	9	0	0	1.299		100.018	80.5123	0.148978	0	1.4895	0.250568	14.0382	1		0	12.0705	46.6143	0	0	0	
2024-06-15 20:15:47	1735	3659	1	0	0	7	29	0	0	0	29	0	0	2.5	29	0	0	0	29	0	0	3.897		100.01	77.8118	0.0554977	0	0.554924	0.432968	15.6901	2		0.0088623	12.0705	44.925	0	0	0	
2024-06-15 20:16:45	1742	3660	1	0	0	7	29	0	0	0	29	0	0	2	29	0	0	0	29	0	0	4.33		100.01	77.7431	0.050403	0	0.503982	0.227096	15.8331	1		0	12.0616	44.7951	0	0	0	
2024-06-15 20:05:34	1654	3661	9	0	0	0	1	0	0	0	1	0	0	7.5	1	0	0	0	1	0	0	6.494		100.022	83.0279	0.0370746	0	0.370664	0.373408	17.4671	1		0.0088623	11.9464	48.6935	0	0	0	
2024-06-15 20:05:20	1652	3662	9	0	0	0	1	0	0	0	1	0	0	6.25	1	0	0	0	1	0	0	5.412		100.023	84.1002	0.0435339	0	0.435239	0.251053	17.0918	1		0.0088623	12.0705	49.0833	0	0	0	
2024-06-15 20:13:15	1715	3663	1	0	0	5	21	0	0	0	21	0	0	0.5	21	0	0	0	21	0	0	3.897		100.019	79.3197	0.0601916	0	0.601804	0.047551	17.0156	1		0.0088623	12.0705	45.3149	0	0	0	
2024-06-15 20:23:28	1794	3664	1	0	0	1.25	6	0	0	0	6	0	0	0.5	6	0	0	0	6	0	0	0.649		100.01	76.1858	0.316114	0	3.16082	0.292483	14.895	1		0	12.0705	44.7951	0	0	0	
2024-06-15 20:12:42	1711	3665	5	0	0	5	21	0	0	0	21	0	0	7	21	0	0	0	21	0	0	1.732		100.011	79.0734	0.115978	0	1.15965	0.0215967	14.5726	1		0.0088623	12.0705	45.4448	0	0	0	
2024-06-15 20:09:08	1682	3666	5	0	0	2	9	0	0	0	9	0	0	0.25	9	0	0	0	9	0	0	1.515		100.018	80.5123	0.125655	0	1.25631	0.226567	13.8139	1		0	12.0705	46.6143	0	0	0	
2024-06-15 20:11:36	1702	3667	9	0	0	4	17	0	0	0	17	0	0	7	17	0	0	0	17	0	0	2.598		100.008	78.94	0.0768658	0	0.768595	0.256483	14.4877	1		0.0088623	12.0705	45.7047	0	0	0	
2024-06-15 20:09:29	1685	3668	5	0	0	3	13	0	0	0	13	0	0	5.5	13	0	0	0	13	0	0	2.165		100.011	80.6601	0.0923565	0	0.923461	0.654936	14.5057	1		0	12.0616	46.3544	0	0	0	
2024-06-15 20:09:44	1687	3669	9	0	0	3	13	0	0	0	13	0	0	4.25	13	0	0	0	13	0	0	1.082		100.013	80.7275	0.184776	0	1.84752	0.273825	14.5104	1		0.0088623	12.0705	46.2245	0	0	0	
2024-06-15 20:16:19	1739	3670	5	0	0	7	29	0	0	0	29	0	0	7.75	29	0	0	0	29	0	0	0.649		100.009	78.3926	0.343947	0	3.43918	0.424876	16.2067	1		0	12.0705	44.6651	0	0	0	
2024-06-15 20:16:05	1737	3671	1	0	0	7	29	0	0	0	29	0	0	6.5	29	0	0	0	29	0	0	0.433		100.008	78.1492	0.495656	0	4.95614	0.420703	15.5702	1		0	12.0616	44.6651	0	0	0	
2024-06-15 20:07:22	1668	3672	5	0	0	1	5	0	0	0	5	0	0	6	5	0	0	0	5	0	0	4.33		100.022	81.3805	0.0561128	0	0.561003	0.266638	17.6244	1		0.0088623	12.0616	47.5239	0	0	0	
2024-06-15 20:07:05	1666	3673	5	0	0	1	5	0	0	0	5	0	0	4.75	5	0	0	0	5	0	0	3.247		100.018	81.8944	0.0678896	0	0.678774	0.153025	15.9932	1		0.0088623	12.0616	47.6539	0	0	0	
2024-06-15 20:21:08	1777	3674	9	0	0	4.75	20	0	0	0	20	0	0	5	20	0	0	0	20	0	0	0.216		100.009	76.7276	0.784297	0	7.84223	0.377591	12.3186	1		0	12.0705	44.7951	0	0	0	
2024-06-15 20:14:55	1728	3675	5	0	0	6	25	0	0	0	25	0	0	5	25	0	0	0	25	0	0	0.866		100.008	78.4058	0.248674	0	2.48653	0.369772	15.6234	1		0.0088623	12.0616	45.055	0	0	0	
2024-06-15 20:14:48	1727	3676	1	0	0	6	25	0	0	0	25	0	0	3.75	25	0	0	0	25	0	0	1.948		100.009	78.4867	0.101541	0	1.01532	0.101759	14.3538	1		0.0088623	12.0616	45.055	0	0	0	
2024-06-15 20:07:45	1671	3677	5	0	0	1	5	0	0	0	5	0	0	0	5	0	0	0	5	0	0	0.866		100.019	80.656	0.22675	0	2.26707	0.129283	14.2444	1		0.0088623	12.0705	47.264	0	0	0	
2024-06-15 20:19:59	1768	3678	9	0	0	0.75	4	0	0	0	4	0	0	7	4	0	0	0	4	0	0	5.412		100.008	77.3383	0.0433125	0	0.43309	0.0746306	17.0074	1		0.0088623	12.0616	44.6651	0	0	0	
2024-06-15 20:12:21	1708	3679	1	0	0	4	17	0	0	0	17	0	0	0.25	17	0	0	0	17	0	0	3.247		100.01	78.8264	0.0605326	0	0.605263	0.0922087	14.2612	1		0	12.0616	45.4448	0	0	0	
2024-06-15 20:18:37	1757	3680	5	0	0	7.75	32	0	0	0	32	0	0	2.75	32	0	0	0	32	0	0	4.33		100.011	77.3753	0.0467166	0	0.467116	0.166785	14.6749	1		0	12.0705	44.7951	0	0	0	
2024-06-15 20:14:40	1726	3681	1	0	0	6	25	0	0	0	25	0	0	0	25	0	0	0	25	0	0	5.195		100.008	78.4197	0.0492558	0	0.492517	0.019076	18.5674	1		0.0088623	12.0705	45.055	0	0	0	
2024-06-15 20:09:15	1683	3682	5	0	0	2	9	0	0	0	9	0	0	2.75	9	0	0	0	9	0	0	0.649		100.02	80.4044	0.318697	0	3.18634	0.299984	15.0153	1		0	11.9552	46.2245	0	0	0	
2024-06-15 20:16:19	1739	3683	1	0	0	7	29	0	0	0	29	0	0	1.25	29	0	0	0	29	0	0	4.979		100.009	78.3926	0.0478242	0	0.4782	0.134134	17.2766	1		0	12.0705	44.6651	0	0	0	
2024-06-15 20:05:09	1651	3684	9	0	0	0	1	0	0	0	1	0	0	5.5	1	0	0	0	1	0	0	4.762		100.023	83.2793	0.0639488	0	0.639342	0.079418	22.0941	2		0.0088623	12.0705	49.3432	0	0	0	
2024-06-15 20:05:49	1656	3685	9	0	0	0	1	0	0	0	1	0	0	4.25	1	0	0	0	1	0	0	3.68		100.021	82.6637	0.0565216	0	0.565099	0.0862432	15.0901	1		0.0088623	12.0705	48.3036	0	0	0	
