Time	MeasID	DPID	Channel	A(x)	A(y)	A(z)	A(adr)	B(x)	B(y)	B(z)	B(adr)	M(x)	M(y)	M(z)	M(adr)	N(x)	N(y)	N(z)	N(adr)	F(x)	F(y)	F(z)	Note	I(mA)	Uout(V)	U(V)	SP(V)	R(Ohm)	Var(%)	Rho-a(Ohm-m)	Cycles	IP Delay Window(mV/V)	Pint(V)	Pext(V)	T int(deg C)	T log(deg C)	Latitude	Longitude
2024-06-18 13:04:34	1093	2346	1	0	0	7.75	32	0	0	0	32	0	0	2	32	0	0	0	32	0	0	4.979		100.046	51.4367	0.0417544	0	0.417353	0.214176	15.0783	1		0	12.0616	47.9138	0	0	0	
2024-06-18 12:58:44	1053	2347	9	0	0	5	21	0	0	0	21	0	0	7.5	21	0	0	0	21	0	0	2.165		100.046	51.2165	0.0899135	0	0.898718	0.0177465	14.117	1		0.0088623	12.0616	48.3036	0	0	0	
2024-06-18 12:59:35	1059	2348	5	0	0	5	21	0	0	0	21	0	0	6.25	21	0	0	0	21	0	0	1.082		100.045	50.9751	0.193228	0	1.93141	0.2038	15.1693	1		0.0088623	12.0439	48.1737	0	0	0	
2024-06-18 12:56:17	1036	2349	1	0	0	3	13	0	0	0	13	0	0	1.75	13	0	0	0	13	0	0	1.082		100.054	51.3806	0.174702	0	1.74607	0.00626272	13.7136	1		0.0088623	12.0616	48.8234	0	0	0	
2024-06-18 13:04:17	1091	2350	9	0	0	7.75	32	0	0	0	32	0	0	6.75	32	0	0	0	32	0	0	0.866		100.043	51.4297	0.246039	0	2.45934	0.160755	15.4525	1		0.0088623	12.0616	47.9138	0	0	0	
2024-06-18 13:11:02	1138	2351	1	0	0	3.25	14	0	0	0	14	0	0	2.5	14	0	0	0	14	0	0	0.649		100.053	52.8203	0.302903	0	3.02741	0.200202	14.2663	1		0.0088623	12.0616	47.7838	0	0	0	
2024-06-18 12:57:08	1042	2352	5	0	0	4	17	0	0	0	17	0	0	7.5	17	0	0	0	17	0	0	3.031		100.055	50.8242	0.0658147	0	0.657785	0.0878611	14.4654	1		0.0088623	12.0439	48.6935	0	0	0	
2024-06-18 12:57:00	1041	2353	5	0	0	4	17	0	0	0	17	0	0	6.25	17	0	0	0	17	0	0	1.948		100.049	50.4191	0.102022	0	1.01972	0.0433016	14.4159	1		0.0088623	12.0616	48.6935	0	0	0	
2024-06-18 12:56:34	1038	2354	5	0	0	3	13	0	0	0	13	0	0	3.5	13	0	0	0	13	0	0	0.433		100.055	51.4542	0.454247	0	4.53998	0.280803	14.2628	1		0.0088623	12.0616	48.8234	0	0	0	
2024-06-18 12:53:51	1019	2355	5	0	0	2	9	0	0	0	9	0	0	6.75	9	0	0	0	9	0	0	4.113		100.057	50.2583	0.0530254	0	0.529952	0.0189877	15.8165	1		0.0088623	12.0439	49.4731	0	0	0	
2024-06-18 13:02:24	1078	2356	5	0	0	7	29	0	0	0	29	0	0	5.75	29	0	0	0	29	0	0	1.082		100.047	51.2287	0.193668	0	1.93576	0.340514	15.2034	1		0	12.0616	47.9138	0	0	0	
2024-06-18 13:02:41	1080	2357	5	0	0	7	29	0	0	0	29	0	0	4.5	29	0	0	0	29	0	0	2.165		100.05	51.1931	0.0910305	0	0.909846	0.145548	14.2918	1		0.0088623	12.0616	47.9138	0	0	0	
2024-06-18 12:51:58	1006	2358	9	0	0	1	5	0	0	0	5	0	0	5.25	5	0	0	0	5	0	0	3.68		100.056	49.7583	0.060391	0	0.603572	0.323063	16.1175	1		0.0088623	12.0616	50.5127	0	0	0	
2024-06-18 12:51:39	1004	2359	9	0	0	1	5	0	0	0	5	0	0	4	5	0	0	0	5	0	0	2.598		100.056	49.7104	0.0733142	0	0.732734	0.169879	13.8117	1		0.0088623	12.0616	50.7726	0	0	0	
2024-06-18 13:09:23	1126	2360	1	0	0	4.75	20	0	0	0	20	0	0	3	20	0	0	0	20	0	0	1.515		100.048	51.6789	0.125547	0	1.25488	0.142812	13.7981	1		0.0088623	12.0616	47.9138	0	0	0	
2024-06-18 13:01:21	1071	2361	1	0	0	6	25	0	0	0	25	0	0	3	25	0	0	0	25	0	0	2.598		100.048	51.1378	0.0778226	0	0.77785	0.176836	14.6621	1		0.0088623	12.0616	48.0437	0	0	0	
2024-06-18 12:54:50	1026	2362	5	0	0	2	9	0	0	0	9	0	0	2.25	9	0	0	0	9	0	0	0.216		100.055	50.2748	0.717106	0	7.1671	0.23801	11.2581	1		0.0088623	12.0616	49.2132	0	0	0	
2024-06-18 13:03:16	1084	2363	1	0	0	7	29	0	0	0	29	0	0	0.5	29	0	0	0	29	0	0	5.628		100.042	51.2691	0.0437448	0	0.437264	0.275145	17.8582	1		0.0088623	12.0616	47.7838	0	0	0	
2024-06-18 12:50:53	999	2364	1	0	0	0	1	0	0	0	1	0	0	3.5	1	0	0	0	1	0	0	3.031		100.063	50.1534	0.0672523	0	0.6721	0.369908	14.7803	1		0	12.0616	51.4223	0	0	0	
2024-06-18 13:10:54	1137	2365	1	0	0	1.75	8	0	0	0	8	0	0	0	8	0	0	0	8	0	0	1.515		100.047	52.5678	0.12186	0	1.21804	0.177891	13.393	1		0.0088623	12.0616	48.0437	0	0	0	
2024-06-18 13:00:25	1065	2366	9	0	0	6	25	0	0	0	25	0	0	7	25	0	0	0	25	0	0	0.866		100.047	51.3355	0.252157	0	2.52039	0.133353	15.8361	2		0.0088623	12.0439	48.1737	0	0	0	
2024-06-18 13:10:04	1131	2367	1	0	0	6.5	27	0	0	0	27	0	0	1.25	27	0	0	0	27	0	0	4.546		100.049	51.9944	0.0527116	0	0.526859	0.0682561	17.3794	1		0	12.0616	47.7838	0	0	0	
2024-06-18 13:05:01	1096	2368	1	0	0	7.75	32	0	0	0	32	0	0	1.25	32	0	0	0	32	0	0	5.628		100.049	51.4778	0.0391473	0	0.391281	0.276163	15.9802	1		0.0088623	12.0616	47.9138	0	0	0	
2024-06-18 12:59:08	1056	2369	5	0	0	5	21	0	0	0	21	0	0	5.5	21	0	0	0	21	0	0	0.433		100.049	51.2613	0.473536	0	4.73305	0.376607	14.8693	1		0.0088623	12.0616	48.3036	0	0	0	
2024-06-18 12:58:34	1052	2370	9	0	0	5	21	0	0	0	21	0	0	4.25	21	0	0	0	21	0	0	0.649		100.046	51.259	0.322572	0	3.22422	0.459882	15.1938	1		0	12.0616	48.3036	0	0	0	
2024-06-18 12:56:00	1034	2371	1	0	0	3	13	0	0	0	13	0	0	1	13	0	0	0	13	0	0	1.732		100.055	50.9801	0.105297	0	1.05239	0.0430214	13.2247	1		0	12.0616	48.8234	0	0	0	
2024-06-18 12:52:41	1011	2372	1	0	0	1	5	0	0	0	5	0	0	2	5	0	0	0	5	0	0	0.866		100.056	49.5649	0.216969	0	2.16849	0.0214426	13.625	2		0.0088623	12.0616	49.9929	0	0	0	
2024-06-18 13:06:25	1106	2373	9	0	0	1.75	8	0	0	0	8	0	0	6	8	0	0	0	8	0	0	3.68		100.049	52.2198	0.0608285	0	0.607988	0.689776	16.2354	1		0.0088623	12.0616	47.9138	0	0	0	
2024-06-18 12:58:00	1048	2374	5	0	0	4	17	0	0	0	17	0	0	2.25	17	0	0	0	17	0	0	1.515		100.054	50.4396	0.122881	0	1.22816	0.189853	13.5043	1		0	12.0616	48.4336	0	0	0	
2024-06-18 13:04:34	1093	2375	9	0	0	7.75	32	0	0	0	32	0	0	6	32	0	0	0	32	0	0	1.515		100.046	51.4367	0.132051	0	1.3199	0.125377	14.5131	1		0	12.0616	47.9138	0	0	0	
2024-06-18 13:04:26	1092	2376	9	0	0	7.75	32	0	0	0	32	0	0	4.75	32	0	0	0	32	0	0	2.598		100.042	51.3728	0.0737046	0	0.736736	0.0531127	13.8872	1		0.0088623	12.0616	47.9138	0	0	0	
2024-06-18 13:01:57	1075	2377	5	0	0	6	25	0	0	0	25	0	0	2	25	0	0	0	25	0	0	3.464		100.051	51.6774	0.0640452	0	0.640124	0.134723	16.0881	1		0	12.0616	48.0437	0	0	0	
2024-06-18 12:57:42	1046	2378	9	0	0	4	17	0	0	0	17	0	0	5.5	17	0	0	0	17	0	0	1.299		100.054	50.9342	0.156199	0	1.56115	0.0475725	14.7135	1		0.0088623	12.0616	48.4336	0	0	0	
2024-06-18 12:57:08	1042	2379	9	0	0	4	17	0	0	0	17	0	0	4.25	17	0	0	0	17	0	0	0.216		100.055	50.8242	0.811254	0	8.10808	0.0159718	12.7361	1		0.0088623	12.0439	48.6935	0	0	0	
2024-06-18 12:50:44	998	2380	1	0	0	0	1	0	0	0	1	0	0	1.75	1	0	0	0	1	0	0	1.515		100.064	50.1189	0.123017	0	1.22938	0.329466	13.5178	1		0.0088623	12.0616	51.5523	0	0	0	
2024-06-18 13:12:08	1146	2381	1	0	0	3.75	16	0	0	4	16	0	0	3.5	16	0	0	4.25	16	0	0	0.13		100.049	17.6504	0.54338	0	5.43113	0.185109	8.5312	1		0.0088623	12.0439	48.0437	0	0	0	
2024-06-18 12:56:17	1036	2382	5	0	0	3	13	0	0	0	13	0	0	2.75	13	0	0	0	13	0	0	0.216		100.054	51.3806	0.713802	0	7.13415	0.322332	11.2063	1		0.0088623	12.0616	48.8234	0	0	0	
2024-06-18 12:54:26	1023	2383	5	0	0	2	9	0	0	0	9	0	0	6	9	0	0	0	9	0	0	3.464		100.048	50.1633	0.0635982	0	0.635677	0.304885	15.9763	1		0.0088623	12.0616	49.4731	0	0	0	
2024-06-18 12:53:25	1016	2384	5	0	0	2	9	0	0	0	9	0	0	4.75	9	0	0	0	9	0	0	2.381		100.054	50.1958	0.0824223	0	0.823776	0.0062302	14.2338	1		0.0088623	12.0616	49.4731	0	0	0	
2024-06-18 13:02:24	1078	2385	9	0	0	7	29	0	0	0	29	0	0	5	29	0	0	0	29	0	0	1.732		100.047	51.2287	0.113891	0	1.13837	0.118708	14.3052	1		0	12.0616	47.9138	0	0	0	
2024-06-18 13:03:16	1084	2386	5	0	0	7	29	0	0	0	29	0	0	3.75	29	0	0	0	29	0	0	2.814		100.042	51.2691	0.0708412	0	0.708113	0.0158843	14.4599	1		0.0088623	12.0616	47.7838	0	0	0	
2024-06-18 12:51:39	1004	2387	1	0	0	1	5	0	0	0	5	0	0	3.25	5	0	0	0	5	0	0	1.948		100.056	49.7104	0.0941363	0	0.940838	0.044123	13.3008	1		0.0088623	12.0616	50.7726	0	0	0	
2024-06-18 13:06:00	1103	2388	9	0	0	2.75	12	0	0	0	12	0	0	5	12	0	0	0	12	0	0	1.948		100.041	51.1575	0.0962447	0	0.962049	0.13023	13.6007	1		0.0088623	12.0616	47.9138	0	0	0	
2024-06-18 13:00:09	1063	2389	5	0	0	5	21	0	0	0	21	0	0	1.75	21	0	0	0	21	0	0	2.814		100.051	51.6757	0.0725141	0	0.724771	0.291008	14.8001	1		0.0088623	12.0616	48.1737	0	0	0	
2024-06-18 12:53:34	1017	2390	1	0	0	2	9	0	0	0	9	0	0	1.5	9	0	0	0	9	0	0	0.433		100.053	50.2653	0.436118	0	4.35885	0.138975	13.6937	1		0.0088623	12.0616	49.863	0	0	0	
2024-06-18 12:51:19	1002	2391	5	0	0	0	1	0	0	0	1	0	0	2.75	1	0	0	0	1	0	0	2.381		100.059	49.7253	0.110976	0	1.10911	0.165783	19.1641	2		0.0088623	12.0616	51.0325	0	0	0	
2024-06-18 13:05:52	1102	2392	9	0	0	3.25	14	0	0	0	14	0	0	4.5	14	0	0	0	14	0	0	1.082		100.046	51.7437	0.182319	0	1.82234	0.170623	14.3127	1		0.0088623	12.0616	47.6539	0	0	0	
2024-06-18 12:55:16	1029	2393	9	0	0	3	13	0	0	0	13	0	0	6.75	13	0	0	0	13	0	0	3.247		100.049	50.9265	0.0640495	0	0.64018	0.15211	15.0839	1		0.0088623	12.0616	49.0833	0	0	0	
2024-06-18 12:52:41	1011	2394	9	0	0	1	5	0	0	0	5	0	0	7.25	5	0	0	0	5	0	0	5.412		100.056	49.5649	0.0591955	0	0.591626	0.345823	23.2331	2		0.0088623	12.0616	49.9929	0	0	0	
2024-06-18 13:00:47	1067	2395	9	0	0	6	25	0	0	0	25	0	0	7.5	25	0	0	0	25	0	0	1.299		100.045	51.0691	0.156251	0	1.56181	0.165569	14.7198	1		0.0088623	12.0616	48.0437	0	0	0	
2024-06-18 13:01:21	1071	2396	5	0	0	6	25	0	0	0	25	0	0	6.25	25	0	0	0	25	0	0	0.216		100.048	51.1378	0.792622	0	7.92239	0.327391	12.4445	1		0.0088623	12.0616	48.0437	0	0	0	
2024-06-18 13:03:50	1088	2397	1	0	0	7.75	32	0	0	0	32	0	0	0.5	32	0	0	0	32	0	0	6.278		100.043	51.5259	0.0364982	0	0.364826	0.34676	16.619	1		0.0088623	12.0616	47.7838	0	0	0	
2024-06-18 12:58:44	1053	2398	1	0	0	5	21	0	0	0	21	0	0	3.5	21	0	0	0	21	0	0	1.299		100.046	51.2165	0.14858	0	1.48511	0.217868	13.9969	1		0.0088623	12.0616	48.3036	0	0	0	
2024-06-18 12:56:34	1038	2399	1	0	0	3	13	0	0	0	13	0	0	0.25	13	0	0	0	13	0	0	2.381		100.055	51.4542	0.0775222	0	0.774798	0.00583761	13.3875	1		0.0088623	12.0616	48.8234	0	0	0	
2024-06-18 12:53:00	1013	2400	1	0	0	1	5	0	0	0	5	0	0	1.25	5	0	0	0	5	0	0	0.216		100.055	49.7175	0.716719	0	7.16323	0.141923	11.252	1		0.0088623	12.0616	49.9929	0	0	0	
2024-06-18 12:57:08	1042	2401	1	0	0	4	17	0	0	0	17	0	0	1.5	17	0	0	0	17	0	0	2.165		100.055	50.8242	0.085571	0	0.85524	0.122432	13.4341	1		0.0088623	12.0439	48.6935	0	0	0	
2024-06-18 13:06:33	1107	2402	9	0	0	1.5	7	0	0	0	7	0	0	6.25	7	0	0	0	7	0	0	4.113		100.046	50.9359	0.0577846	0	0.577583	0.951436	17.238	3		0.0088623	12.0616	47.9138	0	0	0	
2024-06-18 13:03:50	1088	2403	9	0	0	7.75	32	0	0	0	32	0	0	5.25	32	0	0	0	32	0	0	2.165		100.043	51.5259	0.0880189	0	0.879813	0.0566979	13.8201	1		0.0088623	12.0616	47.7838	0	0	0	
2024-06-18 13:04:52	1095	2404	5	0	0	7.75	32	0	0	0	32	0	0	4	32	0	0	0	32	0	0	3.247		100.045	51.4383	0.0593222	0	0.592958	0.170197	13.9712	1		0.0088623	12.0616	47.9138	0	0	0	
2024-06-18 13:01:30	1072	2405	5	0	0	6	25	0	0	0	25	0	0	1.25	25	0	0	0	25	0	0	4.113		100.046	51.0997	0.0593755	0	0.593483	0.328977	17.7126	1		0.0088623	12.0616	48.0437	0	0	0	
2024-06-18 12:58:16	1050	2406	1	0	0	4	17	0	0	0	17	0	0	3.5	17	0	0	0	17	0	0	0.433		100.053	50.8915	0.483269	0	4.83011	0.175572	15.1742	1		0	12.0616	48.4336	0	0	0	
2024-06-18 12:50:11	995	2407	1	0	0	0	1	0	0	0	1	0	0	1	1	0	0	0	1	0	0	0.866		100.058	50.0643	0.234357	0	2.34221	0.525171	14.7165	1		0.0088623	12.0616	52.072	0	0	0	
2024-06-18 12:54:17	1022	2408	5	0	0	2	9	0	0	0	9	0	0	5.25	9	0	0	0	9	0	0	2.814		100.052	50.1521	0.0764391	0	0.763997	0.0871118	15.6011	1		0.0088623	12.0616	49.4731	0	0	0	
2024-06-18 12:53:42	1018	2409	9	0	0	2	9	0	0	0	9	0	0	4	9	0	0	0	9	0	0	1.732		100.059	50.5703	0.108256	0	1.08192	0.0127956	13.5958	1		0.0088623	12.0439	49.733	0	0	0	
2024-06-18 13:11:11	1139	2410	1	0	0	3.5	15	0	0	0	15	0	0	2.25	15	0	0	0	15	0	0	1.082		100.047	51.5808	0.176012	0	1.75929	0.118395	13.8175	1		0	12.0616	47.9138	0	0	0	
2024-06-18 13:03:42	1087	2411	5	0	0	7	29	0	0	0	29	0	0	3	29	0	0	0	29	0	0	3.464		100.044	51.4083	0.0588911	0	0.588654	0.0622514	14.7945	1		0	12.0616	47.9138	0	0	0	
2024-06-18 12:52:06	1007	2412	1	0	0	1	5	0	0	0	5	0	0	2.5	5	0	0	0	5	0	0	1.299		100.057	49.6871	0.143149	0	1.43067	0.274075	13.4838	1		0.0088623	12.0616	50.5127	0	0	0	
2024-06-18 12:49:52	993	2413	5	0	0	0	1	0	0	0	1	0	0	6.75	1	0	0	0	1	0	0	5.845		100.062	50.233	0.0408146	0	0.407895	0.117618	17.2994	1		0.0088623	12.0616	52.3319	0	0	0	
2024-06-18 13:07:50	1115	2414	1	0	0	2.75	12	0	0	0	12	0	0	3	12	0	0	0	12	0	0	0.216		100.043	51.571	0.720133	0	7.1982	0.228263	11.3069	1		0.0088623	12.0616	47.6539	0	0	0	
2024-06-18 12:59:52	1061	2415	1	0	0	5	21	0	0	0	21	0	0	1	21	0	0	0	21	0	0	3.464		100.045	51.0262	0.0618239	0	0.617962	0.0255125	15.5311	1		0.0088623	12.0616	48.1737	0	0	0	
2024-06-18 13:13:30	1155	2416	1	0	0	0.5	3	0	0	7.25	3	0	0	2.75	3	0	0	5	3	0	0	1.168		100.047	19.417	0.076272	0	0.762361	0.144994	10.7776	2		0.0088623	11.9641	48.0437	0	0	0	
2024-06-18 13:08:39	1121	2417	9	0	0	6.75	28	0	0	0	28	0	0	7	28	0	0	0	28	0	0	0.216		100.042	51.7109	0.768744	0	7.68418	0.214224	12.0703	1		0.0088623	12.0616	47.7838	0	0	0	
2024-06-18 12:54:33	1024	2418	1	0	0	2	9	0	0	0	9	0	0	0.75	9	0	0	0	9	0	0	1.082		100.055	50.5562	0.16914	0	1.69047	0.114338	13.2769	1		0.0088623	12.0616	49.4731	0	0	0	
2024-06-18 12:56:00	1034	2419	9	0	0	3	13	0	0	0	13	0	0	6	13	0	0	0	13	0	0	2.598		100.055	50.9801	0.0781392	0	0.780963	0.143101	14.7208	1		0	12.0616	48.8234	0	0	0	
2024-06-18 12:55:25	1030	2420	9	0	0	3	13	0	0	0	13	0	0	4.75	13	0	0	0	13	0	0	1.515		100.054	51.0096	0.126676	0	1.26608	0.120682	13.9213	1		0.0088623	12.0616	48.9533	0	0	0	
2024-06-18 12:52:41	1011	2421	5	0	0	1	5	0	0	0	5	0	0	7.75	5	0	0	0	5	0	0	5.845		100.056	49.5649	0.0389846	0	0.38963	0.0179796	16.5248	2		0.0088623	12.0616	49.9929	0	0	0	
2024-06-18 12:52:23	1009	2422	9	0	0	1	5	0	0	0	5	0	0	6.5	5	0	0	0	5	0	0	4.762		100.058	49.6942	0.050939	0	0.509093	0.866491	17.593	1		0	12.0616	50.3827	0	0	0	
2024-06-18 13:01:11	1070	2423	5	0	0	6	25	0	0	0	25	0	0	5.5	25	0	0	0	25	0	0	0.433		100.048	51.5236	0.484638	0	4.84407	0.343377	15.2181	1		0.0088623	12.0439	48.0437	0	0	0	
2024-06-18 13:00:18	1064	2424	5	0	0	6	25	0	0	0	25	0	0	4.25	25	0	0	0	25	0	0	1.515		100.044	51.1217	0.134173	0	1.34115	0.356818	14.7467	1		0	12.0616	48.1737	0	0	0	
2024-06-18 12:59:27	1058	2425	1	0	0	5	21	0	0	0	21	0	0	2.75	21	0	0	0	21	0	0	1.948		100.048	51.096	0.0964857	0	0.964397	0.0916315	13.6338	1		0.0088623	12.0616	48.0437	0	0	0	
2024-06-18 12:53:09	1014	2426	1	0	0	1	5	0	0	0	5	0	0	0.5	5	0	0	0	5	0	0	0.433		100.057	49.7067	0.454832	0	4.54573	0.225457	14.2808	1		0.0088623	12.0616	49.9929	0	0	0	
2024-06-18 12:58:09	1049	2427	1	0	0	4	17	0	0	0	17	0	0	0.75	17	0	0	0	17	0	0	2.814		100.051	50.4666	0.0690042	0	0.689691	0.192437	14.0837	1		0.0088623	12.0616	48.4336	0	0	0	
2024-06-18 13:05:26	1099	2428	1	0	0	7.75	32	0	0	0	32	0	0	3.25	32	0	0	0	32	0	0	3.897		100.048	52.0411	0.050055	0	0.500308	0.0767626	14.1459	1		0.0088623	12.0616	47.9138	0	0	0	
2024-06-18 13:12:43	1150	2429	1	0	0	2.75	12	0	0	5	12	0	0	0.5	12	0	0	7.25	12	0	0	1.168		100.047	19.1426	0.0766503	0	0.766145	0.217913	10.8311	1		0.0088623	12.0439	47.9138	0	0	0	
2024-06-18 13:06:47	1108	2430	9	0	0	1.25	6	0	0	0	6	0	0	6.5	6	0	0	0	6	0	0	4.546		100.046	52.0026	0.0515736	0	0.515498	0.0617057	17.0046	1		0.0088623	12.0439	47.9138	0	0	0	
2024-06-18 13:01:11	1070	2431	1	0	0	6	25	0	0	0	25	0	0	0.5	25	0	0	0	25	0	0	4.762		100.048	51.5236	0.0553996	0	0.553732	0.125301	19.1356	1		0.0088623	12.0439	48.0437	0	0	0	
2024-06-18 12:58:00	1048	2432	1	0	0	4	17	0	0	0	17	0	0	2.75	17	0	0	0	17	0	0	1.082		100.054	50.4396	0.179362	0	1.79266	0.204618	14.0795	1		0	12.0616	48.4336	0	0	0	
2024-06-18 12:50:37	997	2433	1	0	0	0	1	0	0	0	1	0	0	0.25	1	0	0	0	1	0	0	0.216		100.062	50.0727	0.717452	0	7.17007	0.0498922	11.2627	1		0.0088623	12.0616	51.5523	0	0	0	
2024-06-18 12:54:26	1023	2434	1	0	0	2	9	0	0	0	9	0	0	3.25	9	0	0	0	9	0	0	1.082		100.048	50.1633	0.176735	0	1.7665	0.164219	13.8741	1		0.0088623	12.0616	49.4731	0	0	0	
2024-06-18 13:02:50	1081	2435	1	0	0	7	29	0	0	0	29	0	0	1.75	29	0	0	0	29	0	0	4.546		100.049	51.2393	0.0502888	0	0.502641	0.432216	16.5805	1		0.0088623	12.0616	47.7838	0	0	0	
2024-06-18 12:50:11	995	2436	9	0	0	0	1	0	0	0	1	0	0	6	1	0	0	0	1	0	0	5.195		100.058	50.0643	0.0489898	0	0.489614	0.76866	18.458	1		0.0088623	12.0616	52.072	0	0	0	
2024-06-18 12:50:37	997	2437	9	0	0	0	1	0	0	0	1	0	0	4.75	1	0	0	0	1	0	0	4.113		100.062	50.0727	0.0524196	0	0.523871	0.119831	15.635	1		0.0088623	12.0616	51.5523	0	0	0	
2024-06-18 13:10:20	1133	2438	1	0	0	7.25	30	0	0	0	30	0	0	0.5	30	0	0	0	30	0	0	5.845		100.05	52.6775	0.0475911	0	0.475671	0.680916	20.1739	1		0.0088623	12.0439	47.9138	0	0	0	
2024-06-18 13:00:01	1062	2439	5	0	0	5	21	0	0	0	21	0	0	0.25	21	0	0	0	21	0	0	4.113		100.049	51.107	0.0514521	0	0.514272	0.310952	15.3485	1		0.0088623	12.0616	48.1737	0	0	0	
2024-06-18 12:59:18	1057	2440	5	0	0	5	21	0	0	0	21	0	0	6.75	21	0	0	0	21	0	0	1.515		100.046	51.1822	0.135086	0	1.35024	0.0611363	14.8467	1		0.0088623	12.0616	48.0437	0	0	0	
2024-06-18 12:56:26	1037	2441	5	0	0	3	13	0	0	0	13	0	0	2.25	13	0	0	0	13	0	0	0.649		100.047	51.0607	0.302788	0	3.02644	0.208054	14.2618	1		0	12.0616	48.5635	0	0	0	
2024-06-18 12:54:17	1022	2442	1	0	0	2	9	0	0	0	9	0	0	0	9	0	0	0	9	0	0	1.732		100.052	50.1521	0.123804	0	1.2374	0.419603	15.5496	1		0.0088623	12.0616	49.4731	0	0	0	
2024-06-18 13:08:48	1122	2443	9	0	0	6.5	27	0	0	0	27	0	0	7.25	27	0	0	0	27	0	0	0.649		100.047	51.7734	0.328092	0	3.27938	0.335504	15.4537	1		0.0088623	12.0616	47.7838	0	0	0	
2024-06-18 13:03:59	1089	2444	5	0	0	7.75	32	0	0	0	32	0	0	7.25	32	0	0	0	32	0	0	0.433		100.041	51.5052	0.466322	0	4.66131	0.650259	14.6439	1		0	12.0616	47.9138	0	0	0	
2024-06-18 13:10:29	1134	2445	1	0	0	7.5	31	0	0	0	31	0	0	0.25	31	0	0	0	31	0	0	6.278		100.045	52.0205	0.0364186	0	0.364021	0.162995	16.5823	1		0.0088623	12.0616	47.6539	0	0	0	
2024-06-18 13:07:25	1112	2446	1	0	0	0.75	4	0	0	0	4	0	0	1	4	0	0	0	4	0	0	0.216		100.043	51.4715	0.720844	0	7.20538	0.18466	11.3182	1		0	12.0616	47.7838	0	0	0	
2024-06-18 13:09:40	1128	2447	1	0	0	5.5	23	0	0	0	23	0	0	2.25	23	0	0	0	23	0	0	2.814		100.046	51.585	0.0791601	0	0.791236	0.357268	16.1573	1		0	12.0616	47.7838	0	0	0	
2024-06-18 12:57:17	1043	2448	5	0	0	4	17	0	0	0	17	0	0	6.75	17	0	0	0	17	0	0	2.381		100.054	50.9722	0.0839379	0	0.838922	0.0576235	14.4955	1		0	12.0616	48.6935	0	0	0	
2024-06-18 12:55:07	1028	2449	5	0	0	3	13	0	0	0	13	0	0	5.25	13	0	0	0	13	0	0	1.948		100.052	50.858	0.0991516	0	0.990998	0.0447004	14.0099	1		0.0088623	12.0616	49.2132	0	0	0	
2024-06-18 12:55:51	1033	2450	9	0	0	3	13	0	0	0	13	0	0	4	13	0	0	0	13	0	0	0.866		100.054	50.9575	0.235346	0	2.35219	0.160794	14.7793	1		0	12.0616	48.9533	0	0	0	
2024-06-18 12:53:25	1016	2451	9	0	0	2	9	0	0	0	9	0	0	7.25	9	0	0	0	9	0	0	4.546		100.054	50.1958	0.053919	0	0.538898	0.112903	17.7765	1		0.0088623	12.0616	49.4731	0	0	0	
2024-06-18 13:02:33	1079	2452	9	0	0	7	29	0	0	0	29	0	0	7.5	29	0	0	0	29	0	0	0.433		100.046	51.1878	0.45806	0	4.5785	0.388197	14.3838	1		0.0088623	12.0616	47.9138	0	0	0	
2024-06-18 13:02:50	1081	2453	9	0	0	7	29	0	0	0	29	0	0	6.25	29	0	0	0	29	0	0	0.649		100.049	51.2393	0.333586	0	3.33422	0.298751	15.7121	1		0.0088623	12.0616	47.7838	0	0	0	
2024-06-18 12:52:15	1008	2454	5	0	0	1	5	0	0	0	5	0	0	5.75	5	0	0	0	5	0	0	4.113		100.053	49.7553	0.0529246	0	0.528965	0.0141907	15.787	1		0.0088623	12.0616	50.5127	0	0	0	
2024-06-18 12:52:06	1007	2455	9	0	0	1	5	0	0	0	5	0	0	4.5	5	0	0	0	5	0	0	3.031		100.057	49.6871	0.0691908	0	0.691514	0.398723	15.2072	1		0.0088623	12.0616	50.5127	0	0	0	
2024-06-18 13:00:47	1067	2456	1	0	0	6	25	0	0	0	25	0	0	3.5	25	0	0	0	25	0	0	2.165		100.045	51.0691	0.0891747	0	0.891349	0.122251	14.0013	1		0.0088623	12.0616	48.0437	0	0	0	
2024-06-18 12:57:00	1041	2457	1	0	0	4	17	0	0	0	17	0	0	0	17	0	0	0	17	0	0	3.464		100.049	50.4191	0.0603515	0	0.603219	0.344887	15.1606	1		0.0088623	12.0616	48.6935	0	0	0	
2024-06-18 13:05:18	1098	2458	1	0	0	7.75	32	0	0	0	32	0	0	2.5	32	0	0	0	32	0	0	4.546		100.045	51.5787	0.045555	0	0.455344	0.176204	15.0203	1		0.0088623	12.0616	47.7838	0	0	0	
2024-06-18 12:54:59	1027	2459	1	0	0	2	9	0	0	0	9	0	0	2.5	9	0	0	0	9	0	0	0.433		100.053	50.1279	0.43544	0	4.35209	0.220864	13.6725	1		0.0088623	12.0616	49.0833	0	0	0	
2024-06-18 13:03:07	1083	2460	1	0	0	7	29	0	0	0	29	0	0	1	29	0	0	0	29	0	0	5.195		100.043	51.2465	0.0459918	0	0.459719	0.215703	17.331	1		0	12.0616	47.7838	0	0	0	
2024-06-18 12:50:37	997	2461	5	0	0	0	1	0	0	0	1	0	0	5.25	1	0	0	0	1	0	0	4.546		100.062	50.0727	0.0503126	0	0.502814	0.0149163	16.5862	1		0.0088623	12.0616	51.5523	0	0	0	
2024-06-18 12:50:44	998	2462	9	0	0	0	1	0	0	0	1	0	0	4	1	0	0	0	1	0	0	3.464		100.064	50.1189	0.0601893	0	0.60151	0.179329	15.1176	1		0.0088623	12.0616	51.5523	0	0	0	
2024-06-18 13:05:01	1096	2463	5	0	0	7.75	32	0	0	0	32	0	0	1.75	32	0	0	0	32	0	0	5.195		100.049	51.4778	0.04118	0	0.411599	0.342054	15.5169	1		0.0088623	12.0616	47.9138	0	0	0	
2024-06-18 12:59:27	1058	2464	9	0	0	5	21	0	0	0	21	0	0	6	21	0	0	0	21	0	0	0.866		100.048	51.096	0.245258	0	2.45141	0.304288	15.4027	1		0.0088623	12.0616	48.0437	0	0	0	
2024-06-18 12:58:52	1054	2465	5	0	0	5	21	0	0	0	21	0	0	4.75	21	0	0	0	21	0	0	0.216		100.048	51.1918	0.744639	0	7.44282	0.224527	11.6911	1		0.0088623	12.0616	48.3036	0	0	0	
2024-06-18 12:56:08	1035	2466	1	0	0	3	13	0	0	0	13	0	0	1.5	13	0	0	0	13	0	0	1.299		100.053	51.0185	0.141429	0	1.41354	0.215035	13.3223	1		0.0088623	12.0616	48.8234	0	0	0	
2024-06-18 13:03:59	1089	2467	9	0	0	7.75	32	0	0	0	32	0	0	6.5	32	0	0	0	32	0	0	1.082		100.041	51.5052	0.191346	0	1.91268	0.135278	15.0221	1		0	12.0616	47.9138	0	0	0	
2024-06-18 13:06:16	1105	2468	9	0	0	2.25	10	0	0	0	10	0	0	5.5	10	0	0	0	10	0	0	2.814		100.047	52.4336	0.0787871	0	0.787502	0.419527	16.0811	1		0.0088623	12.0616	47.9138	0	0	0	
2024-06-18 13:12:34	1149	2469	1	0	0	3	13	0	0	4.75	13	0	0	1.25	13	0	0	6.5	13	0	0	0.908		100.048	19.4477	0.0997712	0	0.997229	0.231413	10.9651	1		0	12.0616	47.9138	0	0	0	
2024-06-18 12:57:17	1043	2470	9	0	0	4	17	0	0	0	17	0	0	6	17	0	0	0	17	0	0	1.732		100.054	50.9722	0.11423	0	1.14167	0.0808444	14.3467	1		0	12.0616	48.6935	0	0	0	
2024-06-18 12:57:25	1044	2471	9	0	0	4	17	0	0	0	17	0	0	4.75	17	0	0	0	17	0	0	0.649		100.052	50.9992	0.335945	0	3.35771	0.191263	15.8228	1		0.0088623	12.0616	48.5635	0	0	0	
2024-06-18 12:51:19	1002	2472	1	0	0	0	1	0	0	0	1	0	0	2.25	1	0	0	0	1	0	0	1.948		100.059	49.7253	0.105243	0	1.05181	0.0382079	14.8696	2		0.0088623	12.0616	51.0325	0	0	0	
2024-06-18 13:12:25	1148	2473	1	0	0	3.25	14	0	0	4.5	14	0	0	2	14	0	0	5.75	14	0	0	0.649		100.046	19.2906	0.168708	0	1.68631	0.537246	13.2442	1		0.0088623	12.0616	47.9138	0	0	0	
2024-06-18 12:55:16	1029	2474	1	0	0	3	13	0	0	0	13	0	0	3.25	13	0	0	0	13	0	0	0.216		100.049	50.9265	0.736889	0	7.36526	0.302527	11.5693	1		0.0088623	12.0616	49.0833	0	0	0	
2024-06-18 12:54:09	1021	2475	5	0	0	2	9	0	0	0	9	0	0	7.75	9	0	0	0	9	0	0	4.979		100.048	50.1582	0.0430999	0	0.430792	0.329195	15.5638	1		0.0088623	12.0616	49.4731	0	0	0	
2024-06-18 12:53:51	1019	2476	9	0	0	2	9	0	0	0	9	0	0	6.5	9	0	0	0	9	0	0	3.897		100.057	50.2583	0.0553258	0	0.552943	0.0321562	15.6341	1		0.0088623	12.0439	49.4731	0	0	0	
2024-06-18 13:02:07	1076	2477	5	0	0	7	29	0	0	0	29	0	0	5.5	29	0	0	0	29	0	0	1.299		100.048	51.3686	0.156467	0	1.56391	0.397198	14.7395	1		0.0088623	12.0616	47.9138	0	0	0	
2024-06-18 13:02:58	1082	2478	5	0	0	7	29	0	0	0	29	0	0	4.25	29	0	0	0	29	0	0	2.381		100.044	51.1699	0.0834378	0	0.834011	0.0408945	14.4107	1		0	12.0616	47.9138	0	0	0	
2024-06-18 12:52:32	1010	2479	5	0	0	1	5	0	0	0	5	0	0	5	5	0	0	0	5	0	0	3.464		100.059	49.7569	0.0623131	0	0.622765	0.270203	15.6518	1		0	12.0616	50.1229	0	0	0	
2024-06-18 12:51:58	1006	2480	1	0	0	1	5	0	0	0	5	0	0	3.75	5	0	0	0	5	0	0	2.381		100.056	49.7583	0.0807115	0	0.806662	0.0881298	13.9381	1		0.0088623	12.0616	50.5127	0	0	0	
2024-06-18 13:01:37	1073	2481	5	0	0	6	25	0	0	0	25	0	0	2.75	25	0	0	0	25	0	0	2.814		100.046	51.2591	0.0719482	0	0.71915	0.121251	14.6853	2		0.0088623	12.0439	47.9138	0	0	0	
2024-06-18 12:59:18	1057	2482	1	0	0	5	21	0	0	0	21	0	0	2.25	21	0	0	0	21	0	0	2.381		100.046	51.1822	0.0801075	0	0.800707	0.0487412	13.8352	1		0.0088623	12.0616	48.0437	0	0	0	
2024-06-18 13:02:58	1082	2483	1	0	0	7	29	0	0	0	29	0	0	0.25	29	0	0	0	29	0	0	5.845		100.044	51.1699	0.0403722	0	0.403544	0.34982	17.1149	1		0	12.0616	47.9138	0	0	0	
2024-06-18 12:51:09	1001	2484	5	0	0	0	1	0	0	0	1	0	0	3.25	1	0	0	0	1	0	0	2.814		100.064	50.1411	0.0693472	0	0.693032	0.256958	14.152	1		0.0088623	12.0616	51.2924	0	0	0	
2024-06-18 12:55:34	1031	2485	5	0	0	3	13	0	0	0	13	0	0	7.25	13	0	0	0	13	0	0	3.68		100.053	50.9613	0.0659536	0	0.659186	0.72319	17.6026	1		0.0088623	12.0439	48.9533	0	0	0	
2024-06-18 13:01:04	1069	2486	5	0	0	6	25	0	0	0	25	0	0	6.75	25	0	0	0	25	0	0	0.649		100.047	51.0348	0.345103	0	3.44941	0.242256	16.255	1		0.0088623	12.0616	48.0437	0	0	0	
2024-06-18 13:05:35	1100	2487	9	0	0	3.75	16	0	0	0	16	0	0	4	16	0	0	0	16	0	0	0.216		100.046	51.4754	0.803286	0	8.02915	0.193692	12.6122	1		0.0088623	12.0616	47.9138	0	0	0	
2024-06-18 13:04:42	1094	2488	1	0	0	7.75	32	0	0	0	32	0	0	1	32	0	0	0	32	0	0	5.845		100.045	51.2946	0.0379604	0	0.379435	0.268921	16.0924	1		0.0088623	12.0616	47.9138	0	0	0	
2024-06-18 12:59:08	1056	2489	9	0	0	5	21	0	0	0	21	0	0	5.25	21	0	0	0	21	0	0	0.216		100.049	51.2613	0.758614	0	7.58243	0.326462	11.9105	1		0.0088623	12.0616	48.3036	0	0	0	
2024-06-18 12:58:52	1054	2490	9	0	0	5	21	0	0	0	21	0	0	4	21	0	0	0	21	0	0	0.866		100.048	51.1918	0.242407	0	2.4229	0.345098	15.2235	1		0.0088623	12.0616	48.3036	0	0	0	
2024-06-18 12:55:07	1028	2491	1	0	0	3	13	0	0	0	13	0	0	0.75	13	0	0	0	13	0	0	1.948		100.052	50.858	0.0935788	0	0.935299	0.0330083	13.2225	1		0.0088623	12.0616	49.2132	0	0	0	
2024-06-18 12:52:32	1010	2492	1	0	0	1	5	0	0	0	5	0	0	1.75	5	0	0	0	5	0	0	0.649		100.059	49.7569	0.301435	0	3.01258	0.191214	14.1965	1		0	12.0616	50.1229	0	0	0	
2024-06-18 12:56:52	1040	2493	1	0	0	4	17	0	0	0	17	0	0	2	17	0	0	0	17	0	0	1.732		100.046	50.4226	0.107842	0	1.07793	0.0659801	13.5456	1		0.0088623	12.0616	48.6935	0	0	0	
2024-06-18 13:04:42	1094	2494	9	0	0	7.75	32	0	0	0	32	0	0	5.75	32	0	0	0	32	0	0	1.732		100.045	51.2946	0.113141	0	1.1309	0.000371266	14.2114	1		0.0088623	12.0616	47.9138	0	0	0	
2024-06-18 13:04:26	1092	2495	5	0	0	7.75	32	0	0	0	32	0	0	4.5	32	0	0	0	32	0	0	2.814		100.042	51.3728	0.0681495	0	0.681208	0.0679964	13.9105	1		0.0088623	12.0616	47.9138	0	0	0	
2024-06-18 13:08:06	1117	2496	1	0	0	2.25	10	0	0	0	10	0	0	3.5	10	0	0	0	10	0	0	1.082		100.049	52.5838	0.175839	0	1.75753	0.0362817	13.8036	1		0.0088623	12.0439	47.9138	0	0	0	
2024-06-18 13:07:17	1111	2497	9	0	0	0.25	2	0	0	0	2	0	0	7.5	2	0	0	0	2	0	0	6.278		100.046	51.2637	0.0374854	0	0.374681	0.20607	17.0679	1		0.0088623	12.0616	47.9138	0	0	0	
2024-06-18 13:01:48	1074	2498	5	0	0	6	25	0	0	0	25	0	0	1.75	25	0	0	0	25	0	0	3.68		100.05	51.6009	0.0650707	0	0.650383	0.214976	17.3675	1		0	12.0439	48.0437	0	0	0	
2024-06-18 12:57:42	1046	2499	5	0	0	4	17	0	0	0	17	0	0	5.25	17	0	0	0	17	0	0	1.082		100.054	50.9342	0.190999	0	1.90896	0.0762714	14.993	1		0.0088623	12.0616	48.4336	0	0	0	
2024-06-18 12:49:38	992	2500	1	0	0	0	1	0	0	0	1	0	0	1.5	1	0	0	0	1	0	0	1.299		100.055	50.2905	0.14604	0	1.4596	0.274869	13.7564	1		0.0088623	12.0173	52.3319	0	0	0	
2024-06-18 12:55:34	1031	2501	1	0	0	3	13	0	0	0	13	0	0	2.5	13	0	0	0	13	0	0	0.433		100.053	50.9613	0.439452	0	4.3922	0.306487	13.7985	1		0.0088623	12.0439	48.9533	0	0	0	
2024-06-18 12:54:26	1023	2502	9	0	0	2	9	0	0	0	9	0	0	5.75	9	0	0	0	9	0	0	3.247		100.048	50.1633	0.06513	0	0.650988	0.1848	15.3385	1		0.0088623	12.0616	49.4731	0	0	0	
2024-06-18 12:54:00	1020	2503	5	0	0	2	9	0	0	0	9	0	0	4.5	9	0	0	0	9	0	0	2.165		100.054	50.2112	0.0888085	0	0.887606	0.0599538	13.9425	1		0.0088623	12.0616	49.3432	0	0	0	
2024-06-18 13:03:25	1085	2504	5	0	0	7	29	0	0	0	29	0	0	3.5	29	0	0	0	29	0	0	3.031		100.044	51.2216	0.0654765	0	0.654477	0.150507	14.3927	1		0.0088623	12.0616	47.7838	0	0	0	
2024-06-18 12:52:23	1009	2505	1	0	0	1	5	0	0	0	5	0	0	3	5	0	0	0	5	0	0	1.732		100.058	49.6942	0.105994	0	1.05932	0.0809622	13.3119	1		0	12.0616	50.3827	0	0	0	
2024-06-18 12:50:00	994	2506	1	0	0	0	1	0	0	0	1	0	0	7.25	1	0	0	0	1	0	0	6.278		100.057	50.1426	0.0405397	0	0.405165	0.280927	18.4565	2		0.0088623	12.0616	52.4619	0	0	0	
2024-06-18 12:59:35	1059	2507	1	0	0	5	21	0	0	0	21	0	0	1.5	21	0	0	0	21	0	0	3.031		100.045	50.9751	0.0665226	0	0.664928	0.246569	14.6225	1		0.0088623	12.0439	48.1737	0	0	0	
2024-06-18 12:53:42	1018	2508	1	0	0	2	9	0	0	0	9	0	0	1.25	9	0	0	0	9	0	0	0.649		100.059	50.5703	0.291802	0	2.9163	0.111799	13.7428	1		0.0088623	12.0439	49.733	0	0	0	
2024-06-18 13:10:45	1136	2509	1	0	0	1.5	7	0	0	0	7	0	0	0.25	7	0	0	0	7	0	0	1.082		100.049	51.7583	0.172798	0	1.72714	0.147657	13.5649	1		0.0088623	12.0616	48.0437	0	0	0	
2024-06-18 12:51:02	1000	2510	5	0	0	0	1	0	0	0	1	0	0	2.5	1	0	0	0	1	0	0	2.165		100.063	49.8984	0.0887798	0	0.887243	0.352042	13.9368	1		0.0088623	12.0616	51.2924	0	0	0	
2024-06-18 13:09:55	1130	2511	1	0	0	6.25	26	0	0	0	26	0	0	1.5	26	0	0	0	26	0	0	4.113		100.047	52.5066	0.0553642	0	0.553383	0.618356	16.5158	1		0.0088623	12.0439	47.7838	0	0	0	
2024-06-18 13:11:52	1144	2512	9	0	0	7.25	30	0	0	0	30	0	0	6.5	30	0	0	0	30	0	0	0.649		100.046	52.6097	0.322702	0	3.22553	0.166554	15.2	1		0.0088623	12.0616	48.0437	0	0	0	
2024-06-18 12:55:16	1029	2513	5	0	0	3	13	0	0	0	13	0	0	7.75	13	0	0	0	13	0	0	4.113		100.049	50.9265	0.0498508	0	0.498263	0.194456	14.8707	1		0.0088623	12.0616	49.0833	0	0	0	
2024-06-18 12:55:34	1031	2514	9	0	0	3	13	0	0	0	13	0	0	6.5	13	0	0	0	13	0	0	3.031		100.053	50.9613	0.0680171	0	0.679811	0.060743	14.9498	1		0.0088623	12.0439	48.9533	0	0	0	
2024-06-18 12:52:32	1010	2515	9	0	0	1	5	0	0	0	5	0	0	7	5	0	0	0	5	0	0	5.195		100.059	49.7569	0.0453899	0	0.453632	0.56675	17.1015	1		0	12.0616	50.1229	0	0	0	
2024-06-18 13:00:39	1066	2516	5	0	0	6	25	0	0	0	25	0	0	4.75	25	0	0	0	25	0	0	1.082		100.047	51.1236	0.192695	0	1.92605	0.289766	15.1271	1		0.0088623	12.0616	48.0437	0	0	0	
2024-06-18 13:04:08	1090	2517	1	0	0	7.75	32	0	0	0	32	0	0	0.25	32	0	0	0	32	0	0	6.494		100.045	51.4575	0.0342035	0	0.341882	0.0230476	16.1108	1		0	12.0616	47.9138	0	0	0	
2024-06-18 13:00:01	1062	2518	1	0	0	5	21	0	0	0	21	0	0	3.25	21	0	0	0	21	0	0	1.515		100.049	51.107	0.124993	0	1.24932	0.25161	13.737	1		0.0088623	12.0616	48.1737	0	0	0	
2024-06-18 12:55:25	1030	2519	1	0	0	3	13	0	0	0	13	0	0	0	13	0	0	0	13	0	0	2.598		100.054	51.0096	0.0755361	0	0.754956	0.211258	14.2306	1		0.0088623	12.0616	48.9533	0	0	0	
2024-06-18 13:05:43	1101	2520	9	0	0	3.5	15	0	0	0	15	0	0	4.25	15	0	0	0	15	0	0	0.649		100.049	51.4492	0.323946	0	3.23787	0.115351	15.2581	1		0.0088623	12.0439	47.9138	0	0	0	
2024-06-18 12:57:51	1047	2521	1	0	0	4	17	0	0	0	17	0	0	1.25	17	0	0	0	17	0	0	2.381		100.05	50.4041	0.0798337	0	0.797938	0.255674	13.7874	1		0.0088623	12.0616	48.4336	0	0	0	
2024-06-18 13:04:08	1090	2522	9	0	0	7.75	32	0	0	0	32	0	0	5	32	0	0	0	32	0	0	2.381		100.045	51.4575	0.0799483	0	0.799127	0.0578378	13.8079	1		0	12.0616	47.9138	0	0	0	
2024-06-18 13:05:08	1097	2523	5	0	0	7.75	32	0	0	0	32	0	0	3.75	32	0	0	0	32	0	0	3.464		100.048	51.9697	0.0560232	0	0.559963	0.31579	14.0734	1		0.0088623	12.0439	47.9138	0	0	0	
2024-06-18 13:13:23	1154	2524	1	0	0	1.25	6	0	0	6.5	6	0	0	3	6	0	0	4.75	6	0	0	0.908		100.052	19.2747	0.102587	0	1.02534	0.434918	11.2742	1		0.0088623	12.0616	48.0437	0	0	0	
2024-06-18 13:01:30	1072	2525	1	0	0	6	25	0	0	0	25	0	0	1	25	0	0	0	25	0	0	4.33		100.046	51.0997	0.0572516	0	0.572254	0.114856	17.9779	1		0.0088623	12.0616	48.0437	0	0	0	
2024-06-18 12:57:17	1043	2526	1	0	0	4	17	0	0	0	17	0	0	3.25	17	0	0	0	17	0	0	0.649		100.054	50.9722	0.324041	0	3.23864	0.170245	15.2617	1		0	12.0616	48.6935	0	0	0	
2024-06-18 12:50:21	996	2527	1	0	0	0	1	0	0	0	1	0	0	0.75	1	0	0	0	1	0	0	0.649		100.057	49.7391	0.619696	0	6.19346	4.60278	29.186	4		0.0088623	12.0616	51.9421	0	0	0	
2024-06-18 13:12:51	1151	2528	1	0	0	3.5	15	0	0	4.25	15	0	0	3.75	15	0	0	4	15	0	0	0.13		100.053	18.4024	0.534333	0	5.34049	0.0766512	8.38882	1		0.0088623	12.0616	48.0437	0	0	0	
2024-06-18 12:54:00	1020	2529	9	0	0	2	9	0	0	0	9	0	0	5	9	0	0	0	9	0	0	2.598		100.054	50.2112	0.0765753	0	0.76534	0.104337	14.4263	1		0.0088623	12.0616	49.3432	0	0	0	
2024-06-18 12:53:51	1019	2530	1	0	0	2	9	0	0	0	9	0	0	3.75	9	0	0	0	9	0	0	1.515		100.057	50.2583	0.128121	0	1.28049	0.00621359	14.0797	1		0.0088623	12.0439	49.4731	0	0	0	
2024-06-18 13:03:33	1086	2531	5	0	0	7	29	0	0	0	29	0	0	2.75	29	0	0	0	29	0	0	3.68		100.048	51.7509	0.0561744	0	0.561474	0.145479	14.9934	1		0	12.0616	47.9138	0	0	0	
2024-06-18 13:03:33	1086	2532	1	0	0	7	29	0	0	0	29	0	0	2.25	29	0	0	0	29	0	0	4.113		100.048	51.7509	0.0516142	0	0.515894	0.134589	15.3969	1		0	12.0616	47.9138	0	0	0	
2024-06-18 12:50:21	996	2533	5	0	0	0	1	0	0	0	1	0	0	7.75	1	0	0	0	1	0	0	6.711		100.057	49.7391	0.0352735	0	0.352536	0.114822	17.1666	4		0.0088623	12.0616	51.9421	0	0	0	
2024-06-18 12:49:38	992	2534	5	0	0	0	1	0	0	0	1	0	0	6.5	1	0	0	0	1	0	0	5.628		100.055	50.2905	0.0419648	0	0.419417	0.618477	17.1293	1		0.0088623	12.0173	52.3319	0	0	0	
2024-06-18 12:59:52	1061	2535	5	0	0	5	21	0	0	0	21	0	0	0.75	21	0	0	0	21	0	0	3.68		100.045	51.0262	0.0586581	0	0.586319	0.0790332	15.6568	1		0.0088623	12.0616	48.1737	0	0	0	
2024-06-18 12:58:59	1055	2536	5	0	0	5	21	0	0	0	21	0	0	7.25	21	0	0	0	21	0	0	1.948		100.052	51.6941	0.111771	0	1.11713	0.182706	15.793	1		0.0088623	12.0616	48.3036	0	0	0	
2024-06-18 13:11:44	1143	2537	9	0	0	5.75	24	0	0	0	24	0	0	4	24	0	0	0	24	0	0	1.515		100.042	52.2413	0.129529	0	1.29475	0.180044	14.2365	1		0.0088623	12.0616	47.9138	0	0	0	
2024-06-18 13:08:23	1119	2538	9	0	0	4.5	19	0	0	0	19	0	0	5.25	19	0	0	0	19	0	0	0.649		100.045	51.94	0.324301	0	3.24154	0.14565	15.2754	1		0	12.0439	47.9138	0	0	0	
2024-06-18 13:12:59	1152	2539	1	0	0	2.75	12	0	0	5	12	0	0	3.5	12	0	0	4.25	12	0	0	0.389		100.047	19.1626	0.298673	0	2.98532	1.12006	14.068	4		0.0088623	12.0616	48.0437	0	0	0	
2024-06-18 12:53:25	1016	2540	1	0	0	2	9	0	0	0	9	0	0	0.5	9	0	0	0	9	0	0	1.299		100.054	50.1958	0.14086	0	1.40783	0.196143	13.2685	1		0.0088623	12.0616	49.4731	0	0	0	
2024-06-18 13:07:05	1110	2541	9	0	0	0.5	3	0	0	0	3	0	0	7.25	3	0	0	0	3	0	0	5.845		100.046	51.5065	0.0563657	0	0.563399	0.605336	23.8946	2		0	12.0616	47.6539	0	0	0	
2024-06-18 12:57:35	1045	2542	5	0	0	4	17	0	0	0	17	0	0	7.25	17	0	0	0	17	0	0	2.814		100.054	50.4809	0.076547	0	0.765057	0.0520575	15.6227	1		0	12.0616	48.4336	0	0	0	
2024-06-18 12:55:43	1032	2543	5	0	0	3	13	0	0	0	13	0	0	5.75	13	0	0	0	13	0	0	2.381		100.054	51.0451	0.0809066	0	0.808632	0.096071	13.9721	1		0	12.0616	48.9533	0	0	0	
2024-06-18 12:55:43	1032	2544	9	0	0	3	13	0	0	0	13	0	0	4.5	13	0	0	0	13	0	0	1.299		100.054	51.0451	0.148674	0	1.48594	0.173838	14.0046	1		0	12.0616	48.9533	0	0	0	
2024-06-18 13:02:15	1077	2545	5	0	0	7	29	0	0	0	29	0	0	6.75	29	0	0	0	29	0	0	0.216		100.046	51.3547	0.766444	0	7.66088	0.580982	12.0337	1		0.0088623	12.0616	47.9138	0	0	0	
2024-06-18 12:52:06	1007	2546	5	0	0	1	5	0	0	0	5	0	0	7.5	5	0	0	0	5	0	0	5.628		100.057	49.6871	0.0416036	0	0.415799	0.350598	16.9815	1		0.0088623	12.0616	50.5127	0	0	0	
2024-06-18 12:52:23	1009	2547	5	0	0	1	5	0	0	0	5	0	0	6.25	5	0	0	0	5	0	0	4.546		100.058	49.6942	0.0533444	0	0.533133	0.363606	17.5863	1		0	12.0616	50.3827	0	0	0	
2024-06-18 13:00:55	1068	2548	9	0	0	6	25	0	0	0	25	0	0	5.25	25	0	0	0	25	0	0	0.649		100.046	51.0688	0.329869	0	3.29718	0.310534	15.5376	1		0.0088623	12.0439	47.9138	0	0	0	
2024-06-18 13:00:18	1064	2549	9	0	0	6	25	0	0	0	25	0	0	4	25	0	0	0	25	0	0	1.732		100.044	51.1217	0.113466	0	1.13416	0.00854655	14.2523	1		0	12.0616	48.1737	0	0	0	
2024-06-18 12:59:44	1060	2550	1	0	0	5	21	0	0	0	21	0	0	2.5	21	0	0	0	21	0	0	2.165		100.047	51.1114	0.0912785	0	0.912357	0.129485	14.3313	1		0	12.0616	48.1737	0	0	0	
2024-06-18 12:53:16	1015	2551	1	0	0	1	5	0	0	0	5	0	0	0.25	5	0	0	0	5	0	0	0.649		100.06	50.1113	0.30748	0	3.07296	0.0166311	14.481	1		0.0088623	12.0616	49.9929	0	0	0	
2024-06-18 12:58:09	1049	2552	5	0	0	4	17	0	0	0	17	0	0	0.5	17	0	0	0	17	0	0	3.031		100.051	50.4666	0.0662681	0	0.662344	0.273328	14.5657	1		0.0088623	12.0616	48.4336	0	0	0	
2024-06-18 13:05:26	1099	2553	5	0	0	7.75	32	0	0	0	32	0	0	3	32	0	0	0	32	0	0	4.113		100.048	52.0411	0.048022	0	0.479988	0.0311151	14.3253	1		0.0088623	12.0616	47.9138	0	0	0	
2024-06-18 13:00:18	1064	2554	1	0	0	6	25	0	0	0	25	0	0	0.25	25	0	0	0	25	0	0	4.979		100.044	51.1217	0.0473194	0	0.472986	0.0523118	17.0882	1		0	12.0616	48.1737	0	0	0	
2024-06-18 13:09:30	1127	2555	1	0	0	5.25	22	0	0	0	22	0	0	2.5	22	0	0	0	22	0	0	2.381		100.05	52.4124	0.0908164	0	0.907708	0.939395	15.6841	1		0.0088623	12.0616	48.0437	0	0	0	
2024-06-18 12:57:35	1045	2556	1	0	0	4	17	0	0	0	17	0	0	2.5	17	0	0	0	17	0	0	1.299		100.054	50.4809	0.146963	0	1.46884	0.326856	13.8435	1		0	12.0616	48.4336	0	0	0	
2024-06-18 12:54:33	1024	2557	5	0	0	2	9	0	0	0	9	0	0	3	9	0	0	0	9	0	0	0.866		100.055	50.5562	0.22429	0	2.24167	0.00414213	14.0848	1		0.0088623	12.0616	49.4731	0	0	0	
2024-06-18 13:03:25	1085	2558	1	0	0	7	29	0	0	0	29	0	0	1.5	29	0	0	0	29	0	0	4.762		100.044	51.2216	0.0478926	0	0.478715	0.467216	16.5432	1		0.0088623	12.0616	47.7838	0	0	0	
2024-06-18 12:50:53	999	2559	9	0	0	0	1	0	0	0	1	0	0	5.75	1	0	0	0	1	0	0	4.979		100.063	50.1534	0.0460641	0	0.460352	0.400134	16.6317	1		0	12.0616	51.4223	0	0	0	
2024-06-18 12:50:44	998	2560	5	0	0	0	1	0	0	0	1	0	0	4.5	1	0	0	0	1	0	0	3.897		100.064	50.1189	0.0543886	0	0.543539	0.269624	15.3682	1		0.0088623	12.0616	51.5523	0	0	0	
2024-06-18 12:58:52	1054	2561	1	0	0	5	21	0	0	0	21	0	0	0	21	0	0	0	21	0	0	4.33		100.048	51.1918	0.0506151	0	0.505908	0.160384	15.8936	1		0.0088623	12.0616	48.3036	0	0	0	
2024-06-18 13:04:17	1091	2562	1	0	0	7.75	32	0	0	0	32	0	0	2.25	32	0	0	0	32	0	0	4.762		100.043	51.4297	0.0429262	0	0.429079	0.167403	14.8279	1		0.0088623	12.0616	47.9138	0	0	0	
2024-06-18 12:58:44	1053	2563	5	0	0	5	21	0	0	0	21	0	0	7.75	21	0	0	0	21	0	0	2.381		100.046	51.2165	0.082096	0	0.82058	0.0610425	14.1786	1		0.0088623	12.0616	48.3036	0	0	0	
2024-06-18 12:59:18	1057	2564	9	0	0	5	21	0	0	0	21	0	0	6.5	21	0	0	0	21	0	0	1.299		100.046	51.1822	0.158617	0	1.58544	0.166933	14.9424	1		0.0088623	12.0616	48.0437	0	0	0	
2024-06-18 12:55:51	1033	2565	1	0	0	3	13	0	0	0	13	0	0	2	13	0	0	0	13	0	0	0.866		100.054	50.9575	0.223615	0	2.23494	0.220658	14.0425	1		0	12.0616	48.9533	0	0	0	
2024-06-18 13:09:14	1125	2566	1	0	0	4.5	19	0	0	0	19	0	0	3.25	19	0	0	0	19	0	0	1.082		100.045	51.8681	0.18264	0	1.82559	0.157448	14.3381	1		0	12.0616	47.9138	0	0	0	
2024-06-18 13:04:17	1091	2567	5	0	0	7.75	32	0	0	0	32	0	0	7	32	0	0	0	32	0	0	0.649		100.043	51.4297	0.333508	0	3.33365	0.233706	15.7095	1		0.0088623	12.0616	47.9138	0	0	0	
2024-06-18 13:11:36	1142	2568	9	0	0	5.5	23	0	0	0	23	0	0	4.25	23	0	0	0	23	0	0	1.082		100.043	51.7183	0.188635	0	1.88554	0.116469	14.809	1		0.0088623	12.0616	47.9138	0	0	0	
2024-06-18 13:10:12	1132	2569	1	0	0	6.75	28	0	0	0	28	0	0	1	28	0	0	0	28	0	0	4.979		100.048	52.2793	0.0512604	0	0.512361	0.216626	18.5107	1		0.0088623	12.0616	48.0437	0	0	0	
2024-06-18 13:08:30	1120	2570	9	0	0	4.25	18	0	0	0	18	0	0	5.5	18	0	0	0	18	0	0	1.082		100.05	52.4423	0.189279	0	1.89184	0.0260183	14.8584	1		0.0088623	11.9375	47.9138	0	0	0	
2024-06-18 12:56:52	1040	2571	5	0	0	4	17	0	0	0	17	0	0	7.75	17	0	0	0	17	0	0	3.247		100.046	50.4226	0.0613548	0	0.613267	0.307823	14.4498	1		0.0088623	12.0616	48.6935	0	0	0	
2024-06-18 12:57:51	1047	2572	5	0	0	4	17	0	0	0	17	0	0	6.5	17	0	0	0	17	0	0	2.165		100.05	50.4041	0.0915649	0	0.915192	0.143454	14.3758	1		0.0088623	12.0616	48.4336	0	0	0	
2024-06-18 12:55:07	1028	2573	9	0	0	3	13	0	0	0	13	0	0	5	13	0	0	0	13	0	0	1.732		100.052	50.858	0.109897	0	1.0984	0.0557236	13.8028	1		0.0088623	12.0616	49.2132	0	0	0	
2024-06-18 12:56:26	1037	2574	1	0	0	3	13	0	0	0	13	0	0	3.75	13	0	0	0	13	0	0	0.649		100.047	51.0607	0.314597	0	3.14447	0.234198	14.818	1		0	12.0616	48.5635	0	0	0	
2024-06-18 12:53:34	1017	2575	5	0	0	2	9	0	0	0	9	0	0	7	9	0	0	0	9	0	0	4.33		100.053	50.2653	0.0501645	0	0.501377	0.0341781	15.7512	1		0.0088623	12.0616	49.863	0	0	0	
2024-06-18 13:02:58	1082	2576	9	0	0	7	29	0	0	0	29	0	0	6	29	0	0	0	29	0	0	0.866		100.044	51.1699	0.249884	0	2.49774	0.115408	15.6938	1		0	12.0616	47.9138	0	0	0	
2024-06-18 13:02:41	1080	2577	9	0	0	7	29	0	0	0	29	0	0	4.75	29	0	0	0	29	0	0	1.948		100.05	51.1931	0.101357	0	1.01306	0.156359	14.3217	1		0.0088623	12.0616	47.9138	0	0	0	
2024-06-18 12:51:58	1006	2578	5	0	0	1	5	0	0	0	5	0	0	5.5	5	0	0	0	5	0	0	3.897		100.056	49.7583	0.0609029	0	0.608688	0.12698	17.2102	1		0.0088623	12.0616	50.5127	0	0	0	
2024-06-18 12:51:39	1004	2579	5	0	0	1	5	0	0	0	5	0	0	4.25	5	0	0	0	5	0	0	2.814		100.056	49.7104	0.0721107	0	0.720705	0.624429	14.717	1		0.0088623	12.0616	50.7726	0	0	0	
2024-06-18 13:01:04	1069	2580	1	0	0	6	25	0	0	0	25	0	0	3.25	25	0	0	0	25	0	0	2.381		100.047	51.0348	0.0832371	0	0.831981	0.0118942	14.3756	1		0.0088623	12.0616	48.0437	0	0	0	
2024-06-18 13:07:41	1114	2581	1	0	0	0.25	2	0	0	0	2	0	0	1.5	2	0	0	0	2	0	0	1.082		100.05	51.9387	0.171721	0	1.71636	0.0172361	13.4803	1		0.0088623	12.0616	47.9138	0	0	0	
2024-06-18 13:02:24	1078	2582	1	0	0	7	29	0	0	0	29	0	0	0.75	29	0	0	0	29	0	0	5.412		100.047	51.2287	0.0439856	0	0.439647	0.0708295	17.2649	1		0	12.0616	47.9138	0	0	0	
2024-06-18 12:50:11	995	2583	5	0	0	0	1	0	0	0	1	0	0	5	1	0	0	0	1	0	0	4.33		100.058	50.0643	0.0505982	0	0.505688	0.394196	15.8867	1		0.0088623	12.0616	52.072	0	0	0	
2024-06-18 12:51:30	1003	2584	1	0	0	0	1	0	0	0	1	0	0	3.75	1	0	0	0	1	0	0	3.247		100.054	49.7564	0.0623407	0	0.623071	0.0599652	14.6808	1		0.0088623	12.0616	50.9025	0	0	0	
2024-06-18 13:12:01	1145	2585	9	0	0	7.5	31	0	0	0	31	0	0	6.25	31	0	0	0	31	0	0	1.082		100.042	52.22	0.185935	0	1.85857	0.0632567	14.5971	1		0.0088623	12.0616	47.9138	0	0	0	
2024-06-18 13:08:56	1123	2586	9	0	0	6.25	26	0	0	0	26	0	0	7.5	26	0	0	0	26	0	0	1.082		100.049	52.4172	0.1876	0	1.87508	0.0682053	14.7268	1		0	12.0616	47.9138	0	0	0	
2024-06-18 13:00:25	1065	2587	5	0	0	6	25	0	0	0	25	0	0	7.25	25	0	0	0	25	0	0	1.082		100.047	51.3355	0.224058	0	2.23953	0.763659	17.5892	2		0.0088623	12.0439	48.1737	0	0	0	
2024-06-18 13:04:52	1095	2588	1	0	0	7.75	32	0	0	0	32	0	0	1.5	32	0	0	0	32	0	0	5.412		100.045	51.4383	0.0394221	0	0.394045	0.127034	15.4741	1		0.0088623	12.0616	47.9138	0	0	0	
2024-06-18 12:59:27	1058	2589	5	0	0	5	21	0	0	0	21	0	0	5.75	21	0	0	0	21	0	0	0.649		100.048	51.096	0.330262	0	3.30105	0.235718	15.5558	1		0.0088623	12.0616	48.0437	0	0	0	
2024-06-18 12:58:34	1052	2590	5	0	0	5	21	0	0	0	21	0	0	4.5	21	0	0	0	21	0	0	0.433		100.046	51.259	0.462893	0	4.62678	0.457495	14.5355	1		0	12.0616	48.3036	0	0	0	
2024-06-18 12:56:43	1039	2591	1	0	0	3	13	0	0	0	13	0	0	1.25	13	0	0	0	13	0	0	1.515		100.048	51.1085	0.120044	0	1.19987	0.272069	13.1933	1		0.0088623	12.0439	48.4336	0	0	0	
2024-06-18 12:52:51	1012	2592	1	0	0	1	5	0	0	0	5	0	0	2.25	5	0	0	0	5	0	0	1.082		100.058	49.9816	0.170342	0	1.70244	0.180486	13.3709	1		0.0088623	12.0616	50.2528	0	0	0	
2024-06-18 13:07:33	1113	2593	1	0	0	0.5	3	0	0	0	3	0	0	1.25	3	0	0	0	3	0	0	0.649		100.045	52.2126	0.303185	0	3.03049	0.082325	14.2808	1		0.0088623	12.0616	47.9138	0	0	0	
2024-06-18 13:06:09	1104	2594	9	0	0	2.5	11	0	0	0	11	0	0	5.25	11	0	0	0	11	0	0	2.381		100.041	51.1398	0.0893145	0	0.892779	0.626703	15.4261	1		0	12.0616	47.7838	0	0	0	
2024-06-18 13:03:50	1088	2595	5	0	0	7.75	32	0	0	0	32	0	0	7.5	32	0	0	0	32	0	0	0.216		100.043	51.5259	0.811688	0	8.11342	0.400919	12.7445	1		0.0088623	12.0616	47.7838	0	0	0	
2024-06-18 13:04:34	1093	2596	5	0	0	7.75	32	0	0	0	32	0	0	6.25	32	0	0	0	32	0	0	1.299		100.046	51.4367	0.156578	0	1.56507	0.0325461	14.7504	1		0	12.0616	47.9138	0	0	0	
2024-06-18 13:09:05	1124	2597	1	0	0	4.25	18	0	0	0	18	0	0	3.5	18	0	0	0	18	0	0	0.649		100.044	51.972	0.325441	0	3.25297	0.0699229	15.3293	1		0.0088623	12.0616	47.9138	0	0	0	
2024-06-18 13:01:57	1075	2598	1	0	0	6	25	0	0	0	25	0	0	2.25	25	0	0	0	25	0	0	3.247		100.051	51.6774	0.0641589	0	0.64126	0.166232	15.1093	1		0	12.0616	48.0437	0	0	0	
2024-06-18 13:11:27	1141	2599	9	0	0	5.25	22	0	0	0	22	0	0	4.5	22	0	0	0	22	0	0	0.649		100.045	52.2085	0.323975	0	3.23828	0.195013	15.2601	1		0.0088623	12.0616	47.9138	0	0	0	
2024-06-18 12:57:00	1041	2600	9	0	0	4	17	0	0	0	17	0	0	5.75	17	0	0	0	17	0	0	1.515		100.049	50.4191	0.131277	0	1.31213	0.0596151	14.4276	1		0.0088623	12.0616	48.6935	0	0	0	
2024-06-18 12:56:52	1040	2601	9	0	0	4	17	0	0	0	17	0	0	4.5	17	0	0	0	17	0	0	0.433		100.046	50.4226	0.499407	0	4.99178	0.0581061	15.6821	1		0.0088623	12.0616	48.6935	0	0	0	
2024-06-18 12:49:52	993	2602	1	0	0	0	1	0	0	0	1	0	0	2	1	0	0	0	1	0	0	1.732		100.062	50.233	0.129065	0	1.28986	0.225869	16.2088	1		0.0088623	12.0616	52.3319	0	0	0	
2024-06-18 12:53:34	1017	2603	9	0	0	2	9	0	0	0	9	0	0	7.5	9	0	0	0	9	0	0	4.762		100.053	50.2653	0.0458679	0	0.458435	0.225475	15.8424	1		0.0088623	12.0616	49.863	0	0	0	
2024-06-18 12:54:09	1021	2604	9	0	0	2	9	0	0	0	9	0	0	6.25	9	0	0	0	9	0	0	3.68		100.048	50.1582	0.0585861	0	0.585581	0.169411	15.6371	1		0.0088623	12.0616	49.4731	0	0	0	
2024-06-18 13:02:07	1076	2605	9	0	0	7	29	0	0	0	29	0	0	5.25	29	0	0	0	29	0	0	1.515		100.048	51.3686	0.130952	0	1.30889	0.246679	14.392	1		0.0088623	12.0616	47.9138	0	0	0	
2024-06-18 13:03:07	1083	2606	5	0	0	7	29	0	0	0	29	0	0	4	29	0	0	0	29	0	0	2.598		100.043	51.2465	0.0761618	0	0.761289	0.129828	14.35	1		0	12.0616	47.7838	0	0	0	
2024-06-18 12:51:48	1005	2607	1	0	0	1	5	0	0	0	5	0	0	3.5	5	0	0	0	5	0	0	2.165		100.05	49.77	0.0852357	0	0.851935	0.0214756	13.3822	1		0.0088623	12.0616	50.7726	0	0	0	
2024-06-18 13:01:37	1073	2608	1	0	0	6	25	0	0	0	25	0	0	2.5	25	0	0	0	25	0	0	3.031		100.046	51.2591	0.0741961	0	0.741619	0.213426	16.3091	2		0.0088623	12.0439	47.9138	0	0	0	
2024-06-18 13:11:19	1140	2609	1	0	0	3.75	16	0	0	0	16	0	0	2	16	0	0	0	16	0	0	1.515		100.05	52.5205	0.126549	0	1.26486	0.0633881	13.9078	1		0	12.0439	48.0437	0	0	0	
2024-06-18 12:59:44	1060	2610	5	0	0	5	21	0	0	0	21	0	0	2	21	0	0	0	21	0	0	2.598		100.047	51.1114	0.0764667	0	0.764309	0.0372874	14.4069	1		0	12.0616	48.1737	0	0	0	
2024-06-18 12:54:50	1026	2611	1	0	0	2	9	0	0	0	9	0	0	1.75	9	0	0	0	9	0	0	0.216		100.055	50.2748	0.705986	0	7.05596	0.211768	11.0835	1		0.0088623	12.0616	49.2132	0	0	0	
2024-06-18 13:02:41	1080	2612	1	0	0	7	29	0	0	0	29	0	0	0	29	0	0	0	29	0	0	6.061		100.05	51.1931	0.0401563	0	0.40136	0.109288	17.6528	1		0.0088623	12.0616	47.9138	0	0	0	
2024-06-18 12:51:09	1001	2613	1	0	0	0	1	0	0	0	1	0	0	3	1	0	0	0	1	0	0	2.598		100.064	50.1411	0.0753368	0	0.75289	0.39121	14.1916	1		0.0088623	12.0616	51.2924	0	0	0	
2024-06-18 12:55:51	1033	2614	5	0	0	3	13	0	0	0	13	0	0	7	13	0	0	0	13	0	0	3.464		100.054	50.9575	0.0593792	0	0.593472	0.155134	14.9156	1		0	12.0616	48.9533	0	0	0	
2024-06-18 13:00:47	1067	2615	5	0	0	6	25	0	0	0	25	0	0	7.75	25	0	0	0	25	0	0	1.515		100.045	51.0691	0.135383	0	1.35322	0.160759	14.8795	1		0.0088623	12.0616	48.0437	0	0	0	
2024-06-18 13:01:04	1069	2616	9	0	0	6	25	0	0	0	25	0	0	6.5	25	0	0	0	25	0	0	0.433		100.047	51.0348	0.501068	0	5.00833	0.290482	15.7341	1		0.0088623	12.0616	48.0437	0	0	0	
2024-06-18 13:04:26	1092	2617	1	0	0	7.75	32	0	0	0	32	0	0	0.75	32	0	0	0	32	0	0	6.061		100.042	51.3728	0.036705	0	0.366896	0.183016	16.1369	1		0.0088623	12.0616	47.9138	0	0	0	
2024-06-18 12:59:08	1056	2618	1	0	0	5	21	0	0	0	21	0	0	3.75	21	0	0	0	21	0	0	1.082		100.049	51.2613	0.185733	0	1.85642	0.272062	14.5803	1		0.0088623	12.0616	48.3036	0	0	0	
2024-06-18 12:55:43	1032	2619	1	0	0	3	13	0	0	0	13	0	0	0.5	13	0	0	0	13	0	0	2.165		100.054	51.0451	0.0866147	0	0.865682	0.0647408	13.5981	1		0	12.0616	48.9533	0	0	0	
2024-06-18 12:53:09	1014	2620	5	0	0	1	5	0	0	0	5	0	0	1.5	5	0	0	0	5	0	0	0.433		100.057	49.7067	0.444179	0	4.43926	0.133314	13.9463	1		0.0088623	12.0616	49.9929	0	0	0	
2024-06-18 13:13:14	1153	2621	1	0	0	2	9	0	0	5.75	9	0	0	3.25	9	0	0	4.5	9	0	0	0.649		100.049	19.0928	0.164836	0	1.64756	0.456207	12.9399	1		0.0088623	12.0616	48.0437	0	0	0	
2024-06-18 12:58:24	1051	2622	5	0	0	4	17	0	0	0	17	0	0	1.75	17	0	0	0	17	0	0	1.948		100.051	51.0015	0.0955907	0	0.955419	0.113824	13.5069	1		0.0088623	12.0616	48.4336	0	0	0	
2024-06-18 13:07:57	1116	2623	1	0	0	2.5	11	0	0	0	11	0	0	3.25	11	0	0	0	11	0	0	0.649		100.049	52.0167	0.302748	0	3.026	0.126656	14.2597	1		0.0088623	12.0616	47.9138	0	0	0	
2024-06-18 13:04:08	1090	2624	5	0	0	7.75	32	0	0	0	32	0	0	5.5	32	0	0	0	32	0	0	1.948		100.045	51.4575	0.0998916	0	0.998471	0.0644614	14.1155	1		0	12.0616	47.9138	0	0	0	
2024-06-18 13:04:42	1094	2625	5	0	0	7.75	32	0	0	0	32	0	0	4.25	32	0	0	0	32	0	0	3.031		100.045	51.2946	0.0638979	0	0.638694	0.0923898	14.0456	1		0.0088623	12.0616	47.9138	0	0	0	
2024-06-18 13:01:48	1074	2626	1	0	0	6	25	0	0	0	25	0	0	1.5	25	0	0	0	25	0	0	3.897		100.05	51.6009	0.0598766	0	0.598468	0.711091	16.9213	1		0	12.0439	48.0437	0	0	0	
2024-06-18 12:57:25	1044	2627	5	0	0	4	17	0	0	0	17	0	0	5	17	0	0	0	17	0	0	0.866		100.052	50.9992	0.243674	0	2.43547	0.150556	15.3025	1		0.0088623	12.0616	48.5635	0	0	0	
2024-06-18 12:57:25	1044	2628	1	0	0	4	17	0	0	0	17	0	0	3.75	17	0	0	0	17	0	0	0.216		100.052	50.9992	0.794547	0	7.94135	0.280301	12.4742	1		0.0088623	12.0616	48.5635	0	0	0	
2024-06-18 12:51:30	1003	2629	5	0	0	0	1	0	0	0	1	0	0	1.25	1	0	0	0	1	0	0	1.082		100.054	49.7564	0.177915	0	1.77819	0.279575	13.9659	1		0.0088623	12.0616	50.9025	0	0	0	
2024-06-18 12:54:17	1022	2630	9	0	0	2	9	0	0	0	9	0	0	5.5	9	0	0	0	9	0	0	3.031		100.052	50.1521	0.104263	0	1.0421	0.619255	22.9169	1		0.0088623	12.0616	49.4731	0	0	0	
2024-06-18 12:53:42	1018	2631	5	0	0	2	9	0	0	0	9	0	0	4.25	9	0	0	0	9	0	0	1.948		100.059	50.5703	0.0987395	0	0.986814	0.123425	13.9508	1		0.0088623	12.0439	49.733	0	0	0	
2024-06-18 13:03:42	1087	2632	1	0	0	7	29	0	0	0	29	0	0	3.25	29	0	0	0	29	0	0	3.247		100.044	51.4083	0.0618127	0	0.617857	0.00537917	14.5579	1		0	12.0616	47.9138	0	0	0	
2024-06-18 12:52:15	1008	2633	1	0	0	1	5	0	0	0	5	0	0	2.75	5	0	0	0	5	0	0	1.515		100.053	49.7553	0.120124	0	1.20061	0.0287536	13.2014	1		0.0088623	12.0616	50.5127	0	0	0	
2024-06-18 12:50:00	994	2634	5	0	0	0	1	0	0	0	1	0	0	7	1	0	0	0	1	0	0	6.061		100.057	50.1426	0.0396937	0	0.39671	0.197284	17.4482	2		0.0088623	12.0616	52.4619	0	0	0	
2024-06-18 13:00:09	1063	2635	1	0	0	5	21	0	0	0	21	0	0	1.25	21	0	0	0	21	0	0	3.247		100.051	51.6757	0.0664981	0	0.664643	0.304036	15.6603	1		0.0088623	12.0616	48.1737	0	0	0	
2024-06-18 12:54:41	1025	2636	1	0	0	2	9	0	0	0	9	0	0	1	9	0	0	0	9	0	0	0.866		100.055	50.6506	0.215029	0	2.14911	0.0376599	13.5032	1		0.0088623	12.0616	49.3432	0	0	0	
2024-06-18 12:56:08	1035	2637	9	0	0	3	13	0	0	0	13	0	0	7.5	13	0	0	0	13	0	0	3.897		100.053	51.0185	0.0530883	0	0.530603	0.175796	15.0024	1		0.0088623	12.0616	48.8234	0	0	0	
2024-06-18 12:56:00	1034	2638	5	0	0	3	13	0	0	0	13	0	0	6.25	13	0	0	0	13	0	0	2.814		100.055	50.9801	0.072528	0	0.724881	0.014086	14.8023	1		0	12.0616	48.8234	0	0	0	
2024-06-18 13:02:50	1081	2639	5	0	0	7	29	0	0	0	29	0	0	7.25	29	0	0	0	29	0	0	0.216		100.049	51.2393	0.711768	0	7.11419	0.877617	11.1749	1		0.0088623	12.0616	47.7838	0	0	0	
2024-06-18 12:51:48	1005	2640	5	0	0	1	5	0	0	0	5	0	0	6.75	5	0	0	0	5	0	0	4.979		100.05	49.77	0.0500797	0	0.500549	0.365694	18.084	1		0.0088623	12.0616	50.7726	0	0	0	
2024-06-18 13:01:11	1070	2641	9	0	0	6	25	0	0	0	25	0	0	5.75	25	0	0	0	25	0	0	0.216		100.048	51.5236	0.778076	0	7.77705	0.280854	12.2162	1		0.0088623	12.0439	48.0437	0	0	0	
2024-06-18 13:00:39	1066	2642	9	0	0	6	25	0	0	0	25	0	0	4.5	25	0	0	0	25	0	0	1.299		100.047	51.1236	0.156846	0	1.56773	0.256883	14.7755	1		0.0088623	12.0616	48.0437	0	0	0	
2024-06-18 13:03:59	1089	2643	1	0	0	7.75	32	0	0	0	32	0	0	0	32	0	0	0	32	0	0	6.711		100.041	51.5052	0.0342426	0	0.342286	0.277972	16.6675	1		0	12.0616	47.9138	0	0	0	
2024-06-18 12:58:59	1055	2644	1	0	0	5	21	0	0	0	21	0	0	3	21	0	0	0	21	0	0	1.732		100.052	51.6941	0.108268	0	1.08212	0.0707186	13.5983	1		0.0088623	12.0616	48.3036	0	0	0	
2024-06-18 12:52:51	1012	2645	5	0	0	1	5	0	0	0	5	0	0	0.75	5	0	0	0	5	0	0	0.216		100.058	49.9816	0.718504	0	7.18089	0.168711	11.2797	1		0.0088623	12.0616	50.2528	0	0	0	
2024-06-18 13:09:48	1129	2646	1	0	0	5.75	24	0	0	0	24	0	0	2	24	0	0	0	24	0	0	3.247		100.045	52.0673	0.0661544	0	0.661249	0.192379	15.5803	1		0.0088623	12.0616	47.9138	0	0	0	
2024-06-18 12:58:24	1051	2647	1	0	0	4	17	0	0	0	17	0	0	1	17	0	0	0	17	0	0	2.598		100.051	51.0015	0.0732688	0	0.732314	0.101323	13.8038	1		0.0088623	12.0616	48.4336	0	0	0	
2024-06-18 13:05:08	1097	2648	1	0	0	7.75	32	0	0	0	32	0	0	3.5	32	0	0	0	32	0	0	3.68		100.048	51.9697	0.0525583	0	0.52533	0.297283	14.0282	1		0.0088623	12.0439	47.9138	0	0	0	
2024-06-18 13:00:39	1066	2649	1	0	0	6	25	0	0	0	25	0	0	0.75	25	0	0	0	25	0	0	4.546		100.047	51.1236	0.0533273	0	0.533024	0.0615068	17.5827	1		0.0088623	12.0616	48.0437	0	0	0	
2024-06-18 12:57:42	1046	2650	1	0	0	4	17	0	0	0	17	0	0	3	17	0	0	0	17	0	0	0.866		100.054	50.9342	0.232591	0	2.32466	0.0986619	14.6063	1		0.0088623	12.0616	48.4336	0	0	0	
2024-06-18 12:51:02	1000	2651	1	0	0	0	1	0	0	0	1	0	0	0.5	1	0	0	0	1	0	0	0.433		100.063	49.8984	0.445296	0	4.45018	0.198482	13.9807	1		0.0088623	12.0616	51.2924	0	0	0	
2024-06-18 13:12:16	1147	2652	1	0	0	3.5	15	0	0	4.25	15	0	0	2.75	15	0	0	5	15	0	0	0.389		100.054	18.4082	0.306628	0	3.06461	0.428086	14.4417	1		0.0088623	12.0616	48.0437	0	0	0	
2024-06-18 12:54:09	1021	2653	1	0	0	2	9	0	0	0	9	0	0	3.5	9	0	0	0	9	0	0	1.299		100.048	50.1582	0.147684	0	1.47614	0.0799036	13.9123	1		0.0088623	12.0616	49.4731	0	0	0	
2024-06-18 13:02:15	1077	2654	1	0	0	7	29	0	0	0	29	0	0	2.5	29	0	0	0	29	0	0	3.897		100.046	51.3547	0.0555812	0	0.555553	0.488625	15.7079	1		0.0088623	12.0616	47.9138	0	0	0	
2024-06-18 13:02:33	1079	2655	1	0	0	7	29	0	0	0	29	0	0	2	29	0	0	0	29	0	0	4.33		100.046	51.1878	0.050466	0	0.504429	0.107447	15.8471	1		0.0088623	12.0616	47.9138	0	0	0	
2024-06-18 12:50:53	999	2656	5	0	0	0	1	0	0	0	1	0	0	7.5	1	0	0	0	1	0	0	6.494		100.063	50.1534	0.037005	0	0.369818	0.122049	17.4272	1		0	12.0616	51.4223	0	0	0	
2024-06-18 12:49:38	992	2657	9	0	0	0	1	0	0	0	1	0	0	6.25	1	0	0	0	1	0	0	5.412		100.055	50.2905	0.0436113	0	0.435874	0.683854	17.1167	1		0.0088623	12.0173	52.3319	0	0	0	
2024-06-18 12:58:34	1052	2658	1	0	0	5	21	0	0	0	21	0	0	0.5	21	0	0	0	21	0	0	3.897		100.046	51.259	0.0584565	0	0.584294	0.336912	16.5205	1		0	12.0616	48.3036	0	0	0	
2024-06-18 13:10:38	1135	2659	1	0	0	1.25	6	0	0	0	6	0	0	0.5	6	0	0	0	6	0	0	0.649		100.046	51.8948	0.307467	0	3.07326	0.0611941	14.4824	1		0	12.0616	47.9138	0	0	0	
2024-06-18 12:58:59	1055	2660	9	0	0	5	21	0	0	0	21	0	0	7	21	0	0	0	21	0	0	1.732		100.052	51.6941	0.114775	0	1.14716	0.0436687	14.4156	1		0.0088623	12.0616	48.3036	0	0	0	
2024-06-18 12:54:00	1020	2661	1	0	0	2	9	0	0	0	9	0	0	0.25	9	0	0	0	9	0	0	1.515		100.054	50.2112	0.123215	0	1.23148	0.289266	13.5409	1		0.0088623	12.0616	49.3432	0	0	0	
2024-06-18 12:57:35	1045	2662	9	0	0	4	17	0	0	0	17	0	0	7	17	0	0	0	17	0	0	2.598		100.054	50.4809	0.0766414	0	0.766001	0.108808	14.4388	1		0	12.0616	48.4336	0	0	0	
2024-06-18 12:55:25	1030	2663	5	0	0	3	13	0	0	0	13	0	0	5.5	13	0	0	0	13	0	0	2.165		100.054	51.0096	0.0916239	0	0.915747	0.0882866	14.3845	1		0.0088623	12.0616	48.9533	0	0	0	
2024-06-18 12:56:08	1035	2664	5	0	0	3	13	0	0	0	13	0	0	4.25	13	0	0	0	13	0	0	1.082		100.053	51.0185	0.182063	0	1.81967	0.259417	14.2917	1		0.0088623	12.0616	48.8234	0	0	0	
2024-06-18 13:02:33	1079	2665	5	0	0	7	29	0	0	0	29	0	0	7.75	29	0	0	0	29	0	0	0.649		100.046	51.1878	0.337546	0	3.37392	0.374637	15.8992	1		0.0088623	12.0616	47.9138	0	0	0	
2024-06-18 13:02:15	1077	2666	9	0	0	7	29	0	0	0	29	0	0	6.5	29	0	0	0	29	0	0	0.433		100.046	51.3547	0.478429	0	4.78207	0.535347	15.0233	1		0.0088623	12.0616	47.9138	0	0	0	
2024-06-18 12:52:15	1008	2667	9	0	0	1	5	0	0	0	5	0	0	6	5	0	0	0	5	0	0	4.33		100.053	49.7553	0.0566342	0	0.566042	0.22148	17.7827	1		0.0088623	12.0616	50.5127	0	0	0	
2024-06-18 12:51:48	1005	2668	9	0	0	1	5	0	0	0	5	0	0	4.75	5	0	0	0	5	0	0	3.247		100.05	49.77	0.0672257	0	0.671924	0.789255	15.8318	1		0.0088623	12.0616	50.7726	0	0	0	
2024-06-18 13:08:14	1118	2669	9	0	0	4.75	20	0	0	0	20	0	0	5	20	0	0	0	20	0	0	0.216		100.049	52.2518	0.745227	0	7.44861	0.290672	11.7002	1		0	12.0439	47.9138	0	0	0	
2024-06-18 13:00:55	1068	2670	5	0	0	6	25	0	0	0	25	0	0	5	25	0	0	0	25	0	0	0.866		100.046	51.0688	0.243855	0	2.43743	0.281362	15.3148	1		0.0088623	12.0439	47.9138	0	0	0	
2024-06-18 13:00:25	1065	2671	1	0	0	6	25	0	0	0	25	0	0	3.75	25	0	0	0	25	0	0	1.948		100.047	51.3355	0.101645	0	1.01597	0.107454	14.3629	2		0.0088623	12.0439	48.1737	0	0	0	
2024-06-18 12:53:00	1013	2672	5	0	0	1	5	0	0	0	5	0	0	0	5	0	0	0	5	0	0	0.866		100.055	49.7175	0.230586	0	2.30458	0.0282469	14.4801	1		0.0088623	12.0616	49.9929	0	0	0	
2024-06-18 13:06:57	1109	2673	9	0	0	0.75	4	0	0	0	4	0	0	7	4	0	0	0	4	0	0	5.412		100.046	52.0782	0.0431639	0	0.431439	0.329903	16.9426	1		0.0088623	12.0616	47.9138	0	0	0	
2024-06-18 12:58:16	1050	2674	5	0	0	4	17	0	0	0	17	0	0	0.25	17	0	0	0	17	0	0	3.247		100.053	50.8915	0.0604936	0	0.604613	0.155949	14.2458	1		0	12.0616	48.4336	0	0	0	
2024-06-18 13:05:18	1098	2675	5	0	0	7.75	32	0	0	0	32	0	0	2.75	32	0	0	0	32	0	0	4.33		100.045	51.5787	0.0468414	0	0.468203	0.38662	14.709	1		0.0088623	12.0616	47.7838	0	0	0	
2024-06-18 13:00:55	1068	2676	1	0	0	6	25	0	0	0	25	0	0	0	25	0	0	0	25	0	0	5.195		100.046	51.0688	0.0492881	0	0.492656	0.152264	18.5727	1		0.0088623	12.0439	47.9138	0	0	0	
2024-06-18 12:54:41	1025	2677	5	0	0	2	9	0	0	0	9	0	0	2.75	9	0	0	0	9	0	0	0.649		100.055	50.6506	0.305611	0	3.05443	0.17671	14.3936	1		0.0088623	12.0616	49.3432	0	0	0	
2024-06-18 13:02:07	1076	2678	1	0	0	7	29	0	0	0	29	0	0	1.25	29	0	0	0	29	0	0	4.979		100.048	51.3686	0.0478506	0	0.478275	0.498249	17.2793	1		0.0088623	12.0616	47.9138	0	0	0	
2024-06-18 12:49:52	993	2679	9	0	0	0	1	0	0	0	1	0	0	5.5	1	0	0	0	1	0	0	4.762		100.062	50.233	0.0601024	0	0.600653	0.115388	20.7571	1		0.0088623	12.0616	52.3319	0	0	0	
2024-06-18 12:50:21	996	2680	9	0	0	0	1	0	0	0	1	0	0	4.25	1	0	0	0	1	0	0	3.68		100.057	49.7391	0.0565538	0	0.565218	0.0695382	15.0933	4		0.0088623	12.0616	51.9421	0	0	0	
