Time	MeasID	DPID	Channel	A(x)	A(y)	A(z)	A(adr)	B(x)	B(y)	B(z)	B(adr)	M(x)	M(y)	M(z)	M(adr)	N(x)	N(y)	N(z)	N(adr)	F(x)	F(y)	F(z)	Note	I(mA)	Uout(V)	U(V)	SP(V)	R(Ohm)	Var(%)	Rho-a(Ohm-m)	Cycles	IP Delay Window(mV/V)	Pint(V)	Pext(V)	T int(deg C)	T log(deg C)	Latitude	Longitude
2024-06-11 04:33:56	436	671	1	0	0	7.75	32	0	0	0	32	0	0	2	32	0	0	0	32	0	0	4.979		99.8994	48.1596	0.0423408	0	0.423834	0.198247	15.3124	1		0	12.0616	34.9192	0	0	0	
2024-06-11 04:28:24	396	672	9	0	0	5	21	0	0	0	21	0	0	7.5	21	0	0	0	21	0	0	2.165		99.9044	48.5077	0.103577	0	1.03676	0.0819994	16.2854	2		0	12.0705	35.439	0	0	0	
2024-06-11 04:29:04	400	673	5	0	0	5	21	0	0	0	21	0	0	6.25	21	0	0	0	21	0	0	1.082		99.9044	48.5253	0.263476	0	2.63728	0.91786	20.7132	1		0	12.0705	35.439	0	0	0	
2024-06-11 04:25:20	372	674	1	0	0	3	13	0	0	0	13	0	0	1.75	13	0	0	0	13	0	0	1.082		99.9098	48.3268	0.199415	0	1.99596	0.741683	15.6762	1		0	12.0705	36.3486	0	0	0	
2024-06-11 04:33:30	433	675	9	0	0	7.75	32	0	0	0	32	0	0	6.75	32	0	0	0	32	0	0	0.866		99.9016	48.1219	0.283049	0	2.83328	0.0865741	17.802	2		0	12.0705	34.9192	0	0	0	
2024-06-11 04:40:20	480	676	1	0	0	3.25	14	0	0	0	14	0	0	2.5	14	0	0	0	14	0	0	0.649		99.902	47.5812	0.367938	0	3.68299	0.226907	17.3557	2		0	12.0705	34.9192	0	0	0	
2024-06-11 04:26:52	384	677	5	0	0	4	17	0	0	0	17	0	0	7.5	17	0	0	0	17	0	0	3.031		99.9064	47.7629	0.064118	0	0.64178	0.10111	14.1135	1		0	12.0705	35.8288	0	0	0	
2024-06-11 04:26:52	384	678	9	0	0	4	17	0	0	0	17	0	0	6.25	17	0	0	0	17	0	0	1.948		99.9064	47.7629	0.100811	0	1.00906	0.214928	14.2652	1		0	12.0705	35.8288	0	0	0	
2024-06-11 04:26:15	379	679	5	0	0	3	13	0	0	0	13	0	0	3.5	13	0	0	0	13	0	0	0.433		99.9093	48.328	0.577597	0	5.78122	0.649636	18.1622	1		0	12.0705	35.9588	0	0	0	
2024-06-11 04:24:18	364	680	9	0	0	2	9	0	0	0	9	0	0	6.75	9	0	0	0	9	0	0	4.113		99.9128	47.7699	0.0504965	0	0.505406	0.0257451	15.0839	1		0	12.0705	36.7384	0	0	0	
2024-06-11 04:32:18	423	681	9	0	0	7	29	0	0	0	29	0	0	5.75	29	0	0	0	29	0	0	1.082		99.9	47.7728	0.241435	0	2.41677	0.524542	18.9813	1		0	12.0705	35.0491	0	0	0	
2024-06-11 04:31:43	419	682	9	0	0	7	29	0	0	0	29	0	0	4.5	29	0	0	0	29	0	0	2.165		99.9002	47.6732	0.0950789	0	0.951739	0.0428386	14.9499	2		0	12.0705	35.0491	0	0	0	
2024-06-11 04:21:50	346	683	5	0	0	1	5	0	0	0	5	0	0	5.25	5	0	0	0	5	0	0	3.68		99.9102	48.0274	0.0656079	0	0.656669	0.194076	17.5354	2		0	12.0705	38.2978	0	0	0	
2024-06-11 04:22:51	353	684	9	0	0	1	5	0	0	0	5	0	0	4	5	0	0	0	5	0	0	2.598		99.9093	47.9349	0.0800028	0	0.800754	0.0210066	15.0939	1		0	12.0705	37.5181	0	0	0	
2024-06-11 04:38:31	468	685	1	0	0	4.75	20	0	0	0	20	0	0	3	20	0	0	0	20	0	0	1.515		99.8998	47.6089	0.13418	0	1.34314	0.950705	14.7686	3		0	12.0705	34.9192	0	0	0	
2024-06-11 04:31:28	417	686	1	0	0	6	25	0	0	0	25	0	0	3	25	0	0	0	25	0	0	2.598		99.8987	47.8994	0.0771046	0	0.771828	0.398966	14.5486	1		0	12.0705	35.0491	0	0	0	
2024-06-11 04:24:56	369	687	5	0	0	2	9	0	0	0	9	0	0	2.25	9	0	0	0	9	0	0	0.216		99.9075	47.7744	0.987311	0	9.88225	0.624854	15.523	1		0	12.0705	36.4785	0	0	0	
2024-06-11 04:31:53	420	688	1	0	0	7	29	0	0	0	29	0	0	0.5	29	0	0	0	29	0	0	5.628		99.8984	47.7098	0.0417649	0	0.418074	0.625696	17.0744	1		0	12.0705	35.0491	0	0	0	
2024-06-11 04:21:18	342	689	1	0	0	0	1	0	0	0	1	0	0	3.5	1	0	0	0	1	0	0	3.031		99.9168	48.5861	0.0708486	0	0.709076	0.141027	15.5934	1		0	12.0705	38.6876	0	0	0	
2024-06-11 04:40:13	479	690	1	0	0	1.75	8	0	0	0	8	0	0	0	8	0	0	0	8	0	0	1.515		99.8995	47.7627	0.131711	0	1.31843	0.791707	14.4969	1		0	12.0616	34.9192	0	0	0	
2024-06-11 04:30:49	412	691	9	0	0	6	25	0	0	0	25	0	0	7	25	0	0	0	25	0	0	0.866		99.9009	47.9429	0.293633	0	2.93925	0.84899	18.4678	1		0	12.0705	35.1791	0	0	0	
2024-06-11 04:39:25	473	692	1	0	0	6.5	27	0	0	0	27	0	0	1.25	27	0	0	0	27	0	0	4.546		99.9072	47.9938	0.0621295	0	0.621872	0.576728	20.5135	1		0	12.0705	34.9192	0	0	0	
2024-06-11 04:33:09	430	693	1	0	0	7.75	32	0	0	0	32	0	0	1.25	32	0	0	0	32	0	0	5.628		99.9011	48.1971	0.0387863	0	0.388247	0.540308	15.8563	1		0	12.0705	34.9192	0	0	0	
2024-06-11 04:28:44	398	694	5	0	0	5	21	0	0	0	21	0	0	5.5	21	0	0	0	21	0	0	0.433		99.9007	48.5005	0.904296	0	9.05195	0.26625	28.4375	2		0	12.0705	35.439	0	0	0	
2024-06-11 04:28:34	397	695	5	0	0	5	21	0	0	0	21	0	0	4.25	21	0	0	0	21	0	0	0.649		99.9011	48.5018	0.412125	0	4.12534	0.176948	19.4402	2		0	12.0616	35.439	0	0	0	
2024-06-11 04:25:35	374	696	1	0	0	3	13	0	0	0	13	0	0	1	13	0	0	0	13	0	0	1.732		99.911	48.368	0.116324	0	1.16427	0.470219	14.6307	1		0	12.0705	36.2187	0	0	0	
2024-06-11 04:23:19	357	697	1	0	0	1	5	0	0	0	5	0	0	2	5	0	0	0	5	0	0	0.866		99.9085	47.9275	0.257329	0	2.57565	0.459563	16.1833	1		0	12.0705	37.2582	0	0	0	
2024-06-11 04:35:34	448	698	9	0	0	1.75	8	0	0	0	8	0	0	6	8	0	0	0	8	0	0	3.68		99.9007	47.8291	0.0606613	0	0.607216	0.440853	16.2148	1		0	12.0705	34.9192	0	0	0	
2024-06-11 04:27:49	392	699	5	0	0	4	17	0	0	0	17	0	0	2.25	17	0	0	0	17	0	0	1.515		99.9053	47.6518	0.128992	0	1.29114	0.144805	14.1969	1		0	11.973	35.6989	0	0	0	
2024-06-11 04:33:56	436	700	9	0	0	7.75	32	0	0	0	32	0	0	6	32	0	0	0	32	0	0	1.515		99.8994	48.1596	0.156128	0	1.56285	0.302004	17.1844	1		0	12.0616	34.9192	0	0	0	
2024-06-11 04:33:48	435	701	9	0	0	7.75	32	0	0	0	32	0	0	4.75	32	0	0	0	32	0	0	2.598		99.9003	48.166	0.0853342	0	0.854193	0.00972648	16.1012	1		0	12.0705	34.9192	0	0	0	
2024-06-11 04:31:14	415	702	5	0	0	6	25	0	0	0	25	0	0	2	25	0	0	0	25	0	0	3.464		99.8983	47.9029	0.0621467	0	0.622099	0.278864	15.6351	1		0	12.0705	35.1791	0	0	0	
2024-06-11 04:27:13	387	703	9	0	0	4	17	0	0	0	17	0	0	5.5	17	0	0	0	17	0	0	1.299		99.9083	47.6671	0.188461	0	1.88634	0.361787	17.7783	1		0	12.0616	35.6989	0	0	0	
2024-06-11 04:27:28	389	704	5	0	0	4	17	0	0	0	17	0	0	4.25	17	0	0	0	17	0	0	0.216		99.9038	47.6722	0.867755	0	8.68591	0.465027	13.6438	1		0	12.0705	35.6989	0	0	0	
2024-06-11 04:21:26	343	705	1	0	0	0	1	0	0	0	1	0	0	1.75	1	0	0	0	1	0	0	1.515		99.9159	48.5544	0.130011	0	1.30121	0.572079	14.3075	1		0	12.0705	38.5577	0	0	0	
2024-06-11 04:41:33	488	706	1	0	0	3.75	16	0	0	4	16	0	0	3.5	16	0	0	4.25	16	0	0	0.13		99.902	18.8971	0.714987	0	7.15688	0.301143	11.242	1		0	12.0616	34.9192	0	0	0	
2024-06-11 04:26:23	380	707	5	0	0	3	13	0	0	0	13	0	0	2.75	13	0	0	0	13	0	0	0.216		99.9126	48.3145	0.998669	0	9.99543	0.798699	15.7008	1		0	12.0705	35.9588	0	0	0	
2024-06-11 04:23:53	361	708	5	0	0	2	9	0	0	0	9	0	0	6	9	0	0	0	9	0	0	3.464		99.9066	47.8603	0.0667397	0	0.668021	0.401176	16.7892	1		0	12.0616	36.7384	0	0	0	
2024-06-11 04:24:00	362	709	9	0	0	2	9	0	0	0	9	0	0	4.75	9	0	0	0	9	0	0	2.381		99.9133	47.8409	0.0901752	0	0.902535	0.181077	15.5947	1		0	12.0705	36.8684	0	0	0	
2024-06-11 04:32:11	422	710	9	0	0	7	29	0	0	0	29	0	0	5	29	0	0	0	29	0	0	1.732		99.899	47.6916	0.135655	0	1.35792	0.541761	17.0642	1		0	11.973	35.0491	0	0	0	
2024-06-11 04:31:43	419	711	1	0	0	7	29	0	0	0	29	0	0	3.75	29	0	0	0	29	0	0	2.814		99.9002	47.6732	0.069431	0	0.695003	0.00639821	14.1922	2		0	12.0705	35.0491	0	0	0	
2024-06-11 04:22:00	347	712	1	0	0	1	5	0	0	0	5	0	0	3.25	5	0	0	0	5	0	0	1.948		99.9152	48.0253	0.102959	0	1.03047	0.499618	14.5679	1		0	12.0705	38.0379	0	0	0	
2024-06-11 04:35:07	445	713	9	0	0	2.75	12	0	0	0	12	0	0	5	12	0	0	0	12	0	0	1.948		99.9013	47.3287	0.106489	0	1.06594	0.288011	15.0694	2		0	12.0705	34.9192	0	0	0	
2024-06-11 04:28:44	398	714	1	0	0	5	21	0	0	0	21	0	0	1.75	21	0	0	0	21	0	0	2.814		99.9007	48.5005	0.0712605	0	0.713313	0.0827834	14.5661	2		0	12.0705	35.439	0	0	0	
2024-06-11 04:23:47	360	715	1	0	0	2	9	0	0	0	9	0	0	1.5	9	0	0	0	9	0	0	0.433		99.9094	47.8193	0.547725	0	5.48222	0.81038	17.2229	1		0	12.0705	36.9983	0	0	0	
2024-06-11 04:21:43	345	716	1	0	0	0	1	0	0	0	1	0	0	2.75	1	0	0	0	1	0	0	2.381		99.9113	48.3921	0.116126	0	1.16229	0.874238	20.0829	1		0	12.0705	38.4277	0	0	0	
2024-06-11 04:34:59	444	717	9	0	0	3.25	14	0	0	0	14	0	0	4.5	14	0	0	0	14	0	0	1.082		99.9024	47.8198	0.199007	0	1.99201	0.565113	15.6452	1		0	12.0616	34.9192	0	0	0	
2024-06-11 04:25:35	374	718	5	0	0	3	13	0	0	0	13	0	0	6.75	13	0	0	0	13	0	0	3.247		99.911	48.368	0.0628145	0	0.628705	0.231684	14.8135	1		0	12.0705	36.2187	0	0	0	
2024-06-11 04:22:34	351	719	9	0	0	1	5	0	0	0	5	0	0	7.25	5	0	0	0	5	0	0	5.412		99.912	47.9159	0.0660685	0	0.661267	0.529336	25.9679	2		0	12.0616	37.778	0	0	0	
2024-06-11 04:30:18	409	720	5	0	0	6	25	0	0	0	25	0	0	7.5	25	0	0	0	25	0	0	1.299		99.9001	47.8401	0.179192	0	1.79371	0.0324995	16.9054	2		0	12.0705	35.1791	0	0	0	
2024-06-11 04:30:28	410	721	5	0	0	6	25	0	0	0	25	0	0	6.25	25	0	0	0	25	0	0	0.216		99.8956	47.8532	1.07252	0	10.7364	0.233658	16.8648	2		0	12.0705	35.1791	0	0	0	
2024-06-11 04:34:32	441	722	1	0	0	7.75	32	0	0	0	32	0	0	0.5	32	0	0	0	32	0	0	6.278		99.9024	48.2071	0.0368456	0	0.368816	0.116335	16.8007	1		0	12.0705	34.9192	0	0	0	
2024-06-11 04:28:54	399	723	1	0	0	5	21	0	0	0	21	0	0	3.5	21	0	0	0	21	0	0	1.299		99.902	48.4693	0.159752	0	1.59909	0.155008	15.071	2		0	12.0616	35.439	0	0	0	
2024-06-11 04:25:53	376	724	1	0	0	3	13	0	0	0	13	0	0	0.25	13	0	0	0	13	0	0	2.381		99.9082	48.3687	0.0810617	0	0.811361	0.146293	14.0193	1		0	12.0705	35.9588	0	0	0	
2024-06-11 04:22:26	350	725	1	0	0	1	5	0	0	0	5	0	0	1.25	5	0	0	0	5	0	0	0.216		99.9139	47.9988	0.971674	0	9.72511	0.848172	15.2762	1		0	12.0705	37.778	0	0	0	
2024-06-11 04:26:44	383	726	1	0	0	4	17	0	0	0	17	0	0	1.5	17	0	0	0	17	0	0	2.165		99.9038	47.7004	0.0871041	0	0.871879	0.371177	13.6955	1		0	12.0705	35.9588	0	0	0	
2024-06-11 04:35:42	449	727	9	0	0	1.5	7	0	0	0	7	0	0	6.25	7	0	0	0	7	0	0	4.113		99.9028	47.2283	0.0530207	0	0.530723	0.932579	15.8395	1		0	12.0705	34.9192	0	0	0	
2024-06-11 04:33:23	432	728	5	0	0	7.75	32	0	0	0	32	0	0	5.25	32	0	0	0	32	0	0	2.165		99.9029	48.1848	0.108974	0	1.0908	0.163198	17.1342	1		0	12.0705	34.9192	0	0	0	
2024-06-11 04:33:23	432	729	9	0	0	7.75	32	0	0	0	32	0	0	4	32	0	0	0	32	0	0	3.247		99.9029	48.1848	0.0615594	0	0.616192	0.12131	14.5187	1		0	12.0705	34.9192	0	0	0	
2024-06-11 04:31:14	415	730	1	0	0	6	25	0	0	0	25	0	0	1.25	25	0	0	0	25	0	0	4.113		99.8983	47.9029	0.0582635	0	0.583228	0.0402289	17.4065	1		0	12.0705	35.1791	0	0	0	
2024-06-11 04:27:28	389	731	1	0	0	4	17	0	0	0	17	0	0	3.5	17	0	0	0	17	0	0	0.433		99.9038	47.6722	0.520815	0	5.21317	0.248037	16.3777	1		0	12.0705	35.6989	0	0	0	
2024-06-11 04:20:30	336	732	1	0	0	0	1	0	0	0	1	0	0	1	1	0	0	0	1	0	0	0.866		99.9174	48.8768	0.25058	0	2.50787	0.210246	15.7574	2		0	12.0705	39.5972	0	0	0	
2024-06-11 04:23:36	359	733	5	0	0	2	9	0	0	0	9	0	0	5.25	9	0	0	0	9	0	0	2.814		99.9118	47.7885	0.0808944	0	0.809659	0.131686	16.5335	2		0	12.0705	37.1283	0	0	0	
2024-06-11 04:24:00	362	734	5	0	0	2	9	0	0	0	9	0	0	4	9	0	0	0	9	0	0	1.732		99.9133	47.8409	0.118465	0	1.18568	0.0284587	14.8997	1		0	12.0705	36.8684	0	0	0	
2024-06-11 04:40:31	481	735	1	0	0	3.5	15	0	0	0	15	0	0	2.25	15	0	0	0	15	0	0	1.082		99.9033	46.9582	0.201328	0	2.01522	0.352282	15.8275	2		0	12.0705	34.9192	0	0	0	
2024-06-11 04:32:18	423	736	1	0	0	7	29	0	0	0	29	0	0	3	29	0	0	0	29	0	0	3.464		99.9	47.7728	0.0571852	0	0.572425	0.293926	14.3866	1		0	12.0705	35.0491	0	0	0	
2024-06-11 04:21:50	346	737	1	0	0	1	5	0	0	0	5	0	0	2.5	5	0	0	0	5	0	0	1.299		99.9102	48.0274	0.16709	0	1.67241	0.236945	15.7621	2		0	12.0705	38.2978	0	0	0	
2024-06-11 04:20:50	338	738	5	0	0	0	1	0	0	0	1	0	0	6.75	1	0	0	0	1	0	0	5.845		99.9195	48.7211	0.0370713	0	0.371012	0.332809	15.7352	1		0	12.0705	39.2074	0	0	0	
2024-06-11 04:36:47	457	739	1	0	0	2.75	12	0	0	0	12	0	0	3	12	0	0	0	12	0	0	0.216		99.9005	47.2601	1.01857	0	10.1959	0.250633	16.0156	2		0	11.973	34.7893	0	0	0	
2024-06-11 04:29:33	404	740	5	0	0	5	21	0	0	0	21	0	0	1	21	0	0	0	21	0	0	3.464		99.9028	48.6537	0.0599897	0	0.600481	0.495017	15.0917	1		0	12.0705	35.309	0	0	0	
2024-06-11 04:42:55	497	741	1	0	0	0.5	3	0	0	7.25	3	0	0	2.75	3	0	0	5	3	0	0	1.168		99.9033	20.8078	0.095319	0	0.954113	0.235191	13.4885	2		0	12.0705	35.0491	0	0	0	
2024-06-11 04:37:42	463	742	9	0	0	6.75	28	0	0	0	28	0	0	7	28	0	0	0	28	0	0	0.216		99.9022	47.6065	1.00725	0	10.0824	0.498702	15.8374	2		0	12.0705	34.9192	0	0	0	
2024-06-11 04:24:35	366	743	1	0	0	2	9	0	0	0	9	0	0	0.75	9	0	0	0	9	0	0	1.082		99.9109	47.7586	0.199384	0	1.99562	0.629072	15.6735	1		0.0088623	12.0705	36.6085	0	0	0	
2024-06-11 04:25:20	372	744	9	0	0	3	13	0	0	0	13	0	0	6	13	0	0	0	13	0	0	2.598		99.9098	48.3268	0.0815308	0	0.816044	0.346072	15.3821	1		0	12.0705	36.3486	0	0	0	
2024-06-11 04:25:53	376	745	5	0	0	3	13	0	0	0	13	0	0	4.75	13	0	0	0	13	0	0	1.515		99.9082	48.3687	0.142054	0	1.42184	0.25735	15.634	1		0	12.0705	35.9588	0	0	0	
2024-06-11 04:22:51	353	746	5	0	0	1	5	0	0	0	5	0	0	7.75	5	0	0	0	5	0	0	5.845		99.9093	47.9349	0.0375446	0	0.375787	0.703366	15.9377	1		0	12.0705	37.5181	0	0	0	
2024-06-11 04:22:16	349	747	5	0	0	1	5	0	0	0	5	0	0	6.5	5	0	0	0	5	0	0	4.762		99.9123	48.0197	0.0520769	0	0.521226	0.122231	18.0123	2		0	12.0705	37.908	0	0	0	
2024-06-11 04:30:28	410	748	9	0	0	6	25	0	0	0	25	0	0	5.5	25	0	0	0	25	0	0	0.433		99.8956	47.8532	0.819927	0	8.20784	0.243628	25.7857	2		0	12.0705	35.1791	0	0	0	
2024-06-11 04:29:48	406	749	9	0	0	6	25	0	0	0	25	0	0	4.25	25	0	0	0	25	0	0	1.515		99.8977	47.9294	0.141052	0	1.41197	0.495687	15.5254	2		0	12.0705	35.309	0	0	0	
2024-06-11 04:29:26	403	750	5	0	0	5	21	0	0	0	21	0	0	2.75	21	0	0	0	21	0	0	1.948		99.9008	48.5441	0.100929	0	1.0103	0.594487	14.2827	1		0	12.0616	35.309	0	0	0	
2024-06-11 04:22:58	354	751	5	0	0	1	5	0	0	0	5	0	0	0.5	5	0	0	0	5	0	0	0.433		99.9073	47.941	0.589697	0	5.90243	0.657345	18.543	1		0	12.0705	37.5181	0	0	0	
2024-06-11 04:26:59	385	752	1	0	0	4	17	0	0	0	17	0	0	0.75	17	0	0	0	17	0	0	2.814		99.9021	47.7578	0.0713416	0	0.714116	0.217854	14.5825	1		0	12.0705	35.8288	0	0	0	
2024-06-11 04:34:25	440	753	5	0	0	7.75	32	0	0	0	32	0	0	3.25	32	0	0	0	32	0	0	3.897		99.9026	48.2037	0.0518046	0	0.518551	0.0365272	14.6617	1		0	12.0616	34.9192	0	0	0	
2024-06-11 04:42:08	492	754	1	0	0	2.75	12	0	0	5	12	0	0	0.5	12	0	0	7.25	12	0	0	1.168		99.9058	20.5701	0.0981843	0	0.982769	0.290917	13.8936	2		0	12.0705	35.0491	0	0	0	
2024-06-11 04:35:49	450	755	9	0	0	1.25	6	0	0	0	6	0	0	6.5	6	0	0	0	6	0	0	4.546		99.8989	47.7069	0.0501493	0	0.502001	0.37618	16.5594	1		0	12.0705	34.9192	0	0	0	
2024-06-11 04:31:21	416	756	5	0	0	6	25	0	0	0	25	0	0	0.5	25	0	0	0	25	0	0	4.762		99.8987	47.9209	0.0584063	0	0.584655	0.205469	20.2042	1		0	12.0616	35.1791	0	0	0	
2024-06-11 04:27:57	393	757	1	0	0	4	17	0	0	0	17	0	0	2.75	17	0	0	0	17	0	0	1.082		99.9036	47.6366	0.19392	0	1.94107	0.0696223	15.2451	1		0	12.0705	35.5689	0	0	0	
2024-06-11 04:21:04	340	758	1	0	0	0	1	0	0	0	1	0	0	0.25	1	0	0	0	1	0	0	0.216		99.915	48.6075	0.945078	0	9.45882	0.923123	14.8579	1		0	12.0616	38.9475	0	0	0	
2024-06-11 04:24:41	367	759	5	0	0	2	9	0	0	0	9	0	0	3.25	9	0	0	0	9	0	0	1.082		99.9132	47.7705	0.203051	0	2.03227	0.430877	15.9614	1		0	11.973	36.6085	0	0	0	
2024-06-11 04:33:02	429	760	1	0	0	7	29	0	0	0	29	0	0	1.75	29	0	0	0	29	0	0	4.546		99.901	47.7819	0.0466439	0	0.466902	0.244175	15.4016	1		0	12.0705	35.0491	0	0	0	
2024-06-11 04:20:57	339	761	9	0	0	0	1	0	0	0	1	0	0	6	1	0	0	0	1	0	0	5.195		99.9174	48.6442	0.0494792	0	0.495201	0.0330901	18.6686	1		0	11.973	39.0775	0	0	0	
2024-06-11 04:21:04	340	762	9	0	0	0	1	0	0	0	1	0	0	4.75	1	0	0	0	1	0	0	4.113		99.915	48.6075	0.0534809	0	0.535263	0.241552	15.975	1		0	12.0616	38.9475	0	0	0	
2024-06-11 04:39:39	475	763	1	0	0	7.25	30	0	0	0	30	0	0	0.5	30	0	0	0	30	0	0	5.845		99.899	47.7049	0.0550898	0	0.551455	0.0743841	23.388	2		0	12.0705	34.9192	0	0	0	
2024-06-11 04:29:19	402	764	5	0	0	5	21	0	0	0	21	0	0	0.25	21	0	0	0	21	0	0	4.113		99.901	48.556	0.0465414	0	0.465875	0.236218	13.9041	1		0	12.0705	35.309	0	0	0	
2024-06-11 04:28:04	394	765	5	0	0	5	21	0	0	0	21	0	0	6.75	21	0	0	0	21	0	0	1.515		99.9034	48.5867	0.159659	0	1.59813	0.173049	17.5724	2		0	12.0705	35.5689	0	0	0	
2024-06-11 04:25:28	373	766	1	0	0	3	13	0	0	0	13	0	0	2.25	13	0	0	0	13	0	0	0.649		99.9088	48.4037	0.377905	0	3.7825	0.82515	17.8246	1		0	12.0705	36.2187	0	0	0	
2024-06-11 04:23:36	359	767	1	0	0	2	9	0	0	0	9	0	0	0	9	0	0	0	9	0	0	1.732		99.9118	47.7885	0.136447	0	1.36567	0.161001	17.1616	2		0	12.0705	37.1283	0	0	0	
2024-06-11 04:37:53	464	768	9	0	0	6.5	27	0	0	0	27	0	0	7.25	27	0	0	0	27	0	0	0.649		99.8996	47.7329	0.414574	0	4.14991	0.39421	19.556	2		0	12.0705	34.9192	0	0	0	
2024-06-11 04:33:30	433	769	5	0	0	7.75	32	0	0	0	32	0	0	7.25	32	0	0	0	32	0	0	0.433		99.9016	48.1219	0.572242	0	5.72806	0.158229	17.9952	2		0	12.0705	34.9192	0	0	0	
2024-06-11 04:39:49	476	770	1	0	0	7.5	31	0	0	0	31	0	0	0.25	31	0	0	0	31	0	0	6.278		99.9006	47.9161	0.0376386	0	0.376761	0.0446948	17.1626	1		0	11.973	34.9192	0	0	0	
2024-06-11 04:36:20	454	771	1	0	0	0.75	4	0	0	0	4	0	0	1	4	0	0	0	4	0	0	0.216		99.8998	48.2704	1.06306	0	10.6413	0.930128	16.7153	1		0	12.0616	34.9192	0	0	0	
2024-06-11 04:38:54	470	772	1	0	0	5.5	23	0	0	0	23	0	0	2.25	23	0	0	0	23	0	0	2.814		99.9022	47.9544	0.107454	0	1.07559	0.334165	21.964	2		0	12.0705	34.9192	0	0	0	
2024-06-11 04:26:36	382	773	9	0	0	4	17	0	0	0	17	0	0	6.75	17	0	0	0	17	0	0	2.381		99.9098	47.7348	0.0789417	0	0.79013	0.429905	13.6525	1		0	12.0705	35.9588	0	0	0	
2024-06-11 04:25:20	372	774	5	0	0	3	13	0	0	0	13	0	0	5.25	13	0	0	0	13	0	0	1.948		99.9098	48.3268	0.109542	0	1.09641	0.406495	15.5001	1		0	12.0705	36.3486	0	0	0	
2024-06-11 04:25:53	376	775	9	0	0	3	13	0	0	0	13	0	0	4	13	0	0	0	13	0	0	0.866		99.9082	48.3687	0.257576	0	2.57813	0.265945	16.1988	1		0	12.0705	35.9588	0	0	0	
2024-06-11 04:24:24	365	776	5	0	0	2	9	0	0	0	9	0	0	7.25	9	0	0	0	9	0	0	4.546		99.9127	47.7136	0.0552703	0	0.553186	0.0172072	18.2478	2		0	12.0705	36.7384	0	0	0	
2024-06-11 04:31:43	419	777	5	0	0	7	29	0	0	0	29	0	0	7.5	29	0	0	0	29	0	0	0.433		99.9002	47.6732	0.57212	0	5.72692	0.275678	17.9916	2		0	12.0705	35.0491	0	0	0	
2024-06-11 04:32:25	424	778	9	0	0	7	29	0	0	0	29	0	0	6.25	29	0	0	0	29	0	0	0.649		99.9001	47.7716	0.403753	0	4.04157	0.914356	19.0455	1		0	12.0705	35.0491	0	0	0	
2024-06-11 04:22:26	350	779	9	0	0	1	5	0	0	0	5	0	0	5.75	5	0	0	0	5	0	0	4.113		99.9139	47.9988	0.0526214	0	0.526667	0.00954453	15.7184	1		0	12.0705	37.778	0	0	0	
2024-06-11 04:22:26	350	780	5	0	0	1	5	0	0	0	5	0	0	4.5	5	0	0	0	5	0	0	3.031		99.9139	47.9988	0.0696023	0	0.696622	0.136098	15.3195	1		0	12.0705	37.778	0	0	0	
2024-06-11 04:30:18	409	781	1	0	0	6	25	0	0	0	25	0	0	3.5	25	0	0	0	25	0	0	2.165		99.9001	47.8401	0.0881936	0	0.882817	0.0518184	13.8673	2		0	12.0705	35.1791	0	0	0	
2024-06-11 04:27:06	386	782	1	0	0	4	17	0	0	0	17	0	0	0	17	0	0	0	17	0	0	3.464		99.9054	47.71	0.0608501	0	0.609078	0.287462	15.3078	1		0	12.0705	35.8288	0	0	0	
2024-06-11 04:34:25	440	783	1	0	0	7.75	32	0	0	0	32	0	0	2.5	32	0	0	0	32	0	0	4.546		99.9026	48.2037	0.0478505	0	0.478971	0.498122	15.7997	1		0	12.0616	34.9192	0	0	0	
2024-06-11 04:24:56	369	784	1	0	0	2	9	0	0	0	9	0	0	2.5	9	0	0	0	9	0	0	0.433		99.9075	47.7744	0.56787	0	5.68396	0.550033	17.8567	1		0	12.0705	36.4785	0	0	0	
2024-06-11 04:32:41	426	785	5	0	0	7	29	0	0	0	29	0	0	1	29	0	0	0	29	0	0	5.195		99.9003	47.7725	0.0418681	0	0.419098	0.303539	15.7996	1		0	12.0705	34.9192	0	0	0	
2024-06-11 04:20:22	335	786	9	0	0	0	1	0	0	0	1	0	0	5.25	1	0	0	0	1	0	0	4.546		99.9216	49.1407	0.050292	0	0.503314	0.363935	16.6027	1		0	12.0616	39.8571	0	0	0	
2024-06-11 04:20:07	334	787	9	0	0	0	1	0	0	0	1	0	0	4	1	0	0	0	1	0	0	3.464		99.9161	49.3267	0.0664781	0	0.665339	0.0871642	16.7218	2		0	12.0261	39.7272	0	0	0	
2024-06-11 04:34:17	439	788	5	0	0	7.75	32	0	0	0	32	0	0	1.75	32	0	0	0	32	0	0	5.195		99.9023	48.2705	0.041281	0	0.413214	0.223578	15.5778	1		0	12.0705	34.9192	0	0	0	
2024-06-11 04:28:54	399	789	9	0	0	5	21	0	0	0	21	0	0	6	21	0	0	0	21	0	0	0.866		99.902	48.4693	0.37562	0	3.75988	0.162018	23.624	2		0	12.0616	35.439	0	0	0	
2024-06-11 04:28:14	395	790	9	0	0	5	21	0	0	0	21	0	0	4.75	21	0	0	0	21	0	0	0.216		99.9081	48.5091	1.18211	0	11.8319	0.188994	18.5856	2		0	12.0616	35.439	0	0	0	
2024-06-11 04:26:08	378	791	5	0	0	3	13	0	0	0	13	0	0	1.5	13	0	0	0	13	0	0	1.299		99.908	48.3471	0.15863	0	1.58776	0.527078	14.9643	1		0	12.0705	35.9588	0	0	0	
2024-06-11 04:33:56	436	792	5	0	0	7.75	32	0	0	0	32	0	0	6.5	32	0	0	0	32	0	0	1.082		99.8994	48.1596	0.222054	0	2.22277	0.358134	17.4576	1		0	12.0616	34.9192	0	0	0	
2024-06-11 04:35:27	447	793	9	0	0	2.25	10	0	0	0	10	0	0	5.5	10	0	0	0	10	0	0	2.814		99.8977	47.8879	0.0893711	0	0.894626	0.797868	18.2686	1		0	12.0616	34.6593	0	0	0	
2024-06-11 04:41:58	491	794	1	0	0	3	13	0	0	4.75	13	0	0	1.25	13	0	0	6.5	13	0	0	0.908		99.9062	20.703	0.0732611	0	0.733298	0.62929	8.06304	2		0	12.0705	35.0491	0	0	0	
2024-06-11 04:26:59	385	795	9	0	0	4	17	0	0	0	17	0	0	6	17	0	0	0	17	0	0	1.732		99.9021	47.7578	0.11808	0	1.18196	0.265088	14.8529	1		0	12.0705	35.8288	0	0	0	
2024-06-11 04:27:06	386	796	5	0	0	4	17	0	0	0	17	0	0	4.75	17	0	0	0	17	0	0	0.649		99.9054	47.71	0.371658	0	3.72009	0.35131	17.5305	1		0	12.0705	35.8288	0	0	0	
2024-06-11 04:20:22	335	797	1	0	0	0	1	0	0	0	1	0	0	2.25	1	0	0	0	1	0	0	1.948		99.9216	49.1407	0.117788	0	1.17881	0.673892	16.665	1		0	12.0616	39.8571	0	0	0	
2024-06-11 04:41:47	490	798	1	0	0	3.25	14	0	0	4.5	14	0	0	2	14	0	0	5.75	14	0	0	0.649		99.9073	20.4088	0.251904	0	2.52138	0.0571501	19.8029	2		0	12.0705	35.0491	0	0	0	
2024-06-11 04:26:29	381	799	1	0	0	3	13	0	0	0	13	0	0	3.25	13	0	0	0	13	0	0	0.216		99.9091	48.3009	1.0044	0	10.0531	0.682993	15.7915	1		0	12.0705	35.9588	0	0	0	
2024-06-11 04:23:26	358	800	5	0	0	2	9	0	0	0	9	0	0	7.75	9	0	0	0	9	0	0	4.979		99.911	47.798	0.0421606	0	0.421981	0.0676834	15.2455	2		0	12.0616	37.2582	0	0	0	
2024-06-11 04:24:18	364	801	5	0	0	2	9	0	0	0	9	0	0	6.5	9	0	0	0	9	0	0	3.897		99.9128	47.7699	0.0537609	0	0.538078	0.181568	15.2138	1		0	12.0705	36.7384	0	0	0	
2024-06-11 04:32:11	422	802	5	0	0	7	29	0	0	0	29	0	0	5.5	29	0	0	0	29	0	0	1.299		99.899	47.6916	0.199877	0	2.00079	0.672768	18.857	1		0	11.973	35.0491	0	0	0	
2024-06-11 04:31:36	418	803	5	0	0	7	29	0	0	0	29	0	0	4.25	29	0	0	0	29	0	0	2.381		99.8989	47.7574	0.0836742	0	0.837589	0.126858	14.4725	1		0	12.0705	35.0491	0	0	0	
2024-06-11 04:21:50	346	804	9	0	0	1	5	0	0	0	5	0	0	5	5	0	0	0	5	0	0	3.464		99.9102	48.0274	0.0665833	0	0.666431	0.111525	16.7492	2		0	12.0705	38.2978	0	0	0	
2024-06-11 04:23:12	356	805	5	0	0	1	5	0	0	0	5	0	0	3.75	5	0	0	0	5	0	0	2.381		99.9079	47.9326	0.089021	0	0.891031	0.0107405	15.3959	1		0	12.0705	37.3882	0	0	0	
2024-06-11 04:30:08	408	806	1	0	0	6	25	0	0	0	25	0	0	2.75	25	0	0	0	25	0	0	2.814		99.9014	47.8443	0.0714464	0	0.715169	0.183291	14.604	2		0	11.973	35.1791	0	0	0	
2024-06-11 04:29:26	403	807	1	0	0	5	21	0	0	0	21	0	0	2.25	21	0	0	0	21	0	0	2.381		99.9008	48.5441	0.0800733	0	0.801528	0.418708	13.8494	1		0	12.0616	35.309	0	0	0	
2024-06-11 04:32:54	428	808	5	0	0	7	29	0	0	0	29	0	0	0.25	29	0	0	0	29	0	0	5.845		99.8966	47.7401	0.0352287	0	0.352652	0.251291	14.9565	1		0	12.0705	35.0491	0	0	0	
2024-06-11 04:21:26	343	809	5	0	0	0	1	0	0	0	1	0	0	3.25	1	0	0	0	1	0	0	2.814		99.9159	48.5544	0.0721986	0	0.722593	0.0966689	14.7556	1		0	12.0705	38.5577	0	0	0	
2024-06-11 04:25:43	375	810	5	0	0	3	13	0	0	0	13	0	0	7.25	13	0	0	0	13	0	0	3.68		99.9093	48.2709	0.0699774	0	0.700409	0.269669	18.7034	2		0	12.0616	36.2187	0	0	0	
2024-06-11 04:30:49	412	811	5	0	0	6	25	0	0	0	25	0	0	6.75	25	0	0	0	25	0	0	0.649		99.9009	47.9429	0.421043	0	4.21461	0.876729	19.8609	1		0	12.0705	35.1791	0	0	0	
2024-06-11 04:34:39	442	812	9	0	0	3.75	16	0	0	0	16	0	0	4	16	0	0	0	16	0	0	0.216		99.9031	47.672	0.867488	0	8.6833	0.0271495	13.6397	2		0	12.0705	34.9192	0	0	0	
2024-06-11 04:34:10	438	813	1	0	0	7.75	32	0	0	0	32	0	0	1	32	0	0	0	32	0	0	5.845		99.9034	48.1676	0.0372709	0	0.37307	0.219215	15.8224	1		0	12.0616	34.9192	0	0	0	
2024-06-11 04:28:34	397	814	9	0	0	5	21	0	0	0	21	0	0	5.25	21	0	0	0	21	0	0	0.216		99.9011	48.5018	1.35928	0	13.6063	0.217758	21.3727	2		0	12.0616	35.439	0	0	0	
2024-06-11 04:28:44	398	815	9	0	0	5	21	0	0	0	21	0	0	4	21	0	0	0	21	0	0	0.866		99.9007	48.5005	0.269774	0	2.70042	0.131712	16.9672	2		0	12.0705	35.439	0	0	0	
2024-06-11 04:26:08	378	816	1	0	0	3	13	0	0	0	13	0	0	0.75	13	0	0	0	13	0	0	1.948		99.908	48.3471	0.103571	0	1.03666	0.501581	14.6555	1		0	12.0705	35.9588	0	0	0	
2024-06-11 04:22:34	351	817	1	0	0	1	5	0	0	0	5	0	0	1.75	5	0	0	0	5	0	0	0.649		99.912	47.9159	0.36962	0	3.69945	0.13087	17.4333	2		0	12.0616	37.778	0	0	0	
2024-06-11 04:27:49	392	818	1	0	0	4	17	0	0	0	17	0	0	2	17	0	0	0	17	0	0	1.732		99.9053	47.6518	0.112893	0	1.13001	0.126791	14.2001	1		0	11.973	35.6989	0	0	0	
2024-06-11 04:33:16	431	819	5	0	0	7.75	32	0	0	0	32	0	0	5.75	32	0	0	0	32	0	0	1.732		99.8988	48.1925	0.136687	0	1.36825	0.450812	17.194	1		0	12.0616	34.9192	0	0	0	
2024-06-11 04:33:09	430	820	9	0	0	7.75	32	0	0	0	32	0	0	4.5	32	0	0	0	32	0	0	2.814		99.9011	48.1971	0.0746795	0	0.747534	0.301947	15.2649	1		0	12.0705	34.9192	0	0	0	
2024-06-11 04:37:08	459	821	1	0	0	2.25	10	0	0	0	10	0	0	3.5	10	0	0	0	10	0	0	1.082		99.9025	47.8775	0.205713	0	2.05914	0.733756	16.1724	1		0	12.0616	34.9192	0	0	0	
2024-06-11 04:36:13	453	822	9	0	0	0.25	2	0	0	0	2	0	0	7.5	2	0	0	0	2	0	0	6.278		99.897	47.7938	0.0345169	0	0.345525	0.468369	15.7397	1		0	12.0616	34.9192	0	0	0	
2024-06-11 04:30:57	413	823	1	0	0	6	25	0	0	0	25	0	0	1.75	25	0	0	0	25	0	0	3.68		99.9003	47.8702	0.0616436	0	0.617052	0.275769	16.4775	2		0	12.0616	35.1791	0	0	0	
2024-06-11 04:27:20	388	824	9	0	0	4	17	0	0	0	17	0	0	5.25	17	0	0	0	17	0	0	1.082		99.9069	47.6704	0.223204	0	2.23412	0.207186	17.5467	1		0	12.0705	35.6989	0	0	0	
2024-06-11 04:21:11	341	825	1	0	0	0	1	0	0	0	1	0	0	1.5	1	0	0	0	1	0	0	1.299		99.917	48.5948	0.153253	0	1.5338	0.53836	14.4558	1		0	12.0705	38.8176	0	0	0	
2024-06-11 04:26:23	380	826	1	0	0	3	13	0	0	0	13	0	0	2.5	13	0	0	0	13	0	0	0.433		99.9126	48.3145	0.585942	0	5.86454	0.641419	18.424	1		0	12.0705	35.9588	0	0	0	
2024-06-11 04:23:26	358	827	9	0	0	2	9	0	0	0	9	0	0	5.75	9	0	0	0	9	0	0	3.247		99.911	47.798	0.0661236	0	0.661824	0.0748906	15.5939	2		0	12.0616	37.2582	0	0	0	
2024-06-11 04:23:47	360	828	5	0	0	2	9	0	0	0	9	0	0	4.5	9	0	0	0	9	0	0	2.165		99.9094	47.8193	0.096991	0	0.97079	0.422383	15.2491	1		0	12.0705	36.9983	0	0	0	
2024-06-11 04:32:47	427	829	1	0	0	7	29	0	0	0	29	0	0	3.5	29	0	0	0	29	0	0	3.031		99.9019	47.7611	0.0640834	0	0.641464	0.246511	14.1065	1		0	12.0705	34.9192	0	0	0	
2024-06-11 04:23:19	357	830	5	0	0	1	5	0	0	0	5	0	0	3	5	0	0	0	5	0	0	1.732		99.9085	47.9275	0.119442	0	1.19551	0.400909	15.0232	1		0	12.0705	37.2582	0	0	0	
2024-06-11 04:20:40	337	831	9	0	0	0	1	0	0	0	1	0	0	7.25	1	0	0	0	1	0	0	6.278		99.9184	48.6976	0.0371169	0	0.371473	0.235993	16.9217	2		0	12.0705	39.3374	0	0	0	
2024-06-11 04:29:40	405	832	5	0	0	5	21	0	0	0	21	0	0	1.5	21	0	0	0	21	0	0	3.031		99.9028	48.5954	0.0620355	0	0.620958	0.224783	13.6556	1		0	12.0705	35.309	0	0	0	
2024-06-11 04:24:48	368	833	5	0	0	2	9	0	0	0	9	0	0	1.25	9	0	0	0	9	0	0	0.649		99.9125	47.768	0.356091	0	3.56403	0.58848	16.7951	1		0	12.0705	36.4785	0	0	0	
2024-06-11 04:40:07	478	834	1	0	0	1.5	7	0	0	0	7	0	0	0.25	7	0	0	0	7	0	0	1.082		99.9035	47.0869	0.193386	0	1.93573	0.95094	15.2032	1		0	12.0705	34.9192	0	0	0	
2024-06-11 04:21:18	342	835	5	0	0	0	1	0	0	0	1	0	0	2.5	1	0	0	0	1	0	0	2.165		99.9168	48.5861	0.0936752	0	0.937532	0.126521	14.7267	1		0	12.0705	38.6876	0	0	0	
2024-06-11 04:39:11	472	836	1	0	0	6.25	26	0	0	0	26	0	0	1.5	26	0	0	0	26	0	0	4.113		99.904	47.8373	0.0569088	0	0.569635	1.56702	17.0008	4		0	12.0705	34.9192	0	0	0	
2024-06-11 04:41:15	486	837	9	0	0	7.25	30	0	0	0	30	0	0	6.5	30	0	0	0	30	0	0	0.649		99.9015	47.6601	0.412231	0	4.12637	0.16631	19.4451	2		0	12.0616	35.0491	0	0	0	
2024-06-11 04:25:04	370	838	9	0	0	3	13	0	0	0	13	0	0	7.75	13	0	0	0	13	0	0	4.113		99.9098	48.3135	0.049016	0	0.490603	0.0181078	14.6421	2		0	12.0705	36.4785	0	0	0	
2024-06-11 04:25:28	373	839	5	0	0	3	13	0	0	0	13	0	0	6.5	13	0	0	0	13	0	0	3.031		99.9088	48.4037	0.0692467	0	0.693099	0.0588503	15.242	1		0	12.0705	36.2187	0	0	0	
2024-06-11 04:22:44	352	840	5	0	0	1	5	0	0	0	5	0	0	7	5	0	0	0	5	0	0	5.195		99.9144	47.9263	0.0418431	0	0.418789	0.109638	15.788	1		0	12.0705	37.5181	0	0	0	
2024-06-11 04:29:58	407	841	9	0	0	6	25	0	0	0	25	0	0	4.75	25	0	0	0	25	0	0	1.082		99.9002	47.8871	0.261131	0	2.61392	0.287998	20.5296	2		0.0088623	12.0616	35.1791	0	0	0	
2024-06-11 04:34:10	438	842	5	0	0	7.75	32	0	0	0	32	0	0	0.25	32	0	0	0	32	0	0	6.494		99.9034	48.1676	0.0326442	0	0.326758	0.348836	15.3981	1		0	12.0616	34.9192	0	0	0	
2024-06-11 04:29:12	401	843	1	0	0	5	21	0	0	0	21	0	0	3.25	21	0	0	0	21	0	0	1.515		99.9014	48.5678	0.130754	0	1.30883	0.658945	14.3914	1		0	12.0705	35.439	0	0	0	
2024-06-11 04:25:13	371	844	1	0	0	3	13	0	0	0	13	0	0	0	13	0	0	0	13	0	0	2.598		99.9096	48.3077	0.0779547	0	0.780253	0.284053	14.7074	1		0	12.0705	36.3486	0	0	0	
2024-06-11 04:34:50	443	845	9	0	0	3.5	15	0	0	0	15	0	0	4.25	15	0	0	0	15	0	0	0.649		99.903	47.045	0.340292	0	3.40622	0.347508	16.0515	2		0	12.0616	34.9192	0	0	0	
2024-06-11 04:26:36	382	846	1	0	0	4	17	0	0	0	17	0	0	1.25	17	0	0	0	17	0	0	2.381		99.9098	47.7348	0.0815788	0	0.816524	0.564558	14.1085	1		0	12.0705	35.9588	0	0	0	
2024-06-11 04:33:40	434	847	5	0	0	7.75	32	0	0	0	32	0	0	5	32	0	0	0	32	0	0	2.381		99.8991	48.1347	0.0958745	0	0.959713	0.101293	16.5827	1		0	12.0705	34.9192	0	0	0	
2024-06-11 04:33:23	432	848	1	0	0	7.75	32	0	0	0	32	0	0	3.75	32	0	0	0	32	0	0	3.464		99.9029	48.1848	0.058448	0	0.585048	0.0759245	14.7039	1		0	12.0705	34.9192	0	0	0	
2024-06-11 04:42:47	496	849	1	0	0	1.25	6	0	0	6.5	6	0	0	3	6	0	0	4.75	6	0	0	0.908		99.9067	20.7035	0.126096	0	1.26213	0.790058	13.8779	1		0	12.0705	35.0491	0	0	0	
2024-06-11 04:31:07	414	850	1	0	0	6	25	0	0	0	25	0	0	1	25	0	0	0	25	0	0	4.33		99.899	47.8711	0.0540711	0	0.541258	0.0798489	17.0041	1		0	11.973	35.1791	0	0	0	
2024-06-11 04:27:42	391	851	5	0	0	4	17	0	0	0	17	0	0	3.25	17	0	0	0	17	0	0	0.649		99.9025	47.6335	0.346493	0	3.46832	0.169528	16.3441	1		0	12.0616	35.6989	0	0	0	
2024-06-11 04:20:40	337	852	1	0	0	0	1	0	0	0	1	0	0	0.75	1	0	0	0	1	0	0	0.649		99.9184	48.6976	0.361107	0	3.61402	0.174327	17.0307	2		0	12.0705	39.3374	0	0	0	
2024-06-11 04:42:18	493	853	1	0	0	3.5	15	0	0	4.25	15	0	0	3.75	15	0	0	4	15	0	0	0.13		99.906	19.6256	0.685833	0	6.86478	0.724286	10.7832	1		0	12.0616	34.9192	0	0	0	
2024-06-11 04:24:07	363	854	1	0	0	2	9	0	0	0	9	0	0	5	9	0	0	0	9	0	0	2.598		99.9119	47.7377	0.0821324	0	0.822048	0.115446	15.4952	2		0	12.0705	36.8684	0	0	0	
2024-06-11 04:23:26	358	855	1	0	0	2	9	0	0	0	9	0	0	3.75	9	0	0	0	9	0	0	1.515		99.911	47.798	0.146228	0	1.46358	0.47681	16.0929	2		0	12.0616	37.2582	0	0	0	
2024-06-11 04:32:11	422	856	1	0	0	7	29	0	0	0	29	0	0	2.75	29	0	0	0	29	0	0	3.68		99.899	47.6916	0.0550603	0	0.55116	0.522544	14.7179	1		0	11.973	35.0491	0	0	0	
2024-06-11 04:32:33	425	857	1	0	0	7	29	0	0	0	29	0	0	2.25	29	0	0	0	29	0	0	4.113		99.9019	47.7461	0.0486105	0	0.486583	0.400087	14.5221	1		0	12.0705	35.0491	0	0	0	
2024-06-11 04:20:40	337	858	5	0	0	0	1	0	0	0	1	0	0	7.75	1	0	0	0	1	0	0	6.711		99.9184	48.6976	0.0331421	0	0.331692	0.195644	16.1516	2		0	12.0705	39.3374	0	0	0	
2024-06-11 04:20:30	336	859	5	0	0	0	1	0	0	0	1	0	0	6.5	1	0	0	0	1	0	0	5.628		99.9174	48.8768	0.0385891	0	0.38621	0.143273	15.7731	2		0	12.0705	39.5972	0	0	0	
2024-06-11 04:29:04	400	860	1	0	0	5	21	0	0	0	21	0	0	0.75	21	0	0	0	21	0	0	3.68		99.9044	48.5253	0.0585999	0	0.58656	0.674375	15.6632	1		0	12.0705	35.439	0	0	0	
2024-06-11 04:28:24	396	861	5	0	0	5	21	0	0	0	21	0	0	7.25	21	0	0	0	21	0	0	1.948		99.9044	48.5077	0.137969	0	1.38101	0.240533	19.5235	2		0	12.0705	35.439	0	0	0	
2024-06-11 04:41:08	485	862	9	0	0	5.75	24	0	0	0	24	0	0	4	24	0	0	0	24	0	0	1.515		99.9038	48.5261	0.136475	0	1.36606	0.942771	15.0207	1		0	12.0705	35.0491	0	0	0	
2024-06-11 04:37:25	461	863	9	0	0	4.5	19	0	0	0	19	0	0	5.25	19	0	0	0	19	0	0	0.649		99.9017	47.7373	0.487658	0	4.88137	0.359601	23.0029	2		0	12.0705	34.9192	0	0	0	
2024-06-11 04:42:25	494	864	1	0	0	2.75	12	0	0	5	12	0	0	3.5	12	0	0	4.25	12	0	0	0.389		99.9045	20.5823	0.419014	0	4.19414	1.15772	19.7644	4		0	12.0616	35.0491	0	0	0	
2024-06-11 04:24:48	368	865	1	0	0	2	9	0	0	0	9	0	0	0.5	9	0	0	0	9	0	0	1.299		99.9125	47.768	0.158978	0	1.59117	0.726139	14.9965	1		0	12.0705	36.4785	0	0	0	
2024-06-11 04:36:03	452	866	9	0	0	0.5	3	0	0	0	3	0	0	7.25	3	0	0	0	3	0	0	5.845		99.8973	47.7953	0.0951327	0	0.952305	0.630747	40.3887	2		0	12.0616	34.9192	0	0	0	
2024-06-11 04:26:44	383	867	9	0	0	4	17	0	0	0	17	0	0	7.25	17	0	0	0	17	0	0	2.814		99.9038	47.7004	0.0733724	0	0.734431	0.867995	14.9973	1		0	12.0705	35.9588	0	0	0	
2024-06-11 04:25:13	371	868	9	0	0	3	13	0	0	0	13	0	0	5.75	13	0	0	0	13	0	0	2.381		99.9096	48.3077	0.0849238	0	0.850007	0.284056	14.6871	1		0	12.0705	36.3486	0	0	0	
2024-06-11 04:26:01	377	869	5	0	0	3	13	0	0	0	13	0	0	4.5	13	0	0	0	13	0	0	1.299		99.9073	48.3857	0.163231	0	1.63382	0.355272	15.3984	1		0	12.0705	35.9588	0	0	0	
2024-06-11 04:32:18	423	870	5	0	0	7	29	0	0	0	29	0	0	6.75	29	0	0	0	29	0	0	0.216		99.9	47.7728	1.00064	0	10.0165	0.956167	15.7338	1		0	12.0705	35.0491	0	0	0	
2024-06-11 04:22:34	351	871	5	0	0	1	5	0	0	0	5	0	0	7.5	5	0	0	0	5	0	0	5.628		99.912	47.9159	0.0390442	0	0.390786	0.239175	15.96	2		0	12.0616	37.778	0	0	0	
2024-06-11 04:22:00	347	872	9	0	0	1	5	0	0	0	5	0	0	6.25	5	0	0	0	5	0	0	4.546		99.9152	48.0253	0.054997	0	0.550437	0.564158	18.1571	1		0	12.0705	38.0379	0	0	0	
2024-06-11 04:30:08	408	873	5	0	0	6	25	0	0	0	25	0	0	5.25	25	0	0	0	25	0	0	0.649		99.9014	47.8443	0.560051	0	5.60604	0.239501	26.4178	2		0	11.973	35.1791	0	0	0	
2024-06-11 04:29:48	406	874	5	0	0	6	25	0	0	0	25	0	0	4	25	0	0	0	25	0	0	1.732		99.8977	47.9294	0.113248	0	1.13364	0.456137	14.2457	2		0	12.0705	35.309	0	0	0	
2024-06-11 04:28:24	396	875	1	0	0	5	21	0	0	0	21	0	0	2.5	21	0	0	0	21	0	0	2.165		99.9044	48.5077	0.0990445	0	0.991393	0.351867	15.5728	2		0	12.0705	35.439	0	0	0	
2024-06-11 04:22:44	352	876	1	0	0	1	5	0	0	0	5	0	0	0.25	5	0	0	0	5	0	0	0.649		99.9144	47.9263	0.367881	0	3.68196	0.5444	17.3508	1		0	12.0705	37.5181	0	0	0	
2024-06-11 04:26:52	384	877	1	0	0	4	17	0	0	0	17	0	0	0.5	17	0	0	0	17	0	0	3.031		99.9064	47.7629	0.0677055	0	0.677689	0.0720928	14.9032	1		0	12.0705	35.8288	0	0	0	
2024-06-11 04:33:30	433	878	1	0	0	7.75	32	0	0	0	32	0	0	3	32	0	0	0	32	0	0	4.113		99.9016	48.1219	0.0498601	0	0.499092	0.0172518	14.8955	2		0	12.0705	34.9192	0	0	0	
2024-06-11 04:31:21	416	879	1	0	0	6	25	0	0	0	25	0	0	0.25	25	0	0	0	25	0	0	4.979		99.8987	47.9209	0.0412823	0	0.413242	0.159255	14.9297	1		0	12.0616	35.1791	0	0	0	
2024-06-11 04:38:44	469	880	1	0	0	5.25	22	0	0	0	22	0	0	2.5	22	0	0	0	22	0	0	2.381		99.9026	48.1612	0.196643	0	1.96835	0.0563341	34.0106	2		0	12.0616	34.7893	0	0	0	
2024-06-11 04:27:57	393	881	5	0	0	4	17	0	0	0	17	0	0	2.5	17	0	0	0	17	0	0	1.299		99.9036	47.6366	0.155996	0	1.56147	0.196064	14.7165	1		0	12.0705	35.5689	0	0	0	
2024-06-11 04:23:53	361	882	1	0	0	2	9	0	0	0	9	0	0	3	9	0	0	0	9	0	0	0.866		99.9066	47.8603	0.265445	0	2.65694	0.662458	16.694	1		0	12.0616	36.7384	0	0	0	
2024-06-11 04:33:02	429	883	5	0	0	7	29	0	0	0	29	0	0	1.5	29	0	0	0	29	0	0	4.762		99.901	47.7819	0.0424932	0	0.425354	0.0673172	14.6992	1		0	12.0705	35.0491	0	0	0	
2024-06-11 04:20:07	334	884	5	0	0	0	1	0	0	0	1	0	0	5.75	1	0	0	0	1	0	0	4.979		99.9161	49.3267	0.0442564	0	0.442936	0.000778711	16.0025	2		0	12.0261	39.7272	0	0	0	
2024-06-11 04:20:30	336	885	9	0	0	0	1	0	0	0	1	0	0	4.5	1	0	0	0	1	0	0	3.897		99.9174	48.8768	0.0551374	0	0.551829	0.00299675	15.6026	2		0	12.0705	39.5972	0	0	0	
2024-06-11 04:29:19	402	886	1	0	0	5	21	0	0	0	21	0	0	0	21	0	0	0	21	0	0	4.33		99.901	48.556	0.0459332	0	0.459787	0.305322	14.4446	1		0	12.0705	35.309	0	0	0	
2024-06-11 04:33:48	435	887	1	0	0	7.75	32	0	0	0	32	0	0	2.25	32	0	0	0	32	0	0	4.762		99.9003	48.166	0.0434633	0	0.435066	0.0182791	15.0348	1		0	12.0705	34.9192	0	0	0	
2024-06-11 04:29:12	401	888	5	0	0	5	21	0	0	0	21	0	0	7.75	21	0	0	0	21	0	0	2.381		99.9014	48.5678	0.0931196	0	0.932116	0.342159	16.1058	1		0	12.0705	35.439	0	0	0	
2024-06-11 04:28:04	394	889	9	0	0	5	21	0	0	0	21	0	0	6.5	21	0	0	0	21	0	0	1.299		99.9034	48.5867	0.19856	0	1.98752	0.0133411	18.732	2		0	12.0705	35.5689	0	0	0	
2024-06-11 04:25:04	370	890	1	0	0	3	13	0	0	0	13	0	0	2	13	0	0	0	13	0	0	0.866		99.9098	48.3135	0.257252	0	2.57484	0.785504	16.1782	2		0	12.0705	36.4785	0	0	0	
2024-06-11 04:38:20	467	891	1	0	0	4.5	19	0	0	0	19	0	0	3.25	19	0	0	0	19	0	0	1.082		99.9009	47.7572	0.196195	0	1.9639	0.0943701	15.4244	2		0	12.0705	34.9192	0	0	0	
2024-06-11 04:34:03	437	892	5	0	0	7.75	32	0	0	0	32	0	0	7	32	0	0	0	32	0	0	0.649		99.9032	48.1809	0.389951	0	3.90329	0.614634	18.3938	1		0	12.0705	34.6593	0	0	0	
2024-06-11 04:40:58	484	893	9	0	0	5.5	23	0	0	0	23	0	0	4.25	23	0	0	0	23	0	0	1.082		99.9031	47.9395	0.233945	0	2.34172	0.191189	18.3918	2		0	12.0705	35.0491	0	0	0	
2024-06-11 04:39:32	474	894	1	0	0	6.75	28	0	0	0	28	0	0	1	28	0	0	0	28	0	0	4.979		99.9022	47.6641	0.0482658	0	0.48313	0.448853	17.4547	1		0	12.0705	34.9192	0	0	0	
2024-06-11 04:37:35	462	895	9	0	0	4.25	18	0	0	0	18	0	0	5.5	18	0	0	0	18	0	0	1.082		99.9002	47.8606	0.251546	0	2.51798	0.480568	19.7761	1		0	12.0705	34.9192	0	0	0	
2024-06-11 04:26:59	385	896	5	0	0	4	17	0	0	0	17	0	0	7.75	17	0	0	0	17	0	0	3.247		99.9021	47.7578	0.0594041	0	0.594623	0.279581	14.0105	1		0	12.0705	35.8288	0	0	0	
2024-06-11 04:26:36	382	897	5	0	0	4	17	0	0	0	17	0	0	6.5	17	0	0	0	17	0	0	2.165		99.9098	47.7348	0.0880683	0	0.881478	0.479437	13.8462	1		0	12.0705	35.9588	0	0	0	
2024-06-11 04:25:35	374	898	9	0	0	3	13	0	0	0	13	0	0	5	13	0	0	0	13	0	0	1.732		99.911	48.368	0.122498	0	1.22607	0.343011	15.4073	1		0	12.0705	36.2187	0	0	0	
2024-06-11 04:26:15	379	899	1	0	0	3	13	0	0	0	13	0	0	3.75	13	0	0	0	13	0	0	0.649		99.9093	48.328	0.373494	0	3.73833	0.492814	17.6165	1		0	12.0705	35.9588	0	0	0	
2024-06-11 04:23:53	361	900	9	0	0	2	9	0	0	0	9	0	0	7	9	0	0	0	9	0	0	4.33		99.9066	47.8603	0.0469053	0	0.469492	0.469029	14.7495	1		0	12.0616	36.7384	0	0	0	
2024-06-11 04:32:25	424	901	5	0	0	7	29	0	0	0	29	0	0	6	29	0	0	0	29	0	0	0.866		99.9001	47.7716	0.300124	0	3.00424	0.893088	18.8762	1		0	12.0705	35.0491	0	0	0	
2024-06-11 04:31:53	420	902	9	0	0	7	29	0	0	0	29	0	0	4.75	29	0	0	0	29	0	0	1.948		99.8984	47.7098	0.113609	0	1.13725	0.542229	16.0774	1		0	12.0705	35.0491	0	0	0	
2024-06-11 04:22:08	348	903	1	0	0	1	5	0	0	0	5	0	0	5.5	5	0	0	0	5	0	0	3.897		99.9119	48.1867	0.0654452	0	0.655029	0.0152935	18.5205	1		0	12.0705	38.0379	0	0	0	
2024-06-11 04:22:44	352	904	9	0	0	1	5	0	0	0	5	0	0	4.25	5	0	0	0	5	0	0	2.814		99.9144	47.9263	0.0751755	0	0.752399	0.316063	15.3643	1		0	12.0705	37.5181	0	0	0	
2024-06-11 04:29:48	406	905	1	0	0	6	25	0	0	0	25	0	0	3.25	25	0	0	0	25	0	0	2.381		99.8977	47.9294	0.0795373	0	0.796188	0.482102	13.7571	2		0	12.0705	35.309	0	0	0	
2024-06-11 04:36:38	456	906	1	0	0	0.25	2	0	0	0	2	0	0	1.5	2	0	0	0	2	0	0	1.082		99.9005	47.7748	0.192577	0	1.92769	0.201882	15.1401	2		0	12.0705	34.9192	0	0	0	
2024-06-11 04:32:54	428	907	1	0	0	7	29	0	0	0	29	0	0	0.75	29	0	0	0	29	0	0	5.412		99.8966	47.7401	0.0403818	0	0.404236	0.0180944	15.8743	1		0	12.0705	35.0491	0	0	0	
2024-06-11 04:20:22	335	908	5	0	0	0	1	0	0	0	1	0	0	5	1	0	0	0	1	0	0	4.33		99.9216	49.1407	0.0507827	0	0.508225	0.249455	15.9664	1		0	12.0616	39.8571	0	0	0	
2024-06-11 04:21:43	345	909	5	0	0	0	1	0	0	0	1	0	0	3.75	1	0	0	0	1	0	0	3.247		99.9113	48.3921	0.0660292	0	0.660878	0.26238	15.5716	1		0	12.0705	38.4277	0	0	0	
2024-06-11 04:41:25	487	910	9	0	0	7.5	31	0	0	0	31	0	0	6.25	31	0	0	0	31	0	0	1.082		99.9059	47.8791	0.219692	0	2.19899	0.666142	17.2708	1		0	12.0705	35.0491	0	0	0	
2024-06-11 04:38:02	465	911	9	0	0	6.25	26	0	0	0	26	0	0	7.5	26	0	0	0	26	0	0	1.082		99.9034	47.8838	0.215676	0	2.15884	0.365685	16.9555	2		0	12.0616	34.9192	0	0	0	
2024-06-11 04:30:57	413	912	5	0	0	6	25	0	0	0	25	0	0	7.25	25	0	0	0	25	0	0	1.082		99.9003	47.8702	0.281242	0	2.81523	0.469461	22.1107	2		0	12.0616	35.1791	0	0	0	
2024-06-11 04:34:03	437	913	1	0	0	7.75	32	0	0	0	32	0	0	1.5	32	0	0	0	32	0	0	5.412		99.9032	48.1809	0.0384374	0	0.384747	0.695647	15.109	1		0	12.0705	34.6593	0	0	0	
2024-06-11 04:28:54	399	914	5	0	0	5	21	0	0	0	21	0	0	5.75	21	0	0	0	21	0	0	0.649		99.902	48.4693	0.597906	0	5.98493	0.184849	28.2033	2		0	12.0616	35.439	0	0	0	
2024-06-11 04:28:14	395	915	5	0	0	5	21	0	0	0	21	0	0	4.5	21	0	0	0	21	0	0	0.433		99.9081	48.5091	0.678186	0	6.7881	0.226889	21.3255	2		0	12.0616	35.439	0	0	0	
2024-06-11 04:25:43	375	916	1	0	0	3	13	0	0	0	13	0	0	1.25	13	0	0	0	13	0	0	1.515		99.9093	48.2709	0.134801	0	1.34923	0.138333	14.8356	2		0	12.0616	36.2187	0	0	0	
2024-06-11 04:22:16	349	917	1	0	0	1	5	0	0	0	5	0	0	2.25	5	0	0	0	5	0	0	1.082		99.9123	48.0197	0.198687	0	1.98861	0.115317	15.6185	2		0	12.0705	37.908	0	0	0	
2024-06-11 04:36:28	455	918	1	0	0	0.5	3	0	0	0	3	0	0	1.25	3	0	0	0	3	0	0	0.649		99.8967	47.8189	0.387445	0	3.87846	0.261226	18.2768	2		0	12.0616	34.9192	0	0	0	
2024-06-11 04:35:17	446	919	9	0	0	2.5	11	0	0	0	11	0	0	5.25	11	0	0	0	11	0	0	2.381		99.8992	47.5299	0.106626	0	1.06733	0.125313	18.4422	2		0	12.0616	34.6593	0	0	0	
2024-06-11 04:33:48	435	920	5	0	0	7.75	32	0	0	0	32	0	0	7.5	32	0	0	0	32	0	0	0.216		99.9003	48.166	1.02393	0	10.2495	0.579262	16.0998	1		0	12.0705	34.9192	0	0	0	
2024-06-11 04:33:16	431	921	9	0	0	7.75	32	0	0	0	32	0	0	6.25	32	0	0	0	32	0	0	1.299		99.8988	48.1925	0.180849	0	1.81032	0.691596	17.0618	1		0	12.0616	34.9192	0	0	0	
2024-06-11 04:38:12	466	922	1	0	0	4.25	18	0	0	0	18	0	0	3.5	18	0	0	0	18	0	0	0.649		99.9011	47.7988	0.344433	0	3.44774	0.437974	16.2471	1		0	12.0705	34.9192	0	0	0	
2024-06-11 04:30:28	410	923	1	0	0	6	25	0	0	0	25	0	0	2.25	25	0	0	0	25	0	0	3.247		99.8956	47.8532	0.0616826	0	0.617471	0.188891	14.5488	2		0	12.0705	35.1791	0	0	0	
2024-06-11 04:40:48	483	924	9	0	0	5.25	22	0	0	0	22	0	0	4.5	22	0	0	0	22	0	0	0.649		99.9062	48.1724	0.467301	0	4.6774	0.199351	22.0417	2		0	12.0705	34.9192	0	0	0	
2024-06-11 04:27:13	387	925	5	0	0	4	17	0	0	0	17	0	0	5.75	17	0	0	0	17	0	0	1.515		99.9083	47.6671	0.146669	0	1.46804	0.187266	16.1419	1		0	12.0616	35.6989	0	0	0	
2024-06-11 04:27:20	388	926	5	0	0	4	17	0	0	0	17	0	0	4.5	17	0	0	0	17	0	0	0.433		99.9069	47.6704	0.539661	0	5.40164	0.473598	16.9697	1		0	12.0705	35.6989	0	0	0	
2024-06-11 04:21:33	344	927	1	0	0	0	1	0	0	0	1	0	0	2	1	0	0	0	1	0	0	1.732		99.9133	48.3941	0.151618	0	1.5175	0.00619478	19.0695	2		0	12.0705	38.4277	0	0	0	
2024-06-11 04:24:24	365	928	9	0	0	2	9	0	0	0	9	0	0	7.5	9	0	0	0	9	0	0	4.762		99.9127	47.7136	0.0464114	0	0.464519	0.0178908	16.0526	2		0	12.0705	36.7384	0	0	0	
2024-06-11 04:23:36	359	929	9	0	0	2	9	0	0	0	9	0	0	6.25	9	0	0	0	9	0	0	3.68		99.9118	47.7885	0.0579686	0	0.580197	0.166202	15.4933	2		0	12.0705	37.1283	0	0	0	
2024-06-11 04:31:53	420	930	5	0	0	7	29	0	0	0	29	0	0	5.25	29	0	0	0	29	0	0	1.515		99.8984	47.7098	0.164851	0	1.65018	0.709183	18.1447	1		0	12.0705	35.0491	0	0	0	
2024-06-11 04:31:36	418	931	9	0	0	7	29	0	0	0	29	0	0	4	29	0	0	0	29	0	0	2.598		99.8989	47.7574	0.0743171	0	0.743923	0.0993841	14.0226	1		0	12.0705	35.0491	0	0	0	
2024-06-11 04:23:05	355	932	5	0	0	1	5	0	0	0	5	0	0	3.5	5	0	0	0	5	0	0	2.165		99.9131	47.9383	0.0940406	0	0.941224	0.0776629	14.7847	1		0	12.0705	37.3882	0	0	0	
2024-06-11 04:30:39	411	933	1	0	0	6	25	0	0	0	25	0	0	2.5	25	0	0	0	25	0	0	3.031		99.8983	47.8932	0.0774991	0	0.775781	0.0473724	17.0603	2		0	12.0705	35.1791	0	0	0	
2024-06-11 04:40:41	482	934	1	0	0	3.75	16	0	0	0	16	0	0	2	16	0	0	0	16	0	0	1.515		99.9024	47.5477	0.143372	0	1.43512	0.199801	15.7799	1		0	12.0616	34.9192	0	0	0	
2024-06-11 04:29:40	405	935	1	0	0	5	21	0	0	0	21	0	0	2	21	0	0	0	21	0	0	2.598		99.9028	48.5954	0.0755832	0	0.756567	0.335465	14.261	1		0	12.0705	35.309	0	0	0	
2024-06-11 04:24:18	364	936	1	0	0	2	9	0	0	0	9	0	0	1.75	9	0	0	0	9	0	0	0.216		99.9128	47.7699	0.947262	0	9.48088	0.579021	14.8925	1		0	12.0705	36.7384	0	0	0	
2024-06-11 04:31:36	418	937	1	0	0	7	29	0	0	0	29	0	0	0	29	0	0	0	29	0	0	6.061		99.8989	47.7574	0.0346766	0	0.347117	0.393842	15.267	1		0	12.0705	35.0491	0	0	0	
2024-06-11 04:20:07	334	938	1	0	0	0	1	0	0	0	1	0	0	3	1	0	0	0	1	0	0	2.598		99.9161	49.3267	0.078225	0	0.782907	0.037518	14.7574	2		0	12.0261	39.7272	0	0	0	
2024-06-11 04:25:43	375	939	9	0	0	3	13	0	0	0	13	0	0	7	13	0	0	0	13	0	0	3.464		99.9093	48.2709	0.0565816	0	0.566329	0.176809	14.2334	2		0	12.0616	36.2187	0	0	0	
2024-06-11 04:30:39	411	940	9	0	0	6	25	0	0	0	25	0	0	7.75	25	0	0	0	25	0	0	1.515		99.8983	47.8932	0.151963	0	1.52118	0.0323379	16.7263	2		0	12.0705	35.1791	0	0	0	
2024-06-11 04:30:39	411	941	5	0	0	6	25	0	0	0	25	0	0	6.5	25	0	0	0	25	0	0	0.433		99.8983	47.8932	0.641774	0	6.42427	0.223272	20.1824	2		0	12.0705	35.1791	0	0	0	
2024-06-11 04:34:17	439	942	1	0	0	7.75	32	0	0	0	32	0	0	0.75	32	0	0	0	32	0	0	6.061		99.9023	48.2705	0.0363719	0	0.364074	0.00235953	16.0128	1		0	12.0705	34.9192	0	0	0	
2024-06-11 04:28:34	397	943	1	0	0	5	21	0	0	0	21	0	0	3.75	21	0	0	0	21	0	0	1.082		99.9011	48.5018	0.203792	0	2.03994	0.151211	16.0216	2		0	12.0616	35.439	0	0	0	
2024-06-11 04:26:01	377	944	1	0	0	3	13	0	0	0	13	0	0	0.5	13	0	0	0	13	0	0	2.165		99.9073	48.3857	0.0946054	0	0.946931	0.508399	14.8744	1		0	12.0705	35.9588	0	0	0	
2024-06-11 04:23:05	355	945	1	0	0	1	5	0	0	0	5	0	0	1.5	5	0	0	0	5	0	0	0.433		99.9131	47.9383	0.570988	0	5.71485	0.677211	17.9537	1		0	12.0705	37.3882	0	0	0	
2024-06-11 04:42:40	495	946	1	0	0	2	9	0	0	5.75	9	0	0	3.25	9	0	0	4.5	9	0	0	0.649		99.9059	20.6863	0.230214	0	2.30431	0.15644	18.098	1		0	12.0705	35.0491	0	0	0	
2024-06-11 04:27:35	390	947	5	0	0	4	17	0	0	0	17	0	0	1.75	17	0	0	0	17	0	0	1.948		99.9087	47.6402	0.0983652	0	0.984551	0.128074	13.9188	1		0	12.0705	35.6989	0	0	0	
2024-06-11 04:36:58	458	948	1	0	0	2.5	11	0	0	0	11	0	0	3.25	11	0	0	0	11	0	0	0.649		99.8991	47.4703	0.387296	0	3.87687	0.171103	18.2693	2		0	12.0616	34.9192	0	0	0	
2024-06-11 04:33:40	434	949	9	0	0	7.75	32	0	0	0	32	0	0	5.5	32	0	0	0	32	0	0	1.948		99.8991	48.1347	0.123152	0	1.23276	0.148912	17.4277	1		0	12.0705	34.9192	0	0	0	
2024-06-11 04:33:09	430	950	5	0	0	7.75	32	0	0	0	32	0	0	4.25	32	0	0	0	32	0	0	3.031		99.9011	48.1971	0.0680388	0	0.681062	0.228286	14.9773	1		0	12.0705	34.9192	0	0	0	
2024-06-11 04:30:49	412	951	1	0	0	6	25	0	0	0	25	0	0	1.5	25	0	0	0	25	0	0	3.897		99.9009	47.9429	0.0513086	0	0.513595	0.28044	14.5215	1		0	12.0705	35.1791	0	0	0	
2024-06-11 04:27:06	386	952	9	0	0	4	17	0	0	0	17	0	0	5	17	0	0	0	17	0	0	0.866		99.9054	47.71	0.282109	0	2.82376	0.278785	17.7422	1		0	12.0705	35.8288	0	0	0	
2024-06-11 04:27:13	387	953	1	0	0	4	17	0	0	0	17	0	0	3.75	17	0	0	0	17	0	0	0.216		99.9083	47.6671	0.860471	0	8.61261	0.381825	13.5287	1		0	12.0616	35.6989	0	0	0	
2024-06-11 04:20:57	339	954	1	0	0	0	1	0	0	0	1	0	0	1.25	1	0	0	0	1	0	0	1.082		99.9174	48.6442	0.189125	0	1.89282	0.713837	14.8662	1		0	11.973	39.0775	0	0	0	
2024-06-11 04:24:07	363	955	5	0	0	2	9	0	0	0	9	0	0	5.5	9	0	0	0	9	0	0	3.031		99.9119	47.7377	0.121975	0	1.22083	0.402886	26.8474	2		0	12.0705	36.8684	0	0	0	
2024-06-11 04:23:47	360	956	9	0	0	2	9	0	0	0	9	0	0	4.25	9	0	0	0	9	0	0	1.948		99.9094	47.8193	0.10853	0	1.08629	0.394393	15.357	1		0	12.0705	36.9983	0	0	0	
2024-06-11 04:32:01	421	957	1	0	0	7	29	0	0	0	29	0	0	3.25	29	0	0	0	29	0	0	3.247		99.8964	47.7148	0.0594933	0	0.59555	0.20329	14.0323	2		0	12.0705	35.0491	0	0	0	
2024-06-11 04:23:12	356	958	1	0	0	1	5	0	0	0	5	0	0	2.75	5	0	0	0	5	0	0	1.515		99.9079	47.9326	0.136069	0	1.36194	0.359504	14.9753	1		0	12.0705	37.3882	0	0	0	
2024-06-11 04:20:50	338	959	1	0	0	0	1	0	0	0	1	0	0	7	1	0	0	0	1	0	0	6.061		99.9195	48.7211	0.0356793	0	0.357081	0.466887	15.7052	1		0	12.0705	39.2074	0	0	0	
2024-06-11 04:28:14	395	960	1	0	0	5	21	0	0	0	21	0	0	1.25	21	0	0	0	21	0	0	3.247		99.9081	48.5091	0.0698527	0	0.69917	0.289977	16.4738	2		0	12.0616	35.439	0	0	0	
2024-06-11 04:24:35	366	961	5	0	0	2	9	0	0	0	9	0	0	1	9	0	0	0	9	0	0	0.866		99.9109	47.7586	0.256653	0	2.56882	0.687143	16.1404	1		0.0088623	12.0705	36.6085	0	0	0	
2024-06-11 04:25:04	370	962	5	0	0	3	13	0	0	0	13	0	0	7.5	13	0	0	0	13	0	0	3.897		99.9098	48.3135	0.0519867	0	0.520336	0.0524379	14.7122	2		0	12.0705	36.4785	0	0	0	
2024-06-11 04:25:28	373	963	9	0	0	3	13	0	0	0	13	0	0	6.25	13	0	0	0	13	0	0	2.814		99.9088	48.4037	0.0745419	0	0.7461	0.406443	15.2356	1		0	12.0705	36.2187	0	0	0	
2024-06-11 04:32:01	421	964	5	0	0	7	29	0	0	0	29	0	0	7.25	29	0	0	0	29	0	0	0.216		99.8964	47.7148	0.937647	0	9.38619	0.420806	14.7438	2		0	12.0705	35.0491	0	0	0	
2024-06-11 04:22:16	349	965	9	0	0	1	5	0	0	0	5	0	0	6.75	5	0	0	0	5	0	0	4.979		99.9123	48.0197	0.0492829	0	0.493262	0.31549	17.8207	2		0	12.0705	37.908	0	0	0	
2024-06-11 04:30:18	409	966	9	0	0	6	25	0	0	0	25	0	0	5.75	25	0	0	0	25	0	0	0.216		99.9001	47.8401	1.23556	0	12.3679	0.192735	19.4275	2		0	12.0705	35.1791	0	0	0	
2024-06-11 04:29:58	407	967	5	0	0	6	25	0	0	0	25	0	0	4.5	25	0	0	0	25	0	0	1.299		99.9002	47.8871	0.184408	0	1.84592	0.234499	17.3974	2		0.0088623	12.0616	35.1791	0	0	0	
2024-06-11 04:34:32	441	968	5	0	0	7.75	32	0	0	0	32	0	0	0	32	0	0	0	32	0	0	6.711		99.9024	48.2071	0.032663	0	0.326949	0.0695234	15.9207	1		0	12.0705	34.9192	0	0	0	
2024-06-11 04:28:04	394	969	1	0	0	5	21	0	0	0	21	0	0	3	21	0	0	0	21	0	0	1.732		99.9034	48.5867	0.111939	0	1.12047	0.460911	14.0803	2		0	12.0705	35.5689	0	0	0	
2024-06-11 04:22:51	353	970	1	0	0	1	5	0	0	0	5	0	0	0.75	5	0	0	0	5	0	0	0.216		99.9093	47.9349	1.06228	0	10.6325	0.617072	16.7015	1		0	12.0705	37.5181	0	0	0	
2024-06-11 04:39:03	471	971	1	0	0	5.75	24	0	0	0	24	0	0	2	24	0	0	0	24	0	0	3.247		99.9016	48.4357	0.0657899	0	0.658546	0.259794	15.5166	1		0	12.0084	34.9192	0	0	0	
2024-06-11 04:27:35	390	972	1	0	0	4	17	0	0	0	17	0	0	1	17	0	0	0	17	0	0	2.598		99.9087	47.6402	0.0749104	0	0.749789	0.10283	14.1332	1		0	12.0705	35.6989	0	0	0	
2024-06-11 04:33:16	431	973	1	0	0	7.75	32	0	0	0	32	0	0	3.5	32	0	0	0	32	0	0	3.68		99.8988	48.1925	0.0549942	0	0.550499	0.397696	14.7003	1		0	12.0616	34.9192	0	0	0	
2024-06-11 04:31:07	414	974	5	0	0	6	25	0	0	0	25	0	0	0.75	25	0	0	0	25	0	0	4.546		99.899	47.8711	0.0511711	0	0.512229	0.50418	16.8967	1		0	11.973	35.1791	0	0	0	
2024-06-11 04:27:42	391	975	1	0	0	4	17	0	0	0	17	0	0	3	17	0	0	0	17	0	0	0.866		99.9025	47.6335	0.249215	0	2.49458	0.249722	15.6739	1		0	12.0616	35.6989	0	0	0	
2024-06-11 04:21:33	344	976	5	0	0	0	1	0	0	0	1	0	0	0.5	1	0	0	0	1	0	0	0.433		99.9133	48.3941	0.531061	0	5.31521	0.094061	16.6982	2		0	12.0705	38.4277	0	0	0	
2024-06-11 04:41:40	489	977	1	0	0	3.5	15	0	0	4.25	15	0	0	2.75	15	0	0	5	15	0	0	0.389		99.9076	19.5508	0.433724	0	4.34125	0.38402	20.4576	1		0	12.0705	35.0491	0	0	0	
2024-06-11 04:24:24	365	978	1	0	0	2	9	0	0	0	9	0	0	3.5	9	0	0	0	9	0	0	1.299		99.9127	47.7136	0.167597	0	1.67743	0.0168616	15.8094	2		0	12.0705	36.7384	0	0	0	
2024-06-11 04:32:47	427	979	5	0	0	7	29	0	0	0	29	0	0	2.5	29	0	0	0	29	0	0	3.897		99.9019	47.7611	0.0546645	0	0.547182	0.0207049	15.4712	1		0	12.0705	34.9192	0	0	0	
2024-06-11 04:32:25	424	980	1	0	0	7	29	0	0	0	29	0	0	2	29	0	0	0	29	0	0	4.33		99.9001	47.7716	0.0466811	0	0.467278	0.313623	14.68	1		0	12.0705	35.0491	0	0	0	
2024-06-11 04:20:57	339	981	5	0	0	0	1	0	0	0	1	0	0	7.5	1	0	0	0	1	0	0	6.494		99.9174	48.6442	0.0358572	0	0.358868	0.963041	16.9113	1		0	11.973	39.0775	0	0	0	
2024-06-11 04:21:11	341	982	5	0	0	0	1	0	0	0	1	0	0	6.25	1	0	0	0	1	0	0	5.412		99.917	48.5948	0.0407545	0	0.407884	0.202095	16.0175	1		0	12.0705	38.8176	0	0	0	
2024-06-11 04:29:33	404	983	1	0	0	5	21	0	0	0	21	0	0	0.5	21	0	0	0	21	0	0	3.897		99.9028	48.6537	0.0617948	0	0.61855	0.589295	17.4891	1		0	12.0705	35.309	0	0	0	
2024-06-11 04:39:56	477	984	1	0	0	1.25	6	0	0	0	6	0	0	0.5	6	0	0	0	6	0	0	0.649		99.9025	47.6741	0.375254	0	3.75621	0.203962	17.7007	2		0	12.0705	34.9192	0	0	0	
2024-06-11 04:29:04	400	985	9	0	0	5	21	0	0	0	21	0	0	7	21	0	0	0	21	0	0	1.732		99.9044	48.5253	0.128399	0	1.28522	0.424784	16.1505	1		0	12.0705	35.439	0	0	0	
2024-06-11 04:24:00	362	986	1	0	0	2	9	0	0	0	9	0	0	0.25	9	0	0	0	9	0	0	1.515		99.9133	47.8409	0.134667	0	1.34784	0.386408	14.8203	1		0	12.0705	36.8684	0	0	0	
2024-06-11 04:26:44	383	987	5	0	0	4	17	0	0	0	17	0	0	7	17	0	0	0	17	0	0	2.598		99.9038	47.7004	0.0717799	0	0.718491	0.372574	13.5432	1		0	12.0705	35.9588	0	0	0	
2024-06-11 04:25:13	371	988	5	0	0	3	13	0	0	0	13	0	0	5.5	13	0	0	0	13	0	0	2.165		99.9096	48.3077	0.102078	0	1.0217	0.635248	16.0489	1		0	12.0705	36.3486	0	0	0	
2024-06-11 04:26:01	377	989	9	0	0	3	13	0	0	0	13	0	0	4.25	13	0	0	0	13	0	0	1.082		99.9073	48.3857	0.197558	0	1.97741	0.291109	15.5306	1		0	12.0705	35.9588	0	0	0	
2024-06-11 04:32:33	425	990	5	0	0	7	29	0	0	0	29	0	0	7.75	29	0	0	0	29	0	0	0.649		99.9019	47.7461	0.38869	0	3.89071	0.81959	18.3346	1		0	12.0705	35.0491	0	0	0	
2024-06-11 04:32:01	421	991	9	0	0	7	29	0	0	0	29	0	0	6.5	29	0	0	0	29	0	0	0.433		99.8964	47.7148	0.603604	0	6.0423	0.278834	18.9824	2		0	12.0705	35.0491	0	0	0	
2024-06-11 04:22:00	347	992	5	0	0	1	5	0	0	0	5	0	0	6	5	0	0	0	5	0	0	4.33		99.9152	48.0253	0.058861	0	0.58911	0.0216669	18.5074	1		0	12.0705	38.0379	0	0	0	
2024-06-11 04:22:08	348	993	5	0	0	1	5	0	0	0	5	0	0	4.75	5	0	0	0	5	0	0	3.247		99.9119	48.1867	0.0755754	0	0.75642	0.453439	17.8227	1		0	12.0705	38.0379	0	0	0	
2024-06-11 04:37:15	460	994	9	0	0	4.75	20	0	0	0	20	0	0	5	20	0	0	0	20	0	0	0.216		99.8987	47.6948	1.21727	0	12.1851	0.418836	19.1403	2		0	11.973	34.9192	0	0	0	
2024-06-11 04:30:08	408	995	9	0	0	6	25	0	0	0	25	0	0	5	25	0	0	0	25	0	0	0.866		99.9014	47.8443	0.380164	0	3.8054	0.18922	23.91	2		0	11.973	35.1791	0	0	0	
2024-06-11 04:29:58	407	996	1	0	0	6	25	0	0	0	25	0	0	3.75	25	0	0	0	25	0	0	1.948		99.9002	47.8871	0.101244	0	1.01345	0.128428	14.3273	2		0.0088623	12.0616	35.1791	0	0	0	
2024-06-11 04:22:58	354	997	1	0	0	1	5	0	0	0	5	0	0	0	5	0	0	0	5	0	0	0.866		99.9073	47.941	0.253582	0	2.53818	0.387338	15.9478	1		0	12.0705	37.5181	0	0	0	
2024-06-11 04:35:56	451	998	9	0	0	0.75	4	0	0	0	4	0	0	7	4	0	0	0	4	0	0	5.412		99.8981	48.2496	0.0391916	0	0.392315	0.461096	15.4062	1		0	12.0705	34.9192	0	0	0	
2024-06-11 04:27:20	388	999	1	0	0	4	17	0	0	0	17	0	0	0.25	17	0	0	0	17	0	0	3.247		99.9069	47.6704	0.060327	0	0.603832	0.255985	14.2275	1		0	12.0705	35.6989	0	0	0	
2024-06-11 04:33:40	434	1000	1	0	0	7.75	32	0	0	0	32	0	0	2.75	32	0	0	0	32	0	0	4.33		99.8991	48.1347	0.0499698	0	0.500203	0.331771	15.7143	1		0	12.0705	34.9192	0	0	0	
2024-06-11 04:31:28	417	1001	5	0	0	6	25	0	0	0	25	0	0	0	25	0	0	0	25	0	0	5.195		99.8987	47.8994	0.0449097	0	0.449553	0.291059	16.9477	1		0	12.0705	35.0491	0	0	0	
2024-06-11 04:24:41	367	1002	1	0	0	2	9	0	0	0	9	0	0	2.75	9	0	0	0	9	0	0	0.649		99.9132	47.7705	0.392206	0	3.92546	0.826334	18.4983	1		0	11.973	36.6085	0	0	0	
2024-06-11 04:32:41	426	1003	1	0	0	7	29	0	0	0	29	0	0	1.25	29	0	0	0	29	0	0	4.979		99.9003	47.7725	0.0439592	0	0.440031	0.342266	15.8976	1		0	12.0705	34.9192	0	0	0	
2024-06-11 04:21:04	340	1004	5	0	0	0	1	0	0	0	1	0	0	5.5	1	0	0	0	1	0	0	4.762		99.915	48.6075	0.0624064	0	0.624595	0.349571	21.5845	1		0	12.0616	38.9475	0	0	0	
2024-06-11 04:21:11	341	1005	9	0	0	0	1	0	0	0	1	0	0	4.25	1	0	0	0	1	0	0	3.68		99.917	48.5948	0.0596219	0	0.596714	0.610963	15.9344	1		0	12.0705	38.8176	0	0	0	
