Time	MeasID	DPID	Channel	A(x)	A(y)	A(z)	A(adr)	B(x)	B(y)	B(z)	B(adr)	M(x)	M(y)	M(z)	M(adr)	N(x)	N(y)	N(z)	N(adr)	F(x)	F(y)	F(z)	Note	I(mA)	Uout(V)	U(V)	SP(V)	R(Ohm)	Var(%)	Rho-a(Ohm-m)	Cycles	IP Delay Window(mV/V)	Pint(V)	Pext(V)	T int(deg C)	T log(deg C)	Latitude	Longitude
2024-06-11 14:34:38	1266	2346	5	0	0	7.75	32	0	0	0	32	0	0	2	32	0	0	0	32	0	0	4.979		99.9225	49.1845	0.0423458	0	0.423786	0.13185	15.3107	1		0	12.0705	36.4785	0	0	0	
2024-06-11 14:28:41	1223	2347	5	0	0	5	21	0	0	0	21	0	0	7.5	21	0	0	0	21	0	0	2.165		99.9203	49.6413	0.103232	0	1.03314	0.369004	16.2285	1		0	12.0705	36.8684	0	0	0	
2024-06-11 14:28:49	1224	2348	9	0	0	5	21	0	0	0	21	0	0	6.25	21	0	0	0	21	0	0	1.082		99.9249	49.5905	0.263018	0	2.63216	0.193938	20.6729	2		0	12.0616	36.8684	0	0	0	
2024-06-11 14:26:13	1204	2349	1	0	0	3	13	0	0	0	13	0	0	1.75	13	0	0	0	13	0	0	1.082		99.9208	49.3817	0.200165	0	2.00323	0.435282	15.7333	1		0	12.0705	37.3882	0	0	0	
2024-06-11 14:34:22	1264	2350	5	0	0	7.75	32	0	0	0	32	0	0	6.75	32	0	0	0	32	0	0	0.866		99.9219	49.1147	0.283515	0	2.83737	0.35066	17.8277	1		0	12.0705	36.4785	0	0	0	
2024-06-11 14:40:37	1307	2351	1	0	0	3.25	14	0	0	0	14	0	0	2.5	14	0	0	0	14	0	0	0.649		99.9222	48.4631	0.377007	0	3.77301	0.0870429	17.7799	2		0	12.0705	36.3486	0	0	0	
2024-06-11 14:26:57	1210	2352	5	0	0	4	17	0	0	0	17	0	0	7.5	17	0	0	0	17	0	0	3.031		99.9213	48.7587	0.06418	0	0.642306	0.425205	14.125	1		0	12.0705	37.2582	0	0	0	
2024-06-11 14:27:04	1211	2353	5	0	0	4	17	0	0	0	17	0	0	6.25	17	0	0	0	17	0	0	1.948		99.9189	48.8346	0.100413	0	1.00495	0.0125355	14.2071	1		0	12.0705	37.2582	0	0	0	
2024-06-11 14:25:33	1199	2354	1	0	0	3	13	0	0	0	13	0	0	3.5	13	0	0	0	13	0	0	0.433		99.9218	49.385	0.57797	0	5.78423	0.128225	18.1717	2		0	12.0705	37.6481	0	0	0	
2024-06-11 14:23:57	1187	2355	5	0	0	2	9	0	0	0	9	0	0	6.75	9	0	0	0	9	0	0	4.113		99.9269	48.8456	0.0505885	0	0.506256	0.519223	15.1093	1		0	12.0705	38.2978	0	0	0	
2024-06-11 14:32:08	1247	2356	1	0	0	7	29	0	0	0	29	0	0	5.75	29	0	0	0	29	0	0	1.082		99.9186	48.7322	0.239515	0	2.3971	0.554495	18.8267	1		0	12.0705	36.4785	0	0	0	
2024-06-11 14:31:39	1244	2357	5	0	0	7	29	0	0	0	29	0	0	4.5	29	0	0	0	29	0	0	2.165		99.9219	48.7239	0.0943883	0	0.94462	0.155901	14.8381	2		0	12.0616	36.4785	0	0	0	
2024-06-11 14:22:40	1177	2358	9	0	0	1	5	0	0	0	5	0	0	5.25	5	0	0	0	5	0	0	3.68		99.9351	49.0331	0.0660383	0	0.660812	0.414845	17.646	1		0	12.0705	39.0775	0	0	0	
2024-06-11 14:22:55	1179	2359	9	0	0	1	5	0	0	0	5	0	0	4	5	0	0	0	5	0	0	2.598		99.9327	49.0507	0.0800984	0	0.801524	0.0207215	15.1084	1		0	12.0705	38.8176	0	0	0	
2024-06-11 14:38:50	1295	2360	1	0	0	4.75	20	0	0	0	20	0	0	3	20	0	0	0	20	0	0	1.515		99.919	48.6169	0.134437	0	1.34546	0.751635	14.7942	1		0	12.0705	36.4785	0	0	0	
2024-06-11 14:31:33	1243	2361	5	0	0	6	25	0	0	0	25	0	0	3	25	0	0	0	25	0	0	2.598		99.92	48.9991	0.0768991	0	0.769607	0.058405	14.5068	1		0	12.0616	36.4785	0	0	0	
2024-06-11 14:24:40	1192	2362	1	0	0	2	9	0	0	0	9	0	0	2.25	9	0	0	0	9	0	0	0.216		99.9268	48.8206	0.993338	0	9.94066	0.494938	15.6148	1		0	12.0705	38.0379	0	0	0	
2024-06-11 14:33:09	1255	2363	1	0	0	7	29	0	0	0	29	0	0	0.5	29	0	0	0	29	0	0	5.628		99.9173	48.7382	0.0415657	0	0.416001	0.150294	16.9898	1		0	12.0705	36.4785	0	0	0	
2024-06-11 14:21:21	1168	2364	5	0	0	0	1	0	0	0	1	0	0	3.5	1	0	0	0	1	0	0	3.031		99.9322	49.5301	0.0797972	0	0.798513	0.170356	17.5602	2		0	11.973	40.117	0	0	0	
2024-06-11 14:40:30	1306	2365	1	0	0	1.75	8	0	0	0	8	0	0	0	8	0	0	0	8	0	0	1.515		99.922	48.5986	0.131998	0	1.32101	0.575362	14.5253	1		0	12.0616	36.3486	0	0	0	
2024-06-11 14:30:53	1238	2366	9	0	0	6	25	0	0	0	25	0	0	7	25	0	0	0	25	0	0	0.866		99.9187	48.9074	0.292655	0	2.92893	0.628064	18.403	1		0	12.0705	36.6085	0	0	0	
2024-06-11 14:39:37	1300	2367	1	0	0	6.5	27	0	0	0	27	0	0	1.25	27	0	0	0	27	0	0	4.546		99.9208	48.5592	0.0614962	0	0.615449	0.123385	20.3017	2		0	12.0705	36.4785	0	0	0	
2024-06-11 14:34:38	1266	2368	1	0	0	7.75	32	0	0	0	32	0	0	1.25	32	0	0	0	32	0	0	5.628		99.9225	49.1845	0.0390292	0	0.390595	0.0465997	15.9522	1		0	12.0705	36.4785	0	0	0	
2024-06-11 14:28:49	1224	2369	5	0	0	5	21	0	0	0	21	0	0	5.5	21	0	0	0	21	0	0	0.433		99.9249	49.5905	0.914502	0	9.15189	0.211055	28.7515	2		0	12.0616	36.8684	0	0	0	
2024-06-11 14:29:10	1226	2370	9	0	0	5	21	0	0	0	21	0	0	4.25	21	0	0	0	21	0	0	0.649		99.9219	49.6862	0.41121	0	4.11531	0.621823	19.3929	1		0	12.0616	36.7384	0	0	0	
2024-06-11 14:26:28	1206	2371	1	0	0	3	13	0	0	0	13	0	0	1	13	0	0	0	13	0	0	1.732		99.9202	49.418	0.116354	0	1.16447	0.557086	14.6332	1		0	12.0705	37.3882	0	0	0	
2024-06-11 14:22:55	1179	2372	1	0	0	1	5	0	0	0	5	0	0	2	5	0	0	0	5	0	0	0.866		99.9327	49.0507	0.256371	0	2.56543	0.439686	16.1191	1		0	12.0705	38.8176	0	0	0	
2024-06-11 14:35:51	1275	2373	9	0	0	1.75	8	0	0	0	8	0	0	6	8	0	0	0	8	0	0	3.68		99.9205	48.7497	0.0611074	0	0.61156	0.416282	16.3308	1		0	11.973	36.3486	0	0	0	
2024-06-11 14:28:02	1219	2374	5	0	0	4	17	0	0	0	17	0	0	2.25	17	0	0	0	17	0	0	1.515		99.9221	48.6748	0.128782	0	1.28882	0.0828563	14.1713	1		0	12.0705	36.9983	0	0	0	
2024-06-11 14:34:04	1262	2375	9	0	0	7.75	32	0	0	0	32	0	0	6	32	0	0	0	32	0	0	1.515		99.9183	49.2466	0.15606	0	1.56188	0.0532272	17.1737	1		0	12.0705	36.4785	0	0	0	
2024-06-11 14:33:31	1258	2376	9	0	0	7.75	32	0	0	0	32	0	0	4.75	32	0	0	0	32	0	0	2.598		99.9184	49.0843	0.0853577	0	0.854274	0.139942	16.1027	2		0	12.0705	36.4785	0	0	0	
2024-06-11 14:29:53	1232	2377	1	0	0	6	25	0	0	0	25	0	0	2	25	0	0	0	25	0	0	3.464		99.9179	48.9671	0.0616039	0	0.616546	0.310174	15.4955	2		0	12.0616	36.7384	0	0	0	
2024-06-11 14:27:04	1211	2378	9	0	0	4	17	0	0	0	17	0	0	5.5	17	0	0	0	17	0	0	1.299		99.9189	48.8346	0.186808	0	1.8696	0.718916	17.6206	1		0	12.0705	37.2582	0	0	0	
2024-06-11 14:27:26	1214	2379	9	0	0	4	17	0	0	0	17	0	0	4.25	17	0	0	0	17	0	0	0.216		99.9212	48.771	0.871417	0	8.72104	0.403108	13.699	1		0	12.0616	36.9983	0	0	0	
2024-06-11 14:21:39	1170	2380	1	0	0	0	1	0	0	0	1	0	0	1.75	1	0	0	0	1	0	0	1.515		99.9305	49.4944	0.130041	0	1.30132	0.297901	14.3087	1		0	12.0705	39.8571	0	0	0	
2024-06-11 14:41:47	1315	2381	1	0	0	3.75	16	0	0	4	16	0	0	3.5	16	0	0	4.25	16	0	0	0.13		99.9214	18.9252	0.718497	0	7.19062	0.273597	11.295	1		0	11.973	36.4785	0	0	0	
2024-06-11 14:26:28	1206	2382	5	0	0	3	13	0	0	0	13	0	0	2.75	13	0	0	0	13	0	0	0.216		99.9202	49.418	1.00635	0	10.0715	0.661793	15.8204	1		0	12.0705	37.3882	0	0	0	
2024-06-11 14:24:33	1191	2383	9	0	0	2	9	0	0	0	9	0	0	6	9	0	0	0	9	0	0	3.464		99.9276	48.7683	0.0670696	0	0.671182	0.424275	16.8686	1		0	12.0705	38.0379	0	0	0	
2024-06-11 14:23:50	1186	2384	5	0	0	2	9	0	0	0	9	0	0	4.75	9	0	0	0	9	0	0	2.381		99.9319	48.8192	0.0900046	0	0.90066	0.211369	15.5623	1		0	12.0705	38.2978	0	0	0	
2024-06-11 14:32:00	1246	2385	5	0	0	7	29	0	0	0	29	0	0	5	29	0	0	0	29	0	0	1.732		99.9174	48.6925	0.134746	0	1.34858	0.297149	16.9467	1		0	12.0616	36.4785	0	0	0	
2024-06-11 14:33:02	1254	2386	1	0	0	7	29	0	0	0	29	0	0	3.75	29	0	0	0	29	0	0	2.814		99.9211	48.7651	0.0697992	0	0.698543	0.0367344	14.2645	1		0	12.0616	36.3486	0	0	0	
2024-06-11 14:22:48	1178	2387	1	0	0	1	5	0	0	0	5	0	0	3.25	5	0	0	0	5	0	0	1.948		99.9341	49.0472	0.103167	0	1.03235	0.016031	14.5945	1		0	12.0705	38.9475	0	0	0	
2024-06-11 14:35:24	1272	2388	9	0	0	2.75	12	0	0	0	12	0	0	5	12	0	0	0	12	0	0	1.948		99.9226	48.2707	0.106766	0	1.06849	0.146268	15.1054	2		0	11.973	36.3486	0	0	0	
2024-06-11 14:28:41	1223	2389	1	0	0	5	21	0	0	0	21	0	0	1.75	21	0	0	0	21	0	0	2.814		99.9203	49.6413	0.0725944	0	0.726523	0.101157	14.8359	1		0	12.0705	36.8684	0	0	0	
2024-06-11 14:24:40	1192	2390	5	0	0	2	9	0	0	0	9	0	0	1.5	9	0	0	0	9	0	0	0.433		99.9268	48.8206	0.548876	0	5.49279	0.445056	17.2561	1		0	12.0705	38.0379	0	0	0	
2024-06-11 14:21:07	1166	2391	1	0	0	0	1	0	0	0	1	0	0	2.75	1	0	0	0	1	0	0	2.381		99.9305	49.7342	0.111288	0	1.11366	0.39489	19.2426	1		0	12.0705	40.247	0	0	0	
2024-06-11 14:35:17	1271	2392	9	0	0	3.25	14	0	0	0	14	0	0	4.5	14	0	0	0	14	0	0	1.082		99.9241	48.7091	0.199476	0	1.99628	0.677938	15.6787	1		0.0088623	12.0705	36.3486	0	0	0	
2024-06-11 14:26:05	1203	2393	5	0	0	3	13	0	0	0	13	0	0	6.75	13	0	0	0	13	0	0	3.247		99.9205	49.4002	0.0633599	0	0.634103	0.259704	14.9407	1		0	11.973	37.5181	0	0	0	
2024-06-11 14:21:54	1172	2394	9	0	0	1	5	0	0	0	5	0	0	7.25	5	0	0	0	5	0	0	5.412		99.9331	48.9114	0.0634412	0	0.634837	1.29214	24.93	4		0	12.0616	39.5972	0	0	0	
2024-06-11 14:30:35	1236	2395	5	0	0	6	25	0	0	0	25	0	0	7.5	25	0	0	0	25	0	0	1.299		99.9203	48.9511	0.178436	0	1.78578	0.490126	16.8306	1		0	12.0705	36.4785	0	0	0	
2024-06-11 14:29:53	1232	2396	5	0	0	6	25	0	0	0	25	0	0	6.25	25	0	0	0	25	0	0	0.216		99.9179	48.9671	1.06589	0	10.6676	0.523912	16.7567	2		0	12.0616	36.7384	0	0	0	
2024-06-11 14:34:29	1265	2397	5	0	0	7.75	32	0	0	0	32	0	0	0.5	32	0	0	0	32	0	0	6.278		99.9215	49.2489	0.0366385	0	0.366673	0.0120664	16.7031	1		0	12.0705	36.4785	0	0	0	
2024-06-11 14:29:17	1227	2398	1	0	0	5	21	0	0	0	21	0	0	3.5	21	0	0	0	21	0	0	1.299		99.9232	49.6233	0.158589	0	1.58711	0.501082	14.9582	1		0	12.0705	36.6085	0	0	0	
2024-06-11 14:26:35	1207	2399	1	0	0	3	13	0	0	0	13	0	0	0.25	13	0	0	0	13	0	0	2.381		99.9172	49.3735	0.0811937	0	0.81261	0.0535636	14.0409	1		0	12.0705	37.3882	0	0	0	
2024-06-11 14:21:54	1172	2400	1	0	0	1	5	0	0	0	5	0	0	1.25	5	0	0	0	5	0	0	0.216		99.9331	48.9114	0.972303	0	9.72954	0.331544	15.2831	4		0	12.0616	39.5972	0	0	0	
2024-06-11 14:26:57	1210	2401	1	0	0	4	17	0	0	0	17	0	0	1.5	17	0	0	0	17	0	0	2.165		99.9213	48.7587	0.0871623	0	0.87231	0.459801	13.7022	1		0	12.0705	37.2582	0	0	0	
2024-06-11 14:35:58	1276	2402	9	0	0	1.5	7	0	0	0	7	0	0	6.25	7	0	0	0	7	0	0	4.113		99.9184	48.0798	0.0520761	0	0.521186	0.52941	15.5549	1		0	12.0705	36.3486	0	0	0	
2024-06-11 14:33:24	1257	2403	5	0	0	7.75	32	0	0	0	32	0	0	5.25	32	0	0	0	32	0	0	2.165		99.9205	49.163	0.108703	0	1.0879	0.430639	17.0887	1		0	12.0705	36.4785	0	0	0	
2024-06-11 14:34:04	1262	2404	5	0	0	7.75	32	0	0	0	32	0	0	4	32	0	0	0	32	0	0	3.247		99.9183	49.2466	0.0617729	0	0.618235	0.676774	14.5668	1		0	12.0705	36.4785	0	0	0	
2024-06-11 14:30:35	1236	2405	1	0	0	6	25	0	0	0	25	0	0	1.25	25	0	0	0	25	0	0	4.113		99.9203	48.9511	0.0584295	0	0.584761	0.151908	17.4523	1		0	12.0705	36.4785	0	0	0	
2024-06-11 14:27:18	1213	2406	1	0	0	4	17	0	0	0	17	0	0	3.5	17	0	0	0	17	0	0	0.433		99.9212	48.7155	0.520181	0	5.20591	0.270051	16.3549	1		0	11.973	37.1283	0	0	0	
2024-06-11 14:20:29	1161	2407	1	0	0	0	1	0	0	0	1	0	0	1	1	0	0	0	1	0	0	0.866		99.9372	50.0573	0.251125	0	2.51283	0.083389	15.7886	2		0	12.0705	41.1566	0	0	0	
2024-06-11 14:24:05	1188	2408	9	0	0	2	9	0	0	0	9	0	0	5.25	9	0	0	0	9	0	0	2.814		99.9264	48.8775	0.0812673	0	0.813272	0.278829	16.6073	1		0	12.0705	38.1678	0	0	0	
2024-06-11 14:23:50	1186	2409	9	0	0	2	9	0	0	0	9	0	0	4	9	0	0	0	9	0	0	1.732		99.9319	48.8192	0.118278	0	1.18359	0.0664454	14.8734	1		0	12.0705	38.2978	0	0	0	
2024-06-11 14:40:47	1308	2410	1	0	0	3.5	15	0	0	0	15	0	0	2.25	15	0	0	0	15	0	0	1.082		99.9211	47.891	0.202056	0	2.02216	0.744511	15.882	1		0	11.973	36.4785	0	0	0	
2024-06-11 14:32:48	1252	2411	5	0	0	7	29	0	0	0	29	0	0	3	29	0	0	0	29	0	0	3.464		99.9193	48.7514	0.0569501	0	0.56996	0.370642	14.3247	1		0	12.0616	36.4785	0	0	0	
2024-06-11 14:23:02	1180	2412	1	0	0	1	5	0	0	0	5	0	0	2.5	5	0	0	0	5	0	0	1.299		99.9339	48.9659	0.168757	0	1.68869	0.241131	15.9155	1		0	12.0705	38.8176	0	0	0	
2024-06-11 14:20:53	1164	2413	9	0	0	0	1	0	0	0	1	0	0	6.75	1	0	0	0	1	0	0	5.845		99.933	49.841	0.0371077	0	0.371326	0.107661	15.7485	1		0	12.0705	40.5069	0	0	0	
2024-06-11 14:37:11	1284	2414	1	0	0	2.75	12	0	0	0	12	0	0	3	12	0	0	0	12	0	0	0.216		99.9165	48.1682	1.02568	0	10.2654	0.164657	16.1249	2		0	12.0705	36.3486	0	0	0	
2024-06-11 14:29:00	1225	2415	1	0	0	5	21	0	0	0	21	0	0	1	21	0	0	0	21	0	0	3.464		99.9199	49.5644	0.0603217	0	0.603701	0.00111212	15.1727	2		0	12.0705	36.8684	0	0	0	
2024-06-11 14:43:20	1324	2416	1	0	0	0.5	3	0	0	7.25	3	0	0	2.75	3	0	0	5	3	0	0	1.168		99.9224	20.8334	0.0964617	0	0.965367	0.279161	13.6475	2		0	12.0705	36.4785	0	0	0	
2024-06-11 14:38:05	1290	2417	9	0	0	6.75	28	0	0	0	28	0	0	7	28	0	0	0	28	0	0	0.216		99.9174	48.424	1.00979	0	10.1062	0.247203	15.8749	2		0	12.0705	36.4785	0	0	0	
2024-06-11 14:23:30	1184	2418	1	0	0	2	9	0	0	0	9	0	0	0.75	9	0	0	0	9	0	0	1.082		99.9319	48.8414	0.195999	0	1.96133	0.455821	15.4042	2		0	12.0705	38.4277	0	0	0	
2024-06-11 14:26:05	1203	2419	9	0	0	3	13	0	0	0	13	0	0	6	13	0	0	0	13	0	0	2.598		99.9205	49.4002	0.0818311	0	0.818962	0.137415	15.4371	1		0	11.973	37.5181	0	0	0	
2024-06-11 14:25:25	1198	2420	9	0	0	3	13	0	0	0	13	0	0	4.75	13	0	0	0	13	0	0	1.515		99.9234	49.3848	0.14177	0	1.41878	0.417884	15.6003	1		0	12.0705	37.5181	0	0	0	
2024-06-11 14:22:18	1174	2421	5	0	0	1	5	0	0	0	5	0	0	7.75	5	0	0	0	5	0	0	5.845		99.9294	49.0521	0.0376509	0	0.376775	0.0738282	15.9796	1		0.0088623	12.0705	39.3374	0	0	0	
2024-06-11 14:22:09	1173	2422	5	0	0	1	5	0	0	0	5	0	0	6.5	5	0	0	0	5	0	0	4.762		99.932	49.1701	0.0526983	0	0.527341	0.200456	18.2236	2		0.0088623	12.0705	39.4673	0	0	0	
2024-06-11 14:30:35	1236	2423	9	0	0	6	25	0	0	0	25	0	0	5.5	25	0	0	0	25	0	0	0.433		99.9203	48.9511	0.82428	0	8.24937	0.87949	25.9162	1		0	12.0705	36.4785	0	0	0	
2024-06-11 14:30:24	1235	2424	5	0	0	6	25	0	0	0	25	0	0	4.25	25	0	0	0	25	0	0	1.515		99.9166	48.8479	0.142387	0	1.42506	0.0425443	15.6693	2		0	11.973	36.6085	0	0	0	
2024-06-11 14:29:10	1226	2425	1	0	0	5	21	0	0	0	21	0	0	2.75	21	0	0	0	21	0	0	1.948		99.9219	49.6862	0.100282	0	1.00361	0.477666	14.1882	1		0	12.0616	36.7384	0	0	0	
2024-06-11 14:22:18	1174	2426	1	0	0	1	5	0	0	0	5	0	0	0.5	5	0	0	0	5	0	0	0.433		99.9294	49.0521	0.589199	0	5.89615	0.612203	18.5233	1		0.0088623	12.0705	39.3374	0	0	0	
2024-06-11 14:27:41	1216	2427	5	0	0	4	17	0	0	0	17	0	0	0.75	17	0	0	0	17	0	0	2.814		99.9204	48.743	0.0714665	0	0.715234	0.00811911	14.6053	1		0	12.0705	36.9983	0	0	0	
2024-06-11 14:34:45	1267	2428	5	0	0	7.75	32	0	0	0	32	0	0	3.25	32	0	0	0	32	0	0	3.897		99.921	49.1241	0.0520007	0	0.520418	0.0913653	14.7145	1		0	11.973	36.3486	0	0	0	
2024-06-11 14:42:26	1319	2429	1	0	0	2.75	12	0	0	5	12	0	0	0.5	12	0	0	7.25	12	0	0	1.168		99.9241	20.6306	0.102111	0	1.02188	0.385045	14.4465	2		0	12.0705	36.4785	0	0	0	
2024-06-11 14:36:04	1277	2430	9	0	0	1.25	6	0	0	0	6	0	0	6.5	6	0	0	0	6	0	0	4.546		99.917	48.6212	0.0503723	0	0.504141	0.58279	16.63	1		0	12.0616	36.3486	0	0	0	
2024-06-11 14:30:53	1238	2431	1	0	0	6	25	0	0	0	25	0	0	0.5	25	0	0	0	25	0	0	4.762		99.9187	48.9074	0.0577531	0	0.578001	0.128097	19.9743	1		0	12.0705	36.6085	0	0	0	
2024-06-11 14:27:48	1217	2432	1	0	0	4	17	0	0	0	17	0	0	2.75	17	0	0	0	17	0	0	1.082		99.9179	48.7318	0.193155	0	1.93314	0.0693994	15.1829	1		0	12.0705	36.9983	0	0	0	
2024-06-11 14:20:13	1160	2433	1	0	0	0	1	0	0	0	1	0	0	0.25	1	0	0	0	1	0	0	0.216		99.938	50.4118	0.94259	0	9.43175	0.317618	14.8154	2		0	12.035	41.0267	0	0	0	
2024-06-11 14:24:05	1188	2434	1	0	0	2	9	0	0	0	9	0	0	3.25	9	0	0	0	9	0	0	1.082		99.9264	48.8775	0.202118	0	2.02267	0.361042	15.886	1		0	12.0705	38.1678	0	0	0	
2024-06-11 14:32:37	1251	2435	1	0	0	7	29	0	0	0	29	0	0	1.75	29	0	0	0	29	0	0	4.546		99.9156	48.6832	0.0474736	0	0.475137	0.123186	15.6732	2		0	12.0705	36.4785	0	0	0	
2024-06-11 14:20:39	1162	2436	5	0	0	0	1	0	0	0	1	0	0	6	1	0	0	0	1	0	0	5.195		99.9288	49.9948	0.0494947	0	0.495299	0.109185	18.6724	1		0	12.0705	40.8967	0	0	0	
2024-06-11 14:21:07	1166	2437	9	0	0	0	1	0	0	0	1	0	0	4.75	1	0	0	0	1	0	0	4.113		99.9305	49.7342	0.0537072	0	0.537445	0.261425	16.0401	1		0	12.0705	40.247	0	0	0	
2024-06-11 14:39:55	1302	2438	1	0	0	7.25	30	0	0	0	30	0	0	0.5	30	0	0	0	30	0	0	5.845		99.9219	48.625	0.0468927	0	0.469293	0.96276	19.9034	1		0	12.0705	36.4785	0	0	0	
2024-06-11 14:28:49	1224	2439	1	0	0	5	21	0	0	0	21	0	0	0.25	21	0	0	0	21	0	0	4.113		99.9249	49.5905	0.0466593	0	0.466944	0.417576	13.936	2		0	12.0616	36.8684	0	0	0	
2024-06-11 14:28:10	1220	2440	9	0	0	5	21	0	0	0	21	0	0	6.75	21	0	0	0	21	0	0	1.515		99.9216	49.665	0.160118	0	1.60244	0.20732	17.6197	2		0	12.0705	36.9983	0	0	0	
2024-06-11 14:26:21	1205	2441	1	0	0	3	13	0	0	0	13	0	0	2.25	13	0	0	0	13	0	0	0.649		99.9173	49.3841	0.378731	0	3.79045	0.555439	17.8621	1		0	12.0705	37.3882	0	0	0	
2024-06-11 14:23:50	1186	2442	1	0	0	2	9	0	0	0	9	0	0	0	9	0	0	0	9	0	0	1.732		99.9319	48.8192	0.135284	0	1.35376	0.767268	17.0119	1		0	12.0705	38.2978	0	0	0	
2024-06-11 14:38:15	1291	2443	9	0	0	6.5	27	0	0	0	27	0	0	7.25	27	0	0	0	27	0	0	0.649		99.9188	48.6028	0.4158	0	4.16138	0.339091	19.6101	2		0	11.973	36.3486	0	0	0	
2024-06-11 14:34:12	1263	2444	9	0	0	7.75	32	0	0	0	32	0	0	7.25	32	0	0	0	32	0	0	0.433		99.9201	49.1497	0.572419	0	5.72876	0.17869	17.9974	2		0	12.0705	36.4785	0	0	0	
2024-06-11 14:40:02	1303	2445	1	0	0	7.5	31	0	0	0	31	0	0	0.25	31	0	0	0	31	0	0	6.278		99.9231	48.7085	0.0368399	0	0.368682	0.667834	16.7946	2		0.0088623	11.973	36.4785	0	0	0	
2024-06-11 14:36:42	1281	2446	1	0	0	0.75	4	0	0	0	4	0	0	1	4	0	0	0	4	0	0	0.216		99.9211	49.2344	1.06721	0	10.6805	0.678143	16.7769	1		0	12.0616	36.3486	0	0	0	
2024-06-11 14:39:07	1297	2447	1	0	0	5.5	23	0	0	0	23	0	0	2.25	23	0	0	0	23	0	0	2.814		99.9243	48.9171	0.10829	0	1.08372	0.750897	22.13	2		0	11.973	36.4785	0	0	0	
2024-06-11 14:26:42	1208	2448	5	0	0	4	17	0	0	0	17	0	0	6.75	17	0	0	0	17	0	0	2.381		99.9173	48.7223	0.0790021	0	0.790675	0.45433	13.6619	1		0	11.973	37.2582	0	0	0	
2024-06-11 14:25:43	1200	2449	5	0	0	3	13	0	0	0	13	0	0	5.25	13	0	0	0	13	0	0	1.948		99.9244	49.352	0.109357	0	1.0944	0.18951	15.4717	1		0	12.0705	37.6481	0	0	0	
2024-06-11 14:25:08	1196	2450	9	0	0	3	13	0	0	0	13	0	0	4	13	0	0	0	13	0	0	0.866		99.9239	49.3363	0.257048	0	2.57244	0.0109889	16.1631	2		0	12.0705	37.778	0	0	0	
2024-06-11 14:24:13	1189	2451	5	0	0	2	9	0	0	0	9	0	0	7.25	9	0	0	0	9	0	0	4.546		99.9255	48.8144	0.055307	0	0.553482	0.0460048	18.2576	2		0	12.0705	38.1678	0	0	0	
2024-06-11 14:32:15	1248	2452	5	0	0	7	29	0	0	0	29	0	0	7.5	29	0	0	0	29	0	0	0.433		99.9163	48.7379	0.575815	0	5.76297	0.809592	18.1049	1		0	12.0705	36.4785	0	0	0	
2024-06-11 14:32:22	1249	2453	9	0	0	7	29	0	0	0	29	0	0	6.25	29	0	0	0	29	0	0	0.649		99.9158	48.7538	0.402251	0	4.0259	0.715498	18.9716	1		0	12.0705	36.4785	0	0	0	
2024-06-11 14:22:48	1178	2454	9	0	0	1	5	0	0	0	5	0	0	5.75	5	0	0	0	5	0	0	4.113		99.9341	49.0472	0.0526964	0	0.527312	0.470074	15.7377	1		0	12.0705	38.9475	0	0	0	
2024-06-11 14:22:33	1176	2455	5	0	0	1	5	0	0	0	5	0	0	4.5	5	0	0	0	5	0	0	3.031		99.931	49.0516	0.0696124	0	0.696605	0.390123	15.3191	1		0	12.0705	39.2074	0	0	0	
2024-06-11 14:31:10	1240	2456	5	0	0	6	25	0	0	0	25	0	0	3.5	25	0	0	0	25	0	0	2.165		99.9184	48.9211	0.0876739	0	0.877455	0.00163299	13.783	1		0	12.0616	36.4785	0	0	0	
2024-06-11 14:27:26	1214	2457	1	0	0	4	17	0	0	0	17	0	0	0	17	0	0	0	17	0	0	3.464		99.9212	48.771	0.060916	0	0.609641	0.360538	15.3219	1		0	12.0616	36.9983	0	0	0	
2024-06-11 14:33:42	1259	2458	1	0	0	7.75	32	0	0	0	32	0	0	2.5	32	0	0	0	32	0	0	4.546		99.9228	49.1405	0.0483083	0	0.483456	0.234264	15.9476	1		0	12.0705	36.3486	0	0	0	
2024-06-11 14:24:22	1190	2459	1	0	0	2	9	0	0	0	9	0	0	2.5	9	0	0	0	9	0	0	0.433		99.9245	48.7808	0.566579	0	5.67007	0.0855129	17.813	2		0	11.973	38.0379	0	0	0	
2024-06-11 14:32:55	1253	2460	5	0	0	7	29	0	0	0	29	0	0	1	29	0	0	0	29	0	0	5.195		99.9189	48.769	0.0421326	0	0.421668	0.149138	15.8965	1		0	12.0616	36.4785	0	0	0	
2024-06-11 14:21:15	1167	2461	5	0	0	0	1	0	0	0	1	0	0	5.25	1	0	0	0	1	0	0	4.546		99.9312	49.659	0.0501758	0	0.502103	0.212564	16.5627	1		0	12.0705	40.117	0	0	0	
2024-06-11 14:20:29	1161	2462	5	0	0	0	1	0	0	0	1	0	0	4	1	0	0	0	1	0	0	3.464		99.9372	50.0573	0.0661857	0	0.662273	0.442375	16.6447	2		0	12.0705	41.1566	0	0	0	
2024-06-11 14:33:57	1261	2463	1	0	0	7.75	32	0	0	0	32	0	0	1.75	32	0	0	0	32	0	0	5.195		99.924	49.1839	0.0416279	0	0.416596	0.434508	15.7053	1		0	12.0616	36.4785	0	0	0	
2024-06-11 14:28:30	1222	2464	9	0	0	5	21	0	0	0	21	0	0	6	21	0	0	0	21	0	0	0.866		99.9204	49.5473	0.376208	0	3.76507	0.0849107	23.6566	2		0	11.973	36.8684	0	0	0	
2024-06-11 14:29:00	1225	2465	9	0	0	5	21	0	0	0	21	0	0	4.75	21	0	0	0	21	0	0	0.216		99.9199	49.5644	1.19595	0	11.9691	0.109804	18.801	2		0	12.0705	36.8684	0	0	0	
2024-06-11 14:25:25	1198	2466	1	0	0	3	13	0	0	0	13	0	0	1.5	13	0	0	0	13	0	0	1.299		99.9234	49.3848	0.157397	0	1.57518	0.510098	14.8457	1		0	12.0705	37.5181	0	0	0	
2024-06-11 14:33:57	1261	2467	5	0	0	7.75	32	0	0	0	32	0	0	6.5	32	0	0	0	32	0	0	1.082		99.924	49.1839	0.221381	0	2.21549	0.419169	17.4004	1		0	12.0616	36.4785	0	0	0	
2024-06-11 14:35:43	1274	2468	9	0	0	2.25	10	0	0	0	10	0	0	5.5	10	0	0	0	10	0	0	2.814		99.9196	48.8306	0.0900182	0	0.900907	0.720128	18.3968	1		0	12.0616	36.2187	0	0	0	
2024-06-11 14:42:11	1318	2469	1	0	0	3	13	0	0	4.75	13	0	0	1.25	13	0	0	6.5	13	0	0	0.908		99.9253	20.7378	0.0744319	0	0.744875	1.87813	8.19033	4		0	12.0616	36.4785	0	0	0	
2024-06-11 14:26:49	1209	2470	9	0	0	4	17	0	0	0	17	0	0	6	17	0	0	0	17	0	0	1.732		99.9203	48.8005	0.117258	0	1.17352	0.44105	14.7469	1		0	12.0705	37.2582	0	0	0	
2024-06-11 14:27:34	1215	2471	5	0	0	4	17	0	0	0	17	0	0	4.75	17	0	0	0	17	0	0	0.649		99.9209	48.7347	0.370804	0	3.71097	0.186754	17.4875	1		0	12.0705	36.9983	0	0	0	
2024-06-11 14:20:46	1163	2472	1	0	0	0	1	0	0	0	1	0	0	2.25	1	0	0	0	1	0	0	1.948		99.932	49.8816	0.117388	0	1.17468	0.606503	16.6067	1		0	12.0705	40.6368	0	0	0	
2024-06-11 14:42:01	1317	2473	1	0	0	3.25	14	0	0	4.5	14	0	0	2	14	0	0	5.75	14	0	0	0.649		99.9222	20.4253	0.255368	0	2.55566	0.110541	20.0721	2		0	12.0705	36.4785	0	0	0	
2024-06-11 14:25:50	1201	2474	1	0	0	3	13	0	0	0	13	0	0	3.25	13	0	0	0	13	0	0	0.216		99.9206	49.365	1.0098	0	10.1061	0.683634	15.8746	1		0	12.0705	37.5181	0	0	0	
2024-06-11 14:23:40	1185	2475	5	0	0	2	9	0	0	0	9	0	0	7.75	9	0	0	0	9	0	0	4.979		99.9298	48.7737	0.0424572	0	0.42487	0.0173098	15.3498	2		0	12.0705	38.5577	0	0	0	
2024-06-11 14:23:57	1187	2476	9	0	0	2	9	0	0	0	9	0	0	6.5	9	0	0	0	9	0	0	3.897		99.9269	48.8456	0.0536959	0	0.537352	0.33471	15.1933	1		0	12.0705	38.2978	0	0	0	
2024-06-11 14:32:30	1250	2477	5	0	0	7	29	0	0	0	29	0	0	5.5	29	0	0	0	29	0	0	1.299		99.9157	48.7577	0.199518	0	1.99686	0.406406	18.82	1		0	12.0705	36.4785	0	0	0	
2024-06-11 14:32:00	1246	2478	9	0	0	7	29	0	0	0	29	0	0	4.25	29	0	0	0	29	0	0	2.381		99.9174	48.6925	0.0836954	0	0.837645	0.153171	14.4735	1		0	12.0616	36.4785	0	0	0	
2024-06-11 14:22:33	1176	2479	9	0	0	1	5	0	0	0	5	0	0	5	5	0	0	0	5	0	0	3.464		99.931	49.0516	0.0677088	0	0.677556	0.427316	17.0288	1		0	12.0705	39.2074	0	0	0	
2024-06-11 14:23:16	1182	2480	5	0	0	1	5	0	0	0	5	0	0	3.75	5	0	0	0	5	0	0	2.381		99.932	48.9693	0.0892906	0	0.893514	0.0707207	15.4388	1		0	12.0705	38.6876	0	0	0	
2024-06-11 14:31:33	1243	2481	1	0	0	6	25	0	0	0	25	0	0	2.75	25	0	0	0	25	0	0	2.814		99.92	48.9991	0.0712648	0	0.713219	0.0720832	14.5642	1		0	12.0616	36.4785	0	0	0	
2024-06-11 14:29:24	1228	2482	5	0	0	5	21	0	0	0	21	0	0	2.25	21	0	0	0	21	0	0	2.381		99.9187	49.6393	0.0801529	0	0.802182	0.402969	13.8607	1		0	12.0616	36.7384	0	0	0	
2024-06-11 14:32:48	1252	2483	1	0	0	7	29	0	0	0	29	0	0	0.25	29	0	0	0	29	0	0	5.845		99.9193	48.7514	0.0350977	0	0.35126	0.462112	14.8975	1		0	12.0616	36.4785	0	0	0	
2024-06-11 14:20:53	1164	2484	1	0	0	0	1	0	0	0	1	0	0	3.25	1	0	0	0	1	0	0	2.814		99.933	49.841	0.0723854	0	0.724339	0.129887	14.7913	1		0	12.0705	40.5069	0	0	0	
2024-06-11 14:25:33	1199	2485	5	0	0	3	13	0	0	0	13	0	0	7.25	13	0	0	0	13	0	0	3.68		99.9218	49.385	0.0696957	0	0.697502	0.252492	18.6258	2		0	12.0705	37.6481	0	0	0	
2024-06-11 14:30:15	1234	2486	9	0	0	6	25	0	0	0	25	0	0	6.75	25	0	0	0	25	0	0	0.649		99.9183	48.8581	0.419626	0	4.19969	0.168609	19.7906	2		0	12.0705	36.6085	0	0	0	
2024-06-11 14:34:59	1269	2487	9	0	0	3.75	16	0	0	0	16	0	0	4	16	0	0	0	16	0	0	0.216		99.9214	48.6099	0.873105	0	8.73792	0.107978	13.7255	2		0	12.0705	36.4785	0	0	0	
2024-06-11 14:34:12	1263	2488	1	0	0	7.75	32	0	0	0	32	0	0	1	32	0	0	0	32	0	0	5.845		99.9201	49.1497	0.0374171	0	0.37447	0.16421	15.8818	2		0	12.0705	36.4785	0	0	0	
2024-06-11 14:29:00	1225	2489	5	0	0	5	21	0	0	0	21	0	0	5.25	21	0	0	0	21	0	0	0.216		99.9199	49.5644	1.38535	0	13.8646	0.146821	21.7785	2		0	12.0705	36.8684	0	0	0	
2024-06-11 14:29:10	1226	2490	5	0	0	5	21	0	0	0	21	0	0	4	21	0	0	0	21	0	0	0.866		99.9219	49.6862	0.268589	0	2.68798	0.548679	16.8891	1		0	12.0616	36.7384	0	0	0	
2024-06-11 14:25:43	1200	2491	1	0	0	3	13	0	0	0	13	0	0	0.75	13	0	0	0	13	0	0	1.948		99.9244	49.352	0.103471	0	1.03549	0.369331	14.6389	1		0	12.0705	37.6481	0	0	0	
2024-06-11 14:23:16	1182	2492	1	0	0	1	5	0	0	0	5	0	0	1.75	5	0	0	0	5	0	0	0.649		99.932	48.9693	0.369437	0	3.69689	0.344806	17.4212	1		0	12.0705	38.6876	0	0	0	
2024-06-11 14:26:42	1208	2493	1	0	0	4	17	0	0	0	17	0	0	2	17	0	0	0	17	0	0	1.732		99.9173	48.7223	0.112542	0	1.12635	0.423052	14.1541	1		0	11.973	37.2582	0	0	0	
2024-06-11 14:33:42	1259	2494	5	0	0	7.75	32	0	0	0	32	0	0	5.75	32	0	0	0	32	0	0	1.732		99.9228	49.1405	0.137014	0	1.3712	0.249709	17.231	1		0	12.0705	36.3486	0	0	0	
2024-06-11 14:33:49	1260	2495	9	0	0	7.75	32	0	0	0	32	0	0	4.5	32	0	0	0	32	0	0	2.814		99.9213	49.1444	0.074926	0	0.74985	0.258767	15.3122	1		0	12.0705	36.3486	0	0	0	
2024-06-11 14:37:30	1286	2496	1	0	0	2.25	10	0	0	0	10	0	0	3.5	10	0	0	0	10	0	0	1.082		99.9209	48.743	0.205892	0	2.06055	0.724993	16.1836	1		0	12.0616	36.4785	0	0	0	
2024-06-11 14:36:35	1280	2497	9	0	0	0.25	2	0	0	0	2	0	0	7.5	2	0	0	0	2	0	0	6.278		99.9191	48.976	0.0348428	0	0.34871	0.0161054	15.8848	1		0	12.0705	36.3486	0	0	0	
2024-06-11 14:31:17	1241	2498	1	0	0	6	25	0	0	0	25	0	0	1.75	25	0	0	0	25	0	0	3.68		99.9194	48.9427	0.0640254	0	0.64077	0.783106	17.1108	1		0	12.0616	36.4785	0	0	0	
2024-06-11 14:27:11	1212	2499	5	0	0	4	17	0	0	0	17	0	0	5.25	17	0	0	0	17	0	0	1.082		99.9235	48.7802	0.221884	0	2.22054	0.0703173	17.4401	1		0	12.0616	37.1283	0	0	0	
2024-06-11 14:21:00	1165	2500	1	0	0	0	1	0	0	0	1	0	0	1.5	1	0	0	0	1	0	0	1.299		99.9332	49.7929	0.152936	0	1.53038	0.492877	14.4235	1		0	12.0705	40.3769	0	0	0	
2024-06-11 14:26:05	1203	2501	1	0	0	3	13	0	0	0	13	0	0	2.5	13	0	0	0	13	0	0	0.433		99.9205	49.4002	0.58481	0	5.85275	0.477943	18.387	1		0	11.973	37.5181	0	0	0	
2024-06-11 14:24:22	1190	2502	9	0	0	2	9	0	0	0	9	0	0	5.75	9	0	0	0	9	0	0	3.247		99.9245	48.7808	0.0666062	0	0.666566	0.115728	15.7056	2		0	11.973	38.0379	0	0	0	
2024-06-11 14:23:30	1184	2503	5	0	0	2	9	0	0	0	9	0	0	4.5	9	0	0	0	9	0	0	2.165		99.9319	48.8414	0.0963429	0	0.964086	0.0221888	15.1438	2		0	12.0705	38.4277	0	0	0	
2024-06-11 14:33:09	1255	2504	5	0	0	7	29	0	0	0	29	0	0	3.5	29	0	0	0	29	0	0	3.031		99.9173	48.7382	0.0638967	0	0.639496	0.00625367	14.0633	1		0	12.0705	36.4785	0	0	0	
2024-06-11 14:23:02	1180	2505	5	0	0	1	5	0	0	0	5	0	0	3	5	0	0	0	5	0	0	1.732		99.9339	48.9659	0.11904	0	1.19119	0.242908	14.9689	1		0	12.0705	38.8176	0	0	0	
2024-06-11 14:20:13	1160	2506	5	0	0	0	1	0	0	0	1	0	0	7.25	1	0	0	0	1	0	0	6.278		99.938	50.4118	0.0366892	0	0.36712	0.00611746	16.7234	2		0	12.035	41.0267	0	0	0	
2024-06-11 14:28:20	1221	2507	1	0	0	5	21	0	0	0	21	0	0	1.5	21	0	0	0	21	0	0	3.031		99.9216	49.6026	0.0620816	0	0.621303	0.207354	13.6632	2		0	12.0705	36.9983	0	0	0	
2024-06-11 14:25:01	1195	2508	1	0	0	2	9	0	0	0	9	0	0	1.25	9	0	0	0	9	0	0	0.649		99.9244	48.7992	0.354698	0	3.54966	0.392661	16.7274	1		0	12.0705	37.908	0	0	0	
2024-06-11 14:40:22	1305	2509	1	0	0	1.5	7	0	0	0	7	0	0	0.25	7	0	0	0	7	0	0	1.082		99.9232	47.9057	0.194691	0	1.9484	0.79652	15.3027	1		0	12.0616	36.4785	0	0	0	
2024-06-11 14:21:32	1169	2510	5	0	0	0	1	0	0	0	1	0	0	2.5	1	0	0	0	1	0	0	2.165		99.9319	49.4788	0.093494	0	0.935577	0.418018	14.696	1		0	12.0705	39.8571	0	0	0	
2024-06-11 14:39:27	1299	2511	1	0	0	6.25	26	0	0	0	26	0	0	1.5	26	0	0	0	26	0	0	4.113		99.9233	48.7388	0.0565497	0	0.565931	0.447441	16.8903	2		0	12.0705	36.3486	0	0	0	
2024-06-11 14:41:29	1313	2512	9	0	0	7.25	30	0	0	0	30	0	0	6.5	30	0	0	0	30	0	0	0.649		99.9162	48.4927	0.407485	0	4.07827	0.168698	19.2184	2		0	11.973	36.4785	0	0	0	
2024-06-11 14:25:50	1201	2513	5	0	0	3	13	0	0	0	13	0	0	7.75	13	0	0	0	13	0	0	4.113		99.9206	49.365	0.0493566	0	0.493958	0.521299	14.7422	1		0	12.0705	37.5181	0	0	0	
2024-06-11 14:25:18	1197	2514	9	0	0	3	13	0	0	0	13	0	0	6.5	13	0	0	0	13	0	0	3.031		99.9252	49.3715	0.0695806	0	0.696327	0.00280552	15.313	1		0	12.0705	37.778	0	0	0	
2024-06-11 14:21:54	1172	2515	5	0	0	1	5	0	0	0	5	0	0	7	5	0	0	0	5	0	0	5.195		99.9331	48.9114	0.0419373	0	0.419654	0.103587	15.8206	4		0	12.0616	39.5972	0	0	0	
2024-06-11 14:31:00	1239	2516	5	0	0	6	25	0	0	0	25	0	0	4.75	25	0	0	0	25	0	0	1.082		99.9153	48.8986	0.263793	0	2.64017	0.147932	20.7358	2		0	12.0705	36.4785	0	0	0	
2024-06-11 14:34:29	1265	2517	1	0	0	7.75	32	0	0	0	32	0	0	0.25	32	0	0	0	32	0	0	6.494		99.9215	49.2489	0.0327199	0	0.327456	0.253989	15.431	1		0	12.0705	36.4785	0	0	0	
2024-06-11 14:29:32	1229	2518	1	0	0	5	21	0	0	0	21	0	0	3.25	21	0	0	0	21	0	0	1.515		99.9237	49.6484	0.130647	0	1.30747	0.534468	14.3764	1		0	12.0705	36.7384	0	0	0	
2024-06-11 14:25:58	1202	2519	1	0	0	3	13	0	0	0	13	0	0	0	13	0	0	0	13	0	0	2.598		99.922	49.4228	0.0773039	0	0.773642	0.0263827	14.5828	1		0	12.0705	37.5181	0	0	0	
2024-06-11 14:35:09	1270	2520	9	0	0	3.5	15	0	0	0	15	0	0	4.25	15	0	0	0	15	0	0	0.649		99.9169	48.0465	0.341192	0	3.41476	0.776626	16.0917	1		0	12.0616	36.4785	0	0	0	
2024-06-11 14:27:55	1218	2521	1	0	0	4	17	0	0	0	17	0	0	1.25	17	0	0	0	17	0	0	2.381		99.9194	48.6966	0.0820943	0	0.821605	0.0919292	14.1963	1		0	12.0705	36.9983	0	0	0	
2024-06-11 14:33:24	1257	2522	9	0	0	7.75	32	0	0	0	32	0	0	5	32	0	0	0	32	0	0	2.381		99.9205	49.163	0.0957508	0	0.95827	0.290689	16.5577	1		0	12.0705	36.4785	0	0	0	
2024-06-11 14:34:52	1268	2523	1	0	0	7.75	32	0	0	0	32	0	0	3.75	32	0	0	0	32	0	0	3.464		99.9212	49.17	0.0587093	0	0.587556	0.388051	14.7669	1		0	12.0705	36.3486	0	0	0	
2024-06-11 14:43:05	1323	2524	1	0	0	1.25	6	0	0	6.5	6	0	0	3	6	0	0	4.75	6	0	0	0.908		99.9223	20.7028	0.087648	0	0.877162	2.73549	9.6449	4		0	12.0705	36.4785	0	0	0	
2024-06-11 14:30:24	1235	2525	1	0	0	6	25	0	0	0	25	0	0	1	25	0	0	0	25	0	0	4.33		99.9166	48.8479	0.0541408	0	0.54186	0.209869	17.023	2		0	11.973	36.6085	0	0	0	
2024-06-11 14:27:34	1215	2526	1	0	0	4	17	0	0	0	17	0	0	3.25	17	0	0	0	17	0	0	0.649		99.9209	48.7347	0.344933	0	3.45206	0.118633	16.2674	1		0	12.0705	36.9983	0	0	0	
2024-06-11 14:21:32	1169	2527	1	0	0	0	1	0	0	0	1	0	0	0.75	1	0	0	0	1	0	0	0.649		99.9319	49.4788	0.362106	0	3.62352	0.642619	17.0755	1		0	12.0705	39.8571	0	0	0	
2024-06-11 14:42:36	1320	2528	1	0	0	3.5	15	0	0	4.25	15	0	0	3.75	15	0	0	4	15	0	0	0.13		99.9226	19.6683	0.678414	0	6.78939	0.964063	10.6648	1		0	11.9907	36.4785	0	0	0	
2024-06-11 14:24:05	1188	2529	5	0	0	2	9	0	0	0	9	0	0	5	9	0	0	0	9	0	0	2.598		99.9264	48.8775	0.0824383	0	0.82499	0.0663474	15.5507	1		0	12.0705	38.1678	0	0	0	
2024-06-11 14:23:40	1185	2530	1	0	0	2	9	0	0	0	9	0	0	3.75	9	0	0	0	9	0	0	1.515		99.9298	48.7737	0.150957	0	1.51063	0.0737234	16.6103	2		0	12.0705	38.5577	0	0	0	
2024-06-11 14:33:02	1254	2531	5	0	0	7	29	0	0	0	29	0	0	2.75	29	0	0	0	29	0	0	3.68		99.9211	48.7651	0.0550086	0	0.55052	0.0252986	14.7008	1		0	12.0616	36.3486	0	0	0	
2024-06-11 14:31:39	1244	2532	1	0	0	7	29	0	0	0	29	0	0	2.25	29	0	0	0	29	0	0	4.113		99.9219	48.7239	0.0484008	0	0.484386	0.00606126	14.4566	2		0	12.0616	36.4785	0	0	0	
2024-06-11 14:21:00	1165	2533	5	0	0	0	1	0	0	0	1	0	0	7.75	1	0	0	0	1	0	0	6.711		99.9332	49.7929	0.0329657	0	0.329878	0.342216	16.0633	1		0	12.0705	40.3769	0	0	0	
2024-06-11 14:20:46	1163	2534	9	0	0	0	1	0	0	0	1	0	0	6.5	1	0	0	0	1	0	0	5.628		99.932	49.8816	0.0387295	0	0.387559	0.226	15.8282	1		0	12.0705	40.6368	0	0	0	
2024-06-11 14:28:10	1220	2535	1	0	0	5	21	0	0	0	21	0	0	0.75	21	0	0	0	21	0	0	3.68		99.9216	49.665	0.0594337	0	0.594803	0.25122	15.8834	2		0	12.0705	36.9983	0	0	0	
2024-06-11 14:28:20	1221	2536	9	0	0	5	21	0	0	0	21	0	0	7.25	21	0	0	0	21	0	0	1.948		99.9216	49.6026	0.137899	0	1.38007	0.241368	19.5103	2		0	12.0705	36.9983	0	0	0	
2024-06-11 14:41:22	1312	2537	9	0	0	5.75	24	0	0	0	24	0	0	4	24	0	0	0	24	0	0	1.515		99.9168	49.3228	0.137494	0	1.37609	0.932285	15.1309	1		0	12.0616	36.4785	0	0	0	
2024-06-11 14:37:48	1288	2538	9	0	0	4.5	19	0	0	0	19	0	0	5.25	19	0	0	0	19	0	0	0.649		99.9196	48.6398	0.490574	0	4.90969	0.303265	23.1363	2		0	12.0705	36.4785	0	0	0	
2024-06-11 14:42:43	1321	2539	1	0	0	2.75	12	0	0	5	12	0	0	3.5	12	0	0	4.25	12	0	0	0.389		99.9238	20.6192	0.423406	0	4.23729	1.27705	19.9678	4		0	12.0616	36.3486	0	0	0	
2024-06-11 14:24:47	1193	2540	5	0	0	2	9	0	0	0	9	0	0	0.5	9	0	0	0	9	0	0	1.299		99.9261	48.8234	0.158066	0	1.58183	0.426449	14.9084	1		0	12.0616	37.908	0	0	0	
2024-06-11 14:36:20	1279	2541	9	0	0	0.5	3	0	0	0	3	0	0	7.25	3	0	0	0	3	0	0	5.845		99.9185	48.7481	0.0954211	0	0.95499	1.36949	40.5025	4		0	12.0705	36.2187	0	0	0	
2024-06-11 14:27:18	1213	2542	5	0	0	4	17	0	0	0	17	0	0	7.25	17	0	0	0	17	0	0	2.814		99.9212	48.7155	0.0731077	0	0.731654	0.534363	14.9406	1		0	11.973	37.1283	0	0	0	
2024-06-11 14:25:58	1202	2543	9	0	0	3	13	0	0	0	13	0	0	5.75	13	0	0	0	13	0	0	2.381		99.922	49.4228	0.0848125	0	0.848786	0.107006	14.666	1		0	12.0705	37.5181	0	0	0	
2024-06-11 14:25:25	1198	2544	5	0	0	3	13	0	0	0	13	0	0	4.5	13	0	0	0	13	0	0	1.299		99.9234	49.3848	0.162609	0	1.62734	0.366449	15.3373	1		0	12.0705	37.5181	0	0	0	
2024-06-11 14:32:08	1247	2545	5	0	0	7	29	0	0	0	29	0	0	6.75	29	0	0	0	29	0	0	0.216		99.9186	48.7322	1.0039	0	10.0472	0.947475	15.782	1		0	12.0705	36.4785	0	0	0	
2024-06-11 14:22:26	1175	2546	5	0	0	1	5	0	0	0	5	0	0	7.5	5	0	0	0	5	0	0	5.628		99.9315	49.039	0.0391021	0	0.391289	0.244637	15.9805	1		0	12.0705	39.2074	0	0	0	
2024-06-11 14:22:26	1175	2547	9	0	0	1	5	0	0	0	5	0	0	6.25	5	0	0	0	5	0	0	4.546		99.9315	49.039	0.0553434	0	0.553813	0.170114	18.2685	1		0	12.0705	39.2074	0	0	0	
2024-06-11 14:30:15	1234	2548	5	0	0	6	25	0	0	0	25	0	0	5.25	25	0	0	0	25	0	0	0.649		99.9183	48.8581	0.561927	0	5.62387	0.182165	26.5018	2		0	12.0705	36.6085	0	0	0	
2024-06-11 14:30:04	1233	2549	5	0	0	6	25	0	0	0	25	0	0	4	25	0	0	0	25	0	0	1.732		99.921	48.907	0.113979	0	1.14069	0.112913	14.3343	2		0	12.0705	36.6085	0	0	0	
2024-06-11 14:29:46	1231	2550	5	0	0	5	21	0	0	0	21	0	0	2.5	21	0	0	0	21	0	0	2.165		99.9237	49.5949	0.101291	0	1.01369	0.418138	15.9229	1		0	12.0705	36.7384	0	0	0	
2024-06-11 14:22:33	1176	2551	1	0	0	1	5	0	0	0	5	0	0	0.25	5	0	0	0	5	0	0	0.649		99.931	49.0516	0.366816	0	3.6707	0.311704	17.2977	1		0	12.0705	39.2074	0	0	0	
2024-06-11 14:27:11	1212	2552	1	0	0	4	17	0	0	0	17	0	0	0.5	17	0	0	0	17	0	0	3.031		99.9235	48.7802	0.067586	0	0.676377	0.429614	14.8743	1		0	12.0616	37.1283	0	0	0	
2024-06-11 14:33:24	1257	2553	1	0	0	7.75	32	0	0	0	32	0	0	3	32	0	0	0	32	0	0	4.113		99.9205	49.163	0.0496309	0	0.496705	0.461919	14.8242	1		0	12.0705	36.4785	0	0	0	
2024-06-11 14:30:42	1237	2554	1	0	0	6	25	0	0	0	25	0	0	0.25	25	0	0	0	25	0	0	4.979		99.9178	48.8837	0.041603	0	0.416373	0.0943266	15.0428	2		0	12.0705	36.6085	0	0	0	
2024-06-11 14:38:57	1296	2555	1	0	0	5.25	22	0	0	0	22	0	0	2.5	22	0	0	0	22	0	0	2.381		99.9234	49.0972	0.179721	0	1.79859	0.0580252	31.0774	2		0	12.0705	36.4785	0	0	0	
2024-06-11 14:28:02	1219	2556	1	0	0	4	17	0	0	0	17	0	0	2.5	17	0	0	0	17	0	0	1.299		99.9221	48.6748	0.155639	0	1.5576	0.154294	14.68	1		0	12.0705	36.9983	0	0	0	
2024-06-11 14:24:54	1194	2557	1	0	0	2	9	0	0	0	9	0	0	3	9	0	0	0	9	0	0	0.866		99.9276	48.8045	0.265603	0	2.65796	0.352925	16.7005	1		0	12.0705	37.908	0	0	0	
2024-06-11 14:32:00	1246	2558	1	0	0	7	29	0	0	0	29	0	0	1.5	29	0	0	0	29	0	0	4.762		99.9174	48.6925	0.0422545	0	0.422894	0.00321184	14.6142	1		0	12.0616	36.4785	0	0	0	
2024-06-11 14:20:39	1162	2559	9	0	0	0	1	0	0	0	1	0	0	5.75	1	0	0	0	1	0	0	4.979		99.9288	49.9948	0.0443382	0	0.443698	0.234629	16.0301	1		0	12.0705	40.8967	0	0	0	
2024-06-11 14:20:46	1163	2560	5	0	0	0	1	0	0	0	1	0	0	4.5	1	0	0	0	1	0	0	3.897		99.932	49.8816	0.0551466	0	0.551841	0.0846363	15.6029	1		0	12.0705	40.6368	0	0	0	
2024-06-11 14:28:30	1222	2561	1	0	0	5	21	0	0	0	21	0	0	0	21	0	0	0	21	0	0	4.33		99.9204	49.5473	0.0460809	0	0.461176	0.291089	14.4883	2		0	11.973	36.8684	0	0	0	
2024-06-11 14:33:31	1258	2562	1	0	0	7.75	32	0	0	0	32	0	0	2.25	32	0	0	0	32	0	0	4.762		99.9184	49.0843	0.0435768	0	0.436124	0.265675	15.0714	2		0	12.0705	36.4785	0	0	0	
2024-06-11 14:28:20	1221	2563	5	0	0	5	21	0	0	0	21	0	0	7.75	21	0	0	0	21	0	0	2.381		99.9216	49.6026	0.0931692	0	0.932423	0.110288	16.1111	2		0	12.0705	36.9983	0	0	0	
2024-06-11 14:28:10	1220	2564	5	0	0	5	21	0	0	0	21	0	0	6.5	21	0	0	0	21	0	0	1.299		99.9216	49.665	0.198566	0	1.98722	0.0227628	18.7291	2		0	12.0705	36.9983	0	0	0	
2024-06-11 14:26:13	1204	2565	5	0	0	3	13	0	0	0	13	0	0	2	13	0	0	0	13	0	0	0.866		99.9208	49.3817	0.264446	0	2.64656	0.493353	16.6288	1		0	12.0705	37.3882	0	0	0	
2024-06-11 14:38:43	1294	2566	1	0	0	4.5	19	0	0	0	19	0	0	3.25	19	0	0	0	19	0	0	1.082		99.9181	48.7391	0.196089	0	1.9625	0.999569	15.4134	1		0.0088623	12.0616	36.4785	0	0	0	
2024-06-11 14:33:31	1258	2567	5	0	0	7.75	32	0	0	0	32	0	0	7	32	0	0	0	32	0	0	0.649		99.9184	49.0843	0.385968	0	3.86283	0.277868	18.2031	2		0	12.0705	36.4785	0	0	0	
2024-06-11 14:41:12	1311	2568	9	0	0	5.5	23	0	0	0	23	0	0	4.25	23	0	0	0	23	0	0	1.082		99.9184	48.8866	0.234963	0	2.35155	0.26065	18.4691	2		0	11.973	36.2187	0	0	0	
2024-06-11 14:39:47	1301	2569	1	0	0	6.75	28	0	0	0	28	0	0	1	28	0	0	0	28	0	0	4.979		99.9205	48.4198	0.0481904	0	0.482288	0.0580635	17.4242	1		0	12.0705	36.4785	0	0	0	
2024-06-11 14:37:58	1289	2570	9	0	0	4.25	18	0	0	0	18	0	0	5.5	18	0	0	0	18	0	0	1.082		99.9175	48.7003	0.252232	0	2.5244	0.761384	19.8266	1		0	12.0705	36.4785	0	0	0	
2024-06-11 14:26:57	1210	2571	9	0	0	4	17	0	0	0	17	0	0	7.75	17	0	0	0	17	0	0	3.247		99.9213	48.7587	0.0593908	0	0.594376	0.66146	14.0047	1		0	12.0705	37.2582	0	0	0	
2024-06-11 14:27:26	1214	2572	5	0	0	4	17	0	0	0	17	0	0	6.5	17	0	0	0	17	0	0	2.165		99.9212	48.771	0.0881304	0	0.881999	0.00294949	13.8544	1		0	12.0616	36.9983	0	0	0	
2024-06-11 14:25:43	1200	2573	9	0	0	3	13	0	0	0	13	0	0	5	13	0	0	0	13	0	0	1.732		99.9244	49.352	0.122564	0	1.22657	0.284207	15.4135	1		0	12.0705	37.6481	0	0	0	
2024-06-11 14:25:18	1197	2574	1	0	0	3	13	0	0	0	13	0	0	3.75	13	0	0	0	13	0	0	0.649		99.9252	49.3715	0.372158	0	3.72436	0.803307	17.5507	1		0	12.0705	37.778	0	0	0	
2024-06-11 14:24:13	1189	2575	9	0	0	2	9	0	0	0	9	0	0	7	9	0	0	0	9	0	0	4.33		99.9255	48.8144	0.0470406	0	0.470757	0.217857	14.7893	2		0	12.0705	38.1678	0	0	0	
2024-06-11 14:31:50	1245	2576	9	0	0	7	29	0	0	0	29	0	0	6	29	0	0	0	29	0	0	0.866		99.9165	48.6524	0.295887	0	2.96134	0.291924	18.6067	2		0	12.0705	36.4785	0	0	0	
2024-06-11 14:31:39	1244	2577	9	0	0	7	29	0	0	0	29	0	0	4.75	29	0	0	0	29	0	0	1.948		99.9219	48.7239	0.112076	0	1.12163	0.325291	15.8567	2		0	12.0616	36.4785	0	0	0	
2024-06-11 14:22:40	1177	2578	5	0	0	1	5	0	0	0	5	0	0	5.5	5	0	0	0	5	0	0	3.897		99.9351	49.0331	0.0656869	0	0.657296	0.0232306	18.5846	1		0	12.0705	39.0775	0	0	0	
2024-06-11 14:22:48	1178	2579	5	0	0	1	5	0	0	0	5	0	0	4.25	5	0	0	0	5	0	0	2.814		99.9341	49.0472	0.0749593	0	0.750087	0.411347	15.317	1		0	12.0705	38.9475	0	0	0	
2024-06-11 14:31:25	1242	2580	1	0	0	6	25	0	0	0	25	0	0	3.25	25	0	0	0	25	0	0	2.381		99.9188	48.9605	0.0807213	0	0.807869	0.691963	13.959	1		0	12.0705	36.4785	0	0	0	
2024-06-11 14:37:00	1283	2581	1	0	0	0.25	2	0	0	0	2	0	0	1.5	2	0	0	0	2	0	0	1.082		99.9199	48.6397	0.19272	0	1.92874	0.222316	15.1483	2		0	12.0705	36.4785	0	0	0	
2024-06-11 14:32:15	1248	2582	1	0	0	7	29	0	0	0	29	0	0	0.75	29	0	0	0	29	0	0	5.412		99.9163	48.7379	0.0409136	0	0.409479	0.231987	16.0802	1		0	12.0705	36.4785	0	0	0	
2024-06-11 14:21:15	1167	2583	9	0	0	0	1	0	0	0	1	0	0	5	1	0	0	0	1	0	0	4.33		99.9312	49.659	0.050556	0	0.505908	0.0750608	15.8936	1		0	12.0705	40.117	0	0	0	
2024-06-11 14:20:39	1162	2584	1	0	0	0	1	0	0	0	1	0	0	3.75	1	0	0	0	1	0	0	3.247		99.9288	49.9948	0.0663489	0	0.663961	0.245224	15.6442	1		0	12.0705	40.8967	0	0	0	
2024-06-11 14:41:40	1314	2585	9	0	0	7.5	31	0	0	0	31	0	0	6.25	31	0	0	0	31	0	0	1.082		99.9199	48.7338	0.223664	0	2.23844	0.739919	17.5806	1		0	12.0705	36.4785	0	0	0	
2024-06-11 14:38:25	1292	2586	9	0	0	6.25	26	0	0	0	26	0	0	7.5	26	0	0	0	26	0	0	1.082		99.918	48.7617	0.216597	0	2.16774	0.198706	17.0254	2		0	12.0705	36.4785	0	0	0	
2024-06-11 14:30:42	1237	2587	5	0	0	6	25	0	0	0	25	0	0	7.25	25	0	0	0	25	0	0	1.082		99.9178	48.8837	0.281954	0	2.82186	0.299333	22.1629	2		0	12.0705	36.6085	0	0	0	
2024-06-11 14:33:49	1260	2588	1	0	0	7.75	32	0	0	0	32	0	0	1.5	32	0	0	0	32	0	0	5.412		99.9213	49.1444	0.0385038	0	0.385341	0.440118	15.1323	1		0	12.0705	36.3486	0	0	0	
2024-06-11 14:28:30	1222	2589	5	0	0	5	21	0	0	0	21	0	0	5.75	21	0	0	0	21	0	0	0.649		99.9204	49.5473	0.60193	0	6.0241	0.130773	28.3879	2		0	11.973	36.8684	0	0	0	
2024-06-11 14:29:17	1227	2590	5	0	0	5	21	0	0	0	21	0	0	4.5	21	0	0	0	21	0	0	0.433		99.9232	49.6233	0.681589	0	6.82113	0.802374	21.4292	1		0	12.0705	36.6085	0	0	0	
2024-06-11 14:26:21	1205	2591	5	0	0	3	13	0	0	0	13	0	0	1.25	13	0	0	0	13	0	0	1.515		99.9173	49.3841	0.134847	0	1.34959	0.693968	14.8395	1		0	12.0705	37.3882	0	0	0	
2024-06-11 14:23:09	1181	2592	5	0	0	1	5	0	0	0	5	0	0	2.25	5	0	0	0	5	0	0	1.082		99.9314	48.9553	0.198689	0	1.98825	0.371621	15.6157	1		0	12.0705	38.8176	0	0	0	
2024-06-11 14:36:49	1282	2593	1	0	0	0.5	3	0	0	0	3	0	0	1.25	3	0	0	0	3	0	0	0.649		99.9197	48.8382	0.390275	0	3.90588	0.318231	18.406	2		0	12.0705	36.2187	0	0	0	
2024-06-11 14:35:34	1273	2594	9	0	0	2.5	11	0	0	0	11	0	0	5.25	11	0	0	0	11	0	0	2.381		99.9198	48.4512	0.106917	0	1.07003	0.129299	18.4888	2		0	12.0616	36.4785	0	0	0	
2024-06-11 14:34:12	1263	2595	5	0	0	7.75	32	0	0	0	32	0	0	7.5	32	0	0	0	32	0	0	0.216		99.9201	49.1497	1.02821	0	10.2903	0.0970192	16.164	2		0	12.0705	36.4785	0	0	0	
2024-06-11 14:33:57	1261	2596	9	0	0	7.75	32	0	0	0	32	0	0	6.25	32	0	0	0	32	0	0	1.299		99.924	49.1839	0.181903	0	1.82041	0.424376	17.157	1		0	12.0616	36.4785	0	0	0	
2024-06-11 14:38:36	1293	2597	1	0	0	4.25	18	0	0	0	18	0	0	3.5	18	0	0	0	18	0	0	0.649		99.9209	48.7453	0.346157	0	3.46431	0.323493	16.3252	1		0	12.0705	36.3486	0	0	0	
2024-06-11 14:30:15	1234	2598	1	0	0	6	25	0	0	0	25	0	0	2.25	25	0	0	0	25	0	0	3.247		99.9183	48.8581	0.0620193	0	0.620701	0.0360924	14.6249	2		0	12.0705	36.6085	0	0	0	
2024-06-11 14:41:02	1310	2599	9	0	0	5.25	22	0	0	0	22	0	0	4.5	22	0	0	0	22	0	0	0.649		99.9202	49.0744	0.471212	0	4.71589	0.154387	22.2231	2		0	11.973	36.4785	0	0	0	
2024-06-11 14:26:49	1209	2600	5	0	0	4	17	0	0	0	17	0	0	5.75	17	0	0	0	17	0	0	1.515		99.9203	48.8005	0.145512	0	1.45628	0.368918	16.0127	1		0	12.0705	37.2582	0	0	0	
2024-06-11 14:27:18	1213	2601	9	0	0	4	17	0	0	0	17	0	0	4.5	17	0	0	0	17	0	0	0.433		99.9212	48.7155	0.539169	0	5.39595	0.428368	16.9519	1		0	11.973	37.1283	0	0	0	
2024-06-11 14:21:21	1168	2602	1	0	0	0	1	0	0	0	1	0	0	2	1	0	0	0	1	0	0	1.732		99.9322	49.5301	0.147573	0	1.47673	0.0576732	18.5571	2		0	11.973	40.117	0	0	0	
2024-06-11 14:23:40	1185	2603	9	0	0	2	9	0	0	0	9	0	0	7.5	9	0	0	0	9	0	0	4.762		99.9298	48.7737	0.0467047	0	0.467375	0.244994	16.1513	2		0	12.0705	38.5577	0	0	0	
2024-06-11 14:24:33	1191	2604	5	0	0	2	9	0	0	0	9	0	0	6.25	9	0	0	0	9	0	0	3.68		99.9276	48.7683	0.0582965	0	0.583387	0.549314	15.5785	1		0	12.0705	38.0379	0	0	0	
2024-06-11 14:31:50	1245	2605	5	0	0	7	29	0	0	0	29	0	0	5.25	29	0	0	0	29	0	0	1.515		99.9165	48.6524	0.163625	0	1.63762	0.16548	18.0065	2		0	12.0705	36.4785	0	0	0	
2024-06-11 14:32:15	1248	2606	9	0	0	7	29	0	0	0	29	0	0	4	29	0	0	0	29	0	0	2.598		99.9163	48.7379	0.0746531	0	0.747156	0.266542	14.0836	1		0	12.0705	36.4785	0	0	0	
2024-06-11 14:23:09	1181	2607	1	0	0	1	5	0	0	0	5	0	0	3.5	5	0	0	0	5	0	0	2.165		99.9314	48.9553	0.0934673	0	0.935315	0.14738	14.6919	1		0	12.0705	38.8176	0	0	0	
2024-06-11 14:31:25	1242	2608	5	0	0	6	25	0	0	0	25	0	0	2.5	25	0	0	0	25	0	0	3.031		99.9188	48.9605	0.0797411	0	0.798059	0.709786	17.5502	1		0	12.0705	36.4785	0	0	0	
2024-06-11 14:40:55	1309	2609	1	0	0	3.75	16	0	0	0	16	0	0	2	16	0	0	0	16	0	0	1.515		99.9204	48.4993	0.146193	0	1.4631	0.234096	16.0876	1		0	12.0705	36.4785	0	0	0	
2024-06-11 14:29:24	1228	2610	1	0	0	5	21	0	0	0	21	0	0	2	21	0	0	0	21	0	0	2.598		99.9187	49.6393	0.0756227	0	0.756842	0.331976	14.2661	1		0	12.0616	36.7384	0	0	0	
2024-06-11 14:24:33	1191	2611	1	0	0	2	9	0	0	0	9	0	0	1.75	9	0	0	0	9	0	0	0.216		99.9276	48.7683	0.949966	0	9.50655	0.407771	14.9328	1		0	12.0705	38.0379	0	0	0	
2024-06-11 14:32:30	1250	2612	1	0	0	7	29	0	0	0	29	0	0	0	29	0	0	0	29	0	0	6.061		99.9157	48.7577	0.0348301	0	0.348595	0.127809	15.332	1		0	12.0705	36.4785	0	0	0	
2024-06-11 14:21:39	1170	2613	5	0	0	0	1	0	0	0	1	0	0	3	1	0	0	0	1	0	0	2.598		99.9305	49.4944	0.077933	0	0.779872	0.0453964	14.7003	1		0	12.0705	39.8571	0	0	0	
2024-06-11 14:25:33	1199	2614	9	0	0	3	13	0	0	0	13	0	0	7	13	0	0	0	13	0	0	3.464		99.9218	49.385	0.0567177	0	0.567621	0.115981	14.2659	2		0	12.0705	37.6481	0	0	0	
2024-06-11 14:30:53	1238	2615	5	0	0	6	25	0	0	0	25	0	0	7.75	25	0	0	0	25	0	0	1.515		99.9187	48.9074	0.151819	0	1.51942	0.43404	16.7069	1		0	12.0705	36.6085	0	0	0	
2024-06-11 14:30:24	1235	2616	9	0	0	6	25	0	0	0	25	0	0	6.5	25	0	0	0	25	0	0	0.433		99.9166	48.8479	0.641711	0	6.42247	0.15677	20.1768	2		0	11.973	36.6085	0	0	0	
2024-06-11 14:34:04	1262	2617	1	0	0	7.75	32	0	0	0	32	0	0	0.75	32	0	0	0	32	0	0	6.061		99.9183	49.2466	0.0367981	0	0.368282	0.849224	16.1979	1		0	12.0705	36.4785	0	0	0	
2024-06-11 14:29:32	1229	2618	5	0	0	5	21	0	0	0	21	0	0	3.75	21	0	0	0	21	0	0	1.082		99.9237	49.6484	0.203964	0	2.0412	0.59786	16.0315	1		0	12.0705	36.7384	0	0	0	
2024-06-11 14:25:08	1196	2619	1	0	0	3	13	0	0	0	13	0	0	0.5	13	0	0	0	13	0	0	2.165		99.9239	49.3363	0.0936563	0	0.937277	0.40298	14.7227	2		0	12.0705	37.778	0	0	0	
2024-06-11 14:23:23	1183	2620	1	0	0	1	5	0	0	0	5	0	0	1.5	5	0	0	0	5	0	0	0.433		99.9335	48.9201	0.570646	0	5.71026	0.541236	17.9393	1		0	12.0705	38.6876	0	0	0	
2024-06-11 14:42:57	1322	2621	1	0	0	2	9	0	0	5.75	9	0	0	3.25	9	0	0	4.5	9	0	0	0.649		99.9196	20.6997	0.23429	0	2.34478	0.0452135	18.4159	1		0	12.0705	36.4785	0	0	0	
2024-06-11 14:27:55	1218	2622	5	0	0	4	17	0	0	0	17	0	0	1.75	17	0	0	0	17	0	0	1.948		99.9194	48.6966	0.0984628	0	0.985422	0.0200714	13.9311	1		0	12.0705	36.9983	0	0	0	
2024-06-11 14:37:21	1285	2623	1	0	0	2.5	11	0	0	0	11	0	0	3.25	11	0	0	0	11	0	0	0.649		99.918	48.3688	0.388798	0	3.89117	0.137204	18.3367	2		0	11.973	36.3486	0	0	0	
2024-06-11 14:33:42	1259	2624	9	0	0	7.75	32	0	0	0	32	0	0	5.5	32	0	0	0	32	0	0	1.948		99.9228	49.1405	0.12321	0	1.23305	0.169325	17.4318	1		0	12.0705	36.3486	0	0	0	
2024-06-11 14:33:49	1260	2625	5	0	0	7.75	32	0	0	0	32	0	0	4.25	32	0	0	0	32	0	0	3.031		99.9213	49.1444	0.0681224	0	0.681761	0.265765	14.9927	1		0	12.0705	36.3486	0	0	0	
2024-06-11 14:30:04	1233	2626	1	0	0	6	25	0	0	0	25	0	0	1.5	25	0	0	0	25	0	0	3.897		99.921	48.907	0.05114	0	0.511804	0.139261	14.4709	2		0	12.0705	36.6085	0	0	0	
2024-06-11 14:27:11	1212	2627	9	0	0	4	17	0	0	0	17	0	0	5	17	0	0	0	17	0	0	0.866		99.9235	48.7802	0.280549	0	2.80764	0.141497	17.6409	1		0	12.0616	37.1283	0	0	0	
2024-06-11 14:27:04	1211	2628	1	0	0	4	17	0	0	0	17	0	0	3.75	17	0	0	0	17	0	0	0.216		99.9189	48.8346	0.861973	0	8.62672	0.361661	13.5508	1		0	12.0705	37.2582	0	0	0	
2024-06-11 14:21:46	1171	2629	1	0	0	0	1	0	0	0	1	0	0	1.25	1	0	0	0	1	0	0	1.082		99.932	49.4783	0.189267	0	1.89396	0.480474	14.8751	1		0	12.0705	39.7272	0	0	0	
2024-06-11 14:24:22	1190	2630	5	0	0	2	9	0	0	0	9	0	0	5.5	9	0	0	0	9	0	0	3.031		99.9245	48.7808	0.122638	0	1.22731	0.468007	26.9899	2		0	11.973	38.0379	0	0	0	
2024-06-11 14:23:30	1184	2631	9	0	0	2	9	0	0	0	9	0	0	4.25	9	0	0	0	9	0	0	1.948		99.9319	48.8414	0.108707	0	1.08781	0.090162	15.3785	2		0	12.0705	38.4277	0	0	0	
2024-06-11 14:31:50	1245	2632	1	0	0	7	29	0	0	0	29	0	0	3.25	29	0	0	0	29	0	0	3.247		99.9165	48.6524	0.0594063	0	0.594559	0.00973662	14.009	2		0	12.0705	36.4785	0	0	0	
2024-06-11 14:22:40	1177	2633	1	0	0	1	5	0	0	0	5	0	0	2.75	5	0	0	0	5	0	0	1.515		99.9351	49.0331	0.13585	0	1.35938	0.418263	14.9471	1		0	12.0705	39.0775	0	0	0	
2024-06-11 14:21:00	1165	2634	9	0	0	0	1	0	0	0	1	0	0	7	1	0	0	0	1	0	0	6.061		99.9332	49.7929	0.0354325	0	0.354562	0.263269	15.5944	1		0	12.0705	40.3769	0	0	0	
2024-06-11 14:29:39	1230	2635	5	0	0	5	21	0	0	0	21	0	0	1.25	21	0	0	0	21	0	0	3.247		99.92	49.6072	0.0703169	0	0.703732	0.468948	16.5813	1		0	12.0705	36.7384	0	0	0	
2024-06-11 14:24:47	1193	2636	1	0	0	2	9	0	0	0	9	0	0	1	9	0	0	0	9	0	0	0.866		99.9261	48.8234	0.255572	0	2.55761	0.388351	16.07	1		0	12.0616	37.908	0	0	0	
2024-06-11 14:25:50	1201	2637	9	0	0	3	13	0	0	0	13	0	0	7.5	13	0	0	0	13	0	0	3.897		99.9206	49.365	0.0523354	0	0.52377	0.398632	14.8093	1		0	12.0705	37.5181	0	0	0	
2024-06-11 14:25:18	1197	2638	5	0	0	3	13	0	0	0	13	0	0	6.25	13	0	0	0	13	0	0	2.814		99.9252	49.3715	0.07473	0	0.74786	0.410211	15.2716	1		0	12.0705	37.778	0	0	0	
2024-06-11 14:32:37	1251	2639	5	0	0	7	29	0	0	0	29	0	0	7.25	29	0	0	0	29	0	0	0.216		99.9156	48.6832	0.945169	0	9.45967	0.24202	14.8592	2		0	12.0705	36.4785	0	0	0	
2024-06-11 14:22:09	1173	2640	9	0	0	1	5	0	0	0	5	0	0	6.75	5	0	0	0	5	0	0	4.979		99.932	49.1701	0.0501709	0	0.50205	0.369948	18.1382	2		0.0088623	12.0705	39.4673	0	0	0	
2024-06-11 14:29:53	1232	2641	9	0	0	6	25	0	0	0	25	0	0	5.75	25	0	0	0	25	0	0	0.216		99.9179	48.9671	1.23452	0	12.3553	0.612297	19.4077	2		0	12.0616	36.7384	0	0	0	
2024-06-11 14:30:42	1237	2642	9	0	0	6	25	0	0	0	25	0	0	4.5	25	0	0	0	25	0	0	1.299		99.9178	48.8837	0.185322	0	1.85474	0.0459037	17.4805	2		0	12.0705	36.6085	0	0	0	
2024-06-11 14:34:22	1264	2643	1	0	0	7.75	32	0	0	0	32	0	0	0	32	0	0	0	32	0	0	6.711		99.9219	49.1147	0.0327486	0	0.327742	0.258498	15.9593	1		0	12.0705	36.4785	0	0	0	
2024-06-11 14:29:46	1231	2644	1	0	0	5	21	0	0	0	21	0	0	3	21	0	0	0	21	0	0	1.732		99.9237	49.5949	0.113104	0	1.1319	0.412248	14.2239	1		0	12.0705	36.7384	0	0	0	
2024-06-11 14:22:09	1173	2645	1	0	0	1	5	0	0	0	5	0	0	0.75	5	0	0	0	5	0	0	0.216		99.932	49.1701	1.06254	0	10.6327	0.290202	16.7017	2		0.0088623	12.0705	39.4673	0	0	0	
2024-06-11 14:39:17	1298	2646	1	0	0	5.75	24	0	0	0	24	0	0	2	24	0	0	0	24	0	0	3.247		99.923	49.2698	0.0635077	0	0.635566	0.00457708	14.9752	2		0	12.0705	36.4785	0	0	0	
2024-06-11 14:26:49	1209	2647	1	0	0	4	17	0	0	0	17	0	0	1	17	0	0	0	17	0	0	2.598		99.9203	48.8005	0.0748556	0	0.749153	0.27274	14.1212	1		0	12.0705	37.2582	0	0	0	
2024-06-11 14:34:45	1267	2648	1	0	0	7.75	32	0	0	0	32	0	0	3.5	32	0	0	0	32	0	0	3.68		99.921	49.1241	0.0551843	0	0.55228	0.0634418	14.7478	1		0	11.973	36.3486	0	0	0	
2024-06-11 14:31:00	1239	2649	1	0	0	6	25	0	0	0	25	0	0	0.75	25	0	0	0	25	0	0	4.546		99.9153	48.8986	0.052603	0	0.526476	0.337892	17.3667	2		0	12.0705	36.4785	0	0	0	
2024-06-11 14:27:48	1217	2650	5	0	0	4	17	0	0	0	17	0	0	3	17	0	0	0	17	0	0	0.866		99.9179	48.7318	0.24806	0	2.48263	0.169888	15.5988	1		0	12.0705	36.9983	0	0	0	
2024-06-11 14:21:15	1167	2651	1	0	0	0	1	0	0	0	1	0	0	0.5	1	0	0	0	1	0	0	0.433		99.9312	49.659	0.530991	0	5.31357	0.707775	16.6931	1		0	12.0705	40.117	0	0	0	
2024-06-11 14:41:54	1316	2652	1	0	0	3.5	15	0	0	4.25	15	0	0	2.75	15	0	0	5	15	0	0	0.389		99.9219	19.5829	0.441981	0	4.42326	0.20664	20.8441	1		0	12.0705	36.4785	0	0	0	
2024-06-11 14:23:57	1187	2653	1	0	0	2	9	0	0	0	9	0	0	3.5	9	0	0	0	9	0	0	1.299		99.9269	48.8456	0.166512	0	1.66634	0.188633	15.7049	1		0	12.0705	38.2978	0	0	0	
2024-06-11 14:32:22	1249	2654	1	0	0	7	29	0	0	0	29	0	0	2.5	29	0	0	0	29	0	0	3.897		99.9158	48.7538	0.055298	0	0.553446	0.171657	15.6483	1		0	12.0705	36.4785	0	0	0	
2024-06-11 14:33:16	1256	2655	1	0	0	7	29	0	0	0	29	0	0	2	29	0	0	0	29	0	0	4.33		99.9224	48.7298	0.046977	0	0.470135	0.0966876	14.7697	1		0	12.0705	36.4785	0	0	0	
2024-06-11 14:20:13	1160	2656	9	0	0	0	1	0	0	0	1	0	0	7.5	1	0	0	0	1	0	0	6.494		99.938	50.4118	0.035094	0	0.351158	0.0590707	16.5479	2		0	12.035	41.0267	0	0	0	
2024-06-11 14:20:53	1164	2657	5	0	0	0	1	0	0	0	1	0	0	6.25	1	0	0	0	1	0	0	5.412		99.933	49.841	0.0408941	0	0.409216	0.0880002	16.0699	1		0	12.0705	40.5069	0	0	0	
2024-06-11 14:29:39	1230	2658	1	0	0	5	21	0	0	0	21	0	0	0.5	21	0	0	0	21	0	0	3.897		99.92	49.6072	0.061035	0	0.610838	0.709369	17.271	1		0	12.0705	36.7384	0	0	0	
2024-06-11 14:40:12	1304	2659	1	0	0	1.25	6	0	0	0	6	0	0	0.5	6	0	0	0	6	0	0	0.649		99.9232	48.4435	0.377273	0	3.77563	0.0648128	17.7922	2		0	12.0705	36.4785	0	0	0	
2024-06-11 14:28:41	1223	2660	9	0	0	5	21	0	0	0	21	0	0	7	21	0	0	0	21	0	0	1.732		99.9203	49.6413	0.128092	0	1.28194	0.57968	16.1093	1		0	12.0705	36.8684	0	0	0	
2024-06-11 14:24:54	1194	2661	5	0	0	2	9	0	0	0	9	0	0	0.25	9	0	0	0	9	0	0	1.515		99.9276	48.8045	0.135446	0	1.35545	0.310183	14.9039	1		0	12.0705	37.908	0	0	0	
2024-06-11 14:26:42	1208	2662	9	0	0	4	17	0	0	0	17	0	0	7	17	0	0	0	17	0	0	2.598		99.9173	48.7223	0.0715425	0	0.716017	0.337076	13.4966	1		0	11.973	37.2582	0	0	0	
2024-06-11 14:25:58	1202	2663	5	0	0	3	13	0	0	0	13	0	0	5.5	13	0	0	0	13	0	0	2.165		99.922	49.4228	0.101451	0	1.0153	0.207681	15.9483	1		0	12.0705	37.5181	0	0	0	
2024-06-11 14:25:08	1196	2664	5	0	0	3	13	0	0	0	13	0	0	4.25	13	0	0	0	13	0	0	1.082		99.9239	49.3363	0.196926	0	1.97077	0.0536728	15.4784	2		0	12.0705	37.778	0	0	0	
2024-06-11 14:32:22	1249	2665	5	0	0	7	29	0	0	0	29	0	0	7.75	29	0	0	0	29	0	0	0.649		99.9158	48.7538	0.387406	0	3.87732	0.688563	18.2714	1		0	12.0705	36.4785	0	0	0	
2024-06-11 14:32:30	1250	2666	9	0	0	7	29	0	0	0	29	0	0	6.5	29	0	0	0	29	0	0	0.433		99.9157	48.7577	0.604453	0	6.04963	0.815266	19.0055	1		0	12.0705	36.4785	0	0	0	
2024-06-11 14:22:55	1179	2667	5	0	0	1	5	0	0	0	5	0	0	6	5	0	0	0	5	0	0	4.33		99.9327	49.0507	0.0592201	0	0.5926	0.0588408	18.6171	1		0	12.0705	38.8176	0	0	0	
2024-06-11 14:22:18	1174	2668	9	0	0	1	5	0	0	0	5	0	0	4.75	5	0	0	0	5	0	0	3.247		99.9294	49.0521	0.0758946	0	0.759483	0.480763	17.8949	1		0.0088623	12.0705	39.3374	0	0	0	
2024-06-11 14:37:37	1287	2669	9	0	0	4.75	20	0	0	0	20	0	0	5	20	0	0	0	20	0	0	0.216		99.9196	48.5627	1.22726	0	12.2825	0.0761938	19.2933	2		0	12.0705	36.4785	0	0	0	
2024-06-11 14:30:04	1233	2670	9	0	0	6	25	0	0	0	25	0	0	5	25	0	0	0	25	0	0	0.866		99.921	48.907	0.378897	0	3.79197	0.286093	23.8256	2		0	12.0705	36.6085	0	0	0	
2024-06-11 14:31:10	1240	2671	1	0	0	6	25	0	0	0	25	0	0	3.75	25	0	0	0	25	0	0	1.948		99.9184	48.9211	0.102061	0	1.02144	0.126554	14.4403	1		0	12.0616	36.4785	0	0	0	
2024-06-11 14:22:26	1175	2672	1	0	0	1	5	0	0	0	5	0	0	0	5	0	0	0	5	0	0	0.866		99.9315	49.039	0.252264	0	2.52437	0.539642	15.8611	1		0	12.0705	39.2074	0	0	0	
2024-06-11 14:36:12	1278	2673	9	0	0	0.75	4	0	0	0	4	0	0	7	4	0	0	0	4	0	0	5.412		99.9145	49.3053	0.0394669	0	0.395007	0.874506	15.5119	1		0	12.0705	36.4785	0	0	0	
2024-06-11 14:27:41	1216	2674	1	0	0	4	17	0	0	0	17	0	0	0.25	17	0	0	0	17	0	0	3.247		99.9204	48.743	0.0604379	0	0.60486	0.0512543	14.2517	1		0	12.0705	36.9983	0	0	0	
2024-06-11 14:34:52	1268	2675	5	0	0	7.75	32	0	0	0	32	0	0	2.75	32	0	0	0	32	0	0	4.33		99.9212	49.17	0.0497623	0	0.498016	0.44668	15.6456	1		0	12.0705	36.3486	0	0	0	
2024-06-11 14:31:17	1241	2676	5	0	0	6	25	0	0	0	25	0	0	0	25	0	0	0	25	0	0	5.195		99.9194	48.9427	0.0453215	0	0.45358	0.184347	17.0996	1		0	12.0616	36.4785	0	0	0	
2024-06-11 14:24:13	1189	2677	1	0	0	2	9	0	0	0	9	0	0	2.75	9	0	0	0	9	0	0	0.649		99.9255	48.8144	0.39144	0	3.91731	0.0329526	18.4599	2		0	12.0705	38.1678	0	0	0	
2024-06-11 14:32:55	1253	2678	1	0	0	7	29	0	0	0	29	0	0	1.25	29	0	0	0	29	0	0	4.979		99.9189	48.769	0.0441858	0	0.442216	0.230525	15.9765	1		0	12.0616	36.4785	0	0	0	
2024-06-11 14:21:07	1166	2679	5	0	0	0	1	0	0	0	1	0	0	5.5	1	0	0	0	1	0	0	4.762		99.9305	49.7342	0.0626297	0	0.626733	0.434299	21.6583	1		0	12.0705	40.247	0	0	0	
2024-06-11 14:20:29	1161	2680	9	0	0	0	1	0	0	0	1	0	0	4.25	1	0	0	0	1	0	0	3.68		99.9372	50.0573	0.0596287	0	0.596662	0.525362	15.933	2		0	12.0705	41.1566	0	0	0	
