Time	MeasID	DPID	Channel	A(x)	A(y)	A(z)	A(adr)	B(x)	B(y)	B(z)	B(adr)	M(x)	M(y)	M(z)	M(adr)	N(x)	N(y)	N(z)	N(adr)	F(x)	F(y)	F(z)	Note	I(mA)	Uout(V)	U(V)	SP(V)	R(Ohm)	Var(%)	Rho-a(Ohm-m)	Cycles	IP Delay Window(mV/V)	Pint(V)	Pext(V)	T int(deg C)	T log(deg C)	Latitude	Longitude
2024-06-17 18:19:58	1591	3016	1	0	0	7.75	32	0	0	0	32	0	0	2	32	0	0	0	32	0	0	4.979		100.043	91.7552	0.0418294	0	0.418113	0.108516	15.1057	1		0.0088623	12.0705	48.3036	0	0	0	
2024-06-17 18:15:24	1560	3017	5	0	0	5	21	0	0	0	21	0	0	7.5	21	0	0	0	21	0	0	2.165		100.045	93.141	0.0899451	0	0.899042	0.0803943	14.1221	1		0	12.0705	48.6935	0	0	0	
2024-06-17 18:15:06	1558	3018	5	0	0	5	21	0	0	0	21	0	0	6.25	21	0	0	0	21	0	0	1.082		100.043	94.489	0.193133	0	1.9305	0.218461	15.1621	1		0.0088623	12.0705	48.6935	0	0	0	
2024-06-17 18:12:44	1542	3019	1	0	0	3	13	0	0	0	13	0	0	1.75	13	0	0	0	13	0	0	1.082		100.051	96.8776	0.174992	0	1.74902	0.0960049	13.7368	1		0.0088623	12.0705	48.9533	0	0	0	
2024-06-17 18:20:24	1594	3020	9	0	0	7.75	32	0	0	0	32	0	0	6.75	32	0	0	0	32	0	0	0.866		100.046	93.205	0.24513	0	2.45016	0.12169	15.3948	1		0.0088623	12.0616	48.4336	0	0	0	
2024-06-17 18:27:16	1641	3021	1	0	0	3.25	14	0	0	0	14	0	0	2.5	14	0	0	0	14	0	0	0.649		100.049	91.9226	0.303899	0	3.0375	0.310281	14.3139	1		0.0088623	12.0705	48.4336	0	0	0	
2024-06-17 18:13:38	1548	3022	5	0	0	4	17	0	0	0	17	0	0	7.5	17	0	0	0	17	0	0	3.031		100.049	94.7484	0.0658623	0	0.658303	0.230773	14.4768	1		0.0088623	12.0705	48.9533	0	0	0	
2024-06-17 18:13:21	1546	3023	5	0	0	4	17	0	0	0	17	0	0	6.25	17	0	0	0	17	0	0	1.948		100.05	95.7412	0.101621	0	1.0157	0.0087331	14.3591	1		0.0088623	12.0705	48.9533	0	0	0	
2024-06-17 18:11:40	1535	3024	1	0	0	3	13	0	0	0	13	0	0	3.5	13	0	0	0	13	0	0	0.433		100.056	97.6663	0.457949	0	4.57691	0.406503	14.3788	1		0	12.0616	49.3432	0	0	0	
2024-06-17 18:10:03	1524	3025	5	0	0	2	9	0	0	0	9	0	0	6.75	9	0	0	0	9	0	0	4.113		100.062	99.4119	0.0529583	0	0.529253	0.0943622	15.7956	1		0.0088623	12.0616	49.9929	0	0	0	
2024-06-17 18:18:40	1582	3026	9	0	0	7	29	0	0	0	29	0	0	5.75	29	0	0	0	29	0	0	1.082		100.041	91.3457	0.193933	0	1.93854	0.283195	15.2252	1		0	12.0705	48.4336	0	0	0	
2024-06-17 18:18:30	1581	3027	5	0	0	7	29	0	0	0	29	0	0	4.5	29	0	0	0	29	0	0	2.165		100.042	91.3164	0.0908132	0	0.907749	0.070217	14.2589	1		0.0088623	12.0705	48.4336	0	0	0	
2024-06-17 18:07:21	1506	3028	9	0	0	1	5	0	0	0	5	0	0	5.25	5	0	0	0	5	0	0	3.68		100.058	98.1715	0.0605646	0	0.605294	0.0201949	16.1635	2		0.0088623	12.0705	51.2924	0	0	0	
2024-06-17 18:08:25	1513	3029	5	0	0	1	5	0	0	0	5	0	0	4	5	0	0	0	5	0	0	2.598		100.059	100.781	0.0731016	0	0.730581	0.0204457	13.7711	1		0.0088623	12.0705	50.7726	0	0	0	
2024-06-17 18:25:37	1629	3030	1	0	0	4.75	20	0	0	0	20	0	0	3	20	0	0	0	20	0	0	1.515		100.04	91.0249	0.125445	0	1.25395	0.00418258	13.7879	1		0.0088623	12.0705	48.3036	0	0	0	
2024-06-17 18:17:26	1574	3031	1	0	0	6	25	0	0	0	25	0	0	3	25	0	0	0	25	0	0	2.598		100.046	94.3266	0.0778002	0	0.777644	0.0516315	14.6582	1		0.0088623	12.0705	48.4336	0	0	0	
2024-06-17 18:10:56	1530	3032	1	0	0	2	9	0	0	0	9	0	0	2.25	9	0	0	0	9	0	0	0.216		100.054	97.5033	0.722231	0	7.21841	0.323153	11.3387	1		0.0088623	12.0705	49.6031	0	0	0	
2024-06-17 18:19:39	1589	3033	1	0	0	7	29	0	0	0	29	0	0	0.5	29	0	0	0	29	0	0	5.628		100.043	93.7961	0.0441256	0	0.441067	0.550743	18.0135	1		0.0088623	12.0705	48.4336	0	0	0	
2024-06-17 18:06:42	1502	3034	5	0	0	0	1	0	0	0	1	0	0	3.5	1	0	0	0	1	0	0	3.031		100.061	99.2741	0.0677502	0	0.677092	0.111162	14.89	2		0.0088623	12.0705	51.8122	0	0	0	
2024-06-17 18:27:08	1640	3035	1	0	0	1.75	8	0	0	0	8	0	0	0	8	0	0	0	8	0	0	1.515		100.051	91.0999	0.122738	0	1.22676	0.186074	13.4889	1		0.0088623	12.0616	48.3036	0	0	0	
2024-06-17 18:17:26	1574	3036	5	0	0	6	25	0	0	0	25	0	0	7	25	0	0	0	25	0	0	0.866		100.046	94.3266	0.251922	0	2.51806	0.191084	15.8214	1		0.0088623	12.0705	48.4336	0	0	0	
2024-06-17 18:26:18	1634	3037	1	0	0	6.5	27	0	0	0	27	0	0	1.25	27	0	0	0	27	0	0	4.546		100.046	92.3976	0.0529895	0	0.529648	0.809809	17.4714	1		0.0088623	12.0616	48.4336	0	0	0	
2024-06-17 18:20:24	1594	3038	1	0	0	7.75	32	0	0	0	32	0	0	1.25	32	0	0	0	32	0	0	5.628		100.046	93.205	0.0392122	0	0.39194	0.262874	16.0071	1		0.0088623	12.0616	48.4336	0	0	0	
2024-06-17 18:15:15	1559	3039	5	0	0	5	21	0	0	0	21	0	0	5.5	21	0	0	0	21	0	0	0.433		100.045	92.867	0.477379	0	4.77165	0.339581	14.9906	1		0.0088623	12.0705	48.6935	0	0	0	
2024-06-17 18:14:57	1557	3040	9	0	0	5	21	0	0	0	21	0	0	4.25	21	0	0	0	21	0	0	0.649		100.044	94.866	0.323128	0	3.22986	0.411394	15.2204	1		0.0088623	12.0705	48.6935	0	0	0	
2024-06-17 18:12:34	1541	3041	5	0	0	3	13	0	0	0	13	0	0	1	13	0	0	0	13	0	0	1.732		100.052	96.9088	0.104985	0	1.04931	0.0505637	13.186	1		0.0088623	12.0705	48.9533	0	0	0	
2024-06-17 18:09:01	1517	3042	5	0	0	1	5	0	0	0	5	0	0	2	5	0	0	0	5	0	0	0.866		100.057	98.8885	0.216834	0	2.1671	0.128961	13.6163	1		0	12.0705	50.3827	0	0	0	
2024-06-17 18:22:37	1609	3043	9	0	0	1.75	8	0	0	0	8	0	0	6	8	0	0	0	8	0	0	3.68		100.043	89.255	0.0601155	0	0.600898	0.405384	16.0461	1		0.0088623	12.0705	47.9138	0	0	0	
2024-06-17 18:12:53	1543	3044	1	0	0	4	17	0	0	0	17	0	0	2.25	17	0	0	0	17	0	0	1.515		100.052	95.5725	0.122879	0	1.22816	0.153233	13.5043	1		0.0088623	12.0705	49.0833	0	0	0	
2024-06-17 18:20:07	1592	3045	9	0	0	7.75	32	0	0	0	32	0	0	6	32	0	0	0	32	0	0	1.515		100.045	91.352	0.131812	0	1.31753	0.0366559	14.487	1		0.0088623	12.0705	48.3036	0	0	0	
2024-06-17 18:21:00	1598	3046	5	0	0	7.75	32	0	0	0	32	0	0	4.75	32	0	0	0	32	0	0	2.598		100.046	93.5969	0.0732086	0	0.731752	0.0123472	13.7932	1		0.0088623	12.0705	48.3036	0	0	0	
2024-06-17 18:18:00	1578	3047	1	0	0	6	25	0	0	0	25	0	0	2	25	0	0	0	25	0	0	3.464		100.045	94.775	0.064167	0	0.641383	0.00537637	16.1197	1		0.0088623	12.0705	48.4336	0	0	0	
2024-06-17 18:13:57	1550	3048	5	0	0	4	17	0	0	0	17	0	0	5.5	17	0	0	0	17	0	0	1.299		100.05	95.6073	0.156552	0	1.56475	0.066761	14.7474	1		0.0088623	12.0705	48.8234	0	0	0	
2024-06-17 18:13:11	1545	3049	5	0	0	4	17	0	0	0	17	0	0	4.25	17	0	0	0	17	0	0	0.216		100.049	95.7498	0.820663	0	8.2026	0.0690124	12.8846	1		0.0088623	12.0705	48.9533	0	0	0	
2024-06-17 18:06:54	1503	3050	5	0	0	0	1	0	0	0	1	0	0	1.75	1	0	0	0	1	0	0	1.515		100.057	99.7599	0.12373	0	1.2366	0.254772	13.5971	1		0.0088623	12.0705	51.5523	0	0	0	
2024-06-17 18:28:22	1649	3051	1	0	0	3.75	16	0	0	4	16	0	0	3.5	16	0	0	4.25	16	0	0	0.13		100.053	18.2315	0.571896	0	5.71593	0.037067	8.97856	1		0.0088623	12.0705	48.4336	0	0	0	
2024-06-17 18:11:58	1537	3052	1	0	0	3	13	0	0	0	13	0	0	2.75	13	0	0	0	13	0	0	0.216		100.053	97.5103	0.719775	0	7.19396	0.454373	11.3002	1		0.0088623	12.0705	49.2132	0	0	0	
2024-06-17 18:10:21	1526	3053	9	0	0	2	9	0	0	0	9	0	0	6	9	0	0	0	9	0	0	3.464		100.054	98.3027	0.0633739	0	0.633395	0.0499054	15.919	1		0.0088623	12.0705	49.863	0	0	0	
2024-06-17 18:09:37	1521	3054	5	0	0	2	9	0	0	0	9	0	0	4.75	9	0	0	0	9	0	0	2.381		100.054	98.9642	0.0823756	0	0.823311	0.0206467	14.2258	1		0.0088623	12.0705	50.1229	0	0	0	
2024-06-17 18:18:49	1583	3055	5	0	0	7	29	0	0	0	29	0	0	5	29	0	0	0	29	0	0	1.732		100.041	91.2449	0.11385	0	1.13803	0.0387462	14.3009	1		0.0088623	12.0616	48.3036	0	0	0	
2024-06-17 18:18:10	1579	3056	1	0	0	7	29	0	0	0	29	0	0	3.75	29	0	0	0	29	0	0	2.814		100.037	93.5357	0.0707711	0	0.707449	0.0312753	14.4464	1		0.0088623	12.0705	48.4336	0	0	0	
2024-06-17 18:08:51	1516	3057	1	0	0	1	5	0	0	0	5	0	0	3.25	5	0	0	0	5	0	0	1.948		100.058	99.2603	0.0936763	0	0.936224	0.148959	13.2356	1		0.0088623	12.0705	50.5127	0	0	0	
2024-06-17 18:22:07	1606	3058	9	0	0	2.75	12	0	0	0	12	0	0	5	12	0	0	0	12	0	0	1.948		100.047	92.1148	0.0961532	0	0.961078	0.033056	13.5869	1		0.0088623	12.0705	48.3036	0	0	0	
2024-06-17 18:15:56	1564	3059	1	0	0	5	21	0	0	0	21	0	0	1.75	21	0	0	0	21	0	0	2.814		100.044	95.9027	0.0729674	0	0.72935	0.338687	14.8936	1		0.0088623	12.0616	48.6935	0	0	0	
2024-06-17 18:10:47	1529	3060	1	0	0	2	9	0	0	0	9	0	0	1.5	9	0	0	0	9	0	0	0.433		100.055	97.7523	0.435924	0	4.35683	0.201224	13.6874	1		0.0088623	12.0616	49.6031	0	0	0	
2024-06-17 18:06:42	1502	3061	1	0	0	0	1	0	0	0	1	0	0	2.75	1	0	0	0	1	0	0	2.381		100.061	99.2741	0.113561	0	1.13492	0.553159	19.6101	2		0.0088623	12.0705	51.8122	0	0	0	
2024-06-17 18:21:59	1605	3062	9	0	0	3.25	14	0	0	0	14	0	0	4.5	14	0	0	0	14	0	0	1.082		100.047	90.3144	0.182704	0	1.82619	0.153067	14.3428	1		0.0088623	12.0705	48.3036	0	0	0	
2024-06-17 18:11:14	1532	3063	9	0	0	3	13	0	0	0	13	0	0	6.75	13	0	0	0	13	0	0	3.247		100.048	97.4879	0.0638461	0	0.638154	0.1155	15.0362	1		0	12.0705	49.3432	0	0	0	
2024-06-17 18:08:08	1511	3064	5	0	0	1	5	0	0	0	5	0	0	7.25	5	0	0	0	5	0	0	5.412		100.053	99.7824	0.0564061	0	0.563761	0.65315	22.1389	1		0.0088623	12.0705	50.7726	0	0	0	
2024-06-17 18:16:32	1568	3065	5	0	0	6	25	0	0	0	25	0	0	7.5	25	0	0	0	25	0	0	1.299		100.042	92.0651	0.156609	0	1.56544	0.0444103	14.7539	2		0.0088623	12.0705	48.4336	0	0	0	
2024-06-17 18:16:44	1569	3066	5	0	0	6	25	0	0	0	25	0	0	6.25	25	0	0	0	25	0	0	0.216		100.043	92.1801	0.801414	0	8.01067	0.406557	12.5831	1		0.0088623	12.0616	48.4336	0	0	0	
2024-06-17 18:20:41	1596	3067	1	0	0	7.75	32	0	0	0	32	0	0	0.5	32	0	0	0	32	0	0	6.278		100.046	93.3542	0.0363572	0	0.363405	0.0899236	16.5542	1		0	12.0705	48.3036	0	0	0	
2024-06-17 18:16:15	1566	3068	1	0	0	5	21	0	0	0	21	0	0	3.5	21	0	0	0	21	0	0	1.299		100.041	94.6198	0.148339	0	1.48278	0.172296	13.9749	1		0.0088623	12.0705	48.4336	0	0	0	
2024-06-17 18:12:25	1540	3069	5	0	0	3	13	0	0	0	13	0	0	0.25	13	0	0	0	13	0	0	2.381		100.051	97.336	0.0776083	0	0.775691	0.0154133	13.403	1		0.0088623	12.0705	49.0833	0	0	0	
2024-06-17 18:08:43	1515	3070	5	0	0	1	5	0	0	0	5	0	0	1.25	5	0	0	0	5	0	0	0.216		100.06	100.84	0.720006	0	7.19577	0.2421	11.3031	1		0.0088623	12.0705	50.5127	0	0	0	
2024-06-17 18:13:11	1545	3071	1	0	0	4	17	0	0	0	17	0	0	1.5	17	0	0	0	17	0	0	2.165		100.049	95.7498	0.0856373	0	0.855953	0.0173756	13.4453	1		0.0088623	12.0705	48.9533	0	0	0	
2024-06-17 18:22:44	1610	3072	9	0	0	1.5	7	0	0	0	7	0	0	6.25	7	0	0	0	7	0	0	4.113		100.043	87.6189	0.0567636	0	0.567394	1.48051	16.9339	4		0.0088623	12.0705	48.3036	0	0	0	
2024-06-17 18:20:16	1593	3073	5	0	0	7.75	32	0	0	0	32	0	0	5.25	32	0	0	0	32	0	0	2.165		100.044	91.0148	0.0879345	0	0.878959	0.133242	13.8067	1		0	12.0616	48.3036	0	0	0	
2024-06-17 18:20:51	1597	3074	5	0	0	7.75	32	0	0	0	32	0	0	4	32	0	0	0	32	0	0	3.247		100.042	92.3991	0.0591074	0	0.590827	0.0476577	13.921	1		0.0088623	12.0616	48.3036	0	0	0	
2024-06-17 18:17:10	1572	3075	1	0	0	6	25	0	0	0	25	0	0	1.25	25	0	0	0	25	0	0	4.113		100.042	93.4825	0.0596568	0	0.596316	0.066513	17.7971	1		0.0088623	12.0705	48.4336	0	0	0	
2024-06-17 18:13:38	1548	3076	1	0	0	4	17	0	0	0	17	0	0	3.5	17	0	0	0	17	0	0	0.433		100.049	94.7484	0.488351	0	4.88114	0.247586	15.3346	1		0.0088623	12.0705	48.9533	0	0	0	
2024-06-17 18:06:34	1501	3077	1	0	0	0	1	0	0	0	1	0	0	1	1	0	0	0	1	0	0	0.866		100.062	101.177	0.236017	0	2.3587	0.992672	14.8202	1		0.0088623	12.0705	51.9421	0	0	0	
2024-06-17 18:09:55	1523	3078	9	0	0	2	9	0	0	0	9	0	0	5.25	9	0	0	0	9	0	0	2.814		100.055	98.2384	0.0761983	0	0.761562	0.256119	15.5514	1		0.0088623	12.0705	49.863	0	0	0	
2024-06-17 18:09:19	1519	3079	9	0	0	2	9	0	0	0	9	0	0	4	9	0	0	0	9	0	0	1.732		100.054	99.2538	0.10837	0	1.08311	0.112887	13.6107	1		0.0088623	12.0705	50.2528	0	0	0	
2024-06-17 18:27:25	1642	3080	1	0	0	3.5	15	0	0	0	15	0	0	2.25	15	0	0	0	15	0	0	1.082		100.045	89.0301	0.176193	0	1.76114	0.203768	13.8319	1		0	12.0705	48.1737	0	0	0	
2024-06-17 18:19:49	1590	3081	1	0	0	7	29	0	0	0	29	0	0	3	29	0	0	0	29	0	0	3.464		100.042	92.6997	0.0588577	0	0.588331	0.182834	14.7864	1		0.0088623	12.0705	48.3036	0	0	0	
2024-06-17 18:09:09	1518	3082	1	0	0	1	5	0	0	0	5	0	0	2.5	5	0	0	0	5	0	0	1.299		100.056	98.4498	0.142642	0	1.42562	0.0989215	13.4362	1		0.0088623	12.0705	50.1229	0	0	0	
2024-06-17 18:05:31	1495	3083	9	0	0	0	1	0	0	0	1	0	0	6.75	1	0	0	0	1	0	0	5.845		100.056	91.1248	0.0409664	0	0.409434	0.377534	17.3647	1		0.0088623	12.0705	53.1116	0	0	0	
2024-06-17 18:24:04	1618	3084	1	0	0	2.75	12	0	0	0	12	0	0	3	12	0	0	0	12	0	0	0.216		100.045	91.1536	0.722938	0	7.22615	0.472472	11.3508	1		0	12.0616	48.3036	0	0	0	
2024-06-17 18:16:05	1565	3085	5	0	0	5	21	0	0	0	21	0	0	1	21	0	0	0	21	0	0	3.464		100.043	95.913	0.0616008	0	0.615742	0.339176	15.4753	1		0.0088623	12.0705	48.5635	0	0	0	
2024-06-17 18:29:37	1658	3086	1	0	0	0.5	3	0	0	7.25	3	0	0	2.75	3	0	0	5	3	0	0	1.168		100.058	20.1403	0.0804357	0	0.803893	0.213993	11.3648	2		0.0088623	12.0705	48.4336	0	0	0	
2024-06-17 18:24:56	1624	3087	9	0	0	6.75	28	0	0	0	28	0	0	7	28	0	0	0	28	0	0	0.216		100.038	88.9838	0.773161	0	7.72864	0.393878	12.1401	1		0	12.0705	48.1737	0	0	0	
2024-06-17 18:09:19	1519	3088	1	0	0	2	9	0	0	0	9	0	0	0.75	9	0	0	0	9	0	0	1.082		100.054	99.2538	0.168583	0	1.68492	0.223009	13.2333	1		0.0088623	12.0705	50.2528	0	0	0	
2024-06-17 18:12:07	1538	3089	9	0	0	3	13	0	0	0	13	0	0	6	13	0	0	0	13	0	0	2.598		100.051	97.1267	0.0775504	0	0.77511	0.00313966	14.6105	1		0	12.0616	49.2132	0	0	0	
2024-06-17 18:11:05	1531	3090	5	0	0	3	13	0	0	0	13	0	0	4.75	13	0	0	0	13	0	0	1.515		100.052	98.3186	0.126745	0	1.2668	0.132115	13.9292	1		0.0088623	12.0705	49.3432	0	0	0	
2024-06-17 18:08:17	1512	3091	5	0	0	1	5	0	0	0	5	0	0	7.75	5	0	0	0	5	0	0	5.845		100.054	99.8302	0.0390385	0	0.390174	0.38446	16.5479	1		0.0088623	12.0705	50.5127	0	0	0	
2024-06-17 18:07:33	1507	3092	9	0	0	1	5	0	0	0	5	0	0	6.5	5	0	0	0	5	0	0	4.762		100.057	99.406	0.0513838	0	0.513547	0.112199	17.7469	1		0.0088623	12.0705	51.1624	0	0	0	
2024-06-17 18:16:23	1567	3093	9	0	0	6	25	0	0	0	25	0	0	5.5	25	0	0	0	25	0	0	0.433		100.043	93.74	0.489733	0	4.8952	0.783097	15.3787	1		0.0088623	12.0705	48.4336	0	0	0	
2024-06-17 18:17:18	1573	3094	5	0	0	6	25	0	0	0	25	0	0	4.25	25	0	0	0	25	0	0	1.515		100.043	92.1924	0.133813	0	1.33756	0.261641	14.7073	1		0	12.0705	48.4336	0	0	0	
2024-06-17 18:15:15	1559	3095	1	0	0	5	21	0	0	0	21	0	0	2.75	21	0	0	0	21	0	0	1.948		100.045	92.867	0.0964528	0	0.964095	0.0205606	13.6296	1		0.0088623	12.0705	48.6935	0	0	0	
2024-06-17 18:08:17	1512	3096	1	0	0	1	5	0	0	0	5	0	0	0.5	5	0	0	0	5	0	0	0.433		100.054	99.8302	0.456334	0	4.56087	0.226855	14.3284	1		0.0088623	12.0705	50.5127	0	0	0	
2024-06-17 18:14:30	1554	3097	5	0	0	4	17	0	0	0	17	0	0	0.75	17	0	0	0	17	0	0	2.814		100.05	96.4248	0.0688334	0	0.687993	0.155692	14.0491	1		0.0088623	12.0705	48.8234	0	0	0	
2024-06-17 18:21:34	1602	3098	5	0	0	7.75	32	0	0	0	32	0	0	3.25	32	0	0	0	32	0	0	3.897		100.038	92.8218	0.0499258	0	0.49907	0.189745	14.1109	1		0	12.0705	48.3036	0	0	0	
2024-06-17 18:28:54	1653	3099	1	0	0	2.75	12	0	0	5	12	0	0	0.5	12	0	0	7.25	12	0	0	1.168		100.062	19.8145	0.0791403	0	0.790913	0.087849	11.1813	1		0.0088623	12.0705	48.4336	0	0	0	
2024-06-17 18:23:01	1611	3100	9	0	0	1.25	6	0	0	0	6	0	0	6.5	6	0	0	0	6	0	0	4.546		100.045	92.7713	0.0519953	0	0.51972	0.665096	17.1438	1		0.0088623	12.0705	48.3036	0	0	0	
2024-06-17 18:17:35	1575	3101	1	0	0	6	25	0	0	0	25	0	0	0.5	25	0	0	0	25	0	0	4.762		100.043	93.5092	0.0558157	0	0.557919	0.414972	19.2803	1		0.0088623	12.0705	48.4336	0	0	0	
2024-06-17 18:14:22	1553	3102	1	0	0	4	17	0	0	0	17	0	0	2.75	17	0	0	0	17	0	0	1.082		100.048	96.2683	0.179264	0	1.79178	0.123301	14.0726	1		0.0088623	12.0616	48.8234	0	0	0	
2024-06-17 18:05:57	1498	3103	1	0	0	0	1	0	0	0	1	0	0	0.25	1	0	0	0	1	0	0	0.216		100.056	96.494	0.723492	0	7.23085	0.0208474	11.3582	2		0.0088623	12.0705	52.3319	0	0	0	
2024-06-17 18:10:03	1524	3104	1	0	0	2	9	0	0	0	9	0	0	3.25	9	0	0	0	9	0	0	1.082		100.062	99.4119	0.176455	0	1.76344	0.206308	13.8501	1		0.0088623	12.0616	49.9929	0	0	0	
2024-06-17 18:19:06	1585	3105	1	0	0	7	29	0	0	0	29	0	0	1.75	29	0	0	0	29	0	0	4.546		100.041	92.9756	0.050549	0	0.505283	0.503552	16.6676	1		0.0088623	12.0616	48.3036	0	0	0	
2024-06-17 18:05:39	1496	3106	5	0	0	0	1	0	0	0	1	0	0	6	1	0	0	0	1	0	0	5.195		100.062	96.4328	0.0486593	0	0.48629	0.506836	18.3327	1		0.0088623	12.0705	52.9817	0	0	0	
2024-06-17 18:05:18	1494	3107	9	0	0	0	1	0	0	0	1	0	0	4.75	1	0	0	0	1	0	0	4.113		100.061	87.1239	0.0526565	0	0.526245	0.45321	15.7058	1		0.0088623	12.035	53.1116	0	0	0	
2024-06-17 18:26:34	1636	3108	1	0	0	7.25	30	0	0	0	30	0	0	0.5	30	0	0	0	30	0	0	5.845		100.051	91.8603	0.0489987	0	0.489739	0.724837	20.7706	1		0.0088623	12.0705	48.4336	0	0	0	
2024-06-17 18:16:15	1566	3109	5	0	0	5	21	0	0	0	21	0	0	0.25	21	0	0	0	21	0	0	4.113		100.041	94.6198	0.0516347	0	0.516133	0.0929109	15.4041	1		0.0088623	12.0705	48.4336	0	0	0	
2024-06-17 18:15:24	1560	3110	9	0	0	5	21	0	0	0	21	0	0	6.75	21	0	0	0	21	0	0	1.515		100.045	93.141	0.135113	0	1.35052	0.0524926	14.8497	1		0	12.0705	48.6935	0	0	0	
2024-06-17 18:12:17	1539	3111	5	0	0	3	13	0	0	0	13	0	0	2.25	13	0	0	0	13	0	0	0.649		100.058	97.8548	0.303607	0	3.03432	0.255495	14.2989	1		0	12.0705	49.0833	0	0	0	
2024-06-17 18:09:37	1521	3112	1	0	0	2	9	0	0	0	9	0	0	0	9	0	0	0	9	0	0	1.732		100.054	98.9642	0.123495	0	1.23428	0.106804	15.5104	1		0.0088623	12.0705	50.1229	0	0	0	
2024-06-17 18:25:04	1625	3113	9	0	0	6.5	27	0	0	0	27	0	0	7.25	27	0	0	0	27	0	0	0.649		100.043	91.6364	0.328449	0	3.28309	0.245037	15.4712	1		0.0088623	12.0705	48.4336	0	0	0	
2024-06-17 18:20:34	1595	3114	5	0	0	7.75	32	0	0	0	32	0	0	7.25	32	0	0	0	32	0	0	0.433		100.04	92.5015	0.466749	0	4.66562	0.825065	14.6575	1		0	12.0616	48.1737	0	0	0	
2024-06-17 18:26:43	1637	3115	1	0	0	7.5	31	0	0	0	31	0	0	0.25	31	0	0	0	31	0	0	6.278		100.044	89.4285	0.0364508	0	0.364347	0.0702133	16.5972	1		0.0088623	12.0705	48.3036	0	0	0	
2024-06-17 18:23:38	1615	3116	1	0	0	0.75	4	0	0	0	4	0	0	1	4	0	0	0	4	0	0	0.216		100.044	89.9394	0.723438	0	7.23121	0.229649	11.3588	1		0.0088623	12.0705	48.3036	0	0	0	
2024-06-17 18:25:54	1631	3117	1	0	0	5.5	23	0	0	0	23	0	0	2.25	23	0	0	0	23	0	0	2.814		100.045	92.2438	0.0819214	0	0.818843	0.96185	16.7211	1		0.0088623	12.0705	48.3036	0	0	0	
2024-06-17 18:13:21	1546	3118	9	0	0	4	17	0	0	0	17	0	0	6.75	17	0	0	0	17	0	0	2.381		100.05	95.7412	0.0838498	0	0.838075	0.102507	14.4809	1		0.0088623	12.0705	48.9533	0	0	0	
2024-06-17 18:11:40	1535	3119	9	0	0	3	13	0	0	0	13	0	0	5.25	13	0	0	0	13	0	0	1.948		100.056	97.6663	0.0988081	0	0.987524	0.0415264	13.9608	1		0	12.0616	49.3432	0	0	0	
2024-06-17 18:11:23	1533	3120	5	0	0	3	13	0	0	0	13	0	0	4	13	0	0	0	13	0	0	0.866		100.049	97.607	0.235691	0	2.35575	0.274847	14.8016	1		0	12.0705	49.2132	0	0	0	
2024-06-17 18:09:46	1522	3121	5	0	0	2	9	0	0	0	9	0	0	7.25	9	0	0	0	9	0	0	4.546		100.051	99.1486	0.0534701	0	0.534426	0.847944	17.629	1		0.0088623	12.0705	49.9929	0	0	0	
2024-06-17 18:18:10	1579	3122	5	0	0	7	29	0	0	0	29	0	0	7.5	29	0	0	0	29	0	0	0.433		100.037	93.5357	0.45934	0	4.59169	0.746518	14.4252	1		0.0088623	12.0705	48.4336	0	0	0	
2024-06-17 18:19:14	1586	3123	5	0	0	7	29	0	0	0	29	0	0	6.25	29	0	0	0	29	0	0	0.649		100.043	93.9882	0.332785	0	3.32642	0.404914	15.6754	1		0.0088623	12.0705	48.4336	0	0	0	
2024-06-17 18:07:41	1508	3124	1	0	0	1	5	0	0	0	5	0	0	5.75	5	0	0	0	5	0	0	4.113		100.062	100.754	0.0529836	0	0.529505	0.183419	15.8031	1		0	12.0705	51.1624	0	0	0	
2024-06-17 18:08:17	1512	3125	9	0	0	1	5	0	0	0	5	0	0	4.5	5	0	0	0	5	0	0	3.031		100.054	99.8302	0.0691862	0	0.691488	0.247513	15.2066	1		0.0088623	12.0705	50.5127	0	0	0	
2024-06-17 18:17:52	1577	3126	1	0	0	6	25	0	0	0	25	0	0	3.5	25	0	0	0	25	0	0	2.165		100.045	94.5986	0.088861	0	0.888211	0.148321	13.952	1		0.0088623	12.0616	48.4336	0	0	0	
2024-06-17 18:14:06	1551	3127	1	0	0	4	17	0	0	0	17	0	0	0	17	0	0	0	17	0	0	3.464		100.048	95.2892	0.0601678	0	0.601391	0.0556279	15.1146	1		0.0088623	12.0705	48.8234	0	0	0	
2024-06-17 18:21:16	1600	3128	1	0	0	7.75	32	0	0	0	32	0	0	2.5	32	0	0	0	32	0	0	4.546		100.046	93.0743	0.0454783	0	0.454574	0.658717	14.9949	1		0	12.0705	48.1737	0	0	0	
2024-06-17 18:10:38	1528	3129	5	0	0	2	9	0	0	0	9	0	0	2.5	9	0	0	0	9	0	0	0.433		100.055	98.2875	0.436464	0	4.36224	0.282293	13.7044	1		0.0088623	12.0705	49.733	0	0	0	
2024-06-17 18:19:22	1587	3130	1	0	0	7	29	0	0	0	29	0	0	1	29	0	0	0	29	0	0	5.195		100.043	94.1581	0.0462791	0	0.462594	0.359745	17.4394	1		0.0088623	12.0705	48.4336	0	0	0	
2024-06-17 18:06:09	1499	3131	9	0	0	0	1	0	0	0	1	0	0	5.25	1	0	0	0	1	0	0	4.546		100.063	94.4566	0.0506038	0	0.505721	0.0559833	16.6821	4		0.0088623	12.0705	52.3319	0	0	0	
2024-06-17 18:06:09	1499	3132	5	0	0	0	1	0	0	0	1	0	0	4	1	0	0	0	1	0	0	3.464		100.063	94.4566	0.060257	0	0.602193	0.0621217	15.1348	4		0.0088623	12.0705	52.3319	0	0	0	
2024-06-17 18:21:16	1600	3133	5	0	0	7.75	32	0	0	0	32	0	0	1.75	32	0	0	0	32	0	0	5.195		100.046	93.0743	0.0412985	0	0.412796	0.443468	15.562	1		0	12.0705	48.1737	0	0	0	
2024-06-17 18:15:06	1558	3134	9	0	0	5	21	0	0	0	21	0	0	6	21	0	0	0	21	0	0	0.866		100.043	94.489	0.245386	0	2.45281	0.306422	15.4114	1		0.0088623	12.0705	48.6935	0	0	0	
2024-06-17 18:15:41	1562	3135	5	0	0	5	21	0	0	0	21	0	0	4.75	21	0	0	0	21	0	0	0.216		100.044	95.4497	0.745728	0	7.45397	0.38942	11.7087	1		0.0088623	12.0705	48.6935	0	0	0	
2024-06-17 18:12:44	1542	3136	5	0	0	3	13	0	0	0	13	0	0	1.5	13	0	0	0	13	0	0	1.299		100.051	96.8776	0.141294	0	1.41222	0.00119525	13.3098	1		0.0088623	12.0705	48.9533	0	0	0	
2024-06-17 18:20:16	1593	3137	9	0	0	7.75	32	0	0	0	32	0	0	6.5	32	0	0	0	32	0	0	1.082		100.044	91.0148	0.191312	0	1.91228	0.0670037	15.019	1		0	12.0616	48.3036	0	0	0	
2024-06-17 18:22:28	1608	3138	9	0	0	2.25	10	0	0	0	10	0	0	5.5	10	0	0	0	10	0	0	2.814		100.044	89.594	0.0779396	0	0.779052	0.0302478	15.9085	1		0.0088623	12.0705	48.1737	0	0	0	
2024-06-17 18:28:46	1652	3139	1	0	0	3	13	0	0	4.75	13	0	0	1.25	13	0	0	6.5	13	0	0	0.908		100.056	20.0221	0.10338	0	1.03322	0.207101	11.3609	1		0	11.973	48.4336	0	0	0	
2024-06-17 18:13:02	1544	3140	5	0	0	4	17	0	0	0	17	0	0	6	17	0	0	0	17	0	0	1.732		100.049	95.6	0.114406	0	1.1435	0.0152229	14.3697	1		0	12.0705	48.9533	0	0	0	
2024-06-17 18:12:53	1543	3141	5	0	0	4	17	0	0	0	17	0	0	4.75	17	0	0	0	17	0	0	0.649		100.052	95.5725	0.340002	0	3.39827	0.309923	16.014	1		0.0088623	12.0705	49.0833	0	0	0	
2024-06-17 18:07:03	1504	3142	5	0	0	0	1	0	0	0	1	0	0	2.25	1	0	0	0	1	0	0	1.948		100.06	100.523	0.105548	0	1.05484	0.180856	14.9125	1		0.0088623	12.0705	51.4223	0	0	0	
2024-06-17 18:28:39	1651	3143	1	0	0	3.25	14	0	0	4.5	14	0	0	2	14	0	0	5.75	14	0	0	0.649		100.053	19.9141	0.17571	0	1.75617	0.624547	13.7929	1		0.0088623	12.0705	48.1737	0	0	0	
2024-06-17 18:11:32	1534	3144	1	0	0	3	13	0	0	0	13	0	0	3.25	13	0	0	0	13	0	0	0.216		100.054	97.8405	0.739903	0	7.39503	0.403806	11.6161	1		0.0088623	12.0705	49.4731	0	0	0	
2024-06-17 18:09:28	1520	3145	5	0	0	2	9	0	0	0	9	0	0	7.75	9	0	0	0	9	0	0	4.979		100.053	99.0341	0.0430875	0	0.430648	0.457937	15.5586	1		0.0088623	12.0705	50.1229	0	0	0	
2024-06-17 18:10:03	1524	3146	9	0	0	2	9	0	0	0	9	0	0	6.5	9	0	0	0	9	0	0	3.897		100.062	99.4119	0.0553075	0	0.552729	0.182616	15.6281	1		0.0088623	12.0616	49.9929	0	0	0	
2024-06-17 18:19:06	1585	3147	9	0	0	7	29	0	0	0	29	0	0	5.5	29	0	0	0	29	0	0	1.299		100.041	92.9756	0.157004	0	1.5694	0.128547	14.7913	1		0.0088623	12.0616	48.3036	0	0	0	
2024-06-17 18:18:30	1581	3148	9	0	0	7	29	0	0	0	29	0	0	4.25	29	0	0	0	29	0	0	2.381		100.042	91.3164	0.0832556	0	0.832204	0.0677559	14.3795	1		0.0088623	12.0705	48.4336	0	0	0	
2024-06-17 18:07:41	1508	3149	5	0	0	1	5	0	0	0	5	0	0	5	5	0	0	0	5	0	0	3.464		100.062	100.754	0.0624579	0	0.624189	0.161097	15.6876	1		0	12.0705	51.1624	0	0	0	
2024-06-17 18:08:34	1514	3150	5	0	0	1	5	0	0	0	5	0	0	3.75	5	0	0	0	5	0	0	2.381		100.06	100.929	0.0803987	0	0.803505	0.00432331	13.8836	1		0.0088623	12.0705	50.5127	0	0	0	
2024-06-17 18:17:35	1575	3151	5	0	0	6	25	0	0	0	25	0	0	2.75	25	0	0	0	25	0	0	2.814		100.043	93.5092	0.0719104	0	0.718797	0.218065	14.6781	1		0.0088623	12.0705	48.4336	0	0	0	
2024-06-17 18:15:41	1562	3152	1	0	0	5	21	0	0	0	21	0	0	2.25	21	0	0	0	21	0	0	2.381		100.044	95.4497	0.0800482	0	0.800127	0.0922883	13.8252	1		0.0088623	12.0705	48.6935	0	0	0	
2024-06-17 18:18:18	1580	3153	1	0	0	7	29	0	0	0	29	0	0	0.25	29	0	0	0	29	0	0	5.845		100.042	91.5695	0.0404537	0	0.404367	0.080463	17.1498	2		0	12.0705	48.4336	0	0	0	
2024-06-17 18:05:18	1494	3154	1	0	0	0	1	0	0	0	1	0	0	3.25	1	0	0	0	1	0	0	2.814		100.061	87.1239	0.0697065	0	0.696641	0.308996	14.2256	1		0.0088623	12.035	53.1116	0	0	0	
2024-06-17 18:11:32	1534	3155	5	0	0	3	13	0	0	0	13	0	0	7.25	13	0	0	0	13	0	0	3.68		100.054	97.8405	0.0652039	0	0.651687	0.129958	17.4023	1		0.0088623	12.0705	49.4731	0	0	0	
2024-06-17 18:17:01	1571	3156	9	0	0	6	25	0	0	0	25	0	0	6.75	25	0	0	0	25	0	0	0.649		100.042	94.1776	0.344945	0	3.44799	0.313962	16.2483	1		0	12.0705	48.4336	0	0	0	
2024-06-17 18:21:43	1603	3157	9	0	0	3.75	16	0	0	0	16	0	0	4	16	0	0	0	16	0	0	0.216		100.042	91.6687	0.8102	0	8.09859	0.295567	12.7212	1		0.0088623	12.0705	48.1737	0	0	0	
2024-06-17 18:21:09	1599	3158	5	0	0	7.75	32	0	0	0	32	0	0	1	32	0	0	0	32	0	0	5.845		100.043	92.2121	0.0378444	0	0.378283	0.139361	16.0435	1		0.0088623	12.0616	48.1737	0	0	0	
2024-06-17 18:15:33	1561	3159	5	0	0	5	21	0	0	0	21	0	0	5.25	21	0	0	0	21	0	0	0.216		100.049	93.268	0.765623	0	7.65247	0.288859	12.0205	1		0.0088623	12.0705	48.5635	0	0	0	
2024-06-17 18:14:49	1556	3160	9	0	0	5	21	0	0	0	21	0	0	4	21	0	0	0	21	0	0	0.866		100.041	94.6972	0.242468	0	2.42368	0.858632	15.2285	1		0	12.0705	48.6935	0	0	0	
2024-06-17 18:12:34	1541	3161	1	0	0	3	13	0	0	0	13	0	0	0.75	13	0	0	0	13	0	0	1.948		100.052	96.9088	0.0933895	0	0.933412	0.0650644	13.1958	1		0.0088623	12.0705	48.9533	0	0	0	
2024-06-17 18:09:01	1517	3162	1	0	0	1	5	0	0	0	5	0	0	1.75	5	0	0	0	5	0	0	0.649		100.057	98.8885	0.301373	0	3.01201	0.174987	14.1938	1		0	12.0705	50.3827	0	0	0	
2024-06-17 18:14:06	1551	3163	5	0	0	4	17	0	0	0	17	0	0	2	17	0	0	0	17	0	0	1.732		100.048	95.2892	0.107639	0	1.07588	0.0573292	13.5199	1		0.0088623	12.0705	48.8234	0	0	0	
2024-06-17 18:19:58	1591	3164	5	0	0	7.75	32	0	0	0	32	0	0	5.75	32	0	0	0	32	0	0	1.732		100.043	91.7552	0.112896	0	1.12847	0.315444	14.1807	1		0.0088623	12.0705	48.3036	0	0	0	
2024-06-17 18:20:51	1597	3165	9	0	0	7.75	32	0	0	0	32	0	0	4.5	32	0	0	0	32	0	0	2.814		100.042	92.3991	0.0677071	0	0.676787	0.0443907	13.8202	1		0.0088623	12.0616	48.3036	0	0	0	
2024-06-17 18:24:21	1620	3166	1	0	0	2.25	10	0	0	0	10	0	0	3.5	10	0	0	0	10	0	0	1.082		100.04	90.8667	0.176402	0	1.76331	0.125106	13.849	1		0.0088623	12.0705	48.3036	0	0	0	
2024-06-17 18:23:29	1614	3167	9	0	0	0.25	2	0	0	0	2	0	0	7.5	2	0	0	0	2	0	0	6.278		100.052	90.7145	0.0376618	0	0.376422	0.350277	17.1472	1		0.0088623	12.0705	48.3036	0	0	0	
2024-06-17 18:16:53	1570	3168	1	0	0	6	25	0	0	0	25	0	0	1.75	25	0	0	0	25	0	0	3.68		100.038	92.6734	0.065809	0	0.65784	0.108467	17.5667	1		0.0088623	12.0705	48.4336	0	0	0	
2024-06-17 18:13:47	1549	3169	9	0	0	4	17	0	0	0	17	0	0	5.25	17	0	0	0	17	0	0	1.082		100.048	95.6464	0.191635	0	1.91543	0.100032	15.0437	1		0.0088623	12.0705	48.6935	0	0	0	
2024-06-17 18:05:39	1496	3170	1	0	0	0	1	0	0	0	1	0	0	1.5	1	0	0	0	1	0	0	1.299		100.062	96.4328	0.146009	0	1.45918	0.271746	13.7524	1		0.0088623	12.0705	52.9817	0	0	0	
2024-06-17 18:12:17	1539	3171	1	0	0	3	13	0	0	0	13	0	0	2.5	13	0	0	0	13	0	0	0.433		100.058	97.8548	0.44003	0	4.39777	0.34523	13.816	1		0	12.0705	49.0833	0	0	0	
2024-06-17 18:10:12	1525	3172	9	0	0	2	9	0	0	0	9	0	0	5.75	9	0	0	0	9	0	0	3.247		100.058	98.8106	0.0648631	0	0.648253	0.275546	15.2741	1		0.0088623	12.0705	49.863	0	0	0	
2024-06-17 18:09:37	1521	3173	9	0	0	2	9	0	0	0	9	0	0	4.5	9	0	0	0	9	0	0	2.165		100.054	98.9642	0.0887198	0	0.886719	0.042586	13.9286	1		0.0088623	12.0705	50.1229	0	0	0	
2024-06-17 18:18:40	1582	3174	1	0	0	7	29	0	0	0	29	0	0	3.5	29	0	0	0	29	0	0	3.031		100.041	91.3457	0.0654503	0	0.654236	0.0310503	14.3874	1		0	12.0705	48.4336	0	0	0	
2024-06-17 18:07:33	1507	3175	1	0	0	1	5	0	0	0	5	0	0	3	5	0	0	0	5	0	0	1.732		100.057	99.406	0.105954	0	1.05894	0.083834	13.307	1		0.0088623	12.0705	51.1624	0	0	0	
2024-06-17 18:05:57	1498	3176	5	0	0	0	1	0	0	0	1	0	0	7.25	1	0	0	0	1	0	0	6.278		100.056	96.494	0.040873	0	0.4085	0.0514459	18.6084	2		0.0088623	12.0705	52.3319	0	0	0	
2024-06-17 18:15:48	1563	3177	1	0	0	5	21	0	0	0	21	0	0	1.5	21	0	0	0	21	0	0	3.031		100.047	95.7751	0.0669417	0	0.669104	0.528876	14.7144	1		0.0088623	12.0705	48.6935	0	0	0	
2024-06-17 18:10:29	1527	3178	5	0	0	2	9	0	0	0	9	0	0	1.25	9	0	0	0	9	0	0	0.649		100.06	99.059	0.292017	0	2.91843	0.149454	13.7528	1		0.0088623	12.0705	49.863	0	0	0	
2024-06-17 18:27:00	1639	3179	1	0	0	1.5	7	0	0	0	7	0	0	0.25	7	0	0	0	7	0	0	1.082		100.045	88.3621	0.173541	0	1.73463	0.0760151	13.6237	1		0.0088623	12.0705	48.3036	0	0	0	
2024-06-17 18:07:03	1504	3180	1	0	0	0	1	0	0	0	1	0	0	2.5	1	0	0	0	1	0	0	2.165		100.06	100.523	0.0890671	0	0.890135	0.328447	13.9822	1		0.0088623	12.0705	51.4223	0	0	0	
2024-06-17 18:26:10	1633	3181	1	0	0	6.25	26	0	0	0	26	0	0	1.5	26	0	0	0	26	0	0	4.113		100.045	92.2858	0.0552359	0	0.552112	0.921779	16.4779	1		0.0088623	12.0616	48.1737	0	0	0	
2024-06-17 18:28:05	1647	3182	9	0	0	7.25	30	0	0	0	30	0	0	6.5	30	0	0	0	30	0	0	0.649		100.048	91.0401	0.323104	0	3.22948	0.2922	15.2186	1		0.0088623	12.0705	48.4336	0	0	0	
2024-06-17 18:11:49	1536	3183	5	0	0	3	13	0	0	0	13	0	0	7.75	13	0	0	0	13	0	0	4.113		100.05	97.3817	0.0498499	0	0.49825	0.325947	14.8703	1		0.0088623	12.0616	49.3432	0	0	0	
2024-06-17 18:11:14	1532	3184	5	0	0	3	13	0	0	0	13	0	0	6.5	13	0	0	0	13	0	0	3.031		100.048	97.4879	0.068095	0	0.680623	0.0408898	14.9677	1		0	12.0705	49.3432	0	0	0	
2024-06-17 18:07:50	1509	3185	5	0	0	1	5	0	0	0	5	0	0	7	5	0	0	0	5	0	0	5.195		100.058	100.349	0.0454351	0	0.454087	0.0381013	17.1187	1		0.0088623	12.0705	51.0325	0	0	0	
2024-06-17 18:17:10	1572	3186	5	0	0	6	25	0	0	0	25	0	0	4.75	25	0	0	0	25	0	0	1.082		100.042	93.4825	0.192853	0	1.92771	0.375821	15.1402	1		0.0088623	12.0705	48.4336	0	0	0	
2024-06-17 18:21:09	1599	3187	1	0	0	7.75	32	0	0	0	32	0	0	0.25	32	0	0	0	32	0	0	6.494		100.043	92.2121	0.0341963	0	0.341817	0.295087	16.1078	1		0.0088623	12.0616	48.1737	0	0	0	
2024-06-17 18:14:57	1557	3188	1	0	0	5	21	0	0	0	21	0	0	3.25	21	0	0	0	21	0	0	1.515		100.044	94.866	0.124757	0	1.24702	0.103682	13.7117	1		0.0088623	12.0705	48.6935	0	0	0	
2024-06-17 18:11:05	1531	3189	1	0	0	3	13	0	0	0	13	0	0	0	13	0	0	0	13	0	0	2.598		100.052	98.3186	0.075619	0	0.755799	0.420527	14.2465	1		0.0088623	12.0705	49.3432	0	0	0	
2024-06-17 18:21:51	1604	3190	9	0	0	3.5	15	0	0	0	15	0	0	4.25	15	0	0	0	15	0	0	0.649		100.043	90.8654	0.325917	0	3.25775	0.180778	15.3518	1		0.0088623	12.0705	48.3036	0	0	0	
2024-06-17 18:13:47	1549	3191	1	0	0	4	17	0	0	0	17	0	0	1.25	17	0	0	0	17	0	0	2.381		100.048	95.6464	0.0799466	0	0.799081	0.0699659	13.8071	1		0.0088623	12.0705	48.6935	0	0	0	
2024-06-17 18:20:34	1595	3192	9	0	0	7.75	32	0	0	0	32	0	0	5	32	0	0	0	32	0	0	2.381		100.04	92.5015	0.0796708	0	0.79639	0.102974	13.7606	1		0	12.0616	48.1737	0	0	0	
2024-06-17 18:21:00	1598	3193	1	0	0	7.75	32	0	0	0	32	0	0	3.75	32	0	0	0	32	0	0	3.464		100.046	93.5969	0.0558507	0	0.558252	0.0153287	14.0304	1		0.0088623	12.0705	48.3036	0	0	0	
2024-06-17 18:29:29	1657	3194	1	0	0	1.25	6	0	0	6.5	6	0	0	3	6	0	0	4.75	6	0	0	0.908		100.057	19.9475	0.106482	0	1.06422	0.59097	11.7017	1		0.0088623	12.0705	48.4336	0	0	0	
2024-06-17 18:16:23	1567	3195	1	0	0	6	25	0	0	0	25	0	0	1	25	0	0	0	25	0	0	4.33		100.043	93.74	0.057236	0	0.572112	0.607629	17.9734	1		0.0088623	12.0705	48.4336	0	0	0	
2024-06-17 18:13:02	1544	3196	1	0	0	4	17	0	0	0	17	0	0	3.25	17	0	0	0	17	0	0	0.649		100.049	95.6	0.326693	0	3.26533	0.228587	15.3875	1		0	12.0705	48.9533	0	0	0	
2024-06-17 18:06:09	1499	3197	1	0	0	0	1	0	0	0	1	0	0	0.75	1	0	0	0	1	0	0	0.649		100.063	94.4566	0.764644	0	7.64165	3.03981	36.0104	4		0.0088623	12.0705	52.3319	0	0	0	
2024-06-17 18:29:01	1654	3198	1	0	0	3.5	15	0	0	4.25	15	0	0	3.75	15	0	0	4	15	0	0	0.13		100.06	19.0497	0.548821	0	5.48494	0.467575	8.61572	1		0.0088623	12.0705	48.4336	0	0	0	
2024-06-17 18:09:55	1523	3199	5	0	0	2	9	0	0	0	9	0	0	5	9	0	0	0	9	0	0	2.598		100.055	98.2384	0.0765059	0	0.764637	0.0939417	14.4131	1		0.0088623	12.0705	49.863	0	0	0	
2024-06-17 18:09:28	1520	3200	1	0	0	2	9	0	0	0	9	0	0	3.75	9	0	0	0	9	0	0	1.515		100.053	99.0341	0.128115	0	1.28048	0.0208356	14.0796	1		0.0088623	12.0705	50.1229	0	0	0	
2024-06-17 18:18:57	1584	3201	1	0	0	7	29	0	0	0	29	0	0	2.75	29	0	0	0	29	0	0	3.68		100.044	93.557	0.0562195	0	0.56195	0.184598	15.0061	1		0.0088623	12.0616	48.4336	0	0	0	
2024-06-17 18:19:31	1588	3202	5	0	0	7	29	0	0	0	29	0	0	2.25	29	0	0	0	29	0	0	4.113		100.041	92.4815	0.0516778	0	0.516569	0.229058	15.4171	1		0	12.0616	48.3036	0	0	0	
2024-06-17 18:05:48	1497	3203	5	0	0	0	1	0	0	0	1	0	0	7.75	1	0	0	0	1	0	0	6.711		100.059	96.9312	0.0352582	0	0.352376	0.416971	17.1588	1		0.0088623	12.0705	52.5918	0	0	0	
2024-06-17 18:06:24	1500	3204	9	0	0	0	1	0	0	0	1	0	0	6.5	1	0	0	0	1	0	0	5.628		100.068	101.223	0.0421777	0	0.42149	0.236545	17.214	1		0.0088623	12.0705	52.072	0	0	0	
2024-06-17 18:14:49	1556	3205	1	0	0	5	21	0	0	0	21	0	0	0.75	21	0	0	0	21	0	0	3.68		100.041	94.6972	0.0584944	0	0.584704	0.351844	15.6137	1		0	12.0705	48.6935	0	0	0	
2024-06-17 18:14:40	1555	3206	9	0	0	5	21	0	0	0	21	0	0	7.25	21	0	0	0	21	0	0	1.948		100.04	95.4157	0.112824	0	1.12779	0.258916	15.9437	1		0	12.0705	48.6935	0	0	0	
2024-06-17 18:27:57	1646	3207	9	0	0	5.75	24	0	0	0	24	0	0	4	24	0	0	0	24	0	0	1.515		100.045	89.4915	0.129337	0	1.29279	0.162076	14.215	1		0.0088623	12.0705	48.3036	0	0	0	
2024-06-17 18:24:38	1622	3208	9	0	0	4.5	19	0	0	0	19	0	0	5.25	19	0	0	0	19	0	0	0.649		100.043	89.1581	0.325973	0	3.25832	0.131112	15.3545	1		0.0088623	12.0705	48.3036	0	0	0	
2024-06-17 18:29:09	1655	3209	1	0	0	2.75	12	0	0	5	12	0	0	3.5	12	0	0	4.25	12	0	0	0.389		100.055	19.8311	0.310866	0	3.10693	0.379949	14.6411	2		0.0088623	12.0705	48.4336	0	0	0	
2024-06-17 18:10:12	1525	3210	1	0	0	2	9	0	0	0	9	0	0	0.5	9	0	0	0	9	0	0	1.299		100.058	98.8106	0.141119	0	1.41037	0.134502	13.2924	1		0.0088623	12.0705	49.863	0	0	0	
2024-06-17 18:23:18	1613	3211	9	0	0	0.5	3	0	0	0	3	0	0	7.25	3	0	0	0	3	0	0	5.845		100.046	88.293	0.0569573	0	0.56931	0.449941	24.1453	2		0.0088623	12.0705	48.1737	0	0	0	
2024-06-17 18:13:30	1547	3212	5	0	0	4	17	0	0	0	17	0	0	7.25	17	0	0	0	17	0	0	2.814		100.046	96.1893	0.0763924	0	0.76357	0.162504	15.5924	1		0	12.0705	48.9533	0	0	0	
2024-06-17 18:11:58	1537	3213	9	0	0	3	13	0	0	0	13	0	0	5.75	13	0	0	0	13	0	0	2.381		100.053	97.5103	0.0808038	0	0.807612	0.120463	13.9545	1		0.0088623	12.0705	49.2132	0	0	0	
2024-06-17 18:11:05	1531	3214	9	0	0	3	13	0	0	0	13	0	0	4.5	13	0	0	0	13	0	0	1.299		100.052	98.3186	0.148757	0	1.4868	0.198959	14.0128	1		0.0088623	12.0705	49.3432	0	0	0	
2024-06-17 18:18:57	1584	3215	5	0	0	7	29	0	0	0	29	0	0	6.75	29	0	0	0	29	0	0	0.216		100.044	93.557	0.769002	0	7.68667	0.576469	12.0742	1		0.0088623	12.0616	48.4336	0	0	0	
2024-06-17 18:08:08	1511	3216	9	0	0	1	5	0	0	0	5	0	0	7.5	5	0	0	0	5	0	0	5.628		100.053	99.7824	0.0417842	0	0.41762	0.152663	17.0559	1		0.0088623	12.0705	50.7726	0	0	0	
2024-06-17 18:07:33	1507	3217	5	0	0	1	5	0	0	0	5	0	0	6.25	5	0	0	0	5	0	0	4.546		100.057	99.406	0.052882	0	0.52852	0.00555915	17.4342	1		0.0088623	12.0705	51.1624	0	0	0	
2024-06-17 18:16:44	1569	3218	9	0	0	6	25	0	0	0	25	0	0	5.25	25	0	0	0	25	0	0	0.649		100.043	92.1801	0.330908	0	3.30764	0.393538	15.5869	1		0.0088623	12.0616	48.4336	0	0	0	
2024-06-17 18:17:18	1573	3219	9	0	0	6	25	0	0	0	25	0	0	4	25	0	0	0	25	0	0	1.732		100.043	92.1924	0.113515	0	1.13467	0.0644407	14.2587	1		0	12.0705	48.4336	0	0	0	
2024-06-17 18:15:56	1564	3220	5	0	0	5	21	0	0	0	21	0	0	2.5	21	0	0	0	21	0	0	2.165		100.044	95.9027	0.092281	0	0.9224	0.920081	14.489	1		0.0088623	12.0616	48.6935	0	0	0	
2024-06-17 18:08:25	1513	3221	1	0	0	1	5	0	0	0	5	0	0	0.25	5	0	0	0	5	0	0	0.649		100.059	100.781	0.308351	0	3.08168	0.0771687	14.5221	1		0.0088623	12.0705	50.7726	0	0	0	
2024-06-17 18:14:13	1552	3222	1	0	0	4	17	0	0	0	17	0	0	0.5	17	0	0	0	17	0	0	3.031		100.05	96.0203	0.0666489	0	0.666154	0.00686365	14.6495	1		0.0088623	12.0616	48.9533	0	0	0	
2024-06-17 18:21:24	1601	3223	5	0	0	7.75	32	0	0	0	32	0	0	3	32	0	0	0	32	0	0	4.113		100.047	93.6547	0.0478186	0	0.477961	0.0412169	14.2648	1		0.0088623	12.0616	48.3036	0	0	0	
2024-06-17 18:16:44	1569	3224	1	0	0	6	25	0	0	0	25	0	0	0.25	25	0	0	0	25	0	0	4.979		100.043	92.1801	0.0472377	0	0.472173	0.128412	17.0588	1		0.0088623	12.0616	48.4336	0	0	0	
2024-06-17 18:25:46	1630	3225	1	0	0	5.25	22	0	0	0	22	0	0	2.5	22	0	0	0	22	0	0	2.381		100.044	92.3836	0.0917843	0	0.917435	0.449244	15.8521	1		0.0088623	12.0705	48.4336	0	0	0	
2024-06-17 18:14:13	1552	3226	5	0	0	4	17	0	0	0	17	0	0	2.5	17	0	0	0	17	0	0	1.299		100.05	96.0203	0.147231	0	1.47157	0.244923	13.8692	1		0.0088623	12.0616	48.9533	0	0	0	
2024-06-17 18:10:21	1526	3227	1	0	0	2	9	0	0	0	9	0	0	3	9	0	0	0	9	0	0	0.866		100.054	98.3027	0.224649	0	2.24528	0.14218	14.1075	1		0.0088623	12.0705	49.863	0	0	0	
2024-06-17 18:19:31	1588	3228	1	0	0	7	29	0	0	0	29	0	0	1.5	29	0	0	0	29	0	0	4.762		100.041	92.4815	0.0481309	0	0.481114	0.515595	16.6261	1		0	12.0616	48.3036	0	0	0	
2024-06-17 18:06:34	1501	3229	9	0	0	0	1	0	0	0	1	0	0	5.75	1	0	0	0	1	0	0	4.979		100.062	101.177	0.0462859	0	0.462572	0.0360978	16.712	1		0.0088623	12.0705	51.9421	0	0	0	
2024-06-17 18:05:57	1498	3230	9	0	0	0	1	0	0	0	1	0	0	4.5	1	0	0	0	1	0	0	3.897		100.056	96.494	0.0545883	0	0.545576	0.0113204	15.4258	2		0.0088623	12.0705	52.3319	0	0	0	
2024-06-17 18:15:06	1558	3231	1	0	0	5	21	0	0	0	21	0	0	0	21	0	0	0	21	0	0	4.33		100.043	94.489	0.0507752	0	0.507534	0.283246	15.9446	1		0.0088623	12.0705	48.6935	0	0	0	
2024-06-17 18:20:07	1592	3232	1	0	0	7.75	32	0	0	0	32	0	0	2.25	32	0	0	0	32	0	0	4.762		100.045	91.352	0.0428792	0	0.428598	0.0486804	14.8113	1		0.0088623	12.0705	48.3036	0	0	0	
2024-06-17 18:14:57	1557	3233	5	0	0	5	21	0	0	0	21	0	0	7.75	21	0	0	0	21	0	0	2.381		100.044	94.866	0.0819906	0	0.819545	0.0749998	14.1607	1		0.0088623	12.0705	48.6935	0	0	0	
2024-06-17 18:15:15	1559	3234	9	0	0	5	21	0	0	0	21	0	0	6.5	21	0	0	0	21	0	0	1.299		100.045	92.867	0.15895	0	1.58878	0.0850034	14.9739	1		0.0088623	12.0705	48.6935	0	0	0	
2024-06-17 18:11:49	1536	3235	1	0	0	3	13	0	0	0	13	0	0	2	13	0	0	0	13	0	0	0.866		100.05	97.3817	0.22374	0	2.23628	0.165513	14.051	1		0.0088623	12.0616	49.3432	0	0	0	
2024-06-17 18:25:28	1628	3236	1	0	0	4.5	19	0	0	0	19	0	0	3.25	19	0	0	0	19	0	0	1.082		100.044	92.4687	0.182705	0	1.82625	0.0452284	14.3433	1		0.0088623	12.0705	48.4336	0	0	0	
2024-06-17 18:20:24	1594	3237	5	0	0	7.75	32	0	0	0	32	0	0	7	32	0	0	0	32	0	0	0.649		100.046	93.205	0.332616	0	3.32461	0.163928	15.6669	1		0.0088623	12.0616	48.4336	0	0	0	
2024-06-17 18:27:49	1645	3238	9	0	0	5.5	23	0	0	0	23	0	0	4.25	23	0	0	0	23	0	0	1.082		100.052	91.2069	0.188029	0	1.87932	0.0495218	14.7601	1		0	12.0705	48.4336	0	0	0	
2024-06-17 18:26:27	1635	3239	1	0	0	6.75	28	0	0	0	28	0	0	1	28	0	0	0	28	0	0	4.979		100.04	90.1706	0.0504946	0	0.504747	0.421355	18.2356	1		0.0088623	12.0705	48.1737	0	0	0	
2024-06-17 18:24:47	1623	3240	9	0	0	4.25	18	0	0	0	18	0	0	5.5	18	0	0	0	18	0	0	1.082		100.043	89.2161	0.19004	0	1.89959	0.0388499	14.9194	1		0.0088623	12.0616	48.3036	0	0	0	
2024-06-17 18:13:47	1549	3241	5	0	0	4	17	0	0	0	17	0	0	7.75	17	0	0	0	17	0	0	3.247		100.048	95.6464	0.0612725	0	0.612429	0.274064	14.43	1		0.0088623	12.0705	48.6935	0	0	0	
2024-06-17 18:13:11	1545	3242	9	0	0	4	17	0	0	0	17	0	0	6.5	17	0	0	0	17	0	0	2.165		100.049	95.7498	0.0918434	0	0.917984	0.0218922	14.4197	1		0.0088623	12.0705	48.9533	0	0	0	
2024-06-17 18:11:40	1535	3243	5	0	0	3	13	0	0	0	13	0	0	5	13	0	0	0	13	0	0	1.732		100.056	97.6663	0.109549	0	1.09487	0.207489	13.7585	1		0	12.0616	49.3432	0	0	0	
2024-06-17 18:11:14	1532	3244	1	0	0	3	13	0	0	0	13	0	0	3.75	13	0	0	0	13	0	0	0.649		100.048	97.4879	0.31621	0	3.16059	0.436032	14.8939	1		0	12.0705	49.3432	0	0	0	
2024-06-17 18:09:46	1522	3245	9	0	0	2	9	0	0	0	9	0	0	7	9	0	0	0	9	0	0	4.33		100.051	99.1486	0.0501861	0	0.501603	0.235691	15.7583	1		0.0088623	12.0705	49.9929	0	0	0	
2024-06-17 18:18:40	1582	3246	5	0	0	7	29	0	0	0	29	0	0	6	29	0	0	0	29	0	0	0.866		100.041	91.3457	0.250191	0	2.50089	0.236785	15.7136	1		0	12.0705	48.4336	0	0	0	
2024-06-17 18:18:49	1583	3247	9	0	0	7	29	0	0	0	29	0	0	4.75	29	0	0	0	29	0	0	1.948		100.041	91.2449	0.101203	0	1.01162	0.0465571	14.3014	1		0.0088623	12.0616	48.3036	0	0	0	
2024-06-17 18:07:21	1506	3248	5	0	0	1	5	0	0	0	5	0	0	5.5	5	0	0	0	5	0	0	3.897		100.058	98.1715	0.061109	0	0.610735	0.0491553	17.2681	2		0.0088623	12.0705	51.2924	0	0	0	
2024-06-17 18:08:25	1513	3249	9	0	0	1	5	0	0	0	5	0	0	4.25	5	0	0	0	5	0	0	2.814		100.059	100.781	0.0717819	0	0.717392	0.069699	14.6494	1		0.0088623	12.0705	50.7726	0	0	0	
2024-06-17 18:17:44	1576	3250	5	0	0	6	25	0	0	0	25	0	0	3.25	25	0	0	0	25	0	0	2.381		100.047	94.5979	0.0831538	0	0.831147	0.0749937	14.3612	1		0.0088623	12.0705	48.4336	0	0	0	
2024-06-17 18:23:56	1617	3251	1	0	0	0.25	2	0	0	0	2	0	0	1.5	2	0	0	0	2	0	0	1.082		100.04	88.9654	0.17248	0	1.72411	0.159375	13.5411	1		0.0088623	12.0705	48.1737	0	0	0	
2024-06-17 18:19:39	1589	3252	5	0	0	7	29	0	0	0	29	0	0	0.75	29	0	0	0	29	0	0	5.412		100.043	93.7961	0.0440025	0	0.439837	0.411479	17.2723	1		0.0088623	12.0705	48.4336	0	0	0	
2024-06-17 18:05:18	1494	3253	5	0	0	0	1	0	0	0	1	0	0	5	1	0	0	0	1	0	0	4.33		100.061	87.1239	0.0506673	0	0.506365	0.698405	15.9079	1		0.0088623	12.035	53.1116	0	0	0	
2024-06-17 18:06:24	1500	3254	1	0	0	0	1	0	0	0	1	0	0	3.75	1	0	0	0	1	0	0	3.247		100.068	101.223	0.0624508	0	0.624084	0.237277	14.7046	1		0.0088623	12.0705	52.072	0	0	0	
2024-06-17 18:28:13	1648	3255	9	0	0	7.5	31	0	0	0	31	0	0	6.25	31	0	0	0	31	0	0	1.082		100.05	91.2915	0.18578	0	1.85687	0.0229972	14.5838	1		0.0088623	12.0705	48.4336	0	0	0	
2024-06-17 18:25:12	1626	3256	9	0	0	6.25	26	0	0	0	26	0	0	7.5	26	0	0	0	26	0	0	1.082		100.043	92.3288	0.187529	0	1.87449	0.0503562	14.7222	1		0.0088623	12.0616	48.4336	0	0	0	
2024-06-17 18:16:32	1568	3257	9	0	0	6	25	0	0	0	25	0	0	7.25	25	0	0	0	25	0	0	1.082		100.042	92.0651	0.222705	0	2.22612	0.47069	17.4839	2		0.0088623	12.0705	48.4336	0	0	0	
2024-06-17 18:20:16	1593	3258	1	0	0	7.75	32	0	0	0	32	0	0	1.5	32	0	0	0	32	0	0	5.412		100.044	91.0148	0.0395291	0	0.395117	0.514248	15.5162	1		0	12.0616	48.3036	0	0	0	
2024-06-17 18:14:49	1556	3259	5	0	0	5	21	0	0	0	21	0	0	5.75	21	0	0	0	21	0	0	0.649		100.041	94.6972	0.331548	0	3.31412	0.343943	15.6174	1		0	12.0705	48.6935	0	0	0	
2024-06-17 18:15:33	1561	3260	9	0	0	5	21	0	0	0	21	0	0	4.5	21	0	0	0	21	0	0	0.433		100.049	93.268	0.464567	0	4.64339	0.339278	14.5876	1		0.0088623	12.0705	48.5635	0	0	0	
2024-06-17 18:12:07	1538	3261	1	0	0	3	13	0	0	0	13	0	0	1.25	13	0	0	0	13	0	0	1.515		100.051	97.1267	0.119985	0	1.19924	0.0055672	13.1863	1		0	12.0616	49.2132	0	0	0	
2024-06-17 18:07:50	1509	3262	1	0	0	1	5	0	0	0	5	0	0	2.25	5	0	0	0	5	0	0	1.082		100.058	100.349	0.170717	0	1.70617	0.0101909	13.4002	1		0.0088623	12.0705	51.0325	0	0	0	
2024-06-17 18:23:47	1616	3263	1	0	0	0.5	3	0	0	0	3	0	0	1.25	3	0	0	0	3	0	0	0.649		100.046	89.4438	0.30534	0	3.052	0.157448	14.3822	1		0.0088623	12.0705	48.1737	0	0	0	
2024-06-17 18:22:16	1607	3264	9	0	0	2.5	11	0	0	0	11	0	0	5.25	11	0	0	0	11	0	0	2.381		100.045	89.0124	0.0895801	0	0.895398	0.490258	15.4714	2		0.0088623	12.0705	48.3036	0	0	0	
2024-06-17 18:20:41	1596	3265	5	0	0	7.75	32	0	0	0	32	0	0	7.5	32	0	0	0	32	0	0	0.216		100.046	93.3542	0.811222	0	8.1085	0.380598	12.7368	1		0	12.0705	48.3036	0	0	0	
2024-06-17 18:20:07	1592	3266	5	0	0	7.75	32	0	0	0	32	0	0	6.25	32	0	0	0	32	0	0	1.299		100.045	91.352	0.156271	0	1.562	0.153928	14.7215	1		0.0088623	12.0705	48.3036	0	0	0	
2024-06-17 18:25:20	1627	3267	1	0	0	4.25	18	0	0	0	18	0	0	3.5	18	0	0	0	18	0	0	0.649		100.046	92.4386	0.326596	0	3.26445	0.0930864	15.3834	1		0.0088623	11.9375	48.1737	0	0	0	
2024-06-17 18:16:32	1568	3268	1	0	0	6	25	0	0	0	25	0	0	2.25	25	0	0	0	25	0	0	3.247		100.042	92.0651	0.0645706	0	0.645436	0.0109594	15.2077	2		0.0088623	12.0705	48.4336	0	0	0	
2024-06-17 18:27:40	1644	3269	9	0	0	5.25	22	0	0	0	22	0	0	4.5	22	0	0	0	22	0	0	0.649		100.051	90.9593	0.323685	0	3.23519	0.329466	15.2455	1		0.0088623	12.0705	48.1737	0	0	0	
2024-06-17 18:13:02	1544	3270	9	0	0	4	17	0	0	0	17	0	0	5.75	17	0	0	0	17	0	0	1.515		100.049	95.6	0.131123	0	1.31059	0.0138132	14.4107	1		0	12.0705	48.9533	0	0	0	
2024-06-17 18:12:53	1543	3271	9	0	0	4	17	0	0	0	17	0	0	4.5	17	0	0	0	17	0	0	0.433		100.052	95.5725	0.502059	0	5.01801	0.290781	15.7645	1		0.0088623	12.0705	49.0833	0	0	0	
2024-06-17 18:07:11	1505	3272	1	0	0	0	1	0	0	0	1	0	0	2	1	0	0	0	1	0	0	1.732		100.063	100.474	0.128443	0	1.28362	0.891651	16.1305	1		0.0088623	12.0705	51.4223	0	0	0	
2024-06-17 18:09:28	1520	3273	9	0	0	2	9	0	0	0	9	0	0	7.5	9	0	0	0	9	0	0	4.762		100.053	99.0341	0.0460367	0	0.460124	0.618389	15.9008	1		0.0088623	12.0705	50.1229	0	0	0	
2024-06-17 18:10:21	1526	3274	5	0	0	2	9	0	0	0	9	0	0	6.25	9	0	0	0	9	0	0	3.68		100.054	98.3027	0.0582569	0	0.582253	0.214694	15.5482	1		0.0088623	12.0705	49.863	0	0	0	
2024-06-17 18:19:06	1585	3275	5	0	0	7	29	0	0	0	29	0	0	5.25	29	0	0	0	29	0	0	1.515		100.041	92.9756	0.131298	0	1.31245	0.0599958	14.4311	1		0.0088623	12.0616	48.3036	0	0	0	
2024-06-17 18:18:18	1580	3276	9	0	0	7	29	0	0	0	29	0	0	4	29	0	0	0	29	0	0	2.598		100.042	91.5695	0.0759984	0	0.759665	0.0262448	14.3193	2		0	12.0705	48.4336	0	0	0	
2024-06-17 18:08:34	1514	3277	1	0	0	1	5	0	0	0	5	0	0	3.5	5	0	0	0	5	0	0	2.165		100.06	100.929	0.0849657	0	0.849147	0.0383266	13.3384	1		0.0088623	12.0705	50.5127	0	0	0	
2024-06-17 18:17:44	1576	3278	1	0	0	6	25	0	0	0	25	0	0	2.5	25	0	0	0	25	0	0	3.031		100.047	94.5979	0.0746996	0	0.746644	0.819905	16.4196	1		0.0088623	12.0705	48.4336	0	0	0	
2024-06-17 18:27:33	1643	3279	1	0	0	3.75	16	0	0	0	16	0	0	2	16	0	0	0	16	0	0	1.515		100.045	88.4607	0.126565	0	1.26507	0.0525108	13.9102	1		0.0088623	12.0705	48.3036	0	0	0	
2024-06-17 18:15:33	1561	3280	1	0	0	5	21	0	0	0	21	0	0	2	21	0	0	0	21	0	0	2.598		100.049	93.268	0.076266	0	0.762286	0.18314	14.3687	1		0.0088623	12.0705	48.5635	0	0	0	
2024-06-17 18:10:47	1529	3281	5	0	0	2	9	0	0	0	9	0	0	1.75	9	0	0	0	9	0	0	0.216		100.055	97.7523	0.71065	0	7.10257	0.275849	11.1567	1		0.0088623	12.0616	49.6031	0	0	0	
2024-06-17 18:19:49	1590	3282	5	0	0	7	29	0	0	0	29	0	0	0	29	0	0	0	29	0	0	6.061		100.042	92.6997	0.0403306	0	0.403137	0.407194	17.7309	1		0.0088623	12.0705	48.3036	0	0	0	
2024-06-17 18:05:48	1497	3283	1	0	0	0	1	0	0	0	1	0	0	3	1	0	0	0	1	0	0	2.598		100.059	96.9312	0.0757813	0	0.757369	0.300385	14.2761	1		0.0088623	12.0705	52.5918	0	0	0	
2024-06-17 18:11:32	1534	3284	9	0	0	3	13	0	0	0	13	0	0	7	13	0	0	0	13	0	0	3.464		100.054	97.8405	0.0594474	0	0.594153	0.172611	14.9327	1		0.0088623	12.0705	49.4731	0	0	0	
2024-06-17 18:16:53	1570	3285	5	0	0	6	25	0	0	0	25	0	0	7.75	25	0	0	0	25	0	0	1.515		100.038	92.6734	0.135413	0	1.35362	0.168994	14.8838	1		0.0088623	12.0705	48.4336	0	0	0	
2024-06-17 18:17:01	1571	3286	5	0	0	6	25	0	0	0	25	0	0	6.5	25	0	0	0	25	0	0	0.433		100.042	94.1776	0.501839	0	5.01627	0.426824	15.7591	1		0	12.0705	48.4336	0	0	0	
2024-06-17 18:20:34	1595	3287	1	0	0	7.75	32	0	0	0	32	0	0	0.75	32	0	0	0	32	0	0	6.061		100.04	92.5015	0.0365716	0	0.36557	0.118026	16.0786	1		0	12.0616	48.1737	0	0	0	
2024-06-17 18:14:40	1555	3288	1	0	0	5	21	0	0	0	21	0	0	3.75	21	0	0	0	21	0	0	1.082		100.04	95.4157	0.185781	0	1.85707	0.421116	14.5854	1		0	12.0705	48.6935	0	0	0	
2024-06-17 18:12:25	1540	3289	1	0	0	3	13	0	0	0	13	0	0	0.5	13	0	0	0	13	0	0	2.165		100.051	97.336	0.0868303	0	0.867865	0.0267263	13.6324	1		0.0088623	12.0705	49.0833	0	0	0	
2024-06-17 18:08:08	1511	3290	1	0	0	1	5	0	0	0	5	0	0	1.5	5	0	0	0	5	0	0	0.433		100.053	99.7824	0.446194	0	4.45957	0.139831	14.0101	1		0.0088623	12.0705	50.7726	0	0	0	
2024-06-17 18:29:21	1656	3291	1	0	0	2	9	0	0	5.75	9	0	0	3.25	9	0	0	4.5	9	0	0	0.649		100.061	19.7481	0.170885	0	1.70781	0.949809	13.4131	1		0	12.0705	48.4336	0	0	0	
2024-06-17 18:14:30	1554	3292	1	0	0	4	17	0	0	0	17	0	0	1.75	17	0	0	0	17	0	0	1.948		100.05	96.4248	0.0957424	0	0.95695	0.126035	13.5286	1		0.0088623	12.0705	48.8234	0	0	0	
2024-06-17 18:24:12	1619	3293	1	0	0	2.5	11	0	0	0	11	0	0	3.25	11	0	0	0	11	0	0	0.649		100.048	92.0905	0.303244	0	3.031	0.291729	14.2832	1		0.0088623	12.0705	48.3036	0	0	0	
2024-06-17 18:19:58	1591	3294	9	0	0	7.75	32	0	0	0	32	0	0	5.5	32	0	0	0	32	0	0	1.948		100.043	91.7552	0.0996958	0	0.996527	0.27565	14.0881	1		0.0088623	12.0705	48.3036	0	0	0	
2024-06-17 18:20:41	1596	3295	9	0	0	7.75	32	0	0	0	32	0	0	4.25	32	0	0	0	32	0	0	3.031		100.046	93.3542	0.0634083	0	0.633791	0.0318572	13.9378	1		0	12.0705	48.3036	0	0	0	
2024-06-17 18:18:00	1578	3296	5	0	0	6	25	0	0	0	25	0	0	1.5	25	0	0	0	25	0	0	3.897		100.045	94.775	0.0596701	0	0.596434	0.257801	16.8638	1		0.0088623	12.0705	48.4336	0	0	0	
2024-06-17 18:13:30	1547	3297	9	0	0	4	17	0	0	0	17	0	0	5	17	0	0	0	17	0	0	0.866		100.046	96.1893	0.244816	0	2.44703	0.181473	15.3751	1		0	12.0705	48.9533	0	0	0	
2024-06-17 18:13:21	1546	3298	1	0	0	4	17	0	0	0	17	0	0	3.75	17	0	0	0	17	0	0	0.216		100.05	95.7412	0.804921	0	8.04514	0.288686	12.6373	1		0.0088623	12.0705	48.9533	0	0	0	
2024-06-17 18:06:54	1503	3299	1	0	0	0	1	0	0	0	1	0	0	1.25	1	0	0	0	1	0	0	1.082		100.057	99.7599	0.179289	0	1.79188	0.457728	14.0734	1		0.0088623	12.0705	51.5523	0	0	0	
2024-06-17 18:10:12	1525	3300	5	0	0	2	9	0	0	0	9	0	0	5.5	9	0	0	0	9	0	0	3.031		100.058	98.8106	0.099322	0	0.99264	0.824706	21.8293	1		0.0088623	12.0705	49.863	0	0	0	
2024-06-17 18:09:19	1519	3301	5	0	0	2	9	0	0	0	9	0	0	4.25	9	0	0	0	9	0	0	1.948		100.054	99.2538	0.0988263	0	0.987726	0.130838	13.9636	1		0.0088623	12.0705	50.2528	0	0	0	
2024-06-17 18:18:30	1581	3302	1	0	0	7	29	0	0	0	29	0	0	3.25	29	0	0	0	29	0	0	3.247		100.042	91.3164	0.0618113	0	0.617852	0.0595914	14.5578	1		0.0088623	12.0705	48.4336	0	0	0	
2024-06-17 18:08:51	1516	3303	5	0	0	1	5	0	0	0	5	0	0	2.75	5	0	0	0	5	0	0	1.515		100.058	99.2603	0.119832	0	1.19763	0.15328	13.1687	1		0.0088623	12.0705	50.5127	0	0	0	
2024-06-17 18:05:31	1495	3304	5	0	0	0	1	0	0	0	1	0	0	7	1	0	0	0	1	0	0	6.061		100.056	91.1248	0.0398503	0	0.398279	0.260345	17.5172	1		0.0088623	12.0705	53.1116	0	0	0	
2024-06-17 18:15:48	1563	3305	5	0	0	5	21	0	0	0	21	0	0	1.25	21	0	0	0	21	0	0	3.247		100.047	95.7751	0.0667299	0	0.666987	0.550254	15.7155	1		0.0088623	12.0705	48.6935	0	0	0	
2024-06-17 18:10:29	1527	3306	1	0	0	2	9	0	0	0	9	0	0	1	9	0	0	0	9	0	0	0.866		100.06	99.059	0.215165	0	2.15037	0.0204414	13.5112	1		0.0088623	12.0705	49.863	0	0	0	
2024-06-17 18:11:49	1536	3307	9	0	0	3	13	0	0	0	13	0	0	7.5	13	0	0	0	13	0	0	3.897		100.05	97.3817	0.0532266	0	0.532	0.379862	15.0419	1		0.0088623	12.0616	49.3432	0	0	0	
2024-06-17 18:12:07	1538	3308	5	0	0	3	13	0	0	0	13	0	0	6.25	13	0	0	0	13	0	0	2.814		100.051	97.1267	0.072197	0	0.721603	0.158863	14.7354	1		0	12.0616	49.2132	0	0	0	
2024-06-17 18:18:18	1580	3309	5	0	0	7	29	0	0	0	29	0	0	7.25	29	0	0	0	29	0	0	0.216		100.042	91.5695	0.722161	0	7.21858	0.296353	11.3389	2		0	12.0705	48.4336	0	0	0	
2024-06-17 18:07:50	1509	3310	9	0	0	1	5	0	0	0	5	0	0	6.75	5	0	0	0	5	0	0	4.979		100.058	100.349	0.0499411	0	0.49912	0.500801	18.0324	1		0.0088623	12.0705	51.0325	0	0	0	
2024-06-17 18:16:23	1567	3311	5	0	0	6	25	0	0	0	25	0	0	5.75	25	0	0	0	25	0	0	0.216		100.043	93.74	0.787079	0	7.86738	0.687904	12.358	1		0.0088623	12.0705	48.4336	0	0	0	
2024-06-17 18:17:10	1572	3312	9	0	0	6	25	0	0	0	25	0	0	4.5	25	0	0	0	25	0	0	1.299		100.042	93.4825	0.156685	0	1.56618	0.315152	14.7609	1		0.0088623	12.0705	48.4336	0	0	0	
2024-06-17 18:20:51	1597	3313	1	0	0	7.75	32	0	0	0	32	0	0	0	32	0	0	0	32	0	0	6.711		100.042	92.3991	0.0340753	0	0.34061	0.0186256	16.5859	1		0.0088623	12.0616	48.3036	0	0	0	
2024-06-17 18:15:24	1560	3314	1	0	0	5	21	0	0	0	21	0	0	3	21	0	0	0	21	0	0	1.732		100.045	93.141	0.108555	0	1.08505	0.00109252	13.6352	1		0	12.0705	48.6935	0	0	0	
2024-06-17 18:08:43	1515	3315	1	0	0	1	5	0	0	0	5	0	0	0.75	5	0	0	0	5	0	0	0.216		100.06	100.84	0.722161	0	7.21731	0.365815	11.3369	1		0.0088623	12.0705	50.5127	0	0	0	
2024-06-17 18:26:02	1632	3316	1	0	0	5.75	24	0	0	0	24	0	0	2	24	0	0	0	24	0	0	3.247		100.044	92.6458	0.0657331	0	0.657039	0.390701	15.4811	1		0.0088623	12.0705	48.4336	0	0	0	
2024-06-17 18:13:30	1547	3317	1	0	0	4	17	0	0	0	17	0	0	1	17	0	0	0	17	0	0	2.598		100.046	96.1893	0.0731058	0	0.730719	0.00657902	13.7737	1		0	12.0705	48.9533	0	0	0	
2024-06-17 18:21:34	1602	3318	1	0	0	7.75	32	0	0	0	32	0	0	3.5	32	0	0	0	32	0	0	3.68		100.038	92.8218	0.052329	0	0.523093	0.181525	13.9684	1		0	12.0705	48.3036	0	0	0	
2024-06-17 18:17:18	1573	3319	1	0	0	6	25	0	0	0	25	0	0	0.75	25	0	0	0	25	0	0	4.546		100.043	92.1924	0.0530196	0	0.52997	0.0389322	17.482	1		0	12.0705	48.4336	0	0	0	
2024-06-17 18:14:22	1553	3320	5	0	0	4	17	0	0	0	17	0	0	3	17	0	0	0	17	0	0	0.866		100.048	96.2683	0.233251	0	2.33139	0.0862344	14.6485	1		0.0088623	12.0616	48.8234	0	0	0	
2024-06-17 18:05:31	1495	3321	1	0	0	0	1	0	0	0	1	0	0	0.5	1	0	0	0	1	0	0	0.433		100.056	91.1248	0.452028	0	4.51775	0.244967	14.1929	1		0.0088623	12.0705	53.1116	0	0	0	
2024-06-17 18:28:30	1650	3322	1	0	0	3.5	15	0	0	4.25	15	0	0	2.75	15	0	0	5	15	0	0	0.389		100.056	19.027	0.320943	0	3.20762	0.43371	15.1156	1		0.0088623	12.0705	48.4336	0	0	0	
2024-06-17 18:09:46	1522	3323	1	0	0	2	9	0	0	0	9	0	0	3.5	9	0	0	0	9	0	0	1.299		100.051	99.1486	0.147376	0	1.47301	0.0586986	13.8828	1		0.0088623	12.0705	49.9929	0	0	0	
2024-06-17 18:18:49	1583	3324	1	0	0	7	29	0	0	0	29	0	0	2.5	29	0	0	0	29	0	0	3.897		100.041	91.2449	0.0555001	0	0.554772	0.590056	15.6858	1		0.0088623	12.0616	48.3036	0	0	0	
2024-06-17 18:19:14	1586	3325	1	0	0	7	29	0	0	0	29	0	0	2	29	0	0	0	29	0	0	4.33		100.043	93.9882	0.0504088	0	0.503872	0.322452	15.8296	1		0.0088623	12.0705	48.4336	0	0	0	
2024-06-17 18:06:24	1500	3326	5	0	0	0	1	0	0	0	1	0	0	7.5	1	0	0	0	1	0	0	6.494		100.068	101.223	0.0371916	0	0.371663	0.209913	17.5142	1		0.0088623	12.0705	52.072	0	0	0	
2024-06-17 18:05:39	1496	3327	9	0	0	0	1	0	0	0	1	0	0	6.25	1	0	0	0	1	0	0	5.412		100.062	96.4328	0.0436587	0	0.436315	0.0275175	17.1341	1		0.0088623	12.0705	52.9817	0	0	0	
2024-06-17 18:16:05	1565	3328	1	0	0	5	21	0	0	0	21	0	0	0.5	21	0	0	0	21	0	0	3.897		100.043	95.913	0.0591127	0	0.590871	0.59576	16.7065	1		0.0088623	12.0705	48.5635	0	0	0	
2024-06-17 18:26:52	1638	3329	1	0	0	1.25	6	0	0	0	6	0	0	0.5	6	0	0	0	6	0	0	0.649		100.044	88.9383	0.308823	0	3.08688	0.165814	14.5466	1		0.0088623	12.0705	48.3036	0	0	0	
2024-06-17 18:14:40	1555	3330	5	0	0	5	21	0	0	0	21	0	0	7	21	0	0	0	21	0	0	1.732		100.04	95.4157	0.115176	0	1.1513	0.163667	14.4677	1		0	12.0705	48.6935	0	0	0	
2024-06-17 18:09:55	1523	3331	1	0	0	2	9	0	0	0	9	0	0	0.25	9	0	0	0	9	0	0	1.515		100.055	98.2384	0.12396	0	1.23892	0.0621984	13.6226	1		0.0088623	12.0705	49.863	0	0	0	
2024-06-17 18:13:38	1548	3332	9	0	0	4	17	0	0	0	17	0	0	7	17	0	0	0	17	0	0	2.598		100.049	94.7484	0.0768363	0	0.76799	0.105521	14.4763	1		0.0088623	12.0705	48.9533	0	0	0	
2024-06-17 18:11:58	1537	3333	5	0	0	3	13	0	0	0	13	0	0	5.5	13	0	0	0	13	0	0	2.165		100.053	97.5103	0.0913528	0	0.913047	0.0124198	14.3421	1		0.0088623	12.0705	49.2132	0	0	0	
2024-06-17 18:11:23	1533	3334	1	0	0	3	13	0	0	0	13	0	0	4.25	13	0	0	0	13	0	0	1.082		100.049	97.607	0.182164	0	1.82074	0.264957	14.3001	1		0	12.0705	49.2132	0	0	0	
2024-06-17 18:18:10	1579	3335	9	0	0	7	29	0	0	0	29	0	0	7.75	29	0	0	0	29	0	0	0.649		100.037	93.5357	0.337786	0	3.37661	0.685626	15.9119	1		0.0088623	12.0705	48.4336	0	0	0	
2024-06-17 18:18:57	1584	3336	9	0	0	7	29	0	0	0	29	0	0	6.5	29	0	0	0	29	0	0	0.433		100.044	93.557	0.479332	0	4.79123	0.452457	15.0521	1		0.0088623	12.0616	48.4336	0	0	0	
2024-06-17 18:08:00	1510	3337	1	0	0	1	5	0	0	0	5	0	0	6	5	0	0	0	5	0	0	4.33		100.056	100.557	0.0557553	0	0.557241	0.471438	17.5062	1		0.0088623	12.0705	50.9025	0	0	0	
2024-06-17 18:08:00	1510	3338	5	0	0	1	5	0	0	0	5	0	0	4.75	5	0	0	0	5	0	0	3.247		100.056	100.557	0.0675922	0	0.675543	0.015595	15.9171	1		0.0088623	12.0705	50.9025	0	0	0	
2024-06-17 18:24:30	1621	3339	9	0	0	4.75	20	0	0	0	20	0	0	5	20	0	0	0	20	0	0	0.216		100.042	89.0796	0.753813	0	7.53496	0.329711	11.8359	1		0.0088623	12.0705	48.3036	0	0	0	
2024-06-17 18:16:53	1570	3340	9	0	0	6	25	0	0	0	25	0	0	5	25	0	0	0	25	0	0	0.866		100.038	92.6734	0.244011	0	2.43919	0.361832	15.3259	1		0.0088623	12.0705	48.4336	0	0	0	
2024-06-17 18:17:52	1577	3341	5	0	0	6	25	0	0	0	25	0	0	3.75	25	0	0	0	25	0	0	1.948		100.045	94.5986	0.10134	0	1.01295	0.148486	14.3202	1		0.0088623	12.0616	48.4336	0	0	0	
2024-06-17 18:07:21	1506	3342	1	0	0	1	5	0	0	0	5	0	0	0	5	0	0	0	5	0	0	0.866		100.058	98.1715	0.232823	0	2.32688	0.00571022	14.6202	2		0.0088623	12.0705	51.2924	0	0	0	
2024-06-17 18:23:10	1612	3343	9	0	0	0.75	4	0	0	0	4	0	0	7	4	0	0	0	4	0	0	5.412		100.04	91.1426	0.0432171	0	0.431998	0.412182	16.9645	1		0.0088623	12.0705	47.9138	0	0	0	
2024-06-17 18:13:57	1550	3344	1	0	0	4	17	0	0	0	17	0	0	0.25	17	0	0	0	17	0	0	3.247		100.05	95.6073	0.0604109	0	0.603809	0.0526155	14.2269	1		0.0088623	12.0705	48.8234	0	0	0	
2024-06-17 18:21:24	1601	3345	1	0	0	7.75	32	0	0	0	32	0	0	2.75	32	0	0	0	32	0	0	4.33		100.047	93.6547	0.0465566	0	0.465346	0.0957387	14.6193	1		0.0088623	12.0616	48.3036	0	0	0	
2024-06-17 18:17:01	1571	3346	1	0	0	6	25	0	0	0	25	0	0	0	25	0	0	0	25	0	0	5.195		100.042	94.1776	0.0489851	0	0.489643	0.466597	18.4591	1		0	12.0705	48.4336	0	0	0	
2024-06-17 18:10:38	1528	3347	1	0	0	2	9	0	0	0	9	0	0	2.75	9	0	0	0	9	0	0	0.649		100.055	98.2875	0.307612	0	3.07443	0.301902	14.4879	1		0.0088623	12.0705	49.733	0	0	0	
2024-06-17 18:19:22	1587	3348	5	0	0	7	29	0	0	0	29	0	0	1.25	29	0	0	0	29	0	0	4.979		100.043	94.1581	0.0483563	0	0.483357	0.192848	17.4629	1		0.0088623	12.0705	48.4336	0	0	0	
2024-06-17 18:06:34	1501	3349	5	0	0	0	1	0	0	0	1	0	0	5.5	1	0	0	0	1	0	0	4.762		100.062	101.177	0.0610644	0	0.610266	0.724118	21.0893	1		0.0088623	12.0705	51.9421	0	0	0	
2024-06-17 18:05:48	1497	3350	9	0	0	0	1	0	0	0	1	0	0	4.25	1	0	0	0	1	0	0	3.68		100.059	96.9312	0.0566159	0	0.565828	0.267735	15.1096	1		0.0088623	12.0705	52.5918	0	0	0	
