Time	MeasID	DPID	Channel	A(x)	A(y)	A(z)	A(adr)	B(x)	B(y)	B(z)	B(adr)	M(x)	M(y)	M(z)	M(adr)	N(x)	N(y)	N(z)	N(adr)	F(x)	F(y)	F(z)	Note	I(mA)	Uout(V)	U(V)	SP(V)	R(Ohm)	Var(%)	Rho-a(Ohm-m)	Cycles	IP Delay Window(mV/V)	Pint(V)	Pext(V)	T int(deg C)	T log(deg C)	Latitude	Longitude
2024-06-17 14:21:10	1269	2346	5	0	0	7.75	32	0	0	0	32	0	0	2	32	0	0	0	32	0	0	4.979		100.031	94.0192	0.0416471	0	0.416344	0.111308	15.0418	1		0	12.0616	47.394	0	0	0	
2024-06-17 14:14:46	1227	2347	5	0	0	5	21	0	0	0	21	0	0	7.5	21	0	0	0	21	0	0	2.165		100.038	95.2565	0.0900467	0	0.90013	0.285402	14.1392	1		0.0088623	12.0616	47.7838	0	0	0	
2024-06-17 14:14:37	1226	2348	9	0	0	5	21	0	0	0	21	0	0	6.25	21	0	0	0	21	0	0	1.082		100.035	94.9199	0.193481	0	1.93413	0.261674	15.1906	1		0	12.0705	47.9138	0	0	0	
2024-06-17 14:11:51	1207	2349	1	0	0	3	13	0	0	0	13	0	0	1.75	13	0	0	0	13	0	0	1.082		100.044	97.0517	0.1751	0	1.75022	0.158056	13.7462	1		0.0088623	12.0705	48.4336	0	0	0	
2024-06-17 14:20:54	1267	2350	5	0	0	7.75	32	0	0	0	32	0	0	6.75	32	0	0	0	32	0	0	0.866		100.037	93.7118	0.246056	0	2.45966	0.102982	15.4545	1		0.0088623	12.0705	47.394	0	0	0	
2024-06-17 14:27:19	1311	2351	1	0	0	3.25	14	0	0	0	14	0	0	2.5	14	0	0	0	14	0	0	0.649		100.036	91.7849	0.304805	0	3.04696	0.365582	14.3585	1		0.0088623	12.0705	47.6539	0	0	0	
2024-06-17 14:13:37	1219	2352	5	0	0	4	17	0	0	0	17	0	0	7.5	17	0	0	0	17	0	0	3.031		100.041	97.1139	0.065943	0	0.659159	0.322928	14.4957	1		0.0088623	12.0616	48.0437	0	0	0	
2024-06-17 14:13:28	1218	2353	9	0	0	4	17	0	0	0	17	0	0	6.25	17	0	0	0	17	0	0	1.948		100.041	96.5274	0.101596	0	1.01555	0.147615	14.357	1		0.0088623	12.0705	48.0437	0	0	0	
2024-06-17 14:11:24	1204	2354	1	0	0	3	13	0	0	0	13	0	0	3.5	13	0	0	0	13	0	0	0.433		100.046	97.6421	0.459459	0	4.59246	0.393135	14.4277	1		0	12.0705	48.4336	0	0	0	
2024-06-17 14:09:38	1192	2355	9	0	0	2	9	0	0	0	9	0	0	6.75	9	0	0	0	9	0	0	4.113		100.045	98.9245	0.0529364	0	0.529127	0.231221	15.7919	1		0.0088623	12.0705	49.2132	0	0	0	
2024-06-17 14:18:41	1252	2356	5	0	0	7	29	0	0	0	29	0	0	5.75	29	0	0	0	29	0	0	1.082		100.029	90.9453	0.194296	0	1.94239	0.307369	15.2555	1		0	12.0705	47.394	0	0	0	
2024-06-17 14:19:07	1255	2357	9	0	0	7	29	0	0	0	29	0	0	4.5	29	0	0	0	29	0	0	2.165		100.032	91.4893	0.0909569	0	0.909279	0.095763	14.2829	1		0.0088623	12.0705	47.394	0	0	0	
2024-06-17 14:08:00	1181	2358	9	0	0	1	5	0	0	0	5	0	0	5.25	5	0	0	0	5	0	0	3.68		100.047	100.983	0.0606254	0	0.60597	0.167485	16.1815	1		0.0088623	12.0705	49.863	0	0	0	
2024-06-17 14:08:18	1183	2359	9	0	0	1	5	0	0	0	5	0	0	4	5	0	0	0	5	0	0	2.598		100.044	99.4138	0.0732796	0	0.732472	0.061911	13.8068	1		0	12.0705	49.733	0	0	0	
2024-06-17 14:25:34	1299	2360	1	0	0	4.75	20	0	0	0	20	0	0	3	20	0	0	0	20	0	0	1.515		100.035	92.4828	0.125305	0	1.25261	0.0820194	13.7732	1		0	12.0616	47.5239	0	0	0	
2024-06-17 14:16:36	1239	2361	1	0	0	6	25	0	0	0	25	0	0	3	25	0	0	0	25	0	0	2.598		100.029	94.0276	0.0776626	0	0.776403	0.123136	14.6348	1		0.0088623	12.0705	47.394	0	0	0	
2024-06-17 14:09:29	1191	2362	1	0	0	2	9	0	0	0	9	0	0	2.25	9	0	0	0	9	0	0	0.216		100.047	99.0564	0.726774	0	7.26436	0.36525	11.4108	1		0.0088623	12.0705	49.2132	0	0	0	
2024-06-17 14:18:30	1251	2363	1	0	0	7	29	0	0	0	29	0	0	0.5	29	0	0	0	29	0	0	5.628		100.028	90.8972	0.0440536	0	0.440413	0.102766	17.9868	2		0.0088623	12.0705	47.5239	0	0	0	
2024-06-17 14:06:46	1173	2364	5	0	0	0	1	0	0	0	1	0	0	3.5	1	0	0	0	1	0	0	3.031		100.051	103.961	0.0675615	0	0.675269	0.235014	14.8499	1		0.0088623	12.0705	50.5127	0	0	0	
2024-06-17 14:27:11	1310	2365	1	0	0	1.75	8	0	0	0	8	0	0	0	8	0	0	0	8	0	0	1.515		100.032	90.2453	0.12293	0	1.2289	0.0825213	13.5125	1		0.0088623	12.0705	47.5239	0	0	0	
2024-06-17 14:17:03	1242	2366	9	0	0	6	25	0	0	0	25	0	0	7	25	0	0	0	25	0	0	0.866		100.028	92.1649	0.253002	0	2.52931	0.111706	15.8921	2		0.0088623	12.0705	47.5239	0	0	0	
2024-06-17 14:26:17	1304	2367	1	0	0	6.5	27	0	0	0	27	0	0	1.25	27	0	0	0	27	0	0	4.546		100.041	92.6544	0.0542136	0	0.541916	0.38602	17.876	1		0	12.0705	47.5239	0	0	0	
2024-06-17 14:20:19	1263	2368	1	0	0	7.75	32	0	0	0	32	0	0	1.25	32	0	0	0	32	0	0	5.628		100.031	92.6929	0.0393717	0	0.393597	0.117547	16.0748	1		0	12.0705	47.394	0	0	0	
2024-06-17 14:15:23	1231	2369	5	0	0	5	21	0	0	0	21	0	0	5.5	21	0	0	0	21	0	0	0.433		100.031	95.6471	0.476744	0	4.76595	0.370382	14.9727	1		0.0088623	12.0705	47.5239	0	0	0	
2024-06-17 14:15:14	1230	2370	5	0	0	5	21	0	0	0	21	0	0	4.25	21	0	0	0	21	0	0	0.649		100.035	95.765	0.323039	0	3.22927	0.422952	15.2176	1		0	12.0705	47.6539	0	0	0	
2024-06-17 14:10:49	1200	2371	1	0	0	3	13	0	0	0	13	0	0	1	13	0	0	0	13	0	0	1.732		100.042	97.8753	0.105034	0	1.0499	0.00508215	13.1934	1		0.0088623	12.0705	48.6935	0	0	0	
2024-06-17 14:07:24	1177	2372	1	0	0	1	5	0	0	0	5	0	0	2	5	0	0	0	5	0	0	0.866		100.045	101.332	0.217607	0	2.1751	0.0919483	13.6666	1		0.0088623	12.0705	50.3827	0	0	0	
2024-06-17 14:22:38	1279	2373	9	0	0	1.75	8	0	0	0	8	0	0	6	8	0	0	0	8	0	0	3.68		100.028	92.75	0.0605511	0	0.605344	0.21086	16.1648	1		0.0088623	12.0705	47.264	0	0	0	
2024-06-17 14:14:01	1222	2374	5	0	0	4	17	0	0	0	17	0	0	2.25	17	0	0	0	17	0	0	1.515		100.044	96.7834	0.122608	0	1.22555	0.136074	13.4756	1		0.0088623	12.0616	48.0437	0	0	0	
2024-06-17 14:20:46	1266	2375	9	0	0	7.75	32	0	0	0	32	0	0	6	32	0	0	0	32	0	0	1.515		100.031	91.2338	0.13209	0	1.32049	0.0683768	14.5196	1		0.0088623	12.0705	47.394	0	0	0	
2024-06-17 14:20:19	1263	2376	5	0	0	7.75	32	0	0	0	32	0	0	4.75	32	0	0	0	32	0	0	2.598		100.031	92.6929	0.0736792	0	0.736567	0.150675	13.884	1		0	12.0705	47.394	0	0	0	
2024-06-17 14:17:53	1247	2377	1	0	0	6	25	0	0	0	25	0	0	2	25	0	0	0	25	0	0	3.464		100.029	93.0187	0.0639371	0	0.639183	0.0373265	16.0644	1		0.0088623	12.0705	47.264	0	0	0	
2024-06-17 14:12:54	1214	2378	9	0	0	4	17	0	0	0	17	0	0	5.5	17	0	0	0	17	0	0	1.299		100.037	96.3521	0.157123	0	1.57065	0.0194367	14.8031	1		0.0088623	12.0705	48.1737	0	0	0	
2024-06-17 14:12:45	1213	2379	5	0	0	4	17	0	0	0	17	0	0	4.25	17	0	0	0	17	0	0	0.216		100.04	96.3118	0.823874	0	8.23541	0.143146	12.9362	1		0.0088623	12.0705	48.1737	0	0	0	
2024-06-17 14:05:54	1167	2380	1	0	0	0	1	0	0	0	1	0	0	1.75	1	0	0	0	1	0	0	1.515		100.049	97.1184	0.124481	0	1.2442	0.321832	13.6807	1		0	12.0705	51.5523	0	0	0	
2024-06-17 14:28:26	1319	2381	1	0	0	3.75	16	0	0	4	16	0	0	3.5	16	0	0	4.25	16	0	0	0.13		100.038	18.2173	0.575189	0	5.74973	0.0365557	9.03165	1		0	12.0705	47.394	0	0	0	
2024-06-17 14:12:18	1210	2382	1	0	0	3	13	0	0	0	13	0	0	2.75	13	0	0	0	13	0	0	0.216		100.042	97.0289	0.721714	0	7.2141	0.425908	11.3319	1		0.0088623	12.0705	48.3036	0	0	0	
2024-06-17 14:09:19	1190	2383	9	0	0	2	9	0	0	0	9	0	0	6	9	0	0	0	9	0	0	3.464		100.044	98.8628	0.0634552	0	0.634271	0.140135	15.941	1		0	12.0705	49.2132	0	0	0	
2024-06-17 14:09:02	1188	2384	5	0	0	2	9	0	0	0	9	0	0	4.75	9	0	0	0	9	0	0	2.381		100.047	99.7159	0.0824312	0	0.823928	0.131379	14.2364	1		0	12.0705	49.4731	0	0	0	
2024-06-17 14:18:41	1252	2385	9	0	0	7	29	0	0	0	29	0	0	5	29	0	0	0	29	0	0	1.732		100.029	90.9453	0.113971	0	1.13938	0.0645689	14.3178	1		0	12.0705	47.394	0	0	0	
2024-06-17 14:19:27	1257	2386	1	0	0	7	29	0	0	0	29	0	0	3.75	29	0	0	0	29	0	0	2.814		100.035	91.4322	0.0710473	0	0.710227	0.244636	14.5031	1		0.0088623	12.0616	47.394	0	0	0	
2024-06-17 14:08:09	1182	2387	1	0	0	1	5	0	0	0	5	0	0	3.25	5	0	0	0	5	0	0	1.948		100.049	99.8778	0.0937914	0	0.937455	0.00931338	13.253	1		0.0088623	12.0705	49.733	0	0	0	
2024-06-17 14:22:11	1276	2388	9	0	0	2.75	12	0	0	0	12	0	0	5	12	0	0	0	12	0	0	1.948		100.035	93.6299	0.0962274	0	0.961939	0.0592053	13.5991	1		0.0088623	12.0705	47.5239	0	0	0	
2024-06-17 14:15:14	1230	2389	1	0	0	5	21	0	0	0	21	0	0	1.75	21	0	0	0	21	0	0	2.814		100.035	95.765	0.0723794	0	0.723542	0.182868	14.775	1		0	12.0705	47.6539	0	0	0	
2024-06-17 14:10:31	1198	2390	5	0	0	2	9	0	0	0	9	0	0	1.5	9	0	0	0	9	0	0	0.433		100.042	98.5685	0.437299	0	4.37114	0.182195	13.7323	1		0	12.0705	48.8234	0	0	0	
2024-06-17 14:06:54	1174	2391	5	0	0	0	1	0	0	0	1	0	0	2.75	1	0	0	0	1	0	0	2.381		100.049	100.804	0.112772	0	1.12716	0.701902	19.4759	2		0.0088623	12.0705	50.7726	0	0	0	
2024-06-17 14:22:03	1275	2392	9	0	0	3.25	14	0	0	0	14	0	0	4.5	14	0	0	0	14	0	0	1.082		100.028	92.2554	0.182855	0	1.82804	0.166473	14.3574	1		0.0088623	12.0705	47.264	0	0	0	
2024-06-17 14:11:42	1206	2393	9	0	0	3	13	0	0	0	13	0	0	6.75	13	0	0	0	13	0	0	3.247		100.043	97.1174	0.0639203	0	0.638927	0.421485	15.0544	1		0.0088623	12.0616	48.4336	0	0	0	
2024-06-17 14:07:33	1178	2394	9	0	0	1	5	0	0	0	5	0	0	7.25	5	0	0	0	5	0	0	5.412		100.044	101.454	0.0556397	0	0.556152	0.546587	21.84	1		0.0088623	12.0705	50.2528	0	0	0	
2024-06-17 14:16:54	1241	2395	5	0	0	6	25	0	0	0	25	0	0	7.5	25	0	0	0	25	0	0	1.299		100.023	94.016	0.156296	0	1.56261	0.101359	14.7272	1		0	12.0705	47.6539	0	0	0	
2024-06-17 14:16:45	1240	2396	9	0	0	6	25	0	0	0	25	0	0	6.25	25	0	0	0	25	0	0	0.216		100.028	94.1545	0.801688	0	8.01466	0.512943	12.5894	1		0.0088623	12.0616	47.394	0	0	0	
2024-06-17 14:20:00	1261	2397	1	0	0	7.75	32	0	0	0	32	0	0	0.5	32	0	0	0	32	0	0	6.278		100.025	92.6165	0.0367213	0	0.367122	0.0313455	16.7235	1		0	12.0705	47.394	0	0	0	
2024-06-17 14:15:41	1233	2398	5	0	0	5	21	0	0	0	21	0	0	3.5	21	0	0	0	21	0	0	1.299		100.034	94.4504	0.148814	0	1.48764	0.128722	14.0206	1		0.0088623	12.0705	47.6539	0	0	0	
2024-06-17 14:12:18	1210	2399	5	0	0	3	13	0	0	0	13	0	0	0.25	13	0	0	0	13	0	0	2.381		100.042	97.0289	0.077709	0	0.776762	0.0771281	13.4215	1		0.0088623	12.0705	48.3036	0	0	0	
2024-06-17 14:07:33	1178	2400	1	0	0	1	5	0	0	0	5	0	0	1.25	5	0	0	0	5	0	0	0.216		100.044	101.454	0.725487	0	7.25168	0.249989	11.3909	1		0.0088623	12.0705	50.2528	0	0	0	
2024-06-17 14:13:53	1221	2401	5	0	0	4	17	0	0	0	17	0	0	1.5	17	0	0	0	17	0	0	2.165		100.042	97.1487	0.0855682	0	0.855326	0.0459519	13.4354	1		0	12.0616	48.0437	0	0	0	
2024-06-17 14:22:46	1280	2402	9	0	0	1.5	7	0	0	0	7	0	0	6.25	7	0	0	0	7	0	0	4.113		100.028	88.4532	0.0564266	0	0.564107	1.10467	16.8358	4		0.0088623	12.0705	47.394	0	0	0	
2024-06-17 14:20:09	1262	2403	5	0	0	7.75	32	0	0	0	32	0	0	5.25	32	0	0	0	32	0	0	2.165		100.032	92.4062	0.087978	0	0.879501	0.00822221	13.8152	1		0.0088623	12.0705	47.394	0	0	0	
2024-06-17 14:20:19	1263	2404	9	0	0	7.75	32	0	0	0	32	0	0	4	32	0	0	0	32	0	0	3.247		100.031	92.6929	0.0594177	0	0.593996	0.0638856	13.9957	1		0	12.0705	47.394	0	0	0	
2024-06-17 14:17:35	1245	2405	5	0	0	6	25	0	0	0	25	0	0	1.25	25	0	0	0	25	0	0	4.113		100.035	94.0274	0.0589956	0	0.58975	0.249303	17.6012	1		0.0088623	12.0705	47.6539	0	0	0	
2024-06-17 14:13:03	1215	2406	1	0	0	4	17	0	0	0	17	0	0	3.5	17	0	0	0	17	0	0	0.433		100.041	95.6706	0.489834	0	4.89635	0.278511	15.3823	1		0.0088623	12.0705	48.0437	0	0	0	
2024-06-17 14:06:11	1169	2407	1	0	0	0	1	0	0	0	1	0	0	1	1	0	0	0	1	0	0	0.866		100.046	100.01	0.238966	0	2.38855	0.932643	15.0077	1		0.0088623	12.0705	51.1624	0	0	0	
2024-06-17 14:09:10	1189	2408	9	0	0	2	9	0	0	0	9	0	0	5.25	9	0	0	0	9	0	0	2.814		100.046	99.0373	0.076327	0	0.762923	0.208543	15.5792	1		0.0088623	12.0705	49.3432	0	0	0	
2024-06-17 14:09:46	1193	2409	5	0	0	2	9	0	0	0	9	0	0	4	9	0	0	0	9	0	0	1.732		100.051	100.128	0.108166	0	1.08111	0.0438177	13.5856	1		0.0088623	12.0705	49.2132	0	0	0	
2024-06-17 14:27:28	1312	2410	1	0	0	3.5	15	0	0	0	15	0	0	2.25	15	0	0	0	15	0	0	1.082		100.034	89.6785	0.176446	0	1.76386	0.148425	13.8534	1		0.0088623	12.0705	47.394	0	0	0	
2024-06-17 14:19:51	1260	2411	5	0	0	7	29	0	0	0	29	0	0	3	29	0	0	0	29	0	0	3.464		100.029	92.6479	0.0589638	0	0.589469	0.226041	14.815	1		0.0088623	12.0616	47.394	0	0	0	
2024-06-17 14:08:35	1185	2412	5	0	0	1	5	0	0	0	5	0	0	2.5	5	0	0	0	5	0	0	1.299		100.052	100.765	0.142624	0	1.4255	0.217918	13.435	1		0.0088623	12.0705	49.733	0	0	0	
2024-06-17 14:06:11	1169	2413	9	0	0	0	1	0	0	0	1	0	0	6.75	1	0	0	0	1	0	0	5.845		100.046	100.01	0.0410948	0	0.410758	0.166235	17.4208	1		0.0088623	12.0705	51.1624	0	0	0	
2024-06-17 14:24:01	1288	2414	1	0	0	2.75	12	0	0	0	12	0	0	3	12	0	0	0	12	0	0	0.216		100.032	93.1903	0.725122	0	7.24891	0.474432	11.3866	1		0.0088623	12.0705	47.5239	0	0	0	
2024-06-17 14:15:48	1234	2415	1	0	0	5	21	0	0	0	21	0	0	1	21	0	0	0	21	0	0	3.464		100.038	96.2097	0.0616438	0	0.616201	0.245467	15.4868	1		0.0088623	12.0616	47.5239	0	0	0	
2024-06-17 14:29:47	1328	2416	1	0	0	0.5	3	0	0	7.25	3	0	0	2.75	3	0	0	5	3	0	0	1.168		100.046	20.1407	0.0809182	0	0.808813	0.213614	11.4343	2		0	12.0705	47.6539	0	0	0	
2024-06-17 14:24:51	1294	2417	9	0	0	6.75	28	0	0	0	28	0	0	7	28	0	0	0	28	0	0	0.216		100.033	93.7132	0.772364	0	7.7211	0.527797	12.1283	1		0.0088623	12.0705	47.394	0	0	0	
2024-06-17 14:10:22	1197	2418	5	0	0	2	9	0	0	0	9	0	0	0.75	9	0	0	0	9	0	0	1.082		100.041	98.0492	0.16893	0	1.68861	0.150092	13.2623	1		0.0088623	12.0705	48.8234	0	0	0	
2024-06-17 14:11:24	1204	2419	9	0	0	3	13	0	0	0	13	0	0	6	13	0	0	0	13	0	0	2.598		100.046	97.6421	0.0773763	0	0.773405	0.178206	14.5783	1		0	12.0705	48.4336	0	0	0	
2024-06-17 14:10:49	1200	2420	5	0	0	3	13	0	0	0	13	0	0	4.75	13	0	0	0	13	0	0	1.515		100.042	97.8753	0.126904	0	1.2685	0.192421	13.9479	1		0.0088623	12.0705	48.6935	0	0	0	
2024-06-17 14:07:51	1180	2421	5	0	0	1	5	0	0	0	5	0	0	7.75	5	0	0	0	5	0	0	5.845		100.045	101.129	0.0391079	0	0.390901	0.393821	16.5787	1		0.0088623	12.0705	49.9929	0	0	0	
2024-06-17 14:07:15	1176	2422	5	0	0	1	5	0	0	0	5	0	0	6.5	5	0	0	0	5	0	0	4.762		100.046	101.418	0.0515409	0	0.515169	0.0411238	17.803	1		0.0088623	12.0705	50.2528	0	0	0	
2024-06-17 14:17:03	1242	2423	5	0	0	6	25	0	0	0	25	0	0	5.5	25	0	0	0	25	0	0	0.433		100.028	92.1649	0.489416	0	4.8928	0.146885	15.3712	2		0.0088623	12.0705	47.5239	0	0	0	
2024-06-17 14:16:27	1238	2424	9	0	0	6	25	0	0	0	25	0	0	4.25	25	0	0	0	25	0	0	1.515		100.032	94.4508	0.133488	0	1.33446	0.380338	14.6731	1		0.0088623	12.0705	47.5239	0	0	0	
2024-06-17 14:15:41	1233	2425	1	0	0	5	21	0	0	0	21	0	0	2.75	21	0	0	0	21	0	0	1.948		100.034	94.4504	0.0964783	0	0.964457	0.0301732	13.6347	1		0.0088623	12.0705	47.6539	0	0	0	
2024-06-17 14:08:53	1187	2426	1	0	0	1	5	0	0	0	5	0	0	0.5	5	0	0	0	5	0	0	0.433		100.048	98.9734	0.456884	0	4.56666	0.258825	14.3466	1		0.0088623	12.0705	49.4731	0	0	0	
2024-06-17 14:12:45	1213	2427	1	0	0	4	17	0	0	0	17	0	0	0.75	17	0	0	0	17	0	0	2.814		100.04	96.3118	0.0687348	0	0.68707	0.0234974	14.0302	1		0.0088623	12.0705	48.1737	0	0	0	
2024-06-17 14:21:28	1271	2428	1	0	0	7.75	32	0	0	0	32	0	0	3.25	32	0	0	0	32	0	0	3.897		100.029	92.0401	0.0500215	0	0.500069	0.0024413	14.1391	1		0	12.0705	47.394	0	0	0	
2024-06-17 14:29:01	1323	2429	1	0	0	2.75	12	0	0	5	12	0	0	0.5	12	0	0	7.25	12	0	0	1.168		100.039	19.8095	0.0797676	0	0.797362	0.0671609	11.2724	1		0.0088623	12.0705	47.394	0	0	0	
2024-06-17 14:23:03	1281	2430	9	0	0	1.25	6	0	0	0	6	0	0	6.5	6	0	0	0	6	0	0	4.546		100.03	93.132	0.0517628	0	0.517474	0.354907	17.0698	1		0.0088623	12.0616	47.394	0	0	0	
2024-06-17 14:17:44	1246	2431	1	0	0	6	25	0	0	0	25	0	0	0.5	25	0	0	0	25	0	0	4.762		100.031	93.2326	0.0550089	0	0.549916	0.170097	19.0037	1		0.0088623	12.0705	47.394	0	0	0	
2024-06-17 14:13:19	1217	2432	1	0	0	4	17	0	0	0	17	0	0	2.75	17	0	0	0	17	0	0	1.082		100.047	97.3143	0.1794	0	1.79316	0.108297	14.0834	1		0.0088623	12.0705	48.1737	0	0	0	
2024-06-17 14:05:37	1165	2433	1	0	0	0	1	0	0	0	1	0	0	0.25	1	0	0	0	1	0	0	0.216		100.045	95.2291	0.725577	0	7.25248	0.0277925	11.3922	1		0.0088623	12.0705	51.9421	0	0	0	
2024-06-17 14:09:10	1189	2434	1	0	0	2	9	0	0	0	9	0	0	3.25	9	0	0	0	9	0	0	1.082		100.046	99.0373	0.177247	0	1.77167	0.217412	13.9146	1		0.0088623	12.0705	49.3432	0	0	0	
2024-06-17 14:19:42	1259	2435	1	0	0	7	29	0	0	0	29	0	0	1.75	29	0	0	0	29	0	0	4.546		100.034	93.2751	0.0503413	0	0.503244	0.402945	16.6004	1		0.0088623	12.0705	47.394	0	0	0	
2024-06-17 14:05:54	1167	2436	5	0	0	0	1	0	0	0	1	0	0	6	1	0	0	0	1	0	0	5.195		100.049	97.1184	0.0488087	0	0.487846	0.444769	18.3913	1		0	12.0705	51.5523	0	0	0	
2024-06-17 14:05:54	1167	2437	9	0	0	0	1	0	0	0	1	0	0	4.75	1	0	0	0	1	0	0	4.113		100.049	97.1184	0.0528176	0	0.527915	0.262234	15.7557	1		0	12.0705	51.5523	0	0	0	
2024-06-17 14:26:34	1306	2438	1	0	0	7.25	30	0	0	0	30	0	0	0.5	30	0	0	0	30	0	0	5.845		100.032	90.6942	0.0480233	0	0.480082	0.278878	20.361	2		0.0088623	12.0616	47.5239	0	0	0	
2024-06-17 14:14:37	1226	2439	1	0	0	5	21	0	0	0	21	0	0	0.25	21	0	0	0	21	0	0	4.113		100.035	94.9199	0.0515464	0	0.515282	0.108681	15.3787	1		0	12.0705	47.9138	0	0	0	
2024-06-17 14:14:19	1224	2440	9	0	0	5	21	0	0	0	21	0	0	6.75	21	0	0	0	21	0	0	1.515		100.04	96.0734	0.135628	0	1.35574	0.0373844	14.9071	1		0.0088623	12.0705	47.9138	0	0	0	
2024-06-17 14:11:42	1206	2441	1	0	0	3	13	0	0	0	13	0	0	2.25	13	0	0	0	13	0	0	0.649		100.043	97.1174	0.304669	0	3.04537	0.243499	14.351	1		0.0088623	12.0616	48.4336	0	0	0	
2024-06-17 14:10:31	1198	2442	1	0	0	2	9	0	0	0	9	0	0	0	9	0	0	0	9	0	0	1.732		100.042	98.5685	0.124096	0	1.24043	0.124161	15.5878	1		0	12.0705	48.8234	0	0	0	
2024-06-17 14:25:00	1295	2443	9	0	0	6.5	27	0	0	0	27	0	0	7.25	27	0	0	0	27	0	0	0.649		100.032	91.8361	0.328111	0	3.28007	0.334516	15.457	1		0.0088623	12.0705	47.264	0	0	0	
2024-06-17 14:20:27	1264	2444	5	0	0	7.75	32	0	0	0	32	0	0	7.25	32	0	0	0	32	0	0	0.433		100.034	92.6363	0.470347	0	4.70185	0.698636	14.7713	1		0	12.0705	47.264	0	0	0	
2024-06-17 14:26:45	1307	2445	1	0	0	7.5	31	0	0	0	31	0	0	0.25	31	0	0	0	31	0	0	6.278		100.034	92.1348	0.0363754	0	0.363631	0.15981	16.5645	1		0.0088623	12.0705	47.6539	0	0	0	
2024-06-17 14:23:36	1285	2446	1	0	0	0.75	4	0	0	0	4	0	0	1	4	0	0	0	4	0	0	0.216		100.035	93.1123	0.722872	0	7.22622	0.295096	11.3509	1		0.0088623	12.0705	47.5239	0	0	0	
2024-06-17 14:25:51	1301	2447	1	0	0	5.5	23	0	0	0	23	0	0	2.25	23	0	0	0	23	0	0	2.814		100.036	92.6491	0.0796786	0	0.796499	0.462496	16.2648	1		0.0088623	12.0705	47.5239	0	0	0	
2024-06-17 14:13:28	1218	2448	5	0	0	4	17	0	0	0	17	0	0	6.75	17	0	0	0	17	0	0	2.381		100.041	96.5274	0.08393	0	0.83896	0.0635581	14.4962	1		0.0088623	12.0705	48.0437	0	0	0	
2024-06-17 14:11:34	1205	2449	9	0	0	3	13	0	0	0	13	0	0	5.25	13	0	0	0	13	0	0	1.948		100.046	97.8482	0.0989918	0	0.989467	0.0107483	13.9883	1		0.0088623	12.0616	48.4336	0	0	0	
2024-06-17 14:10:49	1200	2450	9	0	0	3	13	0	0	0	13	0	0	4	13	0	0	0	13	0	0	0.866		100.042	97.8753	0.236499	0	2.36399	0.367992	14.8534	1		0.0088623	12.0705	48.6935	0	0	0	
2024-06-17 14:09:55	1194	2451	5	0	0	2	9	0	0	0	9	0	0	7.25	9	0	0	0	9	0	0	4.546		100.045	99.0148	0.0532828	0	0.532586	0.624603	17.5683	1		0	12.0705	48.9533	0	0	0	
2024-06-17 14:18:20	1250	2452	5	0	0	7	29	0	0	0	29	0	0	7.5	29	0	0	0	29	0	0	0.433		100.031	92.7672	0.460488	0	4.60346	0.640224	14.4622	1		0.0088623	12.0705	47.394	0	0	0	
2024-06-17 14:18:11	1249	2453	9	0	0	7	29	0	0	0	29	0	0	6.25	29	0	0	0	29	0	0	0.649		100.025	92.7054	0.334198	0	3.34113	0.744683	15.7447	1		0.0088623	12.0705	47.394	0	0	0	
2024-06-17 14:07:42	1179	2454	9	0	0	1	5	0	0	0	5	0	0	5.75	5	0	0	0	5	0	0	4.113		100.048	101.205	0.0530223	0	0.529969	0.0370969	15.817	1		0.0088623	12.0705	49.9929	0	0	0	
2024-06-17 14:08:09	1182	2455	5	0	0	1	5	0	0	0	5	0	0	4.5	5	0	0	0	5	0	0	3.031		100.049	99.8778	0.0692192	0	0.691853	0.0715243	15.2146	1		0.0088623	12.0705	49.733	0	0	0	
2024-06-17 14:16:18	1237	2456	1	0	0	6	25	0	0	0	25	0	0	3.5	25	0	0	0	25	0	0	2.165		100.034	94.0464	0.0889341	0	0.889035	0.202222	13.9649	1		0.0088623	12.0616	47.6539	0	0	0	
2024-06-17 14:13:53	1221	2457	1	0	0	4	17	0	0	0	17	0	0	0	17	0	0	0	17	0	0	3.464		100.042	97.1487	0.0602241	0	0.601991	0.189018	15.1297	1		0	12.0616	48.0437	0	0	0	
2024-06-17 14:21:10	1269	2458	1	0	0	7.75	32	0	0	0	32	0	0	2.5	32	0	0	0	32	0	0	4.546		100.031	94.0192	0.0454534	0	0.454395	0.472676	14.989	1		0	12.0616	47.394	0	0	0	
2024-06-17 14:10:40	1199	2459	1	0	0	2	9	0	0	0	9	0	0	2.5	9	0	0	0	9	0	0	0.433		100.046	98.2132	0.438243	0	4.38043	0.266222	13.7615	1		0.0088623	12.0705	48.6935	0	0	0	
2024-06-17 14:18:41	1252	2460	1	0	0	7	29	0	0	0	29	0	0	1	29	0	0	0	29	0	0	5.195		100.029	90.9453	0.0458686	0	0.45855	0.214338	17.2869	1		0	12.0705	47.394	0	0	0	
2024-06-17 14:05:37	1165	2461	5	0	0	0	1	0	0	0	1	0	0	5.25	1	0	0	0	1	0	0	4.546		100.045	95.2291	0.0507231	0	0.507001	0.13272	16.7243	1		0.0088623	12.0705	51.9421	0	0	0	
2024-06-17 14:06:30	1171	2462	9	0	0	0	1	0	0	0	1	0	0	4	1	0	0	0	1	0	0	3.464		100.045	101.947	0.0602371	0	0.6021	0.0293916	15.1324	1		0	12.0705	51.0325	0	0	0	
2024-06-17 14:21:37	1272	2463	1	0	0	7.75	32	0	0	0	32	0	0	1.75	32	0	0	0	32	0	0	5.195		100.035	94.2014	0.0410408	0	0.410265	0.230985	15.4666	1		0	12.0705	47.5239	0	0	0	
2024-06-17 14:14:37	1226	2464	5	0	0	5	21	0	0	0	21	0	0	6	21	0	0	0	21	0	0	0.866		100.035	94.9199	0.245766	0	2.4568	0.354331	15.4365	1		0	12.0705	47.9138	0	0	0	
2024-06-17 14:15:14	1230	2465	9	0	0	5	21	0	0	0	21	0	0	4.75	21	0	0	0	21	0	0	0.216		100.035	95.765	0.748686	0	7.48425	0.447867	11.7562	1		0	12.0705	47.6539	0	0	0	
2024-06-17 14:12:00	1208	2466	1	0	0	3	13	0	0	0	13	0	0	1.5	13	0	0	0	13	0	0	1.299		100.042	97.4547	0.141429	0	1.4137	0.0217707	13.3238	1		0.0088623	12.0705	48.4336	0	0	0	
2024-06-17 14:20:09	1262	2467	9	0	0	7.75	32	0	0	0	32	0	0	6.5	32	0	0	0	32	0	0	1.082		100.032	92.4062	0.19153	0	1.91469	0.154463	15.038	1		0.0088623	12.0705	47.394	0	0	0	
2024-06-17 14:22:29	1278	2468	9	0	0	2.25	10	0	0	0	10	0	0	5.5	10	0	0	0	10	0	0	2.814		100.03	92.9734	0.0778157	0	0.777924	0.17914	15.8855	1		0.0088623	12.0705	47.394	0	0	0	
2024-06-17 14:28:52	1322	2469	1	0	0	3	13	0	0	4.75	13	0	0	1.25	13	0	0	6.5	13	0	0	0.908		100.04	20.0839	0.100797	0	1.00756	0.576633	11.0787	1		0.0088623	12.0705	47.5239	0	0	0	
2024-06-17 14:13:19	1217	2470	5	0	0	4	17	0	0	0	17	0	0	6	17	0	0	0	17	0	0	1.732		100.047	97.3143	0.114	0	1.13946	0.037417	14.3189	1		0.0088623	12.0705	48.1737	0	0	0	
2024-06-17 14:13:19	1217	2471	9	0	0	4	17	0	0	0	17	0	0	4.75	17	0	0	0	17	0	0	0.649		100.047	97.3143	0.337445	0	3.37286	0.252433	15.8942	1		0.0088623	12.0705	48.1737	0	0	0	
2024-06-17 14:06:54	1174	2472	1	0	0	0	1	0	0	0	1	0	0	2.25	1	0	0	0	1	0	0	1.948		100.049	100.804	0.105215	0	1.05163	0.216173	14.8671	2		0.0088623	12.0705	50.7726	0	0	0	
2024-06-17 14:28:43	1321	2473	1	0	0	3.25	14	0	0	4.5	14	0	0	2	14	0	0	5.75	14	0	0	0.649		100.042	19.9324	0.175814	0	1.7574	0.40091	13.8026	1		0	12.0705	47.394	0	0	0	
2024-06-17 14:10:58	1201	2474	1	0	0	3	13	0	0	0	13	0	0	3.25	13	0	0	0	13	0	0	0.216		100.044	98.3096	0.743708	0	7.43378	0.467312	11.677	1		0.0088623	12.0705	48.6935	0	0	0	
2024-06-17 14:10:04	1195	2475	9	0	0	2	9	0	0	0	9	0	0	7.75	9	0	0	0	9	0	0	4.979		100.044	98.2159	0.0431098	0	0.430908	0.142168	15.568	1		0.0088623	12.0705	48.6935	0	0	0	
2024-06-17 14:09:38	1192	2476	5	0	0	2	9	0	0	0	9	0	0	6.5	9	0	0	0	9	0	0	3.897		100.045	98.9245	0.0552957	0	0.55271	0.137692	15.6275	1		0.0088623	12.0705	49.2132	0	0	0	
2024-06-17 14:19:16	1256	2477	5	0	0	7	29	0	0	0	29	0	0	5.5	29	0	0	0	29	0	0	1.299		100.03	91.7566	0.157539	0	1.57492	0.149829	14.8432	1		0.0088623	12.0705	47.264	0	0	0	
2024-06-17 14:18:50	1253	2478	5	0	0	7	29	0	0	0	29	0	0	4.25	29	0	0	0	29	0	0	2.381		100.031	91.5252	0.0833932	0	0.833673	0.108834	14.4048	1		0.0088623	12.0705	47.394	0	0	0	
2024-06-17 14:08:09	1182	2479	9	0	0	1	5	0	0	0	5	0	0	5	5	0	0	0	5	0	0	3.464		100.049	99.8778	0.0622073	0	0.621769	0.0987895	15.6267	1		0.0088623	12.0705	49.733	0	0	0	
2024-06-17 14:08:43	1186	2480	5	0	0	1	5	0	0	0	5	0	0	3.75	5	0	0	0	5	0	0	2.381		100.043	99.3305	0.0807237	0	0.806889	0.0941761	13.942	1		0	12.0705	49.4731	0	0	0	
2024-06-17 14:17:53	1247	2481	5	0	0	6	25	0	0	0	25	0	0	2.75	25	0	0	0	25	0	0	2.814		100.029	93.0187	0.0716414	0	0.716203	0.0992007	14.6251	1		0.0088623	12.0705	47.264	0	0	0	
2024-06-17 14:16:09	1236	2482	1	0	0	5	21	0	0	0	21	0	0	2.25	21	0	0	0	21	0	0	2.381		100.033	93.7083	0.080079	0	0.800528	0.00160764	13.8321	1		0.0088623	12.0616	47.5239	0	0	0	
2024-06-17 14:18:11	1249	2483	1	0	0	7	29	0	0	0	29	0	0	0.25	29	0	0	0	29	0	0	5.845		100.025	92.7054	0.040552	0	0.405417	0.801314	17.1944	1		0.0088623	12.0705	47.394	0	0	0	
2024-06-17 14:07:06	1175	2484	1	0	0	0	1	0	0	0	1	0	0	3.25	1	0	0	0	1	0	0	2.814		100.045	101.289	0.0695904	0	0.695589	0.197691	14.2042	1		0.0088623	12.0705	50.3827	0	0	0	
2024-06-17 14:10:58	1201	2485	5	0	0	3	13	0	0	0	13	0	0	7.25	13	0	0	0	13	0	0	3.68		100.044	98.3096	0.0647118	0	0.646831	0.0631222	17.2727	1		0.0088623	12.0705	48.6935	0	0	0	
2024-06-17 14:16:36	1239	2486	5	0	0	6	25	0	0	0	25	0	0	6.75	25	0	0	0	25	0	0	0.649		100.029	94.0276	0.346577	0	3.46477	0.402481	16.3274	1		0.0088623	12.0705	47.394	0	0	0	
2024-06-17 14:21:46	1273	2487	9	0	0	3.75	16	0	0	0	16	0	0	4	16	0	0	0	16	0	0	0.216		100.027	92.8252	0.812384	0	8.12166	0.362266	12.7575	1		0.0088623	12.0705	47.394	0	0	0	
2024-06-17 14:21:37	1272	2488	5	0	0	7.75	32	0	0	0	32	0	0	1	32	0	0	0	32	0	0	5.845		100.035	94.2014	0.0377344	0	0.377213	0.133024	15.9982	1		0	12.0705	47.5239	0	0	0	
2024-06-17 14:14:55	1228	2489	9	0	0	5	21	0	0	0	21	0	0	5.25	21	0	0	0	21	0	0	0.216		100.036	95.4968	0.766174	0	7.65897	0.418306	12.0307	1		0.0088623	12.0705	47.6539	0	0	0	
2024-06-17 14:15:05	1229	2490	9	0	0	5	21	0	0	0	21	0	0	4	21	0	0	0	21	0	0	0.866		100.033	95.2649	0.242932	0	2.42853	0.221933	15.2589	1		0	12.0705	47.6539	0	0	0	
2024-06-17 14:12:09	1209	2491	1	0	0	3	13	0	0	0	13	0	0	0.75	13	0	0	0	13	0	0	1.948		100.041	96.7447	0.0933676	0	0.933291	0.140088	13.1941	1		0	12.0705	48.3036	0	0	0	
2024-06-17 14:08:18	1183	2492	1	0	0	1	5	0	0	0	5	0	0	1.75	5	0	0	0	5	0	0	0.649		100.044	99.4138	0.302065	0	3.01932	0.146565	14.2282	1		0	12.0705	49.733	0	0	0	
2024-06-17 14:13:37	1219	2493	1	0	0	4	17	0	0	0	17	0	0	2	17	0	0	0	17	0	0	1.732		100.041	97.1139	0.10751	0	1.07466	0.0813252	13.5045	1		0.0088623	12.0616	48.0437	0	0	0	
2024-06-17 14:20:27	1264	2494	9	0	0	7.75	32	0	0	0	32	0	0	5.75	32	0	0	0	32	0	0	1.732		100.034	92.6363	0.113026	0	1.12987	0.0549791	14.1984	1		0	12.0705	47.264	0	0	0	
2024-06-17 14:20:00	1261	2495	5	0	0	7.75	32	0	0	0	32	0	0	4.5	32	0	0	0	32	0	0	2.814		100.025	92.6165	0.0681619	0	0.681449	0.189826	13.9154	1		0	12.0705	47.394	0	0	0	
2024-06-17 14:24:19	1290	2496	1	0	0	2.25	10	0	0	0	10	0	0	3.5	10	0	0	0	10	0	0	1.082		100.034	93.5477	0.176287	0	1.76227	0.0900167	13.8408	1		0.0088623	12.0705	47.5239	0	0	0	
2024-06-17 14:23:28	1284	2497	9	0	0	0.25	2	0	0	0	2	0	0	7.5	2	0	0	0	2	0	0	6.278		100.031	91.3886	0.0376334	0	0.376218	0.110883	17.1379	1		0.0088623	12.0705	47.394	0	0	0	
2024-06-17 14:17:28	1244	2498	1	0	0	6	25	0	0	0	25	0	0	1.75	25	0	0	0	25	0	0	3.68		100.032	91.1602	0.0635727	0	0.635527	0.471295	16.9708	1		0	12.0705	47.5239	0	0	0	
2024-06-17 14:12:35	1212	2499	9	0	0	4	17	0	0	0	17	0	0	5.25	17	0	0	0	17	0	0	1.082		100.041	96.1926	0.192616	0	1.92536	0.262437	15.1218	1		0.0088623	12.0705	48.1737	0	0	0	
2024-06-17 14:06:46	1173	2500	1	0	0	0	1	0	0	0	1	0	0	1.5	1	0	0	0	1	0	0	1.299		100.051	103.961	0.145926	0	1.45851	0.614586	13.7462	1		0.0088623	12.0705	50.5127	0	0	0	
2024-06-17 14:11:34	1205	2501	1	0	0	3	13	0	0	0	13	0	0	2.5	13	0	0	0	13	0	0	0.433		100.046	97.8482	0.441978	0	4.41776	0.377545	13.8788	1		0.0088623	12.0616	48.4336	0	0	0	
2024-06-17 14:09:19	1190	2502	5	0	0	2	9	0	0	0	9	0	0	5.75	9	0	0	0	9	0	0	3.247		100.044	98.8628	0.064909	0	0.648802	0.188447	15.287	1		0	12.0705	49.2132	0	0	0	
2024-06-17 14:09:02	1188	2503	9	0	0	2	9	0	0	0	9	0	0	4.5	9	0	0	0	9	0	0	2.165		100.047	99.7159	0.0888379	0	0.887964	0.0825033	13.9481	1		0	12.0705	49.4731	0	0	0	
2024-06-17 14:19:27	1257	2504	5	0	0	7	29	0	0	0	29	0	0	3.5	29	0	0	0	29	0	0	3.031		100.035	91.4322	0.0655899	0	0.655671	0.261337	14.419	1		0.0088623	12.0616	47.394	0	0	0	
2024-06-17 14:08:27	1184	2505	1	0	0	1	5	0	0	0	5	0	0	3	5	0	0	0	5	0	0	1.732		100.044	99.1024	0.105885	0	1.05839	0.0100935	13.3001	1		0.0088623	12.0705	49.733	0	0	0	
2024-06-17 14:06:03	1168	2506	5	0	0	0	1	0	0	0	1	0	0	7.25	1	0	0	0	1	0	0	6.278		100.047	97.6762	0.0409057	0	0.408863	0.981281	18.625	1		0.0088623	12.0705	51.4223	0	0	0	
2024-06-17 14:15:32	1232	2507	1	0	0	5	21	0	0	0	21	0	0	1.5	21	0	0	0	21	0	0	3.031		100.034	95.5276	0.0669263	0	0.669037	0.334338	14.7129	1		0.0088623	12.0705	47.6539	0	0	0	
2024-06-17 14:09:46	1193	2508	1	0	0	2	9	0	0	0	9	0	0	1.25	9	0	0	0	9	0	0	0.649		100.051	100.128	0.292713	0	2.92563	0.136834	13.7867	1		0.0088623	12.0705	49.2132	0	0	0	
2024-06-17 14:27:02	1309	2509	1	0	0	1.5	7	0	0	0	7	0	0	0.25	7	0	0	0	7	0	0	1.082		100.039	91.3288	0.173504	0	1.73437	0.149156	13.6217	1		0.0088623	12.0705	47.6539	0	0	0	
2024-06-17 14:06:03	1168	2510	1	0	0	0	1	0	0	0	1	0	0	2.5	1	0	0	0	1	0	0	2.165		100.047	97.6762	0.0896312	0	0.895887	0.451941	14.0726	1		0.0088623	12.0705	51.4223	0	0	0	
2024-06-17 14:26:08	1303	2511	1	0	0	6.25	26	0	0	0	26	0	0	1.5	26	0	0	0	26	0	0	4.113		100.03	90.8726	0.0551552	0	0.551385	0.544226	16.4562	1		0	12.0705	47.394	0	0	0	
2024-06-17 14:28:09	1317	2512	9	0	0	7.25	30	0	0	0	30	0	0	6.5	30	0	0	0	30	0	0	0.649		100.031	91.0297	0.324973	0	3.24873	0.245754	15.3093	1		0.0088623	12.0705	47.394	0	0	0	
2024-06-17 14:11:51	1207	2513	9	0	0	3	13	0	0	0	13	0	0	7.75	13	0	0	0	13	0	0	4.113		100.044	97.0517	0.0498994	0	0.498773	0.25402	14.8859	1		0.0088623	12.0705	48.4336	0	0	0	
2024-06-17 14:11:42	1206	2514	5	0	0	3	13	0	0	0	13	0	0	6.5	13	0	0	0	13	0	0	3.031		100.043	97.1174	0.0680753	0	0.68046	0.366449	14.9641	1		0.0088623	12.0616	48.4336	0	0	0	
2024-06-17 14:07:33	1178	2515	5	0	0	1	5	0	0	0	5	0	0	7	5	0	0	0	5	0	0	5.195		100.044	101.454	0.0454611	0	0.454411	0.2173	17.1309	1		0.0088623	12.0705	50.2528	0	0	0	
2024-06-17 14:17:15	1243	2516	5	0	0	6	25	0	0	0	25	0	0	4.75	25	0	0	0	25	0	0	1.082		100.031	91.0068	0.192468	0	1.92409	0.0698672	15.1118	2		0.0088623	12.0616	47.6539	0	0	0	
2024-06-17 14:21:19	1270	2517	5	0	0	7.75	32	0	0	0	32	0	0	0.25	32	0	0	0	32	0	0	6.494		100.033	92.4364	0.0341789	0	0.341677	0.230071	16.1012	1		0.0088623	12.0705	47.394	0	0	0	
2024-06-17 14:15:57	1235	2518	5	0	0	5	21	0	0	0	21	0	0	3.25	21	0	0	0	21	0	0	1.515		100.036	94.2622	0.124747	0	1.24702	0.118291	13.7117	2		0	12.0705	47.7838	0	0	0	
2024-06-17 14:12:27	1211	2519	1	0	0	3	13	0	0	0	13	0	0	0	13	0	0	0	13	0	0	2.598		100.041	96.9838	0.0758132	0	0.757819	0.353692	14.2846	1		0.0088623	12.0705	48.1737	0	0	0	
2024-06-17 14:21:55	1274	2520	9	0	0	3.5	15	0	0	0	15	0	0	4.25	15	0	0	0	15	0	0	0.649		100.028	92.4088	0.32622	0	3.26129	0.187175	15.3685	1		0	12.0705	47.394	0	0	0	
2024-06-17 14:14:10	1223	2521	5	0	0	4	17	0	0	0	17	0	0	1.25	17	0	0	0	17	0	0	2.381		100.037	95.6937	0.0799778	0	0.799481	0.0929794	13.814	1		0.0088623	12.0705	47.9138	0	0	0	
2024-06-17 14:20:37	1265	2522	9	0	0	7.75	32	0	0	0	32	0	0	5	32	0	0	0	32	0	0	2.381		100.035	91.4777	0.0799455	0	0.799176	0.0376537	13.8088	1		0.0088623	12.0705	47.394	0	0	0	
2024-06-17 14:20:37	1265	2523	1	0	0	7.75	32	0	0	0	32	0	0	3.75	32	0	0	0	32	0	0	3.464		100.035	91.4777	0.0561969	0	0.561773	0.141603	14.1189	1		0.0088623	12.0705	47.394	0	0	0	
2024-06-17 14:29:39	1327	2524	1	0	0	1.25	6	0	0	6.5	6	0	0	3	6	0	0	4.75	6	0	0	0.908		100.043	19.9405	0.106739	0	1.06693	0.344047	11.7315	1		0.0088623	11.973	47.394	0	0	0	
2024-06-17 14:17:44	1246	2525	5	0	0	6	25	0	0	0	25	0	0	1	25	0	0	0	25	0	0	4.33		100.031	93.2326	0.0562492	0	0.562316	0.304259	17.6657	1		0.0088623	12.0705	47.394	0	0	0	
2024-06-17 14:12:54	1214	2526	1	0	0	4	17	0	0	0	17	0	0	3.25	17	0	0	0	17	0	0	0.649		100.037	96.3521	0.326784	0	3.26665	0.259525	15.3937	1		0.0088623	12.0705	48.1737	0	0	0	
2024-06-17 14:05:16	1164	2527	1	0	0	0	1	0	0	0	1	0	0	0.75	1	0	0	0	1	0	0	0.649		100.046	87.9871	0.749026	0	7.48682	3.92685	35.2808	4		0.0088623	12.0793	52.072	0	0	0	
2024-06-17 14:29:08	1324	2528	1	0	0	3.5	15	0	0	4.25	15	0	0	3.75	15	0	0	4	15	0	0	0.13		100.047	19.0429	0.557178	0	5.56914	0.240667	8.74799	1		0.0088623	12.0439	47.5239	0	0	0	
2024-06-17 14:09:10	1189	2529	5	0	0	2	9	0	0	0	9	0	0	5	9	0	0	0	9	0	0	2.598		100.046	99.0373	0.0765173	0	0.764824	0.0582956	14.4166	1		0.0088623	12.0705	49.3432	0	0	0	
2024-06-17 14:10:04	1195	2530	1	0	0	2	9	0	0	0	9	0	0	3.75	9	0	0	0	9	0	0	1.515		100.044	98.2159	0.128226	0	1.2817	0.049891	14.093	1		0.0088623	12.0705	48.6935	0	0	0	
2024-06-17 14:18:59	1254	2531	1	0	0	7	29	0	0	0	29	0	0	2.75	29	0	0	0	29	0	0	3.68		100.028	90.8627	0.0561701	0	0.561541	0.234982	14.9951	1		0.0088623	12.0705	47.5239	0	0	0	
2024-06-17 14:19:16	1256	2532	1	0	0	7	29	0	0	0	29	0	0	2.25	29	0	0	0	29	0	0	4.113		100.03	91.7566	0.0516405	0	0.516248	0.189417	15.4075	1		0.0088623	12.0705	47.264	0	0	0	
2024-06-17 14:05:16	1164	2533	5	0	0	0	1	0	0	0	1	0	0	7.75	1	0	0	0	1	0	0	6.711		100.046	87.9871	0.0350644	0	0.350483	1.64942	17.0667	4		0.0088623	12.0793	52.072	0	0	0	
2024-06-17 14:05:46	1166	2534	5	0	0	0	1	0	0	0	1	0	0	6.5	1	0	0	0	1	0	0	5.628		100.045	96.0036	0.0422035	0	0.421846	0.147552	17.2285	1		0	12.0705	51.5523	0	0	0	
2024-06-17 14:14:19	1224	2535	1	0	0	5	21	0	0	0	21	0	0	0.75	21	0	0	0	21	0	0	3.68		100.04	96.0734	0.0585622	0	0.585387	0.373682	15.6319	1		0.0088623	12.0705	47.9138	0	0	0	
2024-06-17 14:14:28	1225	2536	5	0	0	5	21	0	0	0	21	0	0	7.25	21	0	0	0	21	0	0	1.948		100.037	95.6683	0.111522	0	1.11482	0.10703	15.7603	1		0.0088623	12.0616	47.9138	0	0	0	
2024-06-17 14:28:00	1316	2537	9	0	0	5.75	24	0	0	0	24	0	0	4	24	0	0	0	24	0	0	1.515		100.037	92.5387	0.129257	0	1.29209	0.0680699	14.2072	1		0.0088623	12.0705	47.6539	0	0	0	
2024-06-17 14:24:34	1292	2538	9	0	0	4.5	19	0	0	0	19	0	0	5.25	19	0	0	0	19	0	0	0.649		100.035	93.3058	0.32501	0	3.24896	0.099285	15.3104	1		0	11.9464	47.5239	0	0	0	
2024-06-17 14:29:16	1325	2539	1	0	0	2.75	12	0	0	5	12	0	0	3.5	12	0	0	4.25	12	0	0	0.389		100.042	19.8447	0.311323	0	3.11193	0.470468	14.6646	2		0.0088623	12.0705	47.6539	0	0	0	
2024-06-17 14:10:13	1196	2540	5	0	0	2	9	0	0	0	9	0	0	0.5	9	0	0	0	9	0	0	1.299		100.052	99.5706	0.141127	0	1.41054	0.0810651	13.294	1		0.0088623	12.0616	49.0833	0	0	0	
2024-06-17 14:23:19	1283	2541	9	0	0	0.5	3	0	0	0	3	0	0	7.25	3	0	0	0	3	0	0	5.845		100.033	92.5169	0.055267	0	0.552488	0.899113	23.4319	1		0	12.0616	47.394	0	0	0	
2024-06-17 14:13:03	1215	2542	5	0	0	4	17	0	0	0	17	0	0	7.25	17	0	0	0	17	0	0	2.814		100.041	95.6706	0.0762771	0	0.762461	0.287312	15.5697	1		0.0088623	12.0705	48.0437	0	0	0	
2024-06-17 14:11:51	1207	2543	5	0	0	3	13	0	0	0	13	0	0	5.75	13	0	0	0	13	0	0	2.381		100.044	97.0517	0.0808651	0	0.808293	0.00133133	13.9663	1		0.0088623	12.0705	48.4336	0	0	0	
2024-06-17 14:11:06	1202	2544	9	0	0	3	13	0	0	0	13	0	0	4.5	13	0	0	0	13	0	0	1.299		100.044	98.1179	0.148809	0	1.48743	0.24466	14.0187	1		0.0088623	12.0705	48.6935	0	0	0	
2024-06-17 14:18:30	1251	2545	9	0	0	7	29	0	0	0	29	0	0	6.75	29	0	0	0	29	0	0	0.216		100.028	90.8972	0.775497	0	7.75281	0.161089	12.1781	2		0.0088623	12.0705	47.5239	0	0	0	
2024-06-17 14:07:42	1179	2546	5	0	0	1	5	0	0	0	5	0	0	7.5	5	0	0	0	5	0	0	5.628		100.048	101.205	0.041856	0	0.418359	0.336761	17.0861	1		0.0088623	12.0705	49.9929	0	0	0	
2024-06-17 14:07:15	1176	2547	9	0	0	1	5	0	0	0	5	0	0	6.25	5	0	0	0	5	0	0	4.546		100.046	101.418	0.0533465	0	0.533217	0.0303842	17.5891	1		0.0088623	12.0705	50.2528	0	0	0	
2024-06-17 14:17:28	1244	2548	5	0	0	6	25	0	0	0	25	0	0	5.25	25	0	0	0	25	0	0	0.649		100.032	91.1602	0.3317	0	3.31596	0.344543	15.6261	1		0	12.0705	47.5239	0	0	0	
2024-06-17 14:16:18	1237	2549	5	0	0	6	25	0	0	0	25	0	0	4	25	0	0	0	25	0	0	1.732		100.034	94.0464	0.113273	0	1.13234	0.135648	14.2294	1		0.0088623	12.0616	47.6539	0	0	0	
2024-06-17 14:15:57	1235	2550	1	0	0	5	21	0	0	0	21	0	0	2.5	21	0	0	0	21	0	0	2.165		100.036	94.2622	0.0916498	0	0.91617	0.26002	14.3912	2		0	12.0705	47.7838	0	0	0	
2024-06-17 14:07:51	1180	2551	1	0	0	1	5	0	0	0	5	0	0	0.25	5	0	0	0	5	0	0	0.649		100.045	101.129	0.309516	0	3.09375	0.111285	14.5789	1		0.0088623	12.0705	49.9929	0	0	0	
2024-06-17 14:14:01	1222	2552	1	0	0	4	17	0	0	0	17	0	0	0.5	17	0	0	0	17	0	0	3.031		100.044	96.7834	0.0666679	0	0.666389	0.198493	14.6547	1		0.0088623	12.0616	48.0437	0	0	0	
2024-06-17 14:20:27	1264	2553	1	0	0	7.75	32	0	0	0	32	0	0	3	32	0	0	0	32	0	0	4.113		100.034	92.6363	0.0480662	0	0.480497	0.0851243	14.3405	1		0	12.0705	47.264	0	0	0	
2024-06-17 14:18:02	1248	2554	5	0	0	6	25	0	0	0	25	0	0	0.25	25	0	0	0	25	0	0	4.979		100.031	92.8927	0.0469745	0	0.469601	0.157627	16.9659	1		0	12.0616	47.394	0	0	0	
2024-06-17 14:25:42	1300	2555	1	0	0	5.25	22	0	0	0	22	0	0	2.5	22	0	0	0	22	0	0	2.381		100.036	92.9933	0.0906409	0	0.906085	0.44978	15.656	1		0.0088623	12.0616	47.5239	0	0	0	
2024-06-17 14:13:11	1216	2556	1	0	0	4	17	0	0	0	17	0	0	2.5	17	0	0	0	17	0	0	1.299		100.043	97.3181	0.147166	0	1.47102	0.189635	13.864	1		0	12.0705	48.1737	0	0	0	
2024-06-17 14:09:02	1188	2557	1	0	0	2	9	0	0	0	9	0	0	3	9	0	0	0	9	0	0	0.866		100.047	99.7159	0.226008	0	2.25903	0.279773	14.1939	1		0	12.0705	49.4731	0	0	0	
2024-06-17 14:18:20	1250	2558	1	0	0	7	29	0	0	0	29	0	0	1.5	29	0	0	0	29	0	0	4.762		100.031	92.7672	0.048142	0	0.481271	0.451569	16.6315	1		0.0088623	12.0705	47.394	0	0	0	
2024-06-17 14:05:16	1164	2559	9	0	0	0	1	0	0	0	1	0	0	5.75	1	0	0	0	1	0	0	4.979		100.046	87.9871	0.0460914	0	0.460703	1.17381	16.6444	4		0.0088623	12.0793	52.072	0	0	0	
2024-06-17 14:06:11	1169	2560	5	0	0	0	1	0	0	0	1	0	0	4.5	1	0	0	0	1	0	0	3.897		100.046	100.01	0.0547959	0	0.547705	0.122618	15.486	1		0.0088623	12.0705	51.1624	0	0	0	
2024-06-17 14:15:05	1229	2561	1	0	0	5	21	0	0	0	21	0	0	0	21	0	0	0	21	0	0	4.33		100.033	95.2649	0.0509525	0	0.509358	0.00500198	16.002	1		0	12.0705	47.6539	0	0	0	
2024-06-17 14:20:46	1266	2562	1	0	0	7.75	32	0	0	0	32	0	0	2.25	32	0	0	0	32	0	0	4.762		100.031	91.2338	0.0427841	0	0.427711	0.226908	14.7806	1		0.0088623	12.0705	47.394	0	0	0	
2024-06-17 14:14:19	1224	2563	5	0	0	5	21	0	0	0	21	0	0	7.75	21	0	0	0	21	0	0	2.381		100.04	96.0734	0.0822233	0	0.821903	0.076254	14.2015	1		0.0088623	12.0705	47.9138	0	0	0	
2024-06-17 14:14:28	1225	2564	1	0	0	5	21	0	0	0	21	0	0	6.5	21	0	0	0	21	0	0	1.299		100.037	95.6683	0.159172	0	1.59113	0.0381258	14.9961	1		0.0088623	12.0616	47.9138	0	0	0	
2024-06-17 14:12:09	1209	2565	5	0	0	3	13	0	0	0	13	0	0	2	13	0	0	0	13	0	0	0.866		100.041	96.7447	0.224266	0	2.24174	0.176941	14.0852	1		0	12.0705	48.3036	0	0	0	
2024-06-17 14:25:26	1298	2566	1	0	0	4.5	19	0	0	0	19	0	0	3.25	19	0	0	0	19	0	0	1.082		100.028	91.137	0.183061	0	1.83009	0.114339	14.3735	1		0	12.0705	47.394	0	0	0	
2024-06-17 14:20:54	1267	2567	9	0	0	7.75	32	0	0	0	32	0	0	7	32	0	0	0	32	0	0	0.649		100.037	93.7118	0.333863	0	3.3374	0.0890232	15.7271	1		0.0088623	12.0705	47.394	0	0	0	
2024-06-17 14:27:52	1315	2568	9	0	0	5.5	23	0	0	0	23	0	0	4.25	23	0	0	0	23	0	0	1.082		100.039	91.9217	0.187864	0	1.8779	0.1543	14.749	1		0.0088623	12.0616	47.6539	0	0	0	
2024-06-17 14:26:26	1305	2569	1	0	0	6.75	28	0	0	0	28	0	0	1	28	0	0	0	28	0	0	4.979		100.034	91.2561	0.050867	0	0.508496	0.616415	18.3711	1		0.0088623	12.0705	47.394	0	0	0	
2024-06-17 14:24:43	1293	2570	9	0	0	4.25	18	0	0	0	18	0	0	5.5	18	0	0	0	18	0	0	1.082		100.033	93.7422	0.189573	0	1.8951	0.0502586	14.8841	1		0.0088623	12.0705	47.394	0	0	0	
2024-06-17 14:12:54	1214	2571	5	0	0	4	17	0	0	0	17	0	0	7.75	17	0	0	0	17	0	0	3.247		100.037	96.3521	0.0613068	0	0.612844	0.255684	14.4398	1		0.0088623	12.0705	48.1737	0	0	0	
2024-06-17 14:12:45	1213	2572	9	0	0	4	17	0	0	0	17	0	0	6.5	17	0	0	0	17	0	0	2.165		100.04	96.3118	0.0918444	0	0.918072	0.0195111	14.421	1		0.0088623	12.0705	48.1737	0	0	0	
2024-06-17 14:11:15	1203	2573	9	0	0	3	13	0	0	0	13	0	0	5	13	0	0	0	13	0	0	1.732		100.043	97.9572	0.109679	0	1.09632	0.120422	13.7768	1		0.0088623	12.0705	48.5635	0	0	0	
2024-06-17 14:11:15	1203	2574	1	0	0	3	13	0	0	0	13	0	0	3.75	13	0	0	0	13	0	0	0.649		100.043	97.9572	0.316371	0	3.16235	0.363587	14.9022	1		0.0088623	12.0705	48.5635	0	0	0	
2024-06-17 14:10:04	1195	2575	5	0	0	2	9	0	0	0	9	0	0	7	9	0	0	0	9	0	0	4.33		100.044	98.2159	0.0501994	0	0.501773	0.0401893	15.7637	1		0.0088623	12.0705	48.6935	0	0	0	
2024-06-17 14:18:59	1254	2576	5	0	0	7	29	0	0	0	29	0	0	6	29	0	0	0	29	0	0	0.866		100.028	90.8627	0.250846	0	2.50775	0.247131	15.7567	1		0.0088623	12.0705	47.5239	0	0	0	
2024-06-17 14:19:07	1255	2577	5	0	0	7	29	0	0	0	29	0	0	4.75	29	0	0	0	29	0	0	1.948		100.032	91.4893	0.101351	0	1.01318	0.121452	14.3235	1		0.0088623	12.0705	47.394	0	0	0	
2024-06-17 14:08:00	1181	2578	5	0	0	1	5	0	0	0	5	0	0	5.5	5	0	0	0	5	0	0	3.897		100.047	100.983	0.0609957	0	0.609672	0.255045	17.2381	1		0.0088623	12.0705	49.863	0	0	0	
2024-06-17 14:08:18	1183	2579	5	0	0	1	5	0	0	0	5	0	0	4.25	5	0	0	0	5	0	0	2.814		100.044	99.4138	0.072049	0	0.720171	0.020344	14.7062	1		0	12.0705	49.733	0	0	0	
2024-06-17 14:16:27	1238	2580	1	0	0	6	25	0	0	0	25	0	0	3.25	25	0	0	0	25	0	0	2.381		100.032	94.4508	0.083128	0	0.831015	0.0885548	14.3589	1		0.0088623	12.0705	47.5239	0	0	0	
2024-06-17 14:23:54	1287	2581	1	0	0	0.25	2	0	0	0	2	0	0	1.5	2	0	0	0	2	0	0	1.082		100.033	91.5211	0.172552	0	1.72495	0.127074	13.5477	1		0	12.0616	47.394	0	0	0	
2024-06-17 14:19:07	1255	2582	1	0	0	7	29	0	0	0	29	0	0	0.75	29	0	0	0	29	0	0	5.412		100.032	91.4893	0.0438094	0	0.437954	0.131961	17.1984	1		0.0088623	12.0705	47.394	0	0	0	
2024-06-17 14:05:37	1165	2583	9	0	0	0	1	0	0	0	1	0	0	5	1	0	0	0	1	0	0	4.33		100.045	95.2291	0.050771	0	0.50748	0.295907	15.943	1		0.0088623	12.0705	51.9421	0	0	0	
2024-06-17 14:06:38	1172	2584	5	0	0	0	1	0	0	0	1	0	0	3.75	1	0	0	0	1	0	0	3.247		100.047	101.553	0.062709	0	0.626795	0.2089	14.7685	1		0.0088623	12.0616	50.9025	0	0	0	
2024-06-17 14:28:18	1318	2585	9	0	0	7.5	31	0	0	0	31	0	0	6.25	31	0	0	0	31	0	0	1.082		100.031	90.1081	0.186434	0	1.86376	0.0596037	14.6379	1		0.0088623	12.0793	47.394	0	0	0	
2024-06-17 14:25:08	1296	2586	9	0	0	6.25	26	0	0	0	26	0	0	7.5	26	0	0	0	26	0	0	1.082		100.034	93.1516	0.188029	0	1.87964	0.057529	14.7627	1		0.0088623	12.0616	47.5239	0	0	0	
2024-06-17 14:16:45	1240	2587	5	0	0	6	25	0	0	0	25	0	0	7.25	25	0	0	0	25	0	0	1.082		100.028	94.1545	0.215538	0	2.15478	0.539792	16.9236	1		0.0088623	12.0616	47.394	0	0	0	
2024-06-17 14:21:03	1268	2588	1	0	0	7.75	32	0	0	0	32	0	0	1.5	32	0	0	0	32	0	0	5.412		100.032	92.0923	0.0394693	0	0.394566	0.171401	15.4946	1		0	12.0705	47.394	0	0	0	
2024-06-17 14:14:55	1228	2589	5	0	0	5	21	0	0	0	21	0	0	5.75	21	0	0	0	21	0	0	0.649		100.036	95.4968	0.331209	0	3.31089	0.306672	15.6022	1		0.0088623	12.0705	47.6539	0	0	0	
2024-06-17 14:15:05	1229	2590	5	0	0	5	21	0	0	0	21	0	0	4.5	21	0	0	0	21	0	0	0.433		100.033	95.2649	0.464492	0	4.6434	0.450087	14.5877	1		0	12.0705	47.6539	0	0	0	
2024-06-17 14:12:00	1208	2591	5	0	0	3	13	0	0	0	13	0	0	1.25	13	0	0	0	13	0	0	1.515		100.042	97.4547	0.120181	0	1.20131	0.021083	13.2091	1		0.0088623	12.0705	48.4336	0	0	0	
2024-06-17 14:08:43	1186	2592	1	0	0	1	5	0	0	0	5	0	0	2.25	5	0	0	0	5	0	0	1.082		100.043	99.3305	0.170641	0	1.70567	0.110746	13.3963	1		0	12.0705	49.4731	0	0	0	
2024-06-17 14:23:45	1286	2593	1	0	0	0.5	3	0	0	0	3	0	0	1.25	3	0	0	0	3	0	0	0.649		100.029	92.5663	0.305673	0	3.05585	0.349144	14.4004	1		0.0088623	12.0705	47.394	0	0	0	
2024-06-17 14:22:19	1277	2594	9	0	0	2.5	11	0	0	0	11	0	0	5.25	11	0	0	0	11	0	0	2.381		100.032	93.733	0.0910179	0	0.909891	0.519537	15.7218	1		0.0088623	12.0705	47.5239	0	0	0	
2024-06-17 14:21:03	1268	2595	5	0	0	7.75	32	0	0	0	32	0	0	7.5	32	0	0	0	32	0	0	0.216		100.032	92.0923	0.817724	0	8.17461	0.275334	12.8406	1		0	12.0705	47.394	0	0	0	
2024-06-17 14:20:46	1266	2596	5	0	0	7.75	32	0	0	0	32	0	0	6.25	32	0	0	0	32	0	0	1.299		100.031	91.2338	0.156719	0	1.56671	0.052309	14.7659	1		0.0088623	12.0705	47.394	0	0	0	
2024-06-17 14:25:17	1297	2597	1	0	0	4.25	18	0	0	0	18	0	0	3.5	18	0	0	0	18	0	0	0.649		100.029	92.0712	0.32719	0	3.27095	0.203276	15.414	1		0.0088623	12.0705	47.394	0	0	0	
2024-06-17 14:16:54	1241	2598	1	0	0	6	25	0	0	0	25	0	0	2.25	25	0	0	0	25	0	0	3.247		100.023	94.016	0.0641958	0	0.641812	0.113443	15.1223	1		0	12.0705	47.6539	0	0	0	
2024-06-17 14:27:43	1314	2599	9	0	0	5.25	22	0	0	0	22	0	0	4.5	22	0	0	0	22	0	0	0.649		100.038	92.3733	0.323365	0	3.23242	0.341389	15.2324	1		0.0088623	12.0705	47.6539	0	0	0	
2024-06-17 14:13:11	1216	2600	5	0	0	4	17	0	0	0	17	0	0	5.75	17	0	0	0	17	0	0	1.515		100.043	97.3181	0.13081	0	1.30753	0.0770564	14.3771	1		0	12.0705	48.1737	0	0	0	
2024-06-17 14:13:03	1215	2601	9	0	0	4	17	0	0	0	17	0	0	4.5	17	0	0	0	17	0	0	0.433		100.041	95.6706	0.501183	0	5.0098	0.222118	15.7387	1		0.0088623	12.0705	48.0437	0	0	0	
2024-06-17 14:06:21	1170	2602	1	0	0	0	1	0	0	0	1	0	0	2	1	0	0	0	1	0	0	1.732		100.042	100.757	0.130141	0	1.30086	0.713874	16.3471	1		0.0088623	12.0705	51.0325	0	0	0	
2024-06-17 14:09:55	1194	2603	9	0	0	2	9	0	0	0	9	0	0	7.5	9	0	0	0	9	0	0	4.762		100.045	99.0148	0.04602	0	0.459991	0.304714	15.8962	1		0	12.0705	48.9533	0	0	0	
2024-06-17 14:09:46	1193	2604	9	0	0	2	9	0	0	0	9	0	0	6.25	9	0	0	0	9	0	0	3.68		100.051	100.128	0.0584192	0	0.583893	0.21506	15.592	1		0.0088623	12.0705	49.2132	0	0	0	
2024-06-17 14:18:20	1250	2605	9	0	0	7	29	0	0	0	29	0	0	5.25	29	0	0	0	29	0	0	1.515		100.031	92.7672	0.131411	0	1.31371	0.26336	14.445	1		0.0088623	12.0705	47.394	0	0	0	
2024-06-17 14:18:50	1253	2606	9	0	0	7	29	0	0	0	29	0	0	4	29	0	0	0	29	0	0	2.598		100.031	91.5252	0.0761333	0	0.761096	0.303099	14.3463	1		0.0088623	12.0705	47.394	0	0	0	
2024-06-17 14:08:35	1185	2607	1	0	0	1	5	0	0	0	5	0	0	3.5	5	0	0	0	5	0	0	2.165		100.052	100.765	0.0850997	0	0.850556	0.0233796	13.3605	1		0.0088623	12.0705	49.733	0	0	0	
2024-06-17 14:17:03	1242	2608	1	0	0	6	25	0	0	0	25	0	0	2.5	25	0	0	0	25	0	0	3.031		100.028	92.1649	0.0731237	0	0.731033	0.454772	16.0763	2		0.0088623	12.0705	47.5239	0	0	0	
2024-06-17 14:27:36	1313	2609	1	0	0	3.75	16	0	0	0	16	0	0	2	16	0	0	0	16	0	0	1.515		100.039	91.7618	0.126378	0	1.26328	0.130875	13.8905	1		0.0088623	12.0705	47.6539	0	0	0	
2024-06-17 14:15:32	1232	2610	5	0	0	5	21	0	0	0	21	0	0	2	21	0	0	0	21	0	0	2.598		100.034	95.5276	0.0763115	0	0.762858	0.0409541	14.3795	1		0.0088623	12.0705	47.6539	0	0	0	
2024-06-17 14:09:38	1192	2611	1	0	0	2	9	0	0	0	9	0	0	1.75	9	0	0	0	9	0	0	0.216		100.045	98.9245	0.716119	0	7.15799	0.312731	11.2437	1		0.0088623	12.0705	49.2132	0	0	0	
2024-06-17 14:19:35	1258	2612	5	0	0	7	29	0	0	0	29	0	0	0	29	0	0	0	29	0	0	6.061		100.03	91.2878	0.0403272	0	0.403149	0.41178	17.7314	1		0	12.0705	47.394	0	0	0	
2024-06-17 14:05:46	1166	2613	1	0	0	0	1	0	0	0	1	0	0	3	1	0	0	0	1	0	0	2.598		100.045	96.0036	0.0760123	0	0.759782	0.400779	14.3216	1		0	12.0705	51.5523	0	0	0	
2024-06-17 14:11:34	1205	2614	5	0	0	3	13	0	0	0	13	0	0	7	13	0	0	0	13	0	0	3.464		100.046	97.8482	0.0594991	0	0.59472	0.0779153	14.9469	1		0.0088623	12.0616	48.4336	0	0	0	
2024-06-17 14:16:54	1241	2615	9	0	0	6	25	0	0	0	25	0	0	7.75	25	0	0	0	25	0	0	1.515		100.023	94.016	0.135253	0	1.35222	0.0921462	14.8684	1		0	12.0705	47.6539	0	0	0	
2024-06-17 14:16:27	1238	2616	5	0	0	6	25	0	0	0	25	0	0	6.5	25	0	0	0	25	0	0	0.433		100.032	94.4508	0.504962	0	5.04801	0.608398	15.8588	1		0.0088623	12.0705	47.5239	0	0	0	
2024-06-17 14:21:19	1270	2617	1	0	0	7.75	32	0	0	0	32	0	0	0.75	32	0	0	0	32	0	0	6.061		100.033	92.4364	0.036522	0	0.365101	0.291594	16.058	1		0.0088623	12.0705	47.394	0	0	0	
2024-06-17 14:15:23	1231	2618	1	0	0	5	21	0	0	0	21	0	0	3.75	21	0	0	0	21	0	0	1.082		100.031	95.6471	0.186214	0	1.86155	0.137027	14.6206	1		0.0088623	12.0705	47.5239	0	0	0	
2024-06-17 14:11:06	1202	2619	1	0	0	3	13	0	0	0	13	0	0	0.5	13	0	0	0	13	0	0	2.165		100.044	98.1179	0.0870217	0	0.869834	0.0711351	13.6633	1		0.0088623	12.0705	48.6935	0	0	0	
2024-06-17 14:07:15	1176	2620	1	0	0	1	5	0	0	0	5	0	0	1.5	5	0	0	0	5	0	0	0.433		100.046	101.418	0.448418	0	4.4821	0.211501	14.0809	1		0.0088623	12.0705	50.2528	0	0	0	
2024-06-17 14:29:29	1326	2621	1	0	0	2	9	0	0	5.75	9	0	0	3.25	9	0	0	4.5	9	0	0	0.649		100.042	19.8006	0.171045	0	1.70973	0.0878936	13.4282	2		0	12.0705	47.5239	0	0	0	
2024-06-17 14:13:28	1218	2622	1	0	0	4	17	0	0	0	17	0	0	1.75	17	0	0	0	17	0	0	1.948		100.041	96.5274	0.0956751	0	0.956363	0.146136	13.5203	1		0.0088623	12.0705	48.0437	0	0	0	
2024-06-17 14:24:11	1289	2623	1	0	0	2.5	11	0	0	0	11	0	0	3.25	11	0	0	0	11	0	0	0.649		100.028	92.0495	0.304519	0	3.04434	0.298698	14.3461	1		0	12.0705	47.394	0	0	0	
2024-06-17 14:20:37	1265	2624	5	0	0	7.75	32	0	0	0	32	0	0	5.5	32	0	0	0	32	0	0	1.948		100.035	91.4777	0.0998983	0	0.998635	0.132424	14.1179	1		0.0088623	12.0705	47.394	0	0	0	
2024-06-17 14:20:00	1261	2625	9	0	0	7.75	32	0	0	0	32	0	0	4.25	32	0	0	0	32	0	0	3.031		100.025	92.6165	0.0639113	0	0.638954	0.200991	14.0513	1		0	12.0705	47.394	0	0	0	
2024-06-17 14:17:15	1243	2626	1	0	0	6	25	0	0	0	25	0	0	1.5	25	0	0	0	25	0	0	3.897		100.031	91.0068	0.0586826	0	0.586647	0.13271	16.5871	2		0.0088623	12.0616	47.6539	0	0	0	
2024-06-17 14:13:11	1216	2627	9	0	0	4	17	0	0	0	17	0	0	5	17	0	0	0	17	0	0	0.866		100.043	97.3181	0.244637	0	2.44531	0.139046	15.3643	1		0	12.0705	48.1737	0	0	0	
2024-06-17 14:12:35	1212	2628	1	0	0	4	17	0	0	0	17	0	0	3.75	17	0	0	0	17	0	0	0.216		100.041	96.1926	0.808825	0	8.08493	0.456332	12.6998	1		0.0088623	12.0705	48.1737	0	0	0	
2024-06-17 14:06:30	1171	2629	1	0	0	0	1	0	0	0	1	0	0	1.25	1	0	0	0	1	0	0	1.082		100.045	101.947	0.180566	0	1.80485	0.689222	14.1753	1		0	12.0705	51.0325	0	0	0	
2024-06-17 14:09:29	1191	2630	5	0	0	2	9	0	0	0	9	0	0	5.5	9	0	0	0	9	0	0	3.031		100.047	99.0564	0.0995485	0	0.995021	0.647569	21.8817	1		0.0088623	12.0705	49.2132	0	0	0	
2024-06-17 14:09:29	1191	2631	9	0	0	2	9	0	0	0	9	0	0	4.25	9	0	0	0	9	0	0	1.948		100.047	99.0564	0.098419	0	0.983732	0.00526295	13.9072	1		0.0088623	12.0705	49.2132	0	0	0	
2024-06-17 14:19:51	1260	2632	1	0	0	7	29	0	0	0	29	0	0	3.25	29	0	0	0	29	0	0	3.247		100.029	92.6479	0.0619139	0	0.618961	0.171658	14.5839	1		0.0088623	12.0616	47.394	0	0	0	
2024-06-17 14:08:27	1184	2633	5	0	0	1	5	0	0	0	5	0	0	2.75	5	0	0	0	5	0	0	1.515		100.044	99.1024	0.120124	0	1.20071	0.124165	13.2025	1		0.0088623	12.0705	49.733	0	0	0	
2024-06-17 14:06:21	1170	2634	5	0	0	0	1	0	0	0	1	0	0	7	1	0	0	0	1	0	0	6.061		100.042	100.757	0.0399091	0	0.398922	0.137143	17.5455	1		0.0088623	12.0705	51.0325	0	0	0	
2024-06-17 14:14:46	1227	2635	1	0	0	5	21	0	0	0	21	0	0	1.25	21	0	0	0	21	0	0	3.247		100.038	95.2565	0.0668476	0	0.668226	0.717687	15.7447	1		0.0088623	12.0616	47.7838	0	0	0	
2024-06-17 14:09:55	1194	2636	1	0	0	2	9	0	0	0	9	0	0	1	9	0	0	0	9	0	0	0.866		100.045	99.0148	0.215796	0	2.15698	0.0834593	13.5527	1		0	12.0705	48.9533	0	0	0	
2024-06-17 14:11:15	1203	2637	5	0	0	3	13	0	0	0	13	0	0	7.5	13	0	0	0	13	0	0	3.897		100.043	97.9572	0.0532797	0	0.532568	0.32934	15.058	1		0.0088623	12.0705	48.5635	0	0	0	
2024-06-17 14:11:24	1204	2638	5	0	0	3	13	0	0	0	13	0	0	6.25	13	0	0	0	13	0	0	2.814		100.046	97.6421	0.0724062	0	0.723727	0.0278675	14.7788	1		0	12.0705	48.4336	0	0	0	
2024-06-17 14:18:30	1251	2639	5	0	0	7	29	0	0	0	29	0	0	7.25	29	0	0	0	29	0	0	0.216		100.028	90.8972	0.723589	0	7.23387	0.248496	11.3629	2		0.0088623	12.0705	47.5239	0	0	0	
2024-06-17 14:07:24	1177	2640	9	0	0	1	5	0	0	0	5	0	0	6.75	5	0	0	0	5	0	0	4.979		100.045	101.332	0.0501301	0	0.501077	0.660697	18.1031	1		0.0088623	12.0705	50.3827	0	0	0	
2024-06-17 14:16:18	1237	2641	9	0	0	6	25	0	0	0	25	0	0	5.75	25	0	0	0	25	0	0	0.216		100.034	94.0464	0.790166	0	7.89894	0.768994	12.4076	1		0.0088623	12.0616	47.6539	0	0	0	
2024-06-17 14:16:36	1239	2642	9	0	0	6	25	0	0	0	25	0	0	4.5	25	0	0	0	25	0	0	1.299		100.029	94.0276	0.156529	0	1.56484	0.248146	14.7483	1		0.0088623	12.0705	47.394	0	0	0	
2024-06-17 14:21:28	1271	2643	5	0	0	7.75	32	0	0	0	32	0	0	0	32	0	0	0	32	0	0	6.711		100.029	92.0401	0.0341526	0	0.341426	0.115929	16.6257	1		0	12.0705	47.394	0	0	0	
2024-06-17 14:15:48	1234	2644	5	0	0	5	21	0	0	0	21	0	0	3	21	0	0	0	21	0	0	1.732		100.038	96.2097	0.108365	0	1.08323	0.0874812	13.6123	1		0.0088623	12.0616	47.5239	0	0	0	
2024-06-17 14:07:42	1179	2645	1	0	0	1	5	0	0	0	5	0	0	0.75	5	0	0	0	5	0	0	0.216		100.048	101.205	0.724527	0	7.2418	0.378749	11.3754	1		0.0088623	12.0705	49.9929	0	0	0	
2024-06-17 14:26:00	1302	2646	1	0	0	5.75	24	0	0	0	24	0	0	2	24	0	0	0	24	0	0	3.247		100.03	92.0764	0.065684	0	0.656642	0.129753	15.4718	1		0	12.0705	47.5239	0	0	0	
2024-06-17 14:13:45	1220	2647	5	0	0	4	17	0	0	0	17	0	0	1	17	0	0	0	17	0	0	2.598		100.043	97.1894	0.0731975	0	0.731664	0.0139925	13.7915	1		0	12.0705	48.0437	0	0	0	
2024-06-17 14:20:09	1262	2648	1	0	0	7.75	32	0	0	0	32	0	0	3.5	32	0	0	0	32	0	0	3.68		100.032	92.4062	0.0525024	0	0.524857	0.0717829	14.0155	1		0.0088623	12.0705	47.394	0	0	0	
2024-06-17 14:17:35	1245	2649	1	0	0	6	25	0	0	0	25	0	0	0.75	25	0	0	0	25	0	0	4.546		100.035	94.0274	0.0523422	0	0.523239	0.0423088	17.2599	1		0.0088623	12.0705	47.6539	0	0	0	
2024-06-17 14:13:45	1220	2650	1	0	0	4	17	0	0	0	17	0	0	3	17	0	0	0	17	0	0	0.866		100.043	97.1894	0.233194	0	2.33095	0.168261	14.6458	1		0	12.0705	48.0437	0	0	0	
2024-06-17 14:06:38	1172	2651	1	0	0	0	1	0	0	0	1	0	0	0.5	1	0	0	0	1	0	0	0.433		100.047	101.553	0.45131	0	4.51098	0.457962	14.1717	1		0.0088623	12.0616	50.9025	0	0	0	
2024-06-17 14:28:34	1320	2652	1	0	0	3.5	15	0	0	4.25	15	0	0	2.75	15	0	0	5	15	0	0	0.389		100.043	19.0434	0.321459	0	3.2132	0.412333	15.1418	1		0	12.0705	47.6539	0	0	0	
2024-06-17 14:10:22	1197	2653	1	0	0	2	9	0	0	0	9	0	0	3.5	9	0	0	0	9	0	0	1.299		100.041	98.0492	0.147305	0	1.47245	0.131869	13.8775	1		0.0088623	12.0705	48.8234	0	0	0	
2024-06-17 14:19:42	1259	2654	5	0	0	7	29	0	0	0	29	0	0	2.5	29	0	0	0	29	0	0	3.897		100.034	93.2751	0.0555383	0	0.555196	0.637388	15.6978	1		0.0088623	12.0705	47.394	0	0	0	
2024-06-17 14:18:50	1253	2655	1	0	0	7	29	0	0	0	29	0	0	2	29	0	0	0	29	0	0	4.33		100.031	91.5252	0.0503579	0	0.503422	0.558974	15.8155	1		0.0088623	12.0705	47.394	0	0	0	
2024-06-17 14:06:30	1171	2656	5	0	0	0	1	0	0	0	1	0	0	7.5	1	0	0	0	1	0	0	6.494		100.045	101.947	0.0371558	0	0.371391	0.483549	17.5014	1		0	12.0705	51.0325	0	0	0	
2024-06-17 14:06:03	1168	2657	9	0	0	0	1	0	0	0	1	0	0	6.25	1	0	0	0	1	0	0	5.412		100.047	97.6762	0.0438956	0	0.438747	0.265525	17.2296	1		0.0088623	12.0705	51.4223	0	0	0	
2024-06-17 14:14:55	1228	2658	1	0	0	5	21	0	0	0	21	0	0	0.5	21	0	0	0	21	0	0	3.897		100.036	95.4968	0.0591735	0	0.591521	0.432963	16.7249	1		0.0088623	12.0705	47.6539	0	0	0	
2024-06-17 14:26:54	1308	2659	1	0	0	1.25	6	0	0	0	6	0	0	0.5	6	0	0	0	6	0	0	0.649		100.032	89.7272	0.309502	0	3.09403	0.155464	14.5803	1		0.0088623	12.0705	47.5239	0	0	0	
2024-06-17 14:14:46	1227	2660	9	0	0	5	21	0	0	0	21	0	0	7	21	0	0	0	21	0	0	1.732		100.038	95.2565	0.115109	0	1.15066	0.0964312	14.4597	1		0.0088623	12.0616	47.7838	0	0	0	
2024-06-17 14:10:13	1196	2661	1	0	0	2	9	0	0	0	9	0	0	0.25	9	0	0	0	9	0	0	1.515		100.052	99.5706	0.123715	0	1.23651	0.104095	13.5961	1		0.0088623	12.0616	49.0833	0	0	0	
2024-06-17 14:12:35	1212	2662	5	0	0	4	17	0	0	0	17	0	0	7	17	0	0	0	17	0	0	2.598		100.041	96.1926	0.0769255	0	0.768939	0.0548805	14.4942	1		0.0088623	12.0705	48.1737	0	0	0	
2024-06-17 14:11:06	1202	2663	5	0	0	3	13	0	0	0	13	0	0	5.5	13	0	0	0	13	0	0	2.165		100.044	98.1179	0.0914857	0	0.914455	0.0358503	14.3642	1		0.0088623	12.0705	48.6935	0	0	0	
2024-06-17 14:10:58	1201	2664	9	0	0	3	13	0	0	0	13	0	0	4.25	13	0	0	0	13	0	0	1.082		100.044	98.3096	0.182398	0	1.82317	0.296651	14.3191	1		0.0088623	12.0705	48.6935	0	0	0	
2024-06-17 14:18:59	1254	2665	9	0	0	7	29	0	0	0	29	0	0	7.75	29	0	0	0	29	0	0	0.649		100.028	90.8627	0.338825	0	3.38728	0.331034	15.9622	1		0.0088623	12.0705	47.5239	0	0	0	
2024-06-17 14:18:11	1249	2666	5	0	0	7	29	0	0	0	29	0	0	6.5	29	0	0	0	29	0	0	0.433		100.025	92.7054	0.481852	0	4.81729	0.800261	15.134	1		0.0088623	12.0705	47.394	0	0	0	
2024-06-17 14:07:24	1177	2667	5	0	0	1	5	0	0	0	5	0	0	6	5	0	0	0	5	0	0	4.33		100.045	101.332	0.0555956	0	0.555708	0.390723	17.4581	1		0.0088623	12.0705	50.3827	0	0	0	
2024-06-17 14:07:51	1180	2668	9	0	0	1	5	0	0	0	5	0	0	4.75	5	0	0	0	5	0	0	3.247		100.045	101.129	0.0676108	0	0.675801	0.166414	15.9232	1		0.0088623	12.0705	49.9929	0	0	0	
2024-06-17 14:24:27	1291	2669	9	0	0	4.75	20	0	0	0	20	0	0	5	20	0	0	0	20	0	0	0.216		100.038	93.4394	0.752424	0	7.52139	0.484943	11.8146	1		0	12.0705	47.5239	0	0	0	
2024-06-17 14:17:15	1243	2670	9	0	0	6	25	0	0	0	25	0	0	5	25	0	0	0	25	0	0	0.866		100.031	91.0068	0.244263	0	2.44189	0.101613	15.3428	2		0.0088623	12.0616	47.6539	0	0	0	
2024-06-17 14:16:45	1240	2671	1	0	0	6	25	0	0	0	25	0	0	3.75	25	0	0	0	25	0	0	1.948		100.028	94.1545	0.101603	0	1.01574	0.0131821	14.3597	1		0.0088623	12.0616	47.394	0	0	0	
2024-06-17 14:08:00	1181	2672	1	0	0	1	5	0	0	0	5	0	0	0	5	0	0	0	5	0	0	0.866		100.047	100.983	0.234559	0	2.34449	0.0979459	14.7309	1		0.0088623	12.0705	49.863	0	0	0	
2024-06-17 14:23:10	1282	2673	9	0	0	0.75	4	0	0	0	4	0	0	7	4	0	0	0	4	0	0	5.412		100.034	93.5913	0.0433417	0	0.43327	0.255251	17.0145	1		0.0088623	12.0616	47.5239	0	0	0	
2024-06-17 14:14:10	1223	2674	1	0	0	4	17	0	0	0	17	0	0	0.25	17	0	0	0	17	0	0	3.247		100.037	95.6937	0.0604941	0	0.604716	0.0316301	14.2483	1		0.0088623	12.0705	47.9138	0	0	0	
2024-06-17 14:20:54	1267	2675	1	0	0	7.75	32	0	0	0	32	0	0	2.75	32	0	0	0	32	0	0	4.33		100.037	93.7118	0.0467081	0	0.46691	0.00432767	14.6684	1		0.0088623	12.0705	47.394	0	0	0	
2024-06-17 14:18:02	1248	2676	1	0	0	6	25	0	0	0	25	0	0	0	25	0	0	0	25	0	0	5.195		100.031	92.8927	0.0489196	0	0.489046	0.321223	18.4366	1		0	12.0616	47.394	0	0	0	
2024-06-17 14:09:19	1190	2677	1	0	0	2	9	0	0	0	9	0	0	2.75	9	0	0	0	9	0	0	0.649		100.044	98.8628	0.310063	0	3.09926	0.347748	14.6049	1		0	12.0705	49.2132	0	0	0	
2024-06-17 14:19:35	1258	2678	1	0	0	7	29	0	0	0	29	0	0	1.25	29	0	0	0	29	0	0	4.979		100.03	91.2878	0.0479583	0	0.479437	0.401834	17.3213	1		0	12.0705	47.394	0	0	0	
2024-06-17 14:05:46	1166	2679	9	0	0	0	1	0	0	0	1	0	0	5.5	1	0	0	0	1	0	0	4.762		100.045	96.0036	0.0625565	0	0.625285	0.532918	21.6083	1		0	12.0705	51.5523	0	0	0	
2024-06-17 14:06:21	1170	2680	9	0	0	0	1	0	0	0	1	0	0	4.25	1	0	0	0	1	0	0	3.68		100.042	100.757	0.0567898	0	0.567657	0.0980339	15.1585	1		0.0088623	12.0705	51.0325	0	0	0	
