Time	MeasID	DPID	Channel	A(x)	A(y)	A(z)	A(adr)	B(x)	B(y)	B(z)	B(adr)	M(x)	M(y)	M(z)	M(adr)	N(x)	N(y)	N(z)	N(adr)	F(x)	F(y)	F(z)	Note	I(mA)	Uout(V)	U(V)	SP(V)	R(Ohm)	Var(%)	Rho-a(Ohm-m)	Cycles	IP Delay Window(mV/V)	Pint(V)	Pext(V)	T int(deg C)	T log(deg C)	Latitude	Longitude
2024-06-17 16:20:58	1433	2681	1	0	0	7.75	32	0	0	0	32	0	0	2	32	0	0	0	32	0	0	4.979		100.038	90.3931	0.041732	0	0.41716	0.0401531	15.0713	1		0.0088623	12.0705	48.0437	0	0	0	
2024-06-17 16:14:57	1393	2682	5	0	0	5	21	0	0	0	21	0	0	7.5	21	0	0	0	21	0	0	2.165		100.038	94.1172	0.0900826	0	0.900481	0.0468667	14.1447	1		0	12.0705	48.3036	0	0	0	
2024-06-17 16:14:21	1389	2683	9	0	0	5	21	0	0	0	21	0	0	6.25	21	0	0	0	21	0	0	1.082		100.037	95.0179	0.193533	0	1.93462	0.294905	15.1945	1		0	12.0616	48.4336	0	0	0	
2024-06-17 16:12:28	1376	2684	5	0	0	3	13	0	0	0	13	0	0	1.75	13	0	0	0	13	0	0	1.082		100.044	98.2857	0.174503	0	1.74427	0.1725	13.6995	1		0.0088623	12.0616	48.9533	0	0	0	
2024-06-17 16:19:46	1425	2685	9	0	0	7.75	32	0	0	0	32	0	0	6.75	32	0	0	0	32	0	0	0.866		100.036	91.2325	0.245501	0	2.45412	0.453728	15.4197	1		0	12.0705	48.0437	0	0	0	
2024-06-17 16:27:09	1476	2686	1	0	0	3.25	14	0	0	0	14	0	0	2.5	14	0	0	0	14	0	0	0.649		100.043	92.054	0.304417	0	3.04288	0.381255	14.3392	1		0.0088623	12.0616	48.1737	0	0	0	
2024-06-17 16:13:13	1381	2687	5	0	0	4	17	0	0	0	17	0	0	7.5	17	0	0	0	17	0	0	3.031		100.038	94.1164	0.0658478	0	0.658231	0.0590856	14.4753	1		0.0088623	12.0616	48.4336	0	0	0	
2024-06-17 16:13:03	1380	2688	9	0	0	4	17	0	0	0	17	0	0	6.25	17	0	0	0	17	0	0	1.948		100.039	94.9209	0.101745	0	1.01705	0.00840861	14.3782	1		0.0088623	12.0705	48.6935	0	0	0	
2024-06-17 16:11:20	1368	2689	1	0	0	3	13	0	0	0	13	0	0	3.5	13	0	0	0	13	0	0	0.433		100.045	97.728	0.458958	0	4.58754	0.43235	14.4122	1		0.0088623	12.0705	49.2132	0	0	0	
2024-06-17 16:09:52	1358	2690	5	0	0	2	9	0	0	0	9	0	0	6.75	9	0	0	0	9	0	0	4.113		100.045	98.5586	0.0529125	0	0.528888	0.308147	15.7847	1		0.0088623	12.0705	49.733	0	0	0	
2024-06-17 16:18:46	1418	2691	9	0	0	7	29	0	0	0	29	0	0	5.75	29	0	0	0	29	0	0	1.082		100.038	90.354	0.194175	0	1.94102	0.241858	15.2447	1		0.0088623	12.0705	47.9138	0	0	0	
2024-06-17 16:18:16	1415	2692	9	0	0	7	29	0	0	0	29	0	0	4.5	29	0	0	0	29	0	0	2.165		100.039	91.9637	0.09083	0	0.907942	0.103057	14.2619	1		0	12.0705	48.0437	0	0	0	
2024-06-17 16:07:49	1344	2693	1	0	0	1	5	0	0	0	5	0	0	5.25	5	0	0	0	5	0	0	3.68		100.053	100.474	0.0605261	0	0.604942	0.126699	16.1541	1		0.0088623	12.0705	50.5127	0	0	0	
2024-06-17 16:07:21	1341	2694	9	0	0	1	5	0	0	0	5	0	0	4	5	0	0	0	5	0	0	2.598		100.056	100.383	0.0733971	0	0.733563	0.127544	13.8273	1		0.0088623	12.0705	50.9025	0	0	0	
2024-06-17 16:25:30	1464	2695	1	0	0	4.75	20	0	0	0	20	0	0	3	20	0	0	0	20	0	0	1.515		100.035	88.453	0.125668	0	1.25624	0.192662	13.8131	1		0	12.0705	47.9138	0	0	0	
2024-06-17 16:16:27	1403	2696	1	0	0	6	25	0	0	0	25	0	0	3	25	0	0	0	25	0	0	2.598		100.039	91.9499	0.0773842	0	0.773538	0.227068	14.5808	1		0.0088623	12.0705	48.1737	0	0	0	
2024-06-17 16:10:17	1361	2697	1	0	0	2	9	0	0	0	9	0	0	2.25	9	0	0	0	9	0	0	0.216		100.049	97.5043	0.72411	0	7.23752	0.32196	11.3687	1		0.0088623	12.0705	49.4731	0	0	0	
2024-06-17 16:19:28	1423	2698	1	0	0	7	29	0	0	0	29	0	0	0.5	29	0	0	0	29	0	0	5.628		100.039	93.383	0.0441486	0	0.441313	0.509737	18.0235	1		0.0088623	12.0705	48.0437	0	0	0	
2024-06-17 16:07:03	1339	2699	5	0	0	0	1	0	0	0	1	0	0	3.5	1	0	0	0	1	0	0	3.031		100.059	101.688	0.0676896	0	0.676497	0.26503	14.877	1		0.0088623	12.0705	51.2924	0	0	0	
2024-06-17 16:27:02	1475	2700	1	0	0	1.75	8	0	0	0	8	0	0	0	8	0	0	0	8	0	0	1.515		100.036	90.8619	0.123143	0	1.23099	0.120634	13.5354	1		0	12.0616	48.0437	0	0	0	
2024-06-17 16:17:05	1407	2701	5	0	0	6	25	0	0	0	25	0	0	7	25	0	0	0	25	0	0	0.866		100.039	91.949	0.253308	0	2.53209	0.257646	15.9096	1		0	12.0705	48.1737	0	0	0	
2024-06-17 16:26:09	1469	2702	1	0	0	6.5	27	0	0	0	27	0	0	1.25	27	0	0	0	27	0	0	4.546		100.04	92.6262	0.0541199	0	0.540982	0.675013	17.8452	1		0.0088623	12.0616	48.1737	0	0	0	
2024-06-17 16:19:56	1426	2703	1	0	0	7.75	32	0	0	0	32	0	0	1.25	32	0	0	0	32	0	0	5.628		100.034	91.4809	0.0393287	0	0.393152	0.0620199	16.0566	1		0.0088623	12.0616	47.9138	0	0	0	
2024-06-17 16:15:05	1394	2704	5	0	0	5	21	0	0	0	21	0	0	5.5	21	0	0	0	21	0	0	0.433		100.043	93.8222	0.477152	0	4.76948	0.406213	14.9838	1		0.0088623	12.0705	48.3036	0	0	0	
2024-06-17 16:14:48	1392	2705	5	0	0	5	21	0	0	0	21	0	0	4.25	21	0	0	0	21	0	0	0.649		100.042	93.8152	0.323481	0	3.23346	0.450707	15.2373	1		0.0088623	12.0705	48.4336	0	0	0	
2024-06-17 16:12:03	1373	2706	5	0	0	3	13	0	0	0	13	0	0	1	13	0	0	0	13	0	0	1.732		100.046	98.3934	0.104977	0	1.04928	0.119391	13.1857	1		0.0088623	12.0705	49.0833	0	0	0	
2024-06-17 16:08:14	1347	2707	1	0	0	1	5	0	0	0	5	0	0	2	5	0	0	0	5	0	0	0.866		100.058	100.435	0.2169	0	2.16774	0.030519	13.6203	1		0.0088623	12.0705	50.2528	0	0	0	
2024-06-17 16:22:34	1444	2708	9	0	0	1.75	8	0	0	0	8	0	0	6	8	0	0	0	8	0	0	3.68		100.036	90.0937	0.0605643	0	0.605426	0.573395	16.167	1		0	12.0705	47.9138	0	0	0	
2024-06-17 16:14:11	1388	2709	1	0	0	4	17	0	0	0	17	0	0	2.25	17	0	0	0	17	0	0	1.515		100.043	95.6457	0.12266	0	1.22608	0.0908548	13.4814	1		0.0088623	12.0616	48.3036	0	0	0	
2024-06-17 16:20:14	1428	2710	5	0	0	7.75	32	0	0	0	32	0	0	6	32	0	0	0	32	0	0	1.515		100.037	90.7757	0.132062	0	1.32013	0.0247096	14.5156	1		0.0088623	12.0705	48.0437	0	0	0	
2024-06-17 16:20:22	1429	2711	9	0	0	7.75	32	0	0	0	32	0	0	4.75	32	0	0	0	32	0	0	2.598		100.036	90.3502	0.0735581	0	0.735317	0.0578877	13.8604	1		0.0088623	12.0705	47.9138	0	0	0	
2024-06-17 16:16:55	1406	2712	1	0	0	6	25	0	0	0	25	0	0	2	25	0	0	0	25	0	0	3.464		100.045	93.3625	0.0640976	0	0.640686	0.0508584	16.1022	1		0.0088623	12.0616	48.1737	0	0	0	
2024-06-17 16:13:39	1384	2713	5	0	0	4	17	0	0	0	17	0	0	5.5	17	0	0	0	17	0	0	1.299		100.034	95.0389	0.156599	0	1.56546	0.0601446	14.7541	1		0.0088623	12.0705	48.5635	0	0	0	
2024-06-17 16:12:37	1377	2714	9	0	0	4	17	0	0	0	17	0	0	4.25	17	0	0	0	17	0	0	0.216		100.042	96.4233	0.821463	0	8.21121	0.392754	12.8981	1		0.0088623	12.0705	48.6935	0	0	0	
2024-06-17 16:06:55	1338	2715	1	0	0	0	1	0	0	0	1	0	0	1.75	1	0	0	0	1	0	0	1.515		100.06	99.1364	0.12394	0	1.23866	0.360082	13.6198	1		0.0088623	12.0705	51.1624	0	0	0	
2024-06-17 16:28:16	1484	2716	1	0	0	3.75	16	0	0	4	16	0	0	3.5	16	0	0	4.25	16	0	0	0.13		100.05	18.1881	0.573317	0	5.73033	0.24244	9.00117	1		0.0088623	12.0705	48.1737	0	0	0	
2024-06-17 16:12:12	1374	2717	5	0	0	3	13	0	0	0	13	0	0	2.75	13	0	0	0	13	0	0	0.216		100.043	97.0609	0.719647	0	7.1934	0.440987	11.2994	1		0.0088623	12.0705	48.8234	0	0	0	
2024-06-17 16:09:43	1357	2718	5	0	0	2	9	0	0	0	9	0	0	6	9	0	0	0	9	0	0	3.464		100.051	98.0557	0.0635477	0	0.635151	0.0359543	15.9631	1		0.0088623	12.0705	49.733	0	0	0	
2024-06-17 16:09:07	1353	2719	9	0	0	2	9	0	0	0	9	0	0	4.75	9	0	0	0	9	0	0	2.381		100.051	98.8026	0.0822935	0	0.822514	0.0895272	14.212	1		0.0088623	12.0705	49.9929	0	0	0	
2024-06-17 16:17:59	1413	2720	9	0	0	7	29	0	0	0	29	0	0	5	29	0	0	0	29	0	0	1.732		100.042	93.025	0.113575	0	1.13528	0.0629079	14.2663	1		0	12.0705	47.9138	0	0	0	
2024-06-17 16:18:26	1416	2721	1	0	0	7	29	0	0	0	29	0	0	3.75	29	0	0	0	29	0	0	2.814		100.037	90.733	0.070914	0	0.708876	0.0313676	14.4755	2		0.0088623	12.0705	47.9138	0	0	0	
2024-06-17 16:08:40	1350	2722	5	0	0	1	5	0	0	0	5	0	0	3.25	5	0	0	0	5	0	0	1.948		100.058	100.405	0.0937331	0	0.936792	0.0654669	13.2436	1		0.0088623	12.0705	50.2528	0	0	0	
2024-06-17 16:22:07	1441	2723	9	0	0	2.75	12	0	0	0	12	0	0	5	12	0	0	0	12	0	0	1.948		100.039	91.6862	0.0963113	0	0.962733	0.0221264	13.6103	1		0.0088623	12.0705	47.9138	0	0	0	
2024-06-17 16:14:31	1390	2724	1	0	0	5	21	0	0	0	21	0	0	1.75	21	0	0	0	21	0	0	2.814		100.041	94.5755	0.0728936	0	0.728638	0.397796	14.879	1		0.0088623	12.0705	48.3036	0	0	0	
2024-06-17 16:09:43	1357	2725	1	0	0	2	9	0	0	0	9	0	0	1.5	9	0	0	0	9	0	0	0.433		100.051	98.0557	0.437776	0	4.37551	0.203776	13.7461	1		0.0088623	12.0705	49.733	0	0	0	
2024-06-17 16:06:43	1337	2726	1	0	0	0	1	0	0	0	1	0	0	2.75	1	0	0	0	1	0	0	2.381		100.056	98.7472	0.113947	0	1.13883	0.521674	19.6775	2		0.0088623	12.0793	51.2924	0	0	0	
2024-06-17 16:21:58	1440	2727	9	0	0	3.25	14	0	0	0	14	0	0	4.5	14	0	0	0	14	0	0	1.082		100.042	93.0499	0.1824	0	1.82324	0.174163	14.3197	1		0.0088623	12.0616	48.0437	0	0	0	
2024-06-17 16:11:45	1371	2728	5	0	0	3	13	0	0	0	13	0	0	6.75	13	0	0	0	13	0	0	3.247		100.044	97.1762	0.0637759	0	0.637479	0.254392	15.0202	1		0.0088623	12.0705	48.9533	0	0	0	
2024-06-17 16:07:30	1342	2729	5	0	0	1	5	0	0	0	5	0	0	7.25	5	0	0	0	5	0	0	5.412		100.059	100.739	0.0565119	0	0.564786	0.471395	22.1791	1		0.0088623	12.0705	50.9025	0	0	0	
2024-06-17 16:16:14	1402	2730	9	0	0	6	25	0	0	0	25	0	0	7.5	25	0	0	0	25	0	0	1.299		100.041	91.4762	0.156525	0	1.5646	0.0468739	14.746	2		0.0088623	12.0705	48.1737	0	0	0	
2024-06-17 16:16:06	1401	2731	9	0	0	6	25	0	0	0	25	0	0	6.25	25	0	0	0	25	0	0	0.216		100.04	94.1403	0.80285	0	8.02528	0.706993	12.6061	1		0.0088623	12.0705	48.1737	0	0	0	
2024-06-17 16:20:14	1428	2732	1	0	0	7.75	32	0	0	0	32	0	0	0.5	32	0	0	0	32	0	0	6.278		100.037	90.7757	0.0365783	0	0.365649	0.0278587	16.6564	1		0.0088623	12.0705	48.0437	0	0	0	
2024-06-17 16:14:57	1393	2733	1	0	0	5	21	0	0	0	21	0	0	3.5	21	0	0	0	21	0	0	1.299		100.038	94.1172	0.148754	0	1.48697	0.20348	14.0144	1		0	12.0705	48.3036	0	0	0	
2024-06-17 16:12:19	1375	2734	1	0	0	3	13	0	0	0	13	0	0	0.25	13	0	0	0	13	0	0	2.381		100.046	97.9077	0.0776042	0	0.775685	0.196814	13.4029	1		0	12.0616	48.9533	0	0	0	
2024-06-17 16:08:49	1351	2735	5	0	0	1	5	0	0	0	5	0	0	1.25	5	0	0	0	5	0	0	0.216		100.05	99.5685	0.722464	0	7.22105	0.210119	11.3428	1		0.0088623	12.0705	49.9929	0	0	0	
2024-06-17 16:12:55	1379	2736	1	0	0	4	17	0	0	0	17	0	0	1.5	17	0	0	0	17	0	0	2.165		100.039	94.9778	0.0856396	0	0.856062	0.0187905	13.447	1		0	12.0705	48.6935	0	0	0	
2024-06-17 16:22:41	1445	2737	9	0	0	1.5	7	0	0	0	7	0	0	6.25	7	0	0	0	7	0	0	4.113		100.037	89.7767	0.0569084	0	0.568874	0.558375	16.9781	2		0.0088623	12.0705	48.0437	0	0	0	
2024-06-17 16:20:14	1428	2738	9	0	0	7.75	32	0	0	0	32	0	0	5.25	32	0	0	0	32	0	0	2.165		100.037	90.7757	0.0880058	0	0.879735	0.0745728	13.8189	1		0.0088623	12.0705	48.0437	0	0	0	
2024-06-17 16:20:31	1430	2739	1	0	0	7.75	32	0	0	0	32	0	0	4	32	0	0	0	32	0	0	3.247		100.035	90.5973	0.059312	0	0.592915	0.070931	13.9702	1		0.0088623	12.0705	48.0437	0	0	0	
2024-06-17 16:17:24	1409	2740	1	0	0	6	25	0	0	0	25	0	0	1.25	25	0	0	0	25	0	0	4.113		100.04	92.9705	0.0597208	0	0.596966	0.0233952	17.8165	1		0.0088623	12.0705	47.9138	0	0	0	
2024-06-17 16:13:03	1380	2741	1	0	0	4	17	0	0	0	17	0	0	3.5	17	0	0	0	17	0	0	0.433		100.039	94.9209	0.489107	0	4.88917	0.293639	15.3598	1		0.0088623	12.0705	48.6935	0	0	0	
2024-06-17 16:07:03	1339	2742	1	0	0	0	1	0	0	0	1	0	0	1	1	0	0	0	1	0	0	0.866		100.059	101.688	0.236005	0	2.35866	0.912352	14.8199	1		0.0088623	12.0705	51.2924	0	0	0	
2024-06-17 16:09:25	1355	2743	9	0	0	2	9	0	0	0	9	0	0	5.25	9	0	0	0	9	0	0	2.814		100.048	98.8762	0.0762792	0	0.762429	0.118511	15.5691	1		0.0088623	12.0705	49.863	0	0	0	
2024-06-17 16:09:52	1358	2744	9	0	0	2	9	0	0	0	9	0	0	4	9	0	0	0	9	0	0	1.732		100.045	98.5586	0.108204	0	1.08155	0.0398566	13.5912	1		0.0088623	12.0705	49.733	0	0	0	
2024-06-17 16:27:18	1477	2745	1	0	0	3.5	15	0	0	0	15	0	0	2.25	15	0	0	0	15	0	0	1.082		100.042	91.8371	0.175946	0	1.75873	0.113961	13.813	1		0.0088623	12.0705	48.1737	0	0	0	
2024-06-17 16:18:07	1414	2746	1	0	0	7	29	0	0	0	29	0	0	3	29	0	0	0	29	0	0	3.464		100.038	92.5761	0.0589462	0	0.589241	0.262147	14.8092	1		0	12.0705	48.1737	0	0	0	
2024-06-17 16:08:58	1352	2747	5	0	0	1	5	0	0	0	5	0	0	2.5	5	0	0	0	5	0	0	1.299		100.05	99.4908	0.142551	0	1.42481	0.133765	13.4285	1		0.0088623	12.0705	49.863	0	0	0	
2024-06-17 16:06:07	1333	2748	9	0	0	0	1	0	0	0	1	0	0	6.75	1	0	0	0	1	0	0	5.845		100.055	99.2676	0.0410253	0	0.410028	0.222806	17.3899	1		0.0088623	12.0705	52.072	0	0	0	
2024-06-17 16:23:54	1453	2749	1	0	0	2.75	12	0	0	0	12	0	0	3	12	0	0	0	12	0	0	0.216		100.041	92.6371	0.724017	0	7.2372	0.477526	11.3682	1		0.0088623	12.0705	48.0437	0	0	0	
2024-06-17 16:15:56	1400	2750	1	0	0	5	21	0	0	0	21	0	0	1	21	0	0	0	21	0	0	3.464		100.045	95.6688	0.061647	0	0.616193	0.0396314	15.4866	1		0.0088623	12.0616	48.3036	0	0	0	
2024-06-17 16:29:32	1493	2751	1	0	0	0.5	3	0	0	7.25	3	0	0	2.75	3	0	0	5	3	0	0	1.168		100.05	20.1552	0.0808894	0	0.808492	0.276248	11.4298	2		0.0088623	12.0705	48.1737	0	0	0	
2024-06-17 16:24:46	1459	2752	9	0	0	6.75	28	0	0	0	28	0	0	7	28	0	0	0	28	0	0	0.216		100.039	90.3251	0.775278	0	7.74975	0.399753	12.1733	1		0	12.0705	48.0437	0	0	0	
2024-06-17 16:10:26	1362	2753	5	0	0	2	9	0	0	0	9	0	0	0.75	9	0	0	0	9	0	0	1.082		100.045	96.8849	0.169104	0	1.69028	0.107631	13.2754	1		0.0088623	12.0705	49.4731	0	0	0	
2024-06-17 16:11:28	1369	2754	5	0	0	3	13	0	0	0	13	0	0	6	13	0	0	0	13	0	0	2.598		100.044	97.3415	0.0774518	0	0.774177	0.320668	14.5929	1		0.0088623	12.0616	49.0833	0	0	0	
2024-06-17 16:11:10	1367	2755	5	0	0	3	13	0	0	0	13	0	0	4.75	13	0	0	0	13	0	0	1.515		100.042	97.345	0.126701	0	1.26649	0.161106	13.9257	1		0.0088623	12.0616	48.9533	0	0	0	
2024-06-17 16:07:57	1345	2756	5	0	0	1	5	0	0	0	5	0	0	7.75	5	0	0	0	5	0	0	5.845		100.053	99.797	0.039129	0	0.391081	0.0933722	16.5863	1		0.0088623	12.0705	50.5127	0	0	0	
2024-06-17 16:07:30	1342	2757	9	0	0	1	5	0	0	0	5	0	0	6.5	5	0	0	0	5	0	0	4.762		100.059	100.739	0.0514858	0	0.514554	0.309473	17.7817	1		0.0088623	12.0705	50.9025	0	0	0	
2024-06-17 16:16:35	1404	2758	5	0	0	6	25	0	0	0	25	0	0	5.5	25	0	0	0	25	0	0	0.433		100.038	90.8468	0.49027	0	4.90083	0.086586	15.3964	2		0.0088623	12.0705	48.0437	0	0	0	
2024-06-17 16:17:14	1408	2759	5	0	0	6	25	0	0	0	25	0	0	4.25	25	0	0	0	25	0	0	1.515		100.036	90.1671	0.133782	0	1.33734	0.0615475	14.7048	2		0.0088623	12.0705	47.9138	0	0	0	
2024-06-17 16:15:31	1397	2760	1	0	0	5	21	0	0	0	21	0	0	2.75	21	0	0	0	21	0	0	1.948		100.042	94.2573	0.0963302	0	0.962897	0.0862774	13.6126	1		0.0088623	12.0705	48.1737	0	0	0	
2024-06-17 16:07:57	1345	2761	1	0	0	1	5	0	0	0	5	0	0	0.5	5	0	0	0	5	0	0	0.433		100.053	99.797	0.457395	0	4.57151	0.279354	14.3618	1		0.0088623	12.0705	50.5127	0	0	0	
2024-06-17 16:13:13	1381	2762	1	0	0	4	17	0	0	0	17	0	0	0.75	17	0	0	0	17	0	0	2.814		100.038	94.1164	0.0687099	0	0.686841	0.12899	14.0255	1		0.0088623	12.0616	48.4336	0	0	0	
2024-06-17 16:21:15	1435	2763	5	0	0	7.75	32	0	0	0	32	0	0	3.25	32	0	0	0	32	0	0	3.897		100.041	93.5939	0.0500215	0	0.50001	0.0906586	14.1375	1		0.0088623	12.0616	48.0437	0	0	0	
2024-06-17 16:28:49	1488	2764	1	0	0	2.75	12	0	0	5	12	0	0	0.5	12	0	0	7.25	12	0	0	1.168		100.054	19.8461	0.0793462	0	0.793032	0.115414	11.2112	1		0.0088623	11.973	48.1737	0	0	0	
2024-06-17 16:22:53	1446	2765	9	0	0	1.25	6	0	0	0	6	0	0	6.5	6	0	0	0	6	0	0	4.546		100.038	89.3149	0.0513174	0	0.512982	0.31319	16.9216	1		0.0088623	12.0705	47.9138	0	0	0	
2024-06-17 16:17:41	1411	2766	5	0	0	6	25	0	0	0	25	0	0	0.5	25	0	0	0	25	0	0	4.762		100.041	93.9798	0.0556862	0	0.556633	0.120561	19.2359	1		0.0088623	12.0705	48.1737	0	0	0	
2024-06-17 16:13:55	1386	2767	5	0	0	4	17	0	0	0	17	0	0	2.75	17	0	0	0	17	0	0	1.082		100.042	96.336	0.17921	0	1.79135	0.107386	14.0692	1		0.0088623	12.0705	48.5635	0	0	0	
2024-06-17 16:06:34	1336	2768	1	0	0	0	1	0	0	0	1	0	0	0.25	1	0	0	0	1	0	0	0.216		100.059	100.173	0.723475	0	7.23046	0.0219565	11.3576	1		0.0088623	12.0705	51.5523	0	0	0	
2024-06-17 16:09:07	1353	2769	1	0	0	2	9	0	0	0	9	0	0	3.25	9	0	0	0	9	0	0	1.082		100.051	98.8026	0.177391	0	1.77301	0.191101	13.9252	1		0.0088623	12.0705	49.9929	0	0	0	
2024-06-17 16:19:12	1421	2770	5	0	0	7	29	0	0	0	29	0	0	1.75	29	0	0	0	29	0	0	4.546		100.04	89.6831	0.0505392	0	0.505191	0.273985	16.6646	1		0.0088623	12.0616	47.9138	0	0	0	
2024-06-17 16:05:40	1331	2771	1	0	0	0	1	0	0	0	1	0	0	6	1	0	0	0	1	0	0	5.195		100.057	95.5167	0.0487491	0	0.487212	0.10998	18.3674	2		0.0088623	12.0705	52.5918	0	0	0	
2024-06-17 16:06:16	1334	2772	9	0	0	0	1	0	0	0	1	0	0	4.75	1	0	0	0	1	0	0	4.113		100.056	100.18	0.0526589	0	0.526293	0.124278	15.7073	1		0.0088623	12.0705	51.6822	0	0	0	
2024-06-17 16:26:25	1471	2773	1	0	0	7.25	30	0	0	0	30	0	0	0.5	30	0	0	0	30	0	0	5.845		100.041	90.9501	0.0491441	0	0.491241	0.205833	20.8343	2		0	12.0705	48.0437	0	0	0	
2024-06-17 16:15:05	1394	2774	1	0	0	5	21	0	0	0	21	0	0	0.25	21	0	0	0	21	0	0	4.113		100.043	93.8222	0.0515924	0	0.515704	0.0269854	15.3912	1		0.0088623	12.0705	48.3036	0	0	0	
2024-06-17 16:14:39	1391	2775	9	0	0	5	21	0	0	0	21	0	0	6.75	21	0	0	0	21	0	0	1.515		100.039	94.318	0.135066	0	1.35013	0.107394	14.8455	1		0.0088623	12.0705	48.3036	0	0	0	
2024-06-17 16:11:28	1369	2776	1	0	0	3	13	0	0	0	13	0	0	2.25	13	0	0	0	13	0	0	0.649		100.044	97.3415	0.304113	0	3.03979	0.358575	14.3247	1		0.0088623	12.0616	49.0833	0	0	0	
2024-06-17 16:10:08	1360	2777	1	0	0	2	9	0	0	0	9	0	0	0	9	0	0	0	9	0	0	1.732		100.053	99.036	0.123855	0	1.23789	0.224565	15.5557	1		0.0088623	12.0705	49.4731	0	0	0	
2024-06-17 16:24:55	1460	2778	9	0	0	6.5	27	0	0	0	27	0	0	7.25	27	0	0	0	27	0	0	0.649		100.037	90.0911	0.330702	0	3.30578	0.306069	15.5781	1		0.0088623	12.0616	47.7838	0	0	0	
2024-06-17 16:20:05	1427	2779	5	0	0	7.75	32	0	0	0	32	0	0	7.25	32	0	0	0	32	0	0	0.433		100.039	91.2331	0.470366	0	4.70183	0.660368	14.7712	1		0.0088623	12.0705	48.0437	0	0	0	
2024-06-17 16:26:37	1472	2780	1	0	0	7.5	31	0	0	0	31	0	0	0.25	31	0	0	0	31	0	0	6.278		100.038	89.9387	0.0364681	0	0.364544	0.176669	16.6061	1		0	12.0705	48.0437	0	0	0	
2024-06-17 16:23:30	1450	2781	1	0	0	0.75	4	0	0	0	4	0	0	1	4	0	0	0	4	0	0	0.216		100.038	88.8389	0.724621	0	7.24346	0.248926	11.378	1		0.0088623	12.0705	48.0437	0	0	0	
2024-06-17 16:25:45	1466	2782	1	0	0	5.5	23	0	0	0	23	0	0	2.25	23	0	0	0	23	0	0	2.814		100.042	92.1895	0.0814187	0	0.813843	0.65802	16.619	1		0	12.0616	48.1737	0	0	0	
2024-06-17 16:12:55	1379	2783	5	0	0	4	17	0	0	0	17	0	0	6.75	17	0	0	0	17	0	0	2.381		100.039	94.9778	0.0840149	0	0.839821	0.0495798	14.5111	1		0	12.0705	48.6935	0	0	0	
2024-06-17 16:11:01	1366	2784	9	0	0	3	13	0	0	0	13	0	0	5.25	13	0	0	0	13	0	0	1.948		100.044	97.739	0.098973	0	0.989295	0.10827	13.9858	1		0	12.0616	49.0833	0	0	0	
2024-06-17 16:10:52	1365	2785	9	0	0	3	13	0	0	0	13	0	0	4	13	0	0	0	13	0	0	0.866		100.047	98.1727	0.236325	0	2.36213	0.343197	14.8417	1		0.0088623	12.0705	49.3432	0	0	0	
2024-06-17 16:10:08	1360	2786	9	0	0	2	9	0	0	0	9	0	0	7.25	9	0	0	0	9	0	0	4.546		100.053	99.036	0.0535317	0	0.53503	0.777624	17.6489	1		0.0088623	12.0705	49.4731	0	0	0	
2024-06-17 16:18:07	1414	2787	5	0	0	7	29	0	0	0	29	0	0	7.5	29	0	0	0	29	0	0	0.433		100.038	92.5761	0.459702	0	4.59529	0.583136	14.4365	1		0	12.0705	48.1737	0	0	0	
2024-06-17 16:19:03	1420	2788	5	0	0	7	29	0	0	0	29	0	0	6.25	29	0	0	0	29	0	0	0.649		100.042	89.5748	0.335522	0	3.35382	0.343415	15.8045	1		0.0088623	12.0705	47.9138	0	0	0	
2024-06-17 16:08:23	1348	2789	9	0	0	1	5	0	0	0	5	0	0	5.75	5	0	0	0	5	0	0	4.113		100.053	100.087	0.0529246	0	0.528967	0.153871	15.7871	1		0.0088623	12.0705	50.3827	0	0	0	
2024-06-17 16:07:39	1343	2790	5	0	0	1	5	0	0	0	5	0	0	4.5	5	0	0	0	5	0	0	3.031		100.056	100.522	0.0693956	0	0.69357	0.0327041	15.2524	1		0.0088623	12.0705	50.7726	0	0	0	
2024-06-17 16:16:47	1405	2791	1	0	0	6	25	0	0	0	25	0	0	3.5	25	0	0	0	25	0	0	2.165		100.042	90.8107	0.0890743	0	0.89037	0.113512	13.9859	1		0	12.0616	48.0437	0	0	0	
2024-06-17 16:13:30	1383	2792	1	0	0	4	17	0	0	0	17	0	0	0	17	0	0	0	17	0	0	3.464		100.039	94.6672	0.0602728	0	0.602491	0.131189	15.1422	1		0.0088623	12.0705	48.6935	0	0	0	
2024-06-17 16:21:24	1436	2793	5	0	0	7.75	32	0	0	0	32	0	0	2.5	32	0	0	0	32	0	0	4.546		100.036	92.0243	0.045458	0	0.454417	0.311648	14.9897	1		0.0088623	12.0616	48.0437	0	0	0	
2024-06-17 16:09:25	1355	2794	1	0	0	2	9	0	0	0	9	0	0	2.5	9	0	0	0	9	0	0	0.433		100.048	98.8762	0.438837	0	4.38628	0.328687	13.7799	1		0.0088623	12.0705	49.863	0	0	0	
2024-06-17 16:18:16	1415	2795	1	0	0	7	29	0	0	0	29	0	0	1	29	0	0	0	29	0	0	5.195		100.039	91.9637	0.0459053	0	0.458872	0.338333	17.2991	1		0	12.0705	48.0437	0	0	0	
2024-06-17 16:06:34	1336	2796	9	0	0	0	1	0	0	0	1	0	0	5.25	1	0	0	0	1	0	0	4.546		100.059	100.173	0.050721	0	0.506909	0.0350767	16.7213	1		0.0088623	12.0705	51.5523	0	0	0	
2024-06-17 16:05:31	1330	2797	5	0	0	0	1	0	0	0	1	0	0	4	1	0	0	0	1	0	0	3.464		100.055	91.3837	0.060258	0	0.60225	0.421542	15.1362	1		0.0088623	12.0705	52.5918	0	0	0	
2024-06-17 16:20:05	1427	2798	1	0	0	7.75	32	0	0	0	32	0	0	1.75	32	0	0	0	32	0	0	5.195		100.039	91.2331	0.0414319	0	0.414158	0.151155	15.6134	1		0.0088623	12.0705	48.0437	0	0	0	
2024-06-17 16:15:15	1395	2799	9	0	0	5	21	0	0	0	21	0	0	6	21	0	0	0	21	0	0	0.866		100.039	94.0808	0.245163	0	2.45068	0.262062	15.3981	1		0.0088623	12.0705	48.1737	0	0	0	
2024-06-17 16:14:31	1390	2800	9	0	0	5	21	0	0	0	21	0	0	4.75	21	0	0	0	21	0	0	0.216		100.041	94.5755	0.750903	0	7.50596	0.479352	11.7903	1		0.0088623	12.0705	48.3036	0	0	0	
2024-06-17 16:11:45	1371	2801	1	0	0	3	13	0	0	0	13	0	0	1.5	13	0	0	0	13	0	0	1.299		100.044	97.1762	0.141167	0	1.41105	0.101569	13.2988	1		0.0088623	12.0705	48.9533	0	0	0	
2024-06-17 16:19:46	1425	2802	5	0	0	7.75	32	0	0	0	32	0	0	6.5	32	0	0	0	32	0	0	1.082		100.036	91.2325	0.191168	0	1.91098	0.384456	15.0088	1		0	12.0705	48.0437	0	0	0	
2024-06-17 16:22:24	1443	2803	9	0	0	2.25	10	0	0	0	10	0	0	5.5	10	0	0	0	10	0	0	2.814		100.035	90.5997	0.0778949	0	0.778677	0.048865	15.9009	1		0.0088623	12.0705	47.9138	0	0	0	
2024-06-17 16:28:41	1487	2804	1	0	0	3	13	0	0	4.75	13	0	0	1.25	13	0	0	6.5	13	0	0	0.908		100.051	20.0433	0.104564	0	1.0451	0.359575	11.4915	1		0.0088623	12.0616	48.1737	0	0	0	
2024-06-17 16:12:46	1378	2805	9	0	0	4	17	0	0	0	17	0	0	6	17	0	0	0	17	0	0	1.732		100.041	95.4365	0.114374	0	1.14327	0.0113527	14.3668	1		0.0088623	12.0705	48.6935	0	0	0	
2024-06-17 16:13:13	1381	2806	9	0	0	4	17	0	0	0	17	0	0	4.75	17	0	0	0	17	0	0	0.649		100.038	94.1164	0.338997	0	3.38869	0.251704	15.9688	1		0.0088623	12.0616	48.4336	0	0	0	
2024-06-17 16:07:12	1340	2807	5	0	0	0	1	0	0	0	1	0	0	2.25	1	0	0	0	1	0	0	1.948		100.057	100.501	0.105047	0	1.04987	0.489809	14.8422	1		0.0088623	12.0705	51.0325	0	0	0	
2024-06-17 16:28:33	1486	2808	1	0	0	3.25	14	0	0	4.5	14	0	0	2	14	0	0	5.75	14	0	0	0.649		100.051	19.874	0.175803	0	1.75714	0.741584	13.8005	1		0.0088623	12.0705	48.1737	0	0	0	
2024-06-17 16:11:55	1372	2809	1	0	0	3	13	0	0	0	13	0	0	3.25	13	0	0	0	13	0	0	0.216		100.047	96.9319	0.740677	0	7.40327	0.342958	11.629	1		0.0088623	12.0705	48.9533	0	0	0	
2024-06-17 16:10:01	1359	2810	5	0	0	2	9	0	0	0	9	0	0	7.75	9	0	0	0	9	0	0	4.979		100.051	97.8285	0.0431205	0	0.430987	0.163369	15.5708	1		0.0088623	12.0705	49.4731	0	0	0	
2024-06-17 16:09:34	1356	2811	5	0	0	2	9	0	0	0	9	0	0	6.5	9	0	0	0	9	0	0	3.897		100.05	98.433	0.0552493	0	0.552218	0.0952667	15.6136	1		0	12.0705	49.733	0	0	0	
2024-06-17 16:18:37	1417	2812	5	0	0	7	29	0	0	0	29	0	0	5.5	29	0	0	0	29	0	0	1.299		100.034	90.0707	0.157342	0	1.57289	0.24005	14.8241	1		0.0088623	12.0705	48.0437	0	0	0	
2024-06-17 16:18:37	1417	2813	9	0	0	7	29	0	0	0	29	0	0	4.25	29	0	0	0	29	0	0	2.381		100.034	90.0707	0.0832704	0	0.832423	0.162012	14.3832	1		0.0088623	12.0705	48.0437	0	0	0	
2024-06-17 16:08:06	1346	2814	9	0	0	1	5	0	0	0	5	0	0	5	5	0	0	0	5	0	0	3.464		100.055	99.3887	0.0622912	0	0.62257	0.0369156	15.6469	1		0.0088623	12.0705	50.5127	0	0	0	
2024-06-17 16:08:06	1346	2815	1	0	0	1	5	0	0	0	5	0	0	3.75	5	0	0	0	5	0	0	2.381		100.055	99.3887	0.0807543	0	0.807099	0.102866	13.9457	1		0.0088623	12.0705	50.5127	0	0	0	
2024-06-17 16:17:24	1409	2816	5	0	0	6	25	0	0	0	25	0	0	2.75	25	0	0	0	25	0	0	2.814		100.04	92.9705	0.0720901	0	0.72061	0.0474339	14.7151	1		0.0088623	12.0705	47.9138	0	0	0	
2024-06-17 16:15:31	1397	2817	5	0	0	5	21	0	0	0	21	0	0	2.25	21	0	0	0	21	0	0	2.381		100.042	94.2573	0.0800222	0	0.799885	0.0584685	13.821	1		0.0088623	12.0705	48.1737	0	0	0	
2024-06-17 16:18:37	1417	2818	1	0	0	7	29	0	0	0	29	0	0	0.25	29	0	0	0	29	0	0	5.845		100.034	90.0707	0.0404416	0	0.404279	0.0187398	17.1461	1		0.0088623	12.0705	48.0437	0	0	0	
2024-06-17 16:06:55	1338	2819	5	0	0	0	1	0	0	0	1	0	0	3.25	1	0	0	0	1	0	0	2.814		100.06	99.1364	0.0696883	0	0.696468	0.216582	14.2221	1		0.0088623	12.0705	51.1624	0	0	0	
2024-06-17 16:11:55	1372	2820	5	0	0	3	13	0	0	0	13	0	0	7.25	13	0	0	0	13	0	0	3.68		100.047	96.9319	0.0650158	0	0.649851	0.00305353	17.3533	1		0.0088623	12.0705	48.9533	0	0	0	
2024-06-17 16:16:35	1404	2821	9	0	0	6	25	0	0	0	25	0	0	6.75	25	0	0	0	25	0	0	0.649		100.038	90.8468	0.346718	0	3.46587	0.0676186	16.3325	2		0.0088623	12.0705	48.0437	0	0	0	
2024-06-17 16:21:41	1438	2822	9	0	0	3.75	16	0	0	0	16	0	0	4	16	0	0	0	16	0	0	0.216		100.038	92.0493	0.811157	0	8.10852	0.317066	12.7368	1		0.0088623	12.0705	47.9138	0	0	0	
2024-06-17 16:20:22	1429	2823	1	0	0	7.75	32	0	0	0	32	0	0	1	32	0	0	0	32	0	0	5.845		100.036	90.3502	0.0378444	0	0.378309	0.0367085	16.0446	1		0.0088623	12.0705	47.9138	0	0	0	
2024-06-17 16:15:05	1394	2824	9	0	0	5	21	0	0	0	21	0	0	5.25	21	0	0	0	21	0	0	0.216		100.043	93.8222	0.76589	0	7.65563	0.375565	12.0254	1		0.0088623	12.0705	48.3036	0	0	0	
2024-06-17 16:14:57	1393	2825	9	0	0	5	21	0	0	0	21	0	0	4	21	0	0	0	21	0	0	0.866		100.038	94.1172	0.242883	0	2.4279	0.172887	15.255	1		0	12.0705	48.3036	0	0	0	
2024-06-17 16:12:03	1373	2826	1	0	0	3	13	0	0	0	13	0	0	0.75	13	0	0	0	13	0	0	1.948		100.046	98.3934	0.0933421	0	0.93299	0.0896272	13.1898	1		0.0088623	12.0705	49.0833	0	0	0	
2024-06-17 16:07:39	1343	2827	1	0	0	1	5	0	0	0	5	0	0	1.75	5	0	0	0	5	0	0	0.649		100.056	100.522	0.302509	0	3.02341	0.158525	14.2475	1		0.0088623	12.0705	50.7726	0	0	0	
2024-06-17 16:14:11	1388	2828	5	0	0	4	17	0	0	0	17	0	0	2	17	0	0	0	17	0	0	1.732		100.043	95.6457	0.107488	0	1.07442	0.0534109	13.5016	1		0.0088623	12.0616	48.3036	0	0	0	
2024-06-17 16:19:56	1426	2829	9	0	0	7.75	32	0	0	0	32	0	0	5.75	32	0	0	0	32	0	0	1.732		100.034	91.4809	0.113036	0	1.12997	0.130538	14.1996	1		0.0088623	12.0616	47.9138	0	0	0	
2024-06-17 16:20:22	1429	2830	5	0	0	7.75	32	0	0	0	32	0	0	4.5	32	0	0	0	32	0	0	2.814		100.036	90.3502	0.0680139	0	0.679895	0.0449223	13.8837	1		0.0088623	12.0705	47.9138	0	0	0	
2024-06-17 16:24:11	1455	2831	1	0	0	2.25	10	0	0	0	10	0	0	3.5	10	0	0	0	10	0	0	1.082		100.037	91.835	0.176501	0	1.76437	0.170705	13.8573	1		0	12.0616	48.0437	0	0	0	
2024-06-17 16:23:21	1449	2832	9	0	0	0.25	2	0	0	0	2	0	0	7.5	2	0	0	0	2	0	0	6.278		100.035	88.6286	0.0376252	0	0.376119	0.306473	17.1334	1		0.0088623	12.0616	47.9138	0	0	0	
2024-06-17 16:16:14	1402	2833	1	0	0	6	25	0	0	0	25	0	0	1.75	25	0	0	0	25	0	0	3.68		100.041	91.4762	0.0644713	0	0.644447	0.222207	17.209	2		0.0088623	12.0705	48.1737	0	0	0	
2024-06-17 16:13:30	1383	2834	9	0	0	4	17	0	0	0	17	0	0	5.25	17	0	0	0	17	0	0	1.082		100.039	94.6672	0.191803	0	1.91728	0.208562	15.0583	1		0.0088623	12.0705	48.6935	0	0	0	
2024-06-17 16:05:31	1330	2835	1	0	0	0	1	0	0	0	1	0	0	1.5	1	0	0	0	1	0	0	1.299		100.055	91.3837	0.146826	0	1.46745	0.355233	13.8304	1		0.0088623	12.0705	52.5918	0	0	0	
2024-06-17 16:12:12	1374	2836	1	0	0	3	13	0	0	0	13	0	0	2.5	13	0	0	0	13	0	0	0.433		100.043	97.0609	0.440482	0	4.40294	0.326703	13.8323	1		0.0088623	12.0705	48.8234	0	0	0	
2024-06-17 16:09:16	1354	2837	5	0	0	2	9	0	0	0	9	0	0	5.75	9	0	0	0	9	0	0	3.247		100.049	98.9346	0.0649965	0	0.649649	0.182135	15.307	1		0.0088623	12.0705	49.9929	0	0	0	
2024-06-17 16:09:25	1355	2838	5	0	0	2	9	0	0	0	9	0	0	4.5	9	0	0	0	9	0	0	2.165		100.048	98.8762	0.0886965	0	0.886542	0.0109146	13.9258	1		0.0088623	12.0705	49.863	0	0	0	
2024-06-17 16:18:46	1418	2839	1	0	0	7	29	0	0	0	29	0	0	3.5	29	0	0	0	29	0	0	3.031		100.038	90.354	0.0654815	0	0.654568	0.0322308	14.3947	1		0.0088623	12.0705	47.9138	0	0	0	
2024-06-17 16:08:40	1350	2840	1	0	0	1	5	0	0	0	5	0	0	3	5	0	0	0	5	0	0	1.732		100.058	100.405	0.105652	0	1.05592	0.0239904	13.269	1		0.0088623	12.0705	50.2528	0	0	0	
2024-06-17 16:05:40	1331	2841	5	0	0	0	1	0	0	0	1	0	0	7.25	1	0	0	0	1	0	0	6.278		100.057	95.5167	0.0407157	0	0.406923	0.0644845	18.5366	2		0.0088623	12.0705	52.5918	0	0	0	
2024-06-17 16:15:40	1398	2842	1	0	0	5	21	0	0	0	21	0	0	1.5	21	0	0	0	21	0	0	3.031		100.046	95.5493	0.066797	0	0.667662	0.500731	14.6827	1		0.0088623	12.0705	48.4336	0	0	0	
2024-06-17 16:10:35	1363	2843	5	0	0	2	9	0	0	0	9	0	0	1.25	9	0	0	0	9	0	0	0.649		100.047	97.2729	0.293011	0	2.92872	0.144057	13.8013	1		0.0088623	12.0705	49.4731	0	0	0	
2024-06-17 16:26:53	1474	2844	1	0	0	1.5	7	0	0	0	7	0	0	0.25	7	0	0	0	7	0	0	1.082		100.043	91.6823	0.173437	0	1.73362	0.149423	13.6158	1		0.0088623	12.0705	47.9138	0	0	0	
2024-06-17 16:06:25	1335	2845	1	0	0	0	1	0	0	0	1	0	0	2.5	1	0	0	0	1	0	0	2.165		100.056	100.631	0.0892553	0	0.892053	0.24566	14.0123	1		0.0088623	12.0705	51.6822	0	0	0	
2024-06-17 16:26:01	1468	2846	1	0	0	6.25	26	0	0	0	26	0	0	1.5	26	0	0	0	26	0	0	4.113		100.041	92.6478	0.0548722	0	0.548495	0.500028	16.3699	1		0.0088623	12.0705	48.1737	0	0	0	
2024-06-17 16:27:59	1482	2847	9	0	0	7.25	30	0	0	0	30	0	0	6.5	30	0	0	0	30	0	0	0.649		100.037	91.879	0.323838	0	3.23717	0.240947	15.2548	1		0.0088623	12.0705	48.1737	0	0	0	
2024-06-17 16:11:01	1366	2848	5	0	0	3	13	0	0	0	13	0	0	7.75	13	0	0	0	13	0	0	4.113		100.044	97.739	0.0498246	0	0.498027	0.374801	14.8637	1		0	12.0616	49.0833	0	0	0	
2024-06-17 16:11:36	1370	2849	5	0	0	3	13	0	0	0	13	0	0	6.5	13	0	0	0	13	0	0	3.031		100.051	98.7461	0.0681225	0	0.680876	0.209058	14.9732	1		0.0088623	12.0705	48.9533	0	0	0	
2024-06-17 16:07:39	1343	2850	9	0	0	1	5	0	0	0	5	0	0	7	5	0	0	0	5	0	0	5.195		100.056	100.522	0.0454991	0	0.454738	0.153505	17.1432	1		0.0088623	12.0705	50.7726	0	0	0	
2024-06-17 16:16:55	1406	2851	5	0	0	6	25	0	0	0	25	0	0	4.75	25	0	0	0	25	0	0	1.082		100.045	93.3625	0.192328	0	1.92241	0.175177	15.0985	1		0.0088623	12.0616	48.1737	0	0	0	
2024-06-17 16:21:15	1435	2852	1	0	0	7.75	32	0	0	0	32	0	0	0.25	32	0	0	0	32	0	0	6.494		100.041	93.5939	0.0341324	0	0.341184	0.222074	16.0779	1		0.0088623	12.0616	48.0437	0	0	0	
2024-06-17 16:15:48	1399	2853	1	0	0	5	21	0	0	0	21	0	0	3.25	21	0	0	0	21	0	0	1.515		100.044	95.7736	0.124577	0	1.24522	0.00709333	13.6919	1		0.0088623	12.0705	48.3036	0	0	0	
2024-06-17 16:11:10	1367	2854	1	0	0	3	13	0	0	0	13	0	0	0	13	0	0	0	13	0	0	2.598		100.042	97.345	0.0757895	0	0.757579	0.274077	14.28	1		0.0088623	12.0616	48.9533	0	0	0	
2024-06-17 16:21:49	1439	2855	9	0	0	3.5	15	0	0	0	15	0	0	4.25	15	0	0	0	15	0	0	0.649		100.039	90.5311	0.326429	0	3.263	0.245718	15.3765	1		0.0088623	12.0705	48.0437	0	0	0	
2024-06-17 16:14:04	1387	2856	5	0	0	4	17	0	0	0	17	0	0	1.25	17	0	0	0	17	0	0	2.381		100.039	95.1899	0.0800388	0	0.800077	0.035435	13.8243	1		0.0088623	12.0616	48.4336	0	0	0	
2024-06-17 16:20:41	1431	2857	5	0	0	7.75	32	0	0	0	32	0	0	5	32	0	0	0	32	0	0	2.381		100.038	90.7381	0.0798658	0	0.798357	0.200117	13.7946	1		0	12.0705	48.0437	0	0	0	
2024-06-17 16:21:07	1434	2858	5	0	0	7.75	32	0	0	0	32	0	0	3.75	32	0	0	0	32	0	0	3.464		100.042	92.852	0.0560636	0	0.560402	0.080246	14.0844	1		0.0088623	12.0705	48.0437	0	0	0	
2024-06-17 16:29:24	1492	2859	1	0	0	1.25	6	0	0	6.5	6	0	0	3	6	0	0	4.75	6	0	0	0.908		100.054	19.9592	0.10684	0	1.06782	0.609031	11.7413	1		0	12.0705	48.1737	0	0	0	
2024-06-17 16:16:06	1401	2860	1	0	0	6	25	0	0	0	25	0	0	1	25	0	0	0	25	0	0	4.33		100.04	94.1403	0.0565732	0	0.565506	0.190491	17.7659	1		0.0088623	12.0705	48.1737	0	0	0	
2024-06-17 16:13:21	1382	2861	1	0	0	4	17	0	0	0	17	0	0	3.25	17	0	0	0	17	0	0	0.649		100.041	94.5005	0.326512	0	3.26378	0.23352	15.3802	1		0	12.0616	48.6935	0	0	0	
2024-06-17 16:05:51	1332	2862	1	0	0	0	1	0	0	0	1	0	0	0.75	1	0	0	0	1	0	0	0.649		100.055	94.0127	0.718644	0	7.1825	5.87957	33.8467	4		0.0088623	12.0616	52.072	0	0	0	
2024-06-17 16:28:58	1489	2863	1	0	0	3.5	15	0	0	4.25	15	0	0	3.75	15	0	0	4	15	0	0	0.13		100.049	19.0846	0.564018	0	5.63742	0.0845186	8.85523	1		0.0088623	12.0705	48.1737	0	0	0	
2024-06-17 16:09:07	1353	2864	5	0	0	2	9	0	0	0	9	0	0	5	9	0	0	0	9	0	0	2.598		100.051	98.8026	0.0765778	0	0.765386	0.0983024	14.4272	1		0.0088623	12.0705	49.9929	0	0	0	
2024-06-17 16:10:01	1359	2865	1	0	0	2	9	0	0	0	9	0	0	3.75	9	0	0	0	9	0	0	1.515		100.051	97.8285	0.128036	0	1.27972	0.11514	14.0712	1		0.0088623	12.0705	49.4731	0	0	0	
2024-06-17 16:19:03	1420	2866	1	0	0	7	29	0	0	0	29	0	0	2.75	29	0	0	0	29	0	0	3.68		100.042	89.5748	0.0561593	0	0.561358	0.0875599	14.9902	1		0.0088623	12.0705	47.9138	0	0	0	
2024-06-17 16:19:37	1424	2867	1	0	0	7	29	0	0	0	29	0	0	2.25	29	0	0	0	29	0	0	4.113		100.039	91.9916	0.0516768	0	0.516566	0.16489	15.417	1		0	12.0616	47.7838	0	0	0	
2024-06-17 16:06:25	1335	2868	5	0	0	0	1	0	0	0	1	0	0	7.75	1	0	0	0	1	0	0	6.711		100.056	100.631	0.0354395	0	0.354196	0.558942	17.2475	1		0.0088623	12.0705	51.6822	0	0	0	
2024-06-17 16:05:18	1329	2869	9	0	0	0	1	0	0	0	1	0	0	6.5	1	0	0	0	1	0	0	5.628		100.054	87.187	0.042104	0	0.420814	0.188025	17.1864	1		0.0088623	12.0793	52.5918	0	0	0	
2024-06-17 16:14:21	1389	2870	1	0	0	5	21	0	0	0	21	0	0	0.75	21	0	0	0	21	0	0	3.68		100.037	95.0179	0.0582925	0	0.58271	0.445453	15.5604	1		0	12.0616	48.4336	0	0	0	
2024-06-17 16:15:22	1396	2871	5	0	0	5	21	0	0	0	21	0	0	7.25	21	0	0	0	21	0	0	1.948		100.043	95.2039	0.110689	0	1.10641	0.0693843	15.6416	1		0	12.0705	48.1737	0	0	0	
2024-06-17 16:27:51	1481	2872	9	0	0	5.75	24	0	0	0	24	0	0	4	24	0	0	0	24	0	0	1.515		100.048	91.6426	0.129327	0	1.29266	0.0312592	14.2135	1		0.0088623	12.0705	48.1737	0	0	0	
2024-06-17 16:24:28	1457	2873	9	0	0	4.5	19	0	0	0	19	0	0	5.25	19	0	0	0	19	0	0	0.649		100.039	90.8185	0.326081	0	3.25953	0.182534	15.3602	1		0.0088623	12.0616	48.0437	0	0	0	
2024-06-17 16:29:06	1490	2874	1	0	0	2.75	12	0	0	5	12	0	0	3.5	12	0	0	4.25	12	0	0	0.389		100.052	19.8411	0.311698	0	3.11535	0.40862	14.6807	2		0	12.0705	48.1737	0	0	0	
2024-06-17 16:10:26	1362	2875	1	0	0	2	9	0	0	0	9	0	0	0.5	9	0	0	0	9	0	0	1.299		100.045	96.8849	0.14128	0	1.41217	0.10783	13.3094	1		0.0088623	12.0705	49.4731	0	0	0	
2024-06-17 16:23:10	1448	2876	9	0	0	0.5	3	0	0	0	3	0	0	7.25	3	0	0	0	3	0	0	5.845		100.038	88.3279	0.0578074	0	0.577857	0.45565	24.5078	2		0	12.0705	47.9138	0	0	0	
2024-06-17 16:13:21	1382	2877	5	0	0	4	17	0	0	0	17	0	0	7.25	17	0	0	0	17	0	0	2.814		100.041	94.5005	0.0762036	0	0.761724	0.161385	15.5547	1		0	12.0616	48.6935	0	0	0	
2024-06-17 16:11:20	1368	2878	5	0	0	3	13	0	0	0	13	0	0	5.75	13	0	0	0	13	0	0	2.381		100.045	97.728	0.0808697	0	0.808337	0.234772	13.9671	1		0.0088623	12.0705	49.2132	0	0	0	
2024-06-17 16:11:10	1367	2879	9	0	0	3	13	0	0	0	13	0	0	4.5	13	0	0	0	13	0	0	1.299		100.042	97.345	0.14883	0	1.48768	0.203007	14.0211	1		0.0088623	12.0616	48.9533	0	0	0	
2024-06-17 16:18:26	1416	2880	9	0	0	7	29	0	0	0	29	0	0	6.75	29	0	0	0	29	0	0	0.216		100.037	90.733	0.773117	0	7.72829	0.179666	12.1396	2		0.0088623	12.0705	47.9138	0	0	0	
2024-06-17 16:08:14	1347	2881	9	0	0	1	5	0	0	0	5	0	0	7.5	5	0	0	0	5	0	0	5.628		100.058	100.435	0.0417989	0	0.417745	0.556088	17.061	1		0.0088623	12.0705	50.2528	0	0	0	
2024-06-17 16:07:57	1345	2882	9	0	0	1	5	0	0	0	5	0	0	6.25	5	0	0	0	5	0	0	4.546		100.053	99.797	0.0528821	0	0.528538	0.123219	17.4347	1		0.0088623	12.0705	50.5127	0	0	0	
2024-06-17 16:16:47	1405	2883	5	0	0	6	25	0	0	0	25	0	0	5.25	25	0	0	0	25	0	0	0.649		100.042	90.8107	0.33165	0	3.31511	0.344334	15.6221	1		0	12.0616	48.0437	0	0	0	
2024-06-17 16:16:27	1403	2884	9	0	0	6	25	0	0	0	25	0	0	4	25	0	0	0	25	0	0	1.732		100.039	91.9499	0.113428	0	1.13383	0.102281	14.2482	1		0.0088623	12.0705	48.1737	0	0	0	
2024-06-17 16:15:22	1396	2885	1	0	0	5	21	0	0	0	21	0	0	2.5	21	0	0	0	21	0	0	2.165		100.043	95.2039	0.0915709	0	0.915313	0.916283	14.3777	1		0	12.0705	48.1737	0	0	0	
2024-06-17 16:08:32	1349	2886	1	0	0	1	5	0	0	0	5	0	0	0.25	5	0	0	0	5	0	0	0.649		100.054	99.0571	0.309444	0	3.09277	0.136722	14.5744	1		0.0088623	12.0705	50.1229	0	0	0	
2024-06-17 16:13:47	1385	2887	5	0	0	4	17	0	0	0	17	0	0	0.5	17	0	0	0	17	0	0	3.031		100.043	96.0135	0.066752	0	0.667231	0.0287465	14.6732	1		0.0088623	12.0705	48.6935	0	0	0	
2024-06-17 16:21:07	1434	2888	1	0	0	7.75	32	0	0	0	32	0	0	3	32	0	0	0	32	0	0	4.113		100.042	92.852	0.0479984	0	0.479784	0.101376	14.3192	1		0.0088623	12.0705	48.0437	0	0	0	
2024-06-17 16:17:05	1407	2889	1	0	0	6	25	0	0	0	25	0	0	0.25	25	0	0	0	25	0	0	4.979		100.039	91.949	0.0472235	0	0.47205	0.12124	17.0544	1		0	12.0705	48.1737	0	0	0	
2024-06-17 16:25:37	1465	2890	1	0	0	5.25	22	0	0	0	22	0	0	2.5	22	0	0	0	22	0	0	2.381		100.04	91.9745	0.0898634	0	0.898273	0.291798	15.521	1		0	12.0705	48.0437	0	0	0	
2024-06-17 16:13:55	1386	2891	1	0	0	4	17	0	0	0	17	0	0	2.5	17	0	0	0	17	0	0	1.299		100.042	96.336	0.146995	0	1.46933	0.140654	13.8481	1		0.0088623	12.0705	48.5635	0	0	0	
2024-06-17 16:10:17	1361	2892	5	0	0	2	9	0	0	0	9	0	0	3	9	0	0	0	9	0	0	0.866		100.049	97.5043	0.225069	0	2.24958	0.22606	14.1345	1		0.0088623	12.0705	49.4731	0	0	0	
2024-06-17 16:17:59	1413	2893	1	0	0	7	29	0	0	0	29	0	0	1.5	29	0	0	0	29	0	0	4.762		100.042	93.025	0.0481584	0	0.481382	0.864893	16.6354	1		0	12.0705	47.9138	0	0	0	
2024-06-17 16:05:51	1332	2894	5	0	0	0	1	0	0	0	1	0	0	5.75	1	0	0	0	1	0	0	4.979		100.055	94.0127	0.0463916	0	0.463661	0.107487	16.7513	4		0.0088623	12.0616	52.072	0	0	0	
2024-06-17 16:05:31	1330	2895	9	0	0	0	1	0	0	0	1	0	0	4.5	1	0	0	0	1	0	0	3.897		100.055	91.3837	0.0545338	0	0.545039	0.366543	15.4106	1		0.0088623	12.0705	52.5918	0	0	0	
2024-06-17 16:14:39	1391	2896	1	0	0	5	21	0	0	0	21	0	0	0	21	0	0	0	21	0	0	4.33		100.039	94.318	0.05084	0	0.508203	0.399143	15.9657	1		0.0088623	12.0705	48.3036	0	0	0	
2024-06-17 16:20:58	1433	2897	5	0	0	7.75	32	0	0	0	32	0	0	2.25	32	0	0	0	32	0	0	4.762		100.038	90.3931	0.042862	0	0.428456	0.0345603	14.8064	1		0.0088623	12.0705	48.0437	0	0	0	
2024-06-17 16:14:31	1390	2898	5	0	0	5	21	0	0	0	21	0	0	7.75	21	0	0	0	21	0	0	2.381		100.041	94.5755	0.0822069	0	0.821733	0.0796769	14.1985	1		0.0088623	12.0705	48.3036	0	0	0	
2024-06-17 16:14:21	1389	2899	5	0	0	5	21	0	0	0	21	0	0	6.5	21	0	0	0	21	0	0	1.299		100.037	95.0179	0.159154	0	1.59096	0.170692	14.9944	1		0	12.0616	48.4336	0	0	0	
2024-06-17 16:12:28	1376	2900	1	0	0	3	13	0	0	0	13	0	0	2	13	0	0	0	13	0	0	0.866		100.044	98.2857	0.223093	0	2.22996	0.14208	14.0113	1		0.0088623	12.0616	48.9533	0	0	0	
2024-06-17 16:25:21	1463	2901	1	0	0	4.5	19	0	0	0	19	0	0	3.25	19	0	0	0	19	0	0	1.082		100.036	89.6655	0.183289	0	1.83223	0.138654	14.3903	1		0.0088623	12.0705	48.0437	0	0	0	
2024-06-17 16:20:31	1430	2902	5	0	0	7.75	32	0	0	0	32	0	0	7	32	0	0	0	32	0	0	0.649		100.035	90.5973	0.33476	0	3.34644	0.104615	15.7697	1		0.0088623	12.0705	48.0437	0	0	0	
2024-06-17 16:27:43	1480	2903	9	0	0	5.5	23	0	0	0	23	0	0	4.25	23	0	0	0	23	0	0	1.082		100.04	89.3953	0.188776	0	1.887	0.214288	14.8205	1		0.0088623	12.0705	48.0437	0	0	0	
2024-06-17 16:26:17	1470	2904	1	0	0	6.75	28	0	0	0	28	0	0	1	28	0	0	0	28	0	0	4.979		100.044	92.3156	0.0511032	0	0.510808	0.539065	18.4546	1		0.0088623	12.0616	47.9138	0	0	0	
2024-06-17 16:24:37	1458	2905	9	0	0	4.25	18	0	0	0	18	0	0	5.5	18	0	0	0	18	0	0	1.082		100.039	90.3487	0.190273	0	1.902	0.0720095	14.9383	1		0.0088623	12.0705	48.0437	0	0	0	
2024-06-17 16:12:37	1377	2906	5	0	0	4	17	0	0	0	17	0	0	7.75	17	0	0	0	17	0	0	3.247		100.042	96.4233	0.0613701	0	0.613446	0.239507	14.454	1		0.0088623	12.0705	48.6935	0	0	0	
2024-06-17 16:13:03	1380	2907	5	0	0	4	17	0	0	0	17	0	0	6.5	17	0	0	0	17	0	0	2.165		100.039	94.9209	0.0918608	0	0.918252	0.0408441	14.4239	1		0.0088623	12.0705	48.6935	0	0	0	
2024-06-17 16:11:28	1369	2908	9	0	0	3	13	0	0	0	13	0	0	5	13	0	0	0	13	0	0	1.732		100.044	97.3415	0.109576	0	1.09528	0.267429	13.7637	1		0.0088623	12.0616	49.0833	0	0	0	
2024-06-17 16:11:01	1366	2909	1	0	0	3	13	0	0	0	13	0	0	3.75	13	0	0	0	13	0	0	0.649		100.044	97.739	0.316511	0	3.16372	0.379879	14.9087	1		0	12.0616	49.0833	0	0	0	
2024-06-17 16:10:08	1360	2910	5	0	0	2	9	0	0	0	9	0	0	7	9	0	0	0	9	0	0	4.33		100.053	99.036	0.0502597	0	0.502328	0.1733	15.7811	1		0.0088623	12.0705	49.4731	0	0	0	
2024-06-17 16:18:55	1419	2911	9	0	0	7	29	0	0	0	29	0	0	6	29	0	0	0	29	0	0	0.866		100.04	90.4891	0.250618	0	2.50517	0.145597	15.7405	1		0	12.0705	47.9138	0	0	0	
2024-06-17 16:17:59	1413	2912	5	0	0	7	29	0	0	0	29	0	0	4.75	29	0	0	0	29	0	0	1.948		100.042	93.025	0.10105	0	1.01007	0.053324	14.2796	1		0	12.0705	47.9138	0	0	0	
2024-06-17 16:08:23	1348	2913	5	0	0	1	5	0	0	0	5	0	0	5.5	5	0	0	0	5	0	0	3.897		100.053	100.087	0.0608975	0	0.608654	0.271799	17.2093	1		0.0088623	12.0705	50.3827	0	0	0	
2024-06-17 16:07:21	1341	2914	5	0	0	1	5	0	0	0	5	0	0	4.25	5	0	0	0	5	0	0	2.814		100.056	100.383	0.0724691	0	0.724289	0.0520324	14.7902	1		0.0088623	12.0705	50.9025	0	0	0	
2024-06-17 16:17:33	1410	2915	5	0	0	6	25	0	0	0	25	0	0	3.25	25	0	0	0	25	0	0	2.381		100.039	92.2833	0.0834732	0	0.834407	0.0607306	14.4175	1		0.0088623	12.0705	48.0437	0	0	0	
2024-06-17 16:23:46	1452	2916	1	0	0	0.25	2	0	0	0	2	0	0	1.5	2	0	0	0	2	0	0	1.082		100.041	91.3931	0.172386	0	1.72315	0.0521269	13.5336	1		0	12.0616	48.0437	0	0	0	
2024-06-17 16:19:28	1423	2917	5	0	0	7	29	0	0	0	29	0	0	0.75	29	0	0	0	29	0	0	5.412		100.039	93.383	0.0439133	0	0.438961	0.304943	17.238	1		0.0088623	12.0705	48.0437	0	0	0	
2024-06-17 16:06:34	1336	2918	5	0	0	0	1	0	0	0	1	0	0	5	1	0	0	0	1	0	0	4.33		100.059	100.173	0.0508002	0	0.507701	0.176056	15.9499	1		0.0088623	12.0705	51.5523	0	0	0	
2024-06-17 16:05:18	1329	2919	1	0	0	0	1	0	0	0	1	0	0	3.75	1	0	0	0	1	0	0	3.247		100.054	87.187	0.0626315	0	0.625978	0.120855	14.7493	1		0.0088623	12.0793	52.5918	0	0	0	
2024-06-17 16:28:08	1483	2920	9	0	0	7.5	31	0	0	0	31	0	0	6.25	31	0	0	0	31	0	0	1.082		100.04	90.005	0.186471	0	1.86397	0.0474598	14.6396	1		0.0088623	12.0705	47.9138	0	0	0	
2024-06-17 16:25:04	1461	2921	9	0	0	6.25	26	0	0	0	26	0	0	7.5	26	0	0	0	26	0	0	1.082		100.035	90.4301	0.188345	0	1.88279	0.00514581	14.7874	1		0.0088623	12.0705	47.9138	0	0	0	
2024-06-17 16:16:14	1402	2922	5	0	0	6	25	0	0	0	25	0	0	7.25	25	0	0	0	25	0	0	1.082		100.041	91.4762	0.217158	0	2.17068	0.0236839	17.0485	2		0.0088623	12.0705	48.1737	0	0	0	
2024-06-17 16:20:50	1432	2923	1	0	0	7.75	32	0	0	0	32	0	0	1.5	32	0	0	0	32	0	0	5.412		100.04	90.552	0.0393939	0	0.39378	0.258788	15.4637	1		0.0088623	12.0705	47.9138	0	0	0	
2024-06-17 16:15:15	1395	2924	5	0	0	5	21	0	0	0	21	0	0	5.75	21	0	0	0	21	0	0	0.649		100.039	94.0808	0.330948	0	3.30821	0.257461	15.5896	1		0.0088623	12.0705	48.1737	0	0	0	
2024-06-17 16:14:48	1392	2925	9	0	0	5	21	0	0	0	21	0	0	4.5	21	0	0	0	21	0	0	0.433		100.042	93.8152	0.464612	0	4.6442	0.442452	14.5902	1		0.0088623	12.0705	48.4336	0	0	0	
2024-06-17 16:12:19	1375	2926	5	0	0	3	13	0	0	0	13	0	0	1.25	13	0	0	0	13	0	0	1.515		100.046	97.9077	0.119899	0	1.19844	0.082496	13.1775	1		0	12.0616	48.9533	0	0	0	
2024-06-17 16:07:21	1341	2927	1	0	0	1	5	0	0	0	5	0	0	2.25	5	0	0	0	5	0	0	1.082		100.056	100.383	0.171271	0	1.71176	0.116308	13.4441	1		0.0088623	12.0705	50.9025	0	0	0	
2024-06-17 16:23:38	1451	2928	1	0	0	0.5	3	0	0	0	3	0	0	1.25	3	0	0	0	3	0	0	0.649		100.038	89.2786	0.306224	0	3.06108	0.296974	14.425	1		0	12.0705	47.9138	0	0	0	
2024-06-17 16:22:16	1442	2929	9	0	0	2.5	11	0	0	0	11	0	0	5.25	11	0	0	0	11	0	0	2.381		100.038	90.8176	0.0900066	0	0.899723	0.902439	15.5461	1		0.0088623	12.0616	47.9138	0	0	0	
2024-06-17 16:20:05	1427	2930	9	0	0	7.75	32	0	0	0	32	0	0	7.5	32	0	0	0	32	0	0	0.216		100.039	91.2331	0.818653	0	8.18334	0.300582	12.8544	1		0.0088623	12.0705	48.0437	0	0	0	
2024-06-17 16:20:41	1431	2931	9	0	0	7.75	32	0	0	0	32	0	0	6.25	32	0	0	0	32	0	0	1.299		100.038	90.7381	0.156664	0	1.56605	0.0262284	14.7596	1		0	12.0705	48.0437	0	0	0	
2024-06-17 16:25:12	1462	2932	1	0	0	4.25	18	0	0	0	18	0	0	3.5	18	0	0	0	18	0	0	0.649		100.038	89.707	0.327894	0	3.2777	0.13983	15.4458	1		0.0088623	12.0705	47.9138	0	0	0	
2024-06-17 16:17:49	1412	2933	5	0	0	6	25	0	0	0	25	0	0	2.25	25	0	0	0	25	0	0	3.247		100.047	93.8784	0.0643625	0	0.643324	0.1709	15.158	1		0	11.9375	48.1737	0	0	0	
2024-06-17 16:27:34	1479	2934	9	0	0	5.25	22	0	0	0	22	0	0	4.5	22	0	0	0	22	0	0	0.649		100.038	91.2035	0.324409	0	3.24286	0.128751	15.2816	1		0.0088623	12.0705	48.0437	0	0	0	
2024-06-17 16:12:46	1378	2935	5	0	0	4	17	0	0	0	17	0	0	5.75	17	0	0	0	17	0	0	1.515		100.041	95.4365	0.131126	0	1.31073	0.0157978	14.4122	1		0.0088623	12.0705	48.6935	0	0	0	
2024-06-17 16:12:55	1379	2936	9	0	0	4	17	0	0	0	17	0	0	4.5	17	0	0	0	17	0	0	0.433		100.039	94.9778	0.50084	0	5.00645	0.256683	15.7282	1		0	12.0705	48.6935	0	0	0	
2024-06-17 16:06:43	1337	2937	5	0	0	0	1	0	0	0	1	0	0	2	1	0	0	0	1	0	0	1.732		100.056	98.7472	0.12992	0	1.29847	0.185972	16.3171	2		0.0088623	12.0793	51.2924	0	0	0	
2024-06-17 16:10:01	1359	2938	9	0	0	2	9	0	0	0	9	0	0	7.5	9	0	0	0	9	0	0	4.762		100.051	97.8285	0.0460127	0	0.459895	0.306222	15.8928	1		0.0088623	12.0705	49.4731	0	0	0	
2024-06-17 16:09:34	1356	2939	9	0	0	2	9	0	0	0	9	0	0	6.25	9	0	0	0	9	0	0	3.68		100.05	98.433	0.0583046	0	0.582756	0.13646	15.5616	1		0	12.0705	49.733	0	0	0	
2024-06-17 16:18:16	1415	2940	5	0	0	7	29	0	0	0	29	0	0	5.25	29	0	0	0	29	0	0	1.515		100.039	91.9637	0.131417	0	1.31365	0.183174	14.4444	1		0	12.0705	48.0437	0	0	0	
2024-06-17 16:18:55	1419	2941	5	0	0	7	29	0	0	0	29	0	0	4	29	0	0	0	29	0	0	2.598		100.04	90.4891	0.076165	0	0.761344	0.238404	14.351	1		0	12.0705	47.9138	0	0	0	
2024-06-17 16:08:23	1348	2942	1	0	0	1	5	0	0	0	5	0	0	3.5	5	0	0	0	5	0	0	2.165		100.053	100.087	0.0850887	0	0.850439	0.0170557	13.3587	1		0.0088623	12.0705	50.3827	0	0	0	
2024-06-17 16:16:35	1404	2943	1	0	0	6	25	0	0	0	25	0	0	2.5	25	0	0	0	25	0	0	3.031		100.038	90.8468	0.0733154	0	0.732875	0.377191	16.1168	2		0.0088623	12.0705	48.0437	0	0	0	
2024-06-17 16:27:26	1478	2944	1	0	0	3.75	16	0	0	0	16	0	0	2	16	0	0	0	16	0	0	1.515		100.044	92.3996	0.126522	0	1.26465	0.120746	13.9056	1		0.0088623	12.0705	48.1737	0	0	0	
2024-06-17 16:15:40	1398	2945	5	0	0	5	21	0	0	0	21	0	0	2	21	0	0	0	21	0	0	2.598		100.046	95.5493	0.0763059	0	0.762707	0.263797	14.3767	1		0.0088623	12.0705	48.4336	0	0	0	
2024-06-17 16:10:35	1363	2946	1	0	0	2	9	0	0	0	9	0	0	1.75	9	0	0	0	9	0	0	0.216		100.047	97.2729	0.712964	0	7.12626	0.250488	11.1939	1		0.0088623	12.0705	49.4731	0	0	0	
2024-06-17 16:18:55	1419	2947	1	0	0	7	29	0	0	0	29	0	0	0	29	0	0	0	29	0	0	6.061		100.04	90.4891	0.04027	0	0.402538	0.530876	17.7045	1		0	12.0705	47.9138	0	0	0	
2024-06-17 16:06:07	1333	2948	1	0	0	0	1	0	0	0	1	0	0	3	1	0	0	0	1	0	0	2.598		100.055	99.2676	0.0759177	0	0.758761	0.297358	14.3023	1		0.0088623	12.0705	52.072	0	0	0	
2024-06-17 16:11:45	1371	2949	9	0	0	3	13	0	0	0	13	0	0	7	13	0	0	0	13	0	0	3.464		100.044	97.1762	0.0593898	0	0.593637	0.153968	14.9197	1		0.0088623	12.0705	48.9533	0	0	0	
2024-06-17 16:17:05	1407	2950	9	0	0	6	25	0	0	0	25	0	0	7.75	25	0	0	0	25	0	0	1.515		100.039	91.949	0.135458	0	1.35405	0.114316	14.8885	1		0	12.0705	48.1737	0	0	0	
2024-06-17 16:16:06	1401	2951	5	0	0	6	25	0	0	0	25	0	0	6.5	25	0	0	0	25	0	0	0.433		100.04	94.1403	0.505343	0	5.05141	0.697635	15.8695	1		0.0088623	12.0705	48.1737	0	0	0	
2024-06-17 16:20:41	1431	2952	1	0	0	7.75	32	0	0	0	32	0	0	0.75	32	0	0	0	32	0	0	6.061		100.038	90.7381	0.036524	0	0.365103	0.268741	16.0581	1		0	12.0705	48.0437	0	0	0	
2024-06-17 16:15:48	1399	2953	5	0	0	5	21	0	0	0	21	0	0	3.75	21	0	0	0	21	0	0	1.082		100.044	95.7736	0.18554	0	1.85459	0.139798	14.5659	1		0.0088623	12.0705	48.3036	0	0	0	
2024-06-17 16:10:52	1365	2954	1	0	0	3	13	0	0	0	13	0	0	0.5	13	0	0	0	13	0	0	2.165		100.047	98.1727	0.0869827	0	0.869415	0.0702995	13.6567	1		0.0088623	12.0705	49.3432	0	0	0	
2024-06-17 16:07:30	1342	2955	1	0	0	1	5	0	0	0	5	0	0	1.5	5	0	0	0	5	0	0	0.433		100.059	100.739	0.447553	0	4.47289	0.140551	14.052	1		0.0088623	12.0705	50.9025	0	0	0	
2024-06-17 16:29:17	1491	2956	1	0	0	2	9	0	0	5.75	9	0	0	3.25	9	0	0	4.5	9	0	0	0.649		100.058	19.7641	0.172515	0	1.72415	0.00490096	13.5415	1		0.0088623	12.0705	48.1737	0	0	0	
2024-06-17 16:12:37	1377	2957	1	0	0	4	17	0	0	0	17	0	0	1.75	17	0	0	0	17	0	0	1.948		100.042	96.4233	0.0957383	0	0.956985	0.0205796	13.5291	1		0.0088623	12.0705	48.6935	0	0	0	
2024-06-17 16:24:02	1454	2958	1	0	0	2.5	11	0	0	0	11	0	0	3.25	11	0	0	0	11	0	0	0.649		100.042	92.8489	0.303426	0	3.033	0.210643	14.2927	1		0.0088623	11.9464	48.0437	0	0	0	
2024-06-17 16:19:56	1426	2959	5	0	0	7.75	32	0	0	0	32	0	0	5.5	32	0	0	0	32	0	0	1.948		100.034	91.4809	0.0998047	0	0.997704	0.0842629	14.1047	1		0.0088623	12.0616	47.9138	0	0	0	
2024-06-17 16:20:50	1432	2960	5	0	0	7.75	32	0	0	0	32	0	0	4.25	32	0	0	0	32	0	0	3.031		100.04	90.552	0.0637157	0	0.636902	0.111959	14.0062	1		0.0088623	12.0705	47.9138	0	0	0	
2024-06-17 16:17:14	1408	2961	1	0	0	6	25	0	0	0	25	0	0	1.5	25	0	0	0	25	0	0	3.897		100.036	90.1671	0.0587718	0	0.587505	0.0249837	16.6113	2		0.0088623	12.0705	47.9138	0	0	0	
2024-06-17 16:13:30	1383	2962	5	0	0	4	17	0	0	0	17	0	0	5	17	0	0	0	17	0	0	0.866		100.039	94.6672	0.244994	0	2.44898	0.21857	15.3874	1		0.0088623	12.0705	48.6935	0	0	0	
2024-06-17 16:12:46	1378	2963	1	0	0	4	17	0	0	0	17	0	0	3.75	17	0	0	0	17	0	0	0.216		100.041	95.4365	0.806691	0	8.06364	0.354259	12.6663	1		0.0088623	12.0705	48.6935	0	0	0	
2024-06-17 16:06:16	1334	2964	1	0	0	0	1	0	0	0	1	0	0	1.25	1	0	0	0	1	0	0	1.082		100.056	100.18	0.179946	0	1.79845	0.539814	14.125	1		0.0088623	12.0705	51.6822	0	0	0	
2024-06-17 16:09:16	1354	2965	9	0	0	2	9	0	0	0	9	0	0	5.5	9	0	0	0	9	0	0	3.031		100.049	98.9346	0.0999578	0	0.999093	0.673164	21.9712	1		0.0088623	12.0705	49.9929	0	0	0	
2024-06-17 16:09:43	1357	2966	9	0	0	2	9	0	0	0	9	0	0	4.25	9	0	0	0	9	0	0	1.948		100.051	98.0557	0.0984961	0	0.984456	0.0521031	13.9174	1		0.0088623	12.0705	49.733	0	0	0	
2024-06-17 16:19:20	1422	2967	5	0	0	7	29	0	0	0	29	0	0	3.25	29	0	0	0	29	0	0	3.247		100.043	92.791	0.0619579	0	0.619311	0.105856	14.5922	1		0.0088623	12.0705	47.9138	0	0	0	
2024-06-17 16:08:58	1352	2968	1	0	0	1	5	0	0	0	5	0	0	2.75	5	0	0	0	5	0	0	1.515		100.05	99.4908	0.119932	0	1.19873	0.0506701	13.1807	1		0.0088623	12.0705	49.863	0	0	0	
2024-06-17 16:06:16	1334	2969	5	0	0	0	1	0	0	0	1	0	0	7	1	0	0	0	1	0	0	6.061		100.056	100.18	0.0398996	0	0.398771	0.0777359	17.5389	1		0.0088623	12.0705	51.6822	0	0	0	
2024-06-17 16:14:48	1392	2970	1	0	0	5	21	0	0	0	21	0	0	1.25	21	0	0	0	21	0	0	3.247		100.042	93.8152	0.0665304	0	0.665028	0.199643	15.6693	1		0.0088623	12.0705	48.4336	0	0	0	
2024-06-17 16:10:43	1364	2971	1	0	0	2	9	0	0	0	9	0	0	1	9	0	0	0	9	0	0	0.866		100.052	98.3062	0.215502	0	2.15391	0.0170465	13.5334	1		0.0088623	12.0705	49.4731	0	0	0	
2024-06-17 16:11:55	1372	2972	9	0	0	3	13	0	0	0	13	0	0	7.5	13	0	0	0	13	0	0	3.897		100.047	96.9319	0.0532394	0	0.532143	0.309359	15.046	1		0.0088623	12.0705	48.9533	0	0	0	
2024-06-17 16:11:36	1370	2973	1	0	0	3	13	0	0	0	13	0	0	6.25	13	0	0	0	13	0	0	2.814		100.051	98.7461	0.0722361	0	0.721991	0.141388	14.7433	1		0.0088623	12.0705	48.9533	0	0	0	
2024-06-17 16:18:26	1416	2974	5	0	0	7	29	0	0	0	29	0	0	7.25	29	0	0	0	29	0	0	0.216		100.037	90.733	0.720892	0	7.20624	0.27618	11.3195	2		0.0088623	12.0705	47.9138	0	0	0	
2024-06-17 16:07:49	1344	2975	5	0	0	1	5	0	0	0	5	0	0	6.75	5	0	0	0	5	0	0	4.979		100.053	100.474	0.0499348	0	0.499085	0.372553	18.0311	1		0.0088623	12.0705	50.5127	0	0	0	
2024-06-17 16:16:27	1403	2976	5	0	0	6	25	0	0	0	25	0	0	5.75	25	0	0	0	25	0	0	0.216		100.039	91.9499	0.79084	0	7.90529	0.433644	12.4176	1		0.0088623	12.0705	48.1737	0	0	0	
2024-06-17 16:16:55	1406	2977	9	0	0	6	25	0	0	0	25	0	0	4.5	25	0	0	0	25	0	0	1.299		100.045	93.3625	0.156354	0	1.56283	0.141455	14.7293	1		0.0088623	12.0616	48.1737	0	0	0	
2024-06-17 16:19:46	1425	2978	1	0	0	7.75	32	0	0	0	32	0	0	0	32	0	0	0	32	0	0	6.711		100.036	91.2325	0.0342674	0	0.34255	0.0598184	16.6804	1		0	12.0705	48.0437	0	0	0	
2024-06-17 16:15:15	1395	2979	1	0	0	5	21	0	0	0	21	0	0	3	21	0	0	0	21	0	0	1.732		100.039	94.0808	0.108438	0	1.08396	0.0827861	13.6215	1		0.0088623	12.0705	48.1737	0	0	0	
2024-06-17 16:08:32	1349	2980	5	0	0	1	5	0	0	0	5	0	0	0.75	5	0	0	0	5	0	0	0.216		100.054	99.0571	0.726317	0	7.25926	0.318176	11.4028	1		0.0088623	12.0705	50.1229	0	0	0	
2024-06-17 16:25:53	1467	2981	1	0	0	5.75	24	0	0	0	24	0	0	2	24	0	0	0	24	0	0	3.247		100.043	92.9806	0.0656194	0	0.655914	0.0644552	15.4546	1		0.0088623	12.0705	48.1737	0	0	0	
2024-06-17 16:14:04	1387	2982	1	0	0	4	17	0	0	0	17	0	0	1	17	0	0	0	17	0	0	2.598		100.039	95.1899	0.0731771	0	0.731487	0.00227519	13.7882	1		0.0088623	12.0616	48.4336	0	0	0	
2024-06-17 16:21:32	1437	2983	1	0	0	7.75	32	0	0	0	32	0	0	3.5	32	0	0	0	32	0	0	3.68		100.036	93.2616	0.0524054	0	0.523865	0.0285815	13.989	1		0.0088623	12.0705	48.0437	0	0	0	
2024-06-17 16:17:33	1410	2984	1	0	0	6	25	0	0	0	25	0	0	0.75	25	0	0	0	25	0	0	4.546		100.039	92.2833	0.0527025	0	0.526819	0.15962	17.378	1		0.0088623	12.0705	48.0437	0	0	0	
2024-06-17 16:13:39	1384	2985	1	0	0	4	17	0	0	0	17	0	0	3	17	0	0	0	17	0	0	0.866		100.034	95.0389	0.233967	0	2.33887	0.0784738	14.6956	1		0.0088623	12.0705	48.5635	0	0	0	
2024-06-17 16:07:12	1340	2986	1	0	0	0	1	0	0	0	1	0	0	0.5	1	0	0	0	1	0	0	0.433		100.057	100.501	0.449412	0	4.49157	0.424845	14.1107	1		0.0088623	12.0705	51.0325	0	0	0	
2024-06-17 16:28:24	1485	2987	1	0	0	3.5	15	0	0	4.25	15	0	0	2.75	15	0	0	5	15	0	0	0.389		100.051	19.0384	0.321082	0	3.20918	0.449238	15.1229	1		0.0088623	12.0705	48.1737	0	0	0	
2024-06-17 16:09:16	1354	2988	1	0	0	2	9	0	0	0	9	0	0	3.5	9	0	0	0	9	0	0	1.299		100.049	98.9346	0.147737	0	1.47666	0.141727	13.9172	1		0.0088623	12.0705	49.9929	0	0	0	
2024-06-17 16:19:20	1422	2989	1	0	0	7	29	0	0	0	29	0	0	2.5	29	0	0	0	29	0	0	3.897		100.043	92.791	0.0555669	0	0.555429	0.685544	15.7044	1		0.0088623	12.0705	47.9138	0	0	0	
2024-06-17 16:19:37	1424	2990	5	0	0	7	29	0	0	0	29	0	0	2	29	0	0	0	29	0	0	4.33		100.039	91.9916	0.0504365	0	0.504168	0.281408	15.8389	1		0	12.0616	47.7838	0	0	0	
2024-06-17 16:06:25	1335	2991	9	0	0	0	1	0	0	0	1	0	0	7.5	1	0	0	0	1	0	0	6.494		100.056	100.631	0.0372011	0	0.371803	0.642085	17.5208	1		0.0088623	12.0705	51.6822	0	0	0	
2024-06-17 16:06:07	1333	2992	5	0	0	0	1	0	0	0	1	0	0	6.25	1	0	0	0	1	0	0	5.412		100.055	99.2676	0.0437679	0	0.437439	0.0217023	17.1782	1		0.0088623	12.0705	52.072	0	0	0	
2024-06-17 16:15:56	1400	2993	5	0	0	5	21	0	0	0	21	0	0	0.5	21	0	0	0	21	0	0	3.897		100.045	95.6688	0.0591232	0	0.590966	0.223736	16.7092	1		0.0088623	12.0616	48.3036	0	0	0	
2024-06-17 16:26:45	1473	2994	1	0	0	1.25	6	0	0	0	6	0	0	0.5	6	0	0	0	6	0	0	0.649		100.042	91.9693	0.308757	0	3.08628	0.133273	14.5437	1		0.0088623	12.0705	48.1737	0	0	0	
2024-06-17 16:14:39	1391	2995	5	0	0	5	21	0	0	0	21	0	0	7	21	0	0	0	21	0	0	1.732		100.039	94.318	0.115037	0	1.14993	0.00651385	14.4504	1		0.0088623	12.0705	48.3036	0	0	0	
2024-06-17 16:09:52	1358	2996	1	0	0	2	9	0	0	0	9	0	0	0.25	9	0	0	0	9	0	0	1.515		100.045	98.5586	0.124025	0	1.2397	0.0356428	13.6312	1		0.0088623	12.0705	49.733	0	0	0	
2024-06-17 16:13:21	1382	2997	9	0	0	4	17	0	0	0	17	0	0	7	17	0	0	0	17	0	0	2.598		100.041	94.5005	0.0768582	0	0.768267	0.02092	14.4815	1		0	12.0616	48.6935	0	0	0	
2024-06-17 16:11:20	1368	2998	9	0	0	3	13	0	0	0	13	0	0	5.5	13	0	0	0	13	0	0	2.165		100.045	97.728	0.091379	0	0.913384	0.11705	14.3474	1		0.0088623	12.0705	49.2132	0	0	0	
2024-06-17 16:10:52	1365	2999	5	0	0	3	13	0	0	0	13	0	0	4.25	13	0	0	0	13	0	0	1.082		100.047	98.1727	0.182687	0	1.82601	0.301339	14.3414	1		0.0088623	12.0705	49.3432	0	0	0	
2024-06-17 16:18:46	1418	3000	5	0	0	7	29	0	0	0	29	0	0	7.75	29	0	0	0	29	0	0	0.649		100.038	90.354	0.338435	0	3.38307	0.333558	15.9424	1		0.0088623	12.0705	47.9138	0	0	0	
2024-06-17 16:18:07	1414	3001	9	0	0	7	29	0	0	0	29	0	0	6.5	29	0	0	0	29	0	0	0.433		100.038	92.5761	0.480977	0	4.80796	0.61892	15.1047	1		0	12.0705	48.1737	0	0	0	
2024-06-17 16:08:14	1347	3002	5	0	0	1	5	0	0	0	5	0	0	6	5	0	0	0	5	0	0	4.33		100.058	100.435	0.0553406	0	0.553083	0.00856821	17.3756	1		0.0088623	12.0705	50.2528	0	0	0	
2024-06-17 16:08:06	1346	3003	5	0	0	1	5	0	0	0	5	0	0	4.75	5	0	0	0	5	0	0	3.247		100.055	99.3887	0.0673937	0	0.673566	0.232314	15.8705	1		0.0088623	12.0705	50.5127	0	0	0	
2024-06-17 16:24:19	1456	3004	9	0	0	4.75	20	0	0	0	20	0	0	5	20	0	0	0	20	0	0	0.216		100.035	90.8308	0.75412	0	7.53853	0.378317	11.8415	1		0.0088623	12.0705	47.9138	0	0	0	
2024-06-17 16:16:47	1405	3005	9	0	0	6	25	0	0	0	25	0	0	5	25	0	0	0	25	0	0	0.866		100.042	90.8107	0.244365	0	2.44263	0.210871	15.3475	1		0	12.0616	48.0437	0	0	0	
2024-06-17 16:17:41	1411	3006	1	0	0	6	25	0	0	0	25	0	0	3.75	25	0	0	0	25	0	0	1.948		100.041	93.9798	0.101693	0	1.01651	0.121093	14.3706	1		0.0088623	12.0705	48.1737	0	0	0	
2024-06-17 16:08:49	1351	3007	1	0	0	1	5	0	0	0	5	0	0	0	5	0	0	0	5	0	0	0.866		100.05	99.5685	0.23191	0	2.31795	0.181536	14.5641	1		0.0088623	12.0705	49.9929	0	0	0	
2024-06-17 16:23:01	1447	3008	9	0	0	0.75	4	0	0	0	4	0	0	7	4	0	0	0	4	0	0	5.412		100.037	89.5952	0.0432229	0	0.432067	0.312817	16.9672	1		0.0088623	12.0705	47.9138	0	0	0	
2024-06-17 16:13:47	1385	3009	1	0	0	4	17	0	0	0	17	0	0	0.25	17	0	0	0	17	0	0	3.247		100.043	96.0135	0.0605498	0	0.605236	0.0408136	14.2605	1		0.0088623	12.0705	48.6935	0	0	0	
2024-06-17 16:21:24	1436	3010	1	0	0	7.75	32	0	0	0	32	0	0	2.75	32	0	0	0	32	0	0	4.33		100.036	92.0243	0.0467252	0	0.467085	0.0104764	14.6739	1		0.0088623	12.0616	48.0437	0	0	0	
2024-06-17 16:17:49	1412	3011	1	0	0	6	25	0	0	0	25	0	0	0	25	0	0	0	25	0	0	5.195		100.047	93.8784	0.0490657	0	0.490428	0.547263	18.4887	1		0	11.9375	48.1737	0	0	0	
2024-06-17 16:09:34	1356	3012	1	0	0	2	9	0	0	0	9	0	0	2.75	9	0	0	0	9	0	0	0.649		100.05	98.433	0.309411	0	3.09257	0.355529	14.5734	1		0	12.0705	49.733	0	0	0	
2024-06-17 16:19:12	1421	3013	1	0	0	7	29	0	0	0	29	0	0	1.25	29	0	0	0	29	0	0	4.979		100.04	89.6831	0.0479623	0	0.479432	0.254619	17.3211	1		0.0088623	12.0616	47.9138	0	0	0	
2024-06-17 16:05:18	1329	3014	5	0	0	0	1	0	0	0	1	0	0	5.5	1	0	0	0	1	0	0	4.762		100.054	87.187	0.0610098	0	0.60977	0.00615838	21.0722	1		0.0088623	12.0793	52.5918	0	0	0	
2024-06-17 16:05:51	1332	3015	9	0	0	0	1	0	0	0	1	0	0	4.25	1	0	0	0	1	0	0	3.68		100.055	94.0127	0.0567768	0	0.567456	0.108797	15.1531	4		0.0088623	12.0616	52.072	0	0	0	
