Time	MeasID	DPID	Channel	A(x)	A(y)	A(z)	A(adr)	B(x)	B(y)	B(z)	B(adr)	M(x)	M(y)	M(z)	M(adr)	N(x)	N(y)	N(z)	N(adr)	F(x)	F(y)	F(z)	Note	I(mA)	Uout(V)	U(V)	SP(V)	R(Ohm)	Var(%)	Rho-a(Ohm-m)	Cycles	IP Delay Window(mV/V)	Pint(V)	Pext(V)	T int(deg C)	T log(deg C)	Latitude	Longitude
2024-06-17 06:20:38	602	1006	1	0	0	7.75	32	0	0	0	32	0	0	2	32	0	0	0	32	0	0	4.979		100.014	90.1251	0.0416724	0	0.416665	0.112336	15.0534	1		0.0088623	12.0705	45.9646	0	0	0	
2024-06-17 06:14:47	563	1007	5	0	0	5	21	0	0	0	21	0	0	7.5	21	0	0	0	21	0	0	2.165		100.017	93.7997	0.0901506	0	0.90135	0.0183171	14.1584	1		0.0088623	12.0705	46.3544	0	0	0	
2024-06-17 06:14:20	560	1008	5	0	0	5	21	0	0	0	21	0	0	6.25	21	0	0	0	21	0	0	1.082		100.019	94.6073	0.19427	0	1.94233	0.369836	15.255	1		0.0088623	12.0705	46.6143	0	0	0	
2024-06-17 06:11:08	538	1009	1	0	0	3	13	0	0	0	13	0	0	1.75	13	0	0	0	13	0	0	1.082		100.022	96.3233	0.175019	0	1.7498	0.30064	13.7429	1		0.0088623	12.0705	47.394	0	0	0	
2024-06-17 06:19:59	598	1010	9	0	0	7.75	32	0	0	0	32	0	0	6.75	32	0	0	0	32	0	0	0.866		100.016	89.8229	0.245858	0	2.45819	0.213495	15.4452	2		0.0088623	12.0705	46.0945	0	0	0	
2024-06-17 06:27:09	648	1011	1	0	0	3.25	14	0	0	0	14	0	0	2.5	14	0	0	0	14	0	0	0.649		100.025	92.1223	0.305159	0	3.05082	0.420708	14.3767	1		0	12.0616	46.2245	0	0	0	
2024-06-17 06:12:44	549	1012	9	0	0	4	17	0	0	0	17	0	0	7.5	17	0	0	0	17	0	0	3.031		100.022	93.8973	0.0657886	0	0.657739	0.112266	14.4644	1		0.0088623	12.0705	46.8742	0	0	0	
2024-06-17 06:13:19	553	1013	9	0	0	4	17	0	0	0	17	0	0	6.25	17	0	0	0	17	0	0	1.948		100.022	94.1823	0.101765	0	1.01742	0.0941248	14.3835	1		0.0088623	12.0616	46.7443	0	0	0	
2024-06-17 06:12:00	544	1014	1	0	0	3	13	0	0	0	13	0	0	3.5	13	0	0	0	13	0	0	0.433		100.024	96.3566	0.459745	0	4.59636	0.369187	14.4399	1		0	12.0705	47.1341	0	0	0	
2024-06-17 06:09:51	529	1015	5	0	0	2	9	0	0	0	9	0	0	6.75	9	0	0	0	9	0	0	4.113		100.028	97.284	0.05294	0	0.529252	0.263323	15.7956	1		0	12.0705	47.9138	0	0	0	
2024-06-17 06:18:47	590	1016	9	0	0	7	29	0	0	0	29	0	0	5.75	29	0	0	0	29	0	0	1.082		100.015	91.5889	0.194265	0	1.94236	0.335391	15.2553	1		0.0088623	12.0616	46.0945	0	0	0	
2024-06-17 06:18:22	587	1017	9	0	0	7	29	0	0	0	29	0	0	4.5	29	0	0	0	29	0	0	2.165		100.019	90.3534	0.0910219	0	0.910049	0.0457014	14.295	1		0.0088623	12.0616	45.9646	0	0	0	
2024-06-17 06:07:21	512	1018	9	0	0	1	5	0	0	0	5	0	0	5.25	5	0	0	0	5	0	0	3.68		100.033	99.6285	0.0607158	0	0.606958	0.292111	16.2079	1		0.0088623	12.0705	48.9533	0	0	0	
2024-06-17 06:08:06	517	1019	9	0	0	1	5	0	0	0	5	0	0	4	5	0	0	0	5	0	0	2.598		100.029	99.7873	0.0731741	0	0.731528	0.130069	13.789	1		0.0088623	12.0705	48.6935	0	0	0	
2024-06-17 06:25:28	636	1020	1	0	0	4.75	20	0	0	0	20	0	0	3	20	0	0	0	20	0	0	1.515		100.022	91.2321	0.125406	0	1.25379	0.0513181	13.7861	1		0.0088623	12.0616	45.9646	0	0	0	
2024-06-17 06:17:27	581	1021	1	0	0	6	25	0	0	0	25	0	0	3	25	0	0	0	25	0	0	2.598		100.012	91.4166	0.0766822	0	0.766731	0.181226	14.4525	1		0.0088623	12.0616	46.2245	0	0	0	
2024-06-17 06:09:16	525	1022	1	0	0	2	9	0	0	0	9	0	0	2.25	9	0	0	0	9	0	0	0.216		100.022	97.4817	0.731551	0	7.31388	0.406103	11.4886	1		0.0088623	12.0705	47.9138	0	0	0	
2024-06-17 06:19:14	593	1023	1	0	0	7	29	0	0	0	29	0	0	0.5	29	0	0	0	29	0	0	5.628		100.014	88.9684	0.0440008	0	0.439947	0.259168	17.9677	2		0.0088623	12.0616	46.2245	0	0	0	
2024-06-17 06:05:11	499	1024	1	0	0	0	1	0	0	0	1	0	0	3.5	1	0	0	0	1	0	0	3.031		100.036	87.7838	0.0676491	0	0.676246	0.866313	14.8714	1		0.0088623	12.0793	51.0325	0	0	0	
2024-06-17 06:27:00	647	1025	1	0	0	1.75	8	0	0	0	8	0	0	0	8	0	0	0	8	0	0	1.515		100.024	91.3992	0.122969	0	1.2294	0.305717	13.5179	1		0.0088623	12.0616	46.2245	0	0	0	
2024-06-17 06:16:14	573	1026	9	0	0	6	25	0	0	0	25	0	0	7	25	0	0	0	25	0	0	0.866		100.017	92.1282	0.254727	0	2.54684	0.46399	16.0023	1		0	12.0616	46.3544	0	0	0	
2024-06-17 06:26:10	641	1027	1	0	0	6.5	27	0	0	0	27	0	0	1.25	27	0	0	0	27	0	0	4.546		100.024	91.4332	0.0530271	0	0.530144	0.765668	17.4877	1		0.0088623	12.0705	46.2245	0	0	0	
2024-06-17 06:20:55	604	1028	1	0	0	7.75	32	0	0	0	32	0	0	1.25	32	0	0	0	32	0	0	5.628		100.021	89.6118	0.0392371	0	0.39229	0.0603365	16.0214	1		0.0088623	12.0705	46.0945	0	0	0	
2024-06-17 06:14:37	562	1029	9	0	0	5	21	0	0	0	21	0	0	5.5	21	0	0	0	21	0	0	0.433		100.017	93.778	0.479822	0	4.79743	0.475458	15.0716	1		0.0088623	12.0616	46.3544	0	0	0	
2024-06-17 06:15:13	566	1030	5	0	0	5	21	0	0	0	21	0	0	4.25	21	0	0	0	21	0	0	0.649		100.02	92.8212	0.32502	0	3.24955	0.305473	15.3132	1		0.0088623	12.0616	46.3544	0	0	0	
2024-06-17 06:11:24	540	1031	1	0	0	3	13	0	0	0	13	0	0	1	13	0	0	0	13	0	0	1.732		100.024	96.5325	0.104877	0	1.04852	0.0980759	13.1761	1		0.0088623	12.0705	47.264	0	0	0	
2024-06-17 06:07:21	512	1032	1	0	0	1	5	0	0	0	5	0	0	2	5	0	0	0	5	0	0	0.866		100.033	99.6285	0.218136	0	2.18064	0.0839848	13.7014	1		0.0088623	12.0705	48.9533	0	0	0	
2024-06-17 06:22:36	616	1033	9	0	0	1.75	8	0	0	0	8	0	0	6	8	0	0	0	8	0	0	3.68		100.026	93.3786	0.0604316	0	0.604158	0.0998209	16.1332	1		0	12.0616	46.2245	0	0	0	
2024-06-17 06:13:46	556	1034	1	0	0	4	17	0	0	0	17	0	0	2.25	17	0	0	0	17	0	0	1.515		100.021	93.3822	0.123166	0	1.2314	0.328247	13.5399	1		0	12.0705	46.7443	0	0	0	
2024-06-17 06:20:46	603	1035	5	0	0	7.75	32	0	0	0	32	0	0	6	32	0	0	0	32	0	0	1.515		100.016	90.2574	0.132214	0	1.32193	0.0606816	14.5354	1		0.0088623	12.0705	46.0945	0	0	0	
2024-06-17 06:20:38	602	1036	5	0	0	7.75	32	0	0	0	32	0	0	4.75	32	0	0	0	32	0	0	2.598		100.014	90.1251	0.07361	0	0.735996	0.142424	13.8732	1		0.0088623	12.0705	45.9646	0	0	0	
2024-06-17 06:17:18	580	1037	1	0	0	6	25	0	0	0	25	0	0	2	25	0	0	0	25	0	0	3.464		100.014	91.7774	0.0635459	0	0.635368	0.0681748	15.9685	1		0	12.0705	46.3544	0	0	0	
2024-06-17 06:13:19	553	1038	5	0	0	4	17	0	0	0	17	0	0	5.5	17	0	0	0	17	0	0	1.299		100.022	94.1823	0.156894	0	1.56859	0.0829092	14.7836	1		0.0088623	12.0616	46.7443	0	0	0	
2024-06-17 06:13:01	551	1039	9	0	0	4	17	0	0	0	17	0	0	4.25	17	0	0	0	17	0	0	0.216		100.022	95.9408	0.824381	0	8.24198	0.162478	12.9465	1		0.0088623	12.0705	46.8742	0	0	0	
2024-06-17 06:06:42	508	1040	1	0	0	0	1	0	0	0	1	0	0	1.75	1	0	0	0	1	0	0	1.515		100.035	98.8528	0.124534	0	1.2449	0.142489	13.6884	2		0.0088623	12.0705	49.733	0	0	0	
2024-06-17 06:28:15	656	1041	1	0	0	3.75	16	0	0	4	16	0	0	3.5	16	0	0	4.25	16	0	0	0.13		100.033	18.1878	0.579914	0	5.79723	0.220532	9.10627	1		0.0088623	12.0705	46.3544	0	0	0	
2024-06-17 06:12:17	546	1042	1	0	0	3	13	0	0	0	13	0	0	2.75	13	0	0	0	13	0	0	0.216		100.022	95.5784	0.725363	0	7.25204	0.444032	11.3915	1		0.0088623	12.0616	46.8742	0	0	0	
2024-06-17 06:09:51	529	1043	9	0	0	2	9	0	0	0	9	0	0	6	9	0	0	0	9	0	0	3.464		100.028	97.284	0.0635794	0	0.635616	0.0994759	15.9748	1		0	12.0705	47.9138	0	0	0	
2024-06-17 06:09:16	525	1044	9	0	0	2	9	0	0	0	9	0	0	4.75	9	0	0	0	9	0	0	2.381		100.022	97.4817	0.0825246	0	0.825062	0.167538	14.256	1		0.0088623	12.0705	47.9138	0	0	0	
2024-06-17 06:18:38	589	1045	9	0	0	7	29	0	0	0	29	0	0	5	29	0	0	0	29	0	0	1.732		100.019	92.9998	0.113844	0	1.13822	0.0558641	14.3033	1		0.0088623	12.0616	46.2245	0	0	0	
2024-06-17 06:18:47	590	1046	1	0	0	7	29	0	0	0	29	0	0	3.75	29	0	0	0	29	0	0	2.814		100.015	91.5889	0.0710014	0	0.709908	0.101235	14.4966	1		0.0088623	12.0616	46.0945	0	0	0	
2024-06-17 06:08:41	521	1047	5	0	0	1	5	0	0	0	5	0	0	3.25	5	0	0	0	5	0	0	1.948		100.029	98.5956	0.0937734	0	0.937465	0.0505286	13.2531	1		0	12.0705	48.4336	0	0	0	
2024-06-17 06:22:12	613	1048	9	0	0	2.75	12	0	0	0	12	0	0	5	12	0	0	0	12	0	0	1.948		100.024	92.5772	0.0963785	0	0.96355	0.148039	13.6219	1		0	11.9375	45.9646	0	0	0	
2024-06-17 06:14:47	563	1049	1	0	0	5	21	0	0	0	21	0	0	1.75	21	0	0	0	21	0	0	2.814		100.017	93.7997	0.072454	0	0.724414	0.175584	14.7928	1		0.0088623	12.0705	46.3544	0	0	0	
2024-06-17 06:10:08	531	1050	1	0	0	2	9	0	0	0	9	0	0	1.5	9	0	0	0	9	0	0	0.433		100.028	97.0445	0.438948	0	4.38826	0.258219	13.7861	1		0	12.0705	47.7838	0	0	0	
2024-06-17 06:05:58	503	1051	1	0	0	0	1	0	0	0	1	0	0	2.75	1	0	0	0	1	0	0	2.381		100.036	97.8568	0.114546	0	1.14505	0.64331	19.785	2		0.0088623	12.0705	50.2528	0	0	0	
2024-06-17 06:22:04	612	1052	9	0	0	3.25	14	0	0	0	14	0	0	4.5	14	0	0	0	14	0	0	1.082		100.018	91.1032	0.182917	0	1.82884	0.113768	14.3637	1		0	12.0616	46.0945	0	0	0	
2024-06-17 06:10:50	536	1053	5	0	0	3	13	0	0	0	13	0	0	6.75	13	0	0	0	13	0	0	3.247		100.024	96.5079	0.0638924	0	0.63877	0.160588	15.0507	1		0.0088623	12.0705	47.394	0	0	0	
2024-06-17 06:08:15	518	1054	5	0	0	1	5	0	0	0	5	0	0	7.25	5	0	0	0	5	0	0	5.412		100.031	99.0317	0.0564497	0	0.564322	0.704483	22.1609	1		0	12.0705	48.5635	0	0	0	
2024-06-17 06:16:34	575	1055	9	0	0	6	25	0	0	0	25	0	0	7.5	25	0	0	0	25	0	0	1.299		100.015	91.0014	0.156694	0	1.56671	0.195287	14.7659	1		0.0088623	12.0616	46.2245	0	0	0	
2024-06-17 06:17:00	578	1056	5	0	0	6	25	0	0	0	25	0	0	6.25	25	0	0	0	25	0	0	0.216		100.017	93.2243	0.804497	0	8.04358	0.485824	12.6348	1		0	12.0705	46.3544	0	0	0	
2024-06-17 06:19:59	598	1057	1	0	0	7.75	32	0	0	0	32	0	0	0.5	32	0	0	0	32	0	0	6.278		100.016	89.8229	0.0366655	0	0.366596	0.145433	16.6996	2		0.0088623	12.0705	46.0945	0	0	0	
2024-06-17 06:15:38	569	1058	5	0	0	5	21	0	0	0	21	0	0	3.5	21	0	0	0	21	0	0	1.299		100.014	93.7146	0.14873	0	1.4871	0.197591	14.0156	1		0.0088623	12.0616	46.3544	0	0	0	
2024-06-17 06:11:15	539	1059	1	0	0	3	13	0	0	0	13	0	0	0.25	13	0	0	0	13	0	0	2.381		100.025	97.5485	0.0777479	0	0.777285	0.0242351	13.4305	1		0.0088623	12.0705	47.394	0	0	0	
2024-06-17 06:07:38	514	1060	1	0	0	1	5	0	0	0	5	0	0	1.25	5	0	0	0	5	0	0	0.216		100.031	98.3809	0.730369	0	7.30143	0.235783	11.4691	1		0.0088623	12.0705	48.9533	0	0	0	
2024-06-17 06:13:55	557	1061	5	0	0	4	17	0	0	0	17	0	0	1.5	17	0	0	0	17	0	0	2.165		100.02	93.2733	0.0855518	0	0.85535	0.239889	13.4358	1		0.0088623	12.0616	46.6143	0	0	0	
2024-06-17 06:22:45	617	1062	9	0	0	1.5	7	0	0	0	7	0	0	6.25	7	0	0	0	7	0	0	4.113		100.018	89.1361	0.0569443	0	0.569341	0.913537	16.9921	2		0	12.0705	45.9646	0	0	0	
2024-06-17 06:20:11	599	1063	9	0	0	7.75	32	0	0	0	32	0	0	5.25	32	0	0	0	32	0	0	2.165		100.018	89.9725	0.0878449	0	0.878292	0.182241	13.7962	1		0.0088623	12.0705	46.0945	0	0	0	
2024-06-17 06:20:55	604	1064	9	0	0	7.75	32	0	0	0	32	0	0	4	32	0	0	0	32	0	0	3.247		100.021	89.6118	0.0593928	0	0.593805	0.0230032	13.9912	1		0.0088623	12.0705	46.0945	0	0	0	
2024-06-17 06:16:14	573	1065	1	0	0	6	25	0	0	0	25	0	0	1.25	25	0	0	0	25	0	0	4.113		100.017	92.1282	0.0583703	0	0.583604	0.393055	17.4177	1		0	12.0616	46.3544	0	0	0	
2024-06-17 06:13:55	557	1066	1	0	0	4	17	0	0	0	17	0	0	3.5	17	0	0	0	17	0	0	0.433		100.02	93.2733	0.491159	0	4.91063	0.302689	15.4272	1		0.0088623	12.0616	46.6143	0	0	0	
2024-06-17 06:06:42	508	1067	5	0	0	0	1	0	0	0	1	0	0	1	1	0	0	0	1	0	0	0.866		100.035	98.8528	0.240398	0	2.40313	0.310645	15.0993	2		0.0088623	12.0705	49.733	0	0	0	
2024-06-17 06:09:33	527	1068	5	0	0	2	9	0	0	0	9	0	0	5.25	9	0	0	0	9	0	0	2.814		100.03	98.9759	0.0764972	0	0.76474	0.147063	15.6163	1		0	12.0705	48.0437	0	0	0	
2024-06-17 06:09:07	524	1069	9	0	0	2	9	0	0	0	9	0	0	4	9	0	0	0	9	0	0	1.732		100.028	98.2615	0.108552	0	1.08522	0.368913	13.6373	1		0.0088623	12.0705	48.1737	0	0	0	
2024-06-17 06:27:18	649	1070	1	0	0	3.5	15	0	0	0	15	0	0	2.25	15	0	0	0	15	0	0	1.082		100.02	90.026	0.176388	0	1.76352	0.219592	13.8506	1		0	12.0616	46.0945	0	0	0	
2024-06-17 06:19:42	596	1071	1	0	0	7	29	0	0	0	29	0	0	3	29	0	0	0	29	0	0	3.464		100.022	92.8107	0.0589626	0	0.589497	0.0745136	14.8157	1		0	12.0705	45.9646	0	0	0	
2024-06-17 06:08:15	518	1072	1	0	0	1	5	0	0	0	5	0	0	2.5	5	0	0	0	5	0	0	1.299		100.031	99.0317	0.143197	0	1.43153	0.0152059	13.4918	1		0	12.0705	48.5635	0	0	0	
2024-06-17 06:05:40	501	1073	9	0	0	0	1	0	0	0	1	0	0	6.75	1	0	0	0	1	0	0	5.845		100.038	98.8347	0.0410768	0	0.410611	0.0309453	17.4146	1		0.0088623	12.0705	50.6426	0	0	0	
2024-06-17 06:23:58	625	1074	1	0	0	2.75	12	0	0	0	12	0	0	3	12	0	0	0	12	0	0	0.216		100.018	89.9747	0.731644	0	7.31512	0.412715	11.4906	1		0	12.0705	46.0945	0	0	0	
2024-06-17 06:14:37	562	1075	1	0	0	5	21	0	0	0	21	0	0	1	21	0	0	0	21	0	0	3.464		100.017	93.778	0.0617183	0	0.617081	0.144231	15.5089	1		0.0088623	12.0616	46.3544	0	0	0	
2024-06-17 06:29:36	665	1076	1	0	0	0.5	3	0	0	7.25	3	0	0	2.75	3	0	0	5	3	0	0	1.168		100.031	20.1545	0.0814866	0	0.81461	0.246577	11.5163	2		0	12.0705	46.3544	0	0	0	
2024-06-17 06:24:47	631	1077	9	0	0	6.75	28	0	0	0	28	0	0	7	28	0	0	0	28	0	0	0.216		100.026	91.457	0.776452	0	7.76249	0.511846	12.1933	1		0	12.0705	46.2245	0	0	0	
2024-06-17 06:10:31	534	1078	1	0	0	2	9	0	0	0	9	0	0	0.75	9	0	0	0	9	0	0	1.082		100.03	97.5386	0.168464	0	1.68413	0.138408	13.2271	1		0.0088623	12.0705	47.6539	0	0	0	
2024-06-17 06:10:59	537	1079	9	0	0	3	13	0	0	0	13	0	0	6	13	0	0	0	13	0	0	2.598		100.025	96.7271	0.0775788	0	0.775598	0.186535	14.6197	1		0.0088623	12.0705	47.264	0	0	0	
2024-06-17 06:11:24	540	1080	9	0	0	3	13	0	0	0	13	0	0	4.75	13	0	0	0	13	0	0	1.515		100.024	96.5325	0.126532	0	1.26501	0.10434	13.9095	1		0.0088623	12.0705	47.264	0	0	0	
2024-06-17 06:07:48	515	1081	9	0	0	1	5	0	0	0	5	0	0	7.75	5	0	0	0	5	0	0	5.845		100.033	99.11	0.0391087	0	0.390959	0.331967	16.5812	1		0	12.0616	48.8234	0	0	0	
2024-06-17 06:07:56	516	1082	5	0	0	1	5	0	0	0	5	0	0	6.5	5	0	0	0	5	0	0	4.762		100.03	98.7196	0.0513133	0	0.512978	0.0680297	17.7273	1		0.0088623	12.0705	48.6935	0	0	0	
2024-06-17 06:16:42	576	1083	9	0	0	6	25	0	0	0	25	0	0	5.5	25	0	0	0	25	0	0	0.433		100.017	93.6322	0.489625	0	4.89544	0.492148	15.3795	1		0	12.0616	46.3544	0	0	0	
2024-06-17 06:16:50	577	1084	5	0	0	6	25	0	0	0	25	0	0	4.25	25	0	0	0	25	0	0	1.515		100.016	94.2139	0.132576	0	1.32555	0.0757977	14.5752	1		0	12.0616	46.3544	0	0	0	
2024-06-17 06:15:56	571	1085	5	0	0	5	21	0	0	0	21	0	0	2.75	21	0	0	0	21	0	0	1.948		100.013	92.9474	0.0963155	0	0.963026	0.114207	13.6145	1		0.0088623	12.0616	46.3544	0	0	0	
2024-06-17 06:08:06	517	1086	1	0	0	1	5	0	0	0	5	0	0	0.5	5	0	0	0	5	0	0	0.433		100.029	99.7873	0.458675	0	4.58541	0.310006	14.4055	1		0.0088623	12.0705	48.6935	0	0	0	
2024-06-17 06:12:53	550	1087	1	0	0	4	17	0	0	0	17	0	0	0.75	17	0	0	0	17	0	0	2.814		100.02	94.0058	0.0687286	0	0.687149	0.108055	14.0318	1		0.0088623	12.0616	46.6143	0	0	0	
2024-06-17 06:21:38	609	1088	1	0	0	7.75	32	0	0	0	32	0	0	3.25	32	0	0	0	32	0	0	3.897		100.023	92.6051	0.0500364	0	0.500247	0.210812	14.1442	1		0.0088623	12.0705	46.2245	0	0	0	
2024-06-17 06:28:48	660	1089	1	0	0	2.75	12	0	0	5	12	0	0	0.5	12	0	0	7.25	12	0	0	1.168		100.031	19.8374	0.0797715	0	0.797465	0.463966	11.2739	1		0.0088623	12.0705	46.0945	0	0	0	
2024-06-17 06:22:56	618	1090	9	0	0	1.25	6	0	0	0	6	0	0	6.5	6	0	0	0	6	0	0	4.546		100.026	91.9467	0.0518237	0	0.518101	0.796537	17.0905	1		0.0088623	12.0705	46.2245	0	0	0	
2024-06-17 06:16:34	575	1091	1	0	0	6	25	0	0	0	25	0	0	0.5	25	0	0	0	25	0	0	4.762		100.015	91.0014	0.0543463	0	0.543384	0.0358659	18.778	1		0.0088623	12.0616	46.2245	0	0	0	
2024-06-17 06:13:11	552	1092	1	0	0	4	17	0	0	0	17	0	0	2.75	17	0	0	0	17	0	0	1.082		100.022	94.7246	0.18013	0	1.8009	0.192152	14.1442	1		0.0088623	12.0705	46.6143	0	0	0	
2024-06-17 06:07:03	510	1093	1	0	0	0	1	0	0	0	1	0	0	0.25	1	0	0	0	1	0	0	0.216		100.035	99.7455	0.725639	0	7.25386	0.0866015	11.3943	1		0.0088623	12.0705	49.2132	0	0	0	
2024-06-17 06:09:33	527	1094	1	0	0	2	9	0	0	0	9	0	0	3.25	9	0	0	0	9	0	0	1.082		100.03	98.9759	0.176879	0	1.76825	0.249648	13.8878	1		0	12.0705	48.0437	0	0	0	
2024-06-17 06:19:35	595	1095	1	0	0	7	29	0	0	0	29	0	0	1.75	29	0	0	0	29	0	0	4.546		100.023	90.9618	0.0501493	0	0.501379	0.385723	16.5389	1		0.0088623	12.0616	46.0945	0	0	0	
2024-06-17 06:06:10	504	1096	9	0	0	0	1	0	0	0	1	0	0	6	1	0	0	0	1	0	0	5.195		100.036	98.0044	0.0490486	0	0.490309	0.343046	18.4842	1		0.0088623	12.0705	49.9929	0	0	0	
2024-06-17 06:05:25	500	1097	9	0	0	0	1	0	0	0	1	0	0	4.75	1	0	0	0	1	0	0	4.113		100.034	90.8775	0.0528183	0	0.528005	0.137007	15.7584	4		0.0088623	12.0705	50.9025	0	0	0	
2024-06-17 06:26:28	643	1098	1	0	0	7.25	30	0	0	0	30	0	0	0.5	30	0	0	0	30	0	0	5.845		100.021	90.3017	0.049021	0	0.490107	0.675279	20.7862	1		0	12.0705	46.0945	0	0	0	
2024-06-17 06:14:56	564	1099	1	0	0	5	21	0	0	0	21	0	0	0.25	21	0	0	0	21	0	0	4.113		100.015	93.5532	0.0516115	0	0.516038	0.0651604	15.4012	1		0	12.0616	46.4844	0	0	0	
2024-06-17 06:14:29	561	1100	5	0	0	5	21	0	0	0	21	0	0	6.75	21	0	0	0	21	0	0	1.515		100.018	94.5673	0.135749	0	1.35725	0.106754	14.9237	1		0.0088623	12.0616	46.6143	0	0	0	
2024-06-17 06:12:08	545	1101	5	0	0	3	13	0	0	0	13	0	0	2.25	13	0	0	0	13	0	0	0.649		100.018	95.4208	0.305268	0	3.05213	0.289738	14.3828	1		0	12.0616	47.1341	0	0	0	
2024-06-17 06:10:24	533	1102	5	0	0	2	9	0	0	0	9	0	0	0	9	0	0	0	9	0	0	1.732		100.031	97.9365	0.123672	0	1.23633	0.347453	15.5362	1		0.0088623	12.0705	47.6539	0	0	0	
2024-06-17 06:24:56	632	1103	9	0	0	6.5	27	0	0	0	27	0	0	7.25	27	0	0	0	27	0	0	0.649		100.029	91.9219	0.329861	0	3.29766	0.222289	15.5399	1		0.0088623	12.0705	46.2245	0	0	0	
2024-06-17 06:20:20	600	1104	5	0	0	7.75	32	0	0	0	32	0	0	7.25	32	0	0	0	32	0	0	0.433		100.015	90.2951	0.470749	0	4.70676	0.777631	14.7867	1		0.0088623	12.0705	45.9646	0	0	0	
2024-06-17 06:26:35	644	1105	1	0	0	7.5	31	0	0	0	31	0	0	0.25	31	0	0	0	31	0	0	6.278		100.022	91.0937	0.0365293	0	0.365212	0.673997	16.6365	1		0.0088623	12.0616	45.9646	0	0	0	
2024-06-17 06:23:32	622	1106	1	0	0	0.75	4	0	0	0	4	0	0	1	4	0	0	0	4	0	0	0.216		100.025	91.7388	0.723801	0	7.23622	0.33895	11.3666	1		0.0088623	11.9375	46.2245	0	0	0	
2024-06-17 06:25:46	638	1107	1	0	0	5.5	23	0	0	0	23	0	0	2.25	23	0	0	0	23	0	0	2.814		100.023	88.7524	0.0807494	0	0.807309	0.811969	16.4855	1		0	12.0705	46.0945	0	0	0	
2024-06-17 06:12:44	549	1108	5	0	0	4	17	0	0	0	17	0	0	6.75	17	0	0	0	17	0	0	2.381		100.022	93.8973	0.0838787	0	0.8386	0.0239548	14.49	1		0.0088623	12.0705	46.8742	0	0	0	
2024-06-17 06:10:59	537	1109	5	0	0	3	13	0	0	0	13	0	0	5.25	13	0	0	0	13	0	0	1.948		100.025	96.7271	0.0991011	0	0.990767	0.0375265	14.0066	1		0.0088623	12.0705	47.264	0	0	0	
2024-06-17 06:11:34	541	1110	9	0	0	3	13	0	0	0	13	0	0	4	13	0	0	0	13	0	0	0.866		100.026	95.6522	0.236257	0	2.36196	0.202817	14.8406	1		0.0088623	12.0705	47.1341	0	0	0	
2024-06-17 06:09:42	528	1111	5	0	0	2	9	0	0	0	9	0	0	7.25	9	0	0	0	9	0	0	4.546		100.025	97.6119	0.0537059	0	0.536927	0.805656	17.7115	1		0	12.0705	47.7838	0	0	0	
2024-06-17 06:18:01	585	1112	5	0	0	7	29	0	0	0	29	0	0	7.5	29	0	0	0	29	0	0	0.433		100.016	90.9171	0.462706	0	4.62632	0.267873	14.534	2		0.0088623	12.0705	46.2245	0	0	0	
2024-06-17 06:18:13	586	1113	5	0	0	7	29	0	0	0	29	0	0	6.25	29	0	0	0	29	0	0	0.649		100.016	90.2757	0.336377	0	3.36321	0.515056	15.8488	1		0	12.0616	46.2245	0	0	0	
2024-06-17 06:07:38	514	1114	9	0	0	1	5	0	0	0	5	0	0	5.75	5	0	0	0	5	0	0	4.113		100.031	98.3809	0.0530352	0	0.530188	0.192052	15.8235	1		0.0088623	12.0705	48.9533	0	0	0	
2024-06-17 06:08:15	518	1115	9	0	0	1	5	0	0	0	5	0	0	4.5	5	0	0	0	5	0	0	3.031		100.031	99.0317	0.069319	0	0.692975	0.0254228	15.2393	1		0	12.0705	48.5635	0	0	0	
2024-06-17 06:17:43	583	1116	1	0	0	6	25	0	0	0	25	0	0	3.5	25	0	0	0	25	0	0	2.165		100.018	93.6139	0.0887369	0	0.887207	0.213372	13.9362	1		0	12.0616	46.3544	0	0	0	
2024-06-17 06:12:27	547	1117	1	0	0	4	17	0	0	0	17	0	0	0	17	0	0	0	17	0	0	3.464		100.025	94.1613	0.060239	0	0.602242	0.171801	15.136	1		0	12.0705	46.8742	0	0	0	
2024-06-17 06:20:46	603	1118	1	0	0	7.75	32	0	0	0	32	0	0	2.5	32	0	0	0	32	0	0	4.546		100.016	90.2574	0.0455978	0	0.455908	0.11026	15.0389	1		0.0088623	12.0705	46.0945	0	0	0	
2024-06-17 06:09:42	528	1119	1	0	0	2	9	0	0	0	9	0	0	2.5	9	0	0	0	9	0	0	0.433		100.025	97.6119	0.439746	0	4.39638	0.299943	13.8116	1		0	12.0705	47.7838	0	0	0	
2024-06-17 06:19:14	593	1120	5	0	0	7	29	0	0	0	29	0	0	1	29	0	0	0	29	0	0	5.195		100.014	88.9684	0.045751	0	0.457446	0.260923	17.2453	2		0.0088623	12.0616	46.2245	0	0	0	
2024-06-17 06:05:49	502	1121	9	0	0	0	1	0	0	0	1	0	0	5.25	1	0	0	0	1	0	0	4.546		100.036	99.3316	0.05093	0	0.509114	0.0645295	16.794	1		0.0088623	12.0705	50.3827	0	0	0	
2024-06-17 06:05:11	499	1122	5	0	0	0	1	0	0	0	1	0	0	4	1	0	0	0	1	0	0	3.464		100.036	87.7838	0.0605346	0	0.605127	0.539774	15.2085	1		0.0088623	12.0793	51.0325	0	0	0	
2024-06-17 06:21:22	607	1123	1	0	0	7.75	32	0	0	0	32	0	0	1.75	32	0	0	0	32	0	0	5.195		100.018	89.5607	0.0410757	0	0.410681	0.740393	15.4823	1		0	12.0705	46.0945	0	0	0	
2024-06-17 06:14:20	560	1124	9	0	0	5	21	0	0	0	21	0	0	6	21	0	0	0	21	0	0	0.866		100.019	94.6073	0.246752	0	2.46705	0.480299	15.5009	1		0.0088623	12.0705	46.6143	0	0	0	
2024-06-17 06:15:21	567	1125	5	0	0	5	21	0	0	0	21	0	0	4.75	21	0	0	0	21	0	0	0.216		100.02	94.7359	0.751852	0	7.51699	0.409223	11.8077	1		0	12.0616	46.4844	0	0	0	
2024-06-17 06:11:34	541	1126	1	0	0	3	13	0	0	0	13	0	0	1.5	13	0	0	0	13	0	0	1.299		100.026	95.6522	0.141438	0	1.41402	0.0312408	13.3268	1		0.0088623	12.0705	47.1341	0	0	0	
2024-06-17 06:21:04	605	1127	5	0	0	7.75	32	0	0	0	32	0	0	6.5	32	0	0	0	32	0	0	1.082		100.018	90.0501	0.192032	0	1.91998	0.0891539	15.0795	1		0.0088623	12.0705	45.9646	0	0	0	
2024-06-17 06:22:28	615	1128	9	0	0	2.25	10	0	0	0	10	0	0	5.5	10	0	0	0	10	0	0	2.814		100.023	93.349	0.0776974	0	0.776794	0.147803	15.8624	1		0.0088623	12.0616	45.9646	0	0	0	
2024-06-17 06:28:40	659	1129	1	0	0	3	13	0	0	4.75	13	0	0	1.25	13	0	0	6.5	13	0	0	0.908		100.034	20.0484	0.10453	0	1.04495	0.286131	11.4898	1		0.0088623	12.0616	46.2245	0	0	0	
2024-06-17 06:13:11	552	1130	9	0	0	4	17	0	0	0	17	0	0	6	17	0	0	0	17	0	0	1.732		100.022	94.7246	0.114211	0	1.14186	0.120519	14.349	1		0.0088623	12.0705	46.6143	0	0	0	
2024-06-17 06:12:53	550	1131	5	0	0	4	17	0	0	0	17	0	0	4.75	17	0	0	0	17	0	0	0.649		100.02	94.0058	0.340626	0	3.40558	0.231892	16.0484	1		0.0088623	12.0616	46.6143	0	0	0	
2024-06-17 06:06:26	506	1132	1	0	0	0	1	0	0	0	1	0	0	2.25	1	0	0	0	1	0	0	1.948		100.039	100.784	0.105401	0	1.0536	0.240771	14.8949	1		0.0088623	12.0705	49.4731	0	0	0	
2024-06-17 06:28:32	658	1133	1	0	0	3.25	14	0	0	4.5	14	0	0	2	14	0	0	5.75	14	0	0	0.649		100.03	19.933	0.176289	0	1.76236	0.386772	13.8415	1		0.0088623	12.0616	46.2245	0	0	0	
2024-06-17 06:12:00	544	1134	5	0	0	3	13	0	0	0	13	0	0	3.25	13	0	0	0	13	0	0	0.216		100.024	96.3566	0.744772	0	7.44595	0.37471	11.6961	1		0	12.0705	47.1341	0	0	0	
2024-06-17 06:09:59	530	1135	5	0	0	2	9	0	0	0	9	0	0	7.75	9	0	0	0	9	0	0	4.979		100.03	98.6991	0.0432499	0	0.432367	0.443794	15.6207	1		0.0088623	12.0705	47.9138	0	0	0	
2024-06-17 06:09:25	526	1136	9	0	0	2	9	0	0	0	9	0	0	6.5	9	0	0	0	9	0	0	3.897		100.026	97.7147	0.0554223	0	0.55408	0.299448	15.6662	1		0.0088623	12.0705	48.0437	0	0	0	
2024-06-17 06:19:05	592	1137	5	0	0	7	29	0	0	0	29	0	0	5.5	29	0	0	0	29	0	0	1.299		100.014	90.6903	0.157419	0	1.57397	0.171149	14.8343	1		0.0088623	12.0705	46.0945	0	0	0	
2024-06-17 06:18:38	589	1138	5	0	0	7	29	0	0	0	29	0	0	4.25	29	0	0	0	29	0	0	2.381		100.019	92.9998	0.0833579	0	0.833418	0.0462343	14.4004	1		0.0088623	12.0616	46.2245	0	0	0	
2024-06-17 06:07:38	514	1139	5	0	0	1	5	0	0	0	5	0	0	5	5	0	0	0	5	0	0	3.464		100.031	98.3809	0.0626908	0	0.626713	0.131879	15.751	1		0.0088623	12.0705	48.9533	0	0	0	
2024-06-17 06:08:32	520	1140	5	0	0	1	5	0	0	0	5	0	0	3.75	5	0	0	0	5	0	0	2.381		100.031	99.0451	0.0803756	0	0.803504	0.0590944	13.8836	1		0.0088623	12.0705	48.4336	0	0	0	
2024-06-17 06:17:00	578	1141	1	0	0	6	25	0	0	0	25	0	0	2.75	25	0	0	0	25	0	0	2.814		100.017	93.2243	0.0714194	0	0.714071	0.2759	14.5816	1		0	12.0705	46.3544	0	0	0	
2024-06-17 06:15:13	566	1142	1	0	0	5	21	0	0	0	21	0	0	2.25	21	0	0	0	21	0	0	2.381		100.02	92.8212	0.0803126	0	0.802965	0.288726	13.8742	1		0.0088623	12.0616	46.3544	0	0	0	
2024-06-17 06:18:56	591	1143	1	0	0	7	29	0	0	0	29	0	0	0.25	29	0	0	0	29	0	0	5.845		100.015	91.218	0.0405929	0	0.405867	0.361219	17.2134	1		0	12.0705	46.2245	0	0	0	
2024-06-17 06:05:49	502	1144	1	0	0	0	1	0	0	0	1	0	0	3.25	1	0	0	0	1	0	0	2.814		100.036	99.3316	0.0696936	0	0.696682	0.0790991	14.2265	1		0.0088623	12.0705	50.3827	0	0	0	
2024-06-17 06:11:08	538	1145	9	0	0	3	13	0	0	0	13	0	0	7.25	13	0	0	0	13	0	0	3.68		100.022	96.3233	0.0649636	0	0.64949	0.31825	17.3437	1		0.0088623	12.0705	47.394	0	0	0	
2024-06-17 06:16:14	573	1146	5	0	0	6	25	0	0	0	25	0	0	6.75	25	0	0	0	25	0	0	0.649		100.017	92.1282	0.348905	0	3.48845	0.539406	16.439	1		0	12.0616	46.3544	0	0	0	
2024-06-17 06:21:47	610	1147	9	0	0	3.75	16	0	0	0	16	0	0	4	16	0	0	0	16	0	0	0.216		100.018	91.1933	0.81727	0	8.17122	0.352823	12.8353	1		0.0088623	12.0616	46.0945	0	0	0	
2024-06-17 06:20:11	599	1148	1	0	0	7.75	32	0	0	0	32	0	0	1	32	0	0	0	32	0	0	5.845		100.018	89.9725	0.0377085	0	0.377017	0.107409	15.9899	1		0.0088623	12.0705	46.0945	0	0	0	
2024-06-17 06:14:56	564	1149	9	0	0	5	21	0	0	0	21	0	0	5.25	21	0	0	0	21	0	0	0.216		100.015	93.5532	0.770429	0	7.70314	0.420755	12.1001	1		0	12.0616	46.4844	0	0	0	
2024-06-17 06:15:05	565	1150	5	0	0	5	21	0	0	0	21	0	0	4	21	0	0	0	21	0	0	0.866		100.018	93.1102	0.243653	0	2.43609	0.183692	15.3064	1		0.0088623	12.0705	46.4844	0	0	0	
2024-06-17 06:10:59	537	1151	1	0	0	3	13	0	0	0	13	0	0	0.75	13	0	0	0	13	0	0	1.948		100.025	96.7271	0.0932261	0	0.932032	0.0872163	13.1763	1		0.0088623	12.0705	47.264	0	0	0	
2024-06-17 06:08:32	520	1152	1	0	0	1	5	0	0	0	5	0	0	1.75	5	0	0	0	5	0	0	0.649		100.031	99.0451	0.301834	0	3.0174	0.12423	14.2192	1		0.0088623	12.0705	48.4336	0	0	0	
2024-06-17 06:13:01	551	1153	1	0	0	4	17	0	0	0	17	0	0	2	17	0	0	0	17	0	0	1.732		100.022	95.9408	0.107506	0	1.07483	0.157134	13.5067	1		0.0088623	12.0705	46.8742	0	0	0	
2024-06-17 06:20:55	604	1154	5	0	0	7.75	32	0	0	0	32	0	0	5.75	32	0	0	0	32	0	0	1.732		100.021	89.6118	0.113212	0	1.13189	0.139426	14.2237	1		0.0088623	12.0705	46.0945	0	0	0	
2024-06-17 06:20:20	600	1155	9	0	0	7.75	32	0	0	0	32	0	0	4.5	32	0	0	0	32	0	0	2.814		100.015	90.2951	0.0679665	0	0.67956	0.190941	13.8769	1		0.0088623	12.0705	45.9646	0	0	0	
2024-06-17 06:24:15	627	1156	1	0	0	2.25	10	0	0	0	10	0	0	3.5	10	0	0	0	10	0	0	1.082		100.02	90.8334	0.176678	0	1.76642	0.105669	13.8734	1		0	12.0616	46.0945	0	0	0	
2024-06-17 06:23:24	621	1157	9	0	0	0.25	2	0	0	0	2	0	0	7.5	2	0	0	0	2	0	0	6.278		100.023	91.2729	0.0377631	0	0.377542	0.103532	17.1982	1		0	12.0616	46.2245	0	0	0	
2024-06-17 06:17:52	584	1158	1	0	0	6	25	0	0	0	25	0	0	1.75	25	0	0	0	25	0	0	3.68		100.017	93.9926	0.062562	0	0.625515	0.521662	16.7035	1		0.0088623	12.0705	46.2245	0	0	0	
2024-06-17 06:12:35	548	1159	1	0	0	4	17	0	0	0	17	0	0	5.25	17	0	0	0	17	0	0	1.082		100.024	94.1614	0.192857	0	1.92811	0.20562	15.1433	1		0.0088623	12.0705	46.8742	0	0	0	
2024-06-17 06:06:34	507	1160	5	0	0	0	1	0	0	0	1	0	0	1.5	1	0	0	0	1	0	0	1.299		100.037	101.145	0.146708	0	1.46654	0.604477	13.8218	1		0.0088623	12.0705	49.733	0	0	0	
2024-06-17 06:10:50	536	1161	1	0	0	3	13	0	0	0	13	0	0	2.5	13	0	0	0	13	0	0	0.433		100.024	96.5079	0.444021	0	4.43914	0.471232	13.946	1		0.0088623	12.0705	47.394	0	0	0	
2024-06-17 06:09:07	524	1162	5	0	0	2	9	0	0	0	9	0	0	5.75	9	0	0	0	9	0	0	3.247		100.028	98.2615	0.065076	0	0.650579	0.566596	15.3289	1		0.0088623	12.0705	48.1737	0	0	0	
2024-06-17 06:08:58	523	1163	5	0	0	2	9	0	0	0	9	0	0	4.5	9	0	0	0	9	0	0	2.165		100.029	98.7549	0.0889029	0	0.888772	0.0963234	13.9608	1		0.0088623	12.0705	48.1737	0	0	0	
2024-06-17 06:19:05	592	1164	1	0	0	7	29	0	0	0	29	0	0	3.5	29	0	0	0	29	0	0	3.031		100.014	90.6903	0.0653942	0	0.653853	0.0961395	14.379	1		0.0088623	12.0705	46.0945	0	0	0	
2024-06-17 06:08:41	521	1165	1	0	0	1	5	0	0	0	5	0	0	3	5	0	0	0	5	0	0	1.732		100.029	98.5956	0.105762	0	1.05732	0.0392174	13.2866	1		0	12.0705	48.4336	0	0	0	
2024-06-17 06:06:26	506	1166	9	0	0	0	1	0	0	0	1	0	0	7.25	1	0	0	0	1	0	0	6.278		100.039	100.784	0.0413364	0	0.413202	0.989059	18.8226	1		0.0088623	12.0705	49.4731	0	0	0	
2024-06-17 06:14:20	560	1167	1	0	0	5	21	0	0	0	21	0	0	1.5	21	0	0	0	21	0	0	3.031		100.019	94.6073	0.0668356	0	0.668229	0.271371	14.6951	1		0.0088623	12.0705	46.6143	0	0	0	
2024-06-17 06:09:59	530	1168	1	0	0	2	9	0	0	0	9	0	0	1.25	9	0	0	0	9	0	0	0.649		100.03	98.6991	0.293236	0	2.93147	0.187669	13.8142	1		0.0088623	12.0705	47.9138	0	0	0	
2024-06-17 06:26:51	646	1169	1	0	0	1.5	7	0	0	0	7	0	0	0.25	7	0	0	0	7	0	0	1.082		100.025	90.5302	0.173661	0	1.73617	0.178229	13.6359	1		0.0088623	12.0616	46.2245	0	0	0	
2024-06-17 06:06:54	509	1170	5	0	0	0	1	0	0	0	1	0	0	2.5	1	0	0	0	1	0	0	2.165		100.04	99.9509	0.0892317	0	0.891963	0.7157	14.0109	1		0	12.0705	49.4731	0	0	0	
2024-06-17 06:26:02	640	1171	1	0	0	6.25	26	0	0	0	26	0	0	1.5	26	0	0	0	26	0	0	4.113		100.021	91.028	0.0558196	0	0.558076	0.397456	16.6558	1		0	12.0616	46.2245	0	0	0	
2024-06-17 06:27:59	654	1172	9	0	0	7.25	30	0	0	0	30	0	0	6.5	30	0	0	0	30	0	0	0.649		100.018	89.5656	0.325992	0	3.25932	0.324518	15.3592	1		0	12.0616	46.0945	0	0	0	
2024-06-17 06:11:43	542	1173	5	0	0	3	13	0	0	0	13	0	0	7.75	13	0	0	0	13	0	0	4.113		100.023	95.8935	0.0498948	0	0.498831	0.306317	14.8877	1		0.0088623	12.0705	47.1341	0	0	0	
2024-06-17 06:11:15	539	1174	5	0	0	3	13	0	0	0	13	0	0	6.5	13	0	0	0	13	0	0	3.031		100.025	97.5485	0.0682733	0	0.682563	0.0681548	15.0103	1		0.0088623	12.0705	47.394	0	0	0	
2024-06-17 06:07:29	513	1175	9	0	0	1	5	0	0	0	5	0	0	7	5	0	0	0	5	0	0	5.195		100.033	98.198	0.0453253	0	0.453102	0.165248	17.0816	1		0.0088623	12.0705	49.0833	0	0	0	
2024-06-17 06:17:00	578	1176	9	0	0	6	25	0	0	0	25	0	0	4.75	25	0	0	0	25	0	0	1.082		100.017	93.2243	0.191435	0	1.91402	0.185654	15.0327	1		0	12.0705	46.3544	0	0	0	
2024-06-17 06:20:29	601	1177	1	0	0	7.75	32	0	0	0	32	0	0	0.25	32	0	0	0	32	0	0	6.494		100.013	90.1978	0.0341936	0	0.341892	0.0825455	16.1113	1		0	12.0616	46.0945	0	0	0	
2024-06-17 06:15:38	569	1178	1	0	0	5	21	0	0	0	21	0	0	3.25	21	0	0	0	21	0	0	1.515		100.014	93.7146	0.124865	0	1.24848	0.143103	13.7277	1		0.0088623	12.0616	46.3544	0	0	0	
2024-06-17 06:11:50	543	1179	1	0	0	3	13	0	0	0	13	0	0	0	13	0	0	0	13	0	0	2.598		100.029	96.9691	0.0756717	0	0.756499	0.493018	14.2597	1		0.0088623	12.0616	47.1341	0	0	0	
2024-06-17 06:21:55	611	1180	9	0	0	3.5	15	0	0	0	15	0	0	4.25	15	0	0	0	15	0	0	0.649		100.024	92.4539	0.326468	0	3.2639	0.231957	15.3808	1		0.0088623	12.0616	46.0945	0	0	0	
2024-06-17 06:13:19	553	1181	1	0	0	4	17	0	0	0	17	0	0	1.25	17	0	0	0	17	0	0	2.381		100.022	94.1823	0.0799207	0	0.799029	0.0833625	13.8062	1		0.0088623	12.0616	46.7443	0	0	0	
2024-06-17 06:20:29	601	1182	9	0	0	7.75	32	0	0	0	32	0	0	5	32	0	0	0	32	0	0	2.381		100.013	90.1978	0.0798673	0	0.798569	0.00451092	13.7983	1		0	12.0616	46.0945	0	0	0	
2024-06-17 06:21:04	605	1183	1	0	0	7.75	32	0	0	0	32	0	0	3.75	32	0	0	0	32	0	0	3.464		100.018	90.0501	0.0560173	0	0.560075	0.0764103	14.0762	1		0.0088623	12.0705	45.9646	0	0	0	
2024-06-17 06:29:27	664	1184	1	0	0	1.25	6	0	0	6.5	6	0	0	3	6	0	0	4.75	6	0	0	0.908		100.034	19.9277	0.106699	0	1.06663	0.567737	11.7282	1		0	12.0616	46.3544	0	0	0	
2024-06-17 06:16:23	574	1185	1	0	0	6	25	0	0	0	25	0	0	1	25	0	0	0	25	0	0	4.33		100.016	90.355	0.0554265	0	0.554179	0.0218146	17.4101	2		0.0088623	12.0705	46.3544	0	0	0	
2024-06-17 06:14:03	558	1186	5	0	0	4	17	0	0	0	17	0	0	3.25	17	0	0	0	17	0	0	0.649		100.021	95.1873	0.3268	0	3.26732	0.210089	15.3969	1		0.0088623	12.0705	46.7443	0	0	0	
2024-06-17 06:05:25	500	1187	1	0	0	0	1	0	0	0	1	0	0	0.75	1	0	0	0	1	0	0	0.649		100.034	90.8775	0.802663	0	8.02392	4.75084	37.8118	4		0.0088623	12.0705	50.9025	0	0	0	
2024-06-17 06:28:57	661	1188	1	0	0	3.5	15	0	0	4.25	15	0	0	3.75	15	0	0	4	15	0	0	0.13		100.032	19.0989	0.566927	0	5.66748	0.06642	8.90246	1		0.0088623	12.0705	46.0945	0	0	0	
2024-06-17 06:09:16	525	1189	5	0	0	2	9	0	0	0	9	0	0	5	9	0	0	0	9	0	0	2.598		100.022	97.4817	0.0766399	0	0.766228	0.226843	14.4431	1		0.0088623	12.0705	47.9138	0	0	0	
2024-06-17 06:09:07	524	1190	1	0	0	2	9	0	0	0	9	0	0	3.75	9	0	0	0	9	0	0	1.515		100.028	98.2615	0.128737	0	1.28701	0.284576	14.1514	1		0.0088623	12.0705	48.1737	0	0	0	
2024-06-17 06:19:42	596	1191	5	0	0	7	29	0	0	0	29	0	0	2.75	29	0	0	0	29	0	0	3.68		100.022	92.8107	0.0563604	0	0.56348	0.114828	15.0469	1		0	12.0705	45.9646	0	0	0	
2024-06-17 06:19:51	597	1192	1	0	0	7	29	0	0	0	29	0	0	2.25	29	0	0	0	29	0	0	4.113		100.015	91.6814	0.0516286	0	0.51621	0.101787	15.4064	1		0	12.0705	46.0945	0	0	0	
2024-06-17 06:05:58	503	1193	9	0	0	0	1	0	0	0	1	0	0	7.75	1	0	0	0	1	0	0	6.711		100.036	97.8568	0.0354127	0	0.353998	0.165847	17.2378	2		0.0088623	12.0705	50.2528	0	0	0	
2024-06-17 06:06:19	505	1194	9	0	0	0	1	0	0	0	1	0	0	6.5	1	0	0	0	1	0	0	5.628		100.033	99.3378	0.0422319	0	0.422178	0.25029	17.242	1		0.0088623	12.0705	49.733	0	0	0	
2024-06-17 06:15:05	565	1195	1	0	0	5	21	0	0	0	21	0	0	0.75	21	0	0	0	21	0	0	3.68		100.018	93.1102	0.0580979	0	0.580873	0.0058694	15.5114	1		0.0088623	12.0705	46.4844	0	0	0	
2024-06-17 06:15:05	565	1196	9	0	0	5	21	0	0	0	21	0	0	7.25	21	0	0	0	21	0	0	1.948		100.018	93.1102	0.111931	0	1.11911	0.516909	15.8211	1		0.0088623	12.0705	46.4844	0	0	0	
2024-06-17 06:27:50	653	1197	9	0	0	5.75	24	0	0	0	24	0	0	4	24	0	0	0	24	0	0	1.515		100.022	91.177	0.129654	0	1.29626	0.234041	14.2531	1		0.0088623	12.0705	46.2245	0	0	0	
2024-06-17 06:24:32	629	1198	9	0	0	4.5	19	0	0	0	19	0	0	5.25	19	0	0	0	19	0	0	0.649		100.021	90.8316	0.327016	0	3.26946	0.158239	15.407	1		0	12.0616	45.8346	0	0	0	
2024-06-17 06:29:06	662	1199	1	0	0	2.75	12	0	0	5	12	0	0	3.5	12	0	0	4.25	12	0	0	0.389		100.028	19.8516	0.314282	0	3.14195	0.475973	14.8061	2		0.0088623	12.0705	46.0945	0	0	0	
2024-06-17 06:10:16	532	1200	1	0	0	2	9	0	0	0	9	0	0	0.5	9	0	0	0	9	0	0	1.299		100.031	97.9495	0.141059	0	1.41016	0.0668714	13.2904	1		0.0088623	12.0705	47.7838	0	0	0	
2024-06-17 06:23:13	620	1201	9	0	0	0.5	3	0	0	0	3	0	0	7.25	3	0	0	0	3	0	0	5.845		100.022	89.2775	0.0568866	0	0.568743	0.51739	24.1213	2		0	12.0705	45.9646	0	0	0	
2024-06-17 06:12:27	547	1202	9	0	0	4	17	0	0	0	17	0	0	7.25	17	0	0	0	17	0	0	2.814		100.025	94.1613	0.0763864	0	0.763677	0.150797	15.5945	1		0	12.0705	46.8742	0	0	0	
2024-06-17 06:10:41	535	1203	5	0	0	3	13	0	0	0	13	0	0	5.75	13	0	0	0	13	0	0	2.381		100.028	97.1363	0.0810118	0	0.809888	0.0951731	13.9939	1		0	12.0705	47.5239	0	0	0	
2024-06-17 06:11:24	540	1204	5	0	0	3	13	0	0	0	13	0	0	4.5	13	0	0	0	13	0	0	1.299		100.024	96.5325	0.148605	0	1.48569	0.145774	14.0023	1		0.0088623	12.0705	47.264	0	0	0	
2024-06-17 06:18:30	588	1205	9	0	0	7	29	0	0	0	29	0	0	6.75	29	0	0	0	29	0	0	0.216		100.017	90.554	0.779776	0	7.79646	0.437336	12.2466	1		0	12.0705	45.9646	0	0	0	
2024-06-17 06:07:48	515	1206	5	0	0	1	5	0	0	0	5	0	0	7.5	5	0	0	0	5	0	0	5.628		100.033	99.11	0.0418029	0	0.417892	0.367488	17.067	1		0	12.0616	48.8234	0	0	0	
2024-06-17 06:07:12	511	1207	5	0	0	1	5	0	0	0	5	0	0	6.25	5	0	0	0	5	0	0	4.546		100.031	98.617	0.053412	0	0.533956	0.0655193	17.6135	1		0	12.0705	49.2132	0	0	0	
2024-06-17 06:16:42	576	1208	5	0	0	6	25	0	0	0	25	0	0	5.25	25	0	0	0	25	0	0	0.649		100.017	93.6322	0.331235	0	3.3118	0.387366	15.6065	1		0	12.0616	46.3544	0	0	0	
2024-06-17 06:16:50	577	1209	9	0	0	6	25	0	0	0	25	0	0	4	25	0	0	0	25	0	0	1.732		100.016	94.2139	0.113175	0	1.13157	0.1586	14.2198	1		0	12.0616	46.3544	0	0	0	
2024-06-17 06:16:05	572	1210	1	0	0	5	21	0	0	0	21	0	0	2.5	21	0	0	0	21	0	0	2.165		100.019	92.7599	0.0922086	0	0.921913	0.784756	14.4814	1		0.0088623	12.0616	46.3544	0	0	0	
2024-06-17 06:07:56	516	1211	1	0	0	1	5	0	0	0	5	0	0	0.25	5	0	0	0	5	0	0	0.649		100.03	98.7196	0.310864	0	3.1077	0.204279	14.6447	1		0.0088623	12.0705	48.6935	0	0	0	
2024-06-17 06:13:37	555	1212	1	0	0	4	17	0	0	0	17	0	0	0.5	17	0	0	0	17	0	0	3.031		100.019	94.0716	0.0667379	0	0.66725	0.0180282	14.6736	1		0.0088623	12.0705	46.7443	0	0	0	
2024-06-17 06:21:38	609	1213	5	0	0	7.75	32	0	0	0	32	0	0	3	32	0	0	0	32	0	0	4.113		100.023	92.6051	0.0479855	0	0.479743	0.260088	14.318	1		0.0088623	12.0705	46.2245	0	0	0	
2024-06-17 06:16:42	576	1214	1	0	0	6	25	0	0	0	25	0	0	0.25	25	0	0	0	25	0	0	4.979		100.017	93.6322	0.0470231	0	0.470154	0.010378	16.9859	1		0	12.0616	46.3544	0	0	0	
2024-06-17 06:25:37	637	1215	1	0	0	5.25	22	0	0	0	22	0	0	2.5	22	0	0	0	22	0	0	2.381		100.019	89.8853	0.0897585	0	0.897416	0.210586	15.5062	1		0.0088623	12.0705	46.2245	0	0	0	
2024-06-17 06:14:03	558	1216	1	0	0	4	17	0	0	0	17	0	0	2.5	17	0	0	0	17	0	0	1.299		100.021	95.1873	0.147445	0	1.47413	0.237634	13.8934	1		0.0088623	12.0705	46.7443	0	0	0	
2024-06-17 06:10:24	533	1217	1	0	0	2	9	0	0	0	9	0	0	3	9	0	0	0	9	0	0	0.866		100.031	97.9365	0.224929	0	2.24859	0.265376	14.1283	1		0.0088623	12.0705	47.6539	0	0	0	
2024-06-17 06:18:01	585	1218	1	0	0	7	29	0	0	0	29	0	0	1.5	29	0	0	0	29	0	0	4.762		100.016	90.9171	0.0479961	0	0.479885	0.304589	16.5836	2		0.0088623	12.0705	46.2245	0	0	0	
2024-06-17 06:05:49	502	1219	5	0	0	0	1	0	0	0	1	0	0	5.75	1	0	0	0	1	0	0	4.979		100.036	99.3316	0.0465488	0	0.465318	0.131888	16.8112	1		0.0088623	12.0705	50.3827	0	0	0	
2024-06-17 06:05:25	500	1220	5	0	0	0	1	0	0	0	1	0	0	4.5	1	0	0	0	1	0	0	3.897		100.034	90.8775	0.0546922	0	0.546737	0.128056	15.4586	4		0.0088623	12.0705	50.9025	0	0	0	
2024-06-17 06:15:47	570	1221	1	0	0	5	21	0	0	0	21	0	0	0	21	0	0	0	21	0	0	4.33		100.015	93.0169	0.050935	0	0.509276	0.382103	15.9994	1		0	12.0705	46.2245	0	0	0	
2024-06-17 06:21:30	608	1222	1	0	0	7.75	32	0	0	0	32	0	0	2.25	32	0	0	0	32	0	0	4.762		100.018	89.9744	0.0427284	0	0.427208	0.135955	14.7632	1		0.0088623	12.0705	46.0945	0	0	0	
2024-06-17 06:14:47	563	1223	9	0	0	5	21	0	0	0	21	0	0	7.75	21	0	0	0	21	0	0	2.381		100.017	93.7997	0.0820566	0	0.820425	0.0423049	14.1759	1		0.0088623	12.0705	46.3544	0	0	0	
2024-06-17 06:14:56	564	1224	5	0	0	5	21	0	0	0	21	0	0	6.5	21	0	0	0	21	0	0	1.299		100.015	93.5532	0.159184	0	1.59161	0.157566	15.0005	1		0	12.0616	46.4844	0	0	0	
2024-06-17 06:12:08	545	1225	1	0	0	3	13	0	0	0	13	0	0	2	13	0	0	0	13	0	0	0.866		100.018	95.4208	0.224583	0	2.24542	0.130967	14.1084	1		0	12.0616	47.1341	0	0	0	
2024-06-17 06:25:20	635	1226	1	0	0	4.5	19	0	0	0	19	0	0	3.25	19	0	0	0	19	0	0	1.082		100.024	90.9864	0.183432	0	1.83389	0.0508664	14.4033	1		0.0088623	12.0616	45.9646	0	0	0	
2024-06-17 06:19:59	598	1227	5	0	0	7.75	32	0	0	0	32	0	0	7	32	0	0	0	32	0	0	0.649		100.016	89.8229	0.332777	0	3.32723	0.500924	15.6792	2		0.0088623	12.0705	46.0945	0	0	0	
2024-06-17 06:27:43	652	1228	9	0	0	5.5	23	0	0	0	23	0	0	4.25	23	0	0	0	23	0	0	1.082		100.019	89.251	0.188609	0	1.88573	0.115813	14.8105	1		0.0088623	12.0705	46.0945	0	0	0	
2024-06-17 06:26:18	642	1229	1	0	0	6.75	28	0	0	0	28	0	0	1	28	0	0	0	28	0	0	4.979		100.025	91.4919	0.0511374	0	0.511248	0.235238	18.4705	1		0.0088623	12.0616	46.0945	0	0	0	
2024-06-17 06:24:40	630	1230	9	0	0	4.25	18	0	0	0	18	0	0	5.5	18	0	0	0	18	0	0	1.082		100.027	91.8931	0.190038	0	1.89987	0.0125706	14.9216	1		0	12.0616	46.2245	0	0	0	
2024-06-17 06:12:35	548	1231	5	0	0	4	17	0	0	0	17	0	0	7.75	17	0	0	0	17	0	0	3.247		100.024	94.1614	0.0613369	0	0.613222	0.173352	14.4487	1		0.0088623	12.0705	46.8742	0	0	0	
2024-06-17 06:13:28	554	1232	5	0	0	4	17	0	0	0	17	0	0	6.5	17	0	0	0	17	0	0	2.165		100.022	94.0781	0.0917289	0	0.917091	0.0151736	14.4056	1		0.0088623	12.0705	46.6143	0	0	0	
2024-06-17 06:11:43	542	1233	9	0	0	3	13	0	0	0	13	0	0	5	13	0	0	0	13	0	0	1.732		100.023	95.8935	0.109658	0	1.09632	0.0534807	13.7768	1		0.0088623	12.0705	47.1341	0	0	0	
2024-06-17 06:11:43	542	1234	1	0	0	3	13	0	0	0	13	0	0	3.75	13	0	0	0	13	0	0	0.649		100.023	95.8935	0.316957	0	3.16883	0.318207	14.9327	1		0.0088623	12.0705	47.1341	0	0	0	
2024-06-17 06:09:42	528	1235	9	0	0	2	9	0	0	0	9	0	0	7	9	0	0	0	9	0	0	4.33		100.025	97.6119	0.0503805	0	0.503681	0.268484	15.8236	1		0	12.0705	47.7838	0	0	0	
2024-06-17 06:18:13	586	1236	1	0	0	7	29	0	0	0	29	0	0	6	29	0	0	0	29	0	0	0.866		100.016	90.2757	0.250774	0	2.50733	0.725942	15.754	1		0	12.0616	46.2245	0	0	0	
2024-06-17 06:18:22	587	1237	5	0	0	7	29	0	0	0	29	0	0	4.75	29	0	0	0	29	0	0	1.948		100.019	90.3534	0.101482	0	1.01463	0.00790225	14.344	1		0.0088623	12.0616	45.9646	0	0	0	
2024-06-17 06:07:21	512	1238	5	0	0	1	5	0	0	0	5	0	0	5.5	5	0	0	0	5	0	0	3.897		100.033	99.6285	0.0612657	0	0.612455	0.290497	17.3168	1		0.0088623	12.0705	48.9533	0	0	0	
2024-06-17 06:08:06	517	1239	5	0	0	1	5	0	0	0	5	0	0	4.25	5	0	0	0	5	0	0	2.814		100.029	99.7873	0.0720356	0	0.720146	0.0448762	14.7056	1		0.0088623	12.0705	48.6935	0	0	0	
2024-06-17 06:17:09	579	1240	1	0	0	6	25	0	0	0	25	0	0	3.25	25	0	0	0	25	0	0	2.381		100.013	92.5308	0.082305	0	0.82294	0.142146	14.2194	1		0.0088623	12.0705	46.3544	0	0	0	
2024-06-17 06:23:49	624	1241	1	0	0	0.25	2	0	0	0	2	0	0	1.5	2	0	0	0	2	0	0	1.082		100.023	91.6888	0.172349	0	1.72309	0.177325	13.5331	1		0.0088623	12.0705	46.0945	0	0	0	
2024-06-17 06:18:22	587	1242	1	0	0	7	29	0	0	0	29	0	0	0.75	29	0	0	0	29	0	0	5.412		100.019	90.3534	0.0436882	0	0.436801	0.534345	17.1531	1		0.0088623	12.0616	45.9646	0	0	0	
2024-06-17 06:05:40	501	1243	5	0	0	0	1	0	0	0	1	0	0	5	1	0	0	0	1	0	0	4.33		100.038	98.8347	0.0509765	0	0.50957	0.570976	16.0086	1		0.0088623	12.0705	50.6426	0	0	0	
2024-06-17 06:05:40	501	1244	1	0	0	0	1	0	0	0	1	0	0	3.75	1	0	0	0	1	0	0	3.247		100.038	98.8347	0.0626493	0	0.626253	0.322491	14.7558	1		0.0088623	12.0705	50.6426	0	0	0	
2024-06-17 06:28:07	655	1245	9	0	0	7.5	31	0	0	0	31	0	0	6.25	31	0	0	0	31	0	0	1.082		100.024	90.2733	0.186476	0	1.86431	0.0179223	14.6423	1		0.0088623	12.0705	46.3544	0	0	0	
2024-06-17 06:25:04	633	1246	9	0	0	6.25	26	0	0	0	26	0	0	7.5	26	0	0	0	26	0	0	1.082		100.021	90.5947	0.188464	0	1.88425	0.0523468	14.7989	1		0.0088623	12.0705	46.0945	0	0	0	
2024-06-17 06:16:23	574	1247	9	0	0	6	25	0	0	0	25	0	0	7.25	25	0	0	0	25	0	0	1.082		100.016	90.355	0.216574	0	2.16541	0.148803	17.0071	2		0.0088623	12.0705	46.3544	0	0	0	
2024-06-17 06:21:13	606	1248	5	0	0	7.75	32	0	0	0	32	0	0	1.5	32	0	0	0	32	0	0	5.412		100.014	89.9833	0.0394732	0	0.394677	0.0139364	15.4989	1		0.0088623	12.0705	46.0945	0	0	0	
2024-06-17 06:14:37	562	1249	5	0	0	5	21	0	0	0	21	0	0	5.75	21	0	0	0	21	0	0	0.649		100.017	93.778	0.332601	0	3.32545	0.377644	15.6708	1		0.0088623	12.0616	46.3544	0	0	0	
2024-06-17 06:15:13	566	1250	9	0	0	5	21	0	0	0	21	0	0	4.5	21	0	0	0	21	0	0	0.433		100.02	92.8212	0.467088	0	4.66994	0.336478	14.671	1		0.0088623	12.0616	46.3544	0	0	0	
2024-06-17 06:10:41	535	1251	1	0	0	3	13	0	0	0	13	0	0	1.25	13	0	0	0	13	0	0	1.515		100.028	97.1363	0.119888	0	1.19854	0.179731	13.1787	1		0	12.0705	47.5239	0	0	0	
2024-06-17 06:07:29	513	1252	1	0	0	1	5	0	0	0	5	0	0	2.25	5	0	0	0	5	0	0	1.082		100.033	98.198	0.171241	0	1.71185	0.0587401	13.4448	1		0.0088623	12.0705	49.0833	0	0	0	
2024-06-17 06:23:41	623	1253	1	0	0	0.5	3	0	0	0	3	0	0	1.25	3	0	0	0	3	0	0	0.649		100.018	91.0508	0.305765	0	3.05709	0.211502	14.4062	1		0.0088623	12.0705	46.0945	0	0	0	
2024-06-17 06:22:20	614	1254	9	0	0	2.5	11	0	0	0	11	0	0	5.25	11	0	0	0	11	0	0	2.381		100.021	92.5116	0.0914627	0	0.914435	0.589164	15.8003	1		0.0088623	12.0705	46.2245	0	0	0	
2024-06-17 06:20:11	599	1255	5	0	0	7.75	32	0	0	0	32	0	0	7.5	32	0	0	0	32	0	0	0.216		100.018	89.9725	0.823954	0	8.23806	0.358369	12.9403	1		0.0088623	12.0705	46.0945	0	0	0	
2024-06-17 06:20:46	603	1256	9	0	0	7.75	32	0	0	0	32	0	0	6.25	32	0	0	0	32	0	0	1.299		100.016	90.2574	0.156815	0	1.5679	0.173019	14.7771	1		0.0088623	12.0705	46.0945	0	0	0	
2024-06-17 06:25:13	634	1257	1	0	0	4.25	18	0	0	0	18	0	0	3.5	18	0	0	0	18	0	0	0.649		100.021	88.6976	0.328979	0	3.2891	0.167823	15.4995	1		0	12.0616	46.2245	0	0	0	
2024-06-17 06:17:52	584	1258	5	0	0	6	25	0	0	0	25	0	0	2.25	25	0	0	0	25	0	0	3.247		100.017	93.9926	0.0635791	0	0.635684	0.279841	14.978	1		0.0088623	12.0705	46.2245	0	0	0	
2024-06-17 06:27:34	651	1259	9	0	0	5.25	22	0	0	0	22	0	0	4.5	22	0	0	0	22	0	0	0.649		100.026	91.382	0.324822	0	3.24738	0.109415	15.3029	1		0	12.0705	46.2245	0	0	0	
2024-06-17 06:13:11	552	1260	5	0	0	4	17	0	0	0	17	0	0	5.75	17	0	0	0	17	0	0	1.515		100.022	94.7246	0.130938	0	1.30909	0.0783618	14.3942	1		0.0088623	12.0705	46.6143	0	0	0	
2024-06-17 06:13:01	551	1261	5	0	0	4	17	0	0	0	17	0	0	4.5	17	0	0	0	17	0	0	0.433		100.022	95.9408	0.5013	0	5.01189	0.286956	15.7453	1		0.0088623	12.0705	46.8742	0	0	0	
2024-06-17 06:06:19	505	1262	1	0	0	0	1	0	0	0	1	0	0	2	1	0	0	0	1	0	0	1.732		100.033	99.3378	0.129997	0	1.29954	0.585943	16.3305	1		0.0088623	12.0705	49.733	0	0	0	
2024-06-17 06:09:59	530	1263	9	0	0	2	9	0	0	0	9	0	0	7.5	9	0	0	0	9	0	0	4.762		100.03	98.6991	0.0462728	0	0.462587	0.623461	15.9859	1		0.0088623	12.0705	47.9138	0	0	0	
2024-06-17 06:09:25	526	1264	5	0	0	2	9	0	0	0	9	0	0	6.25	9	0	0	0	9	0	0	3.68		100.026	97.7147	0.0585974	0	0.585823	0.262483	15.6435	1		0.0088623	12.0705	48.0437	0	0	0	
2024-06-17 06:18:56	591	1265	9	0	0	7	29	0	0	0	29	0	0	5.25	29	0	0	0	29	0	0	1.515		100.015	91.218	0.131674	0	1.31654	0.0918731	14.4761	1		0	12.0705	46.2245	0	0	0	
2024-06-17 06:18:56	591	1266	5	0	0	7	29	0	0	0	29	0	0	4	29	0	0	0	29	0	0	2.598		100.015	91.218	0.0761642	0	0.761526	0.191973	14.3544	1		0	12.0705	46.2245	0	0	0	
2024-06-17 06:08:49	522	1267	1	0	0	1	5	0	0	0	5	0	0	3.5	5	0	0	0	5	0	0	2.165		100.03	99.3282	0.0849175	0	0.848917	0.0659044	13.3348	1		0.0088623	11.9464	48.4336	0	0	0	
2024-06-17 06:17:27	581	1268	5	0	0	6	25	0	0	0	25	0	0	2.5	25	0	0	0	25	0	0	3.031		100.012	91.4166	0.0722319	0	0.722234	0.930496	15.8827	1		0.0088623	12.0616	46.2245	0	0	0	
2024-06-17 06:27:26	650	1269	1	0	0	3.75	16	0	0	0	16	0	0	2	16	0	0	0	16	0	0	1.515		100.026	91.1278	0.126668	0	1.26636	0.0233612	13.9243	1		0.0088623	12.0616	46.2245	0	0	0	
2024-06-17 06:15:47	570	1270	5	0	0	5	21	0	0	0	21	0	0	2	21	0	0	0	21	0	0	2.598		100.015	93.0169	0.0762372	0	0.76226	0.270659	14.3683	1		0	12.0705	46.2245	0	0	0	
2024-06-17 06:09:51	529	1271	1	0	0	2	9	0	0	0	9	0	0	1.75	9	0	0	0	9	0	0	0.216		100.028	97.284	0.71864	0	7.18439	0.332495	11.2852	1		0	12.0705	47.9138	0	0	0	
2024-06-17 06:18:38	589	1272	1	0	0	7	29	0	0	0	29	0	0	0	29	0	0	0	29	0	0	6.061		100.019	92.9998	0.0403385	0	0.403307	0.426923	17.7384	1		0.0088623	12.0616	46.2245	0	0	0	
2024-06-17 06:06:10	504	1273	1	0	0	0	1	0	0	0	1	0	0	3	1	0	0	0	1	0	0	2.598		100.036	98.0044	0.0761261	0	0.760987	0.340447	14.3443	1		0.0088623	12.0705	49.9929	0	0	0	
2024-06-17 06:10:50	536	1274	9	0	0	3	13	0	0	0	13	0	0	7	13	0	0	0	13	0	0	3.464		100.024	96.5079	0.059362	0	0.593477	0.0445896	14.9157	1		0.0088623	12.0705	47.394	0	0	0	
2024-06-17 06:16:23	574	1275	5	0	0	6	25	0	0	0	25	0	0	7.75	25	0	0	0	25	0	0	1.515		100.016	90.355	0.135574	0	1.35553	0.036441	14.9049	2		0.0088623	12.0705	46.3544	0	0	0	
2024-06-17 06:16:34	575	1276	5	0	0	6	25	0	0	0	25	0	0	6.5	25	0	0	0	25	0	0	0.433		100.015	91.0014	0.508543	0	5.08469	0.427348	15.974	1		0.0088623	12.0616	46.2245	0	0	0	
2024-06-17 06:21:13	606	1277	1	0	0	7.75	32	0	0	0	32	0	0	0.75	32	0	0	0	32	0	0	6.061		100.014	89.9833	0.0364514	0	0.364463	0.0603488	16.0299	1		0.0088623	12.0705	46.0945	0	0	0	
2024-06-17 06:15:21	567	1278	1	0	0	5	21	0	0	0	21	0	0	3.75	21	0	0	0	21	0	0	1.082		100.02	94.7359	0.186222	0	1.86184	0.222995	14.6229	1		0	12.0616	46.4844	0	0	0	
2024-06-17 06:11:50	543	1279	5	0	0	3	13	0	0	0	13	0	0	0.5	13	0	0	0	13	0	0	2.165		100.029	96.9691	0.0869352	0	0.869102	0.148744	13.6518	1		0.0088623	12.0616	47.1341	0	0	0	
2024-06-17 06:07:48	515	1280	1	0	0	1	5	0	0	0	5	0	0	1.5	5	0	0	0	5	0	0	0.433		100.033	99.11	0.449095	0	4.48948	0.145056	14.1041	1		0	12.0616	48.8234	0	0	0	
2024-06-17 06:29:17	663	1281	1	0	0	2	9	0	0	5.75	9	0	0	3.25	9	0	0	4.5	9	0	0	0.649		100.027	19.7948	0.171087	0	1.7104	0.113707	13.4335	2		0.0088623	12.0616	46.2245	0	0	0	
2024-06-17 06:13:46	556	1282	5	0	0	4	17	0	0	0	17	0	0	1.75	17	0	0	0	17	0	0	1.948		100.021	93.3822	0.0958167	0	0.957963	0.336091	13.5429	1		0	12.0705	46.7443	0	0	0	
2024-06-17 06:24:06	626	1283	1	0	0	2.5	11	0	0	0	11	0	0	3.25	11	0	0	0	11	0	0	0.649		100.024	91.7407	0.3049	0	3.04828	0.320743	14.3647	1		0.0088623	12.0616	46.2245	0	0	0	
2024-06-17 06:20:29	601	1284	5	0	0	7.75	32	0	0	0	32	0	0	5.5	32	0	0	0	32	0	0	1.948		100.013	90.1978	0.0997364	0	0.997234	0.0992194	14.0981	1		0	12.0616	46.0945	0	0	0	
2024-06-17 06:20:38	602	1285	9	0	0	7.75	32	0	0	0	32	0	0	4.25	32	0	0	0	32	0	0	3.031		100.014	90.1251	0.0637609	0	0.637519	0.15884	14.0198	1		0.0088623	12.0705	45.9646	0	0	0	
2024-06-17 06:17:35	582	1286	1	0	0	6	25	0	0	0	25	0	0	1.5	25	0	0	0	25	0	0	3.897		100.013	91.3167	0.0574625	0	0.574549	0.610875	16.245	1		0.0088623	12.0705	46.2245	0	0	0	
2024-06-17 06:12:53	550	1287	9	0	0	4	17	0	0	0	17	0	0	5	17	0	0	0	17	0	0	0.866		100.02	94.0058	0.246244	0	2.46195	0.160408	15.4689	1		0.0088623	12.0616	46.6143	0	0	0	
2024-06-17 06:13:28	554	1288	1	0	0	4	17	0	0	0	17	0	0	3.75	17	0	0	0	17	0	0	0.216		100.022	94.0781	0.810541	0	8.10366	0.303114	12.7292	1		0.0088623	12.0705	46.6143	0	0	0	
2024-06-17 06:06:34	507	1289	1	0	0	0	1	0	0	0	1	0	0	1.25	1	0	0	0	1	0	0	1.082		100.037	101.145	0.181154	0	1.81087	0.925515	14.2225	1		0.0088623	12.0705	49.733	0	0	0	
2024-06-17 06:09:33	527	1290	9	0	0	2	9	0	0	0	9	0	0	5.5	9	0	0	0	9	0	0	3.031		100.03	98.9759	0.0999528	0	0.999225	0.092645	21.9741	1		0	12.0705	48.0437	0	0	0	
2024-06-17 06:08:58	523	1291	9	0	0	2	9	0	0	0	9	0	0	4.25	9	0	0	0	9	0	0	1.948		100.029	98.7549	0.0988747	0	0.988461	0.199567	13.974	1		0.0088623	12.0705	48.1737	0	0	0	
2024-06-17 06:19:25	594	1292	5	0	0	7	29	0	0	0	29	0	0	3.25	29	0	0	0	29	0	0	3.247		100.022	92.5275	0.0617177	0	0.617039	0.420995	14.5386	1		0.0088623	12.0616	46.2245	0	0	0	
2024-06-17 06:07:12	511	1293	1	0	0	1	5	0	0	0	5	0	0	2.75	5	0	0	0	5	0	0	1.515		100.031	98.617	0.120588	0	1.20551	0.139799	13.2553	1		0	12.0705	49.2132	0	0	0	
2024-06-17 06:06:26	506	1294	5	0	0	0	1	0	0	0	1	0	0	7	1	0	0	0	1	0	0	6.061		100.039	100.784	0.0399678	0	0.399521	0.069417	17.5719	1		0.0088623	12.0705	49.4731	0	0	0	
2024-06-17 06:15:29	568	1295	5	0	0	5	21	0	0	0	21	0	0	1.25	21	0	0	0	21	0	0	3.247		100.021	95.2605	0.0668772	0	0.668633	0.200815	15.7543	1		0.0088623	12.0616	46.6143	0	0	0	
2024-06-17 06:10:08	531	1296	5	0	0	2	9	0	0	0	9	0	0	1	9	0	0	0	9	0	0	0.866		100.028	97.0445	0.2162	0	2.1614	0.0408724	13.5805	1		0	12.0705	47.7838	0	0	0	
2024-06-17 06:11:08	538	1297	5	0	0	3	13	0	0	0	13	0	0	7.5	13	0	0	0	13	0	0	3.897		100.022	96.3233	0.053253	0	0.53241	0.0274739	15.0535	1		0.0088623	12.0705	47.394	0	0	0	
2024-06-17 06:11:15	539	1298	9	0	0	3	13	0	0	0	13	0	0	6.25	13	0	0	0	13	0	0	2.814		100.025	97.5485	0.0725629	0	0.725449	0.0555367	14.8139	1		0.0088623	12.0705	47.394	0	0	0	
2024-06-17 06:18:30	588	1299	5	0	0	7	29	0	0	0	29	0	0	7.25	29	0	0	0	29	0	0	0.216		100.017	90.554	0.725592	0	7.2547	0.909303	11.3957	1		0	12.0705	45.9646	0	0	0	
2024-06-17 06:07:29	513	1300	5	0	0	1	5	0	0	0	5	0	0	6.75	5	0	0	0	5	0	0	4.979		100.033	98.198	0.0499592	0	0.499426	0.890891	18.0434	1		0.0088623	12.0705	49.0833	0	0	0	
2024-06-17 06:17:18	580	1301	5	0	0	6	25	0	0	0	25	0	0	5.75	25	0	0	0	25	0	0	0.216		100.014	91.7774	0.794877	0	7.94763	0.457484	12.4841	1		0	12.0705	46.3544	0	0	0	
2024-06-17 06:17:09	579	1302	5	0	0	6	25	0	0	0	25	0	0	4.5	25	0	0	0	25	0	0	1.299		100.013	92.5308	0.15554	0	1.5552	0.154441	14.6574	1		0.0088623	12.0705	46.3544	0	0	0	
2024-06-17 06:20:20	600	1303	1	0	0	7.75	32	0	0	0	32	0	0	0	32	0	0	0	32	0	0	6.711		100.015	90.2951	0.0341293	0	0.34124	0.211293	16.6166	1		0.0088623	12.0705	45.9646	0	0	0	
2024-06-17 06:15:56	571	1304	1	0	0	5	21	0	0	0	21	0	0	3	21	0	0	0	21	0	0	1.732		100.013	92.9474	0.108366	0	1.08352	0.0795501	13.6159	1		0.0088623	12.0616	46.3544	0	0	0	
2024-06-17 06:08:24	519	1305	5	0	0	1	5	0	0	0	5	0	0	0.75	5	0	0	0	5	0	0	0.216		100.03	98.5945	0.727476	0	7.27254	0.368742	11.4237	1		0.0088623	12.0616	48.4336	0	0	0	
2024-06-17 06:25:54	639	1306	1	0	0	5.75	24	0	0	0	24	0	0	2	24	0	0	0	24	0	0	3.247		100.023	88.8969	0.0655864	0	0.655714	0.16825	15.4499	1		0	12.0616	46.0945	0	0	0	
2024-06-17 06:13:37	555	1307	5	0	0	4	17	0	0	0	17	0	0	1	17	0	0	0	17	0	0	2.598		100.019	94.0716	0.0731334	0	0.731193	0.173498	13.7827	1		0.0088623	12.0705	46.7443	0	0	0	
2024-06-17 06:21:22	607	1308	5	0	0	7.75	32	0	0	0	32	0	0	3.5	32	0	0	0	32	0	0	3.68		100.018	89.5607	0.0524669	0	0.524572	0.463092	14.0079	1		0	12.0705	46.0945	0	0	0	
2024-06-17 06:17:35	582	1309	5	0	0	6	25	0	0	0	25	0	0	0.75	25	0	0	0	25	0	0	4.546		100.013	91.3167	0.0512736	0	0.512668	0.142096	16.9112	1		0.0088623	12.0705	46.2245	0	0	0	
2024-06-17 06:14:11	559	1310	1	0	0	4	17	0	0	0	17	0	0	3	17	0	0	0	17	0	0	0.866		100.023	95.1243	0.233867	0	2.33813	0.173003	14.6909	1		0	12.0705	46.4844	0	0	0	
2024-06-17 06:06:54	509	1311	1	0	0	0	1	0	0	0	1	0	0	0.5	1	0	0	0	1	0	0	0.433		100.04	99.9509	0.452141	0	4.51961	0.669904	14.1988	1		0	12.0705	49.4731	0	0	0	
2024-06-17 06:28:24	657	1312	1	0	0	3.5	15	0	0	4.25	15	0	0	2.75	15	0	0	5	15	0	0	0.389		100.028	19.064	0.322389	0	3.223	0.241855	15.188	1		0	12.0705	46.2245	0	0	0	
2024-06-17 06:09:25	526	1313	1	0	0	2	9	0	0	0	9	0	0	3.5	9	0	0	0	9	0	0	1.299		100.026	97.7147	0.147816	0	1.47778	0.0640223	13.9277	1		0.0088623	12.0705	48.0437	0	0	0	
2024-06-17 06:18:30	588	1314	1	0	0	7	29	0	0	0	29	0	0	2.5	29	0	0	0	29	0	0	3.897		100.017	90.554	0.055298	0	0.552888	0.799582	15.6325	1		0	12.0705	45.9646	0	0	0	
2024-06-17 06:19:35	595	1315	5	0	0	7	29	0	0	0	29	0	0	2	29	0	0	0	29	0	0	4.33		100.023	90.9618	0.0503147	0	0.503033	0.295339	15.8033	1		0.0088623	12.0616	46.0945	0	0	0	
2024-06-17 06:05:58	503	1316	5	0	0	0	1	0	0	0	1	0	0	7.5	1	0	0	0	1	0	0	6.494		100.036	97.8568	0.0372814	0	0.372679	0.149085	17.5621	2		0.0088623	12.0705	50.2528	0	0	0	
2024-06-17 06:06:19	505	1317	5	0	0	0	1	0	0	0	1	0	0	6.25	1	0	0	0	1	0	0	5.412		100.033	99.3378	0.0438257	0	0.43811	0.211224	17.2045	1		0.0088623	12.0705	49.733	0	0	0	
2024-06-17 06:15:29	568	1318	1	0	0	5	21	0	0	0	21	0	0	0.5	21	0	0	0	21	0	0	3.897		100.021	95.2605	0.0594993	0	0.594869	0.429986	16.8195	1		0.0088623	12.0616	46.6143	0	0	0	
2024-06-17 06:26:44	645	1319	1	0	0	1.25	6	0	0	0	6	0	0	0.5	6	0	0	0	6	0	0	0.649		100.02	89.8481	0.30984	0	3.09777	0.151184	14.5979	1		0.0088623	12.0705	46.2245	0	0	0	
2024-06-17 06:14:29	561	1320	1	0	0	5	21	0	0	0	21	0	0	7	21	0	0	0	21	0	0	1.732		100.018	94.5673	0.11515	0	1.15129	0.105171	14.4676	1		0.0088623	12.0616	46.6143	0	0	0	
2024-06-17 06:10:16	532	1321	5	0	0	2	9	0	0	0	9	0	0	0.25	9	0	0	0	9	0	0	1.515		100.031	97.9495	0.124142	0	1.24104	0.0333766	13.6459	1		0.0088623	12.0705	47.7838	0	0	0	
2024-06-17 06:12:27	547	1322	5	0	0	4	17	0	0	0	17	0	0	7	17	0	0	0	17	0	0	2.598		100.025	94.1613	0.0769583	0	0.769394	0.0270177	14.5027	1		0	12.0705	46.8742	0	0	0	
2024-06-17 06:10:41	535	1323	9	0	0	3	13	0	0	0	13	0	0	5.5	13	0	0	0	13	0	0	2.165		100.028	97.1363	0.091465	0	0.914391	0.0587053	14.3632	1		0	12.0705	47.5239	0	0	0	
2024-06-17 06:11:34	541	1324	5	0	0	3	13	0	0	0	13	0	0	4.25	13	0	0	0	13	0	0	1.082		100.026	95.6522	0.182531	0	1.82485	0.181548	14.3323	1		0.0088623	12.0705	47.1341	0	0	0	
2024-06-17 06:18:01	585	1325	9	0	0	7	29	0	0	0	29	0	0	7.75	29	0	0	0	29	0	0	0.649		100.016	90.9171	0.339653	0	3.39599	0.262568	16.0032	2		0.0088623	12.0705	46.2245	0	0	0	
2024-06-17 06:18:47	590	1326	5	0	0	7	29	0	0	0	29	0	0	6.5	29	0	0	0	29	0	0	0.433		100.015	91.5889	0.483587	0	4.83515	0.494652	15.1901	1		0.0088623	12.0616	46.0945	0	0	0	
2024-06-17 06:07:12	511	1327	9	0	0	1	5	0	0	0	5	0	0	6	5	0	0	0	5	0	0	4.33		100.031	98.617	0.0557556	0	0.557384	0.397865	17.5107	1		0	12.0705	49.2132	0	0	0	
2024-06-17 06:07:56	516	1328	9	0	0	1	5	0	0	0	5	0	0	4.75	5	0	0	0	5	0	0	3.247		100.03	98.7196	0.0676895	0	0.676691	0.0880644	15.9442	1		0.0088623	12.0705	48.6935	0	0	0	
2024-06-17 06:24:23	628	1329	9	0	0	4.75	20	0	0	0	20	0	0	5	20	0	0	0	20	0	0	0.216		100.022	91.9483	0.756672	0	7.56503	0.468398	11.8831	1		0.0088623	12.0705	46.2245	0	0	0	
2024-06-17 06:17:09	579	1330	9	0	0	6	25	0	0	0	25	0	0	5	25	0	0	0	25	0	0	0.866		100.013	92.5308	0.243812	0	2.43779	0.270049	15.3171	1		0.0088623	12.0705	46.3544	0	0	0	
2024-06-17 06:16:50	577	1331	1	0	0	6	25	0	0	0	25	0	0	3.75	25	0	0	0	25	0	0	1.948		100.016	94.2139	0.100943	0	1.00927	0.106024	14.2683	1		0	12.0616	46.3544	0	0	0	
2024-06-17 06:08:24	519	1332	1	0	0	1	5	0	0	0	5	0	0	0	5	0	0	0	5	0	0	0.866		100.03	98.5945	0.236353	0	2.36281	0.184881	14.846	1		0.0088623	12.0616	48.4336	0	0	0	
2024-06-17 06:23:04	619	1333	9	0	0	0.75	4	0	0	0	4	0	0	7	4	0	0	0	4	0	0	5.412		100.026	92.293	0.0432554	0	0.432441	0.705083	16.9819	1		0.0088623	12.0616	46.0945	0	0	0	
2024-06-17 06:12:44	549	1334	1	0	0	4	17	0	0	0	17	0	0	0.25	17	0	0	0	17	0	0	3.247		100.022	93.8973	0.0603649	0	0.603514	0.0832603	14.22	1		0.0088623	12.0705	46.8742	0	0	0	
2024-06-17 06:21:30	608	1335	5	0	0	7.75	32	0	0	0	32	0	0	2.75	32	0	0	0	32	0	0	4.33		100.018	89.9744	0.0467766	0	0.467683	0.146178	14.6927	1		0.0088623	12.0705	46.0945	0	0	0	
2024-06-17 06:17:43	583	1336	5	0	0	6	25	0	0	0	25	0	0	0	25	0	0	0	25	0	0	5.195		100.018	93.6139	0.0488941	0	0.488851	0.661108	18.4293	1		0	12.0616	46.3544	0	0	0	
2024-06-17 06:08:58	523	1337	1	0	0	2	9	0	0	0	9	0	0	2.75	9	0	0	0	9	0	0	0.649		100.029	98.7549	0.311296	0	3.11207	0.442336	14.6653	1		0.0088623	12.0705	48.1737	0	0	0	
2024-06-17 06:19:25	594	1338	1	0	0	7	29	0	0	0	29	0	0	1.25	29	0	0	0	29	0	0	4.979		100.022	92.5275	0.0477564	0	0.477457	0.87911	17.2497	1		0.0088623	12.0616	46.2245	0	0	0	
2024-06-17 06:06:10	504	1339	5	0	0	0	1	0	0	0	1	0	0	5.5	1	0	0	0	1	0	0	4.762		100.036	98.0044	0.064181	0	0.641579	0.543745	22.1714	1		0.0088623	12.0705	49.9929	0	0	0	
2024-06-17 06:05:11	499	1340	9	0	0	0	1	0	0	0	1	0	0	4.25	1	0	0	0	1	0	0	3.68		100.036	87.7838	0.0567542	0	0.567337	0.686291	15.1499	1		0.0088623	12.0793	51.0325	0	0	0	
