Time	MeasID	DPID	Channel	A(x)	A(y)	A(z)	A(adr)	B(x)	B(y)	B(z)	B(adr)	M(x)	M(y)	M(z)	M(adr)	N(x)	N(y)	N(z)	N(adr)	F(x)	F(y)	F(z)	Note	I(mA)	Uout(V)	U(V)	SP(V)	R(Ohm)	Var(%)	Rho-a(Ohm-m)	Cycles	IP Delay Window(mV/V)	Pint(V)	Pext(V)	T int(deg C)	T log(deg C)	Latitude	Longitude
2024-06-17 12:20:06	1096	2011	1	0	0	7.75	32	0	0	0	32	0	0	2	32	0	0	0	32	0	0	4.979		100.022	92.9667	0.0418254	0	0.418163	0.153944	15.1075	1		0.0088623	12.0616	46.6143	0	0	0	
2024-06-17 12:14:45	1060	2012	5	0	0	5	21	0	0	0	21	0	0	7.5	21	0	0	0	21	0	0	2.165		100.022	94.8055	0.0900417	0	0.90022	0.206044	14.1406	1		0.0088623	12.0705	47.0042	0	0	0	
2024-06-17 12:15:11	1063	2013	9	0	0	5	21	0	0	0	21	0	0	6.25	21	0	0	0	21	0	0	1.082		100.026	96.1855	0.192703	0	1.92653	0.15304	15.1309	1		0	12.0705	47.0042	0	0	0	
2024-06-17 12:11:22	1037	2014	1	0	0	3	13	0	0	0	13	0	0	1.75	13	0	0	0	13	0	0	1.082		100.025	97.3826	0.174881	0	1.74837	0.17102	13.7317	1		0.0088623	12.0705	47.7838	0	0	0	
2024-06-17 12:20:50	1101	2015	5	0	0	7.75	32	0	0	0	32	0	0	6.75	32	0	0	0	32	0	0	0.866		100.02	91.0898	0.246607	0	2.46557	0.118721	15.4916	1		0.0088623	12.0705	46.4844	0	0	0	
2024-06-17 12:27:21	1146	2016	1	0	0	3.25	14	0	0	0	14	0	0	2.5	14	0	0	0	14	0	0	0.649		100.031	93.3007	0.304399	0	3.04304	0.365258	14.34	1		0.0088623	12.0705	46.8742	0	0	0	
2024-06-17 12:12:41	1046	2017	9	0	0	4	17	0	0	0	17	0	0	7.5	17	0	0	0	17	0	0	3.031		100.026	95.886	0.0658925	0	0.658756	0.335043	14.4868	1		0.0088623	12.0705	47.394	0	0	0	
2024-06-17 12:12:51	1047	2018	5	0	0	4	17	0	0	0	17	0	0	6.25	17	0	0	0	17	0	0	1.948		100.024	95.2494	0.101829	0	1.01805	0.00192764	14.3923	1		0	12.0705	47.394	0	0	0	
2024-06-17 12:12:15	1043	2019	5	0	0	3	13	0	0	0	13	0	0	3.5	13	0	0	0	13	0	0	0.433		100.028	97.5851	0.458095	0	4.57965	0.32412	14.3874	1		0	12.0616	47.6539	0	0	0	
2024-06-17 12:10:04	1028	2020	9	0	0	2	9	0	0	0	9	0	0	6.75	9	0	0	0	9	0	0	4.113		100.031	97.1592	0.0528642	0	0.52848	0.063339	15.7726	1		0.0088623	12.0705	48.1737	0	0	0	
2024-06-17 12:19:06	1089	2021	9	0	0	7	29	0	0	0	29	0	0	5.75	29	0	0	0	29	0	0	1.082		100.019	90.9093	0.194321	0	1.94284	0.312389	15.2591	1		0	12.0705	46.7443	0	0	0	
2024-06-17 12:18:26	1085	2022	9	0	0	7	29	0	0	0	29	0	0	4.5	29	0	0	0	29	0	0	2.165		100.024	93.2112	0.0907307	0	0.907094	0.0145451	14.2486	1		0.0088623	12.0616	46.7443	0	0	0	
2024-06-17 12:07:34	1011	2023	9	0	0	1	5	0	0	0	5	0	0	5.25	5	0	0	0	5	0	0	3.68		100.037	100.976	0.0606839	0	0.606613	0.0887465	16.1987	1		0.0088623	12.0616	49.4731	0	0	0	
2024-06-17 12:08:00	1014	2024	9	0	0	1	5	0	0	0	5	0	0	4	5	0	0	0	5	0	0	2.598		100.039	101.649	0.0733243	0	0.73296	0.101616	13.816	1		0.0088623	12.0616	49.2132	0	0	0	
2024-06-17 12:25:40	1134	2025	1	0	0	4.75	20	0	0	0	20	0	0	3	20	0	0	0	20	0	0	1.515		100.033	93.047	0.125388	0	1.25346	0.0112024	13.7825	1		0	11.9375	46.7443	0	0	0	
2024-06-17 12:17:06	1076	2026	1	0	0	6	25	0	0	0	25	0	0	3	25	0	0	0	25	0	0	2.598		100.023	92.4815	0.0772975	0	0.772799	0.0272847	14.5669	1		0.0088623	12.0705	46.7443	0	0	0	
2024-06-17 12:09:45	1026	2027	1	0	0	2	9	0	0	0	9	0	0	2.25	9	0	0	0	9	0	0	0.216		100.035	98.5351	0.726289	0	7.26037	0.360021	11.4046	1		0.0088623	12.0705	48.3036	0	0	0	
2024-06-17 12:18:08	1083	2028	1	0	0	7	29	0	0	0	29	0	0	0.5	29	0	0	0	29	0	0	5.628		100.023	93.2586	0.0441808	0	0.441708	0.476548	18.0397	1		0	12.0705	46.7443	0	0	0	
2024-06-17 12:06:41	1005	2029	5	0	0	0	1	0	0	0	1	0	0	3.5	1	0	0	0	1	0	0	3.031		100.034	100.398	0.0677346	0	0.677118	0.264989	14.8906	1		0.0088623	12.0705	49.9929	0	0	0	
2024-06-17 12:27:12	1145	2030	1	0	0	1.75	8	0	0	0	8	0	0	0	8	0	0	0	8	0	0	1.515		100.031	93.1425	0.122965	0	1.22926	0.189872	13.5164	1		0.0088623	12.0705	46.7443	0	0	0	
2024-06-17 12:16:21	1071	2031	5	0	0	6	25	0	0	0	25	0	0	7	25	0	0	0	25	0	0	0.866		100.024	94.1979	0.253777	0	2.53716	0.484334	15.9415	1		0.0088623	12.0705	46.8742	0	0	0	
2024-06-17 12:26:20	1139	2032	1	0	0	6.5	27	0	0	0	27	0	0	1.25	27	0	0	0	27	0	0	4.546		100.028	93.0326	0.053925	0	0.5391	0.51649	17.7831	1		0.0088623	12.0616	46.8742	0	0	0	
2024-06-17 12:21:24	1105	2033	1	0	0	7.75	32	0	0	0	32	0	0	1.25	32	0	0	0	32	0	0	5.628		100.019	93.2691	0.0392023	0	0.391947	0.390469	16.0074	1		0.0088623	12.0705	46.7443	0	0	0	
2024-06-17 12:14:36	1059	2034	5	0	0	5	21	0	0	0	21	0	0	5.5	21	0	0	0	21	0	0	0.433		100.024	94.7451	0.478716	0	4.78603	0.527977	15.0358	1		0	12.0616	47.0042	0	0	0	
2024-06-17 12:15:03	1062	2035	5	0	0	5	21	0	0	0	21	0	0	4.25	21	0	0	0	21	0	0	0.649		100.024	94.5474	0.323765	0	3.23687	0.437575	15.2534	1		0	12.0705	47.0042	0	0	0	
2024-06-17 12:12:15	1043	2036	1	0	0	3	13	0	0	0	13	0	0	1	13	0	0	0	13	0	0	1.732		100.028	97.5851	0.104993	0	1.04964	0.124681	13.1901	1		0	12.0616	47.6539	0	0	0	
2024-06-17 12:08:53	1020	2037	1	0	0	1	5	0	0	0	5	0	0	2	5	0	0	0	5	0	0	0.866		100.043	100.359	0.216613	0	2.16521	0.0967555	13.6044	1		0.0088623	12.0616	48.8234	0	0	0	
2024-06-17 12:22:41	1114	2038	9	0	0	1.75	8	0	0	0	8	0	0	6	8	0	0	0	8	0	0	3.68		100.025	92.5711	0.0600444	0	0.600296	0.106323	16.03	1		0.0088623	12.0705	46.6143	0	0	0	
2024-06-17 12:12:41	1046	2039	1	0	0	4	17	0	0	0	17	0	0	2.25	17	0	0	0	17	0	0	1.515		100.026	95.886	0.12289	0	1.22858	0.0798477	13.509	1		0.0088623	12.0705	47.394	0	0	0	
2024-06-17 12:20:15	1097	2040	9	0	0	7.75	32	0	0	0	32	0	0	6	32	0	0	0	32	0	0	1.515		100.025	92.2841	0.131939	0	1.31905	0.034313	14.5037	1		0.0088623	12.0705	46.6143	0	0	0	
2024-06-17 12:20:59	1102	2041	5	0	0	7.75	32	0	0	0	32	0	0	4.75	32	0	0	0	32	0	0	2.598		100.02	90.9287	0.0735354	0	0.735207	0.0146832	13.8583	1		0.0088623	12.0616	46.6143	0	0	0	
2024-06-17 12:17:59	1082	2042	1	0	0	6	25	0	0	0	25	0	0	2	25	0	0	0	25	0	0	3.464		100.02	93.8511	0.0639787	0	0.639656	0.0695893	16.0763	1		0.0088623	12.0705	46.7443	0	0	0	
2024-06-17 12:12:33	1045	2043	5	0	0	4	17	0	0	0	17	0	0	5.5	17	0	0	0	17	0	0	1.299		100.025	96.3316	0.157626	0	1.57586	0.074915	14.8522	1		0.0088623	12.0705	47.394	0	0	0	
2024-06-17 12:13:27	1051	2044	9	0	0	4	17	0	0	0	17	0	0	4.25	17	0	0	0	17	0	0	0.216		100.021	94.9128	0.823105	0	8.22933	0.0596971	12.9266	1		0.0088623	12.0616	47.264	0	0	0	
2024-06-17 12:06:05	1001	2045	1	0	0	0	1	0	0	0	1	0	0	1.75	1	0	0	0	1	0	0	1.515		100.037	97.1345	0.124308	0	1.24262	0.482024	13.6634	1		0.0088623	12.0705	50.3827	0	0	0	
2024-06-17 12:28:30	1154	2046	1	0	0	3.75	16	0	0	4	16	0	0	3.5	16	0	0	4.25	16	0	0	0.13		100.034	18.2164	0.576223	0	5.76025	0.040587	9.04818	1		0.0088623	12.0705	46.8742	0	0	0	
2024-06-17 12:11:14	1036	2047	1	0	0	3	13	0	0	0	13	0	0	2.75	13	0	0	0	13	0	0	0.216		100.023	97.8104	0.723119	0	7.22952	0.534386	11.3561	1		0	12.0705	47.7838	0	0	0	
2024-06-17 12:09:45	1026	2048	5	0	0	2	9	0	0	0	9	0	0	6	9	0	0	0	9	0	0	3.464		100.035	98.5351	0.0634416	0	0.634197	0.231279	15.9391	1		0.0088623	12.0705	48.3036	0	0	0	
2024-06-17 12:09:01	1021	2049	9	0	0	2	9	0	0	0	9	0	0	4.75	9	0	0	0	9	0	0	2.381		100.038	99.1939	0.0822835	0	0.822526	0.107852	14.2122	1		0.0088623	12.0705	48.6935	0	0	0	
2024-06-17 12:18:45	1087	2050	9	0	0	7	29	0	0	0	29	0	0	5	29	0	0	0	29	0	0	1.732		100.021	92.8231	0.113742	0	1.13719	0.0828162	14.2903	1		0.0088623	12.0705	46.7443	0	0	0	
2024-06-17 12:18:35	1086	2051	1	0	0	7	29	0	0	0	29	0	0	3.75	29	0	0	0	29	0	0	2.814		100.023	92.6021	0.0709839	0	0.709678	0.025823	14.4919	1		0	12.0616	46.6143	0	0	0	
2024-06-17 12:07:34	1011	2052	1	0	0	1	5	0	0	0	5	0	0	3.25	5	0	0	0	5	0	0	1.948		100.037	100.976	0.0939968	0	0.939618	0.168754	13.2835	1		0.0088623	12.0616	49.4731	0	0	0	
2024-06-17 12:22:16	1111	2053	9	0	0	2.75	12	0	0	0	12	0	0	5	12	0	0	0	12	0	0	1.948		100.024	91.422	0.0963696	0	0.963465	0.0247466	13.6207	1		0.0088623	12.0616	46.6143	0	0	0	
2024-06-17 12:14:45	1060	2054	1	0	0	5	21	0	0	0	21	0	0	1.75	21	0	0	0	21	0	0	2.814		100.022	94.8055	0.0729231	0	0.729072	0.434781	14.8879	1		0.0088623	12.0705	47.0042	0	0	0	
2024-06-17 12:09:37	1025	2055	1	0	0	2	9	0	0	0	9	0	0	1.5	9	0	0	0	9	0	0	0.433		100.034	98.6553	0.438077	0	4.3793	0.243628	13.758	1		0	12.0705	48.4336	0	0	0	
2024-06-17 12:06:29	1004	2056	1	0	0	0	1	0	0	0	1	0	0	2.75	1	0	0	0	1	0	0	2.381		100.04	100.111	0.1124	0	1.12356	0.411187	19.4136	2		0.0088623	12.0705	50.2528	0	0	0	
2024-06-17 12:22:08	1110	2057	9	0	0	3.25	14	0	0	0	14	0	0	4.5	14	0	0	0	14	0	0	1.082		100.027	91.9992	0.182807	0	1.82757	0.176439	14.3537	1		0	12.0616	46.6143	0	0	0	
2024-06-17 12:11:49	1040	2058	9	0	0	3	13	0	0	0	13	0	0	6.75	13	0	0	0	13	0	0	3.247		100.028	98.2122	0.063791	0	0.63773	0.328965	15.0262	1		0	12.0705	47.6539	0	0	0	
2024-06-17 12:08:19	1016	2059	5	0	0	1	5	0	0	0	5	0	0	7.25	5	0	0	0	5	0	0	5.412		100.038	99.9364	0.0561989	0	0.561778	0.568964	22.061	1		0.0088623	12.0705	48.9533	0	0	0	
2024-06-17 12:16:39	1073	2060	5	0	0	6	25	0	0	0	25	0	0	7.5	25	0	0	0	25	0	0	1.299		100.025	93.255	0.156541	0	1.56503	0.144959	14.75	1		0.0088623	12.0705	46.8742	0	0	0	
2024-06-17 12:17:06	1076	2061	9	0	0	6	25	0	0	0	25	0	0	6.25	25	0	0	0	25	0	0	0.216		100.023	92.4815	0.803985	0	8.03802	0.405967	12.6261	1		0.0088623	12.0705	46.7443	0	0	0	
2024-06-17 12:21:41	1107	2062	5	0	0	7.75	32	0	0	0	32	0	0	0.5	32	0	0	0	32	0	0	6.278		100.022	92.4307	0.0364991	0	0.36491	0.144415	16.6228	1		0.0088623	12.0705	46.6143	0	0	0	
2024-06-17 12:15:11	1063	2063	1	0	0	5	21	0	0	0	21	0	0	3.5	21	0	0	0	21	0	0	1.299		100.026	96.1855	0.148426	0	1.48387	0.0909474	13.9852	1		0	12.0705	47.0042	0	0	0	
2024-06-17 12:11:58	1041	2064	1	0	0	3	13	0	0	0	13	0	0	0.25	13	0	0	0	13	0	0	2.381		100.027	97.067	0.0777094	0	0.776884	0.0793801	13.4236	1		0.0088623	12.0616	47.6539	0	0	0	
2024-06-17 12:08:36	1018	2065	5	0	0	1	5	0	0	0	5	0	0	1.25	5	0	0	0	5	0	0	0.216		100.039	100.959	0.72366	0	7.23379	0.239173	11.3628	1		0.0088623	12.0705	48.9533	0	0	0	
2024-06-17 12:13:00	1048	2066	1	0	0	4	17	0	0	0	17	0	0	1.5	17	0	0	0	17	0	0	2.165		100.026	94.7678	0.0857731	0	0.857511	0.0641641	13.4697	1		0	12.0616	47.264	0	0	0	
2024-06-17 12:22:50	1115	2067	9	0	0	1.5	7	0	0	0	7	0	0	6.25	7	0	0	0	7	0	0	4.113		100.022	87.8617	0.0564344	0	0.564221	0.922811	16.8393	4		0.0088623	12.0616	46.6143	0	0	0	
2024-06-17 12:20:50	1101	2068	9	0	0	7.75	32	0	0	0	32	0	0	5.25	32	0	0	0	32	0	0	2.165		100.02	91.0898	0.0879265	0	0.879087	0.0365411	13.8087	1		0.0088623	12.0705	46.4844	0	0	0	
2024-06-17 12:20:06	1096	2069	5	0	0	7.75	32	0	0	0	32	0	0	4	32	0	0	0	32	0	0	3.247		100.022	92.9667	0.0593958	0	0.59383	0.170939	13.9918	1		0.0088623	12.0616	46.6143	0	0	0	
2024-06-17 12:17:41	1080	2070	1	0	0	6	25	0	0	0	25	0	0	1.25	25	0	0	0	25	0	0	4.113		100.027	94.9988	0.0586645	0	0.586485	0.380066	17.5037	1		0.0088623	12.0616	46.8742	0	0	0	
2024-06-17 12:13:53	1054	2071	1	0	0	4	17	0	0	0	17	0	0	3.5	17	0	0	0	17	0	0	0.433		100.023	95.3747	0.488108	0	4.87996	0.27288	15.3308	1		0	12.0705	47.1341	0	0	0	
2024-06-17 12:06:21	1003	2072	1	0	0	0	1	0	0	0	1	0	0	1	1	0	0	0	1	0	0	0.866		100.039	100.957	0.23799	0	2.37896	0.831371	14.9475	1		0.0088623	12.0793	50.1229	0	0	0	
2024-06-17 12:09:11	1022	2073	9	0	0	2	9	0	0	0	9	0	0	5.25	9	0	0	0	9	0	0	2.814		100.037	98.6875	0.0762884	0	0.762602	0.118068	15.5726	1		0	12.0705	48.4336	0	0	0	
2024-06-17 12:09:37	1025	2074	9	0	0	2	9	0	0	0	9	0	0	4	9	0	0	0	9	0	0	1.732		100.034	98.6553	0.108288	0	1.08252	0.0325222	13.6034	1		0	12.0705	48.4336	0	0	0	
2024-06-17 12:27:29	1147	2075	1	0	0	3.5	15	0	0	0	15	0	0	2.25	15	0	0	0	15	0	0	1.082		100.031	92.4161	0.176192	0	1.76137	0.10628	13.8338	1		0.0088623	12.0616	46.8742	0	0	0	
2024-06-17 12:19:31	1092	2076	5	0	0	7	29	0	0	0	29	0	0	3	29	0	0	0	29	0	0	3.464		100.023	94.2694	0.0589437	0	0.589301	0.285708	14.8107	1		0.0088623	12.0616	46.7443	0	0	0	
2024-06-17 12:07:52	1013	2077	1	0	0	1	5	0	0	0	5	0	0	2.5	5	0	0	0	5	0	0	1.299		100.035	100.56	0.142963	0	1.42913	0.150277	13.4692	1		0.0088623	12.0705	49.2132	0	0	0	
2024-06-17 12:06:05	1001	2078	5	0	0	0	1	0	0	0	1	0	0	6.75	1	0	0	0	1	0	0	5.845		100.037	97.1345	0.0410621	0	0.410469	0.51985	17.4086	1		0.0088623	12.0705	50.3827	0	0	0	
2024-06-17 12:24:05	1123	2079	1	0	0	2.75	12	0	0	0	12	0	0	3	12	0	0	0	12	0	0	0.216		100.024	91.1029	0.72874	0	7.28564	0.40394	11.4443	1		0.0088623	12.0616	46.6143	0	0	0	
2024-06-17 12:15:03	1062	2080	1	0	0	5	21	0	0	0	21	0	0	1	21	0	0	0	21	0	0	3.464		100.024	94.5474	0.0616792	0	0.616642	0.0313525	15.4979	1		0	12.0705	47.0042	0	0	0	
2024-06-17 12:29:47	1163	2081	1	0	0	0.5	3	0	0	7.25	3	0	0	2.75	3	0	0	5	3	0	0	1.168		100.029	20.1201	0.0814231	0	0.813995	0.212734	11.5076	2		0	12.0705	46.8742	0	0	0	
2024-06-17 12:24:58	1129	2082	9	0	0	6.75	28	0	0	0	28	0	0	7	28	0	0	0	28	0	0	0.216		100.024	89.8553	0.77615	0	7.75963	0.462801	12.1888	1		0.0088623	12.0705	46.6143	0	0	0	
2024-06-17 12:09:55	1027	2083	1	0	0	2	9	0	0	0	9	0	0	0.75	9	0	0	0	9	0	0	1.082		100.034	98.2193	0.169059	0	1.69002	0.149693	13.2734	1		0	12.0705	48.1737	0	0	0	
2024-06-17 12:11:41	1039	2084	5	0	0	3	13	0	0	0	13	0	0	6	13	0	0	0	13	0	0	2.598		100.025	96.5143	0.0773638	0	0.773443	0.101241	14.5791	1		0.0088623	12.0705	47.394	0	0	0	
2024-06-17 12:11:04	1035	2085	9	0	0	3	13	0	0	0	13	0	0	4.75	13	0	0	0	13	0	0	1.515		100.027	96.9979	0.126573	0	1.26539	0.147026	13.9137	1		0.0088623	12.0705	47.9138	0	0	0	
2024-06-17 12:07:43	1012	2086	5	0	0	1	5	0	0	0	5	0	0	7.75	5	0	0	0	5	0	0	5.845		100.035	100.206	0.0391037	0	0.390902	0.149183	16.5787	1		0.0088623	12.0705	49.3432	0	0	0	
2024-06-17 12:07:52	1013	2087	5	0	0	1	5	0	0	0	5	0	0	6.5	5	0	0	0	5	0	0	4.762		100.035	100.56	0.0514631	0	0.514451	0.0730561	17.7782	1		0.0088623	12.0705	49.2132	0	0	0	
2024-06-17 12:16:30	1072	2088	5	0	0	6	25	0	0	0	25	0	0	5.5	25	0	0	0	25	0	0	0.433		100.027	93.0501	0.490442	0	4.90309	0.59844	15.4035	1		0.0088623	12.0705	46.8742	0	0	0	
2024-06-17 12:16:57	1075	2089	5	0	0	6	25	0	0	0	25	0	0	4.25	25	0	0	0	25	0	0	1.515		100.022	93.0639	0.133281	0	1.33252	0.260426	14.6518	1		0.0088623	12.0705	46.7443	0	0	0	
2024-06-17 12:15:46	1067	2090	1	0	0	5	21	0	0	0	21	0	0	2.75	21	0	0	0	21	0	0	1.948		100.026	95.7491	0.0963801	0	0.963546	0.0485168	13.6218	1		0	12.0705	46.7443	0	0	0	
2024-06-17 12:08:19	1016	2091	1	0	0	1	5	0	0	0	5	0	0	0.5	5	0	0	0	5	0	0	0.433		100.038	99.9364	0.457777	0	4.57605	0.298855	14.3761	1		0.0088623	12.0705	48.9533	0	0	0	
2024-06-17 12:13:18	1050	2092	1	0	0	4	17	0	0	0	17	0	0	0.75	17	0	0	0	17	0	0	2.814		100.023	95.3149	0.068865	0	0.68849	0.00125652	14.0592	1		0.0088623	12.0705	47.264	0	0	0	
2024-06-17 12:20:33	1099	2093	1	0	0	7.75	32	0	0	0	32	0	0	3.25	32	0	0	0	32	0	0	3.897		100.02	91.4998	0.0501513	0	0.50141	0.154099	14.177	1		0.0088623	12.0705	46.6143	0	0	0	
2024-06-17 12:29:02	1158	2094	1	0	0	2.75	12	0	0	5	12	0	0	0.5	12	0	0	7.25	12	0	0	1.168		100.031	19.8354	0.079917	0	0.798922	0.225492	11.2945	1		0	12.0705	46.8742	0	0	0	
2024-06-17 12:23:06	1116	2095	9	0	0	1.25	6	0	0	0	6	0	0	6.5	6	0	0	0	6	0	0	4.546		100.025	92.5171	0.0517849	0	0.517719	0.38583	17.0778	1		0.0088623	12.0705	46.6143	0	0	0	
2024-06-17 12:17:15	1077	2096	1	0	0	6	25	0	0	0	25	0	0	0.5	25	0	0	0	25	0	0	4.762		100.026	92.8673	0.0550002	0	0.54986	0.0320158	19.0018	1		0	12.0705	46.7443	0	0	0	
2024-06-17 12:14:18	1057	2097	1	0	0	4	17	0	0	0	17	0	0	2.75	17	0	0	0	17	0	0	1.082		100.021	93.557	0.180066	0	1.80027	0.101182	14.1393	1		0.0088623	12.0705	47.1341	0	0	0	
2024-06-17 12:07:07	1008	2098	1	0	0	0	1	0	0	0	1	0	0	0.25	1	0	0	0	1	0	0	0.216		100.035	101.469	0.723177	0	7.22927	0.0442654	11.3557	1		0.0088623	12.0705	49.733	0	0	0	
2024-06-17 12:09:01	1021	2099	1	0	0	2	9	0	0	0	9	0	0	3.25	9	0	0	0	9	0	0	1.082		100.038	99.1939	0.177526	0	1.77459	0.282345	13.9376	1		0.0088623	12.0705	48.6935	0	0	0	
2024-06-17 12:19:23	1091	2100	5	0	0	7	29	0	0	0	29	0	0	1.75	29	0	0	0	29	0	0	4.546		100.021	93.9602	0.050601	0	0.505903	0.619534	16.6881	1		0.0088623	12.0705	46.7443	0	0	0	
2024-06-17 12:05:15	997	2101	1	0	0	0	1	0	0	0	1	0	0	6	1	0	0	0	1	0	0	5.195		100.039	88.4914	0.0487953	0	0.487762	0.21943	18.3882	2		0.0088623	12.0793	51.4223	0	0	0	
2024-06-17 12:06:12	1002	2102	9	0	0	0	1	0	0	0	1	0	0	4.75	1	0	0	0	1	0	0	4.113		100.044	100.801	0.0528017	0	0.527783	0.152517	15.7518	1		0.0088623	12.0616	50.5127	0	0	0	
2024-06-17 12:26:38	1141	2103	1	0	0	7.25	30	0	0	0	30	0	0	0.5	30	0	0	0	30	0	0	5.845		100.023	91.8012	0.0475352	0	0.475244	0.896427	20.1558	1		0	12.0705	46.7443	0	0	0	
2024-06-17 12:15:21	1064	2104	1	0	0	5	21	0	0	0	21	0	0	0.25	21	0	0	0	21	0	0	4.113		100.024	94.951	0.0516774	0	0.51665	0.0441724	15.4195	1		0.0088623	12.0705	46.8742	0	0	0	
2024-06-17 12:15:29	1065	2105	5	0	0	5	21	0	0	0	21	0	0	6.75	21	0	0	0	21	0	0	1.515		100.024	93.9175	0.134994	0	1.34962	0.0390489	14.8399	1		0.0088623	12.0705	46.8742	0	0	0	
2024-06-17 12:12:07	1042	2106	1	0	0	3	13	0	0	0	13	0	0	2.25	13	0	0	0	13	0	0	0.649		100.022	96.1926	0.304588	0	3.04522	0.286543	14.3503	1		0	12.0705	47.5239	0	0	0	
2024-06-17 12:10:12	1029	2107	1	0	0	2	9	0	0	0	9	0	0	0	9	0	0	0	9	0	0	1.732		100.033	97.15	0.12397	0	1.23929	0.0403986	15.5734	1		0.0088623	12.0705	48.1737	0	0	0	
2024-06-17 12:25:07	1130	2108	9	0	0	6.5	27	0	0	0	27	0	0	7.25	27	0	0	0	27	0	0	0.649		100.021	89.6381	0.329644	0	3.29576	0.299976	15.5309	1		0.0088623	12.0705	46.6143	0	0	0	
2024-06-17 12:20:41	1100	2109	5	0	0	7.75	32	0	0	0	32	0	0	7.25	32	0	0	0	32	0	0	0.433		100.018	90.7692	0.470761	0	4.70674	0.622863	14.7867	1		0.0088623	12.0705	46.6143	0	0	0	
2024-06-17 12:26:47	1142	2110	1	0	0	7.5	31	0	0	0	31	0	0	0.25	31	0	0	0	31	0	0	6.278		100.025	90.8718	0.0364153	0	0.364063	0.178329	16.5842	1		0.0088623	12.0705	46.7443	0	0	0	
2024-06-17 12:23:39	1120	2111	1	0	0	0.75	4	0	0	0	4	0	0	1	4	0	0	0	4	0	0	0.216		100.027	93.4016	0.722462	0	7.22263	0.362073	11.3453	1		0.0088623	12.0705	46.7443	0	0	0	
2024-06-17 12:25:55	1136	2112	1	0	0	5.5	23	0	0	0	23	0	0	2.25	23	0	0	0	23	0	0	2.814		100.029	92.8626	0.0804217	0	0.803982	0.584518	16.4176	1		0.0088623	12.0616	46.7443	0	0	0	
2024-06-17 12:13:09	1049	2113	9	0	0	4	17	0	0	0	17	0	0	6.75	17	0	0	0	17	0	0	2.381		100.027	94.6354	0.0839262	0	0.839037	0.0245548	14.4975	1		0.0088623	12.0705	47.264	0	0	0	
2024-06-17 12:10:55	1034	2114	5	0	0	3	13	0	0	0	13	0	0	5.25	13	0	0	0	13	0	0	1.948		100.027	98.2022	0.0992061	0	0.99179	0.0370337	14.0211	1		0	12.0705	47.9138	0	0	0	
2024-06-17 12:11:14	1036	2115	5	0	0	3	13	0	0	0	13	0	0	4	13	0	0	0	13	0	0	0.866		100.023	97.8104	0.235957	0	2.35903	0.297473	14.8222	1		0	12.0705	47.7838	0	0	0	
2024-06-17 12:10:04	1028	2116	5	0	0	2	9	0	0	0	9	0	0	7.25	9	0	0	0	9	0	0	4.546		100.031	97.1592	0.0534687	0	0.534523	0.4823	17.6322	1		0.0088623	12.0705	48.1737	0	0	0	
2024-06-17 12:18:54	1088	2117	5	0	0	7	29	0	0	0	29	0	0	7.5	29	0	0	0	29	0	0	0.433		100.018	91.213	0.460374	0	4.60293	0.145401	14.4605	2		0	12.0705	46.6143	0	0	0	
2024-06-17 12:18:17	1084	2118	1	0	0	7	29	0	0	0	29	0	0	6.25	29	0	0	0	29	0	0	0.649		100.023	93.1455	0.334165	0	3.34087	0.679895	15.7435	1		0.0088623	12.0616	46.7443	0	0	0	
2024-06-17 12:08:00	1014	2119	5	0	0	1	5	0	0	0	5	0	0	5.75	5	0	0	0	5	0	0	4.113		100.039	101.649	0.0530369	0	0.530164	0.0399115	15.8228	1		0.0088623	12.0616	49.2132	0	0	0	
2024-06-17 12:07:25	1010	2120	9	0	0	1	5	0	0	0	5	0	0	4.5	5	0	0	0	5	0	0	3.031		100.037	101.085	0.069401	0	0.693755	0.316965	15.2565	1		0.0088623	12.0705	49.4731	0	0	0	
2024-06-17 12:17:33	1079	2121	1	0	0	6	25	0	0	0	25	0	0	3.5	25	0	0	0	25	0	0	2.165		100.027	94.4411	0.0888682	0	0.888445	0.0251783	13.9557	1		0.0088623	12.0705	46.8742	0	0	0	
2024-06-17 12:13:34	1052	2122	1	0	0	4	17	0	0	0	17	0	0	0	17	0	0	0	17	0	0	3.464		100.024	96.466	0.0602104	0	0.601957	0.00745843	15.1288	1		0.0088623	12.0705	47.264	0	0	0	
2024-06-17 12:21:24	1105	2123	5	0	0	7.75	32	0	0	0	32	0	0	2.5	32	0	0	0	32	0	0	4.546		100.019	93.2691	0.0455856	0	0.455768	0.680243	15.0343	1		0.0088623	12.0705	46.7443	0	0	0	
2024-06-17 12:09:19	1023	2124	1	0	0	2	9	0	0	0	9	0	0	2.5	9	0	0	0	9	0	0	0.433		100.037	99.6695	0.438602	0	4.38438	0.333623	13.7739	1		0.0088623	12.0616	48.5635	0	0	0	
2024-06-17 12:18:45	1087	2125	1	0	0	7	29	0	0	0	29	0	0	1	29	0	0	0	29	0	0	5.195		100.021	92.8231	0.0457852	0	0.457756	0.245449	17.257	1		0.0088623	12.0705	46.7443	0	0	0	
2024-06-17 12:06:21	1003	2126	5	0	0	0	1	0	0	0	1	0	0	5.25	1	0	0	0	1	0	0	4.546		100.039	100.957	0.050992	0	0.50972	0.229742	16.814	1		0.0088623	12.0793	50.1229	0	0	0	
2024-06-17 12:06:05	1001	2127	9	0	0	0	1	0	0	0	1	0	0	4	1	0	0	0	1	0	0	3.464		100.037	97.1345	0.0602912	0	0.602689	0.464617	15.1472	1		0.0088623	12.0705	50.3827	0	0	0	
2024-06-17 12:21:16	1104	2128	5	0	0	7.75	32	0	0	0	32	0	0	1.75	32	0	0	0	32	0	0	5.195		100.022	90.625	0.0413151	0	0.413058	0.0944833	15.5719	1		0.0088623	12.0705	46.6143	0	0	0	
2024-06-17 12:15:21	1064	2129	5	0	0	5	21	0	0	0	21	0	0	6	21	0	0	0	21	0	0	0.866		100.024	94.951	0.245133	0	2.45075	0.348812	15.3985	1		0.0088623	12.0705	46.8742	0	0	0	
2024-06-17 12:14:53	1061	2130	5	0	0	5	21	0	0	0	21	0	0	4.75	21	0	0	0	21	0	0	0.216		100.023	94.5407	0.751401	0	7.51227	0.395039	11.8002	1		0	12.0705	47.0042	0	0	0	
2024-06-17 12:10:47	1033	2131	1	0	0	3	13	0	0	0	13	0	0	1.5	13	0	0	0	13	0	0	1.299		100.026	98.4844	0.141005	0	1.40969	0.232762	13.286	1		0.0088623	12.0705	47.9138	0	0	0	
2024-06-17 12:20:33	1099	2132	5	0	0	7.75	32	0	0	0	32	0	0	6.5	32	0	0	0	32	0	0	1.082		100.02	91.4998	0.191533	0	1.91494	0.198599	15.0399	1		0.0088623	12.0705	46.6143	0	0	0	
2024-06-17 12:22:32	1113	2133	9	0	0	2.25	10	0	0	0	10	0	0	5.5	10	0	0	0	10	0	0	2.814		100.031	94.2969	0.0779804	0	0.77956	0.0848056	15.9189	1		0	12.0616	46.7443	0	0	0	
2024-06-17 12:28:53	1157	2134	1	0	0	3	13	0	0	4.75	13	0	0	1.25	13	0	0	6.5	13	0	0	0.908		100.035	20.0399	0.105127	0	1.0509	0.407202	11.5553	1		0.0088623	12.0705	46.8742	0	0	0	
2024-06-17 12:12:51	1047	2135	9	0	0	4	17	0	0	0	17	0	0	6	17	0	0	0	17	0	0	1.732		100.024	95.2494	0.11434	0	1.14313	0.0672689	14.365	1		0	12.0705	47.394	0	0	0	
2024-06-17 12:13:18	1050	2136	9	0	0	4	17	0	0	0	17	0	0	4.75	17	0	0	0	17	0	0	0.649		100.023	95.3149	0.339044	0	3.38965	0.234242	15.9734	1		0.0088623	12.0705	47.264	0	0	0	
2024-06-17 12:05:47	999	2137	1	0	0	0	1	0	0	0	1	0	0	2.25	1	0	0	0	1	0	0	1.948		100.038	97.4089	0.105834	0	1.05794	0.407635	14.9563	1		0.0088623	12.0705	50.9025	0	0	0	
2024-06-17 12:28:45	1156	2138	1	0	0	3.25	14	0	0	4.5	14	0	0	2	14	0	0	5.75	14	0	0	0.649		100.032	19.8711	0.176148	0	1.76092	0.836661	13.8302	1		0.0088623	12.0616	46.8742	0	0	0	
2024-06-17 12:11:49	1040	2139	1	0	0	3	13	0	0	0	13	0	0	3.25	13	0	0	0	13	0	0	0.216		100.028	98.2122	0.740501	0	7.40292	0.395874	11.6285	1		0	12.0705	47.6539	0	0	0	
2024-06-17 12:09:55	1027	2140	5	0	0	2	9	0	0	0	9	0	0	7.75	9	0	0	0	9	0	0	4.979		100.034	98.2193	0.0432228	0	0.432081	0.21211	15.6104	1		0	12.0705	48.1737	0	0	0	
2024-06-17 12:09:45	1026	2141	9	0	0	2	9	0	0	0	9	0	0	6.5	9	0	0	0	9	0	0	3.897		100.035	98.5351	0.0552806	0	0.552615	0.00489116	15.6248	1		0.0088623	12.0705	48.3036	0	0	0	
2024-06-17 12:19:06	1089	2142	5	0	0	7	29	0	0	0	29	0	0	5.5	29	0	0	0	29	0	0	1.299		100.019	90.9093	0.157469	0	1.57439	0.254855	14.8383	1		0	12.0705	46.7443	0	0	0	
2024-06-17 12:18:08	1083	2143	9	0	0	7	29	0	0	0	29	0	0	4.25	29	0	0	0	29	0	0	2.381		100.023	93.2586	0.0832076	0	0.831888	0.157445	14.374	1		0	12.0705	46.7443	0	0	0	
2024-06-17 12:07:16	1009	2144	9	0	0	1	5	0	0	0	5	0	0	5	5	0	0	0	5	0	0	3.464		100.036	101.089	0.0628763	0	0.628537	0.221863	15.7968	1		0.0088623	12.0705	49.6031	0	0	0	
2024-06-17 12:07:16	1009	2145	1	0	0	1	5	0	0	0	5	0	0	3.75	5	0	0	0	5	0	0	2.381		100.036	101.089	0.0810135	0	0.809843	0.0844008	13.9931	1		0.0088623	12.0705	49.6031	0	0	0	
2024-06-17 12:17:59	1082	2146	5	0	0	6	25	0	0	0	25	0	0	2.75	25	0	0	0	25	0	0	2.814		100.02	93.8511	0.0716669	0	0.716522	0.169406	14.6316	1		0.0088623	12.0705	46.7443	0	0	0	
2024-06-17 12:16:03	1069	2147	1	0	0	5	21	0	0	0	21	0	0	2.25	21	0	0	0	21	0	0	2.381		100.027	94.597	0.0801611	0	0.801395	0.00730822	13.8471	1		0.0088623	12.0616	46.8742	0	0	0	
2024-06-17 12:19:06	1089	2148	1	0	0	7	29	0	0	0	29	0	0	0.25	29	0	0	0	29	0	0	5.845		100.019	90.9093	0.0405454	0	0.405378	0.053244	17.1927	1		0	12.0705	46.7443	0	0	0	
2024-06-17 12:06:41	1005	2149	1	0	0	0	1	0	0	0	1	0	0	3.25	1	0	0	0	1	0	0	2.814		100.034	100.398	0.0696282	0	0.696048	0.119019	14.2135	1		0.0088623	12.0705	49.9929	0	0	0	
2024-06-17 12:10:47	1033	2150	5	0	0	3	13	0	0	0	13	0	0	7.25	13	0	0	0	13	0	0	3.68		100.026	98.4844	0.064822	0	0.648051	0.133605	17.3053	1		0.0088623	12.0705	47.9138	0	0	0	
2024-06-17 12:16:21	1071	2151	9	0	0	6	25	0	0	0	25	0	0	6.75	25	0	0	0	25	0	0	0.649		100.024	94.1979	0.347072	0	3.46988	0.591946	16.3514	1		0.0088623	12.0705	46.8742	0	0	0	
2024-06-17 12:21:50	1108	2152	9	0	0	3.75	16	0	0	0	16	0	0	4	16	0	0	0	16	0	0	0.216		100.022	91.695	0.814256	0	8.14081	0.335667	12.7875	1		0.0088623	12.0616	46.3544	0	0	0	
2024-06-17 12:21:41	1107	2153	1	0	0	7.75	32	0	0	0	32	0	0	1	32	0	0	0	32	0	0	5.845		100.022	92.4307	0.0377558	0	0.377475	0.11174	16.0093	1		0.0088623	12.0705	46.6143	0	0	0	
2024-06-17 12:14:36	1059	2154	1	0	0	5	21	0	0	0	21	0	0	5.25	21	0	0	0	21	0	0	0.216		100.024	94.7451	0.768447	0	7.68266	0.514988	12.0679	1		0	12.0616	47.0042	0	0	0	
2024-06-17 12:15:03	1062	2155	9	0	0	5	21	0	0	0	21	0	0	4	21	0	0	0	21	0	0	0.866		100.024	94.5474	0.24308	0	2.43021	0.297778	15.2695	1		0	12.0705	47.0042	0	0	0	
2024-06-17 12:11:41	1039	2156	1	0	0	3	13	0	0	0	13	0	0	0.75	13	0	0	0	13	0	0	1.948		100.025	96.5143	0.0934439	0	0.934204	0.133645	13.207	1		0.0088623	12.0705	47.394	0	0	0	
2024-06-17 12:08:10	1015	2157	1	0	0	1	5	0	0	0	5	0	0	1.75	5	0	0	0	5	0	0	0.649		100.038	100.553	0.302182	0	3.02069	0.130856	14.2347	1		0.0088623	12.0705	49.0833	0	0	0	
2024-06-17 12:12:51	1047	2158	1	0	0	4	17	0	0	0	17	0	0	2	17	0	0	0	17	0	0	1.732		100.024	95.2494	0.10774	0	1.07714	0.139726	13.5358	1		0	12.0705	47.394	0	0	0	
2024-06-17 12:21:08	1103	2159	5	0	0	7.75	32	0	0	0	32	0	0	5.75	32	0	0	0	32	0	0	1.732		100.025	90.4273	0.113104	0	1.13076	0.137683	14.2096	1		0.0088623	12.0705	46.3544	0	0	0	
2024-06-17 12:20:24	1098	2160	5	0	0	7.75	32	0	0	0	32	0	0	4.5	32	0	0	0	32	0	0	2.814		100.024	92.2727	0.0679464	0	0.679299	0.0837249	13.8715	1		0	12.0616	46.6143	0	0	0	
2024-06-17 12:24:22	1125	2161	1	0	0	2.25	10	0	0	0	10	0	0	3.5	10	0	0	0	10	0	0	1.082		100.025	90.9399	0.176825	0	1.76781	0.166682	13.8843	1		0.0088623	12.0705	46.6143	0	0	0	
2024-06-17 12:23:31	1119	2162	9	0	0	0.25	2	0	0	0	2	0	0	7.5	2	0	0	0	2	0	0	6.278		100.03	93.2135	0.0378486	0	0.378374	0.567731	17.2361	1		0.0088623	12.0616	46.7443	0	0	0	
2024-06-17 12:16:39	1073	2163	1	0	0	6	25	0	0	0	25	0	0	1.75	25	0	0	0	25	0	0	3.68		100.025	93.255	0.0644715	0	0.644556	0.330876	17.2119	1		0.0088623	12.0705	46.8742	0	0	0	
2024-06-17 12:12:41	1046	2164	5	0	0	4	17	0	0	0	17	0	0	5.25	17	0	0	0	17	0	0	1.082		100.026	95.886	0.192377	0	1.92327	0.17388	15.1054	1		0.0088623	12.0705	47.394	0	0	0	
2024-06-17 12:05:56	1000	2165	1	0	0	0	1	0	0	0	1	0	0	1.5	1	0	0	0	1	0	0	1.299		100.043	97.2857	0.146652	0	1.46589	0.323713	13.8157	1		0.0088623	12.0705	50.7726	0	0	0	
2024-06-17 12:11:04	1035	2166	1	0	0	3	13	0	0	0	13	0	0	2.5	13	0	0	0	13	0	0	0.433		100.027	96.9979	0.442672	0	4.42552	0.406244	13.9032	1		0.0088623	12.0705	47.9138	0	0	0	
2024-06-17 12:09:28	1024	2167	5	0	0	2	9	0	0	0	9	0	0	5.75	9	0	0	0	9	0	0	3.247		100.031	98.5049	0.0649508	0	0.649308	0.23856	15.299	1		0	12.0705	48.3036	0	0	0	
2024-06-17 12:09:19	1023	2168	9	0	0	2	9	0	0	0	9	0	0	4.5	9	0	0	0	9	0	0	2.165		100.037	99.6695	0.0885513	0	0.885183	0.010136	13.9044	1		0.0088623	12.0616	48.5635	0	0	0	
2024-06-17 12:19:49	1094	2169	1	0	0	7	29	0	0	0	29	0	0	3.5	29	0	0	0	29	0	0	3.031		100.021	92.4622	0.0655121	0	0.654982	0.106895	14.4038	1		0.0088623	12.0705	46.6143	0	0	0	
2024-06-17 12:07:25	1010	2170	1	0	0	1	5	0	0	0	5	0	0	3	5	0	0	0	5	0	0	1.732		100.037	101.085	0.106171	0	1.06132	0.0651353	13.337	1		0.0088623	12.0705	49.4731	0	0	0	
2024-06-17 12:05:15	997	2171	5	0	0	0	1	0	0	0	1	0	0	7.25	1	0	0	0	1	0	0	6.278		100.039	88.4914	0.0405669	0	0.40551	0.184247	18.4722	2		0.0088623	12.0793	51.4223	0	0	0	
2024-06-17 12:16:12	1070	2172	1	0	0	5	21	0	0	0	21	0	0	1.5	21	0	0	0	21	0	0	3.031		100.025	94.2627	0.0668977	0	0.668808	0.570104	14.7079	1		0	12.0705	46.8742	0	0	0	
2024-06-17 12:10:04	1028	2173	1	0	0	2	9	0	0	0	9	0	0	1.25	9	0	0	0	9	0	0	0.649		100.031	97.1592	0.293613	0	2.93523	0.203324	13.832	1		0.0088623	12.0705	48.1737	0	0	0	
2024-06-17 12:27:04	1144	2174	1	0	0	1.5	7	0	0	0	7	0	0	0.25	7	0	0	0	7	0	0	1.082		100.03	90.3895	0.173838	0	1.73785	0.0111634	13.6491	1		0.0088623	12.0705	46.7443	0	0	0	
2024-06-17 12:06:58	1007	2175	5	0	0	0	1	0	0	0	1	0	0	2.5	1	0	0	0	1	0	0	2.165		100.042	102.317	0.0890969	0	0.890596	0.516737	13.9895	1		0.0088623	11.9375	49.863	0	0	0	
2024-06-17 12:26:12	1138	2176	1	0	0	6.25	26	0	0	0	26	0	0	1.5	26	0	0	0	26	0	0	4.113		100.03	92.8985	0.0555391	0	0.555222	0.917947	16.5707	1		0.0088623	12.0705	46.7443	0	0	0	
2024-06-17 12:28:12	1152	2177	9	0	0	7.25	30	0	0	0	30	0	0	6.5	30	0	0	0	30	0	0	0.649		100.025	90.8399	0.325365	0	3.25283	0.279101	15.3286	1		0.0088623	12.0705	46.6143	0	0	0	
2024-06-17 12:11:41	1039	2178	9	0	0	3	13	0	0	0	13	0	0	7.75	13	0	0	0	13	0	0	4.113		100.025	96.5143	0.0498278	0	0.498153	0.516895	14.8674	1		0.0088623	12.0705	47.394	0	0	0	
2024-06-17 12:11:32	1038	2179	9	0	0	3	13	0	0	0	13	0	0	6.5	13	0	0	0	13	0	0	3.031		100.029	97.2931	0.0681157	0	0.680962	0.134687	14.9751	1		0.0088623	12.0616	47.6539	0	0	0	
2024-06-17 12:07:25	1010	2180	5	0	0	1	5	0	0	0	5	0	0	7	5	0	0	0	5	0	0	5.195		100.037	101.085	0.0455444	0	0.455276	0.325281	17.1635	1		0.0088623	12.0705	49.4731	0	0	0	
2024-06-17 12:16:47	1074	2181	5	0	0	6	25	0	0	0	25	0	0	4.75	25	0	0	0	25	0	0	1.082		100.022	92.9054	0.192253	0	1.9221	0.343856	15.0961	1		0.0088623	12.0705	46.6143	0	0	0	
2024-06-17 12:21:16	1104	2182	1	0	0	7.75	32	0	0	0	32	0	0	0.25	32	0	0	0	32	0	0	6.494		100.022	90.625	0.0341938	0	0.341861	0.0844218	16.1098	1		0.0088623	12.0705	46.6143	0	0	0	
2024-06-17 12:15:29	1065	2183	1	0	0	5	21	0	0	0	21	0	0	3.25	21	0	0	0	21	0	0	1.515		100.024	93.9175	0.125012	0	1.24982	0.127026	13.7425	1		0.0088623	12.0705	46.8742	0	0	0	
2024-06-17 12:12:23	1044	2184	1	0	0	3	13	0	0	0	13	0	0	0	13	0	0	0	13	0	0	2.598		100.026	97.978	0.0756942	0	0.756742	0.177281	14.2643	1		0.0088623	12.0705	47.394	0	0	0	
2024-06-17 12:21:59	1109	2185	9	0	0	3.5	15	0	0	0	15	0	0	4.25	15	0	0	0	15	0	0	0.649		100.02	91.0976	0.327015	0	3.26948	0.209456	15.4071	1		0	12.0705	46.6143	0	0	0	
2024-06-17 12:13:09	1049	2186	1	0	0	4	17	0	0	0	17	0	0	1.25	17	0	0	0	17	0	0	2.381		100.027	94.6354	0.0799738	0	0.799524	0.0536882	13.8148	1		0.0088623	12.0705	47.264	0	0	0	
2024-06-17 12:20:59	1102	2187	9	0	0	7.75	32	0	0	0	32	0	0	5	32	0	0	0	32	0	0	2.381		100.02	90.9287	0.0798165	0	0.798006	0.0644438	13.7885	1		0.0088623	12.0616	46.6143	0	0	0	
2024-06-17 12:20:15	1097	2188	1	0	0	7.75	32	0	0	0	32	0	0	3.75	32	0	0	0	32	0	0	3.464		100.025	92.2841	0.0561905	0	0.561762	0.00674464	14.1186	1		0.0088623	12.0705	46.6143	0	0	0	
2024-06-17 12:29:39	1162	2189	1	0	0	1.25	6	0	0	6.5	6	0	0	3	6	0	0	4.75	6	0	0	0.908		100.031	19.9545	0.106799	0	1.06766	0.356542	11.7396	1		0.0088623	12.0705	46.6143	0	0	0	
2024-06-17 12:16:30	1072	2190	1	0	0	6	25	0	0	0	25	0	0	1	25	0	0	0	25	0	0	4.33		100.027	93.0501	0.0562947	0	0.562795	0.041892	17.6807	1		0.0088623	12.0705	46.8742	0	0	0	
2024-06-17 12:14:10	1056	2191	1	0	0	4	17	0	0	0	17	0	0	3.25	17	0	0	0	17	0	0	0.649		100.024	94.1694	0.326494	0	3.26415	0.25029	15.3819	1		0	12.0616	47.1341	0	0	0	
2024-06-17 12:05:31	998	2192	1	0	0	0	1	0	0	0	1	0	0	0.75	1	0	0	0	1	0	0	0.649		100.039	91.3181	0.803503	0	8.03193	3.91444	37.8496	4		0.0088623	12.0705	51.2924	0	0	0	
2024-06-17 12:29:11	1159	2193	1	0	0	3.5	15	0	0	4.25	15	0	0	3.75	15	0	0	4	15	0	0	0.13		100.029	19.0727	0.556263	0	5.56101	0.163025	8.73521	1		0.0088623	12.0705	46.6143	0	0	0	
2024-06-17 12:09:11	1022	2194	5	0	0	2	9	0	0	0	9	0	0	5	9	0	0	0	9	0	0	2.598		100.037	98.6875	0.0766175	0	0.765892	0.0176679	14.4367	1		0	12.0705	48.4336	0	0	0	
2024-06-17 12:10:37	1032	2195	1	0	0	2	9	0	0	0	9	0	0	3.75	9	0	0	0	9	0	0	1.515		100.032	98.5924	0.12787	0	1.2783	0.130849	14.0556	1		0.0088623	12.0705	48.0437	0	0	0	
2024-06-17 12:19:15	1090	2196	1	0	0	7	29	0	0	0	29	0	0	2.75	29	0	0	0	29	0	0	3.68		100.02	91.7853	0.0562914	0	0.562799	0.156014	15.0287	1		0.0088623	12.0705	46.6143	0	0	0	
2024-06-17 12:19:49	1094	2197	5	0	0	7	29	0	0	0	29	0	0	2.25	29	0	0	0	29	0	0	4.113		100.021	92.4622	0.051686	0	0.51675	0.229096	15.4225	1		0.0088623	12.0705	46.6143	0	0	0	
2024-06-17 12:05:56	1000	2198	5	0	0	0	1	0	0	0	1	0	0	7.75	1	0	0	0	1	0	0	6.711		100.043	97.2857	0.0354453	0	0.3543	0.432548	17.2525	1		0.0088623	12.0705	50.7726	0	0	0	
2024-06-17 12:06:12	1002	2199	5	0	0	0	1	0	0	0	1	0	0	6.5	1	0	0	0	1	0	0	5.628		100.044	100.801	0.0423627	0	0.423439	0.00960072	17.2936	1		0.0088623	12.0616	50.5127	0	0	0	
2024-06-17 12:15:54	1068	2200	1	0	0	5	21	0	0	0	21	0	0	0.75	21	0	0	0	21	0	0	3.68		100.032	95.9066	0.0586209	0	0.586023	0.156477	15.6489	1		0	11.9375	46.8742	0	0	0	
2024-06-17 12:14:27	1058	2201	9	0	0	5	21	0	0	0	21	0	0	7.25	21	0	0	0	21	0	0	1.948		100.022	94.8387	0.112074	0	1.12049	0.13125	15.8406	1		0.0088623	12.0705	47.0042	0	0	0	
2024-06-17 12:28:03	1151	2202	9	0	0	5.75	24	0	0	0	24	0	0	4	24	0	0	0	24	0	0	1.515		100.023	91.1798	0.129585	0	1.29556	0.160222	14.2454	1		0	12.0616	46.7443	0	0	0	
2024-06-17 12:24:41	1127	2203	9	0	0	4.5	19	0	0	0	19	0	0	5.25	19	0	0	0	19	0	0	0.649		100.027	90.3788	0.32658	0	3.26493	0.203868	15.3856	1		0.0088623	12.0616	46.7443	0	0	0	
2024-06-17 12:29:18	1160	2204	1	0	0	2.75	12	0	0	5	12	0	0	3.5	12	0	0	4.25	12	0	0	0.389		100.034	19.8438	0.312845	0	3.12737	0.347724	14.7374	2		0.0088623	12.0616	46.8742	0	0	0	
2024-06-17 12:10:37	1032	2205	5	0	0	2	9	0	0	0	9	0	0	0.5	9	0	0	0	9	0	0	1.299		100.032	98.5924	0.14109	0	1.41045	0.0623273	13.2932	1		0.0088623	12.0705	48.0437	0	0	0	
2024-06-17 12:23:23	1118	2206	9	0	0	0.5	3	0	0	0	3	0	0	7.25	3	0	0	0	3	0	0	5.845		100.034	93.9086	0.0549755	0	0.549568	0.645497	23.308	1		0	12.0705	46.6143	0	0	0	
2024-06-17 12:13:18	1050	2207	5	0	0	4	17	0	0	0	17	0	0	7.25	17	0	0	0	17	0	0	2.814		100.023	95.3149	0.0762038	0	0.761861	0.240864	15.5575	1		0.0088623	12.0705	47.264	0	0	0	
2024-06-17 12:11:14	1036	2208	9	0	0	3	13	0	0	0	13	0	0	5.75	13	0	0	0	13	0	0	2.381		100.023	97.8104	0.0809004	0	0.808817	0.106793	13.9754	1		0	12.0705	47.7838	0	0	0	
2024-06-17 12:11:32	1038	2209	5	0	0	3	13	0	0	0	13	0	0	4.5	13	0	0	0	13	0	0	1.299		100.029	97.2931	0.148637	0	1.48595	0.186407	14.0047	1		0.0088623	12.0616	47.6539	0	0	0	
2024-06-17 12:18:35	1086	2210	5	0	0	7	29	0	0	0	29	0	0	6.75	29	0	0	0	29	0	0	0.216		100.023	92.6021	0.774577	0	7.744	0.644699	12.1643	1		0	12.0616	46.6143	0	0	0	
2024-06-17 12:07:34	1011	2211	5	0	0	1	5	0	0	0	5	0	0	7.5	5	0	0	0	5	0	0	5.628		100.037	100.976	0.0418042	0	0.417886	0.272865	17.0667	1		0.0088623	12.0616	49.4731	0	0	0	
2024-06-17 12:08:10	1015	2212	9	0	0	1	5	0	0	0	5	0	0	6.25	5	0	0	0	5	0	0	4.546		100.038	100.553	0.0529703	0	0.529504	0.166933	17.4666	1		0.0088623	12.0705	49.0833	0	0	0	
2024-06-17 12:16:30	1072	2213	9	0	0	6	25	0	0	0	25	0	0	5.25	25	0	0	0	25	0	0	0.649		100.027	93.0501	0.331266	0	3.31176	0.56054	15.6063	1		0.0088623	12.0705	46.8742	0	0	0	
2024-06-17 12:16:57	1075	2214	9	0	0	6	25	0	0	0	25	0	0	4	25	0	0	0	25	0	0	1.732		100.022	93.0639	0.113517	0	1.13492	0.0279444	14.2618	1		0.0088623	12.0705	46.7443	0	0	0	
2024-06-17 12:14:27	1058	2215	1	0	0	5	21	0	0	0	21	0	0	2.5	21	0	0	0	21	0	0	2.165		100.022	94.8387	0.0920407	0	0.920206	0.788665	14.4546	1		0.0088623	12.0705	47.0042	0	0	0	
2024-06-17 12:08:45	1019	2216	1	0	0	1	5	0	0	0	5	0	0	0.25	5	0	0	0	5	0	0	0.649		100.033	100.018	0.309253	0	3.09151	0.1422	14.5684	1		0	12.0705	48.6935	0	0	0	
2024-06-17 12:13:27	1051	2217	1	0	0	4	17	0	0	0	17	0	0	0.5	17	0	0	0	17	0	0	3.031		100.021	94.9128	0.0668123	0	0.667983	0.0296002	14.6897	1		0.0088623	12.0616	47.264	0	0	0	
2024-06-17 12:21:32	1106	2218	1	0	0	7.75	32	0	0	0	32	0	0	3	32	0	0	0	32	0	0	4.113		100.027	93.8948	0.047973	0	0.479598	0.0319217	14.3137	1		0.0088623	12.0616	46.7443	0	0	0	
2024-06-17 12:16:47	1074	2219	1	0	0	6	25	0	0	0	25	0	0	0.25	25	0	0	0	25	0	0	4.979		100.022	92.9054	0.0470474	0	0.47037	0.0769872	16.9937	1		0.0088623	12.0705	46.6143	0	0	0	
2024-06-17 12:25:47	1135	2220	1	0	0	5.25	22	0	0	0	22	0	0	2.5	22	0	0	0	22	0	0	2.381		100.031	93.4003	0.0924268	0	0.923983	0.722355	15.9653	1		0.0088623	12.0705	46.7443	0	0	0	
2024-06-17 12:14:01	1055	2221	5	0	0	4	17	0	0	0	17	0	0	2.5	17	0	0	0	17	0	0	1.299		100.025	94.7046	0.147249	0	1.47211	0.309612	13.8744	1		0.0088623	12.0705	47.1341	0	0	0	
2024-06-17 12:10:21	1030	2222	5	0	0	2	9	0	0	0	9	0	0	3	9	0	0	0	9	0	0	0.866		100.031	96.8116	0.225438	0	2.25368	0.190353	14.1603	1		0	12.0705	47.7838	0	0	0	
2024-06-17 12:19:40	1093	2223	5	0	0	7	29	0	0	0	29	0	0	1.5	29	0	0	0	29	0	0	4.762		100.017	93.2335	0.0482553	0	0.482471	0.523906	16.673	1		0	12.0705	46.6143	0	0	0	
2024-06-17 12:05:56	1000	2224	9	0	0	0	1	0	0	0	1	0	0	5.75	1	0	0	0	1	0	0	4.979		100.043	97.2857	0.0465371	0	0.46517	0.0712156	16.8058	1		0.0088623	12.0705	50.7726	0	0	0	
2024-06-17 12:06:29	1004	2225	5	0	0	0	1	0	0	0	1	0	0	4.5	1	0	0	0	1	0	0	3.897		100.04	100.111	0.054675	0	0.546533	0.0259911	15.4529	2		0.0088623	12.0705	50.2528	0	0	0	
2024-06-17 12:15:39	1066	2226	1	0	0	5	21	0	0	0	21	0	0	0	21	0	0	0	21	0	0	4.33		100.023	94.3298	0.0509093	0	0.508978	0.264242	15.99	1		0	12.0705	46.8742	0	0	0	
2024-06-17 12:21:08	1103	2227	1	0	0	7.75	32	0	0	0	32	0	0	2.25	32	0	0	0	32	0	0	4.762		100.025	90.4273	0.0428458	0	0.428351	0.151956	14.8028	1		0.0088623	12.0705	46.3544	0	0	0	
2024-06-17 12:14:45	1060	2228	9	0	0	5	21	0	0	0	21	0	0	7.75	21	0	0	0	21	0	0	2.381		100.022	94.8055	0.0821743	0	0.821563	0.170553	14.1956	1		0.0088623	12.0705	47.0042	0	0	0	
2024-06-17 12:15:11	1063	2229	5	0	0	5	21	0	0	0	21	0	0	6.5	21	0	0	0	21	0	0	1.299		100.026	96.1855	0.158608	0	1.58566	0.0365771	14.9445	1		0	12.0705	47.0042	0	0	0	
2024-06-17 12:12:07	1042	2230	5	0	0	3	13	0	0	0	13	0	0	2	13	0	0	0	13	0	0	0.866		100.022	96.1926	0.224243	0	2.24195	0.128148	14.0866	1		0	12.0705	47.5239	0	0	0	
2024-06-17 12:25:32	1133	2231	1	0	0	4.5	19	0	0	0	19	0	0	3.25	19	0	0	0	19	0	0	1.082		100.031	92.9774	0.183271	0	1.83214	0.125652	14.3896	1		0	12.0616	46.7443	0	0	0	
2024-06-17 12:20:15	1097	2232	5	0	0	7.75	32	0	0	0	32	0	0	7	32	0	0	0	32	0	0	0.649		100.025	92.2841	0.333703	0	3.33618	0.719679	15.7214	1		0.0088623	12.0705	46.6143	0	0	0	
2024-06-17 12:27:54	1150	2233	9	0	0	5.5	23	0	0	0	23	0	0	4.25	23	0	0	0	23	0	0	1.082		100.028	91.76	0.188069	0	1.88016	0.0567494	14.7668	1		0	12.0616	46.8742	0	0	0	
2024-06-17 12:26:30	1140	2234	1	0	0	6.75	28	0	0	0	28	0	0	1	28	0	0	0	28	0	0	4.979		100.027	91.468	0.0508616	0	0.508478	0.317583	18.3704	1		0.0088623	12.0705	46.6143	0	0	0	
2024-06-17 12:24:49	1128	2235	9	0	0	4.25	18	0	0	0	18	0	0	5.5	18	0	0	0	18	0	0	1.082		100.029	90.0882	0.190209	0	1.90153	0.145728	14.9346	1		0.0088623	12.0705	46.6143	0	0	0	
2024-06-17 12:13:27	1051	2236	5	0	0	4	17	0	0	0	17	0	0	7.75	17	0	0	0	17	0	0	3.247		100.021	94.9128	0.0613589	0	0.61346	0.337842	14.4543	1		0.0088623	12.0616	47.264	0	0	0	
2024-06-17 12:13:00	1048	2237	5	0	0	4	17	0	0	0	17	0	0	6.5	17	0	0	0	17	0	0	2.165		100.026	94.7678	0.0919485	0	0.919249	0.0315654	14.4395	1		0	12.0616	47.264	0	0	0	
2024-06-17 12:11:22	1037	2238	9	0	0	3	13	0	0	0	13	0	0	5	13	0	0	0	13	0	0	1.732		100.025	97.3826	0.109537	0	1.09509	0.0678079	13.7613	1		0.0088623	12.0705	47.7838	0	0	0	
2024-06-17 12:11:32	1038	2239	1	0	0	3	13	0	0	0	13	0	0	3.75	13	0	0	0	13	0	0	0.649		100.029	97.2931	0.316409	0	3.16318	0.344854	14.9061	1		0.0088623	12.0616	47.6539	0	0	0	
2024-06-17 12:09:19	1023	2240	5	0	0	2	9	0	0	0	9	0	0	7	9	0	0	0	9	0	0	4.33		100.037	99.6695	0.0503177	0	0.502989	0.183946	15.8019	1		0.0088623	12.0616	48.5635	0	0	0	
2024-06-17 12:19:15	1090	2241	5	0	0	7	29	0	0	0	29	0	0	6	29	0	0	0	29	0	0	0.866		100.02	91.7853	0.250682	0	2.50631	0.226786	15.7476	1		0.0088623	12.0705	46.6143	0	0	0	
2024-06-17 12:18:26	1085	2242	5	0	0	7	29	0	0	0	29	0	0	4.75	29	0	0	0	29	0	0	1.948		100.024	93.2112	0.10106	0	1.01036	0.060008	14.2837	1		0.0088623	12.0616	46.7443	0	0	0	
2024-06-17 12:07:52	1013	2243	9	0	0	1	5	0	0	0	5	0	0	5.5	5	0	0	0	5	0	0	3.897		100.035	100.56	0.060894	0	0.608727	0.265405	17.2113	1		0.0088623	12.0705	49.2132	0	0	0	
2024-06-17 12:07:43	1012	2244	9	0	0	1	5	0	0	0	5	0	0	4.25	5	0	0	0	5	0	0	2.814		100.035	100.206	0.0719389	0	0.71914	0.0817219	14.6851	1		0.0088623	12.0705	49.3432	0	0	0	
2024-06-17 12:17:33	1079	2245	5	0	0	6	25	0	0	0	25	0	0	3.25	25	0	0	0	25	0	0	2.381		100.027	94.4411	0.0830022	0	0.829801	0.0537424	14.3379	1		0.0088623	12.0705	46.8742	0	0	0	
2024-06-17 12:23:56	1122	2246	1	0	0	0.25	2	0	0	0	2	0	0	1.5	2	0	0	0	2	0	0	1.082		100.021	91.5431	0.172384	0	1.72348	0.128232	13.5362	1		0	12.0705	46.6143	0	0	0	
2024-06-17 12:19:57	1095	2247	1	0	0	7	29	0	0	0	29	0	0	0.75	29	0	0	0	29	0	0	5.412		100.03	94.1334	0.0440358	0	0.440226	0.523625	17.2877	1		0.0088623	12.0705	46.7443	0	0	0	
2024-06-17 12:06:21	1003	2248	9	0	0	0	1	0	0	0	1	0	0	5	1	0	0	0	1	0	0	4.33		100.039	100.957	0.0509642	0	0.509442	0.395624	16.0046	1		0.0088623	12.0793	50.1229	0	0	0	
2024-06-17 12:06:58	1007	2249	1	0	0	0	1	0	0	0	1	0	0	3.75	1	0	0	0	1	0	0	3.247		100.042	102.317	0.062622	0	0.625958	0.172152	14.7488	1		0.0088623	11.9375	49.863	0	0	0	
2024-06-17 12:28:21	1153	2250	9	0	0	7.5	31	0	0	0	31	0	0	6.25	31	0	0	0	31	0	0	1.082		100.026	90.1276	0.186588	0	1.8654	0.0628848	14.6508	1		0	12.0705	46.7443	0	0	0	
2024-06-17 12:25:14	1131	2251	9	0	0	6.25	26	0	0	0	26	0	0	7.5	26	0	0	0	26	0	0	1.082		100.03	92.5289	0.188111	0	1.88054	0.0448336	14.7697	1		0.0088623	12.0616	46.7443	0	0	0	
2024-06-17 12:17:22	1078	2252	5	0	0	6	25	0	0	0	25	0	0	7.25	25	0	0	0	25	0	0	1.082		100.025	92.6176	0.213165	0	2.13113	0.365334	16.7378	2		0.0088623	11.9375	46.8742	0	0	0	
2024-06-17 12:20:24	1098	2253	1	0	0	7.75	32	0	0	0	32	0	0	1.5	32	0	0	0	32	0	0	5.412		100.024	92.2727	0.0395698	0	0.395601	0.361562	15.5352	1		0	12.0616	46.6143	0	0	0	
2024-06-17 12:14:53	1061	2254	9	0	0	5	21	0	0	0	21	0	0	5.75	21	0	0	0	21	0	0	0.649		100.023	94.5407	0.331505	0	3.31429	0.299339	15.6182	1		0	12.0705	47.0042	0	0	0	
2024-06-17 12:15:21	1064	2255	9	0	0	5	21	0	0	0	21	0	0	4.5	21	0	0	0	21	0	0	0.433		100.024	94.951	0.464117	0	4.64006	0.461142	14.5772	1		0.0088623	12.0705	46.8742	0	0	0	
2024-06-17 12:11:58	1041	2256	5	0	0	3	13	0	0	0	13	0	0	1.25	13	0	0	0	13	0	0	1.515		100.027	97.067	0.12006	0	1.20028	0.0175898	13.1978	1		0.0088623	12.0616	47.6539	0	0	0	
2024-06-17 12:07:43	1012	2257	1	0	0	1	5	0	0	0	5	0	0	2.25	5	0	0	0	5	0	0	1.082		100.035	100.206	0.170992	0	1.70933	0.0474276	13.425	1		0.0088623	12.0705	49.3432	0	0	0	
2024-06-17 12:23:47	1121	2258	1	0	0	0.5	3	0	0	0	3	0	0	1.25	3	0	0	0	3	0	0	0.649		100.026	93.7829	0.304518	0	3.04438	0.302111	14.3463	1		0	12.0616	46.6143	0	0	0	
2024-06-17 12:22:24	1112	2259	9	0	0	2.5	11	0	0	0	11	0	0	5.25	11	0	0	0	11	0	0	2.381		100.023	93.1543	0.0908794	0	0.908586	0.865749	15.6992	1		0.0088623	12.0616	46.6143	0	0	0	
2024-06-17 12:20:41	1100	2260	9	0	0	7.75	32	0	0	0	32	0	0	7.5	32	0	0	0	32	0	0	0.216		100.018	90.7692	0.820016	0	8.19866	0.277769	12.8784	1		0.0088623	12.0705	46.6143	0	0	0	
2024-06-17 12:20:24	1098	2261	9	0	0	7.75	32	0	0	0	32	0	0	6.25	32	0	0	0	32	0	0	1.299		100.024	92.2727	0.156321	0	1.56283	0.112638	14.7293	1		0	12.0616	46.6143	0	0	0	
2024-06-17 12:25:24	1132	2262	1	0	0	4.25	18	0	0	0	18	0	0	3.5	18	0	0	0	18	0	0	0.649		100.026	91.7155	0.328096	0	3.28012	0.10401	15.4572	1		0.0088623	12.0705	46.7443	0	0	0	
2024-06-17 12:16:21	1071	2263	1	0	0	6	25	0	0	0	25	0	0	2.25	25	0	0	0	25	0	0	3.247		100.024	94.1979	0.064086	0	0.640705	0.0286257	15.0963	1		0.0088623	12.0705	46.8742	0	0	0	
2024-06-17 12:27:46	1149	2264	9	0	0	5.25	22	0	0	0	22	0	0	4.5	22	0	0	0	22	0	0	0.649		100.026	91.2259	0.324885	0	3.24802	0.260528	15.3059	1		0.0088623	12.0705	46.7443	0	0	0	
2024-06-17 12:12:33	1045	2265	1	0	0	4	17	0	0	0	17	0	0	5.75	17	0	0	0	17	0	0	1.515		100.025	96.3316	0.131277	0	1.31244	0.138427	14.431	1		0.0088623	12.0705	47.394	0	0	0	
2024-06-17 12:13:34	1052	2266	5	0	0	4	17	0	0	0	17	0	0	4.5	17	0	0	0	17	0	0	0.433		100.024	96.466	0.499579	0	4.99456	0.176682	15.6909	1		0.0088623	12.0705	47.264	0	0	0	
2024-06-17 12:06:50	1006	2267	5	0	0	0	1	0	0	0	1	0	0	2	1	0	0	0	1	0	0	1.732		100.04	102.21	0.129783	0	1.29731	0.813712	16.3024	1		0.0088623	12.0616	49.9929	0	0	0	
2024-06-17 12:09:37	1025	2268	5	0	0	2	9	0	0	0	9	0	0	7.5	9	0	0	0	9	0	0	4.762		100.034	98.6553	0.0461144	0	0.460989	0.454801	15.9306	1		0	12.0705	48.4336	0	0	0	
2024-06-17 12:09:01	1021	2269	5	0	0	2	9	0	0	0	9	0	0	6.25	9	0	0	0	9	0	0	3.68		100.038	99.1939	0.0584135	0	0.583915	0.00389577	15.5926	1		0.0088623	12.0705	48.6935	0	0	0	
2024-06-17 12:18:45	1087	2270	5	0	0	7	29	0	0	0	29	0	0	5.25	29	0	0	0	29	0	0	1.515		100.021	92.8231	0.131459	0	1.31431	0.189935	14.4516	1		0.0088623	12.0705	46.7443	0	0	0	
2024-06-17 12:18:08	1083	2271	5	0	0	7	29	0	0	0	29	0	0	4	29	0	0	0	29	0	0	2.598		100.023	93.2586	0.0761022	0	0.760849	0.092803	14.3417	1		0	12.0705	46.7443	0	0	0	
2024-06-17 12:08:36	1018	2272	1	0	0	1	5	0	0	0	5	0	0	3.5	5	0	0	0	5	0	0	2.165		100.039	100.959	0.0850084	0	0.849755	0.039237	13.3479	1		0.0088623	12.0705	48.9533	0	0	0	
2024-06-17 12:17:22	1078	2273	1	0	0	6	25	0	0	0	25	0	0	2.5	25	0	0	0	25	0	0	3.031		100.025	92.6176	0.0733815	0	0.733634	0.539014	16.1335	2		0.0088623	11.9375	46.8742	0	0	0	
2024-06-17 12:27:37	1148	2274	1	0	0	3.75	16	0	0	0	16	0	0	2	16	0	0	0	16	0	0	1.515		100.025	92.7006	0.126496	0	1.26464	0.0334326	13.9055	1		0.0088623	12.0616	46.7443	0	0	0	
2024-06-17 12:16:03	1069	2275	5	0	0	5	21	0	0	0	21	0	0	2	21	0	0	0	21	0	0	2.598		100.027	94.597	0.0763456	0	0.76325	0.147759	14.3869	1		0.0088623	12.0616	46.8742	0	0	0	
2024-06-17 12:10:30	1031	2276	1	0	0	2	9	0	0	0	9	0	0	1.75	9	0	0	0	9	0	0	0.216		100.035	98.6986	0.713101	0	7.12848	0.259182	11.1974	1		0	12.0705	48.1737	0	0	0	
2024-06-17 12:18:26	1085	2277	1	0	0	7	29	0	0	0	29	0	0	0	29	0	0	0	29	0	0	6.061		100.024	93.2112	0.0403179	0	0.403084	0.642652	17.7286	1		0.0088623	12.0616	46.7443	0	0	0	
2024-06-17 12:07:07	1008	2278	5	0	0	0	1	0	0	0	1	0	0	3	1	0	0	0	1	0	0	2.598		100.035	101.469	0.0758882	0	0.758619	0.246115	14.2996	1		0.0088623	12.0705	49.733	0	0	0	
2024-06-17 12:10:55	1034	2279	9	0	0	3	13	0	0	0	13	0	0	7	13	0	0	0	13	0	0	3.464		100.027	98.2022	0.0596544	0	0.596381	0.200275	14.9887	1		0	12.0705	47.9138	0	0	0	
2024-06-17 12:16:39	1073	2280	9	0	0	6	25	0	0	0	25	0	0	7.75	25	0	0	0	25	0	0	1.515		100.025	93.255	0.135472	0	1.35438	0.140388	14.8922	1		0.0088623	12.0705	46.8742	0	0	0	
2024-06-17 12:17:06	1076	2281	5	0	0	6	25	0	0	0	25	0	0	6.5	25	0	0	0	25	0	0	0.433		100.023	92.4815	0.505535	0	5.0542	0.404424	15.8782	1		0.0088623	12.0705	46.7443	0	0	0	
2024-06-17 12:20:41	1100	2282	1	0	0	7.75	32	0	0	0	32	0	0	0.75	32	0	0	0	32	0	0	6.061		100.018	90.7692	0.0365858	0	0.365791	0.168615	16.0883	1		0.0088623	12.0705	46.6143	0	0	0	
2024-06-17 12:14:53	1061	2283	1	0	0	5	21	0	0	0	21	0	0	3.75	21	0	0	0	21	0	0	1.082		100.023	94.5407	0.186202	0	1.86159	0.197095	14.6209	1		0	12.0705	47.0042	0	0	0	
2024-06-17 12:10:55	1034	2284	1	0	0	3	13	0	0	0	13	0	0	0.5	13	0	0	0	13	0	0	2.165		100.027	98.2022	0.0871288	0	0.87105	0.0174651	13.6824	1		0	12.0705	47.9138	0	0	0	
2024-06-17 12:08:00	1014	2285	1	0	0	1	5	0	0	0	5	0	0	1.5	5	0	0	0	5	0	0	0.433		100.039	101.649	0.44666	0	4.46487	0.123483	14.0268	1		0.0088623	12.0616	49.2132	0	0	0	
2024-06-17 12:29:30	1161	2286	1	0	0	2	9	0	0	5.75	9	0	0	3.25	9	0	0	4.5	9	0	0	0.649		100.031	19.7819	0.172653	0	1.72599	0.377072	13.5559	1		0	12.0705	46.8742	0	0	0	
2024-06-17 12:13:43	1053	2287	5	0	0	4	17	0	0	0	17	0	0	1.75	17	0	0	0	17	0	0	1.948		100.026	96.6978	0.0958016	0	0.95777	0.0330634	13.5402	1		0.0088623	12.0705	47.264	0	0	0	
2024-06-17 12:24:14	1124	2288	1	0	0	2.5	11	0	0	0	11	0	0	3.25	11	0	0	0	11	0	0	0.649		100.022	90.6078	0.305399	0	3.05332	0.337069	14.3884	1		0	12.0705	46.6143	0	0	0	
2024-06-17 12:20:33	1099	2289	9	0	0	7.75	32	0	0	0	32	0	0	5.5	32	0	0	0	32	0	0	1.948		100.02	91.4998	0.0997034	0	0.99683	0.138429	14.0924	1		0.0088623	12.0705	46.6143	0	0	0	
2024-06-17 12:20:06	1096	2290	9	0	0	7.75	32	0	0	0	32	0	0	4.25	32	0	0	0	32	0	0	3.031		100.022	92.9667	0.0637781	0	0.637644	0.281663	14.0225	1		0.0088623	12.0616	46.6143	0	0	0	
2024-06-17 12:16:57	1075	2291	1	0	0	6	25	0	0	0	25	0	0	1.5	25	0	0	0	25	0	0	3.897		100.022	93.0639	0.0587526	0	0.587397	0.668414	16.6083	1		0.0088623	12.0705	46.7443	0	0	0	
2024-06-17 12:13:00	1048	2292	9	0	0	4	17	0	0	0	17	0	0	5	17	0	0	0	17	0	0	0.866		100.026	94.7678	0.245607	0	2.45544	0.187574	15.428	1		0	12.0616	47.264	0	0	0	
2024-06-17 12:13:53	1054	2293	5	0	0	4	17	0	0	0	17	0	0	3.75	17	0	0	0	17	0	0	0.216		100.023	95.3747	0.804942	0	8.04758	0.309474	12.6411	1		0	12.0705	47.1341	0	0	0	
2024-06-17 12:06:50	1006	2294	1	0	0	0	1	0	0	0	1	0	0	1.25	1	0	0	0	1	0	0	1.082		100.04	102.21	0.179976	0	1.79903	0.725822	14.1296	1		0.0088623	12.0616	49.9929	0	0	0	
2024-06-17 12:09:28	1024	2295	1	0	0	2	9	0	0	0	9	0	0	5.5	9	0	0	0	9	0	0	3.031		100.031	98.5049	0.100543	0	1.00512	0.841961	22.1037	1		0	12.0705	48.3036	0	0	0	
2024-06-17 12:09:55	1027	2296	9	0	0	2	9	0	0	0	9	0	0	4.25	9	0	0	0	9	0	0	1.948		100.034	98.2193	0.0982357	0	0.982024	0.0554052	13.883	1		0	12.0705	48.1737	0	0	0	
2024-06-17 12:18:54	1088	2297	1	0	0	7	29	0	0	0	29	0	0	3.25	29	0	0	0	29	0	0	3.247		100.018	91.213	0.0618807	0	0.618699	0.0401366	14.5777	2		0	12.0705	46.6143	0	0	0	
2024-06-17 12:08:45	1019	2298	5	0	0	1	5	0	0	0	5	0	0	2.75	5	0	0	0	5	0	0	1.515		100.033	100.018	0.119929	0	1.19889	0.048774	13.1825	1		0	12.0705	48.6935	0	0	0	
2024-06-17 12:06:29	1004	2299	9	0	0	0	1	0	0	0	1	0	0	7	1	0	0	0	1	0	0	6.061		100.04	100.111	0.0400016	0	0.399857	0.00592789	17.5866	2		0.0088623	12.0705	50.2528	0	0	0	
2024-06-17 12:15:54	1068	2300	5	0	0	5	21	0	0	0	21	0	0	1.25	21	0	0	0	21	0	0	3.247		100.032	95.9066	0.0667012	0	0.666801	0.405977	15.7111	1		0	11.9375	46.8742	0	0	0	
2024-06-17 12:10:21	1030	2301	1	0	0	2	9	0	0	0	9	0	0	1	9	0	0	0	9	0	0	0.866		100.031	96.8116	0.216205	0	2.16137	0.0236172	13.5803	1		0	12.0705	47.7838	0	0	0	
2024-06-17 12:10:47	1033	2302	9	0	0	3	13	0	0	0	13	0	0	7.5	13	0	0	0	13	0	0	3.897		100.026	98.4844	0.0533029	0	0.532889	0.268017	15.0671	1		0.0088623	12.0705	47.9138	0	0	0	
2024-06-17 12:11:22	1037	2303	5	0	0	3	13	0	0	0	13	0	0	6.25	13	0	0	0	13	0	0	2.814		100.025	97.3826	0.0721307	0	0.721125	0.149902	14.7256	1		0.0088623	12.0705	47.7838	0	0	0	
2024-06-17 12:18:54	1088	2304	9	0	0	7	29	0	0	0	29	0	0	7.25	29	0	0	0	29	0	0	0.216		100.018	91.213	0.721359	0	7.21233	0.27727	11.3291	2		0	12.0705	46.6143	0	0	0	
2024-06-17 12:07:16	1009	2305	5	0	0	1	5	0	0	0	5	0	0	6.75	5	0	0	0	5	0	0	4.979		100.036	101.089	0.0502778	0	0.502597	0.323806	18.158	1		0.0088623	12.0705	49.6031	0	0	0	
2024-06-17 12:17:15	1077	2306	9	0	0	6	25	0	0	0	25	0	0	5.75	25	0	0	0	25	0	0	0.216		100.026	92.8673	0.791895	0	7.9169	0.382454	12.4358	1		0	12.0705	46.7443	0	0	0	
2024-06-17 12:17:15	1077	2307	5	0	0	6	25	0	0	0	25	0	0	4.5	25	0	0	0	25	0	0	1.299		100.026	92.8673	0.156244	0	1.56204	0.24562	14.7218	1		0	12.0705	46.7443	0	0	0	
2024-06-17 12:20:59	1102	2308	1	0	0	7.75	32	0	0	0	32	0	0	0	32	0	0	0	32	0	0	6.711		100.02	90.9287	0.0341995	0	0.341927	0.110745	16.65	1		0.0088623	12.0616	46.6143	0	0	0	
2024-06-17 12:15:46	1067	2309	5	0	0	5	21	0	0	0	21	0	0	3	21	0	0	0	21	0	0	1.732		100.026	95.7491	0.108353	0	1.08324	0.0319947	13.6124	1		0	12.0705	46.7443	0	0	0	
2024-06-17 12:08:28	1017	2310	1	0	0	1	5	0	0	0	5	0	0	0.75	5	0	0	0	5	0	0	0.216		100.035	100.223	0.725908	0	7.25656	0.398882	11.3986	1		0.0088623	12.0705	48.9533	0	0	0	
2024-06-17 12:26:05	1137	2311	1	0	0	5.75	24	0	0	0	24	0	0	2	24	0	0	0	24	0	0	3.247		100.028	92.0639	0.0656819	0	0.656637	0.071772	15.4716	1		0.0088623	12.0705	46.7443	0	0	0	
2024-06-17 12:13:43	1053	2312	1	0	0	4	17	0	0	0	17	0	0	1	17	0	0	0	17	0	0	2.598		100.026	96.6978	0.0731834	0	0.731647	0.134606	13.7912	1		0.0088623	12.0705	47.264	0	0	0	
2024-06-17 12:21:32	1106	2313	5	0	0	7.75	32	0	0	0	32	0	0	3.5	32	0	0	0	32	0	0	3.68		100.027	93.8948	0.0524635	0	0.524491	0.0217761	14.0058	1		0.0088623	12.0616	46.7443	0	0	0	
2024-06-17 12:17:41	1080	2314	5	0	0	6	25	0	0	0	25	0	0	0.75	25	0	0	0	25	0	0	4.546		100.027	94.9988	0.0524595	0	0.524452	0.133553	17.3	1		0.0088623	12.0616	46.8742	0	0	0	
2024-06-17 12:14:10	1056	2315	5	0	0	4	17	0	0	0	17	0	0	3	17	0	0	0	17	0	0	0.866		100.024	94.1694	0.234211	0	2.34154	0.143472	14.7123	1		0	12.0616	47.1341	0	0	0	
2024-06-17 12:06:12	1002	2316	1	0	0	0	1	0	0	0	1	0	0	0.5	1	0	0	0	1	0	0	0.433		100.044	100.801	0.451353	0	4.51153	0.40712	14.1734	1		0.0088623	12.0616	50.5127	0	0	0	
2024-06-17 12:28:37	1155	2317	1	0	0	3.5	15	0	0	4.25	15	0	0	2.75	15	0	0	5	15	0	0	0.389		100.037	19.0309	0.321395	0	3.21275	0.392132	15.1397	1		0	12.0705	46.8742	0	0	0	
2024-06-17 12:09:11	1022	2318	1	0	0	2	9	0	0	0	9	0	0	3.5	9	0	0	0	9	0	0	1.299		100.037	98.6875	0.147925	0	1.47871	0.120536	13.9365	1		0	12.0705	48.4336	0	0	0	
2024-06-17 12:19:31	1092	2319	1	0	0	7	29	0	0	0	29	0	0	2.5	29	0	0	0	29	0	0	3.897		100.023	94.2694	0.0556524	0	0.556395	0.845335	15.7317	1		0.0088623	12.0616	46.7443	0	0	0	
2024-06-17 12:19:23	1091	2320	1	0	0	7	29	0	0	0	29	0	0	2	29	0	0	0	29	0	0	4.33		100.021	93.9602	0.0504802	0	0.504695	0.470725	15.8555	1		0.0088623	12.0705	46.7443	0	0	0	
2024-06-17 12:05:31	998	2321	9	0	0	0	1	0	0	0	1	0	0	7.5	1	0	0	0	1	0	0	6.494		100.039	91.3181	0.0371045	0	0.370902	0.174573	17.4783	4		0.0088623	12.0705	51.2924	0	0	0	
2024-06-17 12:05:47	999	2322	5	0	0	0	1	0	0	0	1	0	0	6.25	1	0	0	0	1	0	0	5.412		100.038	97.4089	0.043883	0	0.438663	0.0113483	17.2263	1		0.0088623	12.0705	50.9025	0	0	0	
2024-06-17 12:15:39	1066	2323	5	0	0	5	21	0	0	0	21	0	0	0.5	21	0	0	0	21	0	0	3.897		100.023	94.3298	0.0592669	0	0.592534	0.212372	16.7535	1		0	12.0705	46.8742	0	0	0	
2024-06-17 12:26:55	1143	2324	1	0	0	1.25	6	0	0	0	6	0	0	0.5	6	0	0	0	6	0	0	0.649		100.035	92.5468	0.308634	0	3.08527	0.106792	14.539	1		0.0088623	12.0705	46.8742	0	0	0	
2024-06-17 12:14:27	1058	2325	5	0	0	5	21	0	0	0	21	0	0	7	21	0	0	0	21	0	0	1.732		100.022	94.8387	0.11525	0	1.15225	0.0784452	14.4796	1		0.0088623	12.0705	47.0042	0	0	0	
2024-06-17 12:10:12	1029	2326	5	0	0	2	9	0	0	0	9	0	0	0.25	9	0	0	0	9	0	0	1.515		100.033	97.15	0.124059	0	1.24019	0.0456195	13.6366	1		0.0088623	12.0705	48.1737	0	0	0	
2024-06-17 12:13:09	1049	2327	5	0	0	4	17	0	0	0	17	0	0	7	17	0	0	0	17	0	0	2.598		100.027	94.6354	0.0769805	0	0.769599	0.0664474	14.5066	1		0.0088623	12.0705	47.264	0	0	0	
2024-06-17 12:11:04	1035	2328	5	0	0	3	13	0	0	0	13	0	0	5.5	13	0	0	0	13	0	0	2.165		100.027	96.9979	0.0913719	0	0.913472	0.0742159	14.3488	1		0.0088623	12.0705	47.9138	0	0	0	
2024-06-17 12:11:49	1040	2329	5	0	0	3	13	0	0	0	13	0	0	4.25	13	0	0	0	13	0	0	1.082		100.028	98.2122	0.181665	0	1.81614	0.200265	14.2639	1		0	12.0705	47.6539	0	0	0	
2024-06-17 12:18:17	1084	2330	5	0	0	7	29	0	0	0	29	0	0	7.75	29	0	0	0	29	0	0	0.649		100.023	93.1455	0.337995	0	3.37917	0.643738	15.924	1		0.0088623	12.0616	46.7443	0	0	0	
2024-06-17 12:18:35	1086	2331	9	0	0	7	29	0	0	0	29	0	0	6.5	29	0	0	0	29	0	0	0.433		100.023	92.6021	0.481894	0	4.81784	0.584039	15.1357	1		0	12.0616	46.6143	0	0	0	
2024-06-17 12:08:10	1015	2332	5	0	0	1	5	0	0	0	5	0	0	6	5	0	0	0	5	0	0	4.33		100.038	100.553	0.055379	0	0.553582	0.252506	17.3913	1		0.0088623	12.0705	49.0833	0	0	0	
2024-06-17 12:08:19	1016	2333	9	0	0	1	5	0	0	0	5	0	0	4.75	5	0	0	0	5	0	0	3.247		100.038	99.9364	0.0672937	0	0.672684	0.00856748	15.8497	1		0.0088623	12.0705	48.9533	0	0	0	
2024-06-17 12:24:31	1126	2334	9	0	0	4.75	20	0	0	0	20	0	0	5	20	0	0	0	20	0	0	0.216		100.027	89.4943	0.756746	0	7.5654	0.386396	11.8837	1		0.0088623	12.0705	46.6143	0	0	0	
2024-06-17 12:16:47	1074	2335	9	0	0	6	25	0	0	0	25	0	0	5	25	0	0	0	25	0	0	0.866		100.022	92.9054	0.24419	0	2.44135	0.424208	15.3395	1		0.0088623	12.0705	46.6143	0	0	0	
2024-06-17 12:17:50	1081	2336	1	0	0	6	25	0	0	0	25	0	0	3.75	25	0	0	0	25	0	0	1.948		100.024	94.0133	0.101154	0	1.0113	0.0964464	14.2969	1		0.0088623	12.0616	46.6143	0	0	0	
2024-06-17 12:08:28	1017	2337	5	0	0	1	5	0	0	0	5	0	0	0	5	0	0	0	5	0	0	0.866		100.035	100.223	0.232916	0	2.32835	0.154907	14.6295	1		0.0088623	12.0705	48.9533	0	0	0	
2024-06-17 12:23:14	1117	2338	9	0	0	0.75	4	0	0	0	4	0	0	7	4	0	0	0	4	0	0	5.412		100.033	93.2503	0.0434196	0	0.434052	0.497136	17.0452	1		0.0088623	12.0705	46.7443	0	0	0	
2024-06-17 12:14:01	1055	2339	1	0	0	4	17	0	0	0	17	0	0	0.25	17	0	0	0	17	0	0	3.247		100.025	94.7046	0.060498	0	0.604828	0.0551574	14.2509	1		0.0088623	12.0705	47.1341	0	0	0	
2024-06-17 12:20:50	1101	2340	1	0	0	7.75	32	0	0	0	32	0	0	2.75	32	0	0	0	32	0	0	4.33		100.02	91.0898	0.0467846	0	0.467751	0.168236	14.6948	1		0.0088623	12.0705	46.4844	0	0	0	
2024-06-17 12:17:50	1081	2341	5	0	0	6	25	0	0	0	25	0	0	0	25	0	0	0	25	0	0	5.195		100.024	94.0133	0.0489152	0	0.489032	0.370801	18.4361	1		0.0088623	12.0616	46.6143	0	0	0	
2024-06-17 12:10:30	1031	2342	5	0	0	2	9	0	0	0	9	0	0	2.75	9	0	0	0	9	0	0	0.649		100.035	98.6986	0.308441	0	3.08332	0.224934	14.5298	1		0	12.0705	48.1737	0	0	0	
2024-06-17 12:19:40	1093	2343	1	0	0	7	29	0	0	0	29	0	0	1.25	29	0	0	0	29	0	0	4.979		100.017	93.2335	0.0479412	0	0.479331	0.412837	17.3174	1		0	12.0705	46.6143	0	0	0	
2024-06-17 12:05:31	998	2344	5	0	0	0	1	0	0	0	1	0	0	5.5	1	0	0	0	1	0	0	4.762		100.039	91.3181	0.0633815	0	0.633571	0.148425	21.8946	4		0.0088623	12.0705	51.2924	0	0	0	
2024-06-17 12:05:47	999	2345	9	0	0	0	1	0	0	0	1	0	0	4.25	1	0	0	0	1	0	0	3.68		100.038	97.4089	0.0568255	0	0.568039	0.198134	15.1686	1		0.0088623	12.0705	50.9025	0	0	0	
