Time	MeasID	DPID	Channel	A(x)	A(y)	A(z)	A(adr)	B(x)	B(y)	B(z)	B(adr)	M(x)	M(y)	M(z)	M(adr)	N(x)	N(y)	N(z)	N(adr)	F(x)	F(y)	F(z)	Note	I(mA)	Uout(V)	U(V)	SP(V)	R(Ohm)	Var(%)	Rho-a(Ohm-m)	Cycles	IP Delay Window(mV/V)	Pint(V)	Pext(V)	T int(deg C)	T log(deg C)	Latitude	Longitude
2024-06-20 13:04:30	597	1006	1	0	0	7.75	32	0	0	0	32	0	0	2	32	0	0	0	32	0	0	4.979		99.9958	33.3014	0.0415246	0	0.415264	0.615859	15.0028	1		0	12.0616	43.4956	0	0	0	
2024-06-20 12:59:03	559	1007	5	0	0	5	21	0	0	0	21	0	0	7.5	21	0	0	0	21	0	0	2.165		100.006	33.3102	0.0897651	0	0.897593	0.0237105	14.0994	1		0	12.0439	43.7555	0	0	0	
2024-06-20 12:59:36	563	1008	9	0	0	5	21	0	0	0	21	0	0	6.25	21	0	0	0	21	0	0	1.082		100.007	33.2668	0.191351	0	1.91337	0.0728348	15.0276	1		0.0088623	11.9552	43.8855	0	0	0	
2024-06-20 12:56:47	543	1009	1	0	0	3	13	0	0	0	13	0	0	1.75	13	0	0	0	13	0	0	1.082		100.008	33.4537	0.173733	0	1.7372	0.166889	13.6439	1		0.0088623	12.0439	44.2753	0	0	0	
2024-06-20 13:04:39	598	1010	5	0	0	7.75	32	0	0	0	32	0	0	6.75	32	0	0	0	32	0	0	0.866		99.9978	33.2889	0.243555	0	2.4356	0.0742574	15.3034	1		0.0088623	12.0439	43.3657	0	0	0	
2024-06-20 13:11:27	645	1011	1	0	0	3.25	14	0	0	0	14	0	0	2.5	14	0	0	0	14	0	0	0.649		100	33.2238	0.298532	0	2.98532	0.211972	14.068	1		0	12.0439	43.4956	0	0	0	
2024-06-20 12:57:28	548	1012	9	0	0	4	17	0	0	0	17	0	0	7.5	17	0	0	0	17	0	0	3.031		100.004	32.7223	0.0656049	0	0.656025	0.110031	14.4267	1		0.0088623	12.0439	44.2753	0	0	0	
2024-06-20 12:57:46	550	1013	5	0	0	4	17	0	0	0	17	0	0	6.25	17	0	0	0	17	0	0	1.948		100.005	32.7155	0.101352	0	1.01347	0.0843414	14.3275	1		0.0088623	12.0439	44.1454	0	0	0	
2024-06-20 12:56:30	541	1014	5	0	0	3	13	0	0	0	13	0	0	3.5	13	0	0	0	13	0	0	0.433		100.006	33.4811	0.448272	0	4.48245	0.153295	14.082	1		0.0088623	12.0439	44.2753	0	0	0	
2024-06-20 12:53:37	521	1015	5	0	0	2	9	0	0	0	9	0	0	6.75	9	0	0	0	9	0	0	4.113		100.015	32.8625	0.0527488	0	0.527408	0.0157475	15.7406	1		0.0088623	12.0616	45.5748	0	0	0	
2024-06-20 13:02:38	584	1016	9	0	0	7	29	0	0	0	29	0	0	5.75	29	0	0	0	29	0	0	1.082		100	33.1638	0.192568	0	1.92568	0.162714	15.1243	1		0	12.0616	43.4956	0	0	0	
2024-06-20 13:03:21	589	1017	5	0	0	7	29	0	0	0	29	0	0	4.5	29	0	0	0	29	0	0	2.165		99.999	33.133	0.0907314	0	0.907322	0.0417386	14.2522	1		0	12.0439	43.4956	0	0	0	
2024-06-20 12:52:18	512	1018	5	0	0	1	5	0	0	0	5	0	0	5.25	5	0	0	0	5	0	0	3.68		100.011	32.546	0.0597235	0	0.597168	0.0190393	15.9465	2		0.0088623	12.0439	46.2245	0	0	0	
2024-06-20 12:52:29	513	1019	9	0	0	1	5	0	0	0	5	0	0	4	5	0	0	0	5	0	0	2.598		100.013	32.5468	0.0728998	0	0.728903	0.192218	13.7395	1		0	12.0616	46.2245	0	0	0	
2024-06-20 13:09:47	633	1020	1	0	0	4.75	20	0	0	0	20	0	0	3	20	0	0	0	20	0	0	1.515		99.9986	32.8859	0.12506	0	1.25062	0.174651	13.7513	1		0	12.0439	43.4956	0	0	0	
2024-06-20 13:01:56	579	1021	5	0	0	6	25	0	0	0	25	0	0	3	25	0	0	0	25	0	0	2.598		99.9979	33.1078	0.0765971	0	0.765987	0.0324272	14.4385	1		0.0088623	12.0616	43.6256	0	0	0	
2024-06-20 12:54:14	525	1022	1	0	0	2	9	0	0	0	9	0	0	2.25	9	0	0	0	9	0	0	0.216		100.008	32.8414	0.700478	0	7.00422	0.155544	11.0022	1		0	12.0439	45.3149	0	0	0	
2024-06-20 13:04:04	594	1023	5	0	0	7	29	0	0	0	29	0	0	0.5	29	0	0	0	29	0	0	5.628		99.9982	33.0491	0.0435666	0	0.435674	0.275015	17.7932	1		0	12.0439	43.4956	0	0	0	
2024-06-20 12:50:46	501	1024	1	0	0	0	1	0	0	0	1	0	0	3.5	1	0	0	0	1	0	0	3.031		100.015	32.7938	0.0678198	0	0.678094	0.608609	14.9121	1		0.0088623	12.0616	47.5239	0	0	0	
2024-06-20 13:11:19	644	1025	1	0	0	1.75	8	0	0	0	8	0	0	0	8	0	0	0	8	0	0	1.515		100.006	33.0642	0.12098	0	1.20973	0.227066	13.3016	1		0.0088623	12.0439	43.6256	0	0	0	
2024-06-20 13:01:39	577	1026	5	0	0	6	25	0	0	0	25	0	0	7	25	0	0	0	25	0	0	0.866		100.003	33.093	0.249171	0	2.49165	0.0848515	15.6555	1		0	12.0439	43.6256	0	0	0	
2024-06-20 13:10:30	638	1027	1	0	0	6.5	27	0	0	0	27	0	0	1.25	27	0	0	0	27	0	0	4.546		99.9993	33.075	0.0528372	0	0.528376	0.384231	17.4294	1		0	12.0616	43.4956	0	0	0	
2024-06-20 13:04:46	599	1028	1	0	0	7.75	32	0	0	0	32	0	0	1.25	32	0	0	0	32	0	0	5.628		100.002	33.245	0.0390945	0	0.390936	0.406177	15.9661	1		0.0088623	12.0439	43.4956	0	0	0	
2024-06-20 12:59:12	560	1029	9	0	0	5	21	0	0	0	21	0	0	5.5	21	0	0	0	21	0	0	0.433		100.004	33.3026	0.46833	0	4.6831	0.179337	14.7124	1		0	12.0616	43.8855	0	0	0	
2024-06-20 12:59:03	559	1030	9	0	0	5	21	0	0	0	21	0	0	4.25	21	0	0	0	21	0	0	0.649		100.006	33.3102	0.319483	0	3.19463	0.232049	15.0543	1		0	12.0439	43.7555	0	0	0	
2024-06-20 12:56:47	543	1031	5	0	0	3	13	0	0	0	13	0	0	1	13	0	0	0	13	0	0	1.732		100.008	33.4537	0.104863	0	1.04855	0.00706774	13.1765	1		0.0088623	12.0439	44.2753	0	0	0	
2024-06-20 12:53:11	518	1032	5	0	0	1	5	0	0	0	5	0	0	2	5	0	0	0	5	0	0	0.866		100.015	32.4904	0.21517	0	2.15139	0.0666079	13.5176	1		0.0088623	12.0439	45.8346	0	0	0	
2024-06-20 13:06:50	613	1033	9	0	0	1.75	8	0	0	0	8	0	0	6	8	0	0	0	8	0	0	3.68		99.994	33.1121	0.0599493	0	0.599529	0.147489	16.0095	1		0	12.0439	43.2357	0	0	0	
2024-06-20 12:58:20	554	1034	5	0	0	4	17	0	0	0	17	0	0	2.25	17	0	0	0	17	0	0	1.515		100.001	32.669	0.122714	0	1.22713	0.110752	13.493	1		0.0088623	12.0616	44.0154	0	0	0	
2024-06-20 13:04:39	598	1035	9	0	0	7.75	32	0	0	0	32	0	0	6	32	0	0	0	32	0	0	1.515		99.9978	33.2889	0.131401	0	1.31404	0.0684057	14.4487	1		0.0088623	12.0439	43.3657	0	0	0	
2024-06-20 13:04:30	597	1036	5	0	0	7.75	32	0	0	0	32	0	0	4.75	32	0	0	0	32	0	0	2.598		99.9958	33.3014	0.0734088	0	0.734119	0.332824	13.8378	1		0	12.0616	43.4956	0	0	0	
2024-06-20 13:02:20	582	1037	1	0	0	6	25	0	0	0	25	0	0	2	25	0	0	0	25	0	0	3.464		99.997	33.0246	0.0630302	0	0.630321	0.00585595	15.8417	1		0.0088623	12.0439	43.6256	0	0	0	
2024-06-20 12:57:55	551	1038	5	0	0	4	17	0	0	0	17	0	0	5.5	17	0	0	0	17	0	0	1.299		100.005	32.7071	0.15599	0	1.55982	0.0582419	14.7009	1		0	12.0439	44.1454	0	0	0	
2024-06-20 12:57:04	545	1039	9	0	0	4	17	0	0	0	17	0	0	4.25	17	0	0	0	17	0	0	0.216		100.006	32.7826	0.79359	0	7.93543	0.181835	12.4649	1		0	12.0439	44.2753	0	0	0	
2024-06-20 12:51:20	505	1040	1	0	0	0	1	0	0	0	1	0	0	1.75	1	0	0	0	1	0	0	1.515		100.018	32.732	0.121101	0	1.21079	0.0814277	13.3133	1		0	12.0616	47.0042	0	0	0	
2024-06-20 13:12:33	653	1041	1	0	0	3.75	16	0	0	4	16	0	0	3.5	16	0	0	4.25	16	0	0	0.13		100.001	16.5234	0.488618	0	4.88613	0.256778	7.67511	1		0	12.0616	43.6256	0	0	0	
2024-06-20 12:56:04	538	1042	1	0	0	3	13	0	0	0	13	0	0	2.75	13	0	0	0	13	0	0	0.216		100.008	33.4898	0.697908	0	6.97853	0.226601	10.9619	1		0	12.0439	44.5352	0	0	0	
2024-06-20 12:54:03	524	1043	5	0	0	2	9	0	0	0	9	0	0	6	9	0	0	0	9	0	0	3.464		100.01	32.8421	0.0629666	0	0.629606	0.169761	15.8237	2		0.0088623	12.0439	45.3149	0	0	0	
2024-06-20 12:53:55	523	1044	9	0	0	2	9	0	0	0	9	0	0	4.75	9	0	0	0	9	0	0	2.381		100.006	32.8613	0.082306	0	0.823008	0.589952	14.2206	1		0	12.0439	45.3149	0	0	0	
2024-06-20 13:02:29	583	1045	9	0	0	7	29	0	0	0	29	0	0	5	29	0	0	0	29	0	0	1.732		99.9979	33.1437	0.11343	0	1.13432	0.0324872	14.2543	1		0	12.0439	43.4956	0	0	0	
2024-06-20 13:02:38	584	1046	1	0	0	7	29	0	0	0	29	0	0	3.75	29	0	0	0	29	0	0	2.814		100	33.1638	0.0707953	0	0.707953	0.000489452	14.4566	1		0	12.0616	43.4956	0	0	0	
2024-06-20 12:52:18	512	1047	1	0	0	1	5	0	0	0	5	0	0	3.25	5	0	0	0	5	0	0	1.948		100.011	32.546	0.0937425	0	0.937321	0.0358606	13.2511	2		0.0088623	12.0439	46.2245	0	0	0	
2024-06-20 13:06:22	610	1048	9	0	0	2.75	12	0	0	0	12	0	0	5	12	0	0	0	12	0	0	1.948		99.9989	32.8701	0.0959834	0	0.959845	0.123219	13.5695	1		0.0088623	12.0616	43.4956	0	0	0	
2024-06-20 13:00:03	566	1049	1	0	0	5	21	0	0	0	21	0	0	1.75	21	0	0	0	21	0	0	2.814		100.003	33.2511	0.0717195	0	0.717175	0.0260627	14.645	1		0	12.0616	43.7555	0	0	0	
2024-06-20 12:54:56	530	1050	5	0	0	2	9	0	0	0	9	0	0	1.5	9	0	0	0	9	0	0	0.433		100.008	32.7943	0.427147	0	4.27112	0.156953	13.4181	1		0	12.0616	44.7951	0	0	0	
2024-06-20 12:50:35	500	1051	1	0	0	0	1	0	0	0	1	0	0	2.75	1	0	0	0	1	0	0	2.381		100.008	32.7948	0.113173	0	1.13164	0.082899	19.5533	2		0.0088623	12.0616	47.6539	0	0	0	
2024-06-20 13:06:14	609	1052	9	0	0	3.25	14	0	0	0	14	0	0	4.5	14	0	0	0	14	0	0	1.082		99.9987	33.2752	0.181168	0	1.81171	0.00414163	14.2291	1		0	12.0616	43.4956	0	0	0	
2024-06-20 12:55:39	535	1053	9	0	0	3	13	0	0	0	13	0	0	6.75	13	0	0	0	13	0	0	3.247		100.007	33.5079	0.0636981	0	0.636938	0.2826	15.0075	1		0.0088623	12.0616	44.7951	0	0	0	
2024-06-20 12:52:18	512	1054	9	0	0	1	5	0	0	0	5	0	0	7.25	5	0	0	0	5	0	0	5.412		100.011	32.546	0.0562191	0	0.562128	0.0893436	22.0747	2		0.0088623	12.0439	46.2245	0	0	0	
2024-06-20 13:00:36	570	1055	9	0	0	6	25	0	0	0	25	0	0	7.5	25	0	0	0	25	0	0	1.299		99.9997	33.1439	0.15559	0	1.5559	0.0888029	14.664	2		0.0088623	12.0439	43.7555	0	0	0	
2024-06-20 13:01:22	575	1056	9	0	0	6	25	0	0	0	25	0	0	6.25	25	0	0	0	25	0	0	0.216		100.001	33.1507	0.77202	0	7.72015	0.214515	12.1268	1		0	12.0616	43.6256	0	0	0	
2024-06-20 13:05:03	601	1057	1	0	0	7.75	32	0	0	0	32	0	0	0.5	32	0	0	0	32	0	0	6.278		100.002	33.2063	0.0362001	0	0.361994	0.784623	16.4899	1		0	12.0439	43.4956	0	0	0	
2024-06-20 13:00:03	566	1058	5	0	0	5	21	0	0	0	21	0	0	3.5	21	0	0	0	21	0	0	1.299		100.003	33.2511	0.148222	0	1.48218	0.132254	13.9692	1		0	12.0616	43.7555	0	0	0	
2024-06-20 12:55:39	535	1059	1	0	0	3	13	0	0	0	13	0	0	0.25	13	0	0	0	13	0	0	2.381		100.007	33.5079	0.0774631	0	0.774578	0.239268	13.3838	1		0.0088623	12.0616	44.7951	0	0	0	
2024-06-20 12:53:20	519	1060	1	0	0	1	5	0	0	0	5	0	0	1.25	5	0	0	0	5	0	0	0.216		100.014	32.4805	0.697929	0	6.97832	0.147152	10.9615	1		0.0088623	12.0439	45.7047	0	0	0	
2024-06-20 12:58:20	554	1061	1	0	0	4	17	0	0	0	17	0	0	1.5	17	0	0	0	17	0	0	2.165		100.001	32.669	0.0856753	0	0.856747	0.239751	13.4578	1		0.0088623	12.0616	44.0154	0	0	0	
2024-06-20 13:06:58	614	1062	9	0	0	1.5	7	0	0	0	7	0	0	6.25	7	0	0	0	7	0	0	4.113		99.9976	32.364	0.0560839	0	0.560852	1.84202	16.7387	4		0	12.0439	43.4956	0	0	0	
2024-06-20 13:04:46	599	1063	5	0	0	7.75	32	0	0	0	32	0	0	5.25	32	0	0	0	32	0	0	2.165		100.002	33.245	0.0877027	0	0.877008	0.122526	13.776	1		0.0088623	12.0439	43.4956	0	0	0	
2024-06-20 13:04:13	595	1064	9	0	0	7.75	32	0	0	0	32	0	0	4	32	0	0	0	32	0	0	3.247		99.9904	33.2527	0.0593672	0	0.593729	0.300236	13.9894	1		0	12.0616	43.4956	0	0	0	
2024-06-20 13:00:36	570	1065	1	0	0	6	25	0	0	0	25	0	0	1.25	25	0	0	0	25	0	0	4.113		99.9997	33.1439	0.0576104	0	0.576106	0.306475	17.1939	2		0.0088623	12.0439	43.7555	0	0	0	
2024-06-20 12:58:37	556	1066	5	0	0	4	17	0	0	0	17	0	0	3.5	17	0	0	0	17	0	0	0.433		100.004	32.6405	0.47397	0	4.73953	0.107193	14.8897	1		0.0088623	12.0439	43.8855	0	0	0	
2024-06-20 12:51:28	506	1067	5	0	0	0	1	0	0	0	1	0	0	1	1	0	0	0	1	0	0	0.866		100.017	32.7221	0.223576	0	2.23537	0.0796689	14.0453	1		0.0088623	12.0616	46.6143	0	0	0	
2024-06-20 12:53:45	522	1068	9	0	0	2	9	0	0	0	9	0	0	5.25	9	0	0	0	9	0	0	2.814		100.008	32.863	0.0761243	0	0.761183	0.178941	15.5436	1		0	12.0439	45.4448	0	0	0	
2024-06-20 12:54:40	528	1069	9	0	0	2	9	0	0	0	9	0	0	4	9	0	0	0	9	0	0	1.732		100.007	32.8233	0.107811	0	1.07803	0.10471	13.547	1		0	12.0616	45.055	0	0	0	
2024-06-20 13:11:35	646	1070	1	0	0	3.5	15	0	0	0	15	0	0	2.25	15	0	0	0	15	0	0	1.082		100.005	32.5057	0.174655	0	1.74646	0.0112624	13.7166	1		0	12.0439	43.6256	0	0	0	
2024-06-20 13:04:04	594	1071	1	0	0	7	29	0	0	0	29	0	0	3	29	0	0	0	29	0	0	3.464		99.9982	33.0491	0.0588485	0	0.588496	0.0406668	14.7905	1		0	12.0439	43.4956	0	0	0	
2024-06-20 12:53:02	517	1072	5	0	0	1	5	0	0	0	5	0	0	2.5	5	0	0	0	5	0	0	1.299		100.016	32.5104	0.141771	0	1.41749	0.096184	13.3595	1		0.0088623	12.0439	45.9646	0	0	0	
2024-06-20 12:50:15	498	1073	9	0	0	0	1	0	0	0	1	0	0	6.75	1	0	0	0	1	0	0	5.845		100.014	32.8238	0.0406256	0	0.406198	0.439462	17.2275	2		0.0088623	12.0616	48.1737	0	0	0	
2024-06-20 13:08:16	622	1074	1	0	0	2.75	12	0	0	0	12	0	0	3	12	0	0	0	12	0	0	0.216		99.9993	32.8604	0.701468	0	7.01473	0.123726	11.0187	1		0.0088623	12.0616	43.4956	0	0	0	
2024-06-20 13:00:11	567	1075	1	0	0	5	21	0	0	0	21	0	0	1	21	0	0	0	21	0	0	3.464		100.003	33.225	0.0612348	0	0.612333	0.0970647	15.3896	1		0	12.0439	43.8855	0	0	0	
2024-06-20 13:13:53	662	1076	1	0	0	0.5	3	0	0	7.25	3	0	0	2.75	3	0	0	5	3	0	0	1.168		100.001	17.9539	0.0706038	0	0.706029	0.131319	9.98125	2		0.0088623	12.0439	43.6256	0	0	0	
2024-06-20 13:09:04	628	1077	9	0	0	6.75	28	0	0	0	28	0	0	7	28	0	0	0	28	0	0	0.216		99.9993	32.9206	0.745931	0	7.45936	0.176909	11.7171	1		0.0088623	12.0439	43.2357	0	0	0	
2024-06-20 12:53:37	521	1078	1	0	0	2	9	0	0	0	9	0	0	0.75	9	0	0	0	9	0	0	1.082		100.015	32.8625	0.169197	0	1.69172	0.107054	13.2867	1		0.0088623	12.0616	45.5748	0	0	0	
2024-06-20 12:56:22	540	1079	5	0	0	3	13	0	0	0	13	0	0	6	13	0	0	0	13	0	0	2.598		100.004	33.4838	0.076874	0	0.768707	0.203629	14.4898	1		0	12.0439	44.5352	0	0	0	
2024-06-20 12:55:48	536	1080	5	0	0	3	13	0	0	0	13	0	0	4.75	13	0	0	0	13	0	0	1.515		100.006	33.4986	0.126077	0	1.26069	0.0566916	13.862	1		0	12.0439	44.6651	0	0	0	
2024-06-20 12:52:55	516	1081	9	0	0	1	5	0	0	0	5	0	0	7.75	5	0	0	0	5	0	0	5.845		100.015	32.5291	0.0387817	0	0.38776	0.391759	16.4455	1		0	12.0439	45.9646	0	0	0	
2024-06-20 12:52:01	510	1082	9	0	0	1	5	0	0	0	5	0	0	6.5	5	0	0	0	5	0	0	4.762		100.016	32.5759	0.0505181	0	0.505103	0.555362	17.4551	1		0	12.0439	46.4844	0	0	0	
2024-06-20 13:01:05	573	1083	1	0	0	6	25	0	0	0	25	0	0	5.5	25	0	0	0	25	0	0	0.433		99.997	33.1654	0.477407	0	4.77422	0.188562	14.9987	1		0.0088623	12.0439	43.6256	0	0	0	
2024-06-20 13:01:14	574	1084	5	0	0	6	25	0	0	0	25	0	0	4.25	25	0	0	0	25	0	0	1.515		100.002	33.1615	0.132533	0	1.32531	0.0230451	14.5725	1		0.0088623	12.0439	43.4956	0	0	0	
2024-06-20 12:59:54	565	1085	1	0	0	5	21	0	0	0	21	0	0	2.75	21	0	0	0	21	0	0	1.948		100.002	33.2564	0.0960421	0	0.960403	0.116753	13.5774	1		0	12.0439	43.7555	0	0	0	
2024-06-20 12:52:29	513	1086	1	0	0	1	5	0	0	0	5	0	0	0.5	5	0	0	0	5	0	0	0.433		100.013	32.5468	0.447394	0	4.47336	0.185929	14.0535	1		0	12.0616	46.2245	0	0	0	
2024-06-20 12:58:37	556	1087	1	0	0	4	17	0	0	0	17	0	0	0.75	17	0	0	0	17	0	0	2.814		100.004	32.6405	0.0686258	0	0.686233	0.106557	14.0131	1		0.0088623	12.0439	43.8855	0	0	0	
2024-06-20 13:05:49	606	1088	1	0	0	7.75	32	0	0	0	32	0	0	3.25	32	0	0	0	32	0	0	3.897		99.9966	33.1908	0.0500629	0	0.500646	0.103033	14.1554	1		0	12.0616	43.4956	0	0	0	
2024-06-20 13:13:05	657	1089	1	0	0	2.75	12	0	0	5	12	0	0	0.5	12	0	0	7.25	12	0	0	1.168		100.009	17.6968	0.0710974	0	0.710911	0.0186166	10.0503	1		0.0088623	12.0439	43.6256	0	0	0	
2024-06-20 13:07:15	615	1090	9	0	0	1.25	6	0	0	0	6	0	0	6.5	6	0	0	0	6	0	0	4.546		99.9985	33.0262	0.051452	0	0.514528	0.0982762	16.9726	1		0	12.0439	43.3657	0	0	0	
2024-06-20 13:00:49	571	1091	1	0	0	6	25	0	0	0	25	0	0	0.5	25	0	0	0	25	0	0	4.762		100.001	33.179	0.0531102	0	0.531095	0.72017	18.3533	1		0	12.0616	43.7555	0	0	0	
2024-06-20 12:57:55	551	1092	1	0	0	4	17	0	0	0	17	0	0	2.75	17	0	0	0	17	0	0	1.082		100.005	32.7071	0.178189	0	1.7818	0.142736	13.9942	1		0	12.0439	44.1454	0	0	0	
2024-06-20 12:50:01	497	1093	1	0	0	0	1	0	0	0	1	0	0	0.25	1	0	0	0	1	0	0	0.216		100.008	32.833	0.704947	0	7.04887	0.0376948	11.0723	1		0.0088623	12.0705	48.3036	0	0	0	
2024-06-20 12:53:45	522	1094	1	0	0	2	9	0	0	0	9	0	0	3.25	9	0	0	0	9	0	0	1.082		100.008	32.863	0.175978	0	1.75964	0.158345	13.8202	1		0	12.0439	45.4448	0	0	0	
2024-06-20 13:02:47	585	1095	1	0	0	7	29	0	0	0	29	0	0	1.75	29	0	0	0	29	0	0	4.546		100.001	33.1591	0.0498709	0	0.498706	0.221042	16.4507	1		0.0088623	12.0616	43.4956	0	0	0	
2024-06-20 12:51:04	503	1096	9	0	0	0	1	0	0	0	1	0	0	6	1	0	0	0	1	0	0	5.195		100.016	32.7763	0.0482529	0	0.482451	0.537466	18.188	1		0.0088623	12.0616	47.1341	0	0	0	
2024-06-20 12:50:46	501	1097	5	0	0	0	1	0	0	0	1	0	0	4.75	1	0	0	0	1	0	0	4.113		100.015	32.7938	0.051813	0	0.51805	0.516991	15.4613	1		0.0088623	12.0616	47.5239	0	0	0	
2024-06-20 13:10:45	640	1098	1	0	0	7.25	30	0	0	0	30	0	0	0.5	30	0	0	0	30	0	0	5.845		99.9989	33.148	0.0467443	0	0.467448	0.595167	19.8252	1		0	12.0439	43.6256	0	0	0	
2024-06-20 12:59:12	560	1099	1	0	0	5	21	0	0	0	21	0	0	0.25	21	0	0	0	21	0	0	4.113		100.004	33.3026	0.0511935	0	0.511913	0.189381	15.2781	1		0	12.0616	43.8855	0	0	0	
2024-06-20 12:59:46	564	1100	9	0	0	5	21	0	0	0	21	0	0	6.75	21	0	0	0	21	0	0	1.515		100.006	33.2629	0.134201	0	1.34193	0.0887665	14.7553	1		0.0088623	12.0616	43.7555	0	0	0	
2024-06-20 12:55:56	537	1101	1	0	0	3	13	0	0	0	13	0	0	2.25	13	0	0	0	13	0	0	0.649		100.007	33.496	0.299056	0	2.99036	0.165033	14.0918	1		0	12.0616	44.6651	0	0	0	
2024-06-20 12:53:55	523	1102	1	0	0	2	9	0	0	0	9	0	0	0	9	0	0	0	9	0	0	1.732		100.006	32.8613	0.123803	0	1.23795	0.064595	15.5566	1		0	12.0439	45.3149	0	0	0	
2024-06-20 13:09:13	629	1103	9	0	0	6.5	27	0	0	0	27	0	0	7.25	27	0	0	0	27	0	0	0.649		99.9945	33.0872	0.321648	0	3.21666	0.422569	15.1582	1		0	12.0616	43.3657	0	0	0	
2024-06-20 13:04:22	596	1104	5	0	0	7.75	32	0	0	0	32	0	0	7.25	32	0	0	0	32	0	0	0.433		99.9966	33.3108	0.460111	0	4.60127	0.362777	14.4553	1		0	12.0439	43.4956	0	0	0	
2024-06-20 13:10:53	641	1105	1	0	0	7.5	31	0	0	0	31	0	0	0.25	31	0	0	0	31	0	0	6.278		99.9972	33.0836	0.0364461	0	0.364471	0.692835	16.6028	1		0	12.0439	43.6256	0	0	0	
2024-06-20 13:07:51	619	1106	1	0	0	0.75	4	0	0	0	4	0	0	1	4	0	0	0	4	0	0	0.216		99.9999	33.1248	0.708304	0	7.08305	0.0709298	11.126	1		0.0088623	12.0439	43.3657	0	0	0	
2024-06-20 13:10:05	635	1107	1	0	0	5.5	23	0	0	0	23	0	0	2.25	23	0	0	0	23	0	0	2.814		99.9967	32.7208	0.079097	0	0.790996	0.491253	16.1524	1		0	12.0439	43.3657	0	0	0	
2024-06-20 12:57:12	546	1108	9	0	0	4	17	0	0	0	17	0	0	6.75	17	0	0	0	17	0	0	2.381		100.002	32.7842	0.0836387	0	0.836372	0.0532978	14.4515	1		0.0088623	12.0616	44.2753	0	0	0	
2024-06-20 12:56:13	539	1109	5	0	0	3	13	0	0	0	13	0	0	5.25	13	0	0	0	13	0	0	1.948		100.004	33.4883	0.0987471	0	0.987427	0.0367184	13.9594	1		0.0088623	12.0616	44.5352	0	0	0	
2024-06-20 12:55:56	537	1110	5	0	0	3	13	0	0	0	13	0	0	4	13	0	0	0	13	0	0	0.866		100.007	33.496	0.23333	0	2.33314	0.11907	14.6596	1		0	12.0616	44.6651	0	0	0	
2024-06-20 12:53:55	523	1111	5	0	0	2	9	0	0	0	9	0	0	7.25	9	0	0	0	9	0	0	4.546		100.006	32.8613	0.0532754	0	0.53272	0.539751	17.5727	1		0	12.0439	45.3149	0	0	0	
2024-06-20 13:03:13	588	1112	9	0	0	7	29	0	0	0	29	0	0	7.5	29	0	0	0	29	0	0	0.433		99.9961	33.1398	0.450053	0	4.50071	0.164605	14.1394	1		0	12.0439	43.4956	0	0	0	
2024-06-20 13:02:55	586	1113	9	0	0	7	29	0	0	0	29	0	0	6.25	29	0	0	0	29	0	0	0.649		100.001	33.1537	0.329562	0	3.29557	0.241561	15.53	1		0	12.0616	43.4956	0	0	0	
2024-06-20 12:52:46	515	1114	5	0	0	1	5	0	0	0	5	0	0	5.75	5	0	0	0	5	0	0	4.113		100.009	32.5353	0.0522519	0	0.522472	0.0856247	15.5932	1		0	12.0616	45.9646	0	0	0	
2024-06-20 12:51:52	509	1115	5	0	0	1	5	0	0	0	5	0	0	4.5	5	0	0	0	5	0	0	3.031		100.018	32.5518	0.0685046	0	0.684919	0.614975	15.0622	1		0.0088623	12.0439	46.6143	0	0	0	
2024-06-20 13:02:12	581	1116	1	0	0	6	25	0	0	0	25	0	0	3.5	25	0	0	0	25	0	0	2.165		100.002	33.0692	0.0885646	0	0.885626	0.106023	13.9114	1		0	12.0616	43.6256	0	0	0	
2024-06-20 12:57:46	550	1117	1	0	0	4	17	0	0	0	17	0	0	0	17	0	0	0	17	0	0	3.464		100.005	32.7155	0.0601397	0	0.601367	0.132317	15.114	1		0.0088623	12.0439	44.1454	0	0	0	
2024-06-20 13:05:28	604	1118	5	0	0	7.75	32	0	0	0	32	0	0	2.5	32	0	0	0	32	0	0	4.546		100.002	33.1849	0.0454399	0	0.45439	0.608723	14.9888	1		0	12.0439	43.4956	0	0	0	
2024-06-20 12:54:48	529	1119	5	0	0	2	9	0	0	0	9	0	0	2.5	9	0	0	0	9	0	0	0.433		100.014	32.7941	0.427004	0	4.26944	0.15014	13.4128	1		0.0088623	12.0439	45.055	0	0	0	
2024-06-20 13:03:04	587	1120	1	0	0	7	29	0	0	0	29	0	0	1	29	0	0	0	29	0	0	5.195		99.9957	33.1468	0.045589	0	0.45591	0.169956	17.1874	1		0	12.0616	43.4956	0	0	0	
2024-06-20 12:51:04	503	1121	5	0	0	0	1	0	0	0	1	0	0	5.25	1	0	0	0	1	0	0	4.546		100.016	32.7763	0.0497189	0	0.497108	0.143318	16.398	1		0.0088623	12.0616	47.1341	0	0	0	
2024-06-20 12:50:35	500	1122	9	0	0	0	1	0	0	0	1	0	0	4	1	0	0	0	1	0	0	3.464		100.008	32.7948	0.0601313	0	0.601263	0.0505614	15.1114	2		0.0088623	12.0616	47.6539	0	0	0	
2024-06-20 13:05:28	604	1123	1	0	0	7.75	32	0	0	0	32	0	0	1.75	32	0	0	0	32	0	0	5.195		100.002	33.1849	0.0409098	0	0.40909	0.485966	15.4223	1		0	12.0439	43.4956	0	0	0	
2024-06-20 12:59:21	561	1124	9	0	0	5	21	0	0	0	21	0	0	6	21	0	0	0	21	0	0	0.866		100.007	33.2999	0.243369	0	2.43353	0.184212	15.2903	1		0	12.0439	43.8855	0	0	0	
2024-06-20 12:58:55	558	1125	9	0	0	5	21	0	0	0	21	0	0	4.75	21	0	0	0	21	0	0	0.216		100.002	33.3216	0.729937	0	7.29922	0.00656536	11.4656	1		0	12.0439	43.8855	0	0	0	
2024-06-20 12:56:13	539	1126	1	0	0	3	13	0	0	0	13	0	0	1.5	13	0	0	0	13	0	0	1.299		100.004	33.4883	0.140971	0	1.40965	0.113746	13.2856	1		0.0088623	12.0616	44.5352	0	0	0	
2024-06-20 13:04:55	600	1127	5	0	0	7.75	32	0	0	0	32	0	0	6.5	32	0	0	0	32	0	0	1.082		100.002	33.2418	0.189631	0	1.89626	0.0507344	14.8932	1		0	12.0616	43.4956	0	0	0	
2024-06-20 13:06:42	612	1128	9	0	0	2.25	10	0	0	0	10	0	0	5.5	10	0	0	0	10	0	0	2.814		99.9989	33.3572	0.0777763	0	0.777771	0.312375	15.8824	1		0.0088623	12.0439	43.4956	0	0	0	
2024-06-20 13:12:56	656	1129	1	0	0	3	13	0	0	4.75	13	0	0	1.25	13	0	0	6.5	13	0	0	0.908		100.003	17.9952	0.0942937	0	0.942906	0.42377	10.3678	1		0	12.0439	43.6256	0	0	0	
2024-06-20 12:57:55	551	1130	9	0	0	4	17	0	0	0	17	0	0	6	17	0	0	0	17	0	0	1.732		100.005	32.7071	0.113732	0	1.13726	0.130991	14.2913	1		0	12.0439	44.1454	0	0	0	
2024-06-20 12:57:21	547	1131	9	0	0	4	17	0	0	0	17	0	0	4.75	17	0	0	0	17	0	0	0.649		100.004	32.7706	0.334204	0	3.34191	0.0818434	15.7484	1		0.0088623	12.0616	44.2753	0	0	0	
2024-06-20 12:51:20	505	1132	5	0	0	0	1	0	0	0	1	0	0	2.25	1	0	0	0	1	0	0	1.948		100.018	32.732	0.10364	0	1.03621	0.187175	14.6491	1		0	12.0616	47.0042	0	0	0	
2024-06-20 13:12:49	655	1133	1	0	0	3.25	14	0	0	4.5	14	0	0	2	14	0	0	5.75	14	0	0	0.649		100.001	17.9126	0.156188	0	1.56186	0.597809	12.2668	1		0	12.0439	43.4956	0	0	0	
2024-06-20 12:56:38	542	1134	5	0	0	3	13	0	0	0	13	0	0	3.25	13	0	0	0	13	0	0	0.216		100.009	33.4463	0.713805	0	7.13744	0.149737	11.2115	1		0	12.0439	44.5352	0	0	0	
2024-06-20 12:53:45	522	1135	5	0	0	2	9	0	0	0	9	0	0	7.75	9	0	0	0	9	0	0	4.979		100.008	32.863	0.0427493	0	0.427459	0.199353	15.4434	1		0	12.0439	45.4448	0	0	0	
2024-06-20 12:54:14	525	1136	5	0	0	2	9	0	0	0	9	0	0	6.5	9	0	0	0	9	0	0	3.897		100.008	32.8414	0.0550073	0	0.550029	0.312632	15.5517	1		0	12.0439	45.3149	0	0	0	
2024-06-20 13:02:47	585	1137	9	0	0	7	29	0	0	0	29	0	0	5.5	29	0	0	0	29	0	0	1.299		100.001	33.1591	0.156619	0	1.56618	0.122131	14.7609	1		0.0088623	12.0616	43.4956	0	0	0	
2024-06-20 13:03:30	590	1138	5	0	0	7	29	0	0	0	29	0	0	4.25	29	0	0	0	29	0	0	2.381		99.9979	33.1298	0.0831898	0	0.831915	0.173727	14.3745	1		0	12.0439	43.4956	0	0	0	
2024-06-20 12:52:01	510	1139	5	0	0	1	5	0	0	0	5	0	0	5	5	0	0	0	5	0	0	3.464		100.016	32.5759	0.0614071	0	0.613975	0.407186	15.4309	1		0	12.0439	46.4844	0	0	0	
2024-06-20 12:52:01	510	1140	1	0	0	1	5	0	0	0	5	0	0	3.75	5	0	0	0	5	0	0	2.381		100.016	32.5759	0.0803886	0	0.803761	0.0156463	13.888	1		0	12.0439	46.4844	0	0	0	
2024-06-20 13:02:03	580	1141	1	0	0	6	25	0	0	0	25	0	0	2.75	25	0	0	0	25	0	0	2.814		100.003	33.0534	0.0709834	0	0.709814	0.087285	14.4946	1		0.0088623	12.0439	43.6256	0	0	0	
2024-06-20 13:00:11	567	1142	5	0	0	5	21	0	0	0	21	0	0	2.25	21	0	0	0	21	0	0	2.381		100.003	33.225	0.0799105	0	0.799085	0.109358	13.8072	1		0	12.0439	43.8855	0	0	0	
2024-06-20 13:03:21	589	1143	1	0	0	7	29	0	0	0	29	0	0	0.25	29	0	0	0	29	0	0	5.845		99.999	33.133	0.0403485	0	0.403489	0.0938668	17.1126	1		0	12.0439	43.4956	0	0	0	
2024-06-20 12:51:04	503	1144	1	0	0	0	1	0	0	0	1	0	0	3.25	1	0	0	0	1	0	0	2.814		100.016	32.7763	0.069154	0	0.691428	0.0461236	14.1192	1		0.0088623	12.0616	47.1341	0	0	0	
2024-06-20 12:56:13	539	1145	9	0	0	3	13	0	0	0	13	0	0	7.25	13	0	0	0	13	0	0	3.68		100.004	33.4883	0.0648309	0	0.64828	0.919981	17.3114	1		0.0088623	12.0616	44.5352	0	0	0	
2024-06-20 13:00:49	571	1146	9	0	0	6	25	0	0	0	25	0	0	6.75	25	0	0	0	25	0	0	0.649		100.001	33.179	0.340933	0	3.40929	0.113709	16.0659	1		0	12.0616	43.7555	0	0	0	
2024-06-20 13:05:57	607	1147	9	0	0	3.75	16	0	0	0	16	0	0	4	16	0	0	0	16	0	0	0.216		99.9987	33.0192	0.779332	0	7.79342	0.133624	12.2419	1		0	12.0439	43.4956	0	0	0	
2024-06-20 13:05:21	603	1148	1	0	0	7.75	32	0	0	0	32	0	0	1	32	0	0	0	32	0	0	5.845		99.999	33.2068	0.0377986	0	0.37799	0.572231	16.0311	1		0	12.0439	43.4956	0	0	0	
2024-06-20 12:58:55	558	1149	5	0	0	5	21	0	0	0	21	0	0	5.25	21	0	0	0	21	0	0	0.216		100.002	33.3216	0.745662	0	7.45646	0.0611499	11.7126	1		0	12.0439	43.8855	0	0	0	
2024-06-20 12:59:30	562	1150	9	0	0	5	21	0	0	0	21	0	0	4	21	0	0	0	21	0	0	0.866		100.005	33.2896	0.240405	0	2.40394	0.188321	15.1044	1		0	12.0616	43.7555	0	0	0	
2024-06-20 12:55:31	534	1151	1	0	0	3	13	0	0	0	13	0	0	0.75	13	0	0	0	13	0	0	1.948		100.01	33.5163	0.0934751	0	0.934653	0.0625389	13.2133	1		0.0088623	12.0616	44.7951	0	0	0	
2024-06-20 12:52:55	516	1152	1	0	0	1	5	0	0	0	5	0	0	1.75	5	0	0	0	5	0	0	0.649		100.015	32.5291	0.297717	0	2.97674	0.198495	14.0275	1		0	12.0439	45.9646	0	0	0	
2024-06-20 12:58:11	553	1153	5	0	0	4	17	0	0	0	17	0	0	2	17	0	0	0	17	0	0	1.732		100.005	32.6573	0.107307	0	1.07302	0.241157	13.484	1		0	12.0439	44.1454	0	0	0	
2024-06-20 13:05:03	601	1154	5	0	0	7.75	32	0	0	0	32	0	0	5.75	32	0	0	0	32	0	0	1.732		100.002	33.2063	0.112312	0	1.1231	0.254035	14.1132	1		0	12.0439	43.4956	0	0	0	
2024-06-20 13:04:30	597	1155	9	0	0	7.75	32	0	0	0	32	0	0	4.5	32	0	0	0	32	0	0	2.814		99.9958	33.3014	0.0678985	0	0.679014	0.336726	13.8657	1		0	12.0616	43.4956	0	0	0	
2024-06-20 13:08:32	624	1156	1	0	0	2.25	10	0	0	0	10	0	0	3.5	10	0	0	0	10	0	0	1.082		100.001	33.3383	0.174948	0	1.74946	0.107902	13.7402	1		0	12.0439	43.4956	0	0	0	
2024-06-20 13:07:42	618	1157	9	0	0	0.25	2	0	0	0	2	0	0	7.5	2	0	0	0	2	0	0	6.278		100.004	32.7643	0.0371646	0	0.371631	0.698323	16.929	1		0.0088623	12.0439	43.4956	0	0	0	
2024-06-20 13:01:39	577	1158	1	0	0	6	25	0	0	0	25	0	0	1.75	25	0	0	0	25	0	0	3.68		100.003	33.093	0.0620919	0	0.620903	0.416051	16.5803	1		0	12.0439	43.6256	0	0	0	
2024-06-20 12:57:38	549	1159	5	0	0	4	17	0	0	0	17	0	0	5.25	17	0	0	0	17	0	0	1.082		100.005	32.7218	0.190703	0	1.90694	0.0350951	14.977	1		0.0088623	12.0439	44.1454	0	0	0	
2024-06-20 12:51:36	507	1160	5	0	0	0	1	0	0	0	1	0	0	1.5	1	0	0	0	1	0	0	1.299		100.013	32.7151	0.141829	0	1.4181	0.117406	13.3653	1		0.0088623	12.0616	46.7443	0	0	0	
2024-06-20 12:56:54	544	1161	1	0	0	3	13	0	0	0	13	0	0	2.5	13	0	0	0	13	0	0	0.433		100.008	33.4051	0.428917	0	4.28883	0.191747	13.4737	1		0.0088623	12.0439	44.2753	0	0	0	
2024-06-20 12:54:23	526	1162	9	0	0	2	9	0	0	0	9	0	0	5.75	9	0	0	0	9	0	0	3.247		100.009	32.8347	0.0647904	0	0.647845	0.281948	15.2645	1		0	12.0616	45.1849	0	0	0	
2024-06-20 12:54:14	525	1163	9	0	0	2	9	0	0	0	9	0	0	4.5	9	0	0	0	9	0	0	2.165		100.008	32.8414	0.0883404	0	0.883332	0.194582	13.8754	1		0	12.0439	45.3149	0	0	0	
2024-06-20 13:03:38	591	1164	1	0	0	7	29	0	0	0	29	0	0	3.5	29	0	0	0	29	0	0	3.031		99.9982	33.1213	0.0653851	0	0.653863	0.130759	14.3792	1		0	12.0439	43.4956	0	0	0	
2024-06-20 12:53:28	520	1165	1	0	0	1	5	0	0	0	5	0	0	3	5	0	0	0	5	0	0	1.732		100.013	32.4582	0.105213	0	1.052	0.0897618	13.2198	1		0.0088623	12.0616	45.4448	0	0	0	
2024-06-20 12:50:15	498	1166	5	0	0	0	1	0	0	0	1	0	0	7.25	1	0	0	0	1	0	0	6.278		100.014	32.8238	0.0401612	0	0.401555	0.486611	18.2921	2		0.0088623	12.0616	48.1737	0	0	0	
2024-06-20 12:59:21	561	1167	1	0	0	5	21	0	0	0	21	0	0	1.5	21	0	0	0	21	0	0	3.031		100.007	33.2999	0.0665904	0	0.665859	0.136083	14.643	1		0	12.0439	43.8855	0	0	0	
2024-06-20 12:54:32	527	1168	1	0	0	2	9	0	0	0	9	0	0	1.25	9	0	0	0	9	0	0	0.649		100.008	32.829	0.289499	0	2.89476	0.0977678	13.6412	1		0.0088623	12.0439	44.925	0	0	0	
2024-06-20 13:11:11	643	1169	1	0	0	1.5	7	0	0	0	7	0	0	0.25	7	0	0	0	7	0	0	1.082		99.9991	32.3245	0.171781	0	1.71783	0.0202989	13.4918	1		0.0088623	12.0439	43.4956	0	0	0	
2024-06-20 12:51:36	507	1170	1	0	0	0	1	0	0	0	1	0	0	2.5	1	0	0	0	1	0	0	2.165		100.013	32.7151	0.0879711	0	0.879596	0.395538	13.8167	1		0.0088623	12.0616	46.7443	0	0	0	
2024-06-20 13:10:21	637	1171	1	0	0	6.25	26	0	0	0	26	0	0	1.5	26	0	0	0	26	0	0	4.113		100.007	33.2263	0.0564687	0	0.564648	0.509107	16.852	1		0.0088623	12.0616	43.2357	0	0	0	
2024-06-20 13:12:15	651	1172	9	0	0	7.25	30	0	0	0	30	0	0	6.5	30	0	0	0	30	0	0	0.649		100.004	33.0692	0.318314	0	3.18302	0.00615034	14.9996	1		0	12.0439	43.4956	0	0	0	
2024-06-20 12:55:39	535	1173	5	0	0	3	13	0	0	0	13	0	0	7.75	13	0	0	0	13	0	0	4.113		100.007	33.5079	0.0496418	0	0.496384	0.366243	14.8147	1		0.0088623	12.0616	44.7951	0	0	0	
2024-06-20 12:55:22	533	1174	1	0	0	3	13	0	0	0	13	0	0	6.5	13	0	0	0	13	0	0	3.031		100.005	33.5211	0.0676677	0	0.676642	0.00943341	14.8801	1		0.0088623	12.0439	44.6651	0	0	0	
2024-06-20 12:52:46	515	1175	9	0	0	1	5	0	0	0	5	0	0	7	5	0	0	0	5	0	0	5.195		100.009	32.5353	0.044881	0	0.448769	0.341936	16.9182	1		0	12.0616	45.9646	0	0	0	
2024-06-20 13:00:57	572	1176	5	0	0	6	25	0	0	0	25	0	0	4.75	25	0	0	0	25	0	0	1.082		100.004	33.1725	0.190162	0	1.90155	0.0181857	14.9347	1		0	12.0439	43.6256	0	0	0	
2024-06-20 13:05:37	605	1177	1	0	0	7.75	32	0	0	0	32	0	0	0.25	32	0	0	0	32	0	0	6.494		99.9946	33.1798	0.0342841	0	0.342859	0.440243	16.1569	2		0	12.0439	43.4956	0	0	0	
2024-06-20 12:59:30	562	1178	1	0	0	5	21	0	0	0	21	0	0	3.25	21	0	0	0	21	0	0	1.515		100.005	33.2896	0.12444	0	1.24434	0.15912	13.6822	1		0	12.0616	43.7555	0	0	0	
2024-06-20 12:55:48	536	1179	1	0	0	3	13	0	0	0	13	0	0	0	13	0	0	0	13	0	0	2.598		100.006	33.4986	0.0750404	0	0.750357	0.168489	14.1439	1		0	12.0439	44.6651	0	0	0	
2024-06-20 13:06:04	608	1180	9	0	0	3.5	15	0	0	0	15	0	0	4.25	15	0	0	0	15	0	0	0.649		99.999	32.5662	0.319301	0	3.19304	0.0139659	15.0469	1		0.0088623	12.0439	43.4956	0	0	0	
2024-06-20 12:58:29	555	1181	5	0	0	4	17	0	0	0	17	0	0	1.25	17	0	0	0	17	0	0	2.381		99.9977	32.6682	0.0796346	0	0.796364	0.20817	13.7602	1		0.0088623	12.0439	44.0154	0	0	0	
2024-06-20 13:04:46	599	1182	9	0	0	7.75	32	0	0	0	32	0	0	5	32	0	0	0	32	0	0	2.381		100.002	33.245	0.0795658	0	0.79564	0.0475624	13.7477	1		0.0088623	12.0439	43.4956	0	0	0	
2024-06-20 13:04:22	596	1183	1	0	0	7.75	32	0	0	0	32	0	0	3.75	32	0	0	0	32	0	0	3.464		99.9966	33.3108	0.0561317	0	0.561336	0.26139	14.1079	1		0	12.0439	43.4956	0	0	0	
2024-06-20 13:13:45	661	1184	1	0	0	1.25	6	0	0	6.5	6	0	0	3	6	0	0	4.75	6	0	0	0.908		100.007	17.8256	0.0948931	0	0.948862	0.467413	10.4333	1		0.0088623	12.0439	43.6256	0	0	0	
2024-06-20 13:01:31	576	1185	1	0	0	6	25	0	0	0	25	0	0	1	25	0	0	0	25	0	0	4.33		100.001	33.1434	0.0549848	0	0.549845	0.0874197	17.2739	1		0.0088623	12.0439	43.6256	0	0	0	
2024-06-20 12:58:29	555	1186	1	0	0	4	17	0	0	0	17	0	0	3.25	17	0	0	0	17	0	0	0.649		99.9977	32.6682	0.320359	0	3.20367	0.126027	15.0969	1		0.0088623	12.0439	44.0154	0	0	0	
2024-06-20 12:51:28	506	1187	1	0	0	0	1	0	0	0	1	0	0	0.75	1	0	0	0	1	0	0	0.649		100.017	32.7221	0.360793	0	3.6073	0.726873	16.999	1		0.0088623	12.0616	46.6143	0	0	0	
2024-06-20 13:13:13	658	1188	1	0	0	3.5	15	0	0	4.25	15	0	0	3.75	15	0	0	4	15	0	0	0.13		100.007	17.0412	0.473627	0	4.73592	0.306302	7.43917	1		0.0088623	12.0439	43.6256	0	0	0	
2024-06-20 12:53:37	521	1189	9	0	0	2	9	0	0	0	9	0	0	5	9	0	0	0	9	0	0	2.598		100.015	32.8625	0.0763065	0	0.76295	0.120006	14.3813	1		0.0088623	12.0616	45.5748	0	0	0	
2024-06-20 12:55:06	531	1190	5	0	0	2	9	0	0	0	9	0	0	3.75	9	0	0	0	9	0	0	1.515		100.005	32.7856	0.127304	0	1.27297	0.0871491	13.997	1		0	12.0439	44.7951	0	0	0	
2024-06-20 13:03:13	588	1191	1	0	0	7	29	0	0	0	29	0	0	2.75	29	0	0	0	29	0	0	3.68		99.9961	33.1398	0.056048	0	0.560502	0.0987809	14.9674	1		0	12.0439	43.4956	0	0	0	
2024-06-20 13:03:30	590	1192	1	0	0	7	29	0	0	0	29	0	0	2.25	29	0	0	0	29	0	0	4.113		99.9979	33.1298	0.0515328	0	0.515338	0.152603	15.3803	1		0	12.0439	43.4956	0	0	0	
2024-06-20 12:50:35	500	1193	5	0	0	0	1	0	0	0	1	0	0	7.75	1	0	0	0	1	0	0	6.711		100.008	32.7948	0.035169	0	0.351661	0.0767391	17.124	2		0.0088623	12.0616	47.6539	0	0	0	
2024-06-20 12:50:01	497	1194	9	0	0	0	1	0	0	0	1	0	0	6.5	1	0	0	0	1	0	0	5.628		100.008	32.833	0.0414628	0	0.414592	0.948321	16.9322	1		0.0088623	12.0705	48.3036	0	0	0	
2024-06-20 12:58:55	558	1195	1	0	0	5	21	0	0	0	21	0	0	0.75	21	0	0	0	21	0	0	3.68		100.002	33.3216	0.0579669	0	0.579656	0.0310985	15.4789	1		0	12.0439	43.8855	0	0	0	
2024-06-20 12:59:46	564	1196	5	0	0	5	21	0	0	0	21	0	0	7.25	21	0	0	0	21	0	0	1.948		100.006	33.2629	0.110146	0	1.10139	0.396233	15.5706	1		0.0088623	12.0616	43.7555	0	0	0	
2024-06-20 13:12:08	650	1197	9	0	0	5.75	24	0	0	0	24	0	0	4	24	0	0	0	24	0	0	1.515		99.998	33.2784	0.128863	0	1.28866	0.0359522	14.1696	1		0	12.0439	43.6256	0	0	0	
2024-06-20 13:08:48	626	1198	9	0	0	4.5	19	0	0	0	19	0	0	5.25	19	0	0	0	19	0	0	0.649		99.9989	33.0813	0.319543	0	3.19546	0.026377	15.0583	1		0	12.0439	43.4956	0	0	0	
2024-06-20 13:13:22	659	1199	1	0	0	2.75	12	0	0	5	12	0	0	3.5	12	0	0	4.25	12	0	0	0.389		100.002	17.7363	0.273843	0	2.73838	1.01936	12.9043	4		0	12.0439	43.6256	0	0	0	
2024-06-20 12:55:13	532	1200	1	0	0	2	9	0	0	0	9	0	0	0.5	9	0	0	0	9	0	0	1.299		100.011	32.7572	0.139963	0	1.39947	0.0296008	13.1897	1		0.0088623	12.0439	44.925	0	0	0	
2024-06-20 13:07:32	617	1201	9	0	0	0.5	3	0	0	0	3	0	0	7.25	3	0	0	0	3	0	0	5.845		99.9952	33.1374	0.0551906	0	0.551933	0.467853	23.4083	2		0	12.0616	43.4956	0	0	0	
2024-06-20 12:57:21	547	1202	5	0	0	4	17	0	0	0	17	0	0	7.25	17	0	0	0	17	0	0	2.814		100.004	32.7706	0.0759268	0	0.759238	0.358135	15.5039	1		0.0088623	12.0616	44.2753	0	0	0	
2024-06-20 12:56:04	538	1203	5	0	0	3	13	0	0	0	13	0	0	5.75	13	0	0	0	13	0	0	2.381		100.008	33.4898	0.0808021	0	0.807957	0.241549	13.9605	1		0	12.0439	44.5352	0	0	0	
2024-06-20 12:55:56	537	1204	9	0	0	3	13	0	0	0	13	0	0	4.5	13	0	0	0	13	0	0	1.299		100.007	33.496	0.148082	0	1.48072	0.121021	13.9555	1		0	12.0616	44.6651	0	0	0	
2024-06-20 13:02:38	584	1205	5	0	0	7	29	0	0	0	29	0	0	6.75	29	0	0	0	29	0	0	0.216		100	33.1638	0.749358	0	7.49359	0.261313	11.7709	1		0	12.0616	43.4956	0	0	0	
2024-06-20 12:52:29	513	1206	5	0	0	1	5	0	0	0	5	0	0	7.5	5	0	0	0	5	0	0	5.628		100.013	32.5468	0.0413158	0	0.413104	0.0629652	16.8715	1		0	12.0616	46.2245	0	0	0	
2024-06-20 12:52:38	514	1207	5	0	0	1	5	0	0	0	5	0	0	6.25	5	0	0	0	5	0	0	4.546		100.01	32.5373	0.0522989	0	0.522935	0.106058	17.2499	1		0	12.0439	46.0945	0	0	0	
2024-06-20 13:01:31	576	1208	5	0	0	6	25	0	0	0	25	0	0	5.25	25	0	0	0	25	0	0	0.649		100.001	33.1434	0.325997	0	3.25995	0.171773	15.3622	1		0.0088623	12.0439	43.6256	0	0	0	
2024-06-20 13:01:31	576	1209	9	0	0	6	25	0	0	0	25	0	0	4	25	0	0	0	25	0	0	1.732		100.001	33.1434	0.113028	0	1.13028	0.133996	14.2035	1		0.0088623	12.0439	43.6256	0	0	0	
2024-06-20 12:59:46	564	1210	1	0	0	5	21	0	0	0	21	0	0	2.5	21	0	0	0	21	0	0	2.165		100.006	33.2629	0.0912308	0	0.912256	0.30841	14.3297	1		0.0088623	12.0616	43.7555	0	0	0	
2024-06-20 12:53:02	517	1211	1	0	0	1	5	0	0	0	5	0	0	0.25	5	0	0	0	5	0	0	0.649		100.016	32.5104	0.303483	0	3.03434	0.0481843	14.299	1		0.0088623	12.0439	45.9646	0	0	0	
2024-06-20 12:58:47	557	1212	1	0	0	4	17	0	0	0	17	0	0	0.5	17	0	0	0	17	0	0	3.031		100.002	32.6414	0.0655769	0	0.655755	0.143387	14.4208	1		0.0088623	12.0439	43.8855	0	0	0	
2024-06-20 13:04:55	600	1213	1	0	0	7.75	32	0	0	0	32	0	0	3	32	0	0	0	32	0	0	4.113		100.002	33.2418	0.0480236	0	0.480225	0.0178041	14.3324	1		0	12.0616	43.4956	0	0	0	
2024-06-20 13:01:48	578	1214	1	0	0	6	25	0	0	0	25	0	0	0.25	25	0	0	0	25	0	0	4.979		100.003	33.109	0.0466682	0	0.466667	0.0353858	16.8599	1		0	12.0439	43.3657	0	0	0	
2024-06-20 13:09:55	634	1215	1	0	0	5.25	22	0	0	0	22	0	0	2.5	22	0	0	0	22	0	0	2.381		100.003	33.0983	0.100891	0	1.00888	0.175099	17.4322	1		0.0088623	12.0439	43.4956	0	0	0	
2024-06-20 12:57:28	548	1216	1	0	0	4	17	0	0	0	17	0	0	2.5	17	0	0	0	17	0	0	1.299		100.004	32.7223	0.146532	0	1.46527	0.268895	13.8098	1		0.0088623	12.0439	44.2753	0	0	0	
2024-06-20 12:55:06	531	1217	1	0	0	2	9	0	0	0	9	0	0	3	9	0	0	0	9	0	0	0.866		100.005	32.7856	0.22251	0	2.22498	0.0295504	13.98	1		0	12.0439	44.7951	0	0	0	
2024-06-20 13:03:38	591	1218	5	0	0	7	29	0	0	0	29	0	0	1.5	29	0	0	0	29	0	0	4.762		99.9982	33.1213	0.047862	0	0.478629	0.528125	16.5402	1		0	12.0439	43.4956	0	0	0	
2024-06-20 12:51:11	504	1219	9	0	0	0	1	0	0	0	1	0	0	5.75	1	0	0	0	1	0	0	4.979		100.017	32.7334	0.0456467	0	0.456388	0.572514	16.4885	1		0	12.0439	47.1341	0	0	0	
2024-06-20 12:50:26	499	1220	9	0	0	0	1	0	0	0	1	0	0	4.5	1	0	0	0	1	0	0	3.897		100.01	32.8166	0.0540452	0	0.540395	0.554888	15.2793	1		0	12.0439	47.9138	0	0	0	
2024-06-20 13:00:28	569	1221	5	0	0	5	21	0	0	0	21	0	0	0	21	0	0	0	21	0	0	4.33		100.001	33.2033	0.0503873	0	0.503868	0.263501	15.8295	1		0	12.0616	43.7555	0	0	0	
2024-06-20 13:05:13	602	1222	1	0	0	7.75	32	0	0	0	32	0	0	2.25	32	0	0	0	32	0	0	4.762		99.9993	33.2047	0.0428703	0	0.428706	0.0408393	14.815	1		0.0088623	12.0616	43.4956	0	0	0	
2024-06-20 12:59:21	561	1223	5	0	0	5	21	0	0	0	21	0	0	7.75	21	0	0	0	21	0	0	2.381		100.007	33.2999	0.0819284	0	0.819227	0.0454618	14.1552	1		0	12.0439	43.8855	0	0	0	
2024-06-20 12:59:54	565	1224	5	0	0	5	21	0	0	0	21	0	0	6.5	21	0	0	0	21	0	0	1.299		100.002	33.2564	0.157657	0	1.57654	0.116756	14.8585	1		0	12.0439	43.7555	0	0	0	
2024-06-20 12:56:22	540	1225	1	0	0	3	13	0	0	0	13	0	0	2	13	0	0	0	13	0	0	0.866		100.004	33.4838	0.221644	0	2.21634	0.0876021	13.9257	1		0	12.0439	44.5352	0	0	0	
2024-06-20 13:09:38	632	1226	1	0	0	4.5	19	0	0	0	19	0	0	3.25	19	0	0	0	19	0	0	1.082		99.993	33.0406	0.181135	0	1.81148	0.0730905	14.2273	1		0	12.0439	43.4956	0	0	0	
2024-06-20 13:04:55	600	1227	9	0	0	7.75	32	0	0	0	32	0	0	7	32	0	0	0	32	0	0	0.649		100.002	33.2418	0.32842	0	3.28413	0.0299082	15.4761	1		0	12.0616	43.4956	0	0	0	
2024-06-20 13:11:59	649	1228	9	0	0	5.5	23	0	0	0	23	0	0	4.25	23	0	0	0	23	0	0	1.082		100.002	32.7136	0.186373	0	1.86369	0.186699	14.6374	1		0	12.0439	43.3657	0	0	0	
2024-06-20 13:10:37	639	1229	1	0	0	6.75	28	0	0	0	28	0	0	1	28	0	0	0	28	0	0	4.979		99.999	32.8729	0.0509242	0	0.509247	0.542424	18.3982	1		0	11.9552	43.6256	0	0	0	
2024-06-20 13:08:56	627	1230	9	0	0	4.25	18	0	0	0	18	0	0	5.5	18	0	0	0	18	0	0	1.082		100.002	33.1589	0.188046	0	1.88042	0.158792	14.7688	1		0.0088623	12.0439	43.4956	0	0	0	
2024-06-20 12:57:28	548	1231	5	0	0	4	17	0	0	0	17	0	0	7.75	17	0	0	0	17	0	0	3.247		100.004	32.7223	0.0610948	0	0.610925	0.0837972	14.3946	1		0.0088623	12.0439	44.2753	0	0	0	
2024-06-20 12:57:04	545	1232	5	0	0	4	17	0	0	0	17	0	0	6.5	17	0	0	0	17	0	0	2.165		100.006	32.7826	0.0916641	0	0.916588	0.0348271	14.3977	1		0	12.0439	44.2753	0	0	0	
2024-06-20 12:55:31	534	1233	9	0	0	3	13	0	0	0	13	0	0	5	13	0	0	0	13	0	0	1.732		100.01	33.5163	0.10942	0	1.09409	0.0674793	13.7487	1		0.0088623	12.0616	44.7951	0	0	0	
2024-06-20 12:56:54	544	1234	5	0	0	3	13	0	0	0	13	0	0	3.75	13	0	0	0	13	0	0	0.649		100.008	33.4051	0.309689	0	3.09665	0.120038	14.5926	1		0.0088623	12.0439	44.2753	0	0	0	
2024-06-20 12:54:23	526	1235	5	0	0	2	9	0	0	0	9	0	0	7	9	0	0	0	9	0	0	4.33		100.009	32.8347	0.050064	0	0.500594	0.104827	15.7266	1		0	12.0616	45.1849	0	0	0	
2024-06-20 13:02:47	585	1236	5	0	0	7	29	0	0	0	29	0	0	6	29	0	0	0	29	0	0	0.866		100.001	33.1591	0.24753	0	2.47528	0.355006	15.5527	1		0.0088623	12.0616	43.4956	0	0	0	
2024-06-20 13:02:29	583	1237	5	0	0	7	29	0	0	0	29	0	0	4.75	29	0	0	0	29	0	0	1.948		99.9979	33.1437	0.100927	0	1.00929	0.0821081	14.2685	1		0	12.0439	43.4956	0	0	0	
2024-06-20 12:52:38	514	1238	9	0	0	1	5	0	0	0	5	0	0	5.5	5	0	0	0	5	0	0	3.897		100.01	32.5373	0.0601457	0	0.601394	0.759447	17.004	1		0	12.0439	46.0945	0	0	0	
2024-06-20 12:52:09	511	1239	5	0	0	1	5	0	0	0	5	0	0	4.25	5	0	0	0	5	0	0	2.814		100.016	32.5663	0.071175	0	0.711633	0.733386	14.5318	1		0.0088623	12.0616	46.2245	0	0	0	
2024-06-20 13:02:03	580	1240	5	0	0	6	25	0	0	0	25	0	0	3.25	25	0	0	0	25	0	0	2.381		100.003	33.0534	0.0819167	0	0.819144	0.0856927	14.1538	1		0.0088623	12.0439	43.6256	0	0	0	
2024-06-20 13:08:07	621	1241	1	0	0	0.25	2	0	0	0	2	0	0	1.5	2	0	0	0	2	0	0	1.082		99.999	32.7449	0.170592	0	1.70593	0.405432	13.3984	1		0	12.0439	43.4956	0	0	0	
2024-06-20 13:03:57	593	1242	5	0	0	7	29	0	0	0	29	0	0	0.75	29	0	0	0	29	0	0	5.412		99.9972	33.0911	0.0436825	0	0.436837	0.131422	17.1546	1		0	12.0616	43.4956	0	0	0	
2024-06-20 12:50:46	501	1243	9	0	0	0	1	0	0	0	1	0	0	5	1	0	0	0	1	0	0	4.33		100.015	32.7938	0.0498579	0	0.498502	0.518723	15.6609	1		0.0088623	12.0616	47.5239	0	0	0	
2024-06-20 12:50:26	499	1244	1	0	0	0	1	0	0	0	1	0	0	3.75	1	0	0	0	1	0	0	3.247		100.01	32.8166	0.0621382	0	0.621317	0.424626	14.6394	1		0	12.0439	47.9138	0	0	0	
2024-06-20 13:12:24	652	1245	9	0	0	7.5	31	0	0	0	31	0	0	6.25	31	0	0	0	31	0	0	1.082		100.001	33.0478	0.18463	0	1.84628	0.0556852	14.5007	1		0.0088623	12.0439	43.6256	0	0	0	
2024-06-20 13:09:22	630	1246	9	0	0	6.25	26	0	0	0	26	0	0	7.5	26	0	0	0	26	0	0	1.082		99.9932	33.2559	0.186214	0	1.86226	0.110773	14.6262	1		0	12.0616	43.4956	0	0	0	
2024-06-20 13:00:36	570	1247	5	0	0	6	25	0	0	0	25	0	0	7.25	25	0	0	0	25	0	0	1.082		99.9997	33.1439	0.213402	0	2.13402	0.512495	16.7606	2		0.0088623	12.0439	43.7555	0	0	0	
2024-06-20 13:05:21	603	1248	5	0	0	7.75	32	0	0	0	32	0	0	1.5	32	0	0	0	32	0	0	5.412		99.999	33.2068	0.0394059	0	0.394063	0.498523	15.4748	1		0	12.0439	43.4956	0	0	0	
2024-06-20 12:59:12	560	1249	5	0	0	5	21	0	0	0	21	0	0	5.75	21	0	0	0	21	0	0	0.649		100.004	33.3026	0.327469	0	3.27455	0.12974	15.431	1		0	12.0616	43.8855	0	0	0	
2024-06-20 12:59:36	563	1250	5	0	0	5	21	0	0	0	21	0	0	4.5	21	0	0	0	21	0	0	0.433		100.007	33.2668	0.453032	0	4.52998	0.176929	14.2313	1		0.0088623	11.9552	43.8855	0	0	0	
2024-06-20 12:56:38	542	1251	1	0	0	3	13	0	0	0	13	0	0	1.25	13	0	0	0	13	0	0	1.515		100.009	33.4463	0.119633	0	1.19623	0.0499483	13.1532	1		0	12.0439	44.5352	0	0	0	
2024-06-20 12:51:52	509	1252	1	0	0	1	5	0	0	0	5	0	0	2.25	5	0	0	0	5	0	0	1.082		100.018	32.5518	0.170428	0	1.70397	0.115938	13.3829	1		0.0088623	12.0439	46.6143	0	0	0	
2024-06-20 13:07:58	620	1253	1	0	0	0.5	3	0	0	0	3	0	0	1.25	3	0	0	0	3	0	0	0.649		100.002	33.1401	0.299786	0	2.99781	0.157372	14.1268	1		0	12.0439	43.4956	0	0	0	
2024-06-20 13:06:30	611	1254	9	0	0	2.5	11	0	0	0	11	0	0	5.25	11	0	0	0	11	0	0	2.381		99.9954	32.9072	0.0887696	0	0.887736	0.277719	15.339	2		0	12.0439	43.3657	0	0	0	
2024-06-20 13:05:13	602	1255	5	0	0	7.75	32	0	0	0	32	0	0	7.5	32	0	0	0	32	0	0	0.216		99.9993	33.2047	0.78528	0	7.85285	0.140337	12.3352	1		0.0088623	12.0616	43.4956	0	0	0	
2024-06-20 13:05:03	601	1256	9	0	0	7.75	32	0	0	0	32	0	0	6.25	32	0	0	0	32	0	0	1.299		100.002	33.2063	0.154876	0	1.54873	0.190248	14.5965	1		0	12.0439	43.4956	0	0	0	
2024-06-20 13:09:30	631	1257	1	0	0	4.25	18	0	0	0	18	0	0	3.5	18	0	0	0	18	0	0	0.649		100.001	33.1148	0.320293	0	3.20291	0.0311959	15.0933	1		0	12.0439	43.6256	0	0	0	
2024-06-20 13:01:22	575	1258	1	0	0	6	25	0	0	0	25	0	0	2.25	25	0	0	0	25	0	0	3.247		100.001	33.1507	0.0635647	0	0.635643	0.34333	14.977	1		0	12.0616	43.6256	0	0	0	
2024-06-20 13:11:50	648	1259	9	0	0	5.25	22	0	0	0	22	0	0	4.5	22	0	0	0	22	0	0	0.649		100.003	33.0651	0.318434	0	3.18423	0.0241122	15.0053	1		0.0088623	12.0439	43.6256	0	0	0	
2024-06-20 12:57:46	550	1260	9	0	0	4	17	0	0	0	17	0	0	5.75	17	0	0	0	17	0	0	1.515		100.005	32.7155	0.130406	0	1.30399	0.0183172	14.3381	1		0.0088623	12.0439	44.1454	0	0	0	
2024-06-20 12:58:03	552	1261	5	0	0	4	17	0	0	0	17	0	0	4.5	17	0	0	0	17	0	0	0.433		99.9994	32.6985	0.487289	0	4.87292	0.0191492	15.3087	1		0	12.0439	44.0154	0	0	0	
2024-06-20 12:50:55	502	1262	1	0	0	0	1	0	0	0	1	0	0	2	1	0	0	0	1	0	0	1.732		100.015	32.7845	0.128735	0	1.28716	0.224135	16.175	1		0.0088623	12.0616	47.264	0	0	0	
2024-06-20 12:54:32	527	1263	9	0	0	2	9	0	0	0	9	0	0	7.5	9	0	0	0	9	0	0	4.762		100.008	32.829	0.0457728	0	0.457692	0.379646	15.8167	1		0.0088623	12.0439	44.925	0	0	0	
2024-06-20 12:54:40	528	1264	5	0	0	2	9	0	0	0	9	0	0	6.25	9	0	0	0	9	0	0	3.68		100.007	32.8233	0.0581453	0	0.581414	0.279211	15.5258	1		0	12.0616	45.055	0	0	0	
2024-06-20 13:03:04	587	1265	5	0	0	7	29	0	0	0	29	0	0	5.25	29	0	0	0	29	0	0	1.515		99.9957	33.1468	0.130906	0	1.30911	0.0657065	14.3945	1		0	12.0616	43.4956	0	0	0	
2024-06-20 13:03:21	589	1266	9	0	0	7	29	0	0	0	29	0	0	4	29	0	0	0	29	0	0	2.598		99.999	33.133	0.0759769	0	0.759777	0.110465	14.3215	1		0	12.0439	43.4956	0	0	0	
2024-06-20 12:52:46	515	1267	1	0	0	1	5	0	0	0	5	0	0	3.5	5	0	0	0	5	0	0	2.165		100.009	32.5353	0.0848765	0	0.848688	0.107481	13.3312	1		0	12.0616	45.9646	0	0	0	
2024-06-20 13:02:12	581	1268	5	0	0	6	25	0	0	0	25	0	0	2.5	25	0	0	0	25	0	0	3.031		100.002	33.0692	0.0711935	0	0.711919	0.707667	15.6559	1		0	12.0616	43.6256	0	0	0	
2024-06-20 13:11:42	647	1269	1	0	0	3.75	16	0	0	0	16	0	0	2	16	0	0	0	16	0	0	1.515		100.004	32.9598	0.12552	0	1.25515	0.241184	13.8011	1		0	12.0439	43.6256	0	0	0	
2024-06-20 13:00:18	568	1270	5	0	0	5	21	0	0	0	21	0	0	2	21	0	0	0	21	0	0	2.598		100	33.2029	0.0760152	0	0.76015	0.317484	14.3285	1		0.0088623	12.0439	43.7555	0	0	0	
2024-06-20 12:54:23	526	1271	1	0	0	2	9	0	0	0	9	0	0	1.75	9	0	0	0	9	0	0	0.216		100.009	32.8347	0.690506	0	6.90443	0.129365	10.8455	1		0	12.0616	45.1849	0	0	0	
2024-06-20 13:03:47	592	1272	1	0	0	7	29	0	0	0	29	0	0	0	29	0	0	0	29	0	0	6.061		100.002	33.0744	0.0400473	0	0.400463	0.333108	17.6133	1		0	12.0439	43.4956	0	0	0	
2024-06-20 12:50:15	498	1273	1	0	0	0	1	0	0	0	1	0	0	3	1	0	0	0	1	0	0	2.598		100.014	32.8238	0.0749344	0	0.749237	0.225308	14.1228	2		0.0088623	12.0616	48.1737	0	0	0	
2024-06-20 12:55:22	533	1274	5	0	0	3	13	0	0	0	13	0	0	7	13	0	0	0	13	0	0	3.464		100.005	33.5211	0.0590453	0	0.590422	0.0415528	14.8389	1		0.0088623	12.0439	44.6651	0	0	0	
2024-06-20 13:01:05	573	1275	5	0	0	6	25	0	0	0	25	0	0	7.75	25	0	0	0	25	0	0	1.515		99.997	33.1654	0.134487	0	1.34491	0.0525045	14.7881	1		0.0088623	12.0439	43.6256	0	0	0	
2024-06-20 13:00:49	571	1276	5	0	0	6	25	0	0	0	25	0	0	6.5	25	0	0	0	25	0	0	0.433		100.001	33.179	0.493231	0	4.93225	0.147304	15.4951	1		0	12.0616	43.7555	0	0	0	
2024-06-20 13:05:37	605	1277	5	0	0	7.75	32	0	0	0	32	0	0	0.75	32	0	0	0	32	0	0	6.061		99.9946	33.1798	0.0366484	0	0.366504	0.415394	16.1197	2		0	12.0439	43.4956	0	0	0	
2024-06-20 13:00:28	569	1278	1	0	0	5	21	0	0	0	21	0	0	3.75	21	0	0	0	21	0	0	1.082		100.001	33.2033	0.184475	0	1.84473	0.184422	14.4885	1		0	12.0616	43.7555	0	0	0	
2024-06-20 12:56:30	541	1279	1	0	0	3	13	0	0	0	13	0	0	0.5	13	0	0	0	13	0	0	2.165		100.006	33.4811	0.0859627	0	0.859576	0.290865	13.5022	1		0.0088623	12.0439	44.2753	0	0	0	
2024-06-20 12:52:09	511	1280	1	0	0	1	5	0	0	0	5	0	0	1.5	5	0	0	0	5	0	0	0.433		100.016	32.5663	0.438157	0	4.38085	0.0710776	13.7628	1		0.0088623	12.0616	46.2245	0	0	0	
2024-06-20 13:13:36	660	1281	1	0	0	2	9	0	0	5.75	9	0	0	3.25	9	0	0	4.5	9	0	0	0.649		100.009	17.6082	0.152827	0	1.52813	0.245034	12.0019	1		0	12.0616	43.6256	0	0	0	
2024-06-20 12:58:03	552	1282	1	0	0	4	17	0	0	0	17	0	0	1.75	17	0	0	0	17	0	0	1.948		99.9994	32.6985	0.0954291	0	0.954296	0.0502234	13.491	1		0	12.0439	44.0154	0	0	0	
2024-06-20 13:08:24	623	1283	1	0	0	2.5	11	0	0	0	11	0	0	3.25	11	0	0	0	11	0	0	0.649		99.9938	32.9135	0.299867	0	2.99886	0.107179	14.1318	1		0	12.0616	43.4956	0	0	0	
2024-06-20 13:04:22	596	1284	9	0	0	7.75	32	0	0	0	32	0	0	5.5	32	0	0	0	32	0	0	1.948		99.9966	33.3108	0.0998295	0	0.998329	0.205344	14.1135	1		0	12.0439	43.4956	0	0	0	
2024-06-20 13:04:13	595	1285	5	0	0	7.75	32	0	0	0	32	0	0	4.25	32	0	0	0	32	0	0	3.031		99.9904	33.2527	0.0638515	0	0.638577	0.159328	14.043	1		0	12.0616	43.4956	0	0	0	
2024-06-20 13:01:56	579	1286	1	0	0	6	25	0	0	0	25	0	0	1.5	25	0	0	0	25	0	0	3.897		99.9979	33.1078	0.0579593	0	0.579605	0.74191	16.3879	1		0.0088623	12.0616	43.6256	0	0	0	
2024-06-20 12:57:38	549	1287	1	0	0	4	17	0	0	0	17	0	0	5	17	0	0	0	17	0	0	0.866		100.005	32.7218	0.242363	0	2.42351	0.0439061	15.2274	1		0.0088623	12.0439	44.1454	0	0	0	
2024-06-20 12:57:04	545	1288	1	0	0	4	17	0	0	0	17	0	0	3.75	17	0	0	0	17	0	0	0.216		100.006	32.7826	0.779854	0	7.79808	0.0321971	12.2492	1		0	12.0439	44.2753	0	0	0	
2024-06-20 12:51:11	504	1289	1	0	0	0	1	0	0	0	1	0	0	1.25	1	0	0	0	1	0	0	1.082		100.017	32.7334	0.172534	0	1.72505	0.0367727	13.5485	1		0	12.0439	47.1341	0	0	0	
2024-06-20 12:54:03	524	1290	9	0	0	2	9	0	0	0	9	0	0	5.5	9	0	0	0	9	0	0	3.031		100.01	32.8421	0.10216	0	1.0215	0.0754809	22.4639	2		0.0088623	12.0439	45.3149	0	0	0	
2024-06-20 12:54:32	527	1291	5	0	0	2	9	0	0	0	9	0	0	4.25	9	0	0	0	9	0	0	1.948		100.008	32.829	0.0980591	0	0.980513	0.14686	13.8617	1		0.0088623	12.0439	44.925	0	0	0	
2024-06-20 13:02:55	586	1292	1	0	0	7	29	0	0	0	29	0	0	3.25	29	0	0	0	29	0	0	3.247		100.001	33.1537	0.0618303	0	0.618294	0.125296	14.5682	1		0	12.0616	43.4956	0	0	0	
2024-06-20 12:52:38	514	1293	1	0	0	1	5	0	0	0	5	0	0	2.75	5	0	0	0	5	0	0	1.515		100.01	32.5373	0.119773	0	1.19761	0.00125049	13.1684	1		0	12.0439	46.0945	0	0	0	
2024-06-20 12:50:01	497	1294	5	0	0	0	1	0	0	0	1	0	0	7	1	0	0	0	1	0	0	6.061		100.008	32.833	0.0392417	0	0.392383	0.0914479	17.2579	1		0.0088623	12.0705	48.3036	0	0	0	
2024-06-20 13:00:18	568	1295	1	0	0	5	21	0	0	0	21	0	0	1.25	21	0	0	0	21	0	0	3.247		100	33.2029	0.0660117	0	0.660115	0.264312	15.5536	1		0.0088623	12.0439	43.7555	0	0	0	
2024-06-20 12:54:40	528	1296	1	0	0	2	9	0	0	0	9	0	0	1	9	0	0	0	9	0	0	0.866		100.007	32.8233	0.214157	0	2.14142	0.0350291	13.455	1		0	12.0616	45.055	0	0	0	
2024-06-20 12:55:31	534	1297	5	0	0	3	13	0	0	0	13	0	0	7.5	13	0	0	0	13	0	0	3.897		100.01	33.5163	0.0528699	0	0.528644	0.0455775	14.947	1		0.0088623	12.0616	44.7951	0	0	0	
2024-06-20 12:56:04	538	1298	9	0	0	3	13	0	0	0	13	0	0	6.25	13	0	0	0	13	0	0	2.814		100.008	33.4898	0.072158	0	0.721523	0.338118	14.7338	1		0	12.0439	44.5352	0	0	0	
2024-06-20 13:03:13	588	1299	5	0	0	7	29	0	0	0	29	0	0	7.25	29	0	0	0	29	0	0	0.216		99.9961	33.1398	0.696705	0	6.96732	0.620798	10.9442	1		0	12.0439	43.4956	0	0	0	
2024-06-20 12:52:09	511	1300	9	0	0	1	5	0	0	0	5	0	0	6.75	5	0	0	0	5	0	0	4.979		100.016	32.5663	0.0493956	0	0.493874	0.43877	17.8429	1		0.0088623	12.0616	46.2245	0	0	0	
2024-06-20 13:01:22	575	1301	5	0	0	6	25	0	0	0	25	0	0	5.75	25	0	0	0	25	0	0	0.216		100.001	33.1507	0.762799	0	7.62795	0.173916	11.982	1		0	12.0616	43.6256	0	0	0	
2024-06-20 13:01:14	574	1302	9	0	0	6	25	0	0	0	25	0	0	4.5	25	0	0	0	25	0	0	1.299		100.002	33.1615	0.155075	0	1.55072	0.021317	14.6152	1		0.0088623	12.0439	43.4956	0	0	0	
2024-06-20 13:05:49	606	1303	5	0	0	7.75	32	0	0	0	32	0	0	0	32	0	0	0	32	0	0	6.711		99.9966	33.1908	0.0342019	0	0.342031	0.234944	16.6551	1		0	12.0616	43.4956	0	0	0	
2024-06-20 12:59:03	559	1304	1	0	0	5	21	0	0	0	21	0	0	3	21	0	0	0	21	0	0	1.732		100.006	33.3102	0.108294	0	1.08287	0.04496	13.6077	1		0	12.0439	43.7555	0	0	0	
2024-06-20 12:53:11	518	1305	1	0	0	1	5	0	0	0	5	0	0	0.75	5	0	0	0	5	0	0	0.216		100.015	32.4904	0.706667	0	7.06563	0.0926994	11.0987	1		0.0088623	12.0439	45.8346	0	0	0	
2024-06-20 13:10:13	636	1306	1	0	0	5.75	24	0	0	0	24	0	0	2	24	0	0	0	24	0	0	3.247		99.9997	33.2895	0.0654156	0	0.654158	0.0671364	15.4132	1		0	12.0616	43.4956	0	0	0	
2024-06-20 12:57:21	547	1307	1	0	0	4	17	0	0	0	17	0	0	1	17	0	0	0	17	0	0	2.598		100.004	32.7706	0.073127	0	0.731241	0.136651	13.7836	1		0.0088623	12.0616	44.2753	0	0	0	
2024-06-20 13:04:39	598	1308	1	0	0	7.75	32	0	0	0	32	0	0	3.5	32	0	0	0	32	0	0	3.68		99.9978	33.2889	0.0526693	0	0.526705	0.163554	14.0649	1		0.0088623	12.0439	43.3657	0	0	0	
2024-06-20 13:00:57	572	1309	1	0	0	6	25	0	0	0	25	0	0	0.75	25	0	0	0	25	0	0	4.546		100.004	33.1725	0.0517438	0	0.517417	0.285711	17.0679	1		0	12.0439	43.6256	0	0	0	
2024-06-20 12:57:12	546	1310	1	0	0	4	17	0	0	0	17	0	0	3	17	0	0	0	17	0	0	0.866		100.002	32.7842	0.231398	0	2.31394	0.938748	14.5389	1		0.0088623	12.0616	44.2753	0	0	0	
2024-06-20 12:51:43	508	1311	1	0	0	0	1	0	0	0	1	0	0	0.5	1	0	0	0	1	0	0	0.433		100.018	32.6807	0.432174	0	4.32098	0.182081	13.5748	1		0.0088623	12.0439	46.4844	0	0	0	
2024-06-20 13:12:41	654	1312	1	0	0	3.5	15	0	0	4.25	15	0	0	2.75	15	0	0	5	15	0	0	0.389		100.006	17.0353	0.280104	0	2.80088	0.38957	13.1988	1		0	12.0439	43.6256	0	0	0	
2024-06-20 12:54:56	530	1313	1	0	0	2	9	0	0	0	9	0	0	3.5	9	0	0	0	9	0	0	1.299		100.008	32.7943	0.14695	0	1.46938	0.15113	13.8486	1		0	12.0616	44.7951	0	0	0	
2024-06-20 13:03:57	593	1314	1	0	0	7	29	0	0	0	29	0	0	2.5	29	0	0	0	29	0	0	3.897		99.9972	33.0911	0.0552888	0	0.552903	0.316146	15.633	1		0	12.0616	43.4956	0	0	0	
2024-06-20 13:02:29	583	1315	1	0	0	7	29	0	0	0	29	0	0	2	29	0	0	0	29	0	0	4.33		99.9979	33.1437	0.0500719	0	0.500729	0.246802	15.7309	1		0	12.0439	43.4956	0	0	0	
2024-06-20 12:50:55	502	1316	9	0	0	0	1	0	0	0	1	0	0	7.5	1	0	0	0	1	0	0	6.494		100.015	32.7845	0.0369998	0	0.369943	0.0602529	17.4332	1		0.0088623	12.0616	47.264	0	0	0	
2024-06-20 12:50:55	502	1317	5	0	0	0	1	0	0	0	1	0	0	6.25	1	0	0	0	1	0	0	5.412		100.015	32.7845	0.0435166	0	0.435102	0.440742	17.0864	1		0.0088623	12.0616	47.264	0	0	0	
2024-06-20 12:59:36	563	1318	1	0	0	5	21	0	0	0	21	0	0	0.5	21	0	0	0	21	0	0	3.897		100.007	33.2668	0.0578513	0	0.57847	0.527913	16.3558	1		0.0088623	11.9552	43.8855	0	0	0	
2024-06-20 13:11:02	642	1319	1	0	0	1.25	6	0	0	0	6	0	0	0.5	6	0	0	0	6	0	0	0.649		100.002	33.0058	0.302748	0	3.02742	0.052808	14.2664	1		0	12.0439	43.6256	0	0	0	
2024-06-20 12:59:30	562	1320	5	0	0	5	21	0	0	0	21	0	0	7	21	0	0	0	21	0	0	1.732		100.005	33.2896	0.114456	0	1.14451	0.144311	14.3823	1		0	12.0616	43.7555	0	0	0	
2024-06-20 12:54:48	529	1321	1	0	0	2	9	0	0	0	9	0	0	0.25	9	0	0	0	9	0	0	1.515		100.014	32.7941	0.122649	0	1.22632	0.208742	13.4841	1		0.0088623	12.0439	45.055	0	0	0	
2024-06-20 12:57:12	546	1322	5	0	0	4	17	0	0	0	17	0	0	7	17	0	0	0	17	0	0	2.598		100.002	32.7842	0.0765976	0	0.765963	0.121037	14.4381	1		0.0088623	12.0616	44.2753	0	0	0	
2024-06-20 12:55:48	536	1323	9	0	0	3	13	0	0	0	13	0	0	5.5	13	0	0	0	13	0	0	2.165		100.006	33.4986	0.0912429	0	0.912371	0.0435195	14.3315	1		0	12.0439	44.6651	0	0	0	
2024-06-20 12:56:22	540	1324	9	0	0	3	13	0	0	0	13	0	0	4.25	13	0	0	0	13	0	0	1.082		100.004	33.4838	0.180753	0	1.80745	0.152366	14.1957	1		0	12.0439	44.5352	0	0	0	
2024-06-20 13:02:55	586	1325	5	0	0	7	29	0	0	0	29	0	0	7.75	29	0	0	0	29	0	0	0.649		100.001	33.1537	0.333735	0	3.3373	0.204776	15.7267	1		0	12.0616	43.4956	0	0	0	
2024-06-20 13:03:04	587	1326	9	0	0	7	29	0	0	0	29	0	0	6.5	29	0	0	0	29	0	0	0.433		99.9957	33.1468	0.470404	0	4.70424	0.184354	14.7788	1		0	12.0616	43.4956	0	0	0	
2024-06-20 12:51:52	509	1327	9	0	0	1	5	0	0	0	5	0	0	6	5	0	0	0	5	0	0	4.33		100.018	32.5518	0.0542099	0	0.541999	0.271349	17.0274	1		0.0088623	12.0439	46.6143	0	0	0	
2024-06-20 12:52:55	516	1328	5	0	0	1	5	0	0	0	5	0	0	4.75	5	0	0	0	5	0	0	3.247		100.015	32.5291	0.0657492	0	0.657397	0.995025	15.4895	1		0	12.0439	45.9646	0	0	0	
2024-06-20 13:08:40	625	1329	9	0	0	4.75	20	0	0	0	20	0	0	5	20	0	0	0	20	0	0	0.216		99.9994	32.9199	0.727083	0	7.27088	0.212999	11.4211	1		0.0088623	12.0439	43.4956	0	0	0	
2024-06-20 13:00:57	572	1330	9	0	0	6	25	0	0	0	25	0	0	5	25	0	0	0	25	0	0	0.866		100.004	33.1725	0.24148	0	2.4147	0.396552	15.172	1		0	12.0439	43.6256	0	0	0	
2024-06-20 13:01:48	578	1331	5	0	0	6	25	0	0	0	25	0	0	3.75	25	0	0	0	25	0	0	1.948		100.003	33.109	0.100978	0	1.00974	0.131838	14.2749	1		0	12.0439	43.3657	0	0	0	
2024-06-20 12:53:20	519	1332	5	0	0	1	5	0	0	0	5	0	0	0	5	0	0	0	5	0	0	0.866		100.014	32.4805	0.222907	0	2.22876	0.0194601	14.0037	1		0.0088623	12.0439	45.7047	0	0	0	
2024-06-20 13:07:24	616	1333	9	0	0	0.75	4	0	0	0	4	0	0	7	4	0	0	0	4	0	0	5.412		99.9952	33.1211	0.0430991	0	0.431012	0.630225	16.9258	1		0	12.0616	43.3657	0	0	0	
2024-06-20 12:58:11	553	1334	1	0	0	4	17	0	0	0	17	0	0	0.25	17	0	0	0	17	0	0	3.247		100.005	32.6573	0.060436	0	0.604332	0.209038	14.2392	1		0	12.0439	44.1454	0	0	0	
2024-06-20 13:04:13	595	1335	1	0	0	7.75	32	0	0	0	32	0	0	2.75	32	0	0	0	32	0	0	4.33		99.9904	33.2527	0.046832	0	0.468366	0.254538	14.7141	1		0	12.0616	43.4956	0	0	0	
2024-06-20 13:01:14	574	1336	1	0	0	6	25	0	0	0	25	0	0	0	25	0	0	0	25	0	0	5.195		100.002	33.1615	0.0487287	0	0.487279	0.460417	18.37	1		0.0088623	12.0439	43.4956	0	0	0	
2024-06-20 12:54:03	524	1337	1	0	0	2	9	0	0	0	9	0	0	2.75	9	0	0	0	9	0	0	0.649		100.01	32.8421	0.303143	0	3.03114	0.00355788	14.2839	2		0.0088623	12.0439	45.3149	0	0	0	
2024-06-20 13:03:47	592	1338	5	0	0	7	29	0	0	0	29	0	0	1.25	29	0	0	0	29	0	0	4.979		100.002	33.0744	0.0475457	0	0.475446	0.461467	17.1771	1		0	12.0439	43.4956	0	0	0	
2024-06-20 12:51:11	504	1339	5	0	0	0	1	0	0	0	1	0	0	5.5	1	0	0	0	1	0	0	4.762		100.017	32.7334	0.0566729	0	0.566631	0.366546	19.5814	1		0	12.0439	47.1341	0	0	0	
2024-06-20 12:50:26	499	1340	5	0	0	0	1	0	0	0	1	0	0	4.25	1	0	0	0	1	0	0	3.68		100.01	32.8166	0.0561936	0	0.561877	0.551298	15.0041	1		0	12.0439	47.9138	0	0	0	
