Time	MeasID	DPID	Channel	A(x)	A(y)	A(z)	A(adr)	B(x)	B(y)	B(z)	B(adr)	M(x)	M(y)	M(z)	M(adr)	N(x)	N(y)	N(z)	N(adr)	F(x)	F(y)	F(z)	Note	I(mA)	Uout(V)	U(V)	SP(V)	R(Ohm)	Var(%)	Rho-a(Ohm-m)	Cycles	IP Delay Window(mV/V)	Pint(V)	Pext(V)	T int(deg C)	T log(deg C)	Latitude	Longitude
2024-06-16 08:20:38	767	1341	1	0	0	7.75	32	0	0	0	32	0	0	2	32	0	0	0	32	0	0	4.979		100.006	84.6417	0.0416256	0	0.416232	0.0480154	15.0378	1		0.0088623	12.0705	44.6651	0	0	0	
2024-06-16 08:14:01	722	1342	5	0	0	5	21	0	0	0	21	0	0	7.5	21	0	0	0	21	0	0	2.165		100.005	85.8387	0.09034	0	0.903356	0.0654315	14.1899	1		0	12.0705	45.055	0	0	0	
2024-06-16 08:14:28	725	1343	9	0	0	5	21	0	0	0	21	0	0	6.25	21	0	0	0	21	0	0	1.082		100.009	85.6326	0.195278	0	1.9526	0.270418	15.3357	1		0	12.0616	45.055	0	0	0	
2024-06-16 08:10:59	701	1344	1	0	0	3	13	0	0	0	13	0	0	1.75	13	0	0	0	13	0	0	1.082		100.011	86.6518	0.176731	0	1.76711	0.256879	13.8788	1		0	12.0705	45.7047	0	0	0	
2024-06-16 08:20:12	764	1345	9	0	0	7.75	32	0	0	0	32	0	0	6.75	32	0	0	0	32	0	0	0.866		100.008	86.5251	0.246617	0	2.46598	0.242063	15.4942	1		0	12.0616	44.7951	0	0	0	
2024-06-16 08:26:37	809	1346	1	0	0	3.25	14	0	0	0	14	0	0	2.5	14	0	0	0	14	0	0	0.649		100.008	82.9465	0.309214	0	3.09189	0.379336	14.5702	1		0	12.0705	44.7951	0	0	0	
2024-06-16 08:12:51	714	1347	9	0	0	4	17	0	0	0	17	0	0	7.5	17	0	0	0	17	0	0	3.031		100.015	88.0792	0.0659915	0	0.659817	0.4142	14.5101	1		0.0088623	12.0616	45.3149	0	0	0	
2024-06-16 08:12:43	713	1348	9	0	0	4	17	0	0	0	17	0	0	6.25	17	0	0	0	17	0	0	1.948		100.006	85.2455	0.102117	0	1.02111	0.107012	14.4356	1		0.0088623	12.0616	45.3149	0	0	0	
2024-06-16 08:12:00	708	1349	1	0	0	3	13	0	0	0	13	0	0	3.5	13	0	0	0	13	0	0	0.433		100.014	86.1811	0.468231	0	4.68165	0.316344	14.7078	1		0	12.0616	45.5748	0	0	0	
2024-06-16 08:09:20	690	1350	5	0	0	2	9	0	0	0	9	0	0	6.75	9	0	0	0	9	0	0	4.113		100.01	86.0401	0.0530488	0	0.530436	0.1661	15.8309	1		0.0088623	12.0705	46.4844	0	0	0	
2024-06-16 08:18:29	752	1351	9	0	0	7	29	0	0	0	29	0	0	5.75	29	0	0	0	29	0	0	1.082		100.006	84.5928	0.195238	0	1.95225	0.309895	15.333	1		0.0088623	12.0705	44.7951	0	0	0	
2024-06-16 08:17:51	748	1352	9	0	0	7	29	0	0	0	29	0	0	4.5	29	0	0	0	29	0	0	2.165		100.01	82.7221	0.0910602	0	0.910513	0.0424342	14.3023	2		0	12.0616	44.7951	0	0	0	
2024-06-16 08:07:16	676	1353	9	0	0	1	5	0	0	0	5	0	0	5.25	5	0	0	0	5	0	0	3.68		100.022	87.4415	0.0605079	0	0.604947	0.0482142	16.1542	1		0.0088623	12.0705	47.5239	0	0	0	
2024-06-16 08:07:52	680	1354	9	0	0	1	5	0	0	0	5	0	0	4	5	0	0	0	5	0	0	2.598		100.015	87.2144	0.073219	0	0.732078	0.00897447	13.7993	1		0	12.0705	47.264	0	0	0	
2024-06-16 08:24:57	797	1355	1	0	0	4.75	20	0	0	0	20	0	0	3	20	0	0	0	20	0	0	1.515		100.008	83.6421	0.126102	0	1.26091	0.170743	13.8645	1		0.0088623	12.0705	44.7951	0	0	0	
2024-06-16 08:16:02	736	1356	1	0	0	6	25	0	0	0	25	0	0	3	25	0	0	0	25	0	0	2.598		100.005	84.4434	0.0771688	0	0.771653	0.185753	14.5453	1		0	12.0705	44.925	0	0	0	
2024-06-16 08:09:20	690	1357	1	0	0	2	9	0	0	0	9	0	0	2.25	9	0	0	0	9	0	0	0.216		100.01	86.0401	0.746641	0	7.46567	0.270196	11.7271	1		0.0088623	12.0705	46.4844	0	0	0	
2024-06-16 08:18:29	752	1358	1	0	0	7	29	0	0	0	29	0	0	0.5	29	0	0	0	29	0	0	5.628		100.006	84.5928	0.044204	0	0.442012	0.469694	18.0521	1		0.0088623	12.0705	44.7951	0	0	0	
2024-06-16 08:05:26	664	1359	1	0	0	0	1	0	0	0	1	0	0	3.5	1	0	0	0	1	0	0	3.031		100.016	90.4114	0.0687134	0	0.687026	0.820732	15.1085	2		0.0088623	12.0705	49.0833	0	0	0	
2024-06-16 08:26:29	808	1360	1	0	0	1.75	8	0	0	0	8	0	0	0	8	0	0	0	8	0	0	1.515		100.008	83.287	0.121561	0	1.21551	0.101988	13.3652	1		0	12.0705	44.7951	0	0	0	
2024-06-16 08:16:02	736	1361	5	0	0	6	25	0	0	0	25	0	0	7	25	0	0	0	25	0	0	0.866		100.005	84.4434	0.256526	0	2.56514	0.305675	16.1173	1		0	12.0705	44.925	0	0	0	
2024-06-16 08:25:38	802	1362	1	0	0	6.5	27	0	0	0	27	0	0	1.25	27	0	0	0	27	0	0	4.546		100.01	85.6131	0.0547967	0	0.547913	0.491706	18.0739	1		0	12.0705	44.925	0	0	0	
2024-06-16 08:20:57	769	1363	1	0	0	7.75	32	0	0	0	32	0	0	1.25	32	0	0	0	32	0	0	5.628		100.003	84.1349	0.0390477	0	0.390465	0.1005	15.9468	1		0.0088623	12.0616	44.7951	0	0	0	
2024-06-16 08:13:51	721	1364	5	0	0	5	21	0	0	0	21	0	0	5.5	21	0	0	0	21	0	0	0.433		100.006	85.922	0.487483	0	4.87453	0.578463	15.3138	1		0.0088623	12.0705	45.1849	0	0	0	
2024-06-16 08:14:36	726	1365	5	0	0	5	21	0	0	0	21	0	0	4.25	21	0	0	0	21	0	0	0.649		100.011	85.1871	0.328716	0	3.28681	0.362679	15.4887	1		0	12.0616	45.055	0	0	0	
2024-06-16 08:11:17	703	1366	1	0	0	3	13	0	0	0	13	0	0	1	13	0	0	0	13	0	0	1.732		100.007	86.876	0.105407	0	1.054	0.0027891	13.245	1		0.0088623	12.0705	45.7047	0	0	0	
2024-06-16 08:08:17	683	1367	1	0	0	1	5	0	0	0	5	0	0	2	5	0	0	0	5	0	0	0.866		100.016	88.2301	0.218915	0	2.18879	0.170239	13.7526	1		0	12.0705	46.8742	0	0	0	
2024-06-16 08:22:03	777	1368	9	0	0	1.75	8	0	0	0	8	0	0	6	8	0	0	0	8	0	0	3.68		100.003	85.3894	0.0603299	0	0.603281	0.213552	16.1097	1		0	12.0616	44.6651	0	0	0	
2024-06-16 08:12:35	712	1369	1	0	0	4	17	0	0	0	17	0	0	2.25	17	0	0	0	17	0	0	1.515		100.012	85.3998	0.12366	0	1.23645	0.204982	13.5955	1		0	12.0705	45.3149	0	0	0	
2024-06-16 08:19:54	762	1370	9	0	0	7.75	32	0	0	0	32	0	0	6	32	0	0	0	32	0	0	1.515		100.014	86.378	0.13173	0	1.31712	0.0441736	14.4825	1		0	12.0616	44.7951	0	0	0	
2024-06-16 08:19:54	762	1371	5	0	0	7.75	32	0	0	0	32	0	0	4.75	32	0	0	0	32	0	0	2.598		100.014	86.378	0.0733567	0	0.733467	0.093443	13.8255	1		0	12.0616	44.7951	0	0	0	
2024-06-16 08:16:28	739	1372	1	0	0	6	25	0	0	0	25	0	0	2	25	0	0	0	25	0	0	3.464		100.006	84.0382	0.0638048	0	0.63801	0.495671	16.0349	2		0	12.0705	44.7951	0	0	0	
2024-06-16 08:12:08	709	1373	9	0	0	4	17	0	0	0	17	0	0	5.5	17	0	0	0	17	0	0	1.299		100.011	85.5838	0.159188	0	1.5917	0.0803048	15.0014	1		0	12.0705	45.5748	0	0	0	
2024-06-16 08:12:51	714	1374	5	0	0	4	17	0	0	0	17	0	0	4.25	17	0	0	0	17	0	0	0.216		100.015	88.0792	0.844157	0	8.44031	0.074749	13.258	1		0.0088623	12.0616	45.3149	0	0	0	
2024-06-16 08:06:38	672	1375	1	0	0	0	1	0	0	0	1	0	0	1.75	1	0	0	0	1	0	0	1.515		100.021	89.2957	0.121599	0	1.21573	0.133331	13.3677	1		0	12.0705	47.9138	0	0	0	
2024-06-16 08:27:44	817	1376	1	0	0	3.75	16	0	0	4	16	0	0	3.5	16	0	0	4.25	16	0	0	0.13		100.015	18.2604	0.59244	0	5.92349	0.0617598	9.30459	1		0.0088623	12.0705	44.925	0	0	0	
2024-06-16 08:11:42	706	1377	1	0	0	3	13	0	0	0	13	0	0	2.75	13	0	0	0	13	0	0	0.216		100.009	87.2358	0.742473	0	7.42408	0.380047	11.6617	1		0	12.0705	45.5748	0	0	0	
2024-06-16 08:09:03	688	1378	5	0	0	2	9	0	0	0	9	0	0	6	9	0	0	0	9	0	0	3.464		100.016	86.934	0.064275	0	0.642646	0.140414	16.1515	1		0.0088623	12.0705	46.6143	0	0	0	
2024-06-16 08:08:33	685	1379	1	0	0	2	9	0	0	0	9	0	0	4.75	9	0	0	0	9	0	0	2.381		100.017	88.4946	0.0826942	0	0.8268	0.137066	14.2861	1		0.0088623	12.0705	46.8742	0	0	0	
2024-06-16 08:18:12	750	1380	5	0	0	7	29	0	0	0	29	0	0	5	29	0	0	0	29	0	0	1.732		100.005	83.8612	0.114277	0	1.14272	0.0493445	14.3599	1		0	12.0705	44.7951	0	0	0	
2024-06-16 08:18:03	749	1381	1	0	0	7	29	0	0	0	29	0	0	3.75	29	0	0	0	29	0	0	2.814		100.009	83.0457	0.070945	0	0.709389	0.163772	14.486	1		0	12.0705	44.7951	0	0	0	
2024-06-16 08:08:24	684	1382	1	0	0	1	5	0	0	0	5	0	0	3.25	5	0	0	0	5	0	0	1.948		100.021	89.9998	0.09394	0	0.939205	0.104699	13.2777	1		0.0088623	11.9464	47.0042	0	0	0	
2024-06-16 08:21:39	774	1383	9	0	0	2.75	12	0	0	0	12	0	0	5	12	0	0	0	12	0	0	1.948		100.003	83.0189	0.0965087	0	0.965054	0.0619197	13.6431	1		0.0088623	12.0705	44.7951	0	0	0	
2024-06-16 08:14:18	724	1384	1	0	0	5	21	0	0	0	21	0	0	1.75	21	0	0	0	21	0	0	2.814		100.01	84.683	0.0733942	0	0.73387	0.138273	14.9859	1		0.0088623	12.0705	45.1849	0	0	0	
2024-06-16 08:09:11	689	1385	1	0	0	2	9	0	0	0	9	0	0	1.5	9	0	0	0	9	0	0	0.433		100.016	86.9027	0.447072	0	4.47003	0.221885	14.043	1		0.0088623	12.0705	46.6143	0	0	0	
2024-06-16 08:06:21	670	1386	5	0	0	0	1	0	0	0	1	0	0	2.75	1	0	0	0	1	0	0	2.381		100.022	89.3265	0.109663	0	1.09639	0.559188	18.9442	1		0.0088623	12.0705	48.1737	0	0	0	
2024-06-16 08:21:31	773	1387	9	0	0	3.25	14	0	0	0	14	0	0	4.5	14	0	0	0	14	0	0	1.082		100.005	84.221	0.184111	0	1.84102	0.168137	14.4594	1		0	12.0705	44.7951	0	0	0	
2024-06-16 08:10:43	699	1388	5	0	0	3	13	0	0	0	13	0	0	6.75	13	0	0	0	13	0	0	3.247		100.011	86.4773	0.0643494	0	0.643424	0.245423	15.1603	1		0.0088623	12.0705	45.8346	0	0	0	
2024-06-16 08:07:04	675	1389	5	0	0	1	5	0	0	0	5	0	0	7.25	5	0	0	0	5	0	0	5.412		100.022	87.1353	0.0569043	0	0.568916	0.293138	22.3413	2		0.0088623	12.0705	47.6539	0	0	0	
2024-06-16 08:16:02	736	1390	9	0	0	6	25	0	0	0	25	0	0	7.5	25	0	0	0	25	0	0	1.299		100.005	84.4434	0.157275	0	1.57268	0.194681	14.8222	1		0	12.0705	44.925	0	0	0	
2024-06-16 08:15:44	734	1391	9	0	0	6	25	0	0	0	25	0	0	6.25	25	0	0	0	25	0	0	0.216		100.004	84.598	0.826822	0	8.26785	0.470662	12.9871	1		0.0088623	12.0705	45.055	0	0	0	
2024-06-16 08:20:29	766	1392	5	0	0	7.75	32	0	0	0	32	0	0	0.5	32	0	0	0	32	0	0	6.278		100.01	87.0901	0.0365214	0	0.365177	0.251325	16.6349	1		0	12.0616	44.7951	0	0	0	
2024-06-16 08:15:19	731	1393	1	0	0	5	21	0	0	0	21	0	0	3.5	21	0	0	0	21	0	0	1.299		100.008	86.4358	0.149185	0	1.49173	0.23451	14.0592	1		0	12.0705	44.925	0	0	0	
2024-06-16 08:11:25	704	1394	1	0	0	3	13	0	0	0	13	0	0	0.25	13	0	0	0	13	0	0	2.381		100.011	89.0534	0.0777073	0	0.776984	0.0225882	13.4253	1		0.0088623	12.0616	45.8346	0	0	0	
2024-06-16 08:07:59	681	1395	1	0	0	1	5	0	0	0	5	0	0	1.25	5	0	0	0	5	0	0	0.216		100.02	90.1564	0.74177	0	7.41618	0.218175	11.6493	1		0.0088623	11.9464	47.1341	0	0	0	
2024-06-16 08:12:51	714	1396	1	0	0	4	17	0	0	0	17	0	0	1.5	17	0	0	0	17	0	0	2.165		100.015	88.0792	0.0856642	0	0.856515	0.114275	13.4541	1		0.0088623	12.0616	45.3149	0	0	0	
2024-06-16 08:22:12	778	1397	9	0	0	1.5	7	0	0	0	7	0	0	6.25	7	0	0	0	7	0	0	4.113		100.005	81.6114	0.055122	0	0.551192	0.400835	16.4504	2		0.0088623	12.0705	44.7951	0	0	0	
2024-06-16 08:19:29	759	1398	1	0	0	7.75	32	0	0	0	32	0	0	5.25	32	0	0	0	32	0	0	2.165		100.008	84.7786	0.0879799	0	0.879727	0.189067	13.8187	1		0.0088623	12.0705	44.7951	0	0	0	
2024-06-16 08:20:21	765	1399	5	0	0	7.75	32	0	0	0	32	0	0	4	32	0	0	0	32	0	0	3.247		100.007	84.569	0.0591466	0	0.591422	0.0591445	13.9351	1		0	12.0705	44.7951	0	0	0	
2024-06-16 08:16:49	741	1400	1	0	0	6	25	0	0	0	25	0	0	1.25	25	0	0	0	25	0	0	4.113		100.008	84.1651	0.058274	0	0.582695	0.215773	17.3906	1		0	12.0705	44.7951	0	0	0	
2024-06-16 08:13:25	718	1401	5	0	0	4	17	0	0	0	17	0	0	3.5	17	0	0	0	17	0	0	0.433		100.007	85.8317	0.497684	0	4.9765	0.340241	15.6342	1		0.0088623	12.0616	45.1849	0	0	0	
2024-06-16 08:06:12	669	1402	1	0	0	0	1	0	0	0	1	0	0	1	1	0	0	0	1	0	0	0.866		100.019	89.7912	0.225812	0	2.25768	0.118889	14.1854	1		0.0088623	12.0705	48.3036	0	0	0	
2024-06-16 08:08:42	686	1403	9	0	0	2	9	0	0	0	9	0	0	5.25	9	0	0	0	9	0	0	2.814		100.012	86.4793	0.0771309	0	0.771213	0.17508	15.7484	2		0.0088623	12.0705	46.7443	0	0	0	
2024-06-16 08:09:11	689	1404	9	0	0	2	9	0	0	0	9	0	0	4	9	0	0	0	9	0	0	1.732		100.016	86.9027	0.108795	0	1.08778	0.0979899	13.6695	1		0.0088623	12.0705	46.6143	0	0	0	
2024-06-16 08:26:46	810	1405	1	0	0	3.5	15	0	0	0	15	0	0	2.25	15	0	0	0	15	0	0	1.082		100.007	81.8499	0.178066	0	1.78054	0.204933	13.9843	1		0	12.0705	44.7951	0	0	0	
2024-06-16 08:18:55	755	1406	5	0	0	7	29	0	0	0	29	0	0	3	29	0	0	0	29	0	0	3.464		100.003	84.8759	0.0589267	0	0.589246	0.0464718	14.8094	1		0.0088623	12.0705	44.7951	0	0	0	
2024-06-16 08:07:59	681	1407	5	0	0	1	5	0	0	0	5	0	0	2.5	5	0	0	0	5	0	0	1.299		100.02	90.1564	0.143643	0	1.43613	0.211503	13.5352	1		0.0088623	11.9464	47.1341	0	0	0	
2024-06-16 08:06:03	668	1408	9	0	0	0	1	0	0	0	1	0	0	6.75	1	0	0	0	1	0	0	5.845		100.019	90.0218	0.040834	0	0.408262	0.294447	17.315	1		0	12.0705	48.4336	0	0	0	
2024-06-16 08:23:24	786	1409	1	0	0	2.75	12	0	0	0	12	0	0	3	12	0	0	0	12	0	0	0.216		100.007	83.6526	0.745652	0	7.45597	0.439683	11.7118	1		0	12.0705	44.6651	0	0	0	
2024-06-16 08:14:36	726	1410	1	0	0	5	21	0	0	0	21	0	0	1	21	0	0	0	21	0	0	3.464		100.011	85.1871	0.0620816	0	0.62075	0.0178385	15.6012	1		0	12.0616	45.055	0	0	0	
2024-06-16 08:29:03	826	1411	1	0	0	0.5	3	0	0	7.25	3	0	0	2.75	3	0	0	5	3	0	0	1.168		100.016	20.2611	0.0806058	0	0.805928	0.13909	11.3935	2		0.0088623	12.0705	44.7951	0	0	0	
2024-06-16 08:24:14	792	1412	9	0	0	6.75	28	0	0	0	28	0	0	7	28	0	0	0	28	0	0	0.216		100.008	82.7747	0.792281	0	7.92221	0.538819	12.4442	1		0.0088623	12.0705	44.7951	0	0	0	
2024-06-16 08:10:13	696	1413	1	0	0	2	9	0	0	0	9	0	0	0.75	9	0	0	0	9	0	0	1.082		100.011	86.4326	0.171249	0	1.71231	0.0685516	13.4485	1		0	12.0705	46.0945	0	0	0	
2024-06-16 08:10:21	697	1414	9	0	0	3	13	0	0	0	13	0	0	6	13	0	0	0	13	0	0	2.598		100.008	87.2073	0.0781373	0	0.781309	0.122813	14.7273	1		0.0088623	12.0705	46.0945	0	0	0	
2024-06-16 08:10:30	698	1415	9	0	0	3	13	0	0	0	13	0	0	4.75	13	0	0	0	13	0	0	1.515		100.01	85.9619	0.127343	0	1.27331	0.0155629	14.0008	2		0.0088623	12.0616	46.0945	0	0	0	
2024-06-16 08:07:34	678	1416	5	0	0	1	5	0	0	0	5	0	0	7.75	5	0	0	0	5	0	0	5.845		100.019	88.0484	0.0389652	0	0.389577	0.0875908	16.5225	1		0	12.0705	47.394	0	0	0	
2024-06-16 08:06:47	673	1417	5	0	0	1	5	0	0	0	5	0	0	6.5	5	0	0	0	5	0	0	4.762		100.019	88.8708	0.051177	0	0.511675	0.300649	17.6822	1		0	12.0616	47.9138	0	0	0	
2024-06-16 08:16:18	738	1418	1	0	0	6	25	0	0	0	25	0	0	5.5	25	0	0	0	25	0	0	0.433		100.011	86.9914	0.496612	0	4.96559	0.5361	15.5999	1		0	12.0705	44.7951	0	0	0	
2024-06-16 08:15:36	733	1419	9	0	0	6	25	0	0	0	25	0	0	4.25	25	0	0	0	25	0	0	1.515		100.008	84.8554	0.133472	0	1.33462	0.353085	14.6749	1		0.0088623	12.0705	44.7951	0	0	0	
2024-06-16 08:15:28	732	1420	5	0	0	5	21	0	0	0	21	0	0	2.75	21	0	0	0	21	0	0	1.948		100.009	85.2456	0.0962647	0	0.962558	0.118811	13.6078	1		0.0088623	12.0616	45.055	0	0	0	
2024-06-16 08:07:16	676	1421	1	0	0	1	5	0	0	0	5	0	0	0.5	5	0	0	0	5	0	0	0.433		100.022	87.4415	0.46774	0	4.67638	0.296531	14.6913	1		0.0088623	12.0705	47.5239	0	0	0	
2024-06-16 08:13:16	717	1422	1	0	0	4	17	0	0	0	17	0	0	0.75	17	0	0	0	17	0	0	2.814		100.014	87.9163	0.0691137	0	0.691041	0.105396	14.1113	1		0	12.0705	45.1849	0	0	0	
2024-06-16 08:19:47	761	1423	1	0	0	7.75	32	0	0	0	32	0	0	3.25	32	0	0	0	32	0	0	3.897		100.01	83.9727	0.0501606	0	0.501554	0.116744	14.1811	1		0	12.0705	44.6651	0	0	0	
2024-06-16 08:28:17	821	1424	1	0	0	2.75	12	0	0	5	12	0	0	0.5	12	0	0	7.25	12	0	0	1.168		100.013	19.9069	0.079714	0	0.797035	0.266887	11.2678	1		0.0088623	12.0705	44.7951	0	0	0	
2024-06-16 08:22:24	779	1425	9	0	0	1.25	6	0	0	0	6	0	0	6.5	6	0	0	0	6	0	0	4.546		100.003	82.7292	0.0516134	0	0.516117	0.385923	17.025	1		0	12.0705	44.7951	0	0	0	
2024-06-16 08:15:36	733	1426	1	0	0	6	25	0	0	0	25	0	0	0.5	25	0	0	0	25	0	0	4.762		100.008	84.8554	0.0556327	0	0.556285	0.0269237	19.2238	1		0.0088623	12.0705	44.7951	0	0	0	
2024-06-16 08:12:16	710	1427	1	0	0	4	17	0	0	0	17	0	0	2.75	17	0	0	0	17	0	0	1.082		100.01	85.548	0.181516	0	1.81497	0.20434	14.2548	1		0	12.0705	45.4448	0	0	0	
2024-06-16 08:06:29	671	1428	5	0	0	0	1	0	0	0	1	0	0	0.25	1	0	0	0	1	0	0	0.216		100.017	89.9236	0.74681	0	7.46679	0.1488	11.7288	1		0.0088623	12.0705	47.9138	0	0	0	
2024-06-16 08:09:47	693	1429	1	0	0	2	9	0	0	0	9	0	0	3.25	9	0	0	0	9	0	0	1.082		100.013	87.1174	0.178604	0	1.7858	0.187169	14.0256	1		0.0088623	12.0705	46.2245	0	0	0	
2024-06-16 08:19:11	757	1430	5	0	0	7	29	0	0	0	29	0	0	1.75	29	0	0	0	29	0	0	4.546		100.011	86.755	0.0509181	0	0.509126	0.268035	16.7944	1		0	12.0616	44.7951	0	0	0	
2024-06-16 08:05:47	666	1431	9	0	0	0	1	0	0	0	1	0	0	6	1	0	0	0	1	0	0	5.195		100.023	89.7082	0.0492506	0	0.492395	0.0624922	18.5629	1		0.0088623	12.0705	48.6935	0	0	0	
2024-06-16 08:05:19	663	1432	5	0	0	0	1	0	0	0	1	0	0	4.75	1	0	0	0	1	0	0	4.113		100.017	89.828	0.0523968	0	0.52388	0.241155	15.6353	1		0	12.0705	49.2132	0	0	0	
2024-06-16 08:25:54	804	1433	1	0	0	7.25	30	0	0	0	30	0	0	0.5	30	0	0	0	30	0	0	5.845		100.012	85.9104	0.0490099	0	0.490041	0.632793	20.7834	1		0	12.0616	44.6651	0	0	0	
2024-06-16 08:14:52	728	1434	1	0	0	5	21	0	0	0	21	0	0	0.25	21	0	0	0	21	0	0	4.113		100.012	88.0216	0.0517692	0	0.517631	0.19283	15.4488	1		0.0088623	12.0616	45.1849	0	0	0	
2024-06-16 08:14:18	724	1435	5	0	0	5	21	0	0	0	21	0	0	6.75	21	0	0	0	21	0	0	1.515		100.01	84.683	0.137094	0	1.37081	0.0778325	15.0728	1		0.0088623	12.0705	45.1849	0	0	0	
2024-06-16 08:11:42	706	1436	5	0	0	3	13	0	0	0	13	0	0	2.25	13	0	0	0	13	0	0	0.649		100.009	87.2358	0.309863	0	3.09836	0.298921	14.6007	1		0	12.0705	45.5748	0	0	0	
2024-06-16 08:09:55	694	1437	5	0	0	2	9	0	0	0	9	0	0	0	9	0	0	0	9	0	0	1.732		100.01	86.9973	0.124964	0	1.24952	0.223365	15.7019	1		0	12.0616	46.2245	0	0	0	
2024-06-16 08:24:22	793	1438	9	0	0	6.5	27	0	0	0	27	0	0	7.25	27	0	0	0	27	0	0	0.649		100.013	85.4075	0.334791	0	3.34746	0.245824	15.7745	1		0	12.0616	44.925	0	0	0	
2024-06-16 08:19:47	761	1439	5	0	0	7.75	32	0	0	0	32	0	0	7.25	32	0	0	0	32	0	0	0.433		100.01	83.9727	0.474952	0	4.74902	0.816813	14.9195	1		0	12.0705	44.6651	0	0	0	
2024-06-16 08:26:03	805	1440	1	0	0	7.5	31	0	0	0	31	0	0	0.25	31	0	0	0	31	0	0	6.278		100.009	83.8224	0.036367	0	0.363638	0.188785	16.5648	1		0	12.0705	44.6651	0	0	0	
2024-06-16 08:22:59	783	1441	1	0	0	0.75	4	0	0	0	4	0	0	1	4	0	0	0	4	0	0	0.216		100.007	86.2925	0.754353	0	7.54303	0.298641	11.8486	1		0.0088623	12.0616	44.7951	0	0	0	
2024-06-16 08:25:13	799	1442	1	0	0	5.5	23	0	0	0	23	0	0	2.25	23	0	0	0	23	0	0	2.814		100.009	85.5683	0.0828522	0	0.828449	0.232342	16.9172	1		0.0088623	12.0616	44.6651	0	0	0	
2024-06-16 08:12:43	713	1443	5	0	0	4	17	0	0	0	17	0	0	6.75	17	0	0	0	17	0	0	2.381		100.006	85.2455	0.0843572	0	0.843522	0.0387657	14.575	1		0.0088623	12.0616	45.3149	0	0	0	
2024-06-16 08:10:51	700	1444	9	0	0	3	13	0	0	0	13	0	0	5.25	13	0	0	0	13	0	0	1.948		100.013	86.6014	0.0993451	0	0.993321	0.0313523	14.0428	1		0	12.0705	45.8346	0	0	0	
2024-06-16 08:11:25	704	1445	9	0	0	3	13	0	0	0	13	0	0	4	13	0	0	0	13	0	0	0.866		100.011	89.0534	0.237991	0	2.37964	0.230206	14.9517	1		0.0088623	12.0616	45.8346	0	0	0	
2024-06-16 08:09:29	691	1446	9	0	0	2	9	0	0	0	9	0	0	7.25	9	0	0	0	9	0	0	4.546		100.012	86.7079	0.0538684	0	0.53862	0.0349435	17.7673	1		0.0088623	12.0705	46.3544	0	0	0	
2024-06-16 08:18:03	749	1447	5	0	0	7	29	0	0	0	29	0	0	7.5	29	0	0	0	29	0	0	0.433		100.009	83.0457	0.467601	0	4.67561	0.432219	14.6889	1		0	12.0705	44.7951	0	0	0	
2024-06-16 08:18:20	751	1448	9	0	0	7	29	0	0	0	29	0	0	6.25	29	0	0	0	29	0	0	0.649		100.011	86.2877	0.338198	0	3.38161	0.481043	15.9355	1		0.0088623	12.0616	44.7951	0	0	0	
2024-06-16 08:07:25	677	1449	5	0	0	1	5	0	0	0	5	0	0	5.75	5	0	0	0	5	0	0	4.113		100.02	87.9856	0.0527076	0	0.52697	0.232752	15.7275	1		0.0088623	12.0705	47.394	0	0	0	
2024-06-16 08:07:52	680	1450	5	0	0	1	5	0	0	0	5	0	0	4.5	5	0	0	0	5	0	0	3.031		100.015	87.2144	0.0691269	0	0.691163	0.26686	15.1995	1		0	12.0705	47.264	0	0	0	
2024-06-16 08:15:44	734	1451	1	0	0	6	25	0	0	0	25	0	0	3.5	25	0	0	0	25	0	0	2.165		100.004	84.598	0.0890674	0	0.890635	0.135118	13.9901	1		0.0088623	12.0705	45.055	0	0	0	
2024-06-16 08:13:43	720	1452	5	0	0	4	17	0	0	0	17	0	0	0	17	0	0	0	17	0	0	3.464		100.008	84.6942	0.0602808	0	0.602762	0.254644	15.1491	1		0.0088623	12.0705	45.1849	0	0	0	
2024-06-16 08:20:38	767	1453	5	0	0	7.75	32	0	0	0	32	0	0	2.5	32	0	0	0	32	0	0	4.546		100.006	84.6417	0.0454713	0	0.454688	0.241804	14.9987	1		0.0088623	12.0705	44.6651	0	0	0	
2024-06-16 08:08:54	687	1454	1	0	0	2	9	0	0	0	9	0	0	2.5	9	0	0	0	9	0	0	0.433		100.01	86.821	0.448932	0	4.48889	0.210869	14.1023	1		0.0088623	12.0705	46.6143	0	0	0	
2024-06-16 08:18:55	755	1455	1	0	0	7	29	0	0	0	29	0	0	1	29	0	0	0	29	0	0	5.195		100.003	84.8759	0.046143	0	0.461414	0.16525	17.3949	1		0.0088623	12.0705	44.7951	0	0	0	
2024-06-16 08:05:39	665	1456	9	0	0	0	1	0	0	0	1	0	0	5.25	1	0	0	0	1	0	0	4.546		100.021	89.8448	0.0507278	0	0.507173	0.0146479	16.73	1		0.0088623	12.0705	48.8234	0	0	0	
2024-06-16 08:04:54	661	1457	9	0	0	0	1	0	0	0	1	0	0	4	1	0	0	0	1	0	0	3.464		100.016	88.8892	0.0602336	0	0.602239	0.424065	15.1359	1		0.0088623	12.0793	49.4731	0	0	0	
2024-06-16 08:21:05	770	1458	1	0	0	7.75	32	0	0	0	32	0	0	1.75	32	0	0	0	32	0	0	5.195		100.01	86.2147	0.0412383	0	0.412344	0.320131	15.545	1		0.0088623	12.0705	44.7951	0	0	0	
2024-06-16 08:14:09	723	1459	5	0	0	5	21	0	0	0	21	0	0	6	21	0	0	0	21	0	0	0.866		100.007	85.5745	0.248869	0	2.48852	0.349545	15.6358	1		0.0088623	12.0616	45.1849	0	0	0	
2024-06-16 08:14:01	722	1460	9	0	0	5	21	0	0	0	21	0	0	4.75	21	0	0	0	21	0	0	0.216		100.005	85.8387	0.770769	0	7.70732	0.416744	12.1066	1		0	12.0705	45.055	0	0	0	
2024-06-16 08:11:51	707	1461	5	0	0	3	13	0	0	0	13	0	0	1.5	13	0	0	0	13	0	0	1.299		100.013	86.9396	0.141986	0	1.41968	0.154015	13.3802	1		0.0088623	12.0705	45.5748	0	0	0	
2024-06-16 08:19:29	759	1462	5	0	0	7.75	32	0	0	0	32	0	0	6.5	32	0	0	0	32	0	0	1.082		100.008	84.7786	0.192219	0	1.92203	0.292947	15.0956	1		0.0088623	12.0705	44.7951	0	0	0	
2024-06-16 08:21:54	776	1463	9	0	0	2.25	10	0	0	0	10	0	0	5.5	10	0	0	0	10	0	0	2.814		100.007	86.8721	0.0792551	0	0.792495	0.236492	16.183	1		0.0088623	12.0616	44.7951	0	0	0	
2024-06-16 08:28:08	820	1464	1	0	0	3	13	0	0	4.75	13	0	0	1.25	13	0	0	6.5	13	0	0	0.908		100.021	20.1889	0.104578	0	1.04556	0.325129	11.4965	1		0.0088623	12.0705	44.925	0	0	0	
2024-06-16 08:12:26	711	1465	5	0	0	4	17	0	0	0	17	0	0	6	17	0	0	0	17	0	0	1.732		100.009	86.1394	0.11493	0	1.14919	0.163465	14.4411	1		0.0088623	12.0705	45.3149	0	0	0	
2024-06-16 08:12:16	710	1466	9	0	0	4	17	0	0	0	17	0	0	4.75	17	0	0	0	17	0	0	0.649		100.01	85.548	0.345177	0	3.45141	0.245408	16.2644	1		0	12.0705	45.4448	0	0	0	
2024-06-16 08:05:54	667	1467	1	0	0	0	1	0	0	0	1	0	0	2.25	1	0	0	0	1	0	0	1.948		100.026	92.6102	0.104764	0	1.04736	0.0779483	14.8068	1		0.0088623	12.0616	48.4336	0	0	0	
2024-06-16 08:27:59	819	1468	1	0	0	3.25	14	0	0	4.5	14	0	0	2	14	0	0	5.75	14	0	0	0.649		100.017	20.0278	0.177562	0	1.77531	0.474751	13.9433	1		0	12.0705	44.6651	0	0	0	
2024-06-16 08:10:21	697	1469	1	0	0	3	13	0	0	0	13	0	0	3.25	13	0	0	0	13	0	0	0.216		100.008	87.2073	0.763644	0	7.63581	0.52381	11.9943	1		0.0088623	12.0705	46.0945	0	0	0	
2024-06-16 08:09:38	692	1470	5	0	0	2	9	0	0	0	9	0	0	7.75	9	0	0	0	9	0	0	4.979		100.011	86.8876	0.0431872	0	0.431823	0.148218	15.601	1		0	12.0705	46.0945	0	0	0	
2024-06-16 08:09:29	691	1471	5	0	0	2	9	0	0	0	9	0	0	6.5	9	0	0	0	9	0	0	3.897		100.012	86.7079	0.055258	0	0.552516	0.0921268	15.622	1		0.0088623	12.0705	46.3544	0	0	0	
2024-06-16 08:17:42	747	1472	9	0	0	7	29	0	0	0	29	0	0	5.5	29	0	0	0	29	0	0	1.299		100.008	84.2072	0.157917	0	1.57904	0.342873	14.8821	1		0.0088623	12.0705	44.7951	0	0	0	
2024-06-16 08:17:34	746	1473	9	0	0	7	29	0	0	0	29	0	0	4.25	29	0	0	0	29	0	0	2.381		100.007	84.9164	0.083333	0	0.833269	0.32985	14.3978	1		0	12.0705	44.6651	0	0	0	
2024-06-16 08:07:25	677	1474	9	0	0	1	5	0	0	0	5	0	0	5	5	0	0	0	5	0	0	3.464		100.02	87.9856	0.0625063	0	0.624937	0.132856	15.7064	1		0.0088623	12.0705	47.394	0	0	0	
2024-06-16 08:08:08	682	1475	1	0	0	1	5	0	0	0	5	0	0	3.75	5	0	0	0	5	0	0	2.381		100.02	90.5452	0.0806487	0	0.806327	0.194488	13.9323	1		0	12.0616	47.1341	0	0	0	
2024-06-16 08:17:06	743	1476	5	0	0	6	25	0	0	0	25	0	0	2.75	25	0	0	0	25	0	0	2.814		100.002	84.7987	0.0711079	0	0.711063	0.0711223	14.5202	1		0.0088623	12.0616	44.925	0	0	0	
2024-06-16 08:14:09	723	1477	1	0	0	5	21	0	0	0	21	0	0	2.25	21	0	0	0	21	0	0	2.381		100.007	85.5745	0.080336	0	0.803303	0.0961434	13.8801	1		0.0088623	12.0616	45.1849	0	0	0	
2024-06-16 08:19:11	757	1478	1	0	0	7	29	0	0	0	29	0	0	0.25	29	0	0	0	29	0	0	5.845		100.011	86.755	0.0407406	0	0.407362	0.0790004	17.2768	1		0	12.0616	44.7951	0	0	0	
2024-06-16 08:05:47	666	1479	1	0	0	0	1	0	0	0	1	0	0	3.25	1	0	0	0	1	0	0	2.814		100.023	89.7082	0.0694445	0	0.694289	0.0562855	14.1776	1		0.0088623	12.0705	48.6935	0	0	0	
2024-06-16 08:10:59	701	1480	5	0	0	3	13	0	0	0	13	0	0	7.25	13	0	0	0	13	0	0	3.68		100.011	86.6518	0.0659008	0	0.658933	0.692101	17.5958	1		0	12.0705	45.7047	0	0	0	
2024-06-16 08:15:44	734	1481	5	0	0	6	25	0	0	0	25	0	0	6.75	25	0	0	0	25	0	0	0.649		100.004	84.598	0.353328	0	3.53312	0.390361	16.6494	1		0.0088623	12.0705	45.055	0	0	0	
2024-06-16 08:21:13	771	1482	9	0	0	3.75	16	0	0	0	16	0	0	4	16	0	0	0	16	0	0	0.216		100.009	86.4118	0.829924	0	8.29853	0.502038	13.0353	1		0.0088623	12.0705	44.7951	0	0	0	
2024-06-16 08:20:12	764	1483	1	0	0	7.75	32	0	0	0	32	0	0	1	32	0	0	0	32	0	0	5.845		100.008	86.5251	0.0377855	0	0.377825	0.0110467	16.0241	1		0	12.0616	44.7951	0	0	0	
2024-06-16 08:13:51	721	1484	9	0	0	5	21	0	0	0	21	0	0	5.25	21	0	0	0	21	0	0	0.216		100.006	85.922	0.78652	0	7.86471	0.547755	12.3539	1		0.0088623	12.0705	45.1849	0	0	0	
2024-06-16 08:14:52	728	1485	5	0	0	5	21	0	0	0	21	0	0	4	21	0	0	0	21	0	0	0.866		100.012	88.0216	0.244741	0	2.44712	0.21981	15.3757	1		0.0088623	12.0616	45.1849	0	0	0	
2024-06-16 08:11:33	705	1486	5	0	0	3	13	0	0	0	13	0	0	0.75	13	0	0	0	13	0	0	1.948		100.012	89.3842	0.0939272	0	0.939157	0.110391	13.277	1		0.0088623	12.0705	45.7047	0	0	0	
2024-06-16 08:07:25	677	1487	1	0	0	1	5	0	0	0	5	0	0	1.75	5	0	0	0	5	0	0	0.649		100.02	87.9856	0.306658	0	3.06597	0.194731	14.448	1		0.0088623	12.0705	47.394	0	0	0	
2024-06-16 08:13:16	717	1488	5	0	0	4	17	0	0	0	17	0	0	2	17	0	0	0	17	0	0	1.732		100.014	87.9163	0.108144	0	1.08129	0.023234	13.5879	1		0	12.0705	45.1849	0	0	0	
2024-06-16 08:19:47	761	1489	9	0	0	7.75	32	0	0	0	32	0	0	5.75	32	0	0	0	32	0	0	1.732		100.01	83.9727	0.113222	0	1.1321	0.184149	14.2264	1		0	12.0705	44.6651	0	0	0	
2024-06-16 08:20:12	764	1490	5	0	0	7.75	32	0	0	0	32	0	0	4.5	32	0	0	0	32	0	0	2.814		100.008	86.5251	0.067731	0	0.677256	0.0863752	13.8298	1		0	12.0616	44.7951	0	0	0	
2024-06-16 08:23:41	788	1491	1	0	0	2.25	10	0	0	0	10	0	0	3.5	10	0	0	0	10	0	0	1.082		100.005	83.4488	0.178123	0	1.78114	0.19904	13.9891	1		0.0088623	12.0705	44.7951	0	0	0	
2024-06-16 08:22:50	782	1492	9	0	0	0.25	2	0	0	0	2	0	0	7.5	2	0	0	0	2	0	0	6.278		100.008	85.3886	0.0378016	0	0.377985	0.331326	17.2184	1		0	12.0616	44.7951	0	0	0	
2024-06-16 08:15:53	735	1493	1	0	0	6	25	0	0	0	25	0	0	1.75	25	0	0	0	25	0	0	3.68		99.998	84.8608	0.0639432	0	0.639444	0.324066	17.0754	1		0	12.0616	44.925	0	0	0	
2024-06-16 08:12:08	709	1494	5	0	0	4	17	0	0	0	17	0	0	5.25	17	0	0	0	17	0	0	1.082		100.011	85.5838	0.194289	0	1.94268	0.315128	15.2578	1		0	12.0705	45.5748	0	0	0	
2024-06-16 08:06:12	669	1495	5	0	0	0	1	0	0	0	1	0	0	1.5	1	0	0	0	1	0	0	1.299		100.019	89.7912	0.142397	0	1.42369	0.0158159	13.418	1		0.0088623	12.0705	48.3036	0	0	0	
2024-06-16 08:10:43	699	1496	1	0	0	3	13	0	0	0	13	0	0	2.5	13	0	0	0	13	0	0	0.433		100.011	86.4773	0.451585	0	4.51536	0.328256	14.1854	1		0.0088623	12.0705	45.8346	0	0	0	
2024-06-16 08:09:11	689	1497	5	0	0	2	9	0	0	0	9	0	0	5.75	9	0	0	0	9	0	0	3.247		100.016	86.9027	0.0652096	0	0.651994	0.116417	15.3623	1		0.0088623	12.0705	46.6143	0	0	0	
2024-06-16 08:08:33	685	1498	5	0	0	2	9	0	0	0	9	0	0	4.5	9	0	0	0	9	0	0	2.165		100.017	88.4946	0.0891721	0	0.891568	0.155177	14.0047	1		0.0088623	12.0705	46.8742	0	0	0	
2024-06-16 08:19:03	756	1499	5	0	0	7	29	0	0	0	29	0	0	3.5	29	0	0	0	29	0	0	3.031		100.006	86.5465	0.0653351	0	0.653308	0.0460659	14.367	1		0	12.0616	44.7951	0	0	0	
2024-06-16 08:07:52	680	1500	1	0	0	1	5	0	0	0	5	0	0	3	5	0	0	0	5	0	0	1.732		100.015	87.2144	0.106267	0	1.06251	0.131785	13.3519	1		0	12.0705	47.264	0	0	0	
2024-06-16 08:05:07	662	1501	9	0	0	0	1	0	0	0	1	0	0	7.25	1	0	0	0	1	0	0	6.278		100.019	88.7986	0.0402682	0	0.402604	0.101225	18.3398	2		0.0088623	12.0705	49.4731	0	0	0	
2024-06-16 08:14:28	725	1502	1	0	0	5	21	0	0	0	21	0	0	1.5	21	0	0	0	21	0	0	3.031		100.009	85.6326	0.0662957	0	0.662896	0.0958277	14.5778	1		0	12.0616	45.055	0	0	0	
2024-06-16 08:10:04	695	1503	1	0	0	2	9	0	0	0	9	0	0	1.25	9	0	0	0	9	0	0	0.649		100.008	87.1805	0.297085	0	2.9706	0.199654	13.9986	1		0.0088623	12.0705	46.2245	0	0	0	
2024-06-16 08:26:20	807	1504	1	0	0	1.5	7	0	0	0	7	0	0	0.25	7	0	0	0	7	0	0	1.082		100.009	82.8284	0.174758	0	1.74743	0.0308651	13.7243	1		0.0088623	12.0705	44.7951	0	0	0	
2024-06-16 08:06:03	668	1505	1	0	0	0	1	0	0	0	1	0	0	2.5	1	0	0	0	1	0	0	2.165		100.019	90.0218	0.0885333	0	0.885163	0.166678	13.9041	1		0	12.0705	48.4336	0	0	0	
2024-06-16 08:25:30	801	1506	1	0	0	6.25	26	0	0	0	26	0	0	1.5	26	0	0	0	26	0	0	4.113		100.005	83.6866	0.0572535	0	0.572504	0.290721	17.0865	1		0	12.0705	44.7951	0	0	0	
2024-06-16 08:27:26	815	1507	9	0	0	7.25	30	0	0	0	30	0	0	6.5	30	0	0	0	30	0	0	0.649		100.016	85.2465	0.327813	0	3.2776	0.431894	15.4453	1		0.0088623	12.0705	44.925	0	0	0	
2024-06-16 08:11:17	703	1508	9	0	0	3	13	0	0	0	13	0	0	7.75	13	0	0	0	13	0	0	4.113		100.007	86.876	0.0498281	0	0.498248	0.185079	14.8703	1		0.0088623	12.0705	45.7047	0	0	0	
2024-06-16 08:10:43	699	1509	9	0	0	3	13	0	0	0	13	0	0	6.5	13	0	0	0	13	0	0	3.031		100.011	86.4773	0.0683092	0	0.683018	0.136866	15.0204	1		0.0088623	12.0705	45.8346	0	0	0	
2024-06-16 08:07:34	678	1510	9	0	0	1	5	0	0	0	5	0	0	7	5	0	0	0	5	0	0	5.195		100.019	88.0484	0.0452381	0	0.452294	0.0100537	17.0511	1		0	12.0705	47.394	0	0	0	
2024-06-16 08:15:53	735	1511	9	0	0	6	25	0	0	0	25	0	0	4.75	25	0	0	0	25	0	0	1.082		99.998	84.8608	0.193684	0	1.93687	0.353821	15.2122	1		0	12.0616	44.925	0	0	0	
2024-06-16 08:20:29	766	1512	1	0	0	7.75	32	0	0	0	32	0	0	0.25	32	0	0	0	32	0	0	6.494		100.01	87.0901	0.0340914	0	0.34088	0.0529696	16.0636	1		0	12.0616	44.7951	0	0	0	
2024-06-16 08:15:28	732	1513	1	0	0	5	21	0	0	0	21	0	0	3.25	21	0	0	0	21	0	0	1.515		100.009	85.2456	0.125322	0	1.25311	0.199803	13.7786	1		0.0088623	12.0616	45.055	0	0	0	
2024-06-16 08:11:33	705	1514	1	0	0	3	13	0	0	0	13	0	0	0	13	0	0	0	13	0	0	2.598		100.012	89.3842	0.0760745	0	0.760652	0.461096	14.3379	1		0.0088623	12.0705	45.7047	0	0	0	
2024-06-16 08:21:21	772	1515	9	0	0	3.5	15	0	0	0	15	0	0	4.25	15	0	0	0	15	0	0	0.649		100.006	83.6947	0.330978	0	3.30957	0.231691	15.596	1		0.0088623	12.0705	44.7951	0	0	0	
2024-06-16 08:13:34	719	1516	1	0	0	4	17	0	0	0	17	0	0	1.25	17	0	0	0	17	0	0	2.381		100.003	85.2259	0.0799792	0	0.799765	0.284786	13.8189	1		0	12.0705	45.055	0	0	0	
2024-06-16 08:19:38	760	1517	5	0	0	7.75	32	0	0	0	32	0	0	5	32	0	0	0	32	0	0	2.381		100.007	84.7191	0.0797874	0	0.797815	0.23116	13.7852	1		0.0088623	12.0616	44.6651	0	0	0	
2024-06-16 08:20:21	765	1518	1	0	0	7.75	32	0	0	0	32	0	0	3.75	32	0	0	0	32	0	0	3.464		100.007	84.569	0.0559178	0	0.559136	0.00115521	14.0526	1		0	12.0705	44.7951	0	0	0	
2024-06-16 08:28:54	825	1519	1	0	0	1.25	6	0	0	6.5	6	0	0	3	6	0	0	4.75	6	0	0	0.908		100.022	19.996	0.107055	0	1.07032	0.589475	11.7688	1		0.0088623	12.0705	44.925	0	0	0	
2024-06-16 08:16:10	737	1520	1	0	0	6	25	0	0	0	25	0	0	1	25	0	0	0	25	0	0	4.33		100.002	83.5582	0.056002	0	0.560008	0.172724	17.5932	1		0	12.0705	44.925	0	0	0	
2024-06-16 08:13:25	718	1521	1	0	0	4	17	0	0	0	17	0	0	3.25	17	0	0	0	17	0	0	0.649		100.007	85.8317	0.330913	0	3.30891	0.31405	15.5929	1		0.0088623	12.0616	45.1849	0	0	0	
2024-06-16 08:06:29	671	1522	1	0	0	0	1	0	0	0	1	0	0	0.75	1	0	0	0	1	0	0	0.649		100.017	89.9236	0.312269	0	3.12214	0.129151	14.7127	1		0.0088623	12.0705	47.9138	0	0	0	
2024-06-16 08:28:24	822	1523	1	0	0	3.5	15	0	0	4.25	15	0	0	3.75	15	0	0	4	15	0	0	0.13		100.019	19.1087	0.566433	0	5.66328	0.755543	8.89585	1		0	12.0705	44.925	0	0	0	
2024-06-16 08:08:54	687	1524	5	0	0	2	9	0	0	0	9	0	0	5	9	0	0	0	9	0	0	2.598		100.01	86.821	0.0769157	0	0.769082	0.048803	14.4969	1		0.0088623	12.0705	46.6143	0	0	0	
2024-06-16 08:09:29	691	1525	1	0	0	2	9	0	0	0	9	0	0	3.75	9	0	0	0	9	0	0	1.515		100.012	86.7079	0.129708	0	1.29692	0.135113	14.2604	1		0.0088623	12.0705	46.3544	0	0	0	
2024-06-16 08:18:37	753	1526	1	0	0	7	29	0	0	0	29	0	0	2.75	29	0	0	0	29	0	0	3.68		100.011	86.4256	0.0559605	0	0.559546	0.188828	14.9418	1		0.0088623	12.0616	44.7951	0	0	0	
2024-06-16 08:18:45	754	1527	5	0	0	7	29	0	0	0	29	0	0	2.25	29	0	0	0	29	0	0	4.113		100.009	86.9212	0.0516432	0	0.516384	0.199535	15.4116	1		0.0088623	12.0616	44.7951	0	0	0	
2024-06-16 08:05:39	665	1528	5	0	0	0	1	0	0	0	1	0	0	7.75	1	0	0	0	1	0	0	6.711		100.021	89.8448	0.0352365	0	0.352292	0.341182	17.1548	1		0.0088623	12.0705	48.8234	0	0	0	
2024-06-16 08:05:47	666	1529	5	0	0	0	1	0	0	0	1	0	0	6.5	1	0	0	0	1	0	0	5.628		100.023	89.7082	0.0420333	0	0.420239	0.0844085	17.1628	1		0.0088623	12.0705	48.6935	0	0	0	
2024-06-16 08:14:44	727	1530	1	0	0	5	21	0	0	0	21	0	0	0.75	21	0	0	0	21	0	0	3.68		100.016	87.9693	0.0589352	0	0.589257	0.0441984	15.7352	1		0	12.0616	45.1849	0	0	0	
2024-06-16 08:14:44	727	1531	9	0	0	5	21	0	0	0	21	0	0	7.25	21	0	0	0	21	0	0	1.948		100.016	87.9693	0.113323	0	1.13305	0.621815	16.0181	1		0	12.0616	45.1849	0	0	0	
2024-06-16 08:27:18	814	1532	9	0	0	5.75	24	0	0	0	24	0	0	4	24	0	0	0	24	0	0	1.515		100.016	85.3212	0.129757	0	1.29736	0.104356	14.2652	1		0	12.0616	44.925	0	0	0	
2024-06-16 08:23:58	790	1533	9	0	0	4.5	19	0	0	0	19	0	0	5.25	19	0	0	0	19	0	0	0.649		100.009	83.7448	0.330051	0	3.30021	0.255681	15.5519	1		0	12.0705	44.7951	0	0	0	
2024-06-16 08:28:32	823	1534	1	0	0	2.75	12	0	0	5	12	0	0	3.5	12	0	0	4.25	12	0	0	0.389		100.02	19.9308	0.31808	0	3.18016	0.22523	14.9861	2		0.0088623	12.0705	45.055	0	0	0	
2024-06-16 08:10:13	696	1535	5	0	0	2	9	0	0	0	9	0	0	0.5	9	0	0	0	9	0	0	1.299		100.011	86.4326	0.142259	0	1.42244	0.0869715	13.4062	1		0	12.0705	46.0945	0	0	0	
2024-06-16 08:22:39	781	1536	9	0	0	0.5	3	0	0	0	3	0	0	7.25	3	0	0	0	3	0	0	5.845		100.005	83.6511	0.0606789	0	0.606757	0.982255	25.7335	2		0.0088623	12.0616	44.7951	0	0	0	
2024-06-16 08:12:16	710	1537	5	0	0	4	17	0	0	0	17	0	0	7.25	17	0	0	0	17	0	0	2.814		100.01	85.548	0.0770142	0	0.770062	0.200158	15.7249	1		0	12.0705	45.4448	0	0	0	
2024-06-16 08:10:21	697	1538	5	0	0	3	13	0	0	0	13	0	0	5.75	13	0	0	0	13	0	0	2.381		100.008	87.2073	0.0810185	0	0.810118	0.0287301	13.9978	1		0.0088623	12.0705	46.0945	0	0	0	
2024-06-16 08:10:51	700	1539	5	0	0	3	13	0	0	0	13	0	0	4.5	13	0	0	0	13	0	0	1.299		100.013	86.6014	0.14971	0	1.49691	0.170314	14.108	1		0	12.0705	45.8346	0	0	0	
2024-06-16 08:18:37	753	1540	5	0	0	7	29	0	0	0	29	0	0	6.75	29	0	0	0	29	0	0	0.216		100.011	86.4256	0.784768	0	7.84686	0.710747	12.3258	1		0.0088623	12.0616	44.7951	0	0	0	
2024-06-16 08:07:04	675	1541	9	0	0	1	5	0	0	0	5	0	0	7.5	5	0	0	0	5	0	0	5.628		100.022	87.1353	0.041636	0	0.416267	0.00629338	17.0006	2		0.0088623	12.0705	47.6539	0	0	0	
2024-06-16 08:07:16	676	1542	5	0	0	1	5	0	0	0	5	0	0	6.25	5	0	0	0	5	0	0	4.546		100.022	87.4415	0.0529874	0	0.529758	0.0734919	17.475	1		0.0088623	12.0705	47.5239	0	0	0	
2024-06-16 08:16:40	740	1543	5	0	0	6	25	0	0	0	25	0	0	5.25	25	0	0	0	25	0	0	0.649		100.004	84.3289	0.336054	0	3.3604	0.360402	15.8355	1		0	12.0616	44.925	0	0	0	
2024-06-16 08:15:53	735	1544	5	0	0	6	25	0	0	0	25	0	0	4	25	0	0	0	25	0	0	1.732		99.998	84.8608	0.113687	0	1.13689	0.0219288	14.2865	1		0	12.0616	44.925	0	0	0	
2024-06-16 08:14:01	722	1545	1	0	0	5	21	0	0	0	21	0	0	2.5	21	0	0	0	21	0	0	2.165		100.005	85.8387	0.0926731	0	0.926686	0.594442	14.5563	1		0	12.0705	45.055	0	0	0	
2024-06-16 08:07:44	679	1546	1	0	0	1	5	0	0	0	5	0	0	0.25	5	0	0	0	5	0	0	0.649		100.019	87.5937	0.314319	0	3.14259	0.191011	14.8091	1		0.0088623	12.0705	47.264	0	0	0	
2024-06-16 08:12:26	711	1547	1	0	0	4	17	0	0	0	17	0	0	0.5	17	0	0	0	17	0	0	3.031		100.009	86.1394	0.066868	0	0.668618	0.258626	14.7037	1		0.0088623	12.0705	45.3149	0	0	0	
2024-06-16 08:20:57	769	1548	5	0	0	7.75	32	0	0	0	32	0	0	3	32	0	0	0	32	0	0	4.113		100.003	84.1349	0.0478407	0	0.478392	0.155931	14.2777	1		0.0088623	12.0616	44.7951	0	0	0	
2024-06-16 08:17:06	743	1549	1	0	0	6	25	0	0	0	25	0	0	0.25	25	0	0	0	25	0	0	4.979		100.002	84.7987	0.0470339	0	0.470328	0.00833241	16.9922	1		0.0088623	12.0616	44.925	0	0	0	
2024-06-16 08:25:05	798	1550	1	0	0	5.25	22	0	0	0	22	0	0	2.5	22	0	0	0	22	0	0	2.381		100.013	85.8783	0.0941783	0	0.941664	0.962636	16.2708	1		0	12.0705	44.925	0	0	0	
2024-06-16 08:12:43	713	1551	1	0	0	4	17	0	0	0	17	0	0	2.5	17	0	0	0	17	0	0	1.299		100.006	85.2455	0.148826	0	1.48817	0.336869	14.0256	1		0.0088623	12.0616	45.3149	0	0	0	
2024-06-16 08:09:03	688	1552	1	0	0	2	9	0	0	0	9	0	0	3	9	0	0	0	9	0	0	0.866		100.016	86.934	0.22911	0	2.29073	0.234419	14.3931	1		0.0088623	12.0705	46.6143	0	0	0	
2024-06-16 08:18:45	754	1553	1	0	0	7	29	0	0	0	29	0	0	1.5	29	0	0	0	29	0	0	4.762		100.009	86.9212	0.0479986	0	0.479942	0.435265	16.5856	1		0.0088623	12.0616	44.7951	0	0	0	
2024-06-16 08:06:03	668	1554	5	0	0	0	1	0	0	0	1	0	0	5.75	1	0	0	0	1	0	0	4.979		100.019	90.0218	0.0461649	0	0.461561	0.0230486	16.6754	1		0	12.0705	48.4336	0	0	0	
2024-06-16 08:05:19	663	1555	9	0	0	0	1	0	0	0	1	0	0	4.5	1	0	0	0	1	0	0	3.897		100.017	89.828	0.054168	0	0.54159	0.247572	15.3131	1		0	12.0705	49.2132	0	0	0	
2024-06-16 08:15:00	729	1556	1	0	0	5	21	0	0	0	21	0	0	0	21	0	0	0	21	0	0	4.33		100.01	88.5909	0.0508713	0	0.508663	0.121136	15.9801	1		0.0088623	12.0616	45.1849	0	0	0	
2024-06-16 08:20:48	768	1557	5	0	0	7.75	32	0	0	0	32	0	0	2.25	32	0	0	0	32	0	0	4.762		100.006	83.5525	0.0427369	0	0.427343	0.0680722	14.7679	1		0.0088623	12.0616	44.6651	0	0	0	
2024-06-16 08:14:36	726	1558	9	0	0	5	21	0	0	0	21	0	0	7.75	21	0	0	0	21	0	0	2.381		100.011	85.1871	0.0822687	0	0.822599	0.0417186	14.2135	1		0	12.0616	45.055	0	0	0	
2024-06-16 08:14:28	725	1559	5	0	0	5	21	0	0	0	21	0	0	6.5	21	0	0	0	21	0	0	1.299		100.009	85.6326	0.160321	0	1.60307	0.176277	15.1085	1		0	12.0616	45.055	0	0	0	
2024-06-16 08:10:30	698	1560	1	0	0	3	13	0	0	0	13	0	0	2	13	0	0	0	13	0	0	0.866		100.01	85.9619	0.227271	0	2.2725	0.0840638	14.2785	2		0.0088623	12.0616	46.0945	0	0	0	
2024-06-16 08:24:47	796	1561	1	0	0	4.5	19	0	0	0	19	0	0	3.25	19	0	0	0	19	0	0	1.082		100.006	83.0768	0.185503	0	1.85492	0.279045	14.5685	1		0	12.0705	44.7951	0	0	0	
2024-06-16 08:20:03	763	1562	9	0	0	7.75	32	0	0	0	32	0	0	7	32	0	0	0	32	0	0	0.649		100.008	84.3363	0.336865	0	3.36837	0.204234	15.8731	1		0	12.0705	44.7951	0	0	0	
2024-06-16 08:27:11	813	1563	9	0	0	5.5	23	0	0	0	23	0	0	4.25	23	0	0	0	23	0	0	1.082		100.013	84.8605	0.189605	0	1.8958	0.134868	14.8895	1		0.0088623	12.0616	44.925	0	0	0	
2024-06-16 08:25:46	803	1564	1	0	0	6.75	28	0	0	0	28	0	0	1	28	0	0	0	28	0	0	4.979		100.011	85.9579	0.0511533	0	0.511479	0.643739	18.4789	1		0	12.0616	44.925	0	0	0	
2024-06-16 08:24:06	791	1565	9	0	0	4.25	18	0	0	0	18	0	0	5.5	18	0	0	0	18	0	0	1.082		100.006	83.5744	0.19154	0	1.91528	0.162465	15.0426	1		0.0088623	12.0616	44.7951	0	0	0	
2024-06-16 08:13:00	715	1566	9	0	0	4	17	0	0	0	17	0	0	7.75	17	0	0	0	17	0	0	3.247		100.009	85.9179	0.0613441	0	0.613385	0.173743	14.4525	1		0	12.0705	45.3149	0	0	0	
2024-06-16 08:12:35	712	1567	5	0	0	4	17	0	0	0	17	0	0	6.5	17	0	0	0	17	0	0	2.165		100.012	85.3998	0.091984	0	0.919731	0.170023	14.4471	1		0	12.0705	45.3149	0	0	0	
2024-06-16 08:10:30	698	1568	5	0	0	3	13	0	0	0	13	0	0	5	13	0	0	0	13	0	0	1.732		100.01	85.9619	0.110279	0	1.10268	0.00873028	13.8567	2		0.0088623	12.0616	46.0945	0	0	0	
2024-06-16 08:11:51	707	1569	1	0	0	3	13	0	0	0	13	0	0	3.75	13	0	0	0	13	0	0	0.649		100.013	86.9396	0.32055	0	3.20509	0.328022	15.1037	1		0.0088623	12.0705	45.5748	0	0	0	
2024-06-16 08:09:20	690	1570	9	0	0	2	9	0	0	0	9	0	0	7	9	0	0	0	9	0	0	4.33		100.01	86.0401	0.0501236	0	0.501187	0.237351	15.7453	1		0.0088623	12.0705	46.4844	0	0	0	
2024-06-16 08:18:03	749	1571	9	0	0	7	29	0	0	0	29	0	0	6	29	0	0	0	29	0	0	0.866		100.009	83.0457	0.252934	0	2.52912	0.244581	15.8909	1		0	12.0705	44.7951	0	0	0	
2024-06-16 08:18:29	752	1572	5	0	0	7	29	0	0	0	29	0	0	4.75	29	0	0	0	29	0	0	1.948		100.006	84.5928	0.101543	0	1.01537	0.0958363	14.3544	1		0.0088623	12.0705	44.7951	0	0	0	
2024-06-16 08:06:56	674	1573	5	0	0	1	5	0	0	0	5	0	0	5.5	5	0	0	0	5	0	0	3.897		100.017	89.0445	0.0610285	0	0.610185	0.0438963	17.2526	1		0	12.0705	47.7838	0	0	0	
2024-06-16 08:07:44	679	1574	9	0	0	1	5	0	0	0	5	0	0	4.25	5	0	0	0	5	0	0	2.814		100.019	87.5937	0.0715404	0	0.715268	0.182096	14.606	1		0.0088623	12.0705	47.264	0	0	0	
2024-06-16 08:16:57	742	1575	1	0	0	6	25	0	0	0	25	0	0	3.25	25	0	0	0	25	0	0	2.381		100.005	84.1387	0.0828788	0	0.828743	0.0090422	14.3196	1		0.0088623	12.0616	44.7951	0	0	0	
2024-06-16 08:23:15	785	1576	1	0	0	0.25	2	0	0	0	2	0	0	1.5	2	0	0	0	2	0	0	1.082		100.008	86.0683	0.172323	0	1.72309	0.701744	13.5332	1		0	12.0616	44.7951	0	0	0	
2024-06-16 08:19:03	756	1577	1	0	0	7	29	0	0	0	29	0	0	0.75	29	0	0	0	29	0	0	5.412		100.006	86.5465	0.0440979	0	0.440951	0.430682	17.3161	1		0	12.0616	44.7951	0	0	0	
2024-06-16 08:05:26	664	1578	9	0	0	0	1	0	0	0	1	0	0	5	1	0	0	0	1	0	0	4.33		100.016	90.4114	0.0506793	0	0.506713	0.0312061	15.9188	2		0.0088623	12.0705	49.0833	0	0	0	
2024-06-16 08:05:07	662	1579	1	0	0	0	1	0	0	0	1	0	0	3.75	1	0	0	0	1	0	0	3.247		100.019	88.7986	0.0622639	0	0.622518	0.0919039	14.6677	2		0.0088623	12.0705	49.4731	0	0	0	
2024-06-16 08:27:34	816	1580	9	0	0	7.5	31	0	0	0	31	0	0	6.25	31	0	0	0	31	0	0	1.082		100.011	85.1746	0.187317	0	1.87295	0.151817	14.7101	1		0	12.0616	44.925	0	0	0	
2024-06-16 08:24:31	794	1581	9	0	0	6.25	26	0	0	0	26	0	0	7.5	26	0	0	0	26	0	0	1.082		100.011	86.1794	0.189253	0	1.89232	0.0534182	14.8622	1		0.0088623	12.0616	44.7951	0	0	0	
2024-06-16 08:16:28	739	1582	5	0	0	6	25	0	0	0	25	0	0	7.25	25	0	0	0	25	0	0	1.082		100.006	84.0382	0.216822	0	2.16809	0.184669	17.0281	2		0	12.0705	44.7951	0	0	0	
2024-06-16 08:19:20	758	1583	1	0	0	7.75	32	0	0	0	32	0	0	1.5	32	0	0	0	32	0	0	5.412		100.006	85.4336	0.0394896	0	0.394872	0.141624	15.5066	1		0.0088623	12.0705	44.7951	0	0	0	
2024-06-16 08:14:09	723	1584	9	0	0	5	21	0	0	0	21	0	0	5.75	21	0	0	0	21	0	0	0.649		100.007	85.5745	0.336481	0	3.36457	0.315222	15.8552	1		0.0088623	12.0616	45.1849	0	0	0	
2024-06-16 08:14:18	724	1585	9	0	0	5	21	0	0	0	21	0	0	4.5	21	0	0	0	21	0	0	0.433		100.01	84.683	0.474952	0	4.74905	0.401512	14.9196	1		0.0088623	12.0705	45.1849	0	0	0	
2024-06-16 08:10:51	700	1586	1	0	0	3	13	0	0	0	13	0	0	1.25	13	0	0	0	13	0	0	1.515		100.013	86.6014	0.120541	0	1.20525	0.109296	13.2524	1		0	12.0705	45.8346	0	0	0	
2024-06-16 08:07:04	675	1587	1	0	0	1	5	0	0	0	5	0	0	2.25	5	0	0	0	5	0	0	1.082		100.022	87.1353	0.172148	0	1.72109	0.00466213	13.5174	2		0.0088623	12.0705	47.6539	0	0	0	
2024-06-16 08:23:07	784	1588	1	0	0	0.5	3	0	0	0	3	0	0	1.25	3	0	0	0	3	0	0	0.649		100.008	86.3033	0.308964	0	3.0894	0.43365	14.5585	1		0.0088623	12.0705	44.7951	0	0	0	
2024-06-16 08:21:46	775	1589	9	0	0	2.5	11	0	0	0	11	0	0	5.25	11	0	0	0	11	0	0	2.381		100.006	85.7702	0.0923721	0	0.923666	0.878834	15.9598	1		0.0088623	12.0616	44.7951	0	0	0	
2024-06-16 08:19:20	758	1590	5	0	0	7.75	32	0	0	0	32	0	0	7.5	32	0	0	0	32	0	0	0.216		100.006	85.4336	0.836167	0	8.36115	0.575247	13.1337	1		0.0088623	12.0705	44.7951	0	0	0	
2024-06-16 08:20:03	763	1591	5	0	0	7.75	32	0	0	0	32	0	0	6.25	32	0	0	0	32	0	0	1.299		100.008	84.3363	0.156786	0	1.56774	0.201765	14.7756	1		0	12.0705	44.7951	0	0	0	
2024-06-16 08:24:39	795	1592	1	0	0	4.25	18	0	0	0	18	0	0	3.5	18	0	0	0	18	0	0	0.649		100.008	83.6078	0.332609	0	3.32582	0.205726	15.6726	1		0	12.0705	44.7951	0	0	0	
2024-06-16 08:17:24	745	1593	1	0	0	6	25	0	0	0	25	0	0	2.25	25	0	0	0	25	0	0	3.247		100.014	86.4484	0.0637378	0	0.63729	0.13788	15.0158	1		0	12.0616	44.925	0	0	0	
2024-06-16 08:27:03	812	1594	9	0	0	5.25	22	0	0	0	22	0	0	4.5	22	0	0	0	22	0	0	0.649		100.01	83.4089	0.329294	0	3.2926	0.322491	15.516	1		0	12.0616	44.7951	0	0	0	
2024-06-16 08:12:26	711	1595	9	0	0	4	17	0	0	0	17	0	0	5.75	17	0	0	0	17	0	0	1.515		100.009	86.1394	0.131709	0	1.31696	0.0802047	14.4808	1		0.0088623	12.0705	45.3149	0	0	0	
2024-06-16 08:12:35	712	1596	9	0	0	4	17	0	0	0	17	0	0	4.5	17	0	0	0	17	0	0	0.433		100.012	85.3998	0.512166	0	5.12106	0.128548	16.0883	1		0	12.0705	45.3149	0	0	0	
2024-06-16 08:06:21	670	1597	1	0	0	0	1	0	0	0	1	0	0	2	1	0	0	0	1	0	0	1.732		100.022	89.3265	0.130287	0	1.30258	0.583318	16.3687	1		0.0088623	12.0705	48.1737	0	0	0	
2024-06-16 08:09:38	692	1598	9	0	0	2	9	0	0	0	9	0	0	7.5	9	0	0	0	9	0	0	4.762		100.011	86.8876	0.046075	0	0.460698	0.25957	15.9206	1		0	12.0705	46.0945	0	0	0	
2024-06-16 08:09:03	688	1599	9	0	0	2	9	0	0	0	9	0	0	6.25	9	0	0	0	9	0	0	3.68		100.016	86.934	0.0586934	0	0.58684	0.00386124	15.6707	1		0.0088623	12.0705	46.6143	0	0	0	
2024-06-16 08:18:12	750	1600	9	0	0	7	29	0	0	0	29	0	0	5.25	29	0	0	0	29	0	0	1.515		100.005	83.8612	0.132102	0	1.32096	0.154229	14.5248	1		0	12.0705	44.7951	0	0	0	
2024-06-16 08:17:42	747	1601	5	0	0	7	29	0	0	0	29	0	0	4	29	0	0	0	29	0	0	2.598		100.008	84.2072	0.0760704	0	0.760642	0.0511494	14.3378	1		0.0088623	12.0705	44.7951	0	0	0	
2024-06-16 08:07:34	678	1602	1	0	0	1	5	0	0	0	5	0	0	3.5	5	0	0	0	5	0	0	2.165		100.019	88.0484	0.0851086	0	0.850922	0.0411228	13.3662	1		0	12.0705	47.394	0	0	0	
2024-06-16 08:17:13	744	1603	5	0	0	6	25	0	0	0	25	0	0	2.5	25	0	0	0	25	0	0	3.031		100.009	84.6652	0.0726918	0	0.726855	0.571961	15.9844	2		0	12.0616	44.925	0	0	0	
2024-06-16 08:26:55	811	1604	1	0	0	3.75	16	0	0	0	16	0	0	2	16	0	0	0	16	0	0	1.515		100.014	84.9951	0.128136	0	1.28118	0.067826	14.0873	1		0	12.0616	44.925	0	0	0	
2024-06-16 08:15:10	730	1605	1	0	0	5	21	0	0	0	21	0	0	2	21	0	0	0	21	0	0	2.598		100.009	86.5732	0.0766414	0	0.766343	0.0895634	14.4452	1		0	12.0705	45.055	0	0	0	
2024-06-16 08:10:04	695	1606	5	0	0	2	9	0	0	0	9	0	0	1.75	9	0	0	0	9	0	0	0.216		100.008	87.1805	0.732636	0	7.32574	0.236945	11.5072	1		0.0088623	12.0705	46.2245	0	0	0	
2024-06-16 08:17:42	747	1607	1	0	0	7	29	0	0	0	29	0	0	0	29	0	0	0	29	0	0	6.061		100.008	84.2072	0.0401473	0	0.401441	0.471451	17.6563	1		0.0088623	12.0705	44.7951	0	0	0	
2024-06-16 08:05:39	665	1608	1	0	0	0	1	0	0	0	1	0	0	3	1	0	0	0	1	0	0	2.598		100.021	89.8448	0.07586	0	0.758444	0.149077	14.2963	1		0.0088623	12.0705	48.8234	0	0	0	
2024-06-16 08:11:17	703	1609	5	0	0	3	13	0	0	0	13	0	0	7	13	0	0	0	13	0	0	3.464		100.007	86.876	0.0594269	0	0.594229	0.133582	14.9346	1		0.0088623	12.0705	45.7047	0	0	0	
2024-06-16 08:16:18	738	1610	5	0	0	6	25	0	0	0	25	0	0	7.75	25	0	0	0	25	0	0	1.515		100.011	86.9914	0.135687	0	1.35673	0.153764	14.918	1		0	12.0705	44.7951	0	0	0	
2024-06-16 08:16:28	739	1611	9	0	0	6	25	0	0	0	25	0	0	6.5	25	0	0	0	25	0	0	0.433		100.006	84.0382	0.514859	0	5.14828	0.0136136	16.1738	2		0	12.0705	44.7951	0	0	0	
2024-06-16 08:19:38	760	1612	1	0	0	7.75	32	0	0	0	32	0	0	0.75	32	0	0	0	32	0	0	6.061		100.007	84.7191	0.0365311	0	0.365284	0.43946	16.066	1		0.0088623	12.0616	44.6651	0	0	0	
2024-06-16 08:15:19	731	1613	5	0	0	5	21	0	0	0	21	0	0	3.75	21	0	0	0	21	0	0	1.082		100.008	86.4358	0.187382	0	1.87367	0.284798	14.7158	1		0	12.0705	44.925	0	0	0	
2024-06-16 08:11:08	702	1614	1	0	0	3	13	0	0	0	13	0	0	0.5	13	0	0	0	13	0	0	2.165		100.009	87.0541	0.0870575	0	0.870495	0.188598	13.6737	1		0	12.0705	45.8346	0	0	0	
2024-06-16 08:06:56	674	1615	1	0	0	1	5	0	0	0	5	0	0	1.5	5	0	0	0	5	0	0	0.433		100.017	89.0445	0.45622	0	4.56145	0.198889	14.3302	1		0	12.0705	47.7838	0	0	0	
2024-06-16 08:28:43	824	1616	1	0	0	2	9	0	0	5.75	9	0	0	3.25	9	0	0	4.5	9	0	0	0.649		100.017	19.8667	0.17182	0	1.7179	0.0898744	13.4924	2		0	12.0616	45.055	0	0	0	
2024-06-16 08:13:00	715	1617	1	0	0	4	17	0	0	0	17	0	0	1.75	17	0	0	0	17	0	0	1.948		100.009	85.9179	0.0962128	0	0.962039	0.0840137	13.6005	1		0	12.0705	45.3149	0	0	0	
2024-06-16 08:23:32	787	1618	1	0	0	2.5	11	0	0	0	11	0	0	3.25	11	0	0	0	11	0	0	0.649		100.007	83.0705	0.310303	0	3.1028	0.394224	14.6216	1		0	12.0705	44.7951	0	0	0	
2024-06-16 08:19:38	760	1619	9	0	0	7.75	32	0	0	0	32	0	0	5.5	32	0	0	0	32	0	0	1.948		100.007	84.7191	0.0997833	0	0.997759	0.27848	14.1055	1		0.0088623	12.0616	44.6651	0	0	0	
2024-06-16 08:19:20	758	1620	9	0	0	7.75	32	0	0	0	32	0	0	4.25	32	0	0	0	32	0	0	3.031		100.006	85.4336	0.0637524	0	0.637485	0.0899205	14.019	1		0.0088623	12.0705	44.7951	0	0	0	
2024-06-16 08:16:49	741	1621	5	0	0	6	25	0	0	0	25	0	0	1.5	25	0	0	0	25	0	0	3.897		100.008	84.1651	0.0569434	0	0.56939	0.0787995	16.0991	1		0	12.0705	44.7951	0	0	0	
2024-06-16 08:13:09	716	1622	5	0	0	4	17	0	0	0	17	0	0	5	17	0	0	0	17	0	0	0.866		100.013	88.0767	0.24717	0	2.47136	0.204314	15.528	1		0.0088623	12.0616	45.3149	0	0	0	
2024-06-16 08:13:43	720	1623	1	0	0	4	17	0	0	0	17	0	0	3.75	17	0	0	0	17	0	0	0.216		100.008	84.6942	0.825869	0	8.25807	0.256203	12.9717	1		0.0088623	12.0705	45.1849	0	0	0	
2024-06-16 08:04:54	661	1624	1	0	0	0	1	0	0	0	1	0	0	1.25	1	0	0	0	1	0	0	1.082		100.016	88.8892	0.174376	0	1.74348	0.199655	13.6932	1		0.0088623	12.0793	49.4731	0	0	0	
2024-06-16 08:08:42	686	1625	5	0	0	2	9	0	0	0	9	0	0	5.5	9	0	0	0	9	0	0	3.031		100.012	86.4793	0.107481	0	1.07468	0.250116	23.6334	2		0.0088623	12.0705	46.7443	0	0	0	
2024-06-16 08:08:54	687	1626	9	0	0	2	9	0	0	0	9	0	0	4.25	9	0	0	0	9	0	0	1.948		100.01	86.821	0.0986879	0	0.986784	0.0329753	13.9503	1		0.0088623	12.0705	46.6143	0	0	0	
2024-06-16 08:18:20	751	1627	1	0	0	7	29	0	0	0	29	0	0	3.25	29	0	0	0	29	0	0	3.247		100.011	86.2877	0.0618459	0	0.618392	0.157799	14.5705	1		0.0088623	12.0616	44.7951	0	0	0	
2024-06-16 08:08:08	682	1628	5	0	0	1	5	0	0	0	5	0	0	2.75	5	0	0	0	5	0	0	1.515		100.02	90.5452	0.119974	0	1.1995	0.135243	13.1892	1		0	12.0616	47.1341	0	0	0	
2024-06-16 08:05:54	667	1629	5	0	0	0	1	0	0	0	1	0	0	7	1	0	0	0	1	0	0	6.061		100.026	92.6102	0.0396977	0	0.396874	0.283591	17.4554	1		0.0088623	12.0616	48.4336	0	0	0	
2024-06-16 08:15:10	730	1630	5	0	0	5	21	0	0	0	21	0	0	1.25	21	0	0	0	21	0	0	3.247		100.009	86.5732	0.0669792	0	0.66973	0.354646	15.7801	1		0	12.0705	45.055	0	0	0	
2024-06-16 08:09:38	692	1631	1	0	0	2	9	0	0	0	9	0	0	1	9	0	0	0	9	0	0	0.866		100.011	86.8876	0.218364	0	2.18339	0.0689481	13.7187	1		0	12.0705	46.0945	0	0	0	
2024-06-16 08:10:59	701	1632	9	0	0	3	13	0	0	0	13	0	0	7.5	13	0	0	0	13	0	0	3.897		100.011	86.6518	0.0531608	0	0.531547	0.0740923	15.0291	1		0	12.0705	45.7047	0	0	0	
2024-06-16 08:11:25	704	1633	5	0	0	3	13	0	0	0	13	0	0	6.25	13	0	0	0	13	0	0	2.814		100.011	89.0534	0.07246	0	0.724518	0.0633655	14.7949	1		0.0088623	12.0616	45.8346	0	0	0	
2024-06-16 08:17:51	748	1634	5	0	0	7	29	0	0	0	29	0	0	7.25	29	0	0	0	29	0	0	0.216		100.01	82.7221	0.736906	0	7.36834	0.203305	11.5742	2		0	12.0616	44.7951	0	0	0	
2024-06-16 08:06:47	673	1635	1	0	0	1	5	0	0	0	5	0	0	6.75	5	0	0	0	5	0	0	4.979		100.019	88.8708	0.050329	0	0.503196	0.391737	18.1796	1		0	12.0616	47.9138	0	0	0	
2024-06-16 08:16:10	737	1636	5	0	0	6	25	0	0	0	25	0	0	5.75	25	0	0	0	25	0	0	0.216		100.002	83.5582	0.814565	0	8.14547	0.33407	12.7949	1		0	12.0705	44.925	0	0	0	
2024-06-16 08:15:36	733	1637	5	0	0	6	25	0	0	0	25	0	0	4.5	25	0	0	0	25	0	0	1.299		100.008	84.8554	0.157095	0	1.57083	0.461247	14.8047	1		0.0088623	12.0705	44.7951	0	0	0	
2024-06-16 08:19:54	762	1638	1	0	0	7.75	32	0	0	0	32	0	0	0	32	0	0	0	32	0	0	6.711		100.014	86.378	0.0340058	0	0.340012	0.0390098	16.5568	1		0	12.0616	44.7951	0	0	0	
2024-06-16 08:13:51	721	1639	1	0	0	5	21	0	0	0	21	0	0	3	21	0	0	0	21	0	0	1.732		100.006	85.922	0.108802	0	1.08795	0.118118	13.6716	1		0.0088623	12.0705	45.1849	0	0	0	
2024-06-16 08:08:24	684	1640	5	0	0	1	5	0	0	0	5	0	0	0.75	5	0	0	0	5	0	0	0.216		100.021	89.9998	0.755352	0	7.55195	0.262221	11.8626	1		0.0088623	11.9464	47.0042	0	0	0	
2024-06-16 08:25:21	800	1641	1	0	0	5.75	24	0	0	0	24	0	0	2	24	0	0	0	24	0	0	3.247		100.008	86.3683	0.0660403	0	0.660348	0.0763418	15.5591	1		0.0088623	12.0616	44.925	0	0	0	
2024-06-16 08:12:08	709	1642	1	0	0	4	17	0	0	0	17	0	0	1	17	0	0	0	17	0	0	2.598		100.011	85.5838	0.0731353	0	0.731272	0.174787	13.7841	1		0	12.0705	45.5748	0	0	0	
2024-06-16 08:20:48	768	1643	1	0	0	7.75	32	0	0	0	32	0	0	3.5	32	0	0	0	32	0	0	3.68		100.006	83.5525	0.0523704	0	0.523673	0.123903	13.9839	1		0.0088623	12.0616	44.6651	0	0	0	
2024-06-16 08:17:13	744	1644	1	0	0	6	25	0	0	0	25	0	0	0.75	25	0	0	0	25	0	0	4.546		100.009	84.6652	0.0522789	0	0.522743	0.178497	17.2436	2		0	12.0616	44.925	0	0	0	
2024-06-16 08:13:34	719	1645	5	0	0	4	17	0	0	0	17	0	0	3	17	0	0	0	17	0	0	0.866		100.003	85.2259	0.236625	0	2.36617	0.232782	14.8671	1		0	12.0705	45.055	0	0	0	
2024-06-16 08:05:19	663	1646	1	0	0	0	1	0	0	0	1	0	0	0.5	1	0	0	0	1	0	0	0.433		100.017	89.828	0.450653	0	4.50578	0.138408	14.1553	1		0	12.0705	49.2132	0	0	0	
2024-06-16 08:27:51	818	1647	1	0	0	3.5	15	0	0	4.25	15	0	0	2.75	15	0	0	5	15	0	0	0.389		100.019	19.0951	0.327457	0	3.27394	0.41173	15.4281	1		0	12.0705	44.925	0	0	0	
2024-06-16 08:08:42	686	1648	1	0	0	2	9	0	0	0	9	0	0	3.5	9	0	0	0	9	0	0	1.299		100.012	86.4793	0.148709	0	1.48691	0.042075	14.0138	2		0.0088623	12.0705	46.7443	0	0	0	
2024-06-16 08:17:34	746	1649	1	0	0	7	29	0	0	0	29	0	0	2.5	29	0	0	0	29	0	0	3.897		100.007	84.9164	0.0558014	0	0.557973	0.208362	15.7763	1		0	12.0705	44.6651	0	0	0	
2024-06-16 08:17:51	748	1650	1	0	0	7	29	0	0	0	29	0	0	2	29	0	0	0	29	0	0	4.33		100.01	82.7221	0.0504304	0	0.504255	0.0217513	15.8416	2		0	12.0616	44.7951	0	0	0	
2024-06-16 08:05:07	662	1651	5	0	0	0	1	0	0	0	1	0	0	7.5	1	0	0	0	1	0	0	6.494		100.019	88.7986	0.0369547	0	0.369475	0.167861	17.4111	2		0.0088623	12.0705	49.4731	0	0	0	
2024-06-16 08:05:26	664	1652	5	0	0	0	1	0	0	0	1	0	0	6.25	1	0	0	0	1	0	0	5.412		100.016	90.4114	0.0436255	0	0.436186	0.0493673	17.129	2		0.0088623	12.0705	49.0833	0	0	0	
2024-06-16 08:15:00	729	1653	5	0	0	5	21	0	0	0	21	0	0	0.5	21	0	0	0	21	0	0	3.897		100.01	88.5909	0.0597685	0	0.597627	0.0969551	16.8975	1		0.0088623	12.0616	45.1849	0	0	0	
2024-06-16 08:26:11	806	1654	1	0	0	1.25	6	0	0	0	6	0	0	0.5	6	0	0	0	6	0	0	0.649		100.01	85.7903	0.312557	0	3.12527	0.210504	14.7275	1		0.0088623	12.0705	44.925	0	0	0	
2024-06-16 08:14:44	727	1655	5	0	0	5	21	0	0	0	21	0	0	7	21	0	0	0	21	0	0	1.732		100.016	87.9693	0.115274	0	1.15255	0.0698211	14.4834	1		0	12.0616	45.1849	0	0	0	
2024-06-16 08:09:55	694	1656	1	0	0	2	9	0	0	0	9	0	0	0.25	9	0	0	0	9	0	0	1.515		100.01	86.9973	0.12513	0	1.25117	0.0513807	13.7573	1		0	12.0616	46.2245	0	0	0	
2024-06-16 08:13:00	715	1657	5	0	0	4	17	0	0	0	17	0	0	7	17	0	0	0	17	0	0	2.598		100.009	85.9179	0.0769851	0	0.76978	0.0830303	14.51	1		0	12.0705	45.3149	0	0	0	
2024-06-16 08:11:08	702	1658	9	0	0	3	13	0	0	0	13	0	0	5.5	13	0	0	0	13	0	0	2.165		100.009	87.0541	0.0918381	0	0.918296	0.146465	14.4246	1		0	12.0705	45.8346	0	0	0	
2024-06-16 08:11:08	702	1659	5	0	0	3	13	0	0	0	13	0	0	4.25	13	0	0	0	13	0	0	1.082		100.009	87.0541	0.18369	0	1.83673	0.28207	14.4256	1		0	12.0705	45.8346	0	0	0	
2024-06-16 08:17:34	746	1660	5	0	0	7	29	0	0	0	29	0	0	7.75	29	0	0	0	29	0	0	0.649		100.007	84.9164	0.341768	0	3.41742	0.873539	16.1042	1		0	12.0705	44.6651	0	0	0	
2024-06-16 08:18:20	751	1661	5	0	0	7	29	0	0	0	29	0	0	6.5	29	0	0	0	29	0	0	0.433		100.011	86.2877	0.488552	0	4.88498	0.523311	15.3466	1		0.0088623	12.0616	44.7951	0	0	0	
2024-06-16 08:06:56	674	1662	9	0	0	1	5	0	0	0	5	0	0	6	5	0	0	0	5	0	0	4.33		100.017	89.0445	0.0559072	0	0.55898	0.291115	17.5609	1		0	12.0705	47.7838	0	0	0	
2024-06-16 08:07:44	679	1663	5	0	0	1	5	0	0	0	5	0	0	4.75	5	0	0	0	5	0	0	3.247		100.019	87.5937	0.0675912	0	0.675784	0.0686297	15.9228	1		0.0088623	12.0705	47.264	0	0	0	
2024-06-16 08:23:49	789	1664	9	0	0	4.75	20	0	0	0	20	0	0	5	20	0	0	0	20	0	0	0.216		100.012	85.7006	0.769824	0	7.69732	0.56601	12.0909	1		0	12.0705	44.7951	0	0	0	
2024-06-16 08:16:10	737	1665	9	0	0	6	25	0	0	0	25	0	0	5	25	0	0	0	25	0	0	0.866		100.002	83.5582	0.247247	0	2.47241	0.333539	15.5346	1		0	12.0705	44.925	0	0	0	
2024-06-16 08:16:57	742	1666	5	0	0	6	25	0	0	0	25	0	0	3.75	25	0	0	0	25	0	0	1.948		100.005	84.1387	0.101488	0	1.01483	0.115984	14.3468	1		0.0088623	12.0616	44.7951	0	0	0	
2024-06-16 08:08:17	683	1667	5	0	0	1	5	0	0	0	5	0	0	0	5	0	0	0	5	0	0	0.866		100.016	88.2301	0.225119	0	2.25082	0.0946652	14.1423	1		0	12.0705	46.8742	0	0	0	
2024-06-16 08:22:32	780	1668	9	0	0	0.75	4	0	0	0	4	0	0	7	4	0	0	0	4	0	0	5.412		100.007	82.8075	0.0432762	0	0.432733	0.497835	16.9934	1		0.0088623	12.0616	44.6651	0	0	0	
2024-06-16 08:13:09	716	1669	1	0	0	4	17	0	0	0	17	0	0	0.25	17	0	0	0	17	0	0	3.247		100.013	88.0767	0.0605612	0	0.605531	0.0228318	14.2675	1		0.0088623	12.0616	45.3149	0	0	0	
2024-06-16 08:20:03	763	1670	1	0	0	7.75	32	0	0	0	32	0	0	2.75	32	0	0	0	32	0	0	4.33		100.008	84.3363	0.04634	0	0.463362	0.0573493	14.5569	1		0	12.0705	44.7951	0	0	0	
2024-06-16 08:16:40	740	1671	1	0	0	6	25	0	0	0	25	0	0	0	25	0	0	0	25	0	0	5.195		100.004	84.3289	0.0489824	0	0.489803	0.0652702	18.4651	1		0	12.0616	44.925	0	0	0	
2024-06-16 08:09:47	693	1672	5	0	0	2	9	0	0	0	9	0	0	2.75	9	0	0	0	9	0	0	0.649		100.013	87.1174	0.313856	0	3.13813	0.291384	14.7881	1		0.0088623	12.0705	46.2245	0	0	0	
2024-06-16 08:18:12	750	1673	1	0	0	7	29	0	0	0	29	0	0	1.25	29	0	0	0	29	0	0	4.979		100.005	83.8612	0.0479329	0	0.479308	0.421214	17.3166	1		0	12.0705	44.7951	0	0	0	
2024-06-16 08:05:54	667	1674	9	0	0	0	1	0	0	0	1	0	0	5.5	1	0	0	0	1	0	0	4.762		100.026	92.6102	0.063102	0	0.630855	0.43665	21.8008	1		0.0088623	12.0616	48.4336	0	0	0	
2024-06-16 08:04:54	661	1675	5	0	0	0	1	0	0	0	1	0	0	4.25	1	0	0	0	1	0	0	3.68		100.016	88.8892	0.0562204	0	0.562114	0.716345	15.0104	1		0.0088623	12.0793	49.4731	0	0	0	
