Time	MeasID	DPID	Channel	A(x)	A(y)	A(z)	A(adr)	B(x)	B(y)	B(z)	B(adr)	M(x)	M(y)	M(z)	M(adr)	N(x)	N(y)	N(z)	N(adr)	F(x)	F(y)	F(z)	Note	I(mA)	Uout(V)	U(V)	SP(V)	R(Ohm)	Var(%)	Rho-a(Ohm-m)	Cycles	IP Delay Window(mV/V)	Pint(V)	Pext(V)	T int(deg C)	T log(deg C)	Latitude	Longitude
2024-06-25 19:48:11	946	1764	1	0	0	7.75	32	0	0	0	32	0	0	2	32	0	0	0	32	0	0	4.979		99.9913	39.9934	0.0425196	0	0.425232	0.200078	15.3629	1		0	12.0616	43.1058	0	0	0	
2024-06-25 19:42:55	907	1765	5	0	0	5	21	0	0	0	21	0	0	7.5	21	0	0	0	21	0	0	2.165		99.9925	40.2819	0.0904493	0	0.904561	0.0625871	14.2088	2		0	12.0616	43.7555	0	0	0	
2024-06-25 19:43:34	912	1766	5	0	0	5	21	0	0	0	21	0	0	6.25	21	0	0	0	21	0	0	1.082		99.9939	40.274	0.184022	0	1.84034	0.00301593	14.454	1		0	12.0616	43.6256	0	0	0	
2024-06-25 19:40:15	885	1767	1	0	0	3	13	0	0	0	13	0	0	1.75	13	0	0	0	13	0	0	1.082		99.9994	41.0214	0.169524	0	1.69525	0.026731	13.3145	1		0	12.0616	44.4052	0	0	0	
2024-06-25 19:48:18	947	1768	9	0	0	7.75	32	0	0	0	32	0	0	6.75	32	0	0	0	32	0	0	0.866		99.9923	39.9914	0.236154	0	2.36172	0.188935	14.8391	1		0	12.0616	43.1058	0	0	0	
2024-06-25 19:54:14	993	1769	1	0	0	3.25	14	0	0	0	14	0	0	2.5	14	0	0	0	14	0	0	0.649		99.9949	40.4055	0.281757	0	2.81772	0.392774	13.2782	1		0	12.0616	42.7159	0	0	0	
2024-06-25 19:41:28	895	1770	5	0	0	4	17	0	0	0	17	0	0	7.5	17	0	0	0	17	0	0	3.031		99.9982	40.0164	0.066062	0	0.660631	0.0408827	14.528	1		0	12.0616	44.1454	0	0	0	
2024-06-25 19:41:57	899	1771	9	0	0	4	17	0	0	0	17	0	0	6.25	17	0	0	0	17	0	0	1.948		99.9947	39.9833	0.100827	0	1.00833	0.13034	14.2549	1		0.0088623	12.0616	44.0154	0	0	0	
2024-06-25 19:39:45	881	1772	1	0	0	3	13	0	0	0	13	0	0	3.5	13	0	0	0	13	0	0	0.433		100.002	41.0547	0.440856	0	4.40845	0.5515	13.8496	1		0	12.0616	44.6651	0	0	0	
2024-06-25 19:38:37	872	1773	1	0	0	2	9	0	0	0	9	0	0	6.75	9	0	0	0	9	0	0	4.113		100.005	39.9375	0.0537227	0	0.537202	0.0572693	16.0329	1		0.0088623	12.0616	45.1849	0	0	0	
2024-06-25 19:46:57	936	1774	9	0	0	7	29	0	0	0	29	0	0	5.75	29	0	0	0	29	0	0	1.082		99.9924	40.1796	0.182118	0	1.82132	0.12157	14.3046	1		0.0088623	12.0616	43.2357	0	0	0	
2024-06-25 19:46:20	932	1775	9	0	0	7	29	0	0	0	29	0	0	4.5	29	0	0	0	29	0	0	2.165		99.9926	40.1819	0.0909488	0	0.909555	0.20975	14.2873	1		0	12.0616	43.2357	0	0	0	
2024-06-25 19:37:35	864	1776	9	0	0	1	5	0	0	0	5	0	0	5.25	5	0	0	0	5	0	0	3.68		100.006	39.3157	0.0648975	0	0.648939	0.998925	17.329	1		0	12.0616	45.8346	0	0	0	
2024-06-25 19:37:28	863	1777	5	0	0	1	5	0	0	0	5	0	0	4	5	0	0	0	5	0	0	2.598		100.009	39.3124	0.0732684	0	0.732615	0.224045	13.8095	1		0.0088623	12.0616	45.8346	0	0	0	
2024-06-25 19:52:37	981	1778	1	0	0	4.75	20	0	0	0	20	0	0	3	20	0	0	0	20	0	0	1.515		99.9935	39.9117	0.123818	0	1.23826	0.27008	13.6154	1		0.0088623	12.0616	43.1058	0	0	0	
2024-06-25 19:45:54	929	1779	1	0	0	6	25	0	0	0	25	0	0	3	25	0	0	0	25	0	0	2.598		99.9903	40.2542	0.0795248	0	0.795325	0.465466	14.9915	1		0	12.0616	43.2357	0	0	0	
2024-06-25 19:39:13	877	1780	5	0	0	2	9	0	0	0	9	0	0	2.25	9	0	0	0	9	0	0	0.216		100	39.9098	0.795765	0	7.95762	0.00252342	12.4998	2		0	12.0616	44.925	0	0	0	
2024-06-25 19:47:12	938	1781	1	0	0	7	29	0	0	0	29	0	0	0.5	29	0	0	0	29	0	0	5.628		99.9939	40.1776	0.0428094	0	0.42812	0.0359192	17.4847	1		0.0088623	12.0616	43.1058	0	0	0	
2024-06-25 19:36:17	854	1782	1	0	0	0	1	0	0	0	1	0	0	3.5	1	0	0	0	1	0	0	3.031		100.009	39.5658	0.0778712	0	0.778641	0.203533	17.1232	2		0.0088623	12.0616	46.7443	0	0	0	
2024-06-25 19:54:06	992	1783	1	0	0	1.75	8	0	0	0	8	0	0	0	8	0	0	0	8	0	0	1.515		99.9915	40.0568	0.120759	0	1.2077	0.136782	13.2793	1		0	12.0616	43.1058	0	0	0	
2024-06-25 19:44:50	921	1784	9	0	0	6	25	0	0	0	25	0	0	7	25	0	0	0	25	0	0	0.866		99.9921	40.2593	0.236358	0	2.36376	0.182503	14.852	1		0	12.0616	43.2357	0	0	0	
2024-06-25 19:53:23	986	1785	1	0	0	6.5	27	0	0	0	27	0	0	1.25	27	0	0	0	27	0	0	4.546		99.9905	39.9023	0.0574586	0	0.57464	0.0472983	18.9555	1		0.0088623	12.0616	43.1058	0	0	0	
2024-06-25 19:48:03	945	1786	1	0	0	7.75	32	0	0	0	32	0	0	1.25	32	0	0	0	32	0	0	5.628		99.9888	39.9966	0.0402394	0	0.402439	0.00388702	16.4359	1		0	12.0616	43.1058	0	0	0	
2024-06-25 19:42:41	905	1787	9	0	0	5	21	0	0	0	21	0	0	5.5	21	0	0	0	21	0	0	0.433		99.9944	40.3213	0.460914	0	4.60939	0.928308	14.4808	1		0.0088623	12.0616	43.7555	0	0	0	
2024-06-25 19:43:28	911	1788	9	0	0	5	21	0	0	0	21	0	0	4.25	21	0	0	0	21	0	0	0.649		99.9963	40.2697	0.299537	0	2.99548	0.163874	14.1159	1		0	12.0616	43.4956	0	0	0	
2024-06-25 19:40:29	887	1789	1	0	0	3	13	0	0	0	13	0	0	1	13	0	0	0	13	0	0	1.732		100.001	41.0085	0.10763	0	1.07629	0.363783	13.5251	1		0.0088623	12.0616	44.4052	0	0	0	
2024-06-25 19:36:49	858	1790	1	0	0	1	5	0	0	0	5	0	0	2	5	0	0	0	5	0	0	0.866		100.006	39.3362	0.202096	0	2.02084	0.11903	12.6973	1		0.0088623	12.0616	46.3544	0	0	0	
2024-06-25 19:50:08	961	1791	9	0	0	1.75	8	0	0	0	8	0	0	6	8	0	0	0	8	0	0	3.68		99.9917	40.2217	0.0639906	0	0.639959	0.994208	17.0892	2		0.0088623	12.0616	43.1058	0	0	0	
2024-06-25 19:42:33	904	1792	1	0	0	4	17	0	0	0	17	0	0	2.25	17	0	0	0	17	0	0	1.515		99.9936	39.9775	0.11814	0	1.18147	0.229211	12.991	1		0.0088623	12.0616	43.7555	0	0	0	
2024-06-25 19:48:03	945	1793	5	0	0	7.75	32	0	0	0	32	0	0	6	32	0	0	0	32	0	0	1.515		99.9888	39.9966	0.130393	0	1.30408	0.120847	14.3391	1		0	12.0616	43.1058	0	0	0	
2024-06-25 19:48:26	948	1794	5	0	0	7.75	32	0	0	0	32	0	0	4.75	32	0	0	0	32	0	0	2.598		99.9899	39.9936	0.0755667	0	0.755744	0.294986	14.2454	1		0	12.0616	43.1058	0	0	0	
2024-06-25 19:45:25	925	1795	1	0	0	6	25	0	0	0	25	0	0	2	25	0	0	0	25	0	0	3.464		99.9939	40.254	0.0698663	0	0.698706	0.0958902	17.5604	1		0	12.0616	43.2357	0	0	0	
2024-06-25 19:41:35	896	1796	5	0	0	4	17	0	0	0	17	0	0	5.5	17	0	0	0	17	0	0	1.299		99.9957	40.0004	0.151579	0	1.51585	0.252082	14.2865	1		0	12.0616	44.0154	0	0	0	
2024-06-25 19:42:04	900	1797	5	0	0	4	17	0	0	0	17	0	0	4.25	17	0	0	0	17	0	0	0.216		99.9938	39.9925	0.919546	0	9.19604	0.0488025	14.4451	1		0	12.0616	44.0154	0	0	0	
2024-06-25 19:35:45	850	1798	1	0	0	0	1	0	0	0	1	0	0	1.75	1	0	0	0	1	0	0	1.515		100.013	39.569	0.118648	0	1.18633	0.0675017	13.0443	1		0.0088623	12.0616	47.264	0	0	0	
2024-06-25 19:55:12	1001	1799	1	0	0	3.75	16	0	0	4	16	0	0	3.5	16	0	0	4.25	16	0	0	0.13		99.9929	20.3023	0.655843	0	6.5589	0.0525366	10.3027	1		0	12.0616	43.1058	0	0	0	
2024-06-25 19:40:22	886	1800	1	0	0	3	13	0	0	0	13	0	0	2.75	13	0	0	0	13	0	0	0.216		99.9991	41.0183	0.773334	0	7.73341	0.184547	12.1476	1		0	12.0616	44.4052	0	0	0	
2024-06-25 19:38:19	870	1801	5	0	0	2	9	0	0	0	9	0	0	6	9	0	0	0	9	0	0	3.464		100.007	39.9277	0.069308	0	0.693033	0.127187	17.4178	2		0.0088623	12.0616	45.3149	0	0	0	
2024-06-25 19:39:06	876	1802	5	0	0	2	9	0	0	0	9	0	0	4.75	9	0	0	0	9	0	0	2.381		99.9989	39.9245	0.0831424	0	0.831434	0.0875616	14.3661	1		0.0088623	12.0616	45.055	0	0	0	
2024-06-25 19:46:13	931	1803	9	0	0	7	29	0	0	0	29	0	0	5	29	0	0	0	29	0	0	1.732		99.9903	40.1786	0.111199	0	1.11209	0.155179	13.975	1		0	12.0616	43.2357	0	0	0	
2024-06-25 19:47:12	938	1804	5	0	0	7	29	0	0	0	29	0	0	3.75	29	0	0	0	29	0	0	2.814		99.9939	40.1776	0.0713921	0	0.713965	0.0423117	14.5794	1		0.0088623	12.0616	43.1058	0	0	0	
2024-06-25 19:37:50	866	1805	1	0	0	1	5	0	0	0	5	0	0	3.25	5	0	0	0	5	0	0	1.948		100.009	39.2987	0.0943109	0	0.943027	0.168276	13.3317	1		0	12.0616	45.5748	0	0	0	
2024-06-25 19:49:38	958	1806	9	0	0	2.75	12	0	0	0	12	0	0	5	12	0	0	0	12	0	0	1.948		99.9898	40.5111	0.0948672	0	0.948768	0.0356827	13.4129	1		0	12.0616	43.1058	0	0	0	
2024-06-25 19:43:28	911	1807	1	0	0	5	21	0	0	0	21	0	0	1.75	21	0	0	0	21	0	0	2.814		99.9963	40.2697	0.0799869	0	0.799898	0.941297	16.3342	1		0	12.0616	43.4956	0	0	0	
2024-06-25 19:38:44	873	1808	1	0	0	2	9	0	0	0	9	0	0	1.5	9	0	0	0	9	0	0	0.433		100.004	39.938	0.426259	0	4.26241	0.0912323	13.3908	1		0	12.0616	45.1849	0	0	0	
2024-06-25 19:36:27	855	1809	1	0	0	0	1	0	0	0	1	0	0	2.75	1	0	0	0	1	0	0	2.381		100.008	39.5464	0.160222	0	1.60209	0.778671	27.6821	1		0.0088623	11.9552	46.6143	0	0	0	
2024-06-25 19:49:31	957	1810	9	0	0	3.25	14	0	0	0	14	0	0	4.5	14	0	0	0	14	0	0	1.082		99.9918	40.6016	0.169141	0	1.69154	0.299759	13.2854	1		0	12.0616	43.1058	0	0	0	
2024-06-25 19:40:29	887	1811	5	0	0	3	13	0	0	0	13	0	0	6.75	13	0	0	0	13	0	0	3.247		100.001	41.0085	0.0673249	0	0.673244	0.523336	15.8629	1		0.0088623	12.0616	44.4052	0	0	0	
2024-06-25 19:37:21	862	1812	5	0	0	1	5	0	0	0	5	0	0	7.25	5	0	0	0	5	0	0	5.412		100.01	39.3049	0.0616946	0	0.616885	0.984434	24.225	1		0.0088623	12.0616	45.9646	0	0	0	
2024-06-25 19:44:43	920	1813	5	0	0	6	25	0	0	0	25	0	0	7.5	25	0	0	0	25	0	0	1.299		99.9905	40.2702	0.151225	0	1.5124	0.0117522	14.254	1		0	12.0616	43.2357	0	0	0	
2024-06-25 19:44:33	919	1814	5	0	0	6	25	0	0	0	25	0	0	6.25	25	0	0	0	25	0	0	0.216		99.9903	40.284	0.882489	0	8.82575	0.0785944	13.8634	2		0	12.0616	43.4956	0	0	0	
2024-06-25 19:49:10	954	1815	1	0	0	7.75	32	0	0	0	32	0	0	0.5	32	0	0	0	32	0	0	6.278		99.9902	40.0111	0.0363488	0	0.363524	0.0299814	16.5596	1		0	12.0616	42.9758	0	0	0	
2024-06-25 19:44:06	916	1816	1	0	0	5	21	0	0	0	21	0	0	3.5	21	0	0	0	21	0	0	1.299		99.9938	40.2309	0.139895	0	1.39903	0.0889565	13.1856	1		0.0088623	12.0616	43.4956	0	0	0	
2024-06-25 19:40:44	889	1817	1	0	0	3	13	0	0	0	13	0	0	0.25	13	0	0	0	13	0	0	2.381		100.001	41.0167	0.0780106	0	0.7801	0.0377781	13.4792	1		0	12.0616	44.2753	0	0	0	
2024-06-25 19:37:06	860	1818	1	0	0	1	5	0	0	0	5	0	0	1.25	5	0	0	0	5	0	0	0.216		100.008	39.2958	0.79473	0	7.94666	0.220984	12.4826	1		0	12.0616	46.0945	0	0	0	
2024-06-25 19:42:33	904	1819	5	0	0	4	17	0	0	0	17	0	0	1.5	17	0	0	0	17	0	0	2.165		99.9936	39.9775	0.0853808	0	0.853863	0.301939	13.4124	1		0.0088623	12.0616	43.7555	0	0	0	
2024-06-25 19:50:18	962	1820	9	0	0	1.5	7	0	0	0	7	0	0	6.25	7	0	0	0	7	0	0	4.113		99.9926	39.2912	0.0676047	0	0.676097	0.708162	20.1782	2		0.0088623	12.0616	43.1058	0	0	0	
2024-06-25 19:47:48	943	1821	5	0	0	7.75	32	0	0	0	32	0	0	5.25	32	0	0	0	32	0	0	2.165		99.9907	39.964	0.0895229	0	0.895312	0.559722	14.0635	1		0.0088623	12.0616	43.1058	0	0	0	
2024-06-25 19:48:26	948	1822	9	0	0	7.75	32	0	0	0	32	0	0	4	32	0	0	0	32	0	0	3.247		99.9899	39.9936	0.0605072	0	0.605134	0.219161	14.2581	1		0	12.0616	43.1058	0	0	0	
2024-06-25 19:44:33	919	1823	1	0	0	6	25	0	0	0	25	0	0	1.25	25	0	0	0	25	0	0	4.113		99.9903	40.284	0.0627708	0	0.627769	0.14623	18.7359	2		0	12.0616	43.4956	0	0	0	
2024-06-25 19:42:26	903	1824	5	0	0	4	17	0	0	0	17	0	0	3.5	17	0	0	0	17	0	0	0.433		99.9967	39.9776	0.477085	0	4.771	0.175293	14.9885	1		0	12.0616	43.8855	0	0	0	
2024-06-25 19:35:31	848	1825	1	0	0	0	1	0	0	0	1	0	0	1	1	0	0	0	1	0	0	0.866		100.013	39.5784	0.207293	0	2.07266	0.155039	13.0229	1		0	12.0616	47.394	0	0	0	
2024-06-25 19:38:12	869	1826	5	0	0	2	9	0	0	0	9	0	0	5.25	9	0	0	0	9	0	0	2.814		100.005	39.9614	0.0850853	0	0.850809	0.260778	17.3738	1		0	12.0616	45.4448	0	0	0	
2024-06-25 19:38:12	869	1827	9	0	0	2	9	0	0	0	9	0	0	4	9	0	0	0	9	0	0	1.732		100.005	39.9614	0.106109	0	1.06103	0.0615404	13.3333	1		0	12.0616	45.4448	0	0	0	
2024-06-25 19:54:21	994	1828	1	0	0	3.5	15	0	0	0	15	0	0	2.25	15	0	0	0	15	0	0	1.082		99.9899	39.5082	0.16534	0	1.65357	0.151132	12.9871	1		0	12.0616	43.1058	0	0	0	
2024-06-25 19:47:34	941	1829	1	0	0	7	29	0	0	0	29	0	0	3	29	0	0	0	29	0	0	3.464		99.9913	40.1599	0.0594588	0	0.59464	0.183327	14.9449	1		0	12.0616	43.1058	0	0	0	
2024-06-25 19:37:57	867	1830	1	0	0	1	5	0	0	0	5	0	0	2.5	5	0	0	0	5	0	0	1.299		100.01	39.2843	0.145327	0	1.45312	0.598434	13.6953	1		0	12.0616	45.5748	0	0	0	
2024-06-25 19:34:58	845	1831	5	0	0	0	1	0	0	0	1	0	0	6.75	1	0	0	0	1	0	0	5.845		100.012	39.6428	0.0400869	0	0.400821	0.116691	16.9994	1		0.0088623	11.9552	47.9138	0	0	0	
2024-06-25 19:51:18	970	1832	1	0	0	2.75	12	0	0	0	12	0	0	3	12	0	0	0	12	0	0	0.216		99.9919	40.458	0.776812	0	7.76874	0.182372	12.2031	1		0.0088623	11.9552	42.9758	0	0	0	
2024-06-25 19:43:42	913	1833	1	0	0	5	21	0	0	0	21	0	0	1	21	0	0	0	21	0	0	3.464		99.9973	40.2637	0.0660928	0	0.660945	0.450574	16.6114	1		0	12.0616	43.6256	0	0	0	
2024-06-25 19:56:30	1010	1834	1	0	0	0.5	3	0	0	7.25	3	0	0	2.75	3	0	0	5	3	0	0	1.168		99.994	21.7167	0.0703978	0	0.70402	0.19244	9.95285	2		0.0088623	12.0616	43.1058	0	0	0	
2024-06-25 19:52:01	976	1835	9	0	0	6.75	28	0	0	0	28	0	0	7	28	0	0	0	28	0	0	0.216		99.9906	39.8341	0.857836	0	8.57917	0.503092	13.4761	1		0	12.0616	42.9758	0	0	0	
2024-06-25 19:38:59	875	1836	1	0	0	2	9	0	0	0	9	0	0	0.75	9	0	0	0	9	0	0	1.082		100.004	39.9354	0.163195	0	1.63188	0.241975	12.8167	1		0	12.0616	45.055	0	0	0	
2024-06-25 19:40:07	884	1837	9	0	0	3	13	0	0	0	13	0	0	6	13	0	0	0	13	0	0	2.598		100.001	41.036	0.0790913	0	0.790902	0.107123	14.9081	1		0.0088623	12.0616	44.5352	0	0	0	
2024-06-25 19:40:15	885	1838	5	0	0	3	13	0	0	0	13	0	0	4.75	13	0	0	0	13	0	0	1.515		99.9994	41.0214	0.123418	0	1.23419	0.116501	13.5706	1		0	12.0616	44.4052	0	0	0	
2024-06-25 19:37:14	861	1839	9	0	0	1	5	0	0	0	5	0	0	7.75	5	0	0	0	5	0	0	5.845		100.011	39.2993	0.0390648	0	0.390603	0.367317	16.5661	1		0.0088623	12.0616	45.9646	0	0	0	
2024-06-25 19:37:06	860	1840	9	0	0	1	5	0	0	0	5	0	0	6.5	5	0	0	0	5	0	0	4.762		100.008	39.2958	0.0527568	0	0.527525	0.423602	18.23	1		0	12.0616	46.0945	0	0	0	
2024-06-25 19:44:50	921	1841	5	0	0	6	25	0	0	0	25	0	0	5.5	25	0	0	0	25	0	0	0.433		99.9921	40.2593	0.480243	0	4.80281	0.142915	15.0885	1		0	12.0616	43.2357	0	0	0	
2024-06-25 19:44:58	922	1842	5	0	0	6	25	0	0	0	25	0	0	4.25	25	0	0	0	25	0	0	1.515		99.9924	40.264	0.128398	0	1.28408	0.128538	14.1192	1		0	12.0616	43.3657	0	0	0	
2024-06-25 19:44:14	917	1843	5	0	0	5	21	0	0	0	21	0	0	2.75	21	0	0	0	21	0	0	1.948		99.9934	40.2252	0.0948581	0	0.948643	0.102917	13.4111	2		0	12.0616	43.4956	0	0	0	
2024-06-25 19:37:43	865	1844	1	0	0	1	5	0	0	0	5	0	0	0.5	5	0	0	0	5	0	0	0.433		100.01	39.3113	0.448518	0	4.48475	0.22556	14.0893	1		0.0088623	12.0616	45.7047	0	0	0	
2024-06-25 19:42:04	900	1845	1	0	0	4	17	0	0	0	17	0	0	0.75	17	0	0	0	17	0	0	2.814		99.9938	39.9925	0.0722864	0	0.72291	0.13494	14.7621	1		0	12.0616	44.0154	0	0	0	
2024-06-25 19:48:48	951	1846	1	0	0	7.75	32	0	0	0	32	0	0	3.25	32	0	0	0	32	0	0	3.897		99.9897	39.9919	0.0512465	0	0.512517	0.0724644	14.4911	1		0	12.0616	43.1058	0	0	0	
2024-06-25 19:55:41	1005	1847	1	0	0	2.75	12	0	0	5	12	0	0	0.5	12	0	0	7.25	12	0	0	1.168		99.9946	22.1547	0.0702118	0	0.702155	0.305442	9.92649	1		0.0088623	12.0616	43.1058	0	0	0	
2024-06-25 19:50:28	963	1848	9	0	0	1.25	6	0	0	0	6	0	0	6.5	6	0	0	0	6	0	0	4.546		99.9883	39.9434	0.0527856	0	0.527918	0.430117	17.4143	1		0	11.9552	42.9758	0	0	0	
2024-06-25 19:44:50	921	1849	1	0	0	6	25	0	0	0	25	0	0	0.5	25	0	0	0	25	0	0	4.762		99.9921	40.2593	0.0547369	0	0.547412	0.465725	18.9172	1		0	12.0616	43.2357	0	0	0	
2024-06-25 19:42:19	902	1850	5	0	0	4	17	0	0	0	17	0	0	2.75	17	0	0	0	17	0	0	1.082		99.9961	39.9877	0.1662	0	1.66207	0.1284	13.0539	1		0.0088623	12.0616	43.8855	0	0	0	
2024-06-25 19:34:58	845	1851	1	0	0	0	1	0	0	0	1	0	0	0.25	1	0	0	0	1	0	0	0.216		100.012	39.6428	0.795878	0	7.95782	0.172456	12.5001	1		0.0088623	11.9552	47.9138	0	0	0	
2024-06-25 19:39:38	880	1852	5	0	0	2	9	0	0	0	9	0	0	3.25	9	0	0	0	9	0	0	1.082		100.002	39.9175	0.166178	0	1.66175	0.0276349	13.0513	1		0.0088623	12.0616	44.6651	0	0	0	
2024-06-25 19:46:57	936	1853	1	0	0	7	29	0	0	0	29	0	0	1.75	29	0	0	0	29	0	0	4.546		99.9924	40.1796	0.0524296	0	0.524336	0.0343161	17.2961	1		0.0088623	12.0616	43.2357	0	0	0	
2024-06-25 19:35:38	849	1854	9	0	0	0	1	0	0	0	1	0	0	6	1	0	0	0	1	0	0	5.195		100.015	39.5726	0.0573002	0	0.572918	0.0251237	21.5985	1		0	12.0616	47.264	0	0	0	
2024-06-25 19:36:03	852	1855	5	0	0	0	1	0	0	0	1	0	0	4.75	1	0	0	0	1	0	0	4.113		100.013	39.5828	0.052254	0	0.522473	0.00346625	15.5933	1		0	12.0616	46.8742	0	0	0	
2024-06-25 19:53:38	988	1856	1	0	0	7.25	30	0	0	0	30	0	0	0.5	30	0	0	0	30	0	0	5.845		99.9907	40.1714	0.0545092	0	0.545143	0.565442	23.1203	1		0	12.0616	43.1058	0	0	0	
2024-06-25 19:43:13	909	1857	1	0	0	5	21	0	0	0	21	0	0	0.25	21	0	0	0	21	0	0	4.113		99.9964	40.2657	0.0512307	0	0.512326	0.120408	15.2904	1		0	12.0616	43.6256	0	0	0	
2024-06-25 19:42:48	906	1858	1	0	0	5	21	0	0	0	21	0	0	6.75	21	0	0	0	21	0	0	1.515		99.9953	40.3066	0.136056	0	1.36063	0.619195	14.9609	1		0.0088623	12.0616	43.7555	0	0	0	
2024-06-25 19:40:52	890	1859	1	0	0	3	13	0	0	0	13	0	0	2.25	13	0	0	0	13	0	0	0.649		100.001	40.9982	0.282762	0	2.8276	0.170252	13.3248	1		0.0088623	12.0616	44.2753	0	0	0	
2024-06-25 19:39:13	877	1860	1	0	0	2	9	0	0	0	9	0	0	0	9	0	0	0	9	0	0	1.732		100	39.9098	0.170002	0	1.70002	0.29119	21.363	2		0	12.0616	44.925	0	0	0	
2024-06-25 19:52:07	977	1861	9	0	0	6.5	27	0	0	0	27	0	0	7.25	27	0	0	0	27	0	0	0.649		99.9873	39.9824	0.318915	0	3.18955	0.167937	15.0304	1		0.0088623	12.0616	43.1058	0	0	0	
2024-06-25 19:48:11	946	1862	5	0	0	7.75	32	0	0	0	32	0	0	7.25	32	0	0	0	32	0	0	0.433		99.9913	39.9934	0.479734	0	4.79776	0.0838455	15.0726	1		0	12.0616	43.1058	0	0	0	
2024-06-25 19:53:45	989	1863	1	0	0	7.5	31	0	0	0	31	0	0	0.25	31	0	0	0	31	0	0	6.278		99.9871	39.819	0.035768	0	0.357726	0.124293	16.2955	1		0	12.0616	42.8459	0	0	0	
2024-06-25 19:50:56	967	1864	1	0	0	0.75	4	0	0	0	4	0	0	1	4	0	0	0	4	0	0	0.216		99.9955	39.9712	0.806605	0	8.06641	0.067125	12.6707	1		0	12.0616	42.9758	0	0	0	
2024-06-25 19:52:55	983	1865	1	0	0	5.5	23	0	0	0	23	0	0	2.25	23	0	0	0	23	0	0	2.814		99.9936	39.794	0.0957195	0	0.957257	0.237751	19.5475	2		0	12.0616	42.9758	0	0	0	
2024-06-25 19:41:49	898	1866	5	0	0	4	17	0	0	0	17	0	0	6.75	17	0	0	0	17	0	0	2.381		99.9943	40.0021	0.0841758	0	0.841806	0.0634488	14.5454	1		0	12.0616	44.0154	0	0	0	
2024-06-25 19:39:53	882	1867	5	0	0	3	13	0	0	0	13	0	0	5.25	13	0	0	0	13	0	0	1.948		100.001	41.0557	0.101145	0	1.01144	0.103773	14.2989	1		0	12.0616	44.6651	0	0	0	
2024-06-25 19:39:45	881	1868	5	0	0	3	13	0	0	0	13	0	0	4	13	0	0	0	13	0	0	0.866		100.002	41.0547	0.215669	0	2.15664	0.41202	13.5505	1		0	12.0616	44.6651	0	0	0	
2024-06-25 19:38:59	875	1869	9	0	0	2	9	0	0	0	9	0	0	7.25	9	0	0	0	9	0	0	4.546		100.004	39.9354	0.054091	0	0.540886	0.0761704	17.8421	1		0	12.0616	45.055	0	0	0	
2024-06-25 19:46:20	932	1870	5	0	0	7	29	0	0	0	29	0	0	7.5	29	0	0	0	29	0	0	0.433		99.9926	40.1819	0.457531	0	4.57565	0.20163	14.3748	1		0	12.0616	43.2357	0	0	0	
2024-06-25 19:46:27	933	1871	9	0	0	7	29	0	0	0	29	0	0	6.25	29	0	0	0	29	0	0	0.649		99.9935	40.14	0.315019	0	3.15039	0.181196	14.8459	4		0.0088623	12.0616	43.2357	0	0	0	
2024-06-25 19:36:49	858	1872	9	0	0	1	5	0	0	0	5	0	0	5.75	5	0	0	0	5	0	0	4.113		100.006	39.3362	0.0522816	0	0.522783	0.454885	15.6025	1		0.0088623	12.0616	46.3544	0	0	0	
2024-06-25 19:37:21	862	1873	9	0	0	1	5	0	0	0	5	0	0	4.5	5	0	0	0	5	0	0	3.031		100.01	39.3049	0.0729668	0	0.729595	0.296919	16.0446	1		0.0088623	12.0616	45.9646	0	0	0	
2024-06-25 19:45:47	928	1874	1	0	0	6	25	0	0	0	25	0	0	3.5	25	0	0	0	25	0	0	2.165		99.994	40.2786	0.0875531	0	0.875584	0.0565808	13.7536	1		0	12.0616	43.2357	0	0	0	
2024-06-25 19:41:13	893	1875	1	0	0	4	17	0	0	0	17	0	0	0	17	0	0	0	17	0	0	3.464		100	40.0401	0.0647372	0	0.647369	0.288676	16.2702	1		0.0088623	12.0616	44.1454	0	0	0	
2024-06-25 19:49:10	954	1876	5	0	0	7.75	32	0	0	0	32	0	0	2.5	32	0	0	0	32	0	0	4.546		99.9902	40.0111	0.0482017	0	0.482064	0.29455	15.9017	1		0	12.0616	42.9758	0	0	0	
2024-06-25 19:38:29	871	1877	1	0	0	2	9	0	0	0	9	0	0	2.5	9	0	0	0	9	0	0	0.433		100.003	39.9278	0.421259	0	4.21248	0.160744	13.2339	1		0	12.0616	45.3149	0	0	0	
2024-06-25 19:47:19	939	1878	1	0	0	7	29	0	0	0	29	0	0	1	29	0	0	0	29	0	0	5.195		99.991	40.1702	0.046371	0	0.463752	0.604015	17.483	1		0.0088623	12.0616	43.1058	0	0	0	
2024-06-25 19:35:31	848	1879	5	0	0	0	1	0	0	0	1	0	0	5.25	1	0	0	0	1	0	0	4.546		100.013	39.5784	0.051485	0	0.514783	0.107289	16.981	1		0	12.0616	47.394	0	0	0	
2024-06-25 19:35:52	851	1880	5	0	0	0	1	0	0	0	1	0	0	4	1	0	0	0	1	0	0	3.464		100.011	39.5791	0.0631171	0	0.631103	0.0700834	15.8613	2		0.0088623	12.0616	47.1341	0	0	0	
2024-06-25 19:48:55	952	1881	1	0	0	7.75	32	0	0	0	32	0	0	1.75	32	0	0	0	32	0	0	5.195		99.9892	39.9927	0.0433592	0	0.433639	0.405381	16.3478	1		0	12.0616	42.8459	0	0	0	
2024-06-25 19:43:28	911	1882	5	0	0	5	21	0	0	0	21	0	0	6	21	0	0	0	21	0	0	0.866		99.9963	40.2697	0.227071	0	2.27079	0.0715848	14.2678	1		0	12.0616	43.4956	0	0	0	
2024-06-25 19:43:20	910	1883	5	0	0	5	21	0	0	0	21	0	0	4.75	21	0	0	0	21	0	0	0.216		99.9941	40.2798	0.812167	0	8.12215	0.160241	12.7582	1		0.0088623	12.0616	43.6256	0	0	0	
2024-06-25 19:40:52	890	1884	5	0	0	3	13	0	0	0	13	0	0	1.5	13	0	0	0	13	0	0	1.299		100.001	40.9982	0.139721	0	1.39721	0.0560649	13.1683	1		0.0088623	12.0616	44.2753	0	0	0	
2024-06-25 19:48:18	947	1885	5	0	0	7.75	32	0	0	0	32	0	0	6.5	32	0	0	0	32	0	0	1.082		99.9923	39.9914	0.185424	0	1.85438	0.175111	14.5643	1		0	12.0616	43.1058	0	0	0	
2024-06-25 19:50:01	960	1886	9	0	0	2.25	10	0	0	0	10	0	0	5.5	10	0	0	0	10	0	0	2.814		99.9907	40.7356	0.0922457	0	0.922543	0.344762	18.8386	1		0.0088623	12.0616	43.1058	0	0	0	
2024-06-25 19:55:33	1004	1887	1	0	0	3	13	0	0	4.75	13	0	0	1.25	13	0	0	6.5	13	0	0	0.908		99.9948	22.4638	0.0790587	0	0.790628	0.723342	8.69341	1		0.0088623	12.0616	43.1058	0	0	0	
2024-06-25 19:41:49	898	1888	9	0	0	4	17	0	0	0	17	0	0	6	17	0	0	0	17	0	0	1.732		99.9943	40.0021	0.110816	0	1.10823	0.0355893	13.9264	1		0	12.0616	44.0154	0	0	0	
2024-06-25 19:41:41	897	1889	5	0	0	4	17	0	0	0	17	0	0	4.75	17	0	0	0	17	0	0	0.649		99.9932	39.9975	0.31465	0	3.14671	0.192071	14.8285	1		0	12.0616	44.0154	0	0	0	
2024-06-25 19:36:10	853	1890	5	0	0	0	1	0	0	0	1	0	0	2.25	1	0	0	0	1	0	0	1.948		100.013	39.5813	0.116342	0	1.16327	0.597461	16.4453	1		0.0088623	12.0616	46.7443	0	0	0	
2024-06-25 19:55:26	1003	1891	1	0	0	3.25	14	0	0	4.5	14	0	0	2	14	0	0	5.75	14	0	0	0.649		99.9929	22.0371	0.137027	0	1.37037	0.402064	10.7628	1		0	12.0616	43.1058	0	0	0	
2024-06-25 19:41:06	892	1892	1	0	0	3	13	0	0	0	13	0	0	3.25	13	0	0	0	13	0	0	0.216		99.9977	40.9957	0.798384	0	7.98403	0.124836	12.5413	1		0.0088623	12.0616	44.2753	0	0	0	
2024-06-25 19:38:59	875	1893	5	0	0	2	9	0	0	0	9	0	0	7.75	9	0	0	0	9	0	0	4.979		100.004	39.9354	0.0436249	0	0.43623	0.0762682	15.7603	1		0	12.0616	45.055	0	0	0	
2024-06-25 19:38:44	873	1894	5	0	0	2	9	0	0	0	9	0	0	6.5	9	0	0	0	9	0	0	3.897		100.004	39.938	0.0551524	0	0.551501	0.134877	15.5933	1		0	12.0616	45.1849	0	0	0	
2024-06-25 19:46:50	935	1895	9	0	0	7	29	0	0	0	29	0	0	5.5	29	0	0	0	29	0	0	1.299		99.9923	40.1905	0.151173	0	1.51185	0.283453	14.2488	1		0.0088623	12.0616	43.2357	0	0	0	
2024-06-25 19:46:42	934	1896	5	0	0	7	29	0	0	0	29	0	0	4.25	29	0	0	0	29	0	0	2.381		99.9946	40.177	0.0832059	0	0.832104	0.233478	14.3777	1		0	12.0616	43.2357	0	0	0	
2024-06-25 19:36:49	858	1897	5	0	0	1	5	0	0	0	5	0	0	5	5	0	0	0	5	0	0	3.464		100.006	39.3362	0.0610949	0	0.610911	0.485627	15.3539	1		0.0088623	12.0616	46.3544	0	0	0	
2024-06-25 19:37:57	867	1898	5	0	0	1	5	0	0	0	5	0	0	3.75	5	0	0	0	5	0	0	2.381		100.01	39.2843	0.0835699	0	0.835612	0.276472	14.4383	1		0	12.0616	45.5748	0	0	0	
2024-06-25 19:45:40	927	1899	5	0	0	6	25	0	0	0	25	0	0	2.75	25	0	0	0	25	0	0	2.814		99.9911	40.2402	0.0716616	0	0.71668	0.210173	14.6349	1		0	12.0616	43.2357	0	0	0	
2024-06-25 19:43:42	913	1900	5	0	0	5	21	0	0	0	21	0	0	2.25	21	0	0	0	21	0	0	2.381		99.9973	40.2637	0.080393	0	0.803951	0.0433184	13.8913	1		0	12.0616	43.6256	0	0	0	
2024-06-25 19:46:27	933	1901	1	0	0	7	29	0	0	0	29	0	0	0.25	29	0	0	0	29	0	0	5.845		99.9935	40.14	0.0388373	0	0.388399	1.37265	16.4726	4		0.0088623	12.0616	43.2357	0	0	0	
2024-06-25 19:36:34	856	1902	1	0	0	0	1	0	0	0	1	0	0	3.25	1	0	0	0	1	0	0	2.814		100.006	39.5863	0.0702824	0	0.702782	0.0421994	14.351	1		0.0088623	12.0616	46.4844	0	0	0	
2024-06-25 19:40:37	888	1903	5	0	0	3	13	0	0	0	13	0	0	7.25	13	0	0	0	13	0	0	3.68		100.001	41.0063	0.0697461	0	0.697456	0.217969	18.6246	1		0	12.0616	44.2753	0	0	0	
2024-06-25 19:44:25	918	1904	5	0	0	6	25	0	0	0	25	0	0	6.75	25	0	0	0	25	0	0	0.649		99.9916	40.2705	0.327545	0	3.27572	0.611017	15.4365	1		0.0088623	12.0616	43.4956	0	0	0	
2024-06-25 19:49:17	955	1905	9	0	0	3.75	16	0	0	0	16	0	0	4	16	0	0	0	16	0	0	0.216		99.9914	39.8792	0.905535	0	9.05613	0.446208	14.2253	1		0	12.0616	43.1058	0	0	0	
2024-06-25 19:48:55	952	1906	5	0	0	7.75	32	0	0	0	32	0	0	1	32	0	0	0	32	0	0	5.845		99.9892	39.9927	0.0388834	0	0.388876	0.0799334	16.4928	1		0	12.0616	42.8459	0	0	0	
2024-06-25 19:42:41	905	1907	5	0	0	5	21	0	0	0	21	0	0	5.25	21	0	0	0	21	0	0	0.216		99.9944	40.3213	0.83155	0	8.31596	0.85719	13.0627	1		0.0088623	12.0616	43.7555	0	0	0	
2024-06-25 19:42:55	907	1908	1	0	0	5	21	0	0	0	21	0	0	4	21	0	0	0	21	0	0	0.866		99.9925	40.2819	0.22278	0	2.22797	0.0137014	13.9988	2		0	12.0616	43.7555	0	0	0	
2024-06-25 19:40:59	891	1909	1	0	0	3	13	0	0	0	13	0	0	0.75	13	0	0	0	13	0	0	1.948		99.9989	40.9931	0.0975003	0	0.975013	0.363586	13.7839	1		0.0088623	12.0616	44.1454	0	0	0	
2024-06-25 19:36:57	859	1910	1	0	0	1	5	0	0	0	5	0	0	1.75	5	0	0	0	5	0	0	0.649		100.008	39.3009	0.289321	0	2.89296	0.0215188	13.6328	2		0	12.0616	46.2245	0	0	0	
2024-06-25 19:41:41	897	1911	1	0	0	4	17	0	0	0	17	0	0	2	17	0	0	0	17	0	0	1.732		99.9932	39.9975	0.106312	0	1.06319	0.210111	13.3604	1		0	12.0616	44.0154	0	0	0	
2024-06-25 19:48:03	945	1912	9	0	0	7.75	32	0	0	0	32	0	0	5.75	32	0	0	0	32	0	0	1.732		99.9888	39.9966	0.112946	0	1.12958	0.121264	14.1948	1		0	12.0616	43.1058	0	0	0	
2024-06-25 19:48:11	946	1913	9	0	0	7.75	32	0	0	0	32	0	0	4.5	32	0	0	0	32	0	0	2.814		99.9913	39.9934	0.0702269	0	0.70233	0.275722	14.3418	1		0	12.0616	43.1058	0	0	0	
2024-06-25 19:51:32	972	1914	1	0	0	2.25	10	0	0	0	10	0	0	3.5	10	0	0	0	10	0	0	1.082		99.9914	40.6775	0.166095	0	1.66109	0.147554	13.0462	1		0	12.0616	43.1058	0	0	0	
2024-06-25 19:50:49	966	1915	9	0	0	0.25	2	0	0	0	2	0	0	7.5	2	0	0	0	2	0	0	6.278		99.992	39.861	0.0372893	0	0.372923	0.175918	16.9878	1		0	11.9552	42.9758	0	0	0	
2024-06-25 19:44:25	918	1916	1	0	0	6	25	0	0	0	25	0	0	1.75	25	0	0	0	25	0	0	3.68		99.9916	40.2705	0.0742154	0	0.742216	0.96057	19.8198	1		0.0088623	12.0616	43.4956	0	0	0	
2024-06-25 19:41:20	894	1917	9	0	0	4	17	0	0	0	17	0	0	5.25	17	0	0	0	17	0	0	1.082		99.9964	40.0355	0.180594	0	1.80601	0.20445	14.1844	1		0.0088623	12.0616	44.1454	0	0	0	
2024-06-25 19:35:10	846	1918	1	0	0	0	1	0	0	0	1	0	0	1.5	1	0	0	0	1	0	0	1.299		100.016	39.5937	0.135751	0	1.3573	0.132988	12.7923	2		0.0088623	12.0616	47.9138	0	0	0	
2024-06-25 19:40:00	883	1919	1	0	0	3	13	0	0	0	13	0	0	2.5	13	0	0	0	13	0	0	0.433		99.9995	41.0456	0.425488	0	4.2549	0.355669	13.3672	1		0	11.9552	44.5352	0	0	0	
2024-06-25 19:38:37	872	1920	5	0	0	2	9	0	0	0	9	0	0	5.75	9	0	0	0	9	0	0	3.247		100.005	39.9375	0.0654304	0	0.654274	0.0207039	15.416	1		0.0088623	12.0616	45.1849	0	0	0	
2024-06-25 19:38:29	871	1921	9	0	0	2	9	0	0	0	9	0	0	4.5	9	0	0	0	9	0	0	2.165		100.003	39.9278	0.0894804	0	0.89478	0.0882979	14.0552	1		0	12.0616	45.3149	0	0	0	
2024-06-25 19:47:34	941	1922	5	0	0	7	29	0	0	0	29	0	0	3.5	29	0	0	0	29	0	0	3.031		99.9913	40.1599	0.0653111	0	0.653168	0.0430426	14.3639	1		0	12.0616	43.1058	0	0	0	
2024-06-25 19:37:50	866	1923	5	0	0	1	5	0	0	0	5	0	0	3	5	0	0	0	5	0	0	1.732		100.009	39.2987	0.107912	0	1.07903	0.156138	13.5595	1		0	12.0616	45.5748	0	0	0	
2024-06-25 19:35:20	847	1924	9	0	0	0	1	0	0	0	1	0	0	7.25	1	0	0	0	1	0	0	6.278		100.015	39.5703	0.0396475	0	0.396417	0.354492	18.058	2		0.0088623	12.0616	47.7838	0	0	0	
2024-06-25 19:44:14	917	1925	1	0	0	5	21	0	0	0	21	0	0	1.5	21	0	0	0	21	0	0	3.031		99.9934	40.2252	0.0698746	0	0.698791	0.351344	15.3672	2		0	12.0616	43.4956	0	0	0	
2024-06-25 19:39:38	880	1926	1	0	0	2	9	0	0	0	9	0	0	1.25	9	0	0	0	9	0	0	0.649		100.002	39.9175	0.275566	0	2.75561	0.10209	12.9855	1		0.0088623	12.0616	44.6651	0	0	0	
2024-06-25 19:54:00	991	1927	1	0	0	1.5	7	0	0	0	7	0	0	0.25	7	0	0	0	7	0	0	1.082		99.9898	39.1824	0.162489	0	1.62505	0.0580318	12.7632	1		0	12.0616	42.9758	0	0	0	
2024-06-25 19:36:17	854	1928	5	0	0	0	1	0	0	0	1	0	0	2.5	1	0	0	0	1	0	0	2.165		100.009	39.5658	0.0900229	0	0.900147	0.0481627	14.1395	2		0.0088623	12.0616	46.7443	0	0	0	
2024-06-25 19:53:13	985	1929	1	0	0	6.25	26	0	0	0	26	0	0	1.5	26	0	0	0	26	0	0	4.113		99.9937	40.1075	0.0589677	0	0.589715	0.835906	17.6001	2		0	12.0616	43.1058	0	0	0	
2024-06-25 19:54:57	999	1930	9	0	0	7.25	30	0	0	0	30	0	0	6.5	30	0	0	0	30	0	0	0.649		99.9937	40.1125	0.312148	0	3.12167	0.234102	14.7105	1		0.0088623	11.9552	42.9758	0	0	0	
2024-06-25 19:40:22	886	1931	5	0	0	3	13	0	0	0	13	0	0	7.75	13	0	0	0	13	0	0	4.113		99.9991	41.0183	0.0505058	0	0.505063	0.227198	15.0737	1		0	12.0616	44.4052	0	0	0	
2024-06-25 19:40:22	886	1932	9	0	0	3	13	0	0	0	13	0	0	6.5	13	0	0	0	13	0	0	3.031		99.9991	41.0183	0.0696582	0	0.696588	0.393429	15.3188	1		0	12.0616	44.4052	0	0	0	
2024-06-25 19:36:57	859	1933	5	0	0	1	5	0	0	0	5	0	0	7	5	0	0	0	5	0	0	5.195		100.008	39.3009	0.0443769	0	0.443731	0.077964	16.7283	2		0	12.0616	46.2245	0	0	0	
2024-06-25 19:45:05	923	1934	5	0	0	6	25	0	0	0	25	0	0	4.75	25	0	0	0	25	0	0	1.082		99.9917	40.2099	0.181076	0	1.81091	0.0260962	14.2229	2		0	12.0616	43.3657	0	0	0	
2024-06-25 19:48:18	947	1935	1	0	0	7.75	32	0	0	0	32	0	0	0.25	32	0	0	0	32	0	0	6.494		99.9923	39.9914	0.0338734	0	0.33876	0.28955	15.9637	1		0	12.0616	43.1058	0	0	0	
2024-06-25 19:43:50	914	1936	5	0	0	5	21	0	0	0	21	0	0	3.25	21	0	0	0	21	0	0	1.515		99.9942	40.2668	0.120089	0	1.20096	0.0590545	13.2053	1		0	12.0616	43.4956	0	0	0	
2024-06-25 19:41:06	892	1937	5	0	0	3	13	0	0	0	13	0	0	0	13	0	0	0	13	0	0	2.598		99.9977	40.9957	0.080681	0	0.806828	0.310164	15.2084	1		0.0088623	12.0616	44.2753	0	0	0	
2024-06-25 19:49:24	956	1938	9	0	0	3.5	15	0	0	0	15	0	0	4.25	15	0	0	0	15	0	0	0.649		99.993	39.6815	0.300476	0	3.00497	0.265082	14.1606	1		0.0088623	11.9552	43.1058	0	0	0	
2024-06-25 19:41:57	899	1939	1	0	0	4	17	0	0	0	17	0	0	1.25	17	0	0	0	17	0	0	2.381		99.9947	39.9833	0.0814478	0	0.814521	0.163069	14.0739	1		0.0088623	12.0616	44.0154	0	0	0	
2024-06-25 19:47:48	943	1940	9	0	0	7.75	32	0	0	0	32	0	0	5	32	0	0	0	32	0	0	2.381		99.9907	39.964	0.0811995	0	0.812071	0.505943	14.0316	1		0.0088623	12.0616	43.1058	0	0	0	
2024-06-25 19:49:02	953	1941	1	0	0	7.75	32	0	0	0	32	0	0	3.75	32	0	0	0	32	0	0	3.464		99.9896	40.0245	0.0577856	0	0.577916	0.319022	14.5246	1		0.0088623	12.0616	43.1058	0	0	0	
2024-06-25 19:56:19	1009	1942	1	0	0	1.25	6	0	0	6.5	6	0	0	3	6	0	0	4.75	6	0	0	0.908		99.9892	21.5797	0.0831647	0	0.831737	0.206874	9.14543	2		0.0088623	12.0616	43.1058	0	0	0	
2024-06-25 19:44:43	920	1943	1	0	0	6	25	0	0	0	25	0	0	1	25	0	0	0	25	0	0	4.33		99.9905	40.2702	0.0604084	0	0.604142	0.665118	18.9797	1		0	12.0616	43.2357	0	0	0	
2024-06-25 19:42:26	903	1944	1	0	0	4	17	0	0	0	17	0	0	3.25	17	0	0	0	17	0	0	0.649		99.9967	39.9776	0.301563	0	3.01573	0.191529	14.2113	1		0	12.0616	43.8855	0	0	0	
2024-06-25 19:35:52	851	1945	1	0	0	0	1	0	0	0	1	0	0	0.75	1	0	0	0	1	0	0	0.649		100.011	39.5791	0.343907	0	3.4387	0.252653	16.2045	2		0.0088623	12.0616	47.1341	0	0	0	
2024-06-25 19:55:47	1006	1946	1	0	0	3.5	15	0	0	4.25	15	0	0	3.75	15	0	0	4	15	0	0	0.13		99.9986	21.0294	0.641684	0	6.41693	0.278562	10.0797	1		0.0088623	11.973	43.1058	0	0	0	
2024-06-25 19:38:52	874	1947	9	0	0	2	9	0	0	0	9	0	0	5	9	0	0	0	9	0	0	2.598		100.005	39.9306	0.0762418	0	0.762382	0.0209172	14.3706	1		0	12.0616	44.925	0	0	0	
2024-06-25 19:38:19	870	1948	1	0	0	2	9	0	0	0	9	0	0	3.75	9	0	0	0	9	0	0	1.515		100.007	39.9277	0.132173	0	1.32164	0.16772	14.5322	2		0.0088623	12.0616	45.3149	0	0	0	
2024-06-25 19:47:19	939	1949	5	0	0	7	29	0	0	0	29	0	0	2.75	29	0	0	0	29	0	0	3.68		99.991	40.1702	0.0557443	0	0.557493	0.255051	14.887	1		0.0088623	12.0616	43.1058	0	0	0	
2024-06-25 19:46:50	935	1950	1	0	0	7	29	0	0	0	29	0	0	2.25	29	0	0	0	29	0	0	4.113		99.9923	40.1905	0.0514852	0	0.514892	0.0183154	15.367	1		0.0088623	12.0616	43.2357	0	0	0	
2024-06-25 19:35:10	846	1951	5	0	0	0	1	0	0	0	1	0	0	7.75	1	0	0	0	1	0	0	6.711		100.016	39.5937	0.0355565	0	0.355509	0.538679	17.3114	2		0.0088623	12.0616	47.9138	0	0	0	
2024-06-25 19:35:20	847	1952	5	0	0	0	1	0	0	0	1	0	0	6.5	1	0	0	0	1	0	0	5.628		100.015	39.5703	0.0411086	0	0.411026	0.0237694	16.7866	2		0.0088623	12.0616	47.7838	0	0	0	
2024-06-25 19:42:41	905	1953	1	0	0	5	21	0	0	0	21	0	0	0.75	21	0	0	0	21	0	0	3.68		99.9944	40.3213	0.0660706	0	0.660743	0.148572	17.6442	1		0.0088623	12.0616	43.7555	0	0	0	
2024-06-25 19:43:05	908	1954	5	0	0	5	21	0	0	0	21	0	0	7.25	21	0	0	0	21	0	0	1.948		99.9967	40.2779	0.113703	0	1.13706	0.419193	16.0749	1		0	12.0616	43.7555	0	0	0	
2024-06-25 19:54:50	998	1955	9	0	0	5.75	24	0	0	0	24	0	0	4	24	0	0	0	24	0	0	1.515		99.9945	40.2345	0.124547	0	1.24554	0.128019	13.6954	1		0.0088623	12.0616	43.1058	0	0	0	
2024-06-25 19:51:47	974	1956	9	0	0	4.5	19	0	0	0	19	0	0	5.25	19	0	0	0	19	0	0	0.649		99.9951	40.0702	0.312813	0	3.12829	0.0905621	14.7417	1		0.0088623	12.0616	43.1058	0	0	0	
2024-06-25 19:55:55	1007	1957	1	0	0	2.75	12	0	0	5	12	0	0	3.5	12	0	0	4.25	12	0	0	0.389		99.9954	22.1781	0.254131	0	2.54142	1.54324	11.9762	4		0	12.0616	43.1058	0	0	0	
2024-06-25 19:39:31	879	1958	5	0	0	2	9	0	0	0	9	0	0	0.5	9	0	0	0	9	0	0	1.299		100.004	39.9148	0.137116	0	1.3711	0.407154	12.9223	1		0	12.0616	44.7951	0	0	0	
2024-06-25 19:50:43	965	1959	9	0	0	0.5	3	0	0	0	3	0	0	7.25	3	0	0	0	3	0	0	5.845		99.9911	39.9519	0.0611291	0	0.611346	0.426876	25.9281	1		0.0088623	12.0616	43.1058	0	0	0	
2024-06-25 19:41:13	893	1960	9	0	0	4	17	0	0	0	17	0	0	7.25	17	0	0	0	17	0	0	2.814		100	40.0401	0.0761868	0	0.761864	0.622153	15.5575	1		0.0088623	12.0616	44.1454	0	0	0	
2024-06-25 19:40:00	883	1961	9	0	0	3	13	0	0	0	13	0	0	5.75	13	0	0	0	13	0	0	2.381		99.9995	41.0456	0.0803881	0	0.803885	0.23869	13.8901	1		0	11.9552	44.5352	0	0	0	
2024-06-25 19:39:53	882	1962	1	0	0	3	13	0	0	0	13	0	0	4.5	13	0	0	0	13	0	0	1.299		100.001	41.0557	0.141771	0	1.4177	0.209323	13.3615	1		0	12.0616	44.6651	0	0	0	
2024-06-25 19:46:02	930	1963	9	0	0	7	29	0	0	0	29	0	0	6.75	29	0	0	0	29	0	0	0.216		99.9943	40.1747	0.851844	0	8.51893	0.35007	13.3815	2		0	12.0616	43.2357	0	0	0	
2024-06-25 19:37:14	861	1964	5	0	0	1	5	0	0	0	5	0	0	7.5	5	0	0	0	5	0	0	5.628		100.011	39.2993	0.0407783	0	0.407737	0.573904	16.6522	1		0.0088623	12.0616	45.9646	0	0	0	
2024-06-25 19:36:42	857	1965	5	0	0	1	5	0	0	0	5	0	0	6.25	5	0	0	0	5	0	0	4.546		100.006	39.3286	0.0587886	0	0.587848	0.449575	19.3912	1		0.0088623	12.0616	46.3544	0	0	0	
2024-06-25 19:45:15	924	1966	9	0	0	6	25	0	0	0	25	0	0	5.25	25	0	0	0	25	0	0	0.649		99.9908	40.2327	0.308909	0	3.08937	0.0358415	14.5583	2		0.0088623	12.0616	43.3657	0	0	0	
2024-06-25 19:45:15	924	1967	5	0	0	6	25	0	0	0	25	0	0	4	25	0	0	0	25	0	0	1.732		99.9908	40.2327	0.110009	0	1.10019	0.0279678	13.8254	2		0.0088623	12.0616	43.3657	0	0	0	
2024-06-25 19:43:56	915	1968	1	0	0	5	21	0	0	0	21	0	0	2.5	21	0	0	0	21	0	0	2.165		99.9911	40.2366	0.100112	0	1.00121	0.114707	15.727	2		0	12.0616	43.2357	0	0	0	
2024-06-25 19:37:21	862	1969	1	0	0	1	5	0	0	0	5	0	0	0.25	5	0	0	0	5	0	0	0.649		100.01	39.3049	0.287888	0	2.87859	0.109631	13.565	1		0.0088623	12.0616	45.9646	0	0	0	
2024-06-25 19:42:19	902	1970	1	0	0	4	17	0	0	0	17	0	0	0.5	17	0	0	0	17	0	0	3.031		99.9961	39.9877	0.0664593	0	0.664619	0.197486	14.6157	1		0.0088623	12.0616	43.8855	0	0	0	
2024-06-25 19:48:48	951	1971	5	0	0	7.75	32	0	0	0	32	0	0	3	32	0	0	0	32	0	0	4.113		99.9897	39.9919	0.0493249	0	0.4933	0.0954653	14.7226	1		0	12.0616	43.1058	0	0	0	
2024-06-25 19:44:58	922	1972	1	0	0	6	25	0	0	0	25	0	0	0.25	25	0	0	0	25	0	0	4.979		99.9924	40.264	0.0476514	0	0.47655	0.0107798	17.217	1		0	12.0616	43.3657	0	0	0	
2024-06-25 19:52:44	982	1973	1	0	0	5.25	22	0	0	0	22	0	0	2.5	22	0	0	0	22	0	0	2.381		99.9961	40.2163	0.099463	0	0.994668	0.417577	17.1866	2		0.0088623	12.0616	43.1058	0	0	0	
2024-06-25 19:41:28	895	1974	1	0	0	4	17	0	0	0	17	0	0	2.5	17	0	0	0	17	0	0	1.299		99.9982	40.0164	0.141434	0	1.41437	0.51466	13.3301	1		0	12.0616	44.1454	0	0	0	
2024-06-25 19:38:52	874	1975	1	0	0	2	9	0	0	0	9	0	0	3	9	0	0	0	9	0	0	0.866		100.005	39.9306	0.209563	0	2.09553	0.148259	13.1666	1		0	12.0616	44.925	0	0	0	
2024-06-25 19:47:05	937	1976	1	0	0	7	29	0	0	0	29	0	0	1.5	29	0	0	0	29	0	0	4.762		99.996	40.18	0.0474772	0	0.474791	0.0516033	16.4076	1		0	12.0616	43.2357	0	0	0	
2024-06-25 19:35:38	849	1977	5	0	0	0	1	0	0	0	1	0	0	5.75	1	0	0	0	1	0	0	4.979		100.015	39.5726	0.0453208	0	0.453142	0.0220405	16.3713	1		0	12.0616	47.264	0	0	0	
2024-06-25 19:36:03	852	1978	9	0	0	0	1	0	0	0	1	0	0	4.5	1	0	0	0	1	0	0	3.897		100.013	39.5828	0.0542121	0	0.542051	0.058249	15.3261	1		0	12.0616	46.8742	0	0	0	
2024-06-25 19:43:05	908	1979	1	0	0	5	21	0	0	0	21	0	0	0	21	0	0	0	21	0	0	4.33		99.9967	40.2779	0.0510347	0	0.510364	0.276902	16.0336	1		0	12.0616	43.7555	0	0	0	
2024-06-25 19:47:55	944	1980	1	0	0	7.75	32	0	0	0	32	0	0	2.25	32	0	0	0	32	0	0	4.762		99.9911	39.9857	0.0439063	0	0.439102	0.131009	15.1743	1		0	12.0616	43.1058	0	0	0	
2024-06-25 19:42:48	906	1981	5	0	0	5	21	0	0	0	21	0	0	7.75	21	0	0	0	21	0	0	2.381		99.9953	40.3066	0.0834202	0	0.834242	0.163295	14.4147	1		0.0088623	12.0616	43.7555	0	0	0	
2024-06-25 19:43:20	910	1982	9	0	0	5	21	0	0	0	21	0	0	6.5	21	0	0	0	21	0	0	1.299		99.9941	40.2798	0.151727	0	1.51736	0.0708795	14.3008	1		0.0088623	12.0616	43.6256	0	0	0	
2024-06-25 19:40:37	888	1983	1	0	0	3	13	0	0	0	13	0	0	2	13	0	0	0	13	0	0	0.866		100.001	41.0063	0.20854	0	2.08538	0.323225	13.1028	1		0	12.0616	44.2753	0	0	0	
2024-06-25 19:52:30	980	1984	1	0	0	4.5	19	0	0	0	19	0	0	3.25	19	0	0	0	19	0	0	1.082		99.9924	39.9702	0.170408	0	1.70421	0.362337	13.3848	1		0.0088623	12.0616	42.8459	0	0	0	
2024-06-25 19:48:40	950	1985	5	0	0	7.75	32	0	0	0	32	0	0	7	32	0	0	0	32	0	0	0.649		99.9864	39.9902	0.324018	0	3.24062	0.109702	15.2711	1		0	12.0616	43.1058	0	0	0	
2024-06-25 19:54:43	997	1986	9	0	0	5.5	23	0	0	0	23	0	0	4.25	23	0	0	0	23	0	0	1.082		99.9963	39.7232	0.181624	0	1.81631	0.480404	14.2652	1		0	11.9552	43.1058	0	0	0	
2024-06-25 19:53:30	987	1987	1	0	0	6.75	28	0	0	0	28	0	0	1	28	0	0	0	28	0	0	4.979		99.989	39.7316	0.0584583	0	0.584647	0.917343	21.1223	1		0	12.0616	43.1058	0	0	0	
2024-06-25 19:51:54	975	1988	9	0	0	4.25	18	0	0	0	18	0	0	5.5	18	0	0	0	18	0	0	1.082		99.9908	40.0003	0.183616	0	1.83633	0.503248	14.4225	1		0	12.0616	42.7159	0	0	0	
2024-06-25 19:41:20	894	1989	5	0	0	4	17	0	0	0	17	0	0	7.75	17	0	0	0	17	0	0	3.247		99.9964	40.0355	0.0621752	0	0.621774	0.0338923	14.6502	1		0.0088623	12.0616	44.1454	0	0	0	
2024-06-25 19:41:35	896	1990	9	0	0	4	17	0	0	0	17	0	0	6.5	17	0	0	0	17	0	0	2.165		99.9957	40.0004	0.090535	0	0.905388	0.271822	14.2218	1		0	12.0616	44.0154	0	0	0	
2024-06-25 19:40:00	883	1991	5	0	0	3	13	0	0	0	13	0	0	5	13	0	0	0	13	0	0	1.732		99.9995	41.0456	0.106542	0	1.06543	0.235361	13.3886	1		0	11.9552	44.5352	0	0	0	
2024-06-25 19:40:07	884	1992	1	0	0	3	13	0	0	0	13	0	0	3.75	13	0	0	0	13	0	0	0.649		100.001	41.036	0.29329	0	2.93286	0.228486	13.8208	1		0.0088623	12.0616	44.5352	0	0	0	
2024-06-25 19:38:44	873	1993	9	0	0	2	9	0	0	0	9	0	0	7	9	0	0	0	9	0	0	4.33		100.004	39.938	0.0497621	0	0.4976	0.279351	15.6326	1		0	12.0616	45.1849	0	0	0	
2024-06-25 19:47:05	937	1994	5	0	0	7	29	0	0	0	29	0	0	6	29	0	0	0	29	0	0	0.866		99.996	40.18	0.233481	0	2.3349	0.166388	14.6706	1		0	12.0616	43.2357	0	0	0	
2024-06-25 19:46:42	934	1995	1	0	0	7	29	0	0	0	29	0	0	4.75	29	0	0	0	29	0	0	1.948		99.9946	40.177	0.100305	0	1.0031	0.27632	14.181	1		0	12.0616	43.2357	0	0	0	
2024-06-25 19:37:35	864	1996	5	0	0	1	5	0	0	0	5	0	0	5.5	5	0	0	0	5	0	0	3.897		100.006	39.3157	0.0700215	0	0.700176	0.45998	19.797	1		0	12.0616	45.8346	0	0	0	
2024-06-25 19:37:28	863	1997	9	0	0	1	5	0	0	0	5	0	0	4.25	5	0	0	0	5	0	0	2.814		100.009	39.3124	0.0733099	0	0.73303	0.373755	14.9687	1		0.0088623	12.0616	45.8346	0	0	0	
2024-06-25 19:45:54	929	1998	5	0	0	6	25	0	0	0	25	0	0	3.25	25	0	0	0	25	0	0	2.381		99.9903	40.2542	0.0836111	0	0.836192	0.275598	14.4484	1		0	12.0616	43.2357	0	0	0	
2024-06-25 19:51:11	969	1999	1	0	0	0.25	2	0	0	0	2	0	0	1.5	2	0	0	0	2	0	0	1.082		99.9933	39.8529	0.161899	0	1.6191	0.0220065	12.7163	1		0.0088623	12.0616	42.9758	0	0	0	
2024-06-25 19:46:13	931	2000	1	0	0	7	29	0	0	0	29	0	0	0.75	29	0	0	0	29	0	0	5.412		99.9903	40.1786	0.0450206	0	0.45025	0.122972	17.6813	1		0	12.0616	43.2357	0	0	0	
2024-06-25 19:35:45	850	2001	9	0	0	0	1	0	0	0	1	0	0	5	1	0	0	0	1	0	0	4.33		100.013	39.569	0.0497714	0	0.49765	0.187826	15.6341	1		0.0088623	12.0616	47.264	0	0	0	
2024-06-25 19:36:03	852	2002	1	0	0	0	1	0	0	0	1	0	0	3.75	1	0	0	0	1	0	0	3.247		100.013	39.5828	0.0633069	0	0.632988	0.0262504	14.9144	1		0	12.0616	46.8742	0	0	0	
2024-06-25 19:55:04	1000	2003	9	0	0	7.5	31	0	0	0	31	0	0	6.25	31	0	0	0	31	0	0	1.082		99.9928	39.7254	0.179738	0	1.79751	0.428208	14.1176	1		0.0088623	12.0616	43.1058	0	0	0	
2024-06-25 19:52:15	978	2004	9	0	0	6.25	26	0	0	0	26	0	0	7.5	26	0	0	0	26	0	0	1.082		99.9881	40.1086	0.181369	0	1.81391	0.125057	14.2464	1		0.0088623	12.0616	42.9758	0	0	0	
2024-06-25 19:44:43	920	2005	9	0	0	6	25	0	0	0	25	0	0	7.25	25	0	0	0	25	0	0	1.082		99.9905	40.2702	0.208515	0	2.08535	0.0914733	16.3783	1		0	12.0616	43.2357	0	0	0	
2024-06-25 19:48:26	948	2006	1	0	0	7.75	32	0	0	0	32	0	0	1.5	32	0	0	0	32	0	0	5.412		99.9899	39.9936	0.0395688	0	0.395728	0.350895	15.5402	1		0	12.0616	43.1058	0	0	0	
2024-06-25 19:43:13	909	2007	9	0	0	5	21	0	0	0	21	0	0	5.75	21	0	0	0	21	0	0	0.649		99.9964	40.2657	0.30729	0	3.07301	0.217404	14.4812	1		0	12.0616	43.6256	0	0	0	
2024-06-25 19:43:05	908	2008	9	0	0	5	21	0	0	0	21	0	0	4.5	21	0	0	0	21	0	0	0.433		99.9967	40.2779	0.447352	0	4.47367	0.252229	14.0544	1		0	12.0616	43.7555	0	0	0	
2024-06-25 19:40:44	889	2009	5	0	0	3	13	0	0	0	13	0	0	1.25	13	0	0	0	13	0	0	1.515		100.001	41.0167	0.120568	0	1.20567	0.232174	13.257	1		0	12.0616	44.2753	0	0	0	
2024-06-25 19:36:42	857	2010	1	0	0	1	5	0	0	0	5	0	0	2.25	5	0	0	0	5	0	0	1.082		100.006	39.3286	0.161688	0	1.61678	0.320057	12.6982	1		0.0088623	12.0616	46.3544	0	0	0	
2024-06-25 19:51:03	968	2011	1	0	0	0.5	3	0	0	0	3	0	0	1.25	3	0	0	0	3	0	0	0.649		99.9942	39.93	0.29202	0	2.92037	0.430972	13.7619	1		0.0088623	12.0616	42.9758	0	0	0	
2024-06-25 19:49:46	959	2012	9	0	0	2.5	11	0	0	0	11	0	0	5.25	11	0	0	0	11	0	0	2.381		99.9912	40.3598	0.107998	0	1.08008	1.02733	18.6624	4		0	12.0616	43.1058	0	0	0	
2024-06-25 19:48:33	949	2013	5	0	0	7.75	32	0	0	0	32	0	0	7.5	32	0	0	0	32	0	0	0.216		99.9882	40.0077	0.930026	0	9.30136	0.149405	14.6105	1		0	12.0616	43.1058	0	0	0	
2024-06-25 19:47:55	944	2014	5	0	0	7.75	32	0	0	0	32	0	0	6.25	32	0	0	0	32	0	0	1.299		99.9911	39.9857	0.153817	0	1.53831	0.29574	14.4982	1		0	12.0616	43.1058	0	0	0	
2024-06-25 19:52:23	979	2015	1	0	0	4.25	18	0	0	0	18	0	0	3.5	18	0	0	0	18	0	0	0.649		99.9933	40.0157	0.302108	0	3.02128	0.0828464	14.2375	1		0	12.0616	42.9758	0	0	0	
2024-06-25 19:45:47	928	2016	5	0	0	6	25	0	0	0	25	0	0	2.25	25	0	0	0	25	0	0	3.247		99.994	40.2786	0.0649552	0	0.649591	0.0720903	15.3056	1		0	12.0616	43.2357	0	0	0	
2024-06-25 19:54:36	996	2017	9	0	0	5.25	22	0	0	0	22	0	0	4.5	22	0	0	0	22	0	0	0.649		99.9949	40.0865	0.311817	0	3.11833	0.0089295	14.6948	1		0	12.0616	43.1058	0	0	0	
2024-06-25 19:41:41	897	2018	9	0	0	4	17	0	0	0	17	0	0	5.75	17	0	0	0	17	0	0	1.515		99.9932	39.9975	0.12538	0	1.25389	0.134762	13.7872	1		0	12.0616	44.0154	0	0	0	
2024-06-25 19:41:57	899	2019	5	0	0	4	17	0	0	0	17	0	0	4.5	17	0	0	0	17	0	0	0.433		99.9947	39.9833	0.488665	0	4.88691	0.0757939	15.3527	1		0.0088623	12.0616	44.0154	0	0	0	
2024-06-25 19:35:38	849	2020	1	0	0	0	1	0	0	0	1	0	0	2	1	0	0	0	1	0	0	1.732		100.015	39.5726	0.170879	0	1.70854	0.746831	21.4702	1		0	12.0616	47.264	0	0	0	
2024-06-25 19:38:52	874	2021	5	0	0	2	9	0	0	0	9	0	0	7.5	9	0	0	0	9	0	0	4.762		100.005	39.9306	0.0455143	0	0.455121	0.172835	15.7279	1		0	12.0616	44.925	0	0	0	
2024-06-25 19:38:29	871	2022	5	0	0	2	9	0	0	0	9	0	0	6.25	9	0	0	0	9	0	0	3.68		100.003	39.9278	0.0602149	0	0.602133	0.246946	16.0791	1		0	12.0616	45.3149	0	0	0	
2024-06-25 19:46:27	933	2023	5	0	0	7	29	0	0	0	29	0	0	5.25	29	0	0	0	29	0	0	1.515		99.9935	40.14	0.127412	0	1.27421	0.420035	14.0106	4		0.0088623	12.0616	43.2357	0	0	0	
2024-06-25 19:46:57	936	2024	5	0	0	7	29	0	0	0	29	0	0	4	29	0	0	0	29	0	0	2.598		99.9924	40.1796	0.0758265	0	0.758323	0.0227442	14.294	1		0.0088623	12.0616	43.2357	0	0	0	
2024-06-25 19:37:35	864	2025	1	0	0	1	5	0	0	0	5	0	0	3.5	5	0	0	0	5	0	0	2.165		100.006	39.3157	0.0849889	0	0.849841	0.0271956	13.3493	1		0	12.0616	45.8346	0	0	0	
2024-06-25 19:45:05	923	2026	1	0	0	6	25	0	0	0	25	0	0	2.5	25	0	0	0	25	0	0	3.031		99.9917	40.2099	0.0798577	0	0.798643	0.0364432	17.5631	2		0	12.0616	43.3657	0	0	0	
2024-06-25 19:54:28	995	2027	1	0	0	3.75	16	0	0	0	16	0	0	2	16	0	0	0	16	0	0	1.515		99.9927	39.7258	0.128511	0	1.28521	0.0817966	14.1316	1		0	12.0616	43.1058	0	0	0	
2024-06-25 19:43:50	914	2028	1	0	0	5	21	0	0	0	21	0	0	2	21	0	0	0	21	0	0	2.598		99.9942	40.2668	0.0782603	0	0.782648	0.203525	14.7526	1		0	12.0616	43.4956	0	0	0	
2024-06-25 19:39:06	876	2029	1	0	0	2	9	0	0	0	9	0	0	1.75	9	0	0	0	9	0	0	0.216		99.9989	39.9245	0.771623	0	7.71632	0.072261	12.1208	1		0.0088623	12.0616	45.055	0	0	0	
2024-06-25 19:46:20	932	2030	1	0	0	7	29	0	0	0	29	0	0	0	29	0	0	0	29	0	0	6.061		99.9926	40.1819	0.0395265	0	0.395294	0.155528	17.3859	1		0	12.0616	43.2357	0	0	0	
2024-06-25 19:36:27	855	2031	5	0	0	0	1	0	0	0	1	0	0	3	1	0	0	0	1	0	0	2.598		100.008	39.5464	0.0771947	0	0.771884	0.129827	14.5497	1		0.0088623	11.9552	46.6143	0	0	0	
2024-06-25 19:40:07	884	2032	5	0	0	3	13	0	0	0	13	0	0	7	13	0	0	0	13	0	0	3.464		100.001	41.036	0.0591519	0	0.59151	0.016144	14.8663	1		0.0088623	12.0616	44.5352	0	0	0	
2024-06-25 19:45:25	925	2033	5	0	0	6	25	0	0	0	25	0	0	7.75	25	0	0	0	25	0	0	1.515		99.9939	40.254	0.13344	0	1.33448	0.152359	14.6734	1		0	12.0616	43.2357	0	0	0	
2024-06-25 19:44:25	918	2034	9	0	0	6	25	0	0	0	25	0	0	6.5	25	0	0	0	25	0	0	0.433		99.9916	40.2705	0.494802	0	4.94844	0.887943	15.546	1		0.0088623	12.0616	43.4956	0	0	0	
2024-06-25 19:47:48	943	2035	1	0	0	7.75	32	0	0	0	32	0	0	0.75	32	0	0	0	32	0	0	6.061		99.9907	39.964	0.0384192	0	0.384228	0.27119	16.8992	1		0.0088623	12.0616	43.1058	0	0	0	
2024-06-25 19:43:56	915	2036	5	0	0	5	21	0	0	0	21	0	0	3.75	21	0	0	0	21	0	0	1.082		99.9911	40.2366	0.175643	0	1.75658	0.0513707	13.7962	2		0	12.0616	43.2357	0	0	0	
2024-06-25 19:40:59	891	2037	5	0	0	3	13	0	0	0	13	0	0	0.5	13	0	0	0	13	0	0	2.165		99.9989	40.9931	0.0883417	0	0.883426	0.049684	13.8768	1		0.0088623	12.0616	44.1454	0	0	0	
2024-06-25 19:38:04	868	2038	1	0	0	1	5	0	0	0	5	0	0	1.5	5	0	0	0	5	0	0	0.433		100.011	39.261	0.442953	0	4.42906	0.187288	13.9143	1		0	12.0616	45.4448	0	0	0	
2024-06-25 19:56:09	1008	2039	1	0	0	2	9	0	0	5.75	9	0	0	3.25	9	0	0	4.5	9	0	0	0.649		99.9935	21.7303	0.135465	0	1.35474	0.0911854	10.6401	2		0	12.0616	43.1058	0	0	0	
2024-06-25 19:41:49	898	2040	1	0	0	4	17	0	0	0	17	0	0	1.75	17	0	0	0	17	0	0	1.948		99.9943	40.0021	0.0957034	0	0.957088	0.0231909	13.5305	1		0	12.0616	44.0154	0	0	0	
2024-06-25 19:51:25	971	2041	1	0	0	2.5	11	0	0	0	11	0	0	3.25	11	0	0	0	11	0	0	0.649		99.9914	40.335	0.285145	0	2.85169	0.198718	13.4383	1		0.0088623	12.0616	43.1058	0	0	0	
2024-06-25 19:48:33	949	2042	9	0	0	7.75	32	0	0	0	32	0	0	5.5	32	0	0	0	32	0	0	1.948		99.9882	40.0077	0.10249	0	1.02502	0.254303	14.4908	1		0	12.0616	43.1058	0	0	0	
2024-06-25 19:47:55	944	2043	9	0	0	7.75	32	0	0	0	32	0	0	4.25	32	0	0	0	32	0	0	3.031		99.9911	39.9857	0.065672	0	0.656778	0.192042	14.4433	1		0	12.0616	43.1058	0	0	0	
2024-06-25 19:45:15	924	2044	1	0	0	6	25	0	0	0	25	0	0	1.5	25	0	0	0	25	0	0	3.897		99.9908	40.2327	0.0626843	0	0.626901	0.132254	17.7252	2		0.0088623	12.0616	43.3657	0	0	0	
2024-06-25 19:41:28	895	2045	9	0	0	4	17	0	0	0	17	0	0	5	17	0	0	0	17	0	0	0.866		99.9982	40.0164	0.225165	0	2.25169	0.133384	14.1478	1		0	12.0616	44.1454	0	0	0	
2024-06-25 19:42:11	901	2046	1	0	0	4	17	0	0	0	17	0	0	3.75	17	0	0	0	17	0	0	0.216		99.9991	39.9957	0.896542	0	8.96549	0.171005	14.083	1		0.0088623	12.0616	43.8855	0	0	0	
2024-06-25 19:36:10	853	2047	1	0	0	0	1	0	0	0	1	0	0	1.25	1	0	0	0	1	0	0	1.082		100.013	39.5813	0.162275	0	1.62253	0.106149	12.7434	1		0.0088623	12.0616	46.7443	0	0	0	
2024-06-25 19:38:19	870	2048	9	0	0	2	9	0	0	0	9	0	0	5.5	9	0	0	0	9	0	0	3.031		100.007	39.9277	0.147094	0	1.47084	0.449841	32.3455	2		0.0088623	12.0616	45.3149	0	0	0	
2024-06-25 19:39:06	876	2049	9	0	0	2	9	0	0	0	9	0	0	4.25	9	0	0	0	9	0	0	1.948		99.9989	39.9245	0.0983937	0	0.983948	0.0783467	13.9102	1		0.0088623	12.0616	45.055	0	0	0	
2024-06-25 19:47:27	940	2050	1	0	0	7	29	0	0	0	29	0	0	3.25	29	0	0	0	29	0	0	3.247		99.9923	40.1696	0.0620359	0	0.620406	0.251414	14.618	1		0	12.0616	43.1058	0	0	0	
2024-06-25 19:37:43	865	2051	5	0	0	1	5	0	0	0	5	0	0	2.75	5	0	0	0	5	0	0	1.515		100.01	39.3113	0.117255	0	1.17244	0.112563	12.8916	1		0.0088623	12.0616	45.7047	0	0	0	
2024-06-25 19:34:58	845	2052	9	0	0	0	1	0	0	0	1	0	0	7	1	0	0	0	1	0	0	6.061		100.012	39.6428	0.0387844	0	0.387797	0.929685	17.0562	1		0.0088623	11.9552	47.9138	0	0	0	
2024-06-25 19:44:06	916	2053	5	0	0	5	21	0	0	0	21	0	0	1.25	21	0	0	0	21	0	0	3.247		99.9938	40.2309	0.073343	0	0.733475	0.67664	17.2821	1		0.0088623	12.0616	43.4956	0	0	0	
2024-06-25 19:39:24	878	2054	1	0	0	2	9	0	0	0	9	0	0	1	9	0	0	0	9	0	0	0.866		100.001	39.9173	0.202149	0	2.02146	0.168164	12.7012	1		0	12.0616	44.7951	0	0	0	
2024-06-25 19:40:37	888	2055	9	0	0	3	13	0	0	0	13	0	0	7.5	13	0	0	0	13	0	0	3.897		100.001	41.0063	0.0529864	0	0.52986	0.0247035	14.9814	1		0	12.0616	44.2753	0	0	0	
2024-06-25 19:40:15	885	2056	9	0	0	3	13	0	0	0	13	0	0	6.25	13	0	0	0	13	0	0	2.814		99.9994	41.0214	0.0776825	0	0.77683	0.17782	15.8631	1		0	12.0616	44.4052	0	0	0	
2024-06-25 19:46:02	930	2057	5	0	0	7	29	0	0	0	29	0	0	7.25	29	0	0	0	29	0	0	0.216		99.9943	40.1747	0.796041	0	7.96087	0.38763	12.5049	2		0	12.0616	43.2357	0	0	0	
2024-06-25 19:36:57	859	2058	9	0	0	1	5	0	0	0	5	0	0	6.75	5	0	0	0	5	0	0	4.979		100.008	39.3009	0.0551826	0	0.551779	0.502876	19.9348	2		0	12.0616	46.2245	0	0	0	
2024-06-25 19:44:33	919	2059	9	0	0	6	25	0	0	0	25	0	0	5.75	25	0	0	0	25	0	0	0.216		99.9903	40.284	0.865293	0	8.65377	0.0759802	13.5933	2		0	12.0616	43.4956	0	0	0	
2024-06-25 19:44:58	922	2060	9	0	0	6	25	0	0	0	25	0	0	4.5	25	0	0	0	25	0	0	1.299		99.9924	40.264	0.149697	0	1.49708	0.116382	14.1097	1		0	12.0616	43.3657	0	0	0	
2024-06-25 19:48:40	950	2061	1	0	0	7.75	32	0	0	0	32	0	0	0	32	0	0	0	32	0	0	6.711		99.9864	39.9902	0.0352537	0	0.352585	0.669189	17.169	1		0	12.0616	43.1058	0	0	0	
2024-06-25 19:43:34	912	2062	1	0	0	5	21	0	0	0	21	0	0	3	21	0	0	0	21	0	0	1.732		99.9939	40.274	0.107447	0	1.07453	0.0852057	13.503	1		0	12.0616	43.6256	0	0	0	
2024-06-25 19:37:14	861	2063	1	0	0	1	5	0	0	0	5	0	0	0.75	5	0	0	0	5	0	0	0.216		100.011	39.2993	0.802444	0	8.02352	0.214249	12.6033	1		0.0088623	12.0616	45.9646	0	0	0	
2024-06-25 19:53:06	984	2064	1	0	0	5.75	24	0	0	0	24	0	0	2	24	0	0	0	24	0	0	3.247		99.9892	40.3915	0.0696472	0	0.696547	0.991107	16.412	1		0	12.0616	43.1058	0	0	0	
2024-06-25 19:41:20	894	2065	1	0	0	4	17	0	0	0	17	0	0	1	17	0	0	0	17	0	0	2.598		99.9964	40.0355	0.0739552	0	0.739579	0.24101	13.9407	1		0.0088623	12.0616	44.1454	0	0	0	
2024-06-25 19:48:33	949	2066	1	0	0	7.75	32	0	0	0	32	0	0	3.5	32	0	0	0	32	0	0	3.68		99.9882	40.0077	0.0533593	0	0.533656	0.104537	14.2505	1		0	12.0616	43.1058	0	0	0	
2024-06-25 19:45:40	927	2067	1	0	0	6	25	0	0	0	25	0	0	0.75	25	0	0	0	25	0	0	4.546		99.9911	40.2402	0.0568747	0	0.568797	0.117626	18.7628	1		0	12.0616	43.2357	0	0	0	
2024-06-25 19:42:11	901	2068	5	0	0	4	17	0	0	0	17	0	0	3	17	0	0	0	17	0	0	0.866		99.9991	39.9957	0.214213	0	2.14215	0.33471	13.4595	1		0.0088623	12.0616	43.8855	0	0	0	
2024-06-25 19:35:20	847	2069	1	0	0	0	1	0	0	0	1	0	0	0.5	1	0	0	0	1	0	0	0.433		100.015	39.5703	0.426818	0	4.26755	0.00890042	13.4069	2		0.0088623	12.0616	47.7838	0	0	0	
2024-06-25 19:55:19	1002	2070	1	0	0	3.5	15	0	0	4.25	15	0	0	2.75	15	0	0	5	15	0	0	0.389		99.9892	21.0019	0.258614	0	2.58642	0.00760408	12.1882	1		0.0088623	12.0616	43.1058	0	0	0	
2024-06-25 19:39:31	879	2071	1	0	0	2	9	0	0	0	9	0	0	3.5	9	0	0	0	9	0	0	1.299		100.004	39.9148	0.145577	0	1.45571	0.331568	13.7198	1		0	12.0616	44.7951	0	0	0	
2024-06-25 19:47:41	942	2072	1	0	0	7	29	0	0	0	29	0	0	2.5	29	0	0	0	29	0	0	3.897		99.9915	40.1489	0.0570889	0	0.570937	0.264448	16.1429	1		0	12.0616	43.1058	0	0	0	
2024-06-25 19:47:27	940	2073	5	0	0	7	29	0	0	0	29	0	0	2	29	0	0	0	29	0	0	4.33		99.9923	40.1696	0.0502476	0	0.502515	0.167265	15.787	1		0	12.0616	43.1058	0	0	0	
2024-06-25 19:35:10	846	2074	9	0	0	0	1	0	0	0	1	0	0	7.5	1	0	0	0	1	0	0	6.494		100.016	39.5937	0.0361107	0	0.36105	0.487608	17.0141	2		0.0088623	12.0616	47.9138	0	0	0	
2024-06-25 19:35:45	850	2075	5	0	0	0	1	0	0	0	1	0	0	6.25	1	0	0	0	1	0	0	5.412		100.013	39.569	0.0435381	0	0.435325	0.262808	17.0952	1		0.0088623	12.0616	47.264	0	0	0	
2024-06-25 19:43:20	910	2076	1	0	0	5	21	0	0	0	21	0	0	0.5	21	0	0	0	21	0	0	3.897		99.9941	40.2798	0.0604572	0	0.604607	0.942901	17.0949	1		0.0088623	12.0616	43.6256	0	0	0	
2024-06-25 19:53:53	990	2077	1	0	0	1.25	6	0	0	0	6	0	0	0.5	6	0	0	0	6	0	0	0.649		99.9898	39.8032	0.29175	0	2.9178	0.126636	13.7498	1		0.0088623	12.0616	43.1058	0	0	0	
2024-06-25 19:43:13	909	2078	5	0	0	5	21	0	0	0	21	0	0	7	21	0	0	0	21	0	0	1.732		99.9964	40.2657	0.112434	0	1.12438	0.0391902	14.1294	1		0	12.0616	43.6256	0	0	0	
2024-06-25 19:39:24	878	2079	5	0	0	2	9	0	0	0	9	0	0	0.25	9	0	0	0	9	0	0	1.515		100.001	39.9173	0.131483	0	1.31481	0.328705	14.4571	1		0	12.0616	44.7951	0	0	0	
2024-06-25 19:41:13	893	2080	5	0	0	4	17	0	0	0	17	0	0	7	17	0	0	0	17	0	0	2.598		100	40.0401	0.0766632	0	0.766628	0.246726	14.4506	1		0.0088623	12.0616	44.1454	0	0	0	
2024-06-25 19:40:29	887	2081	9	0	0	3	13	0	0	0	13	0	0	5.5	13	0	0	0	13	0	0	2.165		100.001	41.0085	0.0977117	0	0.97711	0.57995	15.3484	1		0.0088623	12.0616	44.4052	0	0	0	
2024-06-25 19:39:45	881	2082	9	0	0	3	13	0	0	0	13	0	0	4.25	13	0	0	0	13	0	0	1.082		100.002	41.0547	0.16933	0	1.69326	0.4133	13.2988	1		0	12.0616	44.6651	0	0	0	
2024-06-25 19:46:13	931	2083	5	0	0	7	29	0	0	0	29	0	0	7.75	29	0	0	0	29	0	0	0.649		99.9903	40.1786	0.326932	0	3.26963	0.238886	15.4078	1		0	12.0616	43.2357	0	0	0	
2024-06-25 19:46:50	935	2084	5	0	0	7	29	0	0	0	29	0	0	6.5	29	0	0	0	29	0	0	0.433		99.9923	40.1905	0.47493	0	4.74967	0.194784	14.9215	1		0.0088623	12.0616	43.2357	0	0	0	
2024-06-25 19:36:42	857	2085	9	0	0	1	5	0	0	0	5	0	0	6	5	0	0	0	5	0	0	4.33		100.006	39.3286	0.0563979	0	0.563942	0.416464	17.7168	1		0.0088623	12.0616	46.3544	0	0	0	
2024-06-25 19:37:06	860	2086	5	0	0	1	5	0	0	0	5	0	0	4.75	5	0	0	0	5	0	0	3.247		100.008	39.2958	0.0715162	0	0.715104	0.364482	16.8492	1		0	12.0616	46.0945	0	0	0	
2024-06-25 19:51:39	973	2087	9	0	0	4.75	20	0	0	0	20	0	0	5	20	0	0	0	20	0	0	0.216		99.9903	39.9184	0.816074	0	8.16153	0.400512	12.8201	1		0	12.0616	43.1058	0	0	0	
2024-06-25 19:45:05	923	2088	9	0	0	6	25	0	0	0	25	0	0	5	25	0	0	0	25	0	0	0.866		99.9917	40.2099	0.224951	0	2.24969	0.02975	14.1353	2		0	12.0616	43.3657	0	0	0	
2024-06-25 19:45:33	926	2089	5	0	0	6	25	0	0	0	25	0	0	3.75	25	0	0	0	25	0	0	1.948		99.9955	40.214	0.100925	0	1.0093	0.307842	14.2686	1		0	12.0616	43.2357	0	0	0	
2024-06-25 19:37:28	863	2090	1	0	0	1	5	0	0	0	5	0	0	0	5	0	0	0	5	0	0	0.866		100.009	39.3124	0.20784	0	2.0782	0.103638	13.0577	1		0.0088623	12.0616	45.8346	0	0	0	
2024-06-25 19:50:35	964	2091	9	0	0	0.75	4	0	0	0	4	0	0	7	4	0	0	0	4	0	0	5.412		99.9903	40.0111	0.0422715	0	0.422756	0.246356	16.6016	1		0	12.0616	42.9758	0	0	0	
2024-06-25 19:41:35	896	2092	1	0	0	4	17	0	0	0	17	0	0	0.25	17	0	0	0	17	0	0	3.247		99.9957	40.0004	0.060238	0	0.602405	0.28879	14.1938	1		0	12.0616	44.0154	0	0	0	
2024-06-25 19:49:02	953	2093	5	0	0	7.75	32	0	0	0	32	0	0	2.75	32	0	0	0	32	0	0	4.33		99.9896	40.0245	0.0479325	0	0.479375	0.522785	15.06	1		0.0088623	12.0616	43.1058	0	0	0	
2024-06-25 19:45:33	926	2094	1	0	0	6	25	0	0	0	25	0	0	0	25	0	0	0	25	0	0	5.195		99.9955	40.214	0.0579978	0	0.580004	0.696097	21.8656	1		0	12.0616	43.2357	0	0	0	
2024-06-25 19:38:12	869	2095	1	0	0	2	9	0	0	0	9	0	0	2.75	9	0	0	0	9	0	0	0.649		100.005	39.9614	0.296657	0	2.96642	0.226178	13.9789	1		0	12.0616	45.4448	0	0	0	
2024-06-25 19:46:02	930	2096	1	0	0	7	29	0	0	0	29	0	0	1.25	29	0	0	0	29	0	0	4.979		99.9943	40.1747	0.0482511	0	0.482539	0.106838	17.4333	2		0	12.0616	43.2357	0	0	0	
2024-06-25 19:35:31	848	2097	9	0	0	0	1	0	0	0	1	0	0	5.5	1	0	0	0	1	0	0	4.762		100.013	39.5784	0.06921	0	0.692011	0.402729	23.9142	1		0	12.0616	47.394	0	0	0	
2024-06-25 19:35:52	851	2098	9	0	0	0	1	0	0	0	1	0	0	4.25	1	0	0	0	1	0	0	3.68		100.011	39.5791	0.0562955	0	0.562894	0.0573441	15.0313	2		0.0088623	12.0616	47.1341	0	0	0	
