Time	MeasID	DPID	Channel	A(x)	A(y)	A(z)	A(adr)	B(x)	B(y)	B(z)	B(adr)	M(x)	M(y)	M(z)	M(adr)	N(x)	N(y)	N(z)	N(adr)	F(x)	F(y)	F(z)	Note	I(mA)	Uout(V)	U(V)	SP(V)	R(Ohm)	Var(%)	Rho-a(Ohm-m)	Cycles	IP Delay Window(mV/V)	Pint(V)	Pext(V)	T int(deg C)	T log(deg C)	Latitude	Longitude
2024-06-27 11:48:57	933	2011	1	0	0	7.75	32	0	0	0	32	0	0	2	32	0	0	0	32	0	0	4.979		100.005	39.3948	0.0424517	0	0.424495	0.19222	15.3363	1		0.0088623	12.0616	43.8855	0	0	0	
2024-06-27 11:43:51	895	2012	5	0	0	5	21	0	0	0	21	0	0	7.5	21	0	0	0	21	0	0	2.165		100.004	40.3992	0.0911597	0	0.911559	0.456399	14.3187	1		0	12.0616	44.2753	0	0	0	
2024-06-27 11:43:41	894	2013	5	0	0	5	21	0	0	0	21	0	0	6.25	21	0	0	0	21	0	0	1.082		100.006	40.4374	0.190352	0	1.9034	0.0510871	14.9492	2		0.0088623	12.0616	44.2753	0	0	0	
2024-06-27 11:41:22	876	2014	1	0	0	3	13	0	0	0	13	0	0	1.75	13	0	0	0	13	0	0	1.082		100.008	40.7253	0.172905	0	1.72891	0.160623	13.5788	1		0.0088623	11.9552	44.925	0	0	0	
2024-06-27 11:49:04	934	2015	5	0	0	7.75	32	0	0	0	32	0	0	6.75	32	0	0	0	32	0	0	0.866		100.004	39.3769	0.246988	0	2.46979	0.289357	15.5182	1		0.0088623	12.0616	43.8855	0	0	0	
2024-06-27 11:54:36	977	2016	1	0	0	3.25	14	0	0	0	14	0	0	2.5	14	0	0	0	14	0	0	0.649		100.004	40.5781	0.292536	0	2.92526	0.336132	13.785	1		0.0088623	12.0616	43.7555	0	0	0	
2024-06-27 11:41:43	879	2017	5	0	0	4	17	0	0	0	17	0	0	7.5	17	0	0	0	17	0	0	3.031		100.006	40.3697	0.0663019	0	0.662977	0.183546	14.5796	1		0.0088623	11.9552	44.7951	0	0	0	
2024-06-27 11:41:58	881	2018	5	0	0	4	17	0	0	0	17	0	0	6.25	17	0	0	0	17	0	0	1.948		100.008	40.5623	0.10212	0	1.02112	0.246642	14.4358	1		0.0088623	12.0616	44.7951	0	0	0	
2024-06-27 11:41:07	874	2019	1	0	0	3	13	0	0	0	13	0	0	3.5	13	0	0	0	13	0	0	0.433		100.007	40.8155	0.469948	0	4.69917	0.182641	14.7629	1		0	12.0616	44.7951	0	0	0	
2024-06-27 11:39:00	858	2020	9	0	0	2	9	0	0	0	9	0	0	6.75	9	0	0	0	9	0	0	4.113		100.013	40.0509	0.0536726	0	0.536659	0.206976	16.0166	2		0.0088623	12.0616	45.8346	0	0	0	
2024-06-27 11:47:12	919	2021	5	0	0	7	29	0	0	0	29	0	0	5.75	29	0	0	0	29	0	0	1.082		100.006	39.72	0.184513	0	1.84502	0.167021	14.4908	1		0	12.0616	43.8855	0	0	0	
2024-06-27 11:46:28	914	2022	5	0	0	7	29	0	0	0	29	0	0	4.5	29	0	0	0	29	0	0	2.165		100.004	39.7184	0.0909956	0	0.909917	0.285894	14.2929	4		0	12.0616	44.0154	0	0	0	
2024-06-27 11:36:45	841	2023	5	0	0	1	5	0	0	0	5	0	0	5.25	5	0	0	0	5	0	0	3.68		100.023	39.5857	0.0670455	0	0.670302	0.758483	17.8994	1		0.0088623	12.0616	47.1341	0	0	0	
2024-06-27 11:37:32	846	2024	5	0	0	1	5	0	0	0	5	0	0	4	5	0	0	0	5	0	0	2.598		100.019	39.6233	0.0735311	0	0.73517	0.223094	13.8576	2		0	12.0616	46.6143	0	0	0	
2024-06-27 11:53:03	965	2025	1	0	0	4.75	20	0	0	0	20	0	0	3	20	0	0	0	20	0	0	1.515		100.001	40.3899	0.125109	0	1.25108	0.026573	13.7563	1		0	12.0616	43.7555	0	0	0	
2024-06-27 11:46:07	911	2026	1	0	0	6	25	0	0	0	25	0	0	3	25	0	0	0	25	0	0	2.598		100.005	40.3102	0.0776704	0	0.776663	0.496225	14.6397	1		0.0088623	12.0616	44.0154	0	0	0	
2024-06-27 11:38:53	857	2027	1	0	0	2	9	0	0	0	9	0	0	2.25	9	0	0	0	9	0	0	0.216		100.017	40.0523	0.869733	0	8.69587	0.115899	13.6594	1		0	12.0616	45.8346	0	0	0	
2024-06-27 11:47:49	924	2028	5	0	0	7	29	0	0	0	29	0	0	0.5	29	0	0	0	29	0	0	5.628		99.9989	39.672	0.0429906	0	0.429911	0.175327	17.5579	1		0.0088623	12.0616	43.8855	0	0	0	
2024-06-27 11:36:03	836	2029	1	0	0	0	1	0	0	0	1	0	0	3.5	1	0	0	0	1	0	0	3.031		100.022	39.9664	0.0714312	0	0.714154	0.725157	15.7051	1		0	12.0616	47.7838	0	0	0	
2024-06-27 11:54:28	976	2030	1	0	0	1.75	8	0	0	0	8	0	0	0	8	0	0	0	8	0	0	1.515		100.004	40.5197	0.12324	0	1.23235	0.137392	13.5504	1		0	12.0616	43.7555	0	0	0	
2024-06-27 11:44:37	901	2031	9	0	0	6	25	0	0	0	25	0	0	7	25	0	0	0	25	0	0	0.866		100.004	40.3876	0.242978	0	2.42969	0.122614	15.2662	4		0.0088623	12.0616	44.2753	0	0	0	
2024-06-27 11:53:45	970	2032	1	0	0	6.5	27	0	0	0	27	0	0	1.25	27	0	0	0	27	0	0	4.546		100.002	40.0977	0.0569025	0	0.569012	0.108173	18.7698	1		0	12.0616	43.8855	0	0	0	
2024-06-27 11:48:36	930	2033	1	0	0	7.75	32	0	0	0	32	0	0	1.25	32	0	0	0	32	0	0	5.628		100.007	39.4005	0.0397814	0	0.397784	0.050824	16.2458	1		0.0088623	12.0616	43.7555	0	0	0	
2024-06-27 11:43:13	891	2034	5	0	0	5	21	0	0	0	21	0	0	5.5	21	0	0	0	21	0	0	0.433		100.01	40.5191	0.500347	0	5.00298	0.00722961	15.7173	2		0	12.0616	44.1454	0	0	0	
2024-06-27 11:43:34	893	2035	5	0	0	5	21	0	0	0	21	0	0	4.25	21	0	0	0	21	0	0	0.649		100.004	40.443	0.308638	0	3.08624	0.145329	14.5436	1		0	12.0616	44.2753	0	0	0	
2024-06-27 11:41:14	875	2036	1	0	0	3	13	0	0	0	13	0	0	1	13	0	0	0	13	0	0	1.732		100.005	40.7105	0.107545	0	1.07539	0.112261	13.5138	1		0	12.0616	44.925	0	0	0	
2024-06-27 11:38:17	852	2037	1	0	0	1	5	0	0	0	5	0	0	2	5	0	0	0	5	0	0	0.866		100.018	39.6425	0.206163	0	2.06125	0.100357	12.9512	1		0	12.0616	46.2245	0	0	0	
2024-06-27 11:50:30	945	2038	9	0	0	1.75	8	0	0	0	8	0	0	6	8	0	0	0	8	0	0	3.68		100.005	40.6322	0.0624122	0	0.62409	0.947891	16.6654	1		0	12.0616	43.7555	0	0	0	
2024-06-27 11:41:50	880	2039	1	0	0	4	17	0	0	0	17	0	0	2.25	17	0	0	0	17	0	0	1.515		100.01	40.4476	0.119199	0	1.19188	0.184082	13.1054	1		0.0088623	12.0616	44.7951	0	0	0	
2024-06-27 11:48:42	931	2040	9	0	0	7.75	32	0	0	0	32	0	0	6	32	0	0	0	32	0	0	1.515		100.006	39.4425	0.130745	0	1.30738	0.325517	14.3753	1		0	12.0616	43.8855	0	0	0	
2024-06-27 11:48:50	932	2041	5	0	0	7.75	32	0	0	0	32	0	0	4.75	32	0	0	0	32	0	0	2.598		100.005	39.4417	0.0755389	0	0.755349	0.103927	14.238	1		0	12.0616	43.8855	0	0	0	
2024-06-27 11:45:14	905	2042	1	0	0	6	25	0	0	0	25	0	0	2	25	0	0	0	25	0	0	3.464		100.003	40.4479	0.0694542	0	0.694522	0.0393863	17.4552	1		0.0088623	12.0616	44.1454	0	0	0	
2024-06-27 11:41:58	881	2043	9	0	0	4	17	0	0	0	17	0	0	5.5	17	0	0	0	17	0	0	1.299		100.008	40.5623	0.1532	0	1.53188	0.23833	14.4376	1		0.0088623	12.0616	44.7951	0	0	0	
2024-06-27 11:41:29	877	2044	5	0	0	4	17	0	0	0	17	0	0	4.25	17	0	0	0	17	0	0	0.216		100.007	40.3856	0.992453	0	9.92384	0.454189	15.5883	1		0	12.0616	44.6651	0	0	0	
2024-06-27 11:36:10	837	2045	1	0	0	0	1	0	0	0	1	0	0	1.75	1	0	0	0	1	0	0	1.515		100.023	39.9664	0.12013	0	1.20103	0.230168	13.206	1		0.0088623	12.0616	47.6539	0	0	0	
2024-06-27 11:55:32	985	2046	1	0	0	3.75	16	0	0	4	16	0	0	3.5	16	0	0	4.25	16	0	0	0.13		99.9992	20.829	0.731392	0	7.31397	0.104014	11.4888	1		0	12.0616	43.7555	0	0	0	
2024-06-27 11:41:07	874	2047	5	0	0	3	13	0	0	0	13	0	0	2.75	13	0	0	0	13	0	0	0.216		100.007	40.8155	0.849825	0	8.4977	0.2401	13.3482	1		0	12.0616	44.7951	0	0	0	
2024-06-27 11:38:25	853	2048	5	0	0	2	9	0	0	0	9	0	0	6	9	0	0	0	9	0	0	3.464		100.016	40.0425	0.0687012	0	0.686901	0.0275862	17.2637	1		0.0088623	12.0616	46.2245	0	0	0	
2024-06-27 11:38:25	853	2049	9	0	0	2	9	0	0	0	9	0	0	4.75	9	0	0	0	9	0	0	2.381		100.016	40.0425	0.0837151	0	0.837016	0.143018	14.4626	1		0.0088623	12.0616	46.2245	0	0	0	
2024-06-27 11:46:51	916	2050	9	0	0	7	29	0	0	0	29	0	0	5	29	0	0	0	29	0	0	1.732		100.007	39.7172	0.111617	0	1.11609	0.139596	14.0252	1		0.0088623	12.0616	44.0154	0	0	0	
2024-06-27 11:47:20	920	2051	1	0	0	7	29	0	0	0	29	0	0	3.75	29	0	0	0	29	0	0	2.814		100.003	39.7073	0.070968	0	0.709661	0.223524	14.4915	1		0	12.0616	43.8855	0	0	0	
2024-06-27 11:37:21	845	2052	1	0	0	1	5	0	0	0	5	0	0	3.25	5	0	0	0	5	0	0	1.948		100.017	39.6359	0.0948028	0	0.947868	0.107438	13.4002	2		0.0088623	12.0616	46.8742	0	0	0	
2024-06-27 11:50:01	942	2053	9	0	0	2.75	12	0	0	0	12	0	0	5	12	0	0	0	12	0	0	1.948		100	40.3096	0.094854	0	0.948537	0.141123	13.4096	1		0	12.0616	43.8855	0	0	0	
2024-06-27 11:44:09	897	2054	5	0	0	5	21	0	0	0	21	0	0	1.75	21	0	0	0	21	0	0	2.814		100.002	40.4247	0.0829769	0	0.829752	0.516908	16.9438	1		0	12.0616	44.2753	0	0	0	
2024-06-27 11:39:34	862	2055	5	0	0	2	9	0	0	0	9	0	0	1.5	9	0	0	0	9	0	0	0.433		100.011	40.1788	0.455415	0	4.55364	0.129959	14.3057	1		0	12.0616	45.5748	0	0	0	
2024-06-27 11:36:35	840	2056	5	0	0	0	1	0	0	0	1	0	0	2.75	1	0	0	0	1	0	0	2.381		100.024	39.9432	0.173028	0	1.72987	0.0214312	29.8899	2		0.0088623	12.0616	47.394	0	0	0	
2024-06-27 11:49:54	941	2057	9	0	0	3.25	14	0	0	0	14	0	0	4.5	14	0	0	0	14	0	0	1.082		100.006	40.7445	0.171678	0	1.71668	0.118156	13.4828	1		0	12.0616	43.8855	0	0	0	
2024-06-27 11:40:25	869	2058	5	0	0	3	13	0	0	0	13	0	0	6.75	13	0	0	0	13	0	0	3.247		100.011	40.7975	0.0676287	0	0.676213	0.031117	15.9329	2		0	12.0616	45.3149	0	0	0	
2024-06-27 11:36:52	842	2059	9	0	0	1	5	0	0	0	5	0	0	7.25	5	0	0	0	5	0	0	5.412		100.019	39.6007	0.067512	0	0.674992	1.48289	26.5069	4		0	12.0616	46.8742	0	0	0	
2024-06-27 11:45:00	903	2060	5	0	0	6	25	0	0	0	25	0	0	7.5	25	0	0	0	25	0	0	1.299		100.005	40.4276	0.153145	0	1.53137	0.0921689	14.4328	1		0	12.0616	44.1454	0	0	0	
2024-06-27 11:45:21	906	2061	5	0	0	6	25	0	0	0	25	0	0	6.25	25	0	0	0	25	0	0	0.216		100.003	40.4849	0.954165	0	9.54135	0.0600457	14.9875	1		0.0088623	12.0616	44.1454	0	0	0	
2024-06-27 11:48:28	929	2062	1	0	0	7.75	32	0	0	0	32	0	0	0.5	32	0	0	0	32	0	0	6.278		100.006	39.4349	0.0364288	0	0.364265	0.429507	16.5934	1		0.0088623	12.0616	43.8855	0	0	0	
2024-06-27 11:44:09	897	2063	1	0	0	5	21	0	0	0	21	0	0	3.5	21	0	0	0	21	0	0	1.299		100.002	40.4247	0.140935	0	1.40932	0.0656188	13.2825	1		0	12.0616	44.2753	0	0	0	
2024-06-27 11:41:00	873	2064	1	0	0	3	13	0	0	0	13	0	0	0.25	13	0	0	0	13	0	0	2.381		100.01	40.7702	0.0787926	0	0.787845	0.0205989	13.613	1		0	12.0616	45.055	0	0	0	
2024-06-27 11:36:45	841	2065	1	0	0	1	5	0	0	0	5	0	0	1.25	5	0	0	0	5	0	0	0.216		100.023	39.5857	0.857373	0	8.57178	0.594899	13.4645	1		0.0088623	12.0616	47.1341	0	0	0	
2024-06-27 11:42:27	885	2066	1	0	0	4	17	0	0	0	17	0	0	1.5	17	0	0	0	17	0	0	2.165		100.008	40.4948	0.0853797	0	0.853732	0.14457	13.4104	1		0.0088623	12.0616	44.6651	0	0	0	
2024-06-27 11:50:37	946	2067	9	0	0	1.5	7	0	0	0	7	0	0	6.25	7	0	0	0	7	0	0	4.113		100.007	39.8509	0.0700384	0	0.700336	0.82726	20.9016	2		0.0088623	12.0616	43.7555	0	0	0	
2024-06-27 11:48:57	933	2068	9	0	0	7.75	32	0	0	0	32	0	0	5.25	32	0	0	0	32	0	0	2.165		100.005	39.3948	0.0902352	0	0.902306	0.254218	14.1734	1		0.0088623	12.0616	43.8855	0	0	0	
2024-06-27 11:48:36	930	2069	9	0	0	7.75	32	0	0	0	32	0	0	4	32	0	0	0	32	0	0	3.247		100.007	39.4005	0.060403	0	0.603985	0.0308657	14.2311	1		0.0088623	12.0616	43.7555	0	0	0	
2024-06-27 11:45:36	908	2070	1	0	0	6	25	0	0	0	25	0	0	1.25	25	0	0	0	25	0	0	4.113		100.003	40.294	0.0586141	0	0.586123	0.0232766	17.4929	2		0	12.0616	44.0154	0	0	0	
2024-06-27 11:42:41	887	2071	1	0	0	4	17	0	0	0	17	0	0	3.5	17	0	0	0	17	0	0	0.433		100.007	40.3709	0.506864	0	5.06831	0.0919114	15.9226	1		0.0088623	12.0616	44.4052	0	0	0	
2024-06-27 11:35:01	829	2072	1	0	0	0	1	0	0	0	1	0	0	1	1	0	0	0	1	0	0	0.866		100.019	39.9724	0.211438	0	2.11396	0.11227	13.2824	2		0.0088623	12.0261	48.8234	0	0	0	
2024-06-27 11:39:10	859	2073	5	0	0	2	9	0	0	0	9	0	0	5.25	9	0	0	0	9	0	0	2.814		100.017	40.1187	0.085437	0	0.854228	0.444503	17.4436	1		0.0088623	12.0616	45.8346	0	0	0	
2024-06-27 11:39:17	860	2074	9	0	0	2	9	0	0	0	9	0	0	4	9	0	0	0	9	0	0	1.732		100.018	40.1821	0.106968	0	1.06949	0.0691278	13.4397	1		0	12.0616	45.7047	0	0	0	
2024-06-27 11:54:43	978	2075	1	0	0	3.5	15	0	0	0	15	0	0	2.25	15	0	0	0	15	0	0	1.082		100.001	39.912	0.167586	0	1.67584	0.17579	13.162	1		0	12.0616	43.8855	0	0	0	
2024-06-27 11:46:43	915	2076	1	0	0	7	29	0	0	0	29	0	0	3	29	0	0	0	29	0	0	3.464		100.004	39.7162	0.0591781	0	0.591754	0.0505351	14.8724	1		0	12.0616	44.0154	0	0	0	
2024-06-27 11:37:14	844	2077	1	0	0	1	5	0	0	0	5	0	0	2.5	5	0	0	0	5	0	0	1.299		100.018	39.6493	0.147134	0	1.47108	0.127298	13.8646	1		0.0088623	12.0616	46.8742	0	0	0	
2024-06-27 11:35:34	832	2078	9	0	0	0	1	0	0	0	1	0	0	6.75	1	0	0	0	1	0	0	5.845		100.02	39.9364	0.0403438	0	0.403359	0.955664	17.1071	1		0.0088623	12.0616	48.3036	0	0	0	
2024-06-27 11:51:44	954	2079	1	0	0	2.75	12	0	0	0	12	0	0	3	12	0	0	0	12	0	0	0.216		100.002	40.1001	0.855137	0	8.55121	0.169815	13.4322	1		0	12.0616	43.7555	0	0	0	
2024-06-27 11:42:56	889	2080	1	0	0	5	21	0	0	0	21	0	0	1	21	0	0	0	21	0	0	3.464		100.008	40.5682	0.066769	0	0.667633	0.625687	16.7795	1		0.0088623	11.9552	44.5352	0	0	0	
2024-06-27 11:56:51	994	2081	1	0	0	0.5	3	0	0	7.25	3	0	0	2.75	3	0	0	5	3	0	0	1.168		100	22.0046	0.0713338	0	0.713336	0.0992012	10.0846	2		0	12.0616	43.8855	0	0	0	
2024-06-27 11:52:27	960	2082	9	0	0	6.75	28	0	0	0	28	0	0	7	28	0	0	0	28	0	0	0.216		100.004	39.672	0.929381	0	9.29345	0.445025	14.5981	1		0	12.0616	43.7555	0	0	0	
2024-06-27 11:39:17	860	2083	1	0	0	2	9	0	0	0	9	0	0	0.75	9	0	0	0	9	0	0	1.082		100.018	40.1821	0.16644	0	1.6641	0.315526	13.0698	1		0	12.0616	45.7047	0	0	0	
2024-06-27 11:40:11	867	2084	5	0	0	3	13	0	0	0	13	0	0	6	13	0	0	0	13	0	0	2.598		100.012	40.7114	0.0782834	0	0.782737	0.114222	14.7542	1		0.0088623	12.0616	45.3149	0	0	0	
2024-06-27 11:40:11	867	2085	9	0	0	3	13	0	0	0	13	0	0	4.75	13	0	0	0	13	0	0	1.515		100.012	40.7114	0.124847	0	1.24831	0.116649	13.7259	1		0.0088623	12.0616	45.3149	0	0	0	
2024-06-27 11:37:42	847	2086	9	0	0	1	5	0	0	0	5	0	0	7.75	5	0	0	0	5	0	0	5.845		100.019	39.6308	0.0390054	0	0.389981	0.22136	16.5397	1		0	12.0616	46.4844	0	0	0	
2024-06-27 11:37:21	845	2087	5	0	0	1	5	0	0	0	5	0	0	6.5	5	0	0	0	5	0	0	4.762		100.017	39.6359	0.052826	0	0.52817	0.127575	18.2523	2		0.0088623	12.0616	46.8742	0	0	0	
2024-06-27 11:45:14	905	2088	9	0	0	6	25	0	0	0	25	0	0	5.5	25	0	0	0	25	0	0	0.433		100.003	40.4479	0.510701	0	5.10686	0.0660297	16.0437	1		0.0088623	12.0616	44.1454	0	0	0	
2024-06-27 11:45:14	905	2089	5	0	0	6	25	0	0	0	25	0	0	4.25	25	0	0	0	25	0	0	1.515		100.003	40.4479	0.128732	0	1.28729	0.0736681	14.1544	1		0.0088623	12.0616	44.1454	0	0	0	
2024-06-27 11:44:16	898	2090	5	0	0	5	21	0	0	0	21	0	0	2.75	21	0	0	0	21	0	0	1.948		100.004	40.4363	0.095477	0	0.95473	0.0392495	13.4972	1		0.0088623	12.0616	44.2753	0	0	0	
2024-06-27 11:37:06	843	2091	1	0	0	1	5	0	0	0	5	0	0	0.5	5	0	0	0	5	0	0	0.433		100.021	39.6734	0.472654	0	4.72555	0.345474	14.8458	1		0	12.0616	46.8742	0	0	0	
2024-06-27 11:42:34	886	2092	1	0	0	4	17	0	0	0	17	0	0	0.75	17	0	0	0	17	0	0	2.814		100.014	40.3546	0.0740073	0	0.73997	0.412379	15.1105	1		0	12.0616	44.6651	0	0	0	
2024-06-27 11:49:26	937	2093	1	0	0	7.75	32	0	0	0	32	0	0	3.25	32	0	0	0	32	0	0	3.897		100	39.4303	0.051112	0	0.511118	0.119915	14.4515	1		0	12.0616	43.7555	0	0	0	
2024-06-27 11:56:01	989	2094	1	0	0	2.75	12	0	0	5	12	0	0	0.5	12	0	0	7.25	12	0	0	1.168		100.002	21.9773	0.0709004	0	0.708991	0.306927	10.0231	1		0.0088623	12.0616	43.7555	0	0	0	
2024-06-27 11:50:48	947	2095	9	0	0	1.25	6	0	0	0	6	0	0	6.5	6	0	0	0	6	0	0	4.546		100.005	40.4067	0.0533443	0	0.533414	0.028946	17.5956	1		0.0088623	12.0616	43.8855	0	0	0	
2024-06-27 11:45:56	910	2096	1	0	0	6	25	0	0	0	25	0	0	0.5	25	0	0	0	25	0	0	4.762		100.007	40.2991	0.0523488	0	0.523454	0.115762	18.0893	2		0	12.0616	44.0154	0	0	0	
2024-06-27 11:42:20	884	2097	1	0	0	4	17	0	0	0	17	0	0	2.75	17	0	0	0	17	0	0	1.082		100.01	40.462	0.16826	0	1.68244	0.0856846	13.2138	1		0	12.0616	44.6651	0	0	0	
2024-06-27 11:35:55	835	2098	1	0	0	0	1	0	0	0	1	0	0	0.25	1	0	0	0	1	0	0	0.216		100.019	39.9855	0.863016	0	8.62853	0.117238	13.5537	1		0.0088623	12.0616	47.9138	0	0	0	
2024-06-27 11:39:34	862	2099	1	0	0	2	9	0	0	0	9	0	0	3.25	9	0	0	0	9	0	0	1.082		100.011	40.1788	0.168911	0	1.68892	0.170882	13.2647	1		0	12.0616	45.5748	0	0	0	
2024-06-27 11:48:03	926	2100	1	0	0	7	29	0	0	0	29	0	0	1.75	29	0	0	0	29	0	0	4.546		100.004	39.6659	0.0536863	0	0.536845	0.183603	17.7087	1		0	12.0616	43.7555	0	0	0	
2024-06-27 11:35:16	830	2101	1	0	0	0	1	0	0	0	1	0	0	6	1	0	0	0	1	0	0	5.195		100.021	39.9498	0.0584096	0	0.583975	0.666101	22.0153	1		0.0088623	12.0616	48.8234	0	0	0	
2024-06-27 11:36:03	836	2102	5	0	0	0	1	0	0	0	1	0	0	4.75	1	0	0	0	1	0	0	4.113		100.022	39.9664	0.0531559	0	0.531441	0.153142	15.8609	1		0	12.0616	47.7838	0	0	0	
2024-06-27 11:53:59	972	2103	1	0	0	7.25	30	0	0	0	30	0	0	0.5	30	0	0	0	30	0	0	5.845		100.003	39.7975	0.054581	0	0.545792	0.344363	23.1478	1		0.0088623	12.0616	43.7555	0	0	0	
2024-06-27 11:43:34	893	2104	1	0	0	5	21	0	0	0	21	0	0	0.25	21	0	0	0	21	0	0	4.113		100.004	40.443	0.0518595	0	0.518572	0.218822	15.4769	1		0	12.0616	44.2753	0	0	0	
2024-06-27 11:43:23	892	2105	5	0	0	5	21	0	0	0	21	0	0	6.75	21	0	0	0	21	0	0	1.515		100.007	40.5134	0.139284	0	1.39274	0.231786	15.3139	2		0	11.9552	44.2753	0	0	0	
2024-06-27 11:39:56	865	2106	1	0	0	3	13	0	0	0	13	0	0	2.25	13	0	0	0	13	0	0	0.649		100.011	40.7217	0.291385	0	2.91353	0.893947	13.7297	1		0.0088623	12.0616	45.4448	0	0	0	
2024-06-27 11:39:25	861	2107	1	0	0	2	9	0	0	0	9	0	0	0	9	0	0	0	9	0	0	1.732		100.014	40.1503	0.172471	0	1.72446	0.366102	21.6702	2		0	12.0616	45.7047	0	0	0	
2024-06-27 11:52:35	961	2108	9	0	0	6.5	27	0	0	0	27	0	0	7.25	27	0	0	0	27	0	0	0.649		100.001	40.1362	0.333698	0	3.33694	0.384175	15.725	1		0	12.0616	43.7555	0	0	0	
2024-06-27 11:48:21	928	2109	5	0	0	7.75	32	0	0	0	32	0	0	7.25	32	0	0	0	32	0	0	0.433		100.004	39.4008	0.51484	0	5.14822	0.327734	16.1736	1		0	12.0616	43.8855	0	0	0	
2024-06-27 11:54:07	973	2110	1	0	0	7.5	31	0	0	0	31	0	0	0.25	31	0	0	0	31	0	0	6.278		100.005	39.4105	0.0356923	0	0.356904	0.207233	16.2581	1		0.0088623	12.0616	43.7555	0	0	0	
2024-06-27 11:51:22	951	2111	1	0	0	0.75	4	0	0	0	4	0	0	1	4	0	0	0	4	0	0	0.216		100.001	40.4242	0.874441	0	8.74429	0.147671	13.7355	1		0	12.0616	43.7555	0	0	0	
2024-06-27 11:53:18	967	2112	1	0	0	5.5	23	0	0	0	23	0	0	2.25	23	0	0	0	23	0	0	2.814		99.9993	39.9298	0.093346	0	0.933467	0.282789	19.0617	2		0	12.0616	43.8855	0	0	0	
2024-06-27 11:41:29	877	2113	9	0	0	4	17	0	0	0	17	0	0	6.75	17	0	0	0	17	0	0	2.381		100.007	40.3856	0.0845502	0	0.845443	0.476388	14.6082	1		0	12.0616	44.6651	0	0	0	
2024-06-27 11:40:35	870	2114	5	0	0	3	13	0	0	0	13	0	0	5.25	13	0	0	0	13	0	0	1.948		100.009	40.7221	0.10271	0	1.027	0.0102142	14.5189	1		0.0088623	11.9552	45.1849	0	0	0	
2024-06-27 11:39:56	865	2115	5	0	0	3	13	0	0	0	13	0	0	4	13	0	0	0	13	0	0	0.866		100.011	40.7217	0.220204	0	2.20181	0.623913	13.8344	1		0.0088623	12.0616	45.4448	0	0	0	
2024-06-27 11:38:32	854	2116	5	0	0	2	9	0	0	0	9	0	0	7.25	9	0	0	0	9	0	0	4.546		100.019	40.0489	0.0555111	0	0.555008	0.334365	18.3079	1		0.0088623	12.0616	46.0945	0	0	0	
2024-06-27 11:47:12	919	2117	9	0	0	7	29	0	0	0	29	0	0	7.5	29	0	0	0	29	0	0	0.433		100.006	39.72	0.491258	0	4.91229	0.223407	15.4324	1		0	12.0616	43.8855	0	0	0	
2024-06-27 11:47:20	920	2118	5	0	0	7	29	0	0	0	29	0	0	6.25	29	0	0	0	29	0	0	0.649		100.003	39.7073	0.328216	0	3.28207	0.295812	15.4664	1		0	12.0616	43.8855	0	0	0	
2024-06-27 11:37:06	843	2119	9	0	0	1	5	0	0	0	5	0	0	5.75	5	0	0	0	5	0	0	4.113		100.021	39.6734	0.0520727	0	0.520618	0.389523	15.5379	1		0	12.0616	46.8742	0	0	0	
2024-06-27 11:36:52	842	2120	5	0	0	1	5	0	0	0	5	0	0	4.5	5	0	0	0	5	0	0	3.031		100.019	39.6007	0.0749073	0	0.748931	0.17995	16.4699	4		0	12.0616	46.8742	0	0	0	
2024-06-27 11:46:21	913	2121	1	0	0	6	25	0	0	0	25	0	0	3.5	25	0	0	0	25	0	0	2.165		100.005	40.3677	0.0877164	0	0.877118	0.025516	13.7777	1		0.0088623	12.0616	43.8855	0	0	0	
2024-06-27 11:42:49	888	2122	1	0	0	4	17	0	0	0	17	0	0	0	17	0	0	0	17	0	0	3.464		100.008	40.447	0.0653735	0	0.653683	0.0558537	16.4289	1		0	12.0616	44.5352	0	0	0	
2024-06-27 11:48:42	931	2123	1	0	0	7.75	32	0	0	0	32	0	0	2.5	32	0	0	0	32	0	0	4.546		100.006	39.4425	0.0487979	0	0.487952	0.165675	16.0959	1		0	12.0616	43.8855	0	0	0	
2024-06-27 11:39:00	858	2124	1	0	0	2	9	0	0	0	9	0	0	2.5	9	0	0	0	9	0	0	0.433		100.013	40.0509	0.446729	0	4.46673	0.0428385	14.0326	2		0.0088623	12.0616	45.8346	0	0	0	
2024-06-27 11:47:35	922	2125	1	0	0	7	29	0	0	0	29	0	0	1	29	0	0	0	29	0	0	5.195		100.004	39.7361	0.0463989	0	0.46397	0.609903	17.4912	1		0	12.0616	43.8855	0	0	0	
2024-06-27 11:35:23	831	2126	9	0	0	0	1	0	0	0	1	0	0	5.25	1	0	0	0	1	0	0	4.546		100.02	39.9316	0.0515898	0	0.515795	0.281486	17.0144	2		0.0088623	12.0616	48.5635	0	0	0	
2024-06-27 11:35:55	835	2127	5	0	0	0	1	0	0	0	1	0	0	4	1	0	0	0	1	0	0	3.464		100.019	39.9855	0.065886	0	0.658735	0.276209	16.5558	1		0.0088623	12.0616	47.9138	0	0	0	
2024-06-27 11:49:26	937	2128	5	0	0	7.75	32	0	0	0	32	0	0	1.75	32	0	0	0	32	0	0	5.195		100	39.4303	0.0441927	0	0.441926	0.00846293	16.6602	1		0	12.0616	43.7555	0	0	0	
2024-06-27 11:43:58	896	2129	5	0	0	5	21	0	0	0	21	0	0	6	21	0	0	0	21	0	0	0.866		100	40.4362	0.235303	0	2.35304	0.019453	14.7846	2		0.0088623	12.0439	44.2753	0	0	0	
2024-06-27 11:43:34	893	2130	9	0	0	5	21	0	0	0	21	0	0	4.75	21	0	0	0	21	0	0	0.216		100.004	40.443	0.877965	0	8.77926	0.151058	13.7904	1		0	12.0616	44.2753	0	0	0	
2024-06-27 11:40:11	867	2131	1	0	0	3	13	0	0	0	13	0	0	1.5	13	0	0	0	13	0	0	1.299		100.012	40.7114	0.138248	0	1.38231	0.0684748	13.028	1		0.0088623	12.0616	45.3149	0	0	0	
2024-06-27 11:48:28	929	2132	5	0	0	7.75	32	0	0	0	32	0	0	6.5	32	0	0	0	32	0	0	1.082		100.006	39.4349	0.189862	0	1.89851	0.318551	14.9108	1		0.0088623	12.0616	43.8855	0	0	0	
2024-06-27 11:50:23	944	2133	9	0	0	2.25	10	0	0	0	10	0	0	5.5	10	0	0	0	10	0	0	2.814		100.005	40.7953	0.0939979	0	0.939928	0.57574	19.1937	1		0.0088623	12.0616	43.7555	0	0	0	
2024-06-27 11:55:54	988	2134	1	0	0	3	13	0	0	4.75	13	0	0	1.25	13	0	0	6.5	13	0	0	0.908		100.001	22.5267	0.0808473	0	0.808463	0.495791	8.88951	1		0	12.0616	43.8855	0	0	0	
2024-06-27 11:42:13	883	2135	9	0	0	4	17	0	0	0	17	0	0	6	17	0	0	0	17	0	0	1.732		100.006	40.5337	0.111553	0	1.11547	0.0123202	14.0174	1		0.0088623	12.0616	44.6651	0	0	0	
2024-06-27 11:42:13	883	2136	5	0	0	4	17	0	0	0	17	0	0	4.75	17	0	0	0	17	0	0	0.649		100.006	40.5337	0.323776	0	3.23757	0.129453	15.2567	1		0.0088623	12.0616	44.6651	0	0	0	
2024-06-27 11:35:34	832	2137	1	0	0	0	1	0	0	0	1	0	0	2.25	1	0	0	0	1	0	0	1.948		100.02	39.9364	0.119663	0	1.19639	0.591673	16.9136	1		0.0088623	12.0616	48.3036	0	0	0	
2024-06-27 11:55:46	987	2138	1	0	0	3.25	14	0	0	4.5	14	0	0	2	14	0	0	5.75	14	0	0	0.649		100.004	22.3807	0.140265	0	1.4026	0.32973	11.016	1		0.0088623	12.0616	43.8855	0	0	0	
2024-06-27 11:40:42	871	2139	1	0	0	3	13	0	0	0	13	0	0	3.25	13	0	0	0	13	0	0	0.216		100.008	40.7459	0.87638	0	8.76311	0.152343	13.7651	1		0	12.0616	45.1849	0	0	0	
2024-06-27 11:38:46	856	2140	5	0	0	2	9	0	0	0	9	0	0	7.75	9	0	0	0	9	0	0	4.979		100.017	40.0314	0.043444	0	0.434365	0.060158	15.6929	1		0.0088623	12.0616	45.9646	0	0	0	
2024-06-27 11:38:46	856	2141	9	0	0	2	9	0	0	0	9	0	0	6.5	9	0	0	0	9	0	0	3.897		100.017	40.0314	0.0551544	0	0.551449	0.0900395	15.5919	1		0.0088623	12.0616	45.9646	0	0	0	
2024-06-27 11:46:58	917	2142	5	0	0	7	29	0	0	0	29	0	0	5.5	29	0	0	0	29	0	0	1.299		100.007	39.85	0.153082	0	1.53071	0.29616	14.4266	1		0.0088623	12.0616	43.8855	0	0	0	
2024-06-27 11:46:43	915	2143	9	0	0	7	29	0	0	0	29	0	0	4.25	29	0	0	0	29	0	0	2.381		100.004	39.7162	0.0830701	0	0.830664	0.225549	14.3528	1		0	12.0616	44.0154	0	0	0	
2024-06-27 11:36:45	841	2144	9	0	0	1	5	0	0	0	5	0	0	5	5	0	0	0	5	0	0	3.464		100.023	39.5857	0.0612211	0	0.612072	0.6599	15.383	1		0.0088623	12.0616	47.1341	0	0	0	
2024-06-27 11:38:10	851	2145	1	0	0	1	5	0	0	0	5	0	0	3.75	5	0	0	0	5	0	0	2.381		100.019	39.6376	0.0840682	0	0.840521	0.307824	14.5232	1		0	12.0616	46.3544	0	0	0	
2024-06-27 11:44:37	901	2146	1	0	0	6	25	0	0	0	25	0	0	2.75	25	0	0	0	25	0	0	2.814		100.004	40.3876	0.0719211	0	0.719184	0.190489	14.686	4		0.0088623	12.0616	44.2753	0	0	0	
2024-06-27 11:44:16	898	2147	1	0	0	5	21	0	0	0	21	0	0	2.25	21	0	0	0	21	0	0	2.381		100.004	40.4363	0.0808145	0	0.808111	0.104167	13.9632	1		0.0088623	12.0616	44.2753	0	0	0	
2024-06-27 11:47:42	923	2148	1	0	0	7	29	0	0	0	29	0	0	0.25	29	0	0	0	29	0	0	5.845		100.008	39.7196	0.038917	0	0.38914	0.162961	16.504	1		0	12.0616	43.8855	0	0	0	
2024-06-27 11:36:17	838	2149	5	0	0	0	1	0	0	0	1	0	0	3.25	1	0	0	0	1	0	0	2.814		100.022	39.9618	0.070694	0	0.706785	0.271602	14.4328	1		0	12.0616	47.6539	0	0	0	
2024-06-27 11:40:49	872	2150	5	0	0	3	13	0	0	0	13	0	0	7.25	13	0	0	0	13	0	0	3.68		100.007	40.7005	0.0717447	0	0.717394	0.206369	19.1569	2		0.0088623	12.0616	45.055	0	0	0	
2024-06-27 11:45:29	907	2151	9	0	0	6	25	0	0	0	25	0	0	6.75	25	0	0	0	25	0	0	0.649		100.006	40.4321	0.339553	0	3.39534	0.0690492	16.0002	1		0.0088623	12.0616	44.1454	0	0	0	
2024-06-27 11:49:40	939	2152	9	0	0	3.75	16	0	0	0	16	0	0	4	16	0	0	0	16	0	0	0.216		99.999	40.403	0.989281	0	9.89291	0.462824	15.5397	1		0.0088623	12.0439	43.6256	0	0	0	
2024-06-27 11:49:11	935	2153	1	0	0	7.75	32	0	0	0	32	0	0	1	32	0	0	0	32	0	0	5.845		100.004	39.3855	0.0387927	0	0.387912	0.0772198	16.4519	1		0.0088623	12.0616	43.8855	0	0	0	
2024-06-27 11:42:56	889	2154	5	0	0	5	21	0	0	0	21	0	0	5.25	21	0	0	0	21	0	0	0.216		100.008	40.5682	0.911831	0	9.11754	0.804742	14.3218	1		0.0088623	11.9552	44.5352	0	0	0	
2024-06-27 11:43:41	894	2155	9	0	0	5	21	0	0	0	21	0	0	4	21	0	0	0	21	0	0	0.866		100.006	40.4374	0.226859	0	2.26845	0.0187054	14.2531	2		0.0088623	12.0616	44.2753	0	0	0	
2024-06-27 11:40:25	869	2156	1	0	0	3	13	0	0	0	13	0	0	0.75	13	0	0	0	13	0	0	1.948		100.011	40.7975	0.0990474	0	0.990365	0.107121	14.0009	2		0	12.0616	45.3149	0	0	0	
2024-06-27 11:37:32	846	2157	1	0	0	1	5	0	0	0	5	0	0	1.75	5	0	0	0	5	0	0	0.649		100.019	39.6233	0.300367	0	3.0031	0.0306296	14.1518	2		0	12.0616	46.6143	0	0	0	
2024-06-27 11:41:58	881	2158	1	0	0	4	17	0	0	0	17	0	0	2	17	0	0	0	17	0	0	1.732		100.008	40.5623	0.107136	0	1.07127	0.241776	13.462	1		0.0088623	12.0616	44.7951	0	0	0	
2024-06-27 11:48:10	927	2159	5	0	0	7.75	32	0	0	0	32	0	0	5.75	32	0	0	0	32	0	0	1.732		100.005	39.3606	0.112716	0	1.12711	0.264197	14.1637	2		0	12.0616	43.8855	0	0	0	
2024-06-27 11:48:21	928	2160	9	0	0	7.75	32	0	0	0	32	0	0	4.5	32	0	0	0	32	0	0	2.814		100.004	39.4008	0.0702386	0	0.702361	0.0103015	14.3425	1		0	12.0616	43.8855	0	0	0	
2024-06-27 11:51:58	956	2161	1	0	0	2.25	10	0	0	0	10	0	0	3.5	10	0	0	0	10	0	0	1.082		100.002	40.6225	0.16856	0	1.68557	0.171347	13.2384	1		0	11.9552	43.7555	0	0	0	
2024-06-27 11:51:13	950	2162	9	0	0	0.25	2	0	0	0	2	0	0	7.5	2	0	0	0	2	0	0	6.278		100.003	40.309	0.0363573	0	0.363562	0.313368	16.5614	2		0	12.0616	43.7555	0	0	0	
2024-06-27 11:46:14	912	2163	1	0	0	6	25	0	0	0	25	0	0	1.75	25	0	0	0	25	0	0	3.68		100.002	40.3023	0.0697796	0	0.697779	0.48445	18.6332	1		0.0088623	12.0616	44.0154	0	0	0	
2024-06-27 11:41:50	880	2164	5	0	0	4	17	0	0	0	17	0	0	5.25	17	0	0	0	17	0	0	1.082		100.01	40.4476	0.183524	0	1.83507	0.219542	14.4126	1		0.0088623	12.0616	44.7951	0	0	0	
2024-06-27 11:35:23	831	2165	1	0	0	0	1	0	0	0	1	0	0	1.5	1	0	0	0	1	0	0	1.299		100.02	39.9316	0.137221	0	1.37193	0.171664	12.9301	2		0.0088623	12.0616	48.5635	0	0	0	
2024-06-27 11:40:04	866	2166	1	0	0	3	13	0	0	0	13	0	0	2.5	13	0	0	0	13	0	0	0.433		100.013	40.6707	0.450994	0	4.50934	0.453106	14.1665	1		0	12.0616	45.3149	0	0	0	
2024-06-27 11:39:10	859	2167	9	0	0	2	9	0	0	0	9	0	0	5.75	9	0	0	0	9	0	0	3.247		100.017	40.1187	0.065565	0	0.655541	0.145074	15.4458	1		0.0088623	12.0616	45.8346	0	0	0	
2024-06-27 11:38:39	855	2168	9	0	0	2	9	0	0	0	9	0	0	4.5	9	0	0	0	9	0	0	2.165		100.018	40.0374	0.0904619	0	0.904457	0.132949	14.2072	1		0.0088623	12.0616	46.0945	0	0	0	
2024-06-27 11:47:49	924	2169	1	0	0	7	29	0	0	0	29	0	0	3.5	29	0	0	0	29	0	0	3.031		99.9989	39.672	0.0650842	0	0.650848	0.00614348	14.3129	1		0.0088623	12.0616	43.8855	0	0	0	
2024-06-27 11:36:52	842	2170	1	0	0	1	5	0	0	0	5	0	0	3	5	0	0	0	5	0	0	1.732		100.019	39.6007	0.108695	0	1.08675	0.14239	13.6565	4		0	12.0616	46.8742	0	0	0	
2024-06-27 11:35:48	834	2171	5	0	0	0	1	0	0	0	1	0	0	7.25	1	0	0	0	1	0	0	6.278		100.019	39.9518	0.0415892	0	0.415811	0.336332	18.9415	1		0.0088623	12.0616	47.7838	0	0	0	
2024-06-27 11:43:41	894	2172	1	0	0	5	21	0	0	0	21	0	0	1.5	21	0	0	0	21	0	0	3.031		100.006	40.4374	0.0705757	0	0.705713	0.431887	15.5194	2		0.0088623	12.0616	44.2753	0	0	0	
2024-06-27 11:38:25	853	2173	1	0	0	2	9	0	0	0	9	0	0	1.25	9	0	0	0	9	0	0	0.649		100.016	40.0425	0.285365	0	2.85319	0.523707	13.4453	1		0.0088623	12.0616	46.2245	0	0	0	
2024-06-27 11:54:21	975	2174	1	0	0	1.5	7	0	0	0	7	0	0	0.25	7	0	0	0	7	0	0	1.082		99.9993	39.7514	0.164689	0	1.6469	0.254472	12.9348	1		0.0088623	12.0616	43.8855	0	0	0	
2024-06-27 11:36:35	840	2175	1	0	0	0	1	0	0	0	1	0	0	2.5	1	0	0	0	1	0	0	2.165		100.024	39.9432	0.091527	0	0.915049	0.0455601	14.3736	2		0.0088623	12.0616	47.394	0	0	0	
2024-06-27 11:53:38	969	2176	1	0	0	6.25	26	0	0	0	26	0	0	1.5	26	0	0	0	26	0	0	4.113		100.004	40.2642	0.0583349	0	0.583328	0.589471	17.4095	1		0	12.0616	43.7555	0	0	0	
2024-06-27 11:55:18	983	2177	9	0	0	7.25	30	0	0	0	30	0	0	6.5	30	0	0	0	30	0	0	0.649		99.9957	39.8015	0.328438	0	3.28452	0.334702	15.4779	1		0	12.0616	43.7555	0	0	0	
2024-06-27 11:40:42	871	2178	9	0	0	3	13	0	0	0	13	0	0	7.75	13	0	0	0	13	0	0	4.113		100.008	40.7459	0.0505664	0	0.505624	0.0340755	15.0904	1		0	12.0616	45.1849	0	0	0	
2024-06-27 11:40:25	869	2179	9	0	0	3	13	0	0	0	13	0	0	6.5	13	0	0	0	13	0	0	3.031		100.011	40.7975	0.0699938	0	0.699861	0.0542008	15.3907	2		0	12.0616	45.3149	0	0	0	
2024-06-27 11:37:49	848	2180	5	0	0	1	5	0	0	0	5	0	0	7	5	0	0	0	5	0	0	5.195		100.019	39.6347	0.0444009	0	0.443923	0.684497	16.7355	1		0	12.0616	46.3544	0	0	0	
2024-06-27 11:45:00	903	2181	1	0	0	6	25	0	0	0	25	0	0	4.75	25	0	0	0	25	0	0	1.082		100.005	40.4276	0.183798	0	1.83789	0.23064	14.4348	1		0	12.0616	44.1454	0	0	0	
2024-06-27 11:48:10	927	2182	1	0	0	7.75	32	0	0	0	32	0	0	0.25	32	0	0	0	32	0	0	6.494		100.005	39.3606	0.0338125	0	0.338108	0.0247918	15.933	2		0	12.0616	43.8855	0	0	0	
2024-06-27 11:44:30	900	2183	5	0	0	5	21	0	0	0	21	0	0	3.25	21	0	0	0	21	0	0	1.515		100.004	40.4452	0.121073	0	1.21069	0.207409	13.3122	1		0	12.0616	44.2753	0	0	0	
2024-06-27 11:40:35	870	2184	1	0	0	3	13	0	0	0	13	0	0	0	13	0	0	0	13	0	0	2.598		100.009	40.7221	0.0826518	0	0.826443	0.584769	15.5781	1		0.0088623	11.9552	45.1849	0	0	0	
2024-06-27 11:49:47	940	2185	9	0	0	3.5	15	0	0	0	15	0	0	4.25	15	0	0	0	15	0	0	0.649		100.001	40.0679	0.312377	0	3.12374	0.323906	14.7203	1		0	12.0616	43.7555	0	0	0	
2024-06-27 11:41:36	878	2186	1	0	0	4	17	0	0	0	17	0	0	1.25	17	0	0	0	17	0	0	2.381		100.006	40.388	0.0813205	0	0.813158	0.0643461	14.0504	1		0	12.0616	44.7951	0	0	0	
2024-06-27 11:48:50	932	2187	9	0	0	7.75	32	0	0	0	32	0	0	5	32	0	0	0	32	0	0	2.381		100.005	39.4417	0.0811158	0	0.811115	0.0476863	14.0151	1		0	12.0616	43.8855	0	0	0	
2024-06-27 11:49:19	936	2188	5	0	0	7.75	32	0	0	0	32	0	0	3.75	32	0	0	0	32	0	0	3.464		99.9993	39.3845	0.0575526	0	0.57553	0.148724	14.4646	1		0.0088623	12.0616	43.8855	0	0	0	
2024-06-27 11:56:41	993	2189	1	0	0	1.25	6	0	0	6.5	6	0	0	3	6	0	0	4.75	6	0	0	0.908		99.9986	22.0897	0.0838305	0	0.838317	0.319147	9.21777	2		0	12.0616	43.8855	0	0	0	
2024-06-27 11:46:07	911	2190	5	0	0	6	25	0	0	0	25	0	0	1	25	0	0	0	25	0	0	4.33		100.005	40.3102	0.0564619	0	0.564589	0.766277	17.7371	1		0.0088623	12.0616	44.0154	0	0	0	
2024-06-27 11:42:05	882	2191	1	0	0	4	17	0	0	0	17	0	0	3.25	17	0	0	0	17	0	0	0.649		100.009	40.3899	0.312915	0	3.12885	0.148627	14.7444	1		0	12.0616	44.7951	0	0	0	
2024-06-27 11:36:24	839	2192	1	0	0	0	1	0	0	0	1	0	0	0.75	1	0	0	0	1	0	0	0.649		100.021	39.9588	0.368655	0	3.68577	0.4816	17.3688	2		0	12.0616	47.394	0	0	0	
2024-06-27 11:56:08	990	2193	1	0	0	3.5	15	0	0	4.25	15	0	0	3.75	15	0	0	4	15	0	0	0.13		99.9976	21.557	0.714844	0	7.14861	0.219293	11.229	1		0	12.0616	43.8855	0	0	0	
2024-06-27 11:38:53	857	2194	5	0	0	2	9	0	0	0	9	0	0	5	9	0	0	0	9	0	0	2.598		100.017	40.0523	0.076352	0	0.763392	0.0251007	14.3896	1		0	12.0616	45.8346	0	0	0	
2024-06-27 11:39:49	864	2195	1	0	0	2	9	0	0	0	9	0	0	3.75	9	0	0	0	9	0	0	1.515		100.011	40.0687	0.1375	0	1.37485	0.719894	15.1173	1		0	12.0616	45.5748	0	0	0	
2024-06-27 11:46:51	916	2196	1	0	0	7	29	0	0	0	29	0	0	2.75	29	0	0	0	29	0	0	3.68		100.007	39.7172	0.0557464	0	0.557423	0.0940429	14.8852	1		0.0088623	12.0616	44.0154	0	0	0	
2024-06-27 11:46:58	917	2197	1	0	0	7	29	0	0	0	29	0	0	2.25	29	0	0	0	29	0	0	4.113		100.007	39.85	0.051284	0	0.512804	0.00246058	15.3047	1		0.0088623	12.0616	43.8855	0	0	0	
2024-06-27 11:35:01	829	2198	9	0	0	0	1	0	0	0	1	0	0	7.75	1	0	0	0	1	0	0	6.711		100.019	39.9724	0.0354612	0	0.354543	0.0757011	17.2644	2		0.0088623	12.0261	48.8234	0	0	0	
2024-06-27 11:35:48	834	2199	9	0	0	0	1	0	0	0	1	0	0	6.5	1	0	0	0	1	0	0	5.628		100.019	39.9518	0.04102	0	0.41012	0.716526	16.7496	1		0.0088623	12.0616	47.7838	0	0	0	
2024-06-27 11:43:51	895	2200	1	0	0	5	21	0	0	0	21	0	0	0.75	21	0	0	0	21	0	0	3.68		100.004	40.3992	0.068043	0	0.680402	0.530764	18.1691	1		0	12.0616	44.2753	0	0	0	
2024-06-27 11:43:03	890	2201	5	0	0	5	21	0	0	0	21	0	0	7.25	21	0	0	0	21	0	0	1.948		100.012	40.627	0.116967	0	1.16953	0.0263035	16.5339	2		0.0088623	12.0616	44.2753	0	0	0	
2024-06-27 11:55:11	982	2202	9	0	0	5.75	24	0	0	0	24	0	0	4	24	0	0	0	24	0	0	1.515		99.9976	40.4802	0.125837	0	1.25841	0.248497	13.8369	1		0	12.0616	43.8855	0	0	0	
2024-06-27 11:52:13	958	2203	9	0	0	4.5	19	0	0	0	19	0	0	5.25	19	0	0	0	19	0	0	0.649		100.003	40.4843	0.329917	0	3.29908	0.135774	15.5465	1		0.0088623	12.0616	43.7555	0	0	0	
2024-06-27 11:56:16	991	2204	1	0	0	2.75	12	0	0	5	12	0	0	3.5	12	0	0	4.25	12	0	0	0.389		99.9986	22.0054	0.267938	0	2.67942	1.28348	12.6265	4		0	12.0616	43.8855	0	0	0	
2024-06-27 11:38:39	855	2205	1	0	0	2	9	0	0	0	9	0	0	0.5	9	0	0	0	9	0	0	1.299		100.018	40.0374	0.138884	0	1.38859	0.272035	13.0872	1		0.0088623	12.0616	46.0945	0	0	0	
2024-06-27 11:51:02	949	2206	9	0	0	0.5	3	0	0	0	3	0	0	7.25	3	0	0	0	3	0	0	5.845		100.003	40.3436	0.0626428	0	0.626408	0.682532	26.5669	2		0	12.0439	43.7555	0	0	0	
2024-06-27 11:42:05	882	2207	9	0	0	4	17	0	0	0	17	0	0	7.25	17	0	0	0	17	0	0	2.814		100.009	40.3899	0.0771475	0	0.771402	0.0375706	15.7523	1		0	12.0616	44.7951	0	0	0	
2024-06-27 11:40:42	871	2208	5	0	0	3	13	0	0	0	13	0	0	5.75	13	0	0	0	13	0	0	2.381		100.008	40.7459	0.0807064	0	0.807	0.0612903	13.944	1		0	12.0616	45.1849	0	0	0	
2024-06-27 11:40:04	866	2209	9	0	0	3	13	0	0	0	13	0	0	4.5	13	0	0	0	13	0	0	1.299		100.013	40.6707	0.143136	0	1.43117	0.322078	13.4884	1		0	12.0616	45.3149	0	0	0	
2024-06-27 11:46:51	916	2210	5	0	0	7	29	0	0	0	29	0	0	6.75	29	0	0	0	29	0	0	0.216		100.007	39.7172	0.918334	0	9.18267	0.130168	14.4241	1		0.0088623	12.0616	44.0154	0	0	0	
2024-06-27 11:37:42	847	2211	5	0	0	1	5	0	0	0	5	0	0	7.5	5	0	0	0	5	0	0	5.628		100.019	39.6308	0.0408495	0	0.408418	0.106455	16.6801	1		0	12.0616	46.4844	0	0	0	
2024-06-27 11:37:49	848	2212	9	0	0	1	5	0	0	0	5	0	0	6.25	5	0	0	0	5	0	0	4.546		100.019	39.6347	0.0601597	0	0.601481	0.363674	19.8409	1		0	12.0616	46.3544	0	0	0	
2024-06-27 11:44:52	902	2213	5	0	0	6	25	0	0	0	25	0	0	5.25	25	0	0	0	25	0	0	0.649		100.004	40.4424	0.324394	0	3.24382	0.230465	15.2861	1		0.0088623	12.0616	44.1454	0	0	0	
2024-06-27 11:45:36	908	2214	5	0	0	6	25	0	0	0	25	0	0	4	25	0	0	0	25	0	0	1.732		100.003	40.294	0.110436	0	1.10432	0.0670018	13.8773	2		0	12.0616	44.0154	0	0	0	
2024-06-27 11:43:03	890	2215	1	0	0	5	21	0	0	0	21	0	0	2.5	21	0	0	0	21	0	0	2.165		100.012	40.627	0.102836	0	1.02824	0.196568	16.1515	2		0.0088623	12.0616	44.2753	0	0	0	
2024-06-27 11:37:56	849	2216	1	0	0	1	5	0	0	0	5	0	0	0.25	5	0	0	0	5	0	0	0.649		100.018	39.628	0.297634	0	2.97581	0.178009	14.0232	1		0.0088623	12.0616	46.3544	0	0	0	
2024-06-27 11:42:13	883	2217	1	0	0	4	17	0	0	0	17	0	0	0.5	17	0	0	0	17	0	0	3.031		100.006	40.5337	0.0673082	0	0.673043	0.0845126	14.801	1		0.0088623	12.0616	44.6651	0	0	0	
2024-06-27 11:49:19	936	2218	1	0	0	7.75	32	0	0	0	32	0	0	3	32	0	0	0	32	0	0	4.113		99.9993	39.3845	0.0491027	0	0.491031	0.0534705	14.6549	1		0.0088623	12.0616	43.8855	0	0	0	
2024-06-27 11:46:14	912	2219	5	0	0	6	25	0	0	0	25	0	0	0.25	25	0	0	0	25	0	0	4.979		100.002	40.3023	0.0479561	0	0.479549	0.123644	17.3253	1		0.0088623	12.0616	44.0154	0	0	0	
2024-06-27 11:53:10	966	2220	1	0	0	5.25	22	0	0	0	22	0	0	2.5	22	0	0	0	22	0	0	2.381		99.9997	40.3789	0.0975154	0	0.975157	0.992339	16.8495	1		0.0088623	12.0616	43.7555	0	0	0	
2024-06-27 11:42:34	886	2221	5	0	0	4	17	0	0	0	17	0	0	2.5	17	0	0	0	17	0	0	1.299		100.014	40.3546	0.143344	0	1.43324	0.311152	13.508	1		0	12.0616	44.6651	0	0	0	
2024-06-27 11:38:46	856	2222	1	0	0	2	9	0	0	0	9	0	0	3	9	0	0	0	9	0	0	0.866		100.017	40.0314	0.214794	0	2.14757	0.204798	13.4936	1		0.0088623	12.0616	45.9646	0	0	0	
2024-06-27 11:47:57	925	2223	5	0	0	7	29	0	0	0	29	0	0	1.5	29	0	0	0	29	0	0	4.762		100.002	39.6647	0.0476694	0	0.476684	0.206089	16.473	1		0	12.0616	43.8855	0	0	0	
2024-06-27 11:35:41	833	2224	5	0	0	0	1	0	0	0	1	0	0	5.75	1	0	0	0	1	0	0	4.979		100.017	39.9479	0.0457763	0	0.457684	0.264564	16.5354	1		0.0088623	11.9552	48.1737	0	0	0	
2024-06-27 11:36:03	836	2225	9	0	0	0	1	0	0	0	1	0	0	4.5	1	0	0	0	1	0	0	3.897		100.022	39.9664	0.0548318	0	0.548197	0.156	15.4999	1		0	12.0616	47.7838	0	0	0	
2024-06-27 11:43:58	896	2226	1	0	0	5	21	0	0	0	21	0	0	0	21	0	0	0	21	0	0	4.33		100	40.4362	0.0513248	0	0.513249	0.039831	16.1242	2		0.0088623	12.0439	44.2753	0	0	0	
2024-06-27 11:49:11	935	2227	5	0	0	7.75	32	0	0	0	32	0	0	2.25	32	0	0	0	32	0	0	4.762		100.004	39.3855	0.0434521	0	0.434504	0.0186389	15.0154	1		0.0088623	12.0616	43.8855	0	0	0	
2024-06-27 11:43:13	891	2228	9	0	0	5	21	0	0	0	21	0	0	7.75	21	0	0	0	21	0	0	2.381		100.01	40.5191	0.0841294	0	0.841211	0.0289371	14.5351	2		0	12.0616	44.1454	0	0	0	
2024-06-27 11:43:03	890	2229	9	0	0	5	21	0	0	0	21	0	0	6.5	21	0	0	0	21	0	0	1.299		100.012	40.627	0.155027	0	1.55008	0.0391557	14.6092	2		0.0088623	12.0616	44.2753	0	0	0	
2024-06-27 11:40:49	872	2230	1	0	0	3	13	0	0	0	13	0	0	2	13	0	0	0	13	0	0	0.866		100.007	40.7005	0.213758	0	2.13742	0.0429068	13.4298	2		0.0088623	12.0616	45.055	0	0	0	
2024-06-27 11:52:56	964	2231	1	0	0	4.5	19	0	0	0	19	0	0	3.25	19	0	0	0	19	0	0	1.082		100	40.4808	0.175195	0	1.75195	0.418725	13.7598	1		0	12.0616	43.7555	0	0	0	
2024-06-27 11:48:42	931	2232	5	0	0	7.75	32	0	0	0	32	0	0	7	32	0	0	0	32	0	0	0.649		100.006	39.4425	0.342492	0	3.42473	0.45067	16.1387	1		0	12.0616	43.8855	0	0	0	
2024-06-27 11:55:04	981	2233	9	0	0	5.5	23	0	0	0	23	0	0	4.25	23	0	0	0	23	0	0	1.082		100.003	39.9753	0.183369	0	1.83364	0.270834	14.4014	1		0	11.9552	43.7555	0	0	0	
2024-06-27 11:53:52	971	2234	1	0	0	6.75	28	0	0	0	28	0	0	1	28	0	0	0	28	0	0	4.979		100.003	39.664	0.058346	0	0.583444	0.680932	21.0789	1		0	12.0616	43.7555	0	0	0	
2024-06-27 11:52:20	959	2235	9	0	0	4.25	18	0	0	0	18	0	0	5.5	18	0	0	0	18	0	0	1.082		100.003	40.4888	0.187857	0	1.87852	0.642961	14.7538	1		0	12.0616	43.7555	0	0	0	
2024-06-27 11:41:43	879	2236	9	0	0	4	17	0	0	0	17	0	0	7.75	17	0	0	0	17	0	0	3.247		100.006	40.3697	0.0623113	0	0.623074	0.140203	14.6808	1		0.0088623	11.9552	44.7951	0	0	0	
2024-06-27 11:42:05	882	2237	5	0	0	4	17	0	0	0	17	0	0	6.5	17	0	0	0	17	0	0	2.165		100.009	40.3899	0.0910239	0	0.910152	0.087831	14.2966	1		0	12.0616	44.7951	0	0	0	
2024-06-27 11:40:18	868	2238	9	0	0	3	13	0	0	0	13	0	0	5	13	0	0	0	13	0	0	1.732		100.011	40.7315	0.105863	0	1.05851	0.193702	13.3016	1		0	11.9552	45.1849	0	0	0	
2024-06-27 11:40:18	868	2239	1	0	0	3	13	0	0	0	13	0	0	3.75	13	0	0	0	13	0	0	0.649		100.011	40.7315	0.303964	0	3.0393	0.179377	14.3223	1		0	11.9552	45.1849	0	0	0	
2024-06-27 11:38:32	854	2240	9	0	0	2	9	0	0	0	9	0	0	7	9	0	0	0	9	0	0	4.33		100.019	40.0489	0.0498232	0	0.498139	0.326067	15.6495	1		0.0088623	12.0616	46.0945	0	0	0	
2024-06-27 11:46:28	914	2241	1	0	0	7	29	0	0	0	29	0	0	6	29	0	0	0	29	0	0	0.866		100.004	39.7184	0.23635	0	2.36339	1.36386	14.8496	4		0	12.0616	44.0154	0	0	0	
2024-06-27 11:46:58	917	2242	9	0	0	7	29	0	0	0	29	0	0	4.75	29	0	0	0	29	0	0	1.948		100.007	39.85	0.100875	0	1.00867	0.237913	14.2598	1		0.0088623	12.0616	43.8855	0	0	0	
2024-06-27 11:37:32	846	2243	9	0	0	1	5	0	0	0	5	0	0	5.5	5	0	0	0	5	0	0	3.897		100.019	39.6233	0.0718801	0	0.718663	0.0832961	20.3197	2		0	12.0616	46.6143	0	0	0	
2024-06-27 11:37:14	844	2244	9	0	0	1	5	0	0	0	5	0	0	4.25	5	0	0	0	5	0	0	2.814		100.018	39.6493	0.074283	0	0.742696	0.0575778	15.1661	1		0.0088623	12.0616	46.8742	0	0	0	
2024-06-27 11:45:46	909	2245	1	0	0	6	25	0	0	0	25	0	0	3.25	25	0	0	0	25	0	0	2.381		100.004	40.3165	0.0827991	0	0.827956	0.353099	14.3061	2		0.0088623	12.0616	44.1454	0	0	0	
2024-06-27 11:51:37	953	2246	1	0	0	0.25	2	0	0	0	2	0	0	1.5	2	0	0	0	2	0	0	1.082		100.004	40.3197	0.163847	0	1.6384	0.126807	12.868	1		0.0088623	12.0616	43.6256	0	0	0	
2024-06-27 11:47:28	921	2247	1	0	0	7	29	0	0	0	29	0	0	0.75	29	0	0	0	29	0	0	5.412		100.003	39.7107	0.0460976	0	0.460963	0.368404	18.102	1		0	12.0616	43.8855	0	0	0	
2024-06-27 11:35:41	833	2248	9	0	0	0	1	0	0	0	1	0	0	5	1	0	0	0	1	0	0	4.33		100.017	39.9479	0.0501859	0	0.501772	0.311918	15.7636	1		0.0088623	11.9552	48.1737	0	0	0	
2024-06-27 11:35:48	834	2249	1	0	0	0	1	0	0	0	1	0	0	3.75	1	0	0	0	1	0	0	3.247		100.019	39.9518	0.0639218	0	0.639094	0.457671	15.0583	1		0.0088623	12.0616	47.7838	0	0	0	
2024-06-27 11:55:25	984	2250	9	0	0	7.5	31	0	0	0	31	0	0	6.25	31	0	0	0	31	0	0	1.082		99.9973	39.4289	0.184057	0	1.84061	0.347678	14.4562	1		0.0088623	12.0616	43.8855	0	0	0	
2024-06-27 11:52:42	962	2251	9	0	0	6.25	26	0	0	0	26	0	0	7.5	26	0	0	0	26	0	0	1.082		100.003	40.2676	0.186086	0	1.86081	0.194166	14.6148	1		0.0088623	12.0616	43.8855	0	0	0	
2024-06-27 11:45:29	907	2252	5	0	0	6	25	0	0	0	25	0	0	7.25	25	0	0	0	25	0	0	1.082		100.006	40.4321	0.202692	0	2.02681	0.41497	15.9185	1		0.0088623	12.0616	44.1454	0	0	0	
2024-06-27 11:48:21	928	2253	1	0	0	7.75	32	0	0	0	32	0	0	1.5	32	0	0	0	32	0	0	5.412		100.004	39.4008	0.0398214	0	0.398199	0.391069	15.6373	1		0	12.0616	43.8855	0	0	0	
2024-06-27 11:43:23	892	2254	9	0	0	5	21	0	0	0	21	0	0	5.75	21	0	0	0	21	0	0	0.649		100.007	40.5134	0.325087	0	3.25064	0.0502209	15.3183	2		0	11.9552	44.2753	0	0	0	
2024-06-27 11:43:51	895	2255	9	0	0	5	21	0	0	0	21	0	0	4.5	21	0	0	0	21	0	0	0.433		100.004	40.3992	0.471444	0	4.71425	0.0816938	14.8103	1		0	12.0616	44.2753	0	0	0	
2024-06-27 11:41:14	875	2256	5	0	0	3	13	0	0	0	13	0	0	1.25	13	0	0	0	13	0	0	1.515		100.005	40.7105	0.120589	0	1.20583	0.170465	13.2587	1		0	12.0616	44.925	0	0	0	
2024-06-27 11:38:03	850	2257	5	0	0	1	5	0	0	0	5	0	0	2.25	5	0	0	0	5	0	0	1.082		100.015	39.6335	0.163716	0	1.63691	0.139263	12.8563	1		0.0088623	12.0616	46.3544	0	0	0	
2024-06-27 11:51:29	952	2258	1	0	0	0.5	3	0	0	0	3	0	0	1.25	3	0	0	0	3	0	0	0.649		100.004	40.3478	0.302096	0	3.02082	0.610564	14.2353	1		0.0088623	11.9552	43.7555	0	0	0	
2024-06-27 11:50:08	943	2259	9	0	0	2.5	11	0	0	0	11	0	0	5.25	11	0	0	0	11	0	0	2.381		100.002	40.3748	0.108419	0	1.08416	1.28773	18.7329	4		0.0088623	11.9552	43.8855	0	0	0	
2024-06-27 11:48:57	933	2260	5	0	0	7.75	32	0	0	0	32	0	0	7.5	32	0	0	0	32	0	0	0.216		100.005	39.3948	0.973864	0	9.73814	0.242707	15.2966	1		0.0088623	12.0616	43.8855	0	0	0	
2024-06-27 11:48:10	927	2261	9	0	0	7.75	32	0	0	0	32	0	0	6.25	32	0	0	0	32	0	0	1.299		100.005	39.3606	0.155077	0	1.55069	0.314927	14.615	2		0	12.0616	43.8855	0	0	0	
2024-06-27 11:52:49	963	2262	1	0	0	4.25	18	0	0	0	18	0	0	3.5	18	0	0	0	18	0	0	0.649		99.9996	40.4817	0.314309	0	3.14311	0.081981	14.8115	1		0	12.0616	43.7555	0	0	0	
2024-06-27 11:45:21	906	2263	1	0	0	6	25	0	0	0	25	0	0	2.25	25	0	0	0	25	0	0	3.247		100.003	40.4849	0.0647268	0	0.647248	0.246564	15.2504	1		0.0088623	12.0616	44.1454	0	0	0	
2024-06-27 11:54:57	980	2264	9	0	0	5.25	22	0	0	0	22	0	0	4.5	22	0	0	0	22	0	0	0.649		100.002	40.4078	0.32176	0	3.21753	0.0937927	15.1623	1		0	12.0616	43.8855	0	0	0	
2024-06-27 11:42:20	884	2265	5	0	0	4	17	0	0	0	17	0	0	5.75	17	0	0	0	17	0	0	1.515		100.01	40.462	0.12631	0	1.26298	0.00507597	13.8871	1		0	12.0616	44.6651	0	0	0	
2024-06-27 11:41:36	878	2266	9	0	0	4	17	0	0	0	17	0	0	4.5	17	0	0	0	17	0	0	0.433		100.006	40.388	0.515431	0	5.15401	0.203924	16.1918	1		0	12.0616	44.7951	0	0	0	
2024-06-27 11:36:10	837	2267	5	0	0	0	1	0	0	0	1	0	0	2	1	0	0	0	1	0	0	1.732		100.023	39.9664	0.175054	0	1.75014	0.0310515	21.9929	1		0.0088623	12.0616	47.6539	0	0	0	
2024-06-27 11:39:17	860	2268	5	0	0	2	9	0	0	0	9	0	0	7.5	9	0	0	0	9	0	0	4.762		100.018	40.1821	0.0454182	0	0.454101	0.0612941	15.6926	1		0	12.0616	45.7047	0	0	0	
2024-06-27 11:38:39	855	2269	5	0	0	2	9	0	0	0	9	0	0	6.25	9	0	0	0	9	0	0	3.68		100.018	40.0374	0.0606989	0	0.606881	0.152197	16.2059	1		0.0088623	12.0616	46.0945	0	0	0	
2024-06-27 11:47:05	918	2270	9	0	0	7	29	0	0	0	29	0	0	5.25	29	0	0	0	29	0	0	1.515		100.003	39.8704	0.128848	0	1.28845	0.256238	14.1672	1		0.0088623	12.0616	44.0154	0	0	0	
2024-06-27 11:46:43	915	2271	5	0	0	7	29	0	0	0	29	0	0	4	29	0	0	0	29	0	0	2.598		100.004	39.7162	0.0756837	0	0.756803	0.067673	14.2654	1		0	12.0616	44.0154	0	0	0	
2024-06-27 11:38:10	851	2272	5	0	0	1	5	0	0	0	5	0	0	3.5	5	0	0	0	5	0	0	2.165		100.019	39.6376	0.0855206	0	0.855042	0.149739	13.431	1		0	12.0616	46.3544	0	0	0	
2024-06-27 11:45:46	909	2273	5	0	0	6	25	0	0	0	25	0	0	2.5	25	0	0	0	25	0	0	3.031		100.004	40.3165	0.0762318	0	0.762285	0.588464	16.7635	2		0.0088623	12.0616	44.1454	0	0	0	
2024-06-27 11:54:50	979	2274	1	0	0	3.75	16	0	0	0	16	0	0	2	16	0	0	0	16	0	0	1.515		99.9943	40.2329	0.133981	0	1.33988	0.215633	14.7328	1		0	12.0616	43.8855	0	0	0	
2024-06-27 11:43:23	892	2275	1	0	0	5	21	0	0	0	21	0	0	2	21	0	0	0	21	0	0	2.598		100.007	40.5134	0.0787807	0	0.787751	0.0638042	14.8487	2		0	11.9552	44.2753	0	0	0	
2024-06-27 11:39:42	863	2276	5	0	0	2	9	0	0	0	9	0	0	1.75	9	0	0	0	9	0	0	0.216		100.011	40.0617	0.841656	0	8.41563	0.00319228	13.2192	1		0	12.0616	45.5748	0	0	0	
2024-06-27 11:47:57	925	2277	1	0	0	7	29	0	0	0	29	0	0	0	29	0	0	0	29	0	0	6.061		100.002	39.6647	0.0396412	0	0.396403	0.412501	17.4347	1		0	12.0616	43.8855	0	0	0	
2024-06-27 11:36:17	838	2278	1	0	0	0	1	0	0	0	1	0	0	3	1	0	0	0	1	0	0	2.598		100.022	39.9618	0.0784777	0	0.784605	0.272291	14.7895	1		0	12.0616	47.6539	0	0	0	
2024-06-27 11:40:18	868	2279	5	0	0	3	13	0	0	0	13	0	0	7	13	0	0	0	13	0	0	3.464		100.011	40.7315	0.0589604	0	0.589538	0.661402	14.8167	1		0	11.9552	45.1849	0	0	0	
2024-06-27 11:44:52	902	2280	9	0	0	6	25	0	0	0	25	0	0	7.75	25	0	0	0	25	0	0	1.515		100.004	40.4424	0.134612	0	1.34607	0.150146	14.8008	1		0.0088623	12.0616	44.1454	0	0	0	
2024-06-27 11:45:07	904	2281	9	0	0	6	25	0	0	0	25	0	0	6.5	25	0	0	0	25	0	0	0.433		100.005	40.4272	0.527975	0	5.27947	0.179071	16.586	1		0.0088623	11.9552	44.1454	0	0	0	
2024-06-27 11:48:50	932	2282	1	0	0	7.75	32	0	0	0	32	0	0	0.75	32	0	0	0	32	0	0	6.061		100.005	39.4417	0.0391053	0	0.391033	0.0997049	17.1985	1		0	12.0616	43.8855	0	0	0	
2024-06-27 11:44:23	899	2283	1	0	0	5	21	0	0	0	21	0	0	3.75	21	0	0	0	21	0	0	1.082		100.004	40.4215	0.177104	0	1.77096	0.00605267	13.9091	1		0.0088623	12.0616	44.2753	0	0	0	
2024-06-27 11:41:00	873	2284	5	0	0	3	13	0	0	0	13	0	0	0.5	13	0	0	0	13	0	0	2.165		100.01	40.7702	0.0893223	0	0.893131	0.020243	14.0293	1		0	12.0616	45.055	0	0	0	
2024-06-27 11:37:56	849	2285	5	0	0	1	5	0	0	0	5	0	0	1.5	5	0	0	0	5	0	0	0.433		100.018	39.628	0.465914	0	4.65832	0.191886	14.6345	1		0.0088623	12.0616	46.3544	0	0	0	
2024-06-27 11:56:30	992	2286	1	0	0	2	9	0	0	5.75	9	0	0	3.25	9	0	0	4.5	9	0	0	0.649		100.001	22.0031	0.139065	0	1.39064	0.0899896	10.9221	2		0	12.0616	43.8855	0	0	0	
2024-06-27 11:42:41	887	2287	5	0	0	4	17	0	0	0	17	0	0	1.75	17	0	0	0	17	0	0	1.948		100.007	40.3709	0.0971186	0	0.971123	0.119975	13.7289	1		0.0088623	12.0616	44.4052	0	0	0	
2024-06-27 11:51:51	955	2288	1	0	0	2.5	11	0	0	0	11	0	0	3.25	11	0	0	0	11	0	0	0.649		100.002	40.1987	0.29943	0	2.99426	0.0170618	14.1101	1		0	12.0616	43.7555	0	0	0	
2024-06-27 11:48:28	929	2289	9	0	0	7.75	32	0	0	0	32	0	0	5.5	32	0	0	0	32	0	0	1.948		100.006	39.4349	0.102993	0	1.02987	0.410621	14.5594	1		0.0088623	12.0616	43.8855	0	0	0	
2024-06-27 11:48:36	930	2290	5	0	0	7.75	32	0	0	0	32	0	0	4.25	32	0	0	0	32	0	0	3.031		100.007	39.4005	0.0653826	0	0.653778	0.102395	14.3773	1		0.0088623	12.0616	43.7555	0	0	0	
2024-06-27 11:45:56	910	2291	5	0	0	6	25	0	0	0	25	0	0	1.5	25	0	0	0	25	0	0	3.897		100.007	40.2991	0.0588755	0	0.588716	0.0683168	16.6456	2		0	12.0616	44.0154	0	0	0	
2024-06-27 11:41:50	880	2292	9	0	0	4	17	0	0	0	17	0	0	5	17	0	0	0	17	0	0	0.866		100.01	40.4476	0.228527	0	2.28506	0.151739	14.3574	1		0.0088623	12.0616	44.7951	0	0	0	
2024-06-27 11:41:43	879	2293	1	0	0	4	17	0	0	0	17	0	0	3.75	17	0	0	0	17	0	0	0.216		100.006	40.3697	0.979586	0	9.79524	0.199688	15.3863	1		0.0088623	11.9552	44.7951	0	0	0	
2024-06-27 11:36:24	839	2294	5	0	0	0	1	0	0	0	1	0	0	1.25	1	0	0	0	1	0	0	1.082		100.021	39.9588	0.164545	0	1.64511	0.0232706	12.9207	2		0	12.0616	47.394	0	0	0	
2024-06-27 11:39:00	858	2295	5	0	0	2	9	0	0	0	9	0	0	5.5	9	0	0	0	9	0	0	3.031		100.013	40.0509	0.14472	0	1.44701	0.292614	31.8215	2		0.0088623	12.0616	45.8346	0	0	0	
2024-06-27 11:38:53	857	2296	9	0	0	2	9	0	0	0	9	0	0	4.25	9	0	0	0	9	0	0	1.948		100.017	40.0523	0.100025	0	1.00008	0.231624	14.1383	1		0	12.0616	45.8346	0	0	0	
2024-06-27 11:47:35	922	2297	5	0	0	7	29	0	0	0	29	0	0	3.25	29	0	0	0	29	0	0	3.247		100.004	39.7361	0.061917	0	0.619144	0.253252	14.5882	1		0	12.0616	43.8855	0	0	0	
2024-06-27 11:38:03	850	2298	1	0	0	1	5	0	0	0	5	0	0	2.75	5	0	0	0	5	0	0	1.515		100.015	39.6335	0.118237	0	1.18219	0.126005	12.9988	1		0.0088623	12.0616	46.3544	0	0	0	
2024-06-27 11:35:34	832	2299	5	0	0	0	1	0	0	0	1	0	0	7	1	0	0	0	1	0	0	6.061		100.02	39.9364	0.0390763	0	0.390686	0.935344	17.1833	1		0.0088623	12.0616	48.3036	0	0	0	
2024-06-27 11:44:30	900	2300	1	0	0	5	21	0	0	0	21	0	0	1.25	21	0	0	0	21	0	0	3.247		100.004	40.4452	0.0731492	0	0.731465	0.731877	17.2347	1		0	12.0616	44.2753	0	0	0	
2024-06-27 11:39:10	859	2301	1	0	0	2	9	0	0	0	9	0	0	1	9	0	0	0	9	0	0	0.866		100.017	40.1187	0.206564	0	2.06529	0.294012	12.9766	1		0.0088623	12.0616	45.8346	0	0	0	
2024-06-27 11:40:49	872	2302	9	0	0	3	13	0	0	0	13	0	0	7.5	13	0	0	0	13	0	0	3.897		100.007	40.7005	0.0532782	0	0.532742	0.219792	15.0629	2		0.0088623	12.0616	45.055	0	0	0	
2024-06-27 11:40:04	866	2303	5	0	0	3	13	0	0	0	13	0	0	6.25	13	0	0	0	13	0	0	2.814		100.013	40.6707	0.078502	0	0.784916	0.118722	16.0283	1		0	12.0616	45.3149	0	0	0	
2024-06-27 11:47:20	920	2304	9	0	0	7	29	0	0	0	29	0	0	7.25	29	0	0	0	29	0	0	0.216		100.003	39.7073	0.844009	0	8.43986	0.499176	13.2573	1		0	12.0616	43.8855	0	0	0	
2024-06-27 11:37:21	845	2305	9	0	0	1	5	0	0	0	5	0	0	6.75	5	0	0	0	5	0	0	4.979		100.017	39.6359	0.0555211	0	0.555117	0.361175	20.0555	2		0.0088623	12.0616	46.8742	0	0	0	
2024-06-27 11:45:21	906	2306	9	0	0	6	25	0	0	0	25	0	0	5.75	25	0	0	0	25	0	0	0.216		100.003	40.4849	0.94745	0	9.47421	0.169005	14.8821	1		0.0088623	12.0616	44.1454	0	0	0	
2024-06-27 11:45:07	904	2307	5	0	0	6	25	0	0	0	25	0	0	4.5	25	0	0	0	25	0	0	1.299		100.005	40.4272	0.150866	0	1.50858	0.0345421	14.218	1		0.0088623	11.9552	44.1454	0	0	0	
2024-06-27 11:49:04	934	2308	1	0	0	7.75	32	0	0	0	32	0	0	0	32	0	0	0	32	0	0	6.711		100.004	39.3769	0.034969	0	0.349678	0.490695	17.0274	1		0.0088623	12.0616	43.8855	0	0	0	
2024-06-27 11:44:23	899	2309	5	0	0	5	21	0	0	0	21	0	0	3	21	0	0	0	21	0	0	1.732		100.004	40.4215	0.108104	0	1.08099	0.181551	13.5841	1		0.0088623	12.0616	44.2753	0	0	0	
2024-06-27 11:37:49	848	2310	1	0	0	1	5	0	0	0	5	0	0	0.75	5	0	0	0	5	0	0	0.216		100.019	39.6347	0.866084	0	8.65917	0.303384	13.6018	1		0	12.0616	46.3544	0	0	0	
2024-06-27 11:53:28	968	2311	1	0	0	5.75	24	0	0	0	24	0	0	2	24	0	0	0	24	0	0	3.247		100.002	40.4492	0.0703844	0	0.703829	0.0677418	16.5836	2		0.0088623	12.0616	43.8855	0	0	0	
2024-06-27 11:42:49	888	2312	5	0	0	4	17	0	0	0	17	0	0	1	17	0	0	0	17	0	0	2.598		100.008	40.447	0.0740666	0	0.740608	0.0239642	13.9601	1		0	12.0616	44.5352	0	0	0	
2024-06-27 11:49:33	938	2313	1	0	0	7.75	32	0	0	0	32	0	0	3.5	32	0	0	0	32	0	0	3.68		100	39.5514	0.0532443	0	0.532441	0.0709646	14.2181	1		0.0088623	11.9552	43.7555	0	0	0	
2024-06-27 11:44:52	902	2314	1	0	0	6	25	0	0	0	25	0	0	0.75	25	0	0	0	25	0	0	4.546		100.004	40.4424	0.0563995	0	0.563974	0.535653	18.6037	1		0.0088623	12.0616	44.1454	0	0	0	
2024-06-27 11:42:27	885	2315	5	0	0	4	17	0	0	0	17	0	0	3	17	0	0	0	17	0	0	0.866		100.008	40.4948	0.218781	0	2.18765	0.26431	13.7454	1		0.0088623	12.0616	44.6651	0	0	0	
2024-06-27 11:35:41	833	2316	1	0	0	0	1	0	0	0	1	0	0	0.5	1	0	0	0	1	0	0	0.433		100.017	39.9479	0.449784	0	4.49706	0.146384	14.1279	1		0.0088623	11.9552	48.1737	0	0	0	
2024-06-27 11:55:39	986	2317	1	0	0	3.5	15	0	0	4.25	15	0	0	2.75	15	0	0	5	15	0	0	0.389		99.9993	21.5373	0.271749	0	2.7175	0.0161331	12.8059	1		0	12.0616	43.7555	0	0	0	
2024-06-27 11:38:32	854	2318	1	0	0	2	9	0	0	0	9	0	0	3.5	9	0	0	0	9	0	0	1.299		100.019	40.0489	0.147705	0	1.47677	0.139407	13.9183	1		0.0088623	12.0616	46.0945	0	0	0	
2024-06-27 11:47:42	923	2319	5	0	0	7	29	0	0	0	29	0	0	2.5	29	0	0	0	29	0	0	3.897		100.008	39.7196	0.0579805	0	0.57976	0.0448139	16.3923	1		0	12.0616	43.8855	0	0	0	
2024-06-27 11:47:05	918	2320	1	0	0	7	29	0	0	0	29	0	0	2	29	0	0	0	29	0	0	4.33		100.003	39.8704	0.0501358	0	0.501344	0.0268762	15.7502	1		0.0088623	12.0616	44.0154	0	0	0	
2024-06-27 11:35:01	829	2321	5	0	0	0	1	0	0	0	1	0	0	7.5	1	0	0	0	1	0	0	6.494		100.019	39.9724	0.0360784	0	0.360714	0.104727	16.9982	2		0.0088623	12.0261	48.8234	0	0	0	
2024-06-27 11:35:16	830	2322	5	0	0	0	1	0	0	0	1	0	0	6.25	1	0	0	0	1	0	0	5.412		100.021	39.9498	0.0439907	0	0.439816	0.551177	17.2715	1		0.0088623	12.0616	48.8234	0	0	0	
2024-06-27 11:43:13	891	2323	1	0	0	5	21	0	0	0	21	0	0	0.5	21	0	0	0	21	0	0	3.897		100.01	40.5191	0.0624251	0	0.62419	0.244865	17.6486	2		0	12.0616	44.1454	0	0	0	
2024-06-27 11:54:14	974	2324	1	0	0	1.25	6	0	0	0	6	0	0	0.5	6	0	0	0	6	0	0	0.649		99.9999	40.3472	0.302235	0	3.02236	0.0729614	14.2425	1		0	12.0616	43.8855	0	0	0	
2024-06-27 11:42:56	889	2325	9	0	0	5	21	0	0	0	21	0	0	7	21	0	0	0	21	0	0	1.732		100.008	40.5682	0.11337	0	1.13361	0.261231	14.2453	1		0.0088623	11.9552	44.5352	0	0	0	
2024-06-27 11:39:25	861	2326	5	0	0	2	9	0	0	0	9	0	0	0.25	9	0	0	0	9	0	0	1.515		100.014	40.1503	0.130795	0	1.30777	0.000686619	14.3797	2		0	12.0616	45.7047	0	0	0	
2024-06-27 11:41:36	878	2327	5	0	0	4	17	0	0	0	17	0	0	7	17	0	0	0	17	0	0	2.598		100.006	40.388	0.0767181	0	0.767136	0.401438	14.4602	1		0	12.0616	44.7951	0	0	0	
2024-06-27 11:40:35	870	2328	9	0	0	3	13	0	0	0	13	0	0	5.5	13	0	0	0	13	0	0	2.165		100.009	40.7221	0.0991036	0	0.990946	0.618959	15.5657	1		0.0088623	11.9552	45.1849	0	0	0	
2024-06-27 11:39:56	865	2329	9	0	0	3	13	0	0	0	13	0	0	4.25	13	0	0	0	13	0	0	1.082		100.011	40.7217	0.171639	0	1.71621	0.604495	13.4791	1		0.0088623	12.0616	45.4448	0	0	0	
2024-06-27 11:47:05	918	2330	5	0	0	7	29	0	0	0	29	0	0	7.75	29	0	0	0	29	0	0	0.649		100.003	39.8704	0.346464	0	3.46453	0.217264	16.3262	1		0.0088623	12.0616	44.0154	0	0	0	
2024-06-27 11:47:28	921	2331	5	0	0	7	29	0	0	0	29	0	0	6.5	29	0	0	0	29	0	0	0.433		100.003	39.7107	0.507506	0	5.07491	0.207121	15.9433	1		0	12.0616	43.8855	0	0	0	
2024-06-27 11:37:06	843	2332	5	0	0	1	5	0	0	0	5	0	0	6	5	0	0	0	5	0	0	4.33		100.021	39.6734	0.0549788	0	0.549672	0.236702	17.2685	1		0	12.0616	46.8742	0	0	0	
2024-06-27 11:37:14	844	2333	5	0	0	1	5	0	0	0	5	0	0	4.75	5	0	0	0	5	0	0	3.247		100.018	39.6493	0.0747076	0	0.746941	0.0408476	17.5994	1		0.0088623	12.0616	46.8742	0	0	0	
2024-06-27 11:52:05	957	2334	9	0	0	4.75	20	0	0	0	20	0	0	5	20	0	0	0	20	0	0	0.216		100.003	40.4015	0.884294	0	8.84266	0.306984	13.89	1		0	12.0616	43.7555	0	0	0	
2024-06-27 11:44:37	901	2335	5	0	0	6	25	0	0	0	25	0	0	5	25	0	0	0	25	0	0	0.866		100.004	40.3876	0.230858	0	2.30849	1.06305	14.5047	4		0.0088623	12.0616	44.2753	0	0	0	
2024-06-27 11:45:29	907	2336	1	0	0	6	25	0	0	0	25	0	0	3.75	25	0	0	0	25	0	0	1.948		100.006	40.4321	0.100177	0	1.00172	0.00288958	14.1614	1		0.0088623	12.0616	44.1454	0	0	0	
2024-06-27 11:37:42	847	2337	1	0	0	1	5	0	0	0	5	0	0	0	5	0	0	0	5	0	0	0.866		100.019	39.6308	0.21224	0	2.122	0.202193	13.3329	1		0	12.0616	46.4844	0	0	0	
2024-06-27 11:50:55	948	2338	9	0	0	0.75	4	0	0	0	4	0	0	7	4	0	0	0	4	0	0	5.412		100	40.4767	0.0424659	0	0.424657	0.559239	16.6763	1		0.0088623	12.0616	43.7555	0	0	0	
2024-06-27 11:41:29	877	2339	1	0	0	4	17	0	0	0	17	0	0	0.25	17	0	0	0	17	0	0	3.247		100.007	40.3856	0.0606501	0	0.606459	0.519982	14.2893	1		0	12.0616	44.6651	0	0	0	
2024-06-27 11:49:33	938	2340	5	0	0	7.75	32	0	0	0	32	0	0	2.75	32	0	0	0	32	0	0	4.33		100	39.5514	0.0478789	0	0.478787	0.098284	15.0415	1		0.0088623	11.9552	43.7555	0	0	0	
2024-06-27 11:45:07	904	2341	1	0	0	6	25	0	0	0	25	0	0	0	25	0	0	0	25	0	0	5.195		100.005	40.4272	0.0588144	0	0.588113	0.344395	22.1713	1		0.0088623	11.9552	44.1454	0	0	0	
2024-06-27 11:39:42	863	2342	1	0	0	2	9	0	0	0	9	0	0	2.75	9	0	0	0	9	0	0	0.649		100.011	40.0617	0.310474	0	3.1044	0.446067	14.6291	1		0	12.0616	45.5748	0	0	0	
2024-06-27 11:47:12	919	2343	1	0	0	7	29	0	0	0	29	0	0	1.25	29	0	0	0	29	0	0	4.979		100.006	39.72	0.0477801	0	0.477772	0.0715934	17.2611	1		0	12.0616	43.8855	0	0	0	
2024-06-27 11:35:23	831	2344	5	0	0	0	1	0	0	0	1	0	0	5.5	1	0	0	0	1	0	0	4.762		100.02	39.9316	0.0733967	0	0.733819	0.134506	25.359	2		0.0088623	12.0616	48.5635	0	0	0	
2024-06-27 11:35:55	835	2345	9	0	0	0	1	0	0	0	1	0	0	4.25	1	0	0	0	1	0	0	3.68		100.019	39.9855	0.0569868	0	0.569761	0.721234	15.2146	1		0.0088623	12.0616	47.9138	0	0	0	
