Time	MeasID	DPID	Channel	A(x)	A(y)	A(z)	A(adr)	B(x)	B(y)	B(z)	B(adr)	M(x)	M(y)	M(z)	M(adr)	N(x)	N(y)	N(z)	N(adr)	F(x)	F(y)	F(z)	Note	I(mA)	Uout(V)	U(V)	SP(V)	R(Ohm)	Var(%)	Rho-a(Ohm-m)	Cycles	IP Delay Window(mV/V)	Pint(V)	Pext(V)	T int(deg C)	T log(deg C)	Latitude	Longitude
2024-06-27 15:48:58	1100	2346	5	0	0	7.75	32	0	0	0	32	0	0	2	32	0	0	0	32	0	0	4.979		99.9936	39.7721	0.0424392	0	0.424419	0.0259571	15.3335	1		0	12.0616	43.1058	0	0	0	
2024-06-27 15:43:10	1056	2347	5	0	0	5	21	0	0	0	21	0	0	7.5	21	0	0	0	21	0	0	2.165		99.9973	40.8109	0.0909407	0	0.909431	0.0788436	14.2853	2		0.0088623	12.0616	43.6256	0	0	0	
2024-06-27 15:43:45	1060	2348	9	0	0	5	21	0	0	0	21	0	0	6.25	21	0	0	0	21	0	0	1.082		99.9921	40.8292	0.189655	0	1.8967	0.177658	14.8966	1		0	12.0616	43.4956	0	0	0	
2024-06-27 15:41:13	1040	2349	5	0	0	3	13	0	0	0	13	0	0	1.75	13	0	0	0	13	0	0	1.082		99.9968	41.0809	0.17277	0	1.72776	0.0871142	13.5698	1		0.0088623	11.9552	44.0154	0	0	0	
2024-06-27 15:48:08	1093	2350	5	0	0	7.75	32	0	0	0	32	0	0	6.75	32	0	0	0	32	0	0	0.866		99.9961	39.7529	0.247598	0	2.47608	0.358946	15.5577	1		0.0088623	12.0616	42.9758	0	0	0	
2024-06-27 15:54:19	1141	2351	1	0	0	3.25	14	0	0	0	14	0	0	2.5	14	0	0	0	14	0	0	0.649		99.9929	41.0036	0.29258	0	2.92601	0.417449	13.7885	1		0	12.0616	43.1058	0	0	0	
2024-06-27 15:41:49	1045	2352	9	0	0	4	17	0	0	0	17	0	0	7.5	17	0	0	0	17	0	0	3.031		99.9949	40.7673	0.0664565	0	0.664598	0.0290491	14.6153	1		0	12.0616	43.8855	0	0	0	
2024-06-27 15:41:35	1043	2353	9	0	0	4	17	0	0	0	17	0	0	6.25	17	0	0	0	17	0	0	1.948		99.9964	40.7753	0.101924	0	1.01928	0.447704	14.4097	1		0.0088623	12.0616	43.8855	0	0	0	
2024-06-27 15:41:20	1041	2354	1	0	0	3	13	0	0	0	13	0	0	3.5	13	0	0	0	13	0	0	0.433		99.9981	41.0923	0.471438	0	4.71447	0.178329	14.8109	1		0.0088623	12.0616	44.0154	0	0	0	
2024-06-27 15:38:32	1019	2355	9	0	0	2	9	0	0	0	9	0	0	6.75	9	0	0	0	9	0	0	4.113		100.004	40.4545	0.0535862	0	0.53584	0.123936	15.9922	1		0.0088623	12.0616	45.055	0	0	0	
2024-06-27 15:47:02	1084	2356	5	0	0	7	29	0	0	0	29	0	0	5.75	29	0	0	0	29	0	0	1.082		99.9996	40.0457	0.185139	0	1.85139	0.107482	14.5408	1		0	12.0616	43.1058	0	0	0	
2024-06-27 15:47:02	1084	2357	9	0	0	7	29	0	0	0	29	0	0	4.5	29	0	0	0	29	0	0	2.165		99.9996	40.0457	0.0912603	0	0.912607	0.0758385	14.3352	1		0	12.0616	43.1058	0	0	0	
2024-06-27 15:36:54	1007	2358	9	0	0	1	5	0	0	0	5	0	0	5.25	5	0	0	0	5	0	0	3.68		100.003	40.0385	0.0666285	0	0.666263	0.113307	17.7916	2		0.0088623	12.0616	46.0945	0	0	0	
2024-06-27 15:37:47	1013	2359	5	0	0	1	5	0	0	0	5	0	0	4	5	0	0	0	5	0	0	2.598		100	40.0282	0.0735596	0	0.735593	0.0962688	13.8656	2		0	12.0616	45.5748	0	0	0	
2024-06-27 15:52:46	1129	2360	1	0	0	4.75	20	0	0	0	20	0	0	3	20	0	0	0	20	0	0	1.515		99.9939	40.8819	0.124803	0	1.24811	0.0558726	13.7237	1		0.0088623	12.0616	42.9758	0	0	0	
2024-06-27 15:45:19	1071	2361	1	0	0	6	25	0	0	0	25	0	0	3	25	0	0	0	25	0	0	2.598		99.9965	40.7813	0.0785021	0	0.785048	0.471349	14.7978	1		0.0088623	12.0616	43.2357	0	0	0	
2024-06-27 15:39:53	1029	2362	1	0	0	2	9	0	0	0	9	0	0	2.25	9	0	0	0	9	0	0	0.216		100.001	40.4007	0.873195	0	8.73191	0.103454	13.716	1		0	12.0616	44.5352	0	0	0	
2024-06-27 15:47:38	1089	2363	1	0	0	7	29	0	0	0	29	0	0	0.5	29	0	0	0	29	0	0	5.628		99.997	40.0817	0.0431284	0	0.431297	0.106153	17.6145	1		0.0088623	12.0616	43.1058	0	0	0	
2024-06-27 15:36:29	1005	2364	5	0	0	0	1	0	0	0	1	0	0	3.5	1	0	0	0	1	0	0	3.031		100.005	40.4546	0.0759075	0	0.759034	2.94273	16.692	4		0.0088623	12.0616	46.3544	0	0	0	
2024-06-27 15:54:12	1140	2365	1	0	0	1.75	8	0	0	0	8	0	0	0	8	0	0	0	8	0	0	1.515		99.9947	40.9671	0.12302	0	1.23027	0.00133273	13.5275	1		0	12.0616	43.1058	0	0	0	
2024-06-27 15:44:52	1068	2366	5	0	0	6	25	0	0	0	25	0	0	7	25	0	0	0	25	0	0	0.866		99.9939	40.7491	0.244164	0	2.44179	0.0215209	15.3422	2		0	12.0616	43.2357	0	0	0	
2024-06-27 15:53:28	1134	2367	1	0	0	6.5	27	0	0	0	27	0	0	1.25	27	0	0	0	27	0	0	4.546		99.9939	40.5094	0.057042	0	0.570455	0.284247	18.8174	1		0	12.0616	43.1058	0	0	0	
2024-06-27 15:48:58	1100	2368	1	0	0	7.75	32	0	0	0	32	0	0	1.25	32	0	0	0	32	0	0	5.628		99.9936	39.7721	0.0397805	0	0.397831	0.0411436	16.2477	1		0	12.0616	43.1058	0	0	0	
2024-06-27 15:43:59	1062	2369	5	0	0	5	21	0	0	0	21	0	0	5.5	21	0	0	0	21	0	0	0.433		99.994	40.8307	0.49971	0	4.9974	0.191932	15.6998	1		0.0088623	12.0616	43.4956	0	0	0	
2024-06-27 15:43:28	1058	2370	9	0	0	5	21	0	0	0	21	0	0	4.25	21	0	0	0	21	0	0	0.649		99.9947	40.8086	0.310163	0	3.1018	0.0143271	14.6169	2		0.0088623	12.0616	43.4956	0	0	0	
2024-06-27 15:40:52	1037	2371	1	0	0	3	13	0	0	0	13	0	0	1	13	0	0	0	13	0	0	1.732		99.9954	41.0922	0.107919	0	1.07924	0.38815	13.5621	1		0	12.0616	43.8855	0	0	0	
2024-06-27 15:37:11	1009	2372	1	0	0	1	5	0	0	0	5	0	0	2	5	0	0	0	5	0	0	0.866		100.004	40.0227	0.206581	0	2.06573	0.0121597	12.9793	2		0	12.0616	45.8346	0	0	0	
2024-06-27 15:50:12	1109	2373	9	0	0	1.75	8	0	0	0	8	0	0	6	8	0	0	0	8	0	0	3.68		99.9961	40.8996	0.0619509	0	0.619533	0.980768	16.5437	1		0	11.9552	42.9758	0	0	0	
2024-06-27 15:41:49	1045	2374	1	0	0	4	17	0	0	0	17	0	0	2.25	17	0	0	0	17	0	0	1.515		99.9949	40.7673	0.119127	0	1.19133	0.184736	13.0994	1		0	12.0616	43.8855	0	0	0	
2024-06-27 15:47:53	1091	2375	9	0	0	7.75	32	0	0	0	32	0	0	6	32	0	0	0	32	0	0	1.515		99.9976	39.7325	0.13024	0	1.30243	0.999968	14.321	1		0	12.0616	42.9758	0	0	0	
2024-06-27 15:48:29	1096	2376	9	0	0	7.75	32	0	0	0	32	0	0	4.75	32	0	0	0	32	0	0	2.598		99.9942	39.7764	0.0758695	0	0.75874	0.104721	14.3019	1		0	12.0439	42.9758	0	0	0	
2024-06-27 15:45:33	1073	2377	1	0	0	6	25	0	0	0	25	0	0	2	25	0	0	0	25	0	0	3.464		99.9911	40.7562	0.0696189	0	0.696251	0.29559	17.4987	1		0	12.0616	43.2357	0	0	0	
2024-06-27 15:41:49	1045	2378	5	0	0	4	17	0	0	0	17	0	0	5.5	17	0	0	0	17	0	0	1.299		99.9949	40.7673	0.15342	0	1.53427	0.139581	14.4602	1		0	12.0616	43.8855	0	0	0	
2024-06-27 15:42:26	1050	2379	5	0	0	4	17	0	0	0	17	0	0	4.25	17	0	0	0	17	0	0	0.216		99.9927	40.774	0.99722	0	9.97293	0.0289739	15.6654	1		0.0088623	12.0616	43.7555	0	0	0	
2024-06-27 15:35:03	995	2380	1	0	0	0	1	0	0	0	1	0	0	1.75	1	0	0	0	1	0	0	1.515		100.007	40.4729	0.119755	0	1.19746	0.0361098	13.1668	2		0.0088623	12.0793	47.7838	0	0	0	
2024-06-27 15:55:17	1149	2381	1	0	0	3.75	16	0	0	4	16	0	0	3.5	16	0	0	4.25	16	0	0	0.13		99.9984	20.8789	0.737135	0	7.37147	0.0878221	11.5791	1		0	12.0616	43.1058	0	0	0	
2024-06-27 15:41:13	1040	2382	1	0	0	3	13	0	0	0	13	0	0	2.75	13	0	0	0	13	0	0	0.216		99.9968	41.0809	0.853661	0	8.53688	0.219907	13.4097	1		0.0088623	11.9552	44.0154	0	0	0	
2024-06-27 15:38:57	1022	2383	5	0	0	2	9	0	0	0	9	0	0	6	9	0	0	0	9	0	0	3.464		100.008	40.4375	0.0689103	0	0.68905	0.342658	17.3177	1		0.0088623	11.9552	44.7951	0	0	0	
2024-06-27 15:39:21	1025	2384	5	0	0	2	9	0	0	0	9	0	0	4.75	9	0	0	0	9	0	0	2.381		100.001	40.4266	0.0841029	0	0.841024	0.200852	14.5318	1		0.0088623	12.0616	44.6651	0	0	0	
2024-06-27 15:47:17	1086	2385	5	0	0	7	29	0	0	0	29	0	0	5	29	0	0	0	29	0	0	1.732		99.995	40.0452	0.111617	0	1.11623	0.0263995	14.0269	1		0	12.0616	42.9758	0	0	0	
2024-06-27 15:47:02	1084	2386	1	0	0	7	29	0	0	0	29	0	0	3.75	29	0	0	0	29	0	0	2.814		99.9996	40.0457	0.0713596	0	0.713598	0.0042964	14.5719	1		0	12.0616	43.1058	0	0	0	
2024-06-27 15:38:25	1018	2387	1	0	0	1	5	0	0	0	5	0	0	3.25	5	0	0	0	5	0	0	1.948		100.003	40.0456	0.0949475	0	0.949442	0.0594964	13.4224	1		0.0088623	12.0616	45.1849	0	0	0	
2024-06-27 15:49:42	1106	2388	9	0	0	2.75	12	0	0	0	12	0	0	5	12	0	0	0	12	0	0	1.948		99.9988	40.5483	0.0950839	0	0.95085	0.230082	13.4423	1		0	12.0616	42.9758	0	0	0	
2024-06-27 15:44:07	1063	2389	5	0	0	5	21	0	0	0	21	0	0	1.75	21	0	0	0	21	0	0	2.814		99.9936	40.8262	0.0832329	0	0.832383	0.826664	16.9976	1		0.0088623	12.0616	43.3657	0	0	0	
2024-06-27 15:39:04	1023	2390	1	0	0	2	9	0	0	0	9	0	0	1.5	9	0	0	0	9	0	0	0.433		100.001	40.388	0.456952	0	4.56947	0.0452512	14.3554	2		0	12.0616	44.6651	0	0	0	
2024-06-27 15:36:22	1004	2391	5	0	0	0	1	0	0	0	1	0	0	2.75	1	0	0	0	1	0	0	2.381		100.006	40.484	0.172487	0	1.72477	0.875643	29.8019	1		0.0088623	12.0616	46.4844	0	0	0	
2024-06-27 15:49:35	1105	2392	9	0	0	3.25	14	0	0	0	14	0	0	4.5	14	0	0	0	14	0	0	1.082		99.9961	41.0313	0.171716	0	1.71723	0.265631	13.4871	1		0	12.0616	42.9758	0	0	0	
2024-06-27 15:40:08	1031	2393	9	0	0	3	13	0	0	0	13	0	0	6.75	13	0	0	0	13	0	0	3.247		100.001	41.0972	0.0675781	0	0.675776	0.599516	15.9226	1		0	12.0616	44.2753	0	0	0	
2024-06-27 15:37:28	1011	2394	5	0	0	1	5	0	0	0	5	0	0	7.25	5	0	0	0	5	0	0	5.412		100.004	40.0311	0.0695304	0	0.695274	0.115038	27.3033	2		0	12.0616	45.7047	0	0	0	
2024-06-27 15:45:40	1074	2395	5	0	0	6	25	0	0	0	25	0	0	7.5	25	0	0	0	25	0	0	1.299		99.9913	40.7571	0.153569	0	1.53583	0.00737938	14.4748	1		0	12.0616	43.2357	0	0	0	
2024-06-27 15:45:11	1070	2396	5	0	0	6	25	0	0	0	25	0	0	6.25	25	0	0	0	25	0	0	0.216		99.9972	40.7644	0.958102	0	9.58128	0.099199	15.0502	1		0	12.0616	43.2357	0	0	0	
2024-06-27 15:49:14	1102	2397	1	0	0	7.75	32	0	0	0	32	0	0	0.5	32	0	0	0	32	0	0	6.278		99.9969	39.7584	0.0365028	0	0.365039	0.303831	16.6287	1		0.0088623	12.0616	42.8459	0	0	0	
2024-06-27 15:44:07	1063	2398	1	0	0	5	21	0	0	0	21	0	0	3.5	21	0	0	0	21	0	0	1.299		99.9936	40.8262	0.141113	0	1.41122	0.0888899	13.3004	1		0.0088623	12.0616	43.3657	0	0	0	
2024-06-27 15:40:59	1038	2399	1	0	0	3	13	0	0	0	13	0	0	0.25	13	0	0	0	13	0	0	2.381		99.9974	41.0921	0.0788172	0	0.788193	0.049078	13.619	1		0	12.0616	44.1454	0	0	0	
2024-06-27 15:37:39	1012	2400	1	0	0	1	5	0	0	0	5	0	0	1.25	5	0	0	0	5	0	0	0.216		100.003	40.024	0.862926	0	8.62896	0.195538	13.5543	1		0.0088623	12.0616	45.5748	0	0	0	
2024-06-27 15:42:05	1047	2401	1	0	0	4	17	0	0	0	17	0	0	1.5	17	0	0	0	17	0	0	2.165		99.9933	40.7723	0.0856159	0	0.856217	0.298871	13.4494	1		0	12.0616	43.7555	0	0	0	
2024-06-27 15:50:20	1110	2402	9	0	0	1.5	7	0	0	0	7	0	0	6.25	7	0	0	0	7	0	0	4.113		99.9911	40.101	0.0684061	0	0.684122	1.41572	20.4177	4		0	12.0616	42.9758	0	0	0	
2024-06-27 15:48:15	1094	2403	5	0	0	7.75	32	0	0	0	32	0	0	5.25	32	0	0	0	32	0	0	2.165		99.9989	39.7626	0.0902436	0	0.902446	0.136156	14.1756	1		0	12.0616	43.1058	0	0	0	
2024-06-27 15:48:29	1096	2404	5	0	0	7.75	32	0	0	0	32	0	0	4	32	0	0	0	32	0	0	3.247		99.9942	39.7764	0.0605244	0	0.605279	0.053916	14.2616	1		0	12.0439	42.9758	0	0	0	
2024-06-27 15:44:42	1067	2405	1	0	0	6	25	0	0	0	25	0	0	1.25	25	0	0	0	25	0	0	4.113		99.9936	40.7529	0.0585863	0	0.585901	0.674626	17.4863	2		0	11.9552	43.2357	0	0	0	
2024-06-27 15:42:55	1054	2406	1	0	0	4	17	0	0	0	17	0	0	3.5	17	0	0	0	17	0	0	0.433		99.9948	40.8178	0.508566	0	5.08593	0.12869	15.9779	1		0	12.0616	43.4956	0	0	0	
2024-06-27 15:36:15	1003	2407	1	0	0	0	1	0	0	0	1	0	0	1	1	0	0	0	1	0	0	0.866		100.005	40.4799	0.212052	0	2.12041	0.168663	13.3229	1		0	12.0616	46.6143	0	0	0	
2024-06-27 15:38:32	1019	2408	5	0	0	2	9	0	0	0	9	0	0	5.25	9	0	0	0	9	0	0	2.814		100.004	40.4545	0.0843379	0	0.843345	0.633635	17.2214	1		0.0088623	12.0616	45.055	0	0	0	
2024-06-27 15:39:21	1025	2409	9	0	0	2	9	0	0	0	9	0	0	4	9	0	0	0	9	0	0	1.732		100.001	40.4266	0.107255	0	1.07255	0.0954592	13.478	1		0.0088623	12.0616	44.6651	0	0	0	
2024-06-27 15:54:26	1142	2410	1	0	0	3.5	15	0	0	0	15	0	0	2.25	15	0	0	0	15	0	0	1.082		99.9942	40.3754	0.167814	0	1.67824	0.17353	13.1809	1		0	12.0616	43.1058	0	0	0	
2024-06-27 15:47:32	1088	2411	1	0	0	7	29	0	0	0	29	0	0	3	29	0	0	0	29	0	0	3.464		99.9976	40.0607	0.0593844	0	0.593858	0.00591143	14.9253	1		0	12.0616	43.1058	0	0	0	
2024-06-27 15:38:17	1017	2412	5	0	0	1	5	0	0	0	5	0	0	2.5	5	0	0	0	5	0	0	1.299		100.004	40.0283	0.148311	0	1.48305	0.00793523	13.9774	1		0	12.0616	45.1849	0	0	0	
2024-06-27 15:36:01	1001	2413	9	0	0	0	1	0	0	0	1	0	0	6.75	1	0	0	0	1	0	0	5.845		100.002	40.3868	0.0402235	0	0.402227	0.221544	17.0591	1		0.0088623	12.0616	46.8742	0	0	0	
2024-06-27 15:51:28	1118	2414	1	0	0	2.75	12	0	0	0	12	0	0	3	12	0	0	0	12	0	0	0.216		99.9968	40.5012	0.858886	0	8.58914	0.224623	13.4918	1		0.0088623	12.0616	42.9758	0	0	0	
2024-06-27 15:44:24	1065	2415	5	0	0	5	21	0	0	0	21	0	0	1	21	0	0	0	21	0	0	3.464		99.994	40.7952	0.0666096	0	0.666136	0.0966164	16.7418	2		0	12.0616	43.2357	0	0	0	
2024-06-27 15:56:33	1158	2416	1	0	0	0.5	3	0	0	7.25	3	0	0	2.75	3	0	0	5	3	0	0	1.168		99.9986	22.0401	0.0712708	0	0.712718	0.108454	10.0758	2		0	12.0616	43.1058	0	0	0	
2024-06-27 15:52:10	1124	2417	9	0	0	6.75	28	0	0	0	28	0	0	7	28	0	0	0	28	0	0	0.216		99.9967	40.0118	0.930477	0	9.30507	0.452307	14.6164	1		0.0088623	12.0616	42.9758	0	0	0	
2024-06-27 15:38:32	1019	2418	1	0	0	2	9	0	0	0	9	0	0	0.75	9	0	0	0	9	0	0	1.082		100.004	40.4545	0.165361	0	1.65355	0.358109	12.9869	1		0.0088623	12.0616	45.055	0	0	0	
2024-06-27 15:40:23	1033	2419	9	0	0	3	13	0	0	0	13	0	0	6	13	0	0	0	13	0	0	2.598		100.003	41.0824	0.0783838	0	0.783811	0.119131	14.7745	1		0.0088623	12.0616	44.2753	0	0	0	
2024-06-27 15:40:15	1032	2420	5	0	0	3	13	0	0	0	13	0	0	4.75	13	0	0	0	13	0	0	1.515		99.9993	41.1052	0.124941	0	1.24942	0.179399	13.7381	1		0.0088623	12.0616	44.2753	0	0	0	
2024-06-27 15:37:57	1014	2421	5	0	0	1	5	0	0	0	5	0	0	7.75	5	0	0	0	5	0	0	5.845		100.002	40.0233	0.0391391	0	0.391385	0.219459	16.5992	1		0.0088623	12.0616	45.4448	0	0	0	
2024-06-27 15:37:11	1009	2422	9	0	0	1	5	0	0	0	5	0	0	6.5	5	0	0	0	5	0	0	4.762		100.004	40.0227	0.0531963	0	0.531942	0.0997198	18.3826	2		0	12.0616	45.8346	0	0	0	
2024-06-27 15:45:19	1071	2423	5	0	0	6	25	0	0	0	25	0	0	5.5	25	0	0	0	25	0	0	0.433		99.9965	40.7813	0.511954	0	5.11972	0.0919474	16.0841	1		0.0088623	12.0616	43.2357	0	0	0	
2024-06-27 15:44:52	1068	2424	9	0	0	6	25	0	0	0	25	0	0	4.25	25	0	0	0	25	0	0	1.515		99.9939	40.7491	0.128779	0	1.28787	0.0233658	14.1609	2		0	12.0616	43.2357	0	0	0	
2024-06-27 15:43:38	1059	2425	1	0	0	5	21	0	0	0	21	0	0	2.75	21	0	0	0	21	0	0	1.948		99.9919	40.825	0.0957997	0	0.958075	0.031396	13.5445	1		0	12.0616	43.4956	0	0	0	
2024-06-27 15:37:47	1013	2426	1	0	0	1	5	0	0	0	5	0	0	0.5	5	0	0	0	5	0	0	0.433		100	40.0282	0.475333	0	4.75331	0.0109141	14.933	2		0	12.0616	45.5748	0	0	0	
2024-06-27 15:42:19	1049	2427	1	0	0	4	17	0	0	0	17	0	0	0.75	17	0	0	0	17	0	0	2.814		99.9953	40.772	0.0735846	0	0.735881	0.213056	15.0269	1		0	12.0616	43.7555	0	0	0	
2024-06-27 15:48:51	1099	2428	1	0	0	7.75	32	0	0	0	32	0	0	3.25	32	0	0	0	32	0	0	3.897		99.9966	39.7607	0.0511402	0	0.511419	0.00360286	14.46	1		0	12.0616	43.1058	0	0	0	
2024-06-27 15:55:44	1153	2429	1	0	0	2.75	12	0	0	5	12	0	0	0.5	12	0	0	7.25	12	0	0	1.168		99.9965	22.0143	0.0710438	0	0.710463	0.213087	10.0439	1		0	12.0616	43.1058	0	0	0	
2024-06-27 15:50:35	1111	2430	9	0	0	1.25	6	0	0	0	6	0	0	6.5	6	0	0	0	6	0	0	4.546		99.9925	40.7391	0.0538631	0	0.538672	0.620922	17.769	1		0	12.0616	42.9758	0	0	0	
2024-06-27 15:45:04	1069	2431	1	0	0	6	25	0	0	0	25	0	0	0.5	25	0	0	0	25	0	0	4.762		99.9958	40.7574	0.0533615	0	0.533637	0.973211	18.4412	1		0	12.0616	43.2357	0	0	0	
2024-06-27 15:41:42	1044	2432	1	0	0	4	17	0	0	0	17	0	0	2.75	17	0	0	0	17	0	0	1.082		99.9958	40.7805	0.168735	0	1.68742	0.26005	13.253	1		0	12.0616	43.8855	0	0	0	
2024-06-27 15:35:19	996	2433	1	0	0	0	1	0	0	0	1	0	0	0.25	1	0	0	0	1	0	0	0.216		100.003	40.44	0.867283	0	8.67258	0.160637	13.6229	1		0.0088623	12.0616	47.6539	0	0	0	
2024-06-27 15:40:00	1030	2434	1	0	0	2	9	0	0	0	9	0	0	3.25	9	0	0	0	9	0	0	1.082		99.9995	40.4154	0.169019	0	1.69019	0.160653	13.2748	1		0	12.0616	44.2753	0	0	0	
2024-06-27 15:47:24	1087	2435	1	0	0	7	29	0	0	0	29	0	0	1.75	29	0	0	0	29	0	0	4.546		99.9939	40.0452	0.0539486	0	0.539519	0.151825	17.797	1		0.0088623	12.0616	43.1058	0	0	0	
2024-06-27 15:35:36	998	2436	5	0	0	0	1	0	0	0	1	0	0	6	1	0	0	0	1	0	0	5.195		100.006	40.4336	0.0576764	0	0.57673	0.171055	21.7422	1		0.0088623	12.0616	47.394	0	0	0	
2024-06-27 15:35:36	998	2437	9	0	0	0	1	0	0	0	1	0	0	4.75	1	0	0	0	1	0	0	4.113		100.006	40.4336	0.053285	0	0.532819	0.108861	15.9021	1		0.0088623	12.0616	47.394	0	0	0	
2024-06-27 15:53:43	1136	2438	1	0	0	7.25	30	0	0	0	30	0	0	0.5	30	0	0	0	30	0	0	5.845		99.9945	40.1621	0.0538759	0	0.538788	0.215321	22.8508	1		0	12.0616	42.9758	0	0	0	
2024-06-27 15:44:14	1064	2439	1	0	0	5	21	0	0	0	21	0	0	0.25	21	0	0	0	21	0	0	4.113		99.9936	40.8207	0.0522619	0	0.522653	0.0155284	15.5986	2		0.0088623	12.0616	43.3657	0	0	0	
2024-06-27 15:43:38	1059	2440	5	0	0	5	21	0	0	0	21	0	0	6.75	21	0	0	0	21	0	0	1.515		99.9919	40.825	0.138366	0	1.38377	0.999474	15.2153	1		0	12.0616	43.4956	0	0	0	
2024-06-27 15:41:06	1039	2441	5	0	0	3	13	0	0	0	13	0	0	2.25	13	0	0	0	13	0	0	0.649		99.9971	41.0989	0.294219	0	2.94227	0.156091	13.8651	1		0	12.0616	44.0154	0	0	0	
2024-06-27 15:38:47	1021	2442	1	0	0	2	9	0	0	0	9	0	0	0	9	0	0	0	9	0	0	1.732		100.007	40.4234	0.164421	0	1.6441	0.37873	20.6604	2		0	12.0616	44.7951	0	0	0	
2024-06-27 15:52:17	1125	2443	9	0	0	6.5	27	0	0	0	27	0	0	7.25	27	0	0	0	27	0	0	0.649		99.9971	40.5054	0.336014	0	3.36024	0.249883	15.8348	1		0.0088623	12.0616	42.9758	0	0	0	
2024-06-27 15:48:22	1095	2444	5	0	0	7.75	32	0	0	0	32	0	0	7.25	32	0	0	0	32	0	0	0.433		99.996	39.7804	0.517941	0	5.17962	0.307561	16.2723	1		0	12.0616	43.1058	0	0	0	
2024-06-27 15:53:50	1137	2445	1	0	0	7.5	31	0	0	0	31	0	0	0.25	31	0	0	0	31	0	0	6.278		99.9928	39.8054	0.0355736	0	0.355762	0.00826759	16.206	1		0	12.0616	42.9758	0	0	0	
2024-06-27 15:51:06	1115	2446	1	0	0	0.75	4	0	0	0	4	0	0	1	4	0	0	0	4	0	0	0.216		99.9966	40.8767	0.878634	0	8.78665	0.120637	13.802	1		0	12.0616	42.9758	0	0	0	
2024-06-27 15:53:01	1131	2447	1	0	0	5.5	23	0	0	0	23	0	0	2.25	23	0	0	0	23	0	0	2.814		99.9958	40.3637	0.0927678	0	0.927717	0.273966	18.9443	2		0.0088623	12.0616	42.7159	0	0	0	
2024-06-27 15:41:42	1044	2448	5	0	0	4	17	0	0	0	17	0	0	6.75	17	0	0	0	17	0	0	2.381		99.9958	40.7805	0.0848743	0	0.848778	0.111437	14.6658	1		0	12.0616	43.8855	0	0	0	
2024-06-27 15:40:52	1037	2449	9	0	0	3	13	0	0	0	13	0	0	5.25	13	0	0	0	13	0	0	1.948		99.9954	41.0922	0.102583	0	1.02588	0.0733072	14.5031	1		0	12.0616	43.8855	0	0	0	
2024-06-27 15:40:38	1035	2450	5	0	0	3	13	0	0	0	13	0	0	4	13	0	0	0	13	0	0	0.866		100.002	41.1109	0.221453	0	2.21449	0.127025	13.9141	1		0.0088623	12.0616	44.1454	0	0	0	
2024-06-27 15:38:47	1021	2451	5	0	0	2	9	0	0	0	9	0	0	7.25	9	0	0	0	9	0	0	4.546		100.007	40.4234	0.0558963	0	0.558925	0.0146406	18.4371	2		0	12.0616	44.7951	0	0	0	
2024-06-27 15:46:23	1079	2452	5	0	0	7	29	0	0	0	29	0	0	7.5	29	0	0	0	29	0	0	0.433		99.992	40.0412	0.493907	0	4.93947	0.26991	15.5178	2		0	12.0616	43.1058	0	0	0	
2024-06-27 15:46:23	1079	2453	9	0	0	7	29	0	0	0	29	0	0	6.25	29	0	0	0	29	0	0	0.649		99.992	40.0412	0.329507	0	3.29534	0.3236	15.5289	2		0	12.0616	43.1058	0	0	0	
2024-06-27 15:37:04	1008	2454	9	0	0	1	5	0	0	0	5	0	0	5.75	5	0	0	0	5	0	0	4.113		100.001	40.04	0.0522174	0	0.522169	0.120302	15.5842	1		0	12.0616	45.9646	0	0	0	
2024-06-27 15:37:57	1014	2455	9	0	0	1	5	0	0	0	5	0	0	4.5	5	0	0	0	5	0	0	3.031		100.002	40.0233	0.0748464	0	0.748453	0.173018	16.4593	1		0.0088623	12.0616	45.4448	0	0	0	
2024-06-27 15:45:40	1074	2456	1	0	0	6	25	0	0	0	25	0	0	3.5	25	0	0	0	25	0	0	2.165		99.9913	40.7571	0.0877978	0	0.878055	0.00326235	13.7925	1		0	12.0616	43.2357	0	0	0	
2024-06-27 15:42:33	1051	2457	1	0	0	4	17	0	0	0	17	0	0	0	17	0	0	0	17	0	0	3.464		99.9917	40.789	0.0647554	0	0.647607	0.21835	16.2761	1		0	12.0616	43.6256	0	0	0	
2024-06-27 15:48:51	1099	2458	5	0	0	7.75	32	0	0	0	32	0	0	2.5	32	0	0	0	32	0	0	4.546		99.9966	39.7607	0.048543	0	0.485447	0.248884	16.0133	1		0	12.0616	43.1058	0	0	0	
2024-06-27 15:38:57	1022	2459	1	0	0	2	9	0	0	0	9	0	0	2.5	9	0	0	0	9	0	0	0.433		100.008	40.4375	0.448072	0	4.48038	0.136519	14.0755	1		0.0088623	11.9552	44.7951	0	0	0	
2024-06-27 15:46:40	1081	2460	1	0	0	7	29	0	0	0	29	0	0	1	29	0	0	0	29	0	0	5.195		99.9932	40.0544	0.0465615	0	0.465647	0.269436	17.5545	1		0	12.0616	43.1058	0	0	0	
2024-06-27 15:35:53	1000	2461	9	0	0	0	1	0	0	0	1	0	0	5.25	1	0	0	0	1	0	0	4.546		100.003	40.4313	0.0517063	0	0.517047	0.198906	17.0557	1		0.0088623	12.0616	47.0042	0	0	0	
2024-06-27 15:35:43	999	2462	9	0	0	0	1	0	0	0	1	0	0	4	1	0	0	0	1	0	0	3.464		100.008	40.467	0.0663203	0	0.663153	0.214347	16.6668	2		0.0088623	12.0616	47.1341	0	0	0	
2024-06-27 15:48:22	1095	2463	1	0	0	7.75	32	0	0	0	32	0	0	1.75	32	0	0	0	32	0	0	5.195		99.996	39.7804	0.0442885	0	0.442902	0.200653	16.697	1		0	12.0616	43.1058	0	0	0	
2024-06-27 15:43:20	1057	2464	9	0	0	5	21	0	0	0	21	0	0	6	21	0	0	0	21	0	0	0.866		99.994	40.8588	0.235443	0	2.35457	0.147842	14.7942	1		0.0088623	12.0616	43.4956	0	0	0	
2024-06-27 15:43:38	1059	2465	9	0	0	5	21	0	0	0	21	0	0	4.75	21	0	0	0	21	0	0	0.216		99.9919	40.825	0.887867	0	8.87939	0.169186	13.9477	1		0	12.0616	43.4956	0	0	0	
2024-06-27 15:40:31	1034	2466	1	0	0	3	13	0	0	0	13	0	0	1.5	13	0	0	0	13	0	0	1.299		100.001	41.0892	0.138787	0	1.38787	0.206222	13.0803	1		0.0088623	12.0616	44.2753	0	0	0	
2024-06-27 15:48:08	1093	2467	9	0	0	7.75	32	0	0	0	32	0	0	6.5	32	0	0	0	32	0	0	1.082		99.9961	39.7529	0.190955	0	1.90962	0.331535	14.9981	1		0.0088623	12.0616	42.9758	0	0	0	
2024-06-27 15:50:02	1108	2468	9	0	0	2.25	10	0	0	0	10	0	0	5.5	10	0	0	0	10	0	0	2.814		99.9929	41.0244	0.0951018	0	0.951085	0.0331602	19.4215	2		0	12.0616	42.9758	0	0	0	
2024-06-27 15:55:37	1152	2469	1	0	0	3	13	0	0	4.75	13	0	0	1.25	13	0	0	6.5	13	0	0	0.908		99.9975	22.5712	0.0787359	0	0.787379	0.923164	8.65768	1		0	12.0616	43.1058	0	0	0	
2024-06-27 15:42:05	1047	2470	5	0	0	4	17	0	0	0	17	0	0	6	17	0	0	0	17	0	0	1.732		99.9933	40.7723	0.11173	0	1.11737	0.241268	14.0413	1		0	12.0616	43.7555	0	0	0	
2024-06-27 15:41:35	1043	2471	5	0	0	4	17	0	0	0	17	0	0	4.75	17	0	0	0	17	0	0	0.649		99.9964	40.7753	0.324019	0	3.24031	0.600786	15.2696	1		0.0088623	12.0616	43.8855	0	0	0	
2024-06-27 15:36:29	1005	2472	1	0	0	0	1	0	0	0	1	0	0	2.25	1	0	0	0	1	0	0	1.948		100.005	40.4546	0.118781	0	1.18774	0.0731653	16.7913	4		0.0088623	12.0616	46.3544	0	0	0	
2024-06-27 15:55:30	1151	2473	1	0	0	3.25	14	0	0	4.5	14	0	0	2	14	0	0	5.75	14	0	0	0.649		99.9963	22.4331	0.140867	0	1.40872	0.343272	11.0641	1		0	12.0616	43.1058	0	0	0	
2024-06-27 15:40:08	1031	2474	1	0	0	3	13	0	0	0	13	0	0	3.25	13	0	0	0	13	0	0	0.216		100.001	41.0972	0.87709	0	8.77083	0.713502	13.7772	1		0	12.0616	44.2753	0	0	0	
2024-06-27 15:38:39	1020	2475	5	0	0	2	9	0	0	0	9	0	0	7.75	9	0	0	0	9	0	0	4.979		100.004	40.442	0.043499	0	0.434972	0.0173737	15.7148	1		0	12.0616	45.055	0	0	0	
2024-06-27 15:39:14	1024	2476	5	0	0	2	9	0	0	0	9	0	0	6.5	9	0	0	0	9	0	0	3.897		100.003	40.3954	0.0552071	0	0.552056	0.170093	15.609	1		0	11.9552	44.7951	0	0	0	
2024-06-27 15:46:55	1083	2477	5	0	0	7	29	0	0	0	29	0	0	5.5	29	0	0	0	29	0	0	1.299		99.9976	40.0441	0.153571	0	1.53575	0.174385	14.4741	1		0	12.0439	42.9758	0	0	0	
2024-06-27 15:46:33	1080	2478	5	0	0	7	29	0	0	0	29	0	0	4.25	29	0	0	0	29	0	0	2.381		99.9949	40.0748	0.0834042	0	0.834084	0.153119	14.4119	1		0	12.0616	43.1058	0	0	0	
2024-06-27 15:37:11	1009	2479	5	0	0	1	5	0	0	0	5	0	0	5	5	0	0	0	5	0	0	3.464		100.004	40.0227	0.0610419	0	0.610396	0.0131692	15.3409	2		0	12.0616	45.8346	0	0	0	
2024-06-27 15:38:04	1015	2480	5	0	0	1	5	0	0	0	5	0	0	3.75	5	0	0	0	5	0	0	2.381		99.9972	40.0423	0.0842688	0	0.842712	0.070709	14.561	1		0.0088623	12.0616	45.3149	0	0	0	
2024-06-27 15:45:58	1076	2481	5	0	0	6	25	0	0	0	25	0	0	2.75	25	0	0	0	25	0	0	2.814		99.9913	40.7487	0.0718417	0	0.718479	0.140082	14.6716	1		0	12.0616	43.2357	0	0	0	
2024-06-27 15:43:53	1061	2482	1	0	0	5	21	0	0	0	21	0	0	2.25	21	0	0	0	21	0	0	2.381		99.9958	40.823	0.0810173	0	0.810207	0.164494	13.9994	1		0	12.0616	43.4956	0	0	0	
2024-06-27 15:46:33	1080	2483	1	0	0	7	29	0	0	0	29	0	0	0.25	29	0	0	0	29	0	0	5.845		99.9949	40.0748	0.0390854	0	0.390874	0.179256	16.5776	1		0	12.0616	43.1058	0	0	0	
2024-06-27 15:35:53	1000	2484	1	0	0	0	1	0	0	0	1	0	0	3.25	1	0	0	0	1	0	0	2.814		100.003	40.4313	0.0706879	0	0.706857	0.0998653	14.4343	1		0.0088623	12.0616	47.0042	0	0	0	
2024-06-27 15:40:23	1033	2485	5	0	0	3	13	0	0	0	13	0	0	7.25	13	0	0	0	13	0	0	3.68		100.003	41.0824	0.0715777	0	0.715752	0.718175	19.1131	1		0.0088623	12.0616	44.2753	0	0	0	
2024-06-27 15:45:04	1069	2486	5	0	0	6	25	0	0	0	25	0	0	6.75	25	0	0	0	25	0	0	0.649		99.9958	40.7574	0.341314	0	3.41328	0.0700821	16.0847	1		0	12.0616	43.2357	0	0	0	
2024-06-27 15:49:20	1103	2487	9	0	0	3.75	16	0	0	0	16	0	0	4	16	0	0	0	16	0	0	0.216		99.996	40.6582	0.994264	0	9.94303	0.421053	15.6185	1		0	12.0616	42.9758	0	0	0	
2024-06-27 15:48:37	1097	2488	1	0	0	7.75	32	0	0	0	32	0	0	1	32	0	0	0	32	0	0	5.845		99.9926	39.7685	0.0388448	0	0.388476	0.206625	16.4759	1		0.0088623	12.0616	42.9758	0	0	0	
2024-06-27 15:43:53	1061	2489	5	0	0	5	21	0	0	0	21	0	0	5.25	21	0	0	0	21	0	0	0.216		99.9958	40.823	0.913328	0	9.13366	0.131845	14.3471	1		0	12.0616	43.4956	0	0	0	
2024-06-27 15:43:10	1056	2490	9	0	0	5	21	0	0	0	21	0	0	4	21	0	0	0	21	0	0	0.866		99.9973	40.8109	0.227029	0	2.27035	0.0629568	14.265	2		0.0088623	12.0616	43.6256	0	0	0	
2024-06-27 15:40:44	1036	2491	1	0	0	3	13	0	0	0	13	0	0	0.75	13	0	0	0	13	0	0	1.948		99.9988	41.0757	0.0985932	0	0.985944	0.211874	13.9385	1		0	12.0616	44.1454	0	0	0	
2024-06-27 15:38:10	1016	2492	5	0	0	1	5	0	0	0	5	0	0	1.75	5	0	0	0	5	0	0	0.649		100.003	40.0069	0.301249	0	3.01241	0.0769312	14.1956	1		0.0088623	11.9552	45.3149	0	0	0	
2024-06-27 15:42:47	1053	2493	1	0	0	4	17	0	0	0	17	0	0	2	17	0	0	0	17	0	0	1.732		99.9942	40.8085	0.10711	0	1.07116	0.159224	13.4606	1		0.0088623	12.0616	43.6256	0	0	0	
2024-06-27 15:47:53	1091	2494	5	0	0	7.75	32	0	0	0	32	0	0	5.75	32	0	0	0	32	0	0	1.732		99.9976	39.7325	0.112597	0	1.126	0.918491	14.1497	1		0	12.0616	42.9758	0	0	0	
2024-06-27 15:48:15	1094	2495	9	0	0	7.75	32	0	0	0	32	0	0	4.5	32	0	0	0	32	0	0	2.814		99.9989	39.7626	0.0702883	0	0.70289	0.0829475	14.3533	1		0	12.0616	43.1058	0	0	0	
2024-06-27 15:51:41	1120	2496	1	0	0	2.25	10	0	0	0	10	0	0	3.5	10	0	0	0	10	0	0	1.082		99.996	41.0683	0.168741	0	1.68748	0.109948	13.2534	1		0	12.0616	42.9758	0	0	0	
2024-06-27 15:50:59	1114	2497	9	0	0	0.25	2	0	0	0	2	0	0	7.5	2	0	0	0	2	0	0	6.278		99.9988	40.7828	0.0366076	0	0.366081	0.291828	16.6761	1		0.0088623	12.0616	42.9758	0	0	0	
2024-06-27 15:45:58	1076	2498	1	0	0	6	25	0	0	0	25	0	0	1.75	25	0	0	0	25	0	0	3.68		99.9913	40.7487	0.069044	0	0.6905	0.617642	18.4388	1		0	12.0616	43.2357	0	0	0	
2024-06-27 15:41:42	1044	2499	9	0	0	4	17	0	0	0	17	0	0	5.25	17	0	0	0	17	0	0	1.082		99.9958	40.7805	0.183909	0	1.83917	0.265115	14.4448	1		0	12.0616	43.8855	0	0	0	
2024-06-27 15:36:22	1004	2500	1	0	0	0	1	0	0	0	1	0	0	1.5	1	0	0	0	1	0	0	1.299		100.006	40.484	0.137227	0	1.37219	0.0497471	12.9326	1		0.0088623	12.0616	46.4844	0	0	0	
2024-06-27 15:40:23	1033	2501	1	0	0	3	13	0	0	0	13	0	0	2.5	13	0	0	0	13	0	0	0.433		100.003	41.0824	0.453305	0	4.53289	0.348751	14.2405	1		0.0088623	12.0616	44.2753	0	0	0	
2024-06-27 15:38:39	1020	2502	9	0	0	2	9	0	0	0	9	0	0	5.75	9	0	0	0	9	0	0	3.247		100.004	40.442	0.065555	0	0.655522	0.0213445	15.4454	1		0	12.0616	45.055	0	0	0	
2024-06-27 15:38:57	1022	2503	9	0	0	2	9	0	0	0	9	0	0	4.5	9	0	0	0	9	0	0	2.165		100.008	40.4375	0.0906538	0	0.906469	0.213343	14.2388	1		0.0088623	11.9552	44.7951	0	0	0	
2024-06-27 15:47:32	1088	2504	5	0	0	7	29	0	0	0	29	0	0	3.5	29	0	0	0	29	0	0	3.031		99.9976	40.0607	0.0652029	0	0.652044	0.0204322	14.3392	1		0	12.0616	43.1058	0	0	0	
2024-06-27 15:37:04	1008	2505	1	0	0	1	5	0	0	0	5	0	0	3	5	0	0	0	5	0	0	1.732		100.001	40.04	0.108601	0	1.086	0.0680508	13.647	1		0	12.0616	45.9646	0	0	0	
2024-06-27 15:35:26	997	2506	5	0	0	0	1	0	0	0	1	0	0	7.25	1	0	0	0	1	0	0	6.278		100.007	40.4284	0.0414049	0	0.414021	0.201686	18.8599	2		0	12.0616	47.5239	0	0	0	
2024-06-27 15:43:28	1058	2507	1	0	0	5	21	0	0	0	21	0	0	1.5	21	0	0	0	21	0	0	3.031		99.9947	40.8086	0.0702581	0	0.702618	0.351143	15.4514	2		0.0088623	12.0616	43.4956	0	0	0	
2024-06-27 15:39:29	1026	2508	1	0	0	2	9	0	0	0	9	0	0	1.25	9	0	0	0	9	0	0	0.649		99.9982	40.4692	0.28717	0	2.87176	0.146448	13.5328	1		0	12.0616	44.6651	0	0	0	
2024-06-27 15:54:05	1139	2509	1	0	0	1.5	7	0	0	0	7	0	0	0.25	7	0	0	0	7	0	0	1.082		99.9965	40.1902	0.164675	0	1.64681	0.0617676	12.934	1		0	12.0616	43.1058	0	0	0	
2024-06-27 15:36:07	1002	2510	1	0	0	0	1	0	0	0	1	0	0	2.5	1	0	0	0	1	0	0	2.165		100.005	40.4648	0.091465	0	0.914608	0.109778	14.3666	1		0.0088623	12.0616	46.7443	0	0	0	
2024-06-27 15:53:21	1133	2511	1	0	0	6.25	26	0	0	0	26	0	0	1.5	26	0	0	0	26	0	0	4.113		99.9947	40.6978	0.0625204	0	0.625237	0.668754	18.6603	1		0	11.9552	42.9758	0	0	0	
2024-06-27 15:55:02	1147	2512	9	0	0	7.25	30	0	0	0	30	0	0	6.5	30	0	0	0	30	0	0	0.649		99.9941	40.1749	0.331065	0	3.31085	0.314923	15.602	1		0	12.0616	43.1058	0	0	0	
2024-06-27 15:40:59	1038	2513	5	0	0	3	13	0	0	0	13	0	0	7.75	13	0	0	0	13	0	0	4.113		99.9974	41.0921	0.0506232	0	0.506245	0.00486352	15.109	1		0	12.0616	44.1454	0	0	0	
2024-06-27 15:40:38	1035	2514	9	0	0	3	13	0	0	0	13	0	0	6.5	13	0	0	0	13	0	0	3.031		100.002	41.1109	0.0700403	0	0.700392	0.397673	15.4024	1		0.0088623	12.0616	44.1454	0	0	0	
2024-06-27 15:37:22	1010	2515	9	0	0	1	5	0	0	0	5	0	0	7	5	0	0	0	5	0	0	5.195		100.001	40.0438	0.0444837	0	0.444831	0.119395	16.7697	1		0.0088623	12.0616	45.8346	0	0	0	
2024-06-27 15:45:19	1071	2516	9	0	0	6	25	0	0	0	25	0	0	4.75	25	0	0	0	25	0	0	1.082		99.9965	40.7813	0.184207	0	1.84214	0.046773	14.4681	1		0.0088623	12.0616	43.2357	0	0	0	
2024-06-27 15:48:29	1096	2517	1	0	0	7.75	32	0	0	0	32	0	0	0.25	32	0	0	0	32	0	0	6.494		99.9942	39.7764	0.0339246	0	0.339266	0.155546	15.9875	1		0	12.0439	42.9758	0	0	0	
2024-06-27 15:43:20	1057	2518	1	0	0	5	21	0	0	0	21	0	0	3.25	21	0	0	0	21	0	0	1.515		99.994	40.8588	0.121311	0	1.21318	0.0865873	13.3396	1		0.0088623	12.0616	43.4956	0	0	0	
2024-06-27 15:41:06	1039	2519	1	0	0	3	13	0	0	0	13	0	0	0	13	0	0	0	13	0	0	2.598		99.9971	41.0989	0.0815868	0	0.815892	0.835598	15.3792	1		0	12.0616	44.0154	0	0	0	
2024-06-27 15:49:27	1104	2520	9	0	0	3.5	15	0	0	0	15	0	0	4.25	15	0	0	0	15	0	0	0.649		99.9952	40.3508	0.312846	0	3.12861	0.272095	14.7432	1		0	12.0616	43.1058	0	0	0	
2024-06-27 15:42:55	1054	2521	5	0	0	4	17	0	0	0	17	0	0	1.25	17	0	0	0	17	0	0	2.381		99.9948	40.8178	0.0814727	0	0.814769	0.273926	14.0782	1		0	12.0616	43.4956	0	0	0	
2024-06-27 15:48:00	1092	2522	9	0	0	7.75	32	0	0	0	32	0	0	5	32	0	0	0	32	0	0	2.381		99.997	39.7531	0.0812676	0	0.8127	0.31591	14.0424	1		0.0088623	12.0439	42.9758	0	0	0	
2024-06-27 15:49:06	1101	2523	5	0	0	7.75	32	0	0	0	32	0	0	3.75	32	0	0	0	32	0	0	3.464		99.9948	39.7654	0.05774	0	0.57743	0.283926	14.5124	1		0	12.0616	42.9758	0	0	0	
2024-06-27 15:56:23	1157	2524	1	0	0	1.25	6	0	0	6.5	6	0	0	3	6	0	0	4.75	6	0	0	0.908		99.9968	22.1271	0.0845914	0	0.845941	0.391428	9.30161	2		0	12.0616	43.1058	0	0	0	
2024-06-27 15:46:05	1077	2525	5	0	0	6	25	0	0	0	25	0	0	1	25	0	0	0	25	0	0	4.33		99.9922	40.7512	0.0566927	0	0.566971	0.067268	17.8119	1		0	12.0616	43.2357	0	0	0	
2024-06-27 15:42:41	1052	2526	5	0	0	4	17	0	0	0	17	0	0	3.25	17	0	0	0	17	0	0	0.649		99.9946	40.791	0.313787	0	3.13804	0.0938808	14.7877	1		0	12.0616	43.6256	0	0	0	
2024-06-27 15:36:44	1006	2527	1	0	0	0	1	0	0	0	1	0	0	0.75	1	0	0	0	1	0	0	0.649		100.006	40.492	0.356364	0	3.56341	0.716498	16.7922	2		0	12.0616	46.2245	0	0	0	
2024-06-27 15:55:52	1154	2528	1	0	0	3.5	15	0	0	4.25	15	0	0	3.75	15	0	0	4	15	0	0	0.13		99.9993	21.6111	0.721846	0	7.21851	0.181622	11.3388	1		0.0088623	12.0616	43.1058	0	0	0	
2024-06-27 15:38:47	1021	2529	9	0	0	2	9	0	0	0	9	0	0	5	9	0	0	0	9	0	0	2.598		100.007	40.4234	0.0763393	0	0.763342	0.0194126	14.3887	2		0	12.0616	44.7951	0	0	0	
2024-06-27 15:39:36	1027	2530	5	0	0	2	9	0	0	0	9	0	0	3.75	9	0	0	0	9	0	0	1.515		99.9995	40.3957	0.138547	0	1.38548	0.170732	15.2341	2		0	12.0616	44.5352	0	0	0	
2024-06-27 15:47:46	1090	2531	1	0	0	7	29	0	0	0	29	0	0	2.75	29	0	0	0	29	0	0	3.68		99.9976	40.044	0.0557497	0	0.55751	0.0644363	14.8875	1		0.0088623	12.0616	43.1058	0	0	0	
2024-06-27 15:47:46	1090	2532	5	0	0	7	29	0	0	0	29	0	0	2.25	29	0	0	0	29	0	0	4.113		99.9976	40.044	0.0512528	0	0.51254	0.0614961	15.2968	1		0.0088623	12.0616	43.1058	0	0	0	
2024-06-27 15:35:03	995	2533	5	0	0	0	1	0	0	0	1	0	0	7.75	1	0	0	0	1	0	0	6.711		100.007	40.4729	0.0356713	0	0.356688	0.324119	17.3688	2		0.0088623	12.0793	47.7838	0	0	0	
2024-06-27 15:35:19	996	2534	5	0	0	0	1	0	0	0	1	0	0	6.5	1	0	0	0	1	0	0	5.628		100.003	40.44	0.0411782	0	0.411771	0.30862	16.817	1		0.0088623	12.0616	47.6539	0	0	0	
2024-06-27 15:43:45	1060	2535	1	0	0	5	21	0	0	0	21	0	0	0.75	21	0	0	0	21	0	0	3.68		99.9921	40.8292	0.0673273	0	0.673326	0.182743	17.9802	1		0	12.0616	43.4956	0	0	0	
2024-06-27 15:43:45	1060	2536	5	0	0	5	21	0	0	0	21	0	0	7.25	21	0	0	0	21	0	0	1.948		99.9921	40.8292	0.115832	0	1.15841	0.686467	16.3767	1		0	12.0616	43.4956	0	0	0	
2024-06-27 15:54:55	1146	2537	9	0	0	5.75	24	0	0	0	24	0	0	4	24	0	0	0	24	0	0	1.515		99.9931	40.9214	0.12593	0	1.25939	0.169517	13.8477	1		0.0088623	12.0616	43.1058	0	0	0	
2024-06-27 15:51:56	1122	2538	9	0	0	4.5	19	0	0	0	19	0	0	5.25	19	0	0	0	19	0	0	0.649		99.9935	40.9314	0.330849	0	3.30871	0.148967	15.5919	1		0.0088623	12.0616	42.9758	0	0	0	
2024-06-27 15:55:58	1155	2539	1	0	0	2.75	12	0	0	5	12	0	0	3.5	12	0	0	4.25	12	0	0	0.389		99.9963	22.0605	0.269661	0	2.69671	1.42394	12.708	4		0	11.973	43.1058	0	0	0	
2024-06-27 15:39:36	1027	2540	1	0	0	2	9	0	0	0	9	0	0	0.5	9	0	0	0	9	0	0	1.299		99.9995	40.3957	0.139159	0	1.3916	0.0358373	13.1155	2		0	12.0616	44.5352	0	0	0	
2024-06-27 15:50:49	1113	2541	9	0	0	0.5	3	0	0	0	3	0	0	7.25	3	0	0	0	3	0	0	5.845		99.9961	40.801	0.0633863	0	0.633888	0.0203357	26.8841	2		0.0088623	11.9552	42.9758	0	0	0	
2024-06-27 15:41:57	1046	2542	5	0	0	4	17	0	0	0	17	0	0	7.25	17	0	0	0	17	0	0	2.814		99.9957	40.7663	0.0775239	0	0.775272	0.0495441	15.8313	1		0.0088623	12.0616	43.7555	0	0	0	
2024-06-27 15:40:08	1031	2543	5	0	0	3	13	0	0	0	13	0	0	5.75	13	0	0	0	13	0	0	2.381		100.001	41.0972	0.0807085	0	0.807078	0.205759	13.9453	1		0	12.0616	44.2753	0	0	0	
2024-06-27 15:40:31	1034	2544	5	0	0	3	13	0	0	0	13	0	0	4.5	13	0	0	0	13	0	0	1.299		100.001	41.0892	0.143608	0	1.43607	0.352698	13.5347	1		0.0088623	12.0616	44.2753	0	0	0	
2024-06-27 15:46:40	1081	2545	5	0	0	7	29	0	0	0	29	0	0	6.75	29	0	0	0	29	0	0	0.216		99.9932	40.0544	0.921449	0	9.21512	0.151466	14.4751	1		0	12.0616	43.1058	0	0	0	
2024-06-27 15:37:04	1008	2546	5	0	0	1	5	0	0	0	5	0	0	7.5	5	0	0	0	5	0	0	5.628		100.001	40.04	0.0410254	0	0.41025	0.0458457	16.7549	1		0	12.0616	45.9646	0	0	0	
2024-06-27 15:37:39	1012	2547	9	0	0	1	5	0	0	0	5	0	0	6.25	5	0	0	0	5	0	0	4.546		100.003	40.024	0.0601802	0	0.601781	0.0945451	19.8508	1		0.0088623	12.0616	45.5748	0	0	0	
2024-06-27 15:45:26	1072	2548	9	0	0	6	25	0	0	0	25	0	0	5.25	25	0	0	0	25	0	0	0.649		99.9943	40.757	0.325176	0	3.25195	0.0927799	15.3244	1		0	12.0616	43.2357	0	0	0	
2024-06-27 15:45:11	1070	2549	9	0	0	6	25	0	0	0	25	0	0	4	25	0	0	0	25	0	0	1.732		99.9972	40.7644	0.110607	0	1.1061	0.035062	13.8996	1		0	12.0616	43.2357	0	0	0	
2024-06-27 15:44:24	1065	2550	1	0	0	5	21	0	0	0	21	0	0	2.5	21	0	0	0	21	0	0	2.165		99.994	40.7952	0.102631	0	1.02637	0.0187345	16.1222	2		0	12.0616	43.2357	0	0	0	
2024-06-27 15:37:57	1014	2551	1	0	0	1	5	0	0	0	5	0	0	0.25	5	0	0	0	5	0	0	0.649		100.002	40.0233	0.298366	0	2.98361	0.13716	14.0599	1		0.0088623	12.0616	45.4448	0	0	0	
2024-06-27 15:42:47	1053	2552	5	0	0	4	17	0	0	0	17	0	0	0.5	17	0	0	0	17	0	0	3.031		99.9942	40.8085	0.0672973	0	0.673012	0.107171	14.8003	1		0.0088623	12.0616	43.6256	0	0	0	
2024-06-27 15:48:44	1098	2553	1	0	0	7.75	32	0	0	0	32	0	0	3	32	0	0	0	32	0	0	4.113		99.9951	39.7647	0.049212	0	0.492144	0.205188	14.6881	1		0	12.0616	42.9758	0	0	0	
2024-06-27 15:45:48	1075	2554	1	0	0	6	25	0	0	0	25	0	0	0.25	25	0	0	0	25	0	0	4.979		99.9937	40.7231	0.0481494	0	0.481524	0.0795662	17.3967	2		0	12.0616	43.2357	0	0	0	
2024-06-27 15:52:54	1130	2555	1	0	0	5.25	22	0	0	0	22	0	0	2.5	22	0	0	0	22	0	0	2.381		99.9941	40.8337	0.102823	0	1.02829	0.0128447	17.7676	1		0.0088623	12.0616	43.1058	0	0	0	
2024-06-27 15:41:35	1043	2556	1	0	0	4	17	0	0	0	17	0	0	2.5	17	0	0	0	17	0	0	1.299		99.9964	40.7753	0.142901	0	1.42906	0.935974	13.4686	1		0.0088623	12.0616	43.8855	0	0	0	
2024-06-27 15:38:39	1020	2557	1	0	0	2	9	0	0	0	9	0	0	3	9	0	0	0	9	0	0	0.866		100.004	40.442	0.215079	0	2.1507	0.241004	13.5133	1		0	12.0616	45.055	0	0	0	
2024-06-27 15:47:38	1089	2558	5	0	0	7	29	0	0	0	29	0	0	1.5	29	0	0	0	29	0	0	4.762		99.997	40.0817	0.0474608	0	0.474622	0.246069	16.4018	1		0.0088623	12.0616	43.1058	0	0	0	
2024-06-27 15:35:19	996	2559	9	0	0	0	1	0	0	0	1	0	0	5.75	1	0	0	0	1	0	0	4.979		100.003	40.44	0.0455287	0	0.455274	0.391357	16.4483	1		0.0088623	12.0616	47.6539	0	0	0	
2024-06-27 15:36:07	1002	2560	5	0	0	0	1	0	0	0	1	0	0	4.5	1	0	0	0	1	0	0	3.897		100.005	40.4648	0.0549571	0	0.549546	0.0570723	15.538	1		0.0088623	12.0616	46.7443	0	0	0	
2024-06-27 15:43:10	1056	2561	1	0	0	5	21	0	0	0	21	0	0	0	21	0	0	0	21	0	0	4.33		99.9973	40.8109	0.0509808	0	0.509822	0.136484	16.0165	2		0.0088623	12.0616	43.6256	0	0	0	
2024-06-27 15:48:08	1093	2562	1	0	0	7.75	32	0	0	0	32	0	0	2.25	32	0	0	0	32	0	0	4.762		99.9961	39.7529	0.0435281	0	0.435299	0.200751	15.0428	1		0.0088623	12.0616	42.9758	0	0	0	
2024-06-27 15:43:03	1055	2563	5	0	0	5	21	0	0	0	21	0	0	7.75	21	0	0	0	21	0	0	2.381		99.997	40.8181	0.0842279	0	0.842304	0.0795635	14.554	1		0	12.0616	43.6256	0	0	0	
2024-06-27 15:43:28	1058	2564	5	0	0	5	21	0	0	0	21	0	0	6.5	21	0	0	0	21	0	0	1.299		99.9947	40.8086	0.154553	0	1.54562	0.0419462	14.5671	2		0.0088623	12.0616	43.4956	0	0	0	
2024-06-27 15:40:38	1035	2565	1	0	0	3	13	0	0	0	13	0	0	2	13	0	0	0	13	0	0	0.866		100.002	41.1109	0.213859	0	2.13855	0.498835	13.4369	1		0.0088623	12.0616	44.1454	0	0	0	
2024-06-27 15:52:39	1128	2566	1	0	0	4.5	19	0	0	0	19	0	0	3.25	19	0	0	0	19	0	0	1.082		99.9989	40.8881	0.174928	0	1.7493	0.374521	13.739	1		0.0088623	12.0616	42.9758	0	0	0	
2024-06-27 15:48:22	1095	2567	9	0	0	7.75	32	0	0	0	32	0	0	7	32	0	0	0	32	0	0	0.649		99.996	39.7804	0.34446	0	3.44474	0.465209	16.2329	1		0	12.0616	43.1058	0	0	0	
2024-06-27 15:54:48	1145	2568	9	0	0	5.5	23	0	0	0	23	0	0	4.25	23	0	0	0	23	0	0	1.082		99.9929	40.4457	0.183522	0	1.83535	0.232167	14.4148	1		0	12.0616	43.1058	0	0	0	
2024-06-27 15:53:36	1135	2569	1	0	0	6.75	28	0	0	0	28	0	0	1	28	0	0	0	28	0	0	4.979		99.9959	40.0178	0.0576256	0	0.576279	0.328202	20.82	1		0	12.0616	42.9758	0	0	0	
2024-06-27 15:52:03	1123	2570	9	0	0	4.25	18	0	0	0	18	0	0	5.5	18	0	0	0	18	0	0	1.082		99.9939	40.9332	0.187156	0	1.87168	0.430889	14.7001	1		0	12.0616	42.9758	0	0	0	
2024-06-27 15:42:19	1049	2571	5	0	0	4	17	0	0	0	17	0	0	7.75	17	0	0	0	17	0	0	3.247		99.9953	40.772	0.0625473	0	0.625502	0.0314394	14.7381	1		0	12.0616	43.7555	0	0	0	
2024-06-27 15:42:12	1048	2572	9	0	0	4	17	0	0	0	17	0	0	6.5	17	0	0	0	17	0	0	2.165		99.9954	40.7809	0.0909994	0	0.910036	0.109973	14.2948	1		0.0088623	12.0616	43.7555	0	0	0	
2024-06-27 15:40:44	1036	2573	5	0	0	3	13	0	0	0	13	0	0	5	13	0	0	0	13	0	0	1.732		99.9988	41.0757	0.106404	0	1.06405	0.0275607	13.3712	1		0	12.0616	44.1454	0	0	0	
2024-06-27 15:41:20	1041	2574	5	0	0	3	13	0	0	0	13	0	0	3.75	13	0	0	0	13	0	0	0.649		99.9981	41.0923	0.305243	0	3.05249	0.25442	14.3845	1		0.0088623	12.0616	44.0154	0	0	0	
2024-06-27 15:39:29	1026	2575	5	0	0	2	9	0	0	0	9	0	0	7	9	0	0	0	9	0	0	4.33		99.9982	40.4692	0.0499587	0	0.499596	0.140911	15.6953	1		0	12.0616	44.6651	0	0	0	
2024-06-27 15:47:10	1085	2576	5	0	0	7	29	0	0	0	29	0	0	6	29	0	0	0	29	0	0	0.866		99.9964	40.0375	0.239942	0	2.39951	0.265718	15.0766	1		0	12.0616	43.1058	0	0	0	
2024-06-27 15:47:10	1085	2577	9	0	0	7	29	0	0	0	29	0	0	4.75	29	0	0	0	29	0	0	1.948		99.9964	40.0375	0.101214	0	1.01218	0.171343	14.3093	1		0	12.0616	43.1058	0	0	0	
2024-06-27 15:37:22	1010	2578	5	0	0	1	5	0	0	0	5	0	0	5.5	5	0	0	0	5	0	0	3.897		100.001	40.0438	0.0716716	0	0.716707	0.539725	20.2644	1		0.0088623	12.0616	45.8346	0	0	0	
2024-06-27 15:37:39	1012	2579	5	0	0	1	5	0	0	0	5	0	0	4.25	5	0	0	0	5	0	0	2.814		100.003	40.024	0.0740529	0	0.740503	0.151879	15.1213	1		0.0088623	12.0616	45.5748	0	0	0	
2024-06-27 15:46:05	1077	2580	1	0	0	6	25	0	0	0	25	0	0	3.25	25	0	0	0	25	0	0	2.381		99.9922	40.7512	0.08296	0	0.829665	0.095719	14.3356	1		0	12.0616	43.2357	0	0	0	
2024-06-27 15:51:20	1117	2581	1	0	0	0.25	2	0	0	0	2	0	0	1.5	2	0	0	0	2	0	0	1.082		99.9939	40.7255	0.164339	0	1.64349	0.376756	12.9079	1		0.0088623	12.0616	42.9758	0	0	0	
2024-06-27 15:46:47	1082	2582	1	0	0	7	29	0	0	0	29	0	0	0.75	29	0	0	0	29	0	0	5.412		99.995	40.0373	0.0456747	0	0.45677	0.0928101	17.9373	1		0	12.0616	43.1058	0	0	0	
2024-06-27 15:35:43	999	2583	5	0	0	0	1	0	0	0	1	0	0	5	1	0	0	0	1	0	0	4.33		100.008	40.467	0.050293	0	0.502892	0.136982	15.7988	2		0.0088623	12.0616	47.1341	0	0	0	
2024-06-27 15:36:01	1001	2584	1	0	0	0	1	0	0	0	1	0	0	3.75	1	0	0	0	1	0	0	3.247		100.002	40.3868	0.0643514	0	0.643502	0.214091	15.1622	1		0.0088623	12.0616	46.8742	0	0	0	
2024-06-27 15:55:10	1148	2585	9	0	0	7.5	31	0	0	0	31	0	0	6.25	31	0	0	0	31	0	0	1.082		99.998	39.7673	0.184687	0	1.84691	0.416307	14.5056	1		0.0088623	12.0616	43.1058	0	0	0	
2024-06-27 15:52:25	1126	2586	9	0	0	6.25	26	0	0	0	26	0	0	7.5	26	0	0	0	26	0	0	1.082		99.9953	40.6774	0.186488	0	1.86496	0.120164	14.6474	1		0.0088623	12.0616	43.1058	0	0	0	
2024-06-27 15:44:42	1067	2587	5	0	0	6	25	0	0	0	25	0	0	7.25	25	0	0	0	25	0	0	1.082		99.9936	40.7529	0.203689	0	2.03702	0.716534	15.9987	2		0	11.9552	43.2357	0	0	0	
2024-06-27 15:48:00	1092	2588	1	0	0	7.75	32	0	0	0	32	0	0	1.5	32	0	0	0	32	0	0	5.412		99.997	39.7531	0.0397737	0	0.397749	0.0273975	15.6196	1		0.0088623	12.0439	42.9758	0	0	0	
2024-06-27 15:43:03	1055	2589	9	0	0	5	21	0	0	0	21	0	0	5.75	21	0	0	0	21	0	0	0.649		99.997	40.8181	0.324527	0	3.24537	0.653967	15.2934	1		0	12.0616	43.6256	0	0	0	
2024-06-27 15:43:20	1057	2590	5	0	0	5	21	0	0	0	21	0	0	4.5	21	0	0	0	21	0	0	0.433		99.994	40.8588	0.475232	0	4.7526	0.274121	14.9307	1		0.0088623	12.0616	43.4956	0	0	0	
2024-06-27 15:41:28	1042	2591	1	0	0	3	13	0	0	0	13	0	0	1.25	13	0	0	0	13	0	0	1.515		99.9951	41.0693	0.120992	0	1.20998	0.315096	13.3044	1		0.0088623	12.0616	44.0154	0	0	0	
2024-06-27 15:37:22	1010	2592	1	0	0	1	5	0	0	0	5	0	0	2.25	5	0	0	0	5	0	0	1.082		100.001	40.0438	0.163827	0	1.63825	0.119773	12.8667	1		0.0088623	12.0616	45.8346	0	0	0	
2024-06-27 15:51:13	1116	2593	1	0	0	0.5	3	0	0	0	3	0	0	1.25	3	0	0	0	3	0	0	0.649		99.9911	40.7767	0.303325	0	3.03352	0.572609	14.2951	1		0	12.0616	42.9758	0	0	0	
2024-06-27 15:49:50	1107	2594	9	0	0	2.5	11	0	0	0	11	0	0	5.25	11	0	0	0	11	0	0	2.381		99.9936	40.6102	0.109718	0	1.09725	0.978735	18.9591	3		0	12.0616	42.9758	0	0	0	
2024-06-27 15:48:44	1098	2595	5	0	0	7.75	32	0	0	0	32	0	0	7.5	32	0	0	0	32	0	0	0.216		99.9951	39.7647	0.978042	0	9.7809	0.23931	15.3638	1		0	12.0616	42.9758	0	0	0	
2024-06-27 15:48:37	1097	2596	9	0	0	7.75	32	0	0	0	32	0	0	6.25	32	0	0	0	32	0	0	1.299		99.9926	39.7685	0.156087	0	1.56099	0.2703	14.7119	1		0.0088623	12.0616	42.9758	0	0	0	
2024-06-27 15:52:33	1127	2597	1	0	0	4.25	18	0	0	0	18	0	0	3.5	18	0	0	0	18	0	0	0.649		100	40.9016	0.314986	0	3.14986	0.0931952	14.8434	1		0	12.0616	42.9758	0	0	0	
2024-06-27 15:46:12	1078	2598	5	0	0	6	25	0	0	0	25	0	0	2.25	25	0	0	0	25	0	0	3.247		99.9914	40.7547	0.0641533	0	0.641588	0.0344457	15.1171	2		0	12.0616	43.2357	0	0	0	
2024-06-27 15:54:41	1144	2599	9	0	0	5.25	22	0	0	0	22	0	0	4.5	22	0	0	0	22	0	0	0.649		99.9942	40.8394	0.323681	0	3.237	0.361795	15.254	1		0	12.0616	43.1058	0	0	0	
2024-06-27 15:42:05	1047	2600	9	0	0	4	17	0	0	0	17	0	0	5.75	17	0	0	0	17	0	0	1.515		99.9933	40.7723	0.126593	0	1.26602	0.194303	13.9206	1		0	12.0616	43.7555	0	0	0	
2024-06-27 15:42:12	1048	2601	5	0	0	4	17	0	0	0	17	0	0	4.5	17	0	0	0	17	0	0	0.433		99.9954	40.7809	0.516475	0	5.16499	0.119672	16.2263	1		0.0088623	12.0616	43.7555	0	0	0	
2024-06-27 15:35:43	999	2602	1	0	0	0	1	0	0	0	1	0	0	2	1	0	0	0	1	0	0	1.732		100.008	40.467	0.175812	0	1.75799	0.181938	22.0915	2		0.0088623	12.0616	47.1341	0	0	0	
2024-06-27 15:39:04	1023	2603	5	0	0	2	9	0	0	0	9	0	0	7.5	9	0	0	0	9	0	0	4.762		100.001	40.388	0.0455841	0	0.455836	0.289581	15.7526	2		0	12.0616	44.6651	0	0	0	
2024-06-27 15:39:29	1026	2604	9	0	0	2	9	0	0	0	9	0	0	6.25	9	0	0	0	9	0	0	3.68		99.9982	40.4692	0.0608205	0	0.608216	0.0728832	16.2415	1		0	12.0616	44.6651	0	0	0	
2024-06-27 15:46:55	1083	2605	9	0	0	7	29	0	0	0	29	0	0	5.25	29	0	0	0	29	0	0	1.515		99.9976	40.0441	0.12899	0	1.28993	0.171669	14.1835	1		0	12.0439	42.9758	0	0	0	
2024-06-27 15:46:47	1082	2606	9	0	0	7	29	0	0	0	29	0	0	4	29	0	0	0	29	0	0	2.598		99.995	40.0373	0.0758889	0	0.758927	0.061039	14.3054	1		0	12.0616	43.1058	0	0	0	
2024-06-27 15:38:17	1017	2607	1	0	0	1	5	0	0	0	5	0	0	3.5	5	0	0	0	5	0	0	2.165		100.004	40.0283	0.0856132	0	0.856099	0.00826039	13.4476	1		0	12.0616	45.1849	0	0	0	
2024-06-27 15:45:48	1075	2608	5	0	0	6	25	0	0	0	25	0	0	2.5	25	0	0	0	25	0	0	3.031		99.9937	40.7231	0.0765718	0	0.765766	0.0664675	16.8401	2		0	12.0616	43.2357	0	0	0	
2024-06-27 15:54:33	1143	2609	1	0	0	3.75	16	0	0	0	16	0	0	2	16	0	0	0	16	0	0	1.515		99.992	40.688	0.134125	0	1.34136	0.754582	14.749	1		0	12.0616	43.1058	0	0	0	
2024-06-27 15:43:59	1062	2610	1	0	0	5	21	0	0	0	21	0	0	2	21	0	0	0	21	0	0	2.598		99.994	40.8307	0.0789851	0	0.789899	0.177105	14.8892	1		0.0088623	12.0616	43.4956	0	0	0	
2024-06-27 15:39:14	1024	2611	1	0	0	2	9	0	0	0	9	0	0	1.75	9	0	0	0	9	0	0	0.216		100.003	40.3954	0.84608	0	8.46056	0.00451435	13.2898	1		0	11.9552	44.7951	0	0	0	
2024-06-27 15:46:55	1083	2612	1	0	0	7	29	0	0	0	29	0	0	0	29	0	0	0	29	0	0	6.061		99.9976	40.0441	0.039448	0	0.39449	0.149235	17.3506	1		0	12.0439	42.9758	0	0	0	
2024-06-27 15:36:15	1003	2613	5	0	0	0	1	0	0	0	1	0	0	3	1	0	0	0	1	0	0	2.598		100.005	40.4799	0.0786783	0	0.786742	0.0991899	14.8297	1		0	12.0616	46.6143	0	0	0	
2024-06-27 15:40:52	1037	2614	5	0	0	3	13	0	0	0	13	0	0	7	13	0	0	0	13	0	0	3.464		99.9954	41.0922	0.0593545	0	0.593573	0.142351	14.9181	1		0	12.0616	43.8855	0	0	0	
2024-06-27 15:45:26	1072	2615	5	0	0	6	25	0	0	0	25	0	0	7.75	25	0	0	0	25	0	0	1.515		99.9943	40.757	0.135071	0	1.35079	0.0376553	14.8527	1		0	12.0616	43.2357	0	0	0	
2024-06-27 15:44:42	1067	2616	9	0	0	6	25	0	0	0	25	0	0	6.5	25	0	0	0	25	0	0	0.433		99.9936	40.7529	0.528584	0	5.28618	0.22316	16.607	2		0	11.9552	43.2357	0	0	0	
2024-06-27 15:48:15	1094	2617	1	0	0	7.75	32	0	0	0	32	0	0	0.75	32	0	0	0	32	0	0	6.061		99.9989	39.7626	0.0390195	0	0.390199	0.0816205	17.1619	1		0	12.0616	43.1058	0	0	0	
2024-06-27 15:43:03	1055	2618	1	0	0	5	21	0	0	0	21	0	0	3.75	21	0	0	0	21	0	0	1.082		99.997	40.8181	0.178008	0	1.78013	0.488435	13.9811	1		0	12.0616	43.6256	0	0	0	
2024-06-27 15:41:28	1042	2619	5	0	0	3	13	0	0	0	13	0	0	0.5	13	0	0	0	13	0	0	2.165		99.9951	41.0693	0.0893759	0	0.893803	0.0104109	14.0398	1		0.0088623	12.0616	44.0154	0	0	0	
2024-06-27 15:37:28	1011	2620	1	0	0	1	5	0	0	0	5	0	0	1.5	5	0	0	0	5	0	0	0.433		100.004	40.0311	0.467574	0	4.67554	0.00935224	14.6886	2		0	12.0616	45.7047	0	0	0	
2024-06-27 15:56:13	1156	2621	1	0	0	2	9	0	0	5.75	9	0	0	3.25	9	0	0	4.5	9	0	0	0.649		99.996	22.0558	0.139696	0	1.39701	0.112964	10.9721	2		0	11.973	42.9758	0	0	0	
2024-06-27 15:41:57	1046	2622	1	0	0	4	17	0	0	0	17	0	0	1.75	17	0	0	0	17	0	0	1.948		99.9957	40.7663	0.0971923	0	0.971965	0.100818	13.7408	1		0.0088623	12.0616	43.7555	0	0	0	
2024-06-27 15:51:34	1119	2623	1	0	0	2.5	11	0	0	0	11	0	0	3.25	11	0	0	0	11	0	0	0.649		99.9957	40.6383	0.298579	0	2.98592	0.152408	14.0708	1		0.0088623	11.9552	42.9758	0	0	0	
2024-06-27 15:48:00	1092	2624	5	0	0	7.75	32	0	0	0	32	0	0	5.5	32	0	0	0	32	0	0	1.948		99.997	39.7531	0.103099	0	1.03102	0.39629	14.5757	1		0.0088623	12.0439	42.9758	0	0	0	
2024-06-27 15:48:37	1097	2625	5	0	0	7.75	32	0	0	0	32	0	0	4.25	32	0	0	0	32	0	0	3.031		99.9926	39.7685	0.0653589	0	0.653638	0.196337	14.3742	1		0.0088623	12.0616	42.9758	0	0	0	
2024-06-27 15:44:52	1068	2626	1	0	0	6	25	0	0	0	25	0	0	1.5	25	0	0	0	25	0	0	3.897		99.9939	40.7491	0.059829	0	0.598327	0.407759	16.9173	2		0	12.0616	43.2357	0	0	0	
2024-06-27 15:41:57	1046	2627	9	0	0	4	17	0	0	0	17	0	0	5	17	0	0	0	17	0	0	0.866		99.9957	40.7663	0.229429	0	2.29439	0.117878	14.4161	1		0.0088623	12.0616	43.7555	0	0	0	
2024-06-27 15:42:41	1052	2628	1	0	0	4	17	0	0	0	17	0	0	3.75	17	0	0	0	17	0	0	0.216		99.9946	40.791	0.982131	0	9.82184	0.125821	15.4281	1		0	12.0616	43.6256	0	0	0	
2024-06-27 15:35:26	997	2629	1	0	0	0	1	0	0	0	1	0	0	1.25	1	0	0	0	1	0	0	1.082		100.007	40.4284	0.16463	0	1.64619	0.0219701	12.9291	2		0	12.0616	47.5239	0	0	0	
2024-06-27 15:39:04	1023	2630	9	0	0	2	9	0	0	0	9	0	0	5.5	9	0	0	0	9	0	0	3.031		100.001	40.388	0.144906	0	1.44904	0.161105	31.8661	2		0	12.0616	44.6651	0	0	0	
2024-06-27 15:39:14	1024	2631	9	0	0	2	9	0	0	0	9	0	0	4.25	9	0	0	0	9	0	0	1.948		100.003	40.3954	0.0999627	0	0.999599	0.23525	14.1315	1		0	11.9552	44.7951	0	0	0	
2024-06-27 15:47:17	1086	2632	1	0	0	7	29	0	0	0	29	0	0	3.25	29	0	0	0	29	0	0	3.247		99.995	40.0452	0.062039	0	0.620421	0.162697	14.6183	1		0	12.0616	42.9758	0	0	0	
2024-06-27 15:36:54	1007	2633	1	0	0	1	5	0	0	0	5	0	0	2.75	5	0	0	0	5	0	0	1.515		100.003	40.0385	0.118131	0	1.18127	0.144974	12.9888	2		0.0088623	12.0616	46.0945	0	0	0	
2024-06-27 15:35:53	1000	2634	5	0	0	0	1	0	0	0	1	0	0	7	1	0	0	0	1	0	0	6.061		100.003	40.4313	0.0389849	0	0.389837	0.132887	17.1459	1		0.0088623	12.0616	47.0042	0	0	0	
2024-06-27 15:44:14	1064	2635	5	0	0	5	21	0	0	0	21	0	0	1.25	21	0	0	0	21	0	0	3.247		99.9936	40.8207	0.0730243	0	0.73029	0.0970858	17.2071	2		0.0088623	12.0616	43.3657	0	0	0	
2024-06-27 15:39:46	1028	2636	1	0	0	2	9	0	0	0	9	0	0	1	9	0	0	0	9	0	0	0.866		99.9995	40.3919	0.207022	0	2.07023	0.244497	13.0077	1		0.0088623	12.0616	44.5352	0	0	0	
2024-06-27 15:40:44	1036	2637	9	0	0	3	13	0	0	0	13	0	0	7.5	13	0	0	0	13	0	0	3.897		99.9988	41.0757	0.0532746	0	0.532752	0.160081	15.0632	1		0	12.0616	44.1454	0	0	0	
2024-06-27 15:40:31	1034	2638	9	0	0	3	13	0	0	0	13	0	0	6.25	13	0	0	0	13	0	0	2.814		100.001	41.0892	0.0786297	0	0.786292	0.321058	16.0564	1		0.0088623	12.0616	44.2753	0	0	0	
2024-06-27 15:46:47	1082	2639	5	0	0	7	29	0	0	0	29	0	0	7.25	29	0	0	0	29	0	0	0.216		99.995	40.0373	0.84791	0	8.47952	0.750291	13.3196	1		0	12.0616	43.1058	0	0	0	
2024-06-27 15:37:47	1013	2640	9	0	0	1	5	0	0	0	5	0	0	6.75	5	0	0	0	5	0	0	4.979		100	40.0282	0.0555017	0	0.555015	0.0905073	20.0517	2		0	12.0616	45.5748	0	0	0	
2024-06-27 15:45:33	1073	2641	5	0	0	6	25	0	0	0	25	0	0	5.75	25	0	0	0	25	0	0	0.216		99.9911	40.7562	0.95114	0	9.51226	0.124729	14.9418	1		0	12.0616	43.2357	0	0	0	
2024-06-27 15:45:04	1069	2642	9	0	0	6	25	0	0	0	25	0	0	4.5	25	0	0	0	25	0	0	1.299		99.9958	40.7574	0.150834	0	1.5084	0.0118251	14.2164	1		0	12.0616	43.2357	0	0	0	
2024-06-27 15:49:14	1102	2643	5	0	0	7.75	32	0	0	0	32	0	0	0	32	0	0	0	32	0	0	6.711		99.9969	39.7584	0.034854	0	0.34855	0.080027	16.9726	1		0.0088623	12.0616	42.8459	0	0	0	
2024-06-27 15:44:35	1066	2644	1	0	0	5	21	0	0	0	21	0	0	3	21	0	0	0	21	0	0	1.732		99.9947	40.7901	0.108047	0	1.08052	0.0706273	13.5783	1		0	12.0616	43.3657	0	0	0	
2024-06-27 15:38:10	1016	2645	1	0	0	1	5	0	0	0	5	0	0	0.75	5	0	0	0	5	0	0	0.216		100.003	40.0069	0.871914	0	8.7189	0.268526	13.6956	1		0.0088623	11.9552	45.3149	0	0	0	
2024-06-27 15:53:11	1132	2646	1	0	0	5.75	24	0	0	0	24	0	0	2	24	0	0	0	24	0	0	3.247		99.9926	40.8663	0.0705492	0	0.705545	0.0695572	16.624	2		0	12.0616	42.9758	0	0	0	
2024-06-27 15:42:12	1048	2647	1	0	0	4	17	0	0	0	17	0	0	1	17	0	0	0	17	0	0	2.598		99.9954	40.7809	0.0743161	0	0.743195	0.212867	14.0089	1		0.0088623	12.0616	43.7555	0	0	0	
2024-06-27 15:49:06	1101	2648	1	0	0	7.75	32	0	0	0	32	0	0	3.5	32	0	0	0	32	0	0	3.68		99.9948	39.7654	0.0532707	0	0.532735	0.235519	14.2259	1		0	12.0616	42.9758	0	0	0	
2024-06-27 15:45:11	1070	2649	1	0	0	6	25	0	0	0	25	0	0	0.75	25	0	0	0	25	0	0	4.546		99.9972	40.7644	0.0557635	0	0.55765	0.0849816	18.3951	1		0	12.0616	43.2357	0	0	0	
2024-06-27 15:42:33	1051	2650	5	0	0	4	17	0	0	0	17	0	0	3	17	0	0	0	17	0	0	0.866		99.9917	40.789	0.219201	0	2.19219	0.193301	13.7739	1		0	12.0616	43.6256	0	0	0	
2024-06-27 15:35:36	998	2651	1	0	0	0	1	0	0	0	1	0	0	0.5	1	0	0	0	1	0	0	0.433		100.006	40.4336	0.450873	0	4.50846	0.204586	14.1638	1		0.0088623	12.0616	47.394	0	0	0	
2024-06-27 15:55:24	1150	2652	1	0	0	3.5	15	0	0	4.25	15	0	0	2.75	15	0	0	5	15	0	0	0.389		99.995	21.5924	0.273842	0	2.73856	0.0176253	12.9051	1		0	12.0616	42.9758	0	0	0	
2024-06-27 15:39:46	1028	2653	5	0	0	2	9	0	0	0	9	0	0	3.5	9	0	0	0	9	0	0	1.299		99.9995	40.3919	0.147864	0	1.47865	0.195194	13.9359	1		0.0088623	12.0616	44.5352	0	0	0	
2024-06-27 15:47:10	1085	2654	1	0	0	7	29	0	0	0	29	0	0	2.5	29	0	0	0	29	0	0	3.897		99.9964	40.0375	0.0580435	0	0.580456	0.245295	16.412	1		0	12.0616	43.1058	0	0	0	
2024-06-27 15:47:24	1087	2655	5	0	0	7	29	0	0	0	29	0	0	2	29	0	0	0	29	0	0	4.33		99.9939	40.0452	0.0503384	0	0.503415	0.0507535	15.8152	1		0.0088623	12.0616	43.1058	0	0	0	
2024-06-27 15:35:03	995	2656	9	0	0	0	1	0	0	0	1	0	0	7.5	1	0	0	0	1	0	0	6.494		100.007	40.4729	0.0362593	0	0.362567	0.288593	17.0856	2		0.0088623	12.0793	47.7838	0	0	0	
2024-06-27 15:36:07	1002	2657	9	0	0	0	1	0	0	0	1	0	0	6.25	1	0	0	0	1	0	0	5.412		100.005	40.4648	0.0440963	0	0.440942	0.260233	17.3158	1		0.0088623	12.0616	46.7443	0	0	0	
2024-06-27 15:44:35	1066	2658	5	0	0	5	21	0	0	0	21	0	0	0.5	21	0	0	0	21	0	0	3.897		99.9947	40.7901	0.0620366	0	0.620399	0.625696	17.5414	1		0	12.0616	43.3657	0	0	0	
2024-06-27 15:53:57	1138	2659	1	0	0	1.25	6	0	0	0	6	0	0	0.5	6	0	0	0	6	0	0	0.649		99.9935	40.7372	0.30324	0	3.0326	0.142127	14.2908	1		0	12.0616	43.1058	0	0	0	
2024-06-27 15:43:53	1061	2660	9	0	0	5	21	0	0	0	21	0	0	7	21	0	0	0	21	0	0	1.732		99.9958	40.823	0.113473	0	1.13477	0.0915034	14.26	1		0	12.0616	43.4956	0	0	0	
2024-06-27 15:39:21	1025	2661	1	0	0	2	9	0	0	0	9	0	0	0.25	9	0	0	0	9	0	0	1.515		100.001	40.4266	0.131062	0	1.31062	0.297888	14.411	1		0.0088623	12.0616	44.6651	0	0	0	
2024-06-27 15:42:19	1049	2662	9	0	0	4	17	0	0	0	17	0	0	7	17	0	0	0	17	0	0	2.598		99.9953	40.772	0.0768925	0	0.768961	0.0538501	14.4946	1		0	12.0616	43.7555	0	0	0	
2024-06-27 15:40:15	1032	2663	1	0	0	3	13	0	0	0	13	0	0	5.5	13	0	0	0	13	0	0	2.165		99.9993	41.1052	0.0988337	0	0.988343	0.492772	15.5249	1		0.0088623	12.0616	44.2753	0	0	0	
2024-06-27 15:40:59	1038	2664	9	0	0	3	13	0	0	0	13	0	0	4.25	13	0	0	0	13	0	0	1.082		99.9974	41.0921	0.172422	0	1.72426	0.147805	13.5423	1		0	12.0616	44.1454	0	0	0	
2024-06-27 15:46:40	1081	2665	9	0	0	7	29	0	0	0	29	0	0	7.75	29	0	0	0	29	0	0	0.649		99.9932	40.0544	0.349135	0	3.49159	0.25315	16.4537	1		0	12.0616	43.1058	0	0	0	
2024-06-27 15:46:33	1080	2666	9	0	0	7	29	0	0	0	29	0	0	6.5	29	0	0	0	29	0	0	0.433		99.9949	40.0748	0.513241	0	5.13267	0.335521	16.1247	1		0	12.0616	43.1058	0	0	0	
2024-06-27 15:36:54	1007	2667	5	0	0	1	5	0	0	0	5	0	0	6	5	0	0	0	5	0	0	4.33		100.003	40.0385	0.0549569	0	0.549551	0.0148797	17.2647	2		0.0088623	12.0616	46.0945	0	0	0	
2024-06-27 15:37:28	1011	2668	9	0	0	1	5	0	0	0	5	0	0	4.75	5	0	0	0	5	0	0	3.247		100.004	40.0311	0.0745195	0	0.745163	0.131915	17.5575	2		0	12.0616	45.7047	0	0	0	
2024-06-27 15:51:49	1121	2669	9	0	0	4.75	20	0	0	0	20	0	0	5	20	0	0	0	20	0	0	0.216		99.9933	40.8333	0.894345	0	8.94405	0.295319	14.0493	1		0	12.0616	42.9758	0	0	0	
2024-06-27 15:45:33	1073	2670	9	0	0	6	25	0	0	0	25	0	0	5	25	0	0	0	25	0	0	0.866		99.9911	40.7562	0.232761	0	2.32782	0.160427	14.6261	1		0	12.0616	43.2357	0	0	0	
2024-06-27 15:45:26	1072	2671	1	0	0	6	25	0	0	0	25	0	0	3.75	25	0	0	0	25	0	0	1.948		99.9943	40.757	0.100485	0	1.00491	0.166746	14.2065	1		0	12.0616	43.2357	0	0	0	
2024-06-27 15:38:04	1015	2672	1	0	0	1	5	0	0	0	5	0	0	0	5	0	0	0	5	0	0	0.866		99.9972	40.0423	0.212604	0	2.1261	0.0325648	13.3587	1		0.0088623	12.0616	45.3149	0	0	0	
2024-06-27 15:50:42	1112	2673	9	0	0	0.75	4	0	0	0	4	0	0	7	4	0	0	0	4	0	0	5.412		99.994	40.9093	0.0426016	0	0.426042	0.351142	16.7306	1		0	12.0616	42.9758	0	0	0	
2024-06-27 15:42:26	1050	2674	1	0	0	4	17	0	0	0	17	0	0	0.25	17	0	0	0	17	0	0	3.247		99.9927	40.774	0.0607992	0	0.608036	0.115739	14.3265	1		0.0088623	12.0616	43.7555	0	0	0	
2024-06-27 15:47:53	1091	2675	1	0	0	7.75	32	0	0	0	32	0	0	2.75	32	0	0	0	32	0	0	4.33		99.9976	39.7325	0.0478507	0	0.478518	0.429914	15.0331	1		0	12.0616	42.9758	0	0	0	
2024-06-27 15:46:12	1078	2676	1	0	0	6	25	0	0	0	25	0	0	0	25	0	0	0	25	0	0	5.195		99.9914	40.7547	0.0605964	0	0.606016	0.0755184	22.8463	2		0	12.0616	43.2357	0	0	0	
2024-06-27 15:39:53	1029	2677	5	0	0	2	9	0	0	0	9	0	0	2.75	9	0	0	0	9	0	0	0.649		100.001	40.4007	0.310697	0	3.10696	0.38359	14.6412	1		0	12.0616	44.5352	0	0	0	
2024-06-27 15:46:23	1079	2678	1	0	0	7	29	0	0	0	29	0	0	1.25	29	0	0	0	29	0	0	4.979		99.992	40.0412	0.0478489	0	0.478528	0.0781159	17.2884	2		0	12.0616	43.1058	0	0	0	
2024-06-27 15:36:01	1001	2679	5	0	0	0	1	0	0	0	1	0	0	5.5	1	0	0	0	1	0	0	4.762		100.002	40.3868	0.0736495	0	0.736481	0.646765	25.451	1		0.0088623	12.0616	46.8742	0	0	0	
2024-06-27 15:35:26	997	2680	9	0	0	0	1	0	0	0	1	0	0	4.25	1	0	0	0	1	0	0	3.68		100.007	40.4284	0.0571892	0	0.571853	0.0148489	15.2705	2		0	12.0616	47.5239	0	0	0	
