Time	MeasID	DPID	Channel	A(x)	A(y)	A(z)	A(adr)	B(x)	B(y)	B(z)	B(adr)	M(x)	M(y)	M(z)	M(adr)	N(x)	N(y)	N(z)	N(adr)	F(x)	F(y)	F(z)	Note	I(mA)	Uout(V)	U(V)	SP(V)	R(Ohm)	Var(%)	Rho-a(Ohm-m)	Cycles	IP Delay Window(mV/V)	Pint(V)	Pext(V)	T int(deg C)	T log(deg C)	Latitude	Longitude
2024-06-18 08:22:12	771	1341	5	0	0	7.75	32	0	0	0	32	0	0	2	32	0	0	0	32	0	0	4.979		100.01	96.4861	0.0416693	0	0.416652	0.0552451	15.0529	1		0.0088623	12.0439	45.9646	0	0	0	
2024-06-18 08:15:42	728	1342	9	0	0	5	21	0	0	0	21	0	0	7.5	21	0	0	0	21	0	0	2.165		100.017	99.4322	0.0898424	0	0.898273	0.0747458	14.11	1		0	12.0439	46.2245	0	0	0	
2024-06-18 08:15:06	724	1343	1	0	0	5	21	0	0	0	21	0	0	6.25	21	0	0	0	21	0	0	1.082		100.014	99.5212	0.192986	0	1.92958	0.169644	15.1549	1		0	12.0616	46.3544	0	0	0	
2024-06-18 08:12:23	706	1344	5	0	0	3	13	0	0	0	13	0	0	1.75	13	0	0	0	13	0	0	1.082		100.021	102.571	0.174303	0	1.74266	0.15812	13.6868	1		0	12.0616	46.7443	0	0	0	
2024-06-18 08:21:08	764	1345	5	0	0	7.75	32	0	0	0	32	0	0	6.75	32	0	0	0	32	0	0	0.866		100.01	97.4592	0.244687	0	2.44664	0.159789	15.3727	1		0	12.0616	46.0945	0	0	0	
2024-06-18 08:27:49	810	1346	1	0	0	3.25	14	0	0	0	14	0	0	2.5	14	0	0	0	14	0	0	0.649		100.016	97.4733	0.30259	0	3.02541	0.290008	14.2569	1		0.0088623	11.9198	46.2245	0	0	0	
2024-06-18 08:13:51	716	1347	9	0	0	4	17	0	0	0	17	0	0	7.5	17	0	0	0	17	0	0	3.031		100.021	100.455	0.0658433	0	0.658295	0.378487	14.4767	1		0	12.0439	46.6143	0	0	0	
2024-06-18 08:13:25	713	1348	9	0	0	4	17	0	0	0	17	0	0	6.25	17	0	0	0	17	0	0	1.948		100.019	100.654	0.101545	0	1.01526	0.00332945	14.3529	1		0	12.0616	46.6143	0	0	0	
2024-06-18 08:12:31	707	1349	5	0	0	3	13	0	0	0	13	0	0	3.5	13	0	0	0	13	0	0	0.433		100.024	102.977	0.453555	0	4.53446	0.324341	14.2454	1		0	12.0439	46.8742	0	0	0	
2024-06-18 08:10:27	693	1350	9	0	0	2	9	0	0	0	9	0	0	6.75	9	0	0	0	9	0	0	4.113		100.025	104.888	0.0528956	0	0.528823	0.15284	15.7828	1		0.0088623	12.0616	47.6539	0	0	0	
2024-06-18 08:18:55	749	1351	9	0	0	7	29	0	0	0	29	0	0	5.75	29	0	0	0	29	0	0	1.082		100.014	97.0986	0.193009	0	1.92982	0.295033	15.1568	1		0	12.0616	45.9646	0	0	0	
2024-06-18 08:19:22	752	1352	5	0	0	7	29	0	0	0	29	0	0	4.5	29	0	0	0	29	0	0	2.165		100.015	97.0254	0.0907704	0	0.907572	0.0378789	14.2561	1		0	12.0616	45.8346	0	0	0	
2024-06-18 08:08:06	677	1353	9	0	0	1	5	0	0	0	5	0	0	5.25	5	0	0	0	5	0	0	3.68		100.031	105.984	0.0618776	0	0.618585	0.574266	16.5184	1		0	12.0616	48.4336	0	0	0	
2024-06-18 08:08:41	681	1354	9	0	0	1	5	0	0	0	5	0	0	4	5	0	0	0	5	0	0	2.598		100.031	105.491	0.0731444	0	0.731219	0.253947	13.7832	1		0.0088623	12.0439	48.1737	0	0	0	
2024-06-18 08:26:08	798	1355	1	0	0	4.75	20	0	0	0	20	0	0	3	20	0	0	0	20	0	0	1.515		100.017	97.2186	0.12505	0	1.25029	0.00647109	13.7476	1		0	12.0439	45.9646	0	0	0	
2024-06-18 08:18:35	747	1356	5	0	0	6	25	0	0	0	25	0	0	3	25	0	0	0	25	0	0	2.598		100.009	98.2755	0.0775847	0	0.775777	0.0250016	14.623	1		0.0088623	12.0616	46.0945	0	0	0	
2024-06-18 08:09:36	687	1357	1	0	0	2	9	0	0	0	9	0	0	2.25	9	0	0	0	9	0	0	0.216		100.023	104.617	0.718785	0	7.18619	0.360742	11.288	1		0.0088623	12.0439	47.9138	0	0	0	
2024-06-18 08:18:55	749	1358	1	0	0	7	29	0	0	0	29	0	0	0.5	29	0	0	0	29	0	0	5.628		100.014	97.0986	0.04395	0	0.439439	0.475621	17.947	1		0	12.0616	45.9646	0	0	0	
2024-06-18 08:07:29	673	1359	1	0	0	0	1	0	0	0	1	0	0	3.5	1	0	0	0	1	0	0	3.031		100.034	106.781	0.0672693	0	0.672467	0.302725	14.7883	1		0	12.0439	49.0833	0	0	0	
2024-06-18 08:27:41	809	1360	1	0	0	1.75	8	0	0	0	8	0	0	0	8	0	0	0	8	0	0	1.515		100.018	97.1725	0.121936	0	1.21914	0.195819	13.4051	1		0	12.0616	46.2245	0	0	0	
2024-06-18 08:17:03	737	1361	5	0	0	6	25	0	0	0	25	0	0	7	25	0	0	0	25	0	0	0.866		100.015	96.5472	0.25258	0	2.52542	0.0593622	15.8677	2		0.0088623	12.0439	46.2245	0	0	0	
2024-06-18 08:26:51	803	1362	1	0	0	6.5	27	0	0	0	27	0	0	1.25	27	0	0	0	27	0	0	4.546		100.015	97.5247	0.0533609	0	0.533528	0.503873	17.5993	1		0	12.0616	46.2245	0	0	0	
2024-06-18 08:20:59	763	1363	1	0	0	7.75	32	0	0	0	32	0	0	1.25	32	0	0	0	32	0	0	5.628		100.009	97.7518	0.0391741	0	0.391705	0.381499	15.9975	1		0	12.0616	46.0945	0	0	0	
2024-06-18 08:15:34	727	1364	5	0	0	5	21	0	0	0	21	0	0	5.5	21	0	0	0	21	0	0	0.433		100.015	99.747	0.47315	0	4.73077	0.396322	14.8622	1		0	12.0616	46.2245	0	0	0	
2024-06-18 08:14:54	723	1365	5	0	0	5	21	0	0	0	21	0	0	4.25	21	0	0	0	21	0	0	0.649		100.02	98.4151	0.322498	0	3.22432	0.139841	15.1943	2		0.0088623	12.0616	46.3544	0	0	0	
2024-06-18 08:11:47	702	1366	1	0	0	3	13	0	0	0	13	0	0	1	13	0	0	0	13	0	0	1.732		100.024	104.291	0.104748	0	1.04723	0.154355	13.1599	1		0.0088623	12.0439	47.1341	0	0	0	
2024-06-18 08:08:24	679	1367	1	0	0	1	5	0	0	0	5	0	0	2	5	0	0	0	5	0	0	0.866		100.031	105.781	0.216226	0	2.1616	0.0405749	13.5817	1		0.0088623	12.0616	48.3036	0	0	0	
2024-06-18 08:23:13	778	1368	9	0	0	1.75	8	0	0	0	8	0	0	6	8	0	0	0	8	0	0	3.68		100.006	96.6014	0.0610256	0	0.610221	0.00806864	16.2951	1		0.0088623	12.0439	46.0945	0	0	0	
2024-06-18 08:13:16	712	1369	1	0	0	4	17	0	0	0	17	0	0	2.25	17	0	0	0	17	0	0	1.515		100.018	101.463	0.12267	0	1.22647	0.0470045	13.4857	1		0.0088623	12.0616	46.7443	0	0	0	
2024-06-18 08:21:27	766	1370	5	0	0	7.75	32	0	0	0	32	0	0	6	32	0	0	0	32	0	0	1.515		100.013	97.4704	0.131479	0	1.31461	0.0625431	14.4549	1		0	12.0616	45.8346	0	0	0	
2024-06-18 08:20:59	763	1371	9	0	0	7.75	32	0	0	0	32	0	0	4.75	32	0	0	0	32	0	0	2.598		100.009	97.7518	0.0732781	0	0.732715	0.146191	13.8113	1		0	12.0616	46.0945	0	0	0	
2024-06-18 08:17:51	742	1372	1	0	0	6	25	0	0	0	25	0	0	2	25	0	0	0	25	0	0	3.464		100.013	98.26	0.0638527	0	0.638446	0.0360266	16.0459	1		0	12.0616	45.9646	0	0	0	
2024-06-18 08:13:07	711	1373	9	0	0	4	17	0	0	0	17	0	0	5.5	17	0	0	0	17	0	0	1.299		100.019	101.163	0.156696	0	1.56667	0.0317474	14.7655	1		0.0088623	12.0616	46.7443	0	0	0	
2024-06-18 08:12:58	710	1374	5	0	0	4	17	0	0	0	17	0	0	4.25	17	0	0	0	17	0	0	0.216		100.024	101.862	0.813722	0	8.1353	0.263256	12.7789	1		0	12.0616	46.7443	0	0	0	
2024-06-18 08:06:46	669	1375	1	0	0	0	1	0	0	0	1	0	0	1.75	1	0	0	0	1	0	0	1.515		100.03	103.847	0.123277	0	1.23239	0.0967883	13.5509	1		0.0088623	12.0616	49.4731	0	0	0	
2024-06-18 08:28:59	818	1376	1	0	0	3.75	16	0	0	4	16	0	0	3.5	16	0	0	4.25	16	0	0	0.13		100.025	18.1992	0.567152	0	5.67009	0.0668239	8.90655	1		0	12.0616	45.9646	0	0	0	
2024-06-18 08:12:40	708	1377	5	0	0	3	13	0	0	0	13	0	0	2.75	13	0	0	0	13	0	0	0.216		100.022	103.624	0.709929	0	7.09773	0.460662	11.1491	1		0.0088623	12.0439	46.6143	0	0	0	
2024-06-18 08:10:19	692	1378	9	0	0	2	9	0	0	0	9	0	0	6	9	0	0	0	9	0	0	3.464		100.024	104.817	0.0631768	0	0.631614	0.0868651	15.8742	1		0	12.0439	47.6539	0	0	0	
2024-06-18 08:09:36	687	1379	9	0	0	2	9	0	0	0	9	0	0	4.75	9	0	0	0	9	0	0	2.381		100.023	104.617	0.0822211	0	0.822021	0.00592029	14.2035	1		0.0088623	12.0439	47.9138	0	0	0	
2024-06-18 08:19:40	754	1380	9	0	0	7	29	0	0	0	29	0	0	5	29	0	0	0	29	0	0	1.732		100.013	97.9014	0.113574	0	1.1356	0.0042137	14.2704	1		0	12.0439	46.0945	0	0	0	
2024-06-18 08:20:22	759	1381	1	0	0	7	29	0	0	0	29	0	0	3.75	29	0	0	0	29	0	0	2.814		100.011	99.1853	0.0707478	0	0.7074	0.0601238	14.4454	1		0	12.0439	46.0945	0	0	0	
2024-06-18 08:07:39	674	1382	1	0	0	1	5	0	0	0	5	0	0	3.25	5	0	0	0	5	0	0	1.948		100.028	106.502	0.0938089	0	0.937828	0.0406832	13.2582	1		0.0088623	12.0616	48.9533	0	0	0	
2024-06-18 08:22:47	775	1383	9	0	0	2.75	12	0	0	0	12	0	0	5	12	0	0	0	12	0	0	1.948		100.006	96.7134	0.0961219	0	0.961162	0.0290356	13.5881	1		0.0088623	12.0616	46.0945	0	0	0	
2024-06-18 08:14:54	723	1384	1	0	0	5	21	0	0	0	21	0	0	1.75	21	0	0	0	21	0	0	2.814		100.02	98.4151	0.0724274	0	0.724126	0.138731	14.7869	2		0.0088623	12.0616	46.3544	0	0	0	
2024-06-18 08:11:03	697	1385	1	0	0	2	9	0	0	0	9	0	0	1.5	9	0	0	0	9	0	0	0.433		100.025	104.533	0.432037	0	4.31929	0.137738	13.5694	1		0.0088623	12.0439	47.394	0	0	0	
2024-06-18 08:05:56	664	1386	1	0	0	0	1	0	0	0	1	0	0	2.75	1	0	0	0	1	0	0	2.381		100.03	98.2329	0.11617	0	1.16134	0.570474	20.0666	2		0.0088623	12.0439	50.5127	0	0	0	
2024-06-18 08:22:38	774	1387	9	0	0	3.25	14	0	0	0	14	0	0	4.5	14	0	0	0	14	0	0	1.082		100.011	97.2976	0.181913	0	1.81893	0.0874798	14.2858	1		0.0088623	12.0616	46.0945	0	0	0	
2024-06-18 08:11:12	698	1388	5	0	0	3	13	0	0	0	13	0	0	6.75	13	0	0	0	13	0	0	3.247		100.026	104.16	0.0640133	0	0.639965	0.424761	15.0788	1		0	12.0616	47.1341	0	0	0	
2024-06-18 08:08:41	681	1389	5	0	0	1	5	0	0	0	5	0	0	7.25	5	0	0	0	5	0	0	5.412		100.031	105.491	0.0549645	0	0.549476	0.582386	21.5779	1		0.0088623	12.0439	48.1737	0	0	0	
2024-06-18 08:17:33	740	1390	5	0	0	6	25	0	0	0	25	0	0	7.5	25	0	0	0	25	0	0	1.299		100.018	99.1317	0.155783	0	1.55755	0.039663	14.6796	1		0.0088623	12.0616	46.2245	0	0	0	
2024-06-18 08:16:52	736	1391	9	0	0	6	25	0	0	0	25	0	0	6.25	25	0	0	0	25	0	0	0.216		100.013	97.6441	0.795921	0	7.95817	0.151996	12.5007	2		0.0088623	12.0439	46.2245	0	0	0	
2024-06-18 08:21:17	765	1392	1	0	0	7.75	32	0	0	0	32	0	0	0.5	32	0	0	0	32	0	0	6.278		100.011	97.5645	0.0364467	0	0.364427	0.0347131	16.6008	1		0.0088623	12.0439	46.0945	0	0	0	
2024-06-18 08:15:42	728	1393	1	0	0	5	21	0	0	0	21	0	0	3.5	21	0	0	0	21	0	0	1.299		100.017	99.4322	0.148409	0	1.48384	0.230957	13.9849	1		0	12.0439	46.2245	0	0	0	
2024-06-18 08:11:30	700	1394	1	0	0	3	13	0	0	0	13	0	0	0.25	13	0	0	0	13	0	0	2.381		100.021	103.45	0.0775471	0	0.775312	0.148132	13.3964	1		0.0088623	12.0616	47.0042	0	0	0	
2024-06-18 08:07:48	675	1395	1	0	0	1	5	0	0	0	5	0	0	1.25	5	0	0	0	5	0	0	0.216		100.03	105.911	0.717875	0	7.1766	0.194648	11.273	1		0.0088623	12.0616	48.6935	0	0	0	
2024-06-18 08:13:34	714	1396	1	0	0	4	17	0	0	0	17	0	0	1.5	17	0	0	0	17	0	0	2.165		100.018	100.127	0.0854396	0	0.854239	0.0374574	13.4184	1		0	12.0616	46.6143	0	0	0	
2024-06-18 08:23:20	779	1397	9	0	0	1.5	7	0	0	0	7	0	0	6.25	7	0	0	0	7	0	0	4.113		100.013	97.1902	0.0579051	0	0.578973	0.685924	17.2795	1		0.0088623	12.0439	46.0945	0	0	0	
2024-06-18 08:20:32	760	1398	9	0	0	7.75	32	0	0	0	32	0	0	5.25	32	0	0	0	32	0	0	2.165		100.008	98.5739	0.0877951	0	0.877883	0.10639	13.7898	1		0.0088623	12.0439	46.0945	0	0	0	
2024-06-18 08:20:41	761	1399	9	0	0	7.75	32	0	0	0	32	0	0	4	32	0	0	0	32	0	0	3.247		100.009	97.4326	0.0592842	0	0.59279	0.121912	13.9673	1		0.0088623	12.0439	46.0945	0	0	0	
2024-06-18 08:18:08	744	1400	1	0	0	6	25	0	0	0	25	0	0	1.25	25	0	0	0	25	0	0	4.113		100.018	99.465	0.0596229	0	0.596123	0.153478	17.7914	1		0.0088623	12.0439	46.2245	0	0	0	
2024-06-18 08:13:25	713	1401	1	0	0	4	17	0	0	0	17	0	0	3.5	17	0	0	0	17	0	0	0.433		100.019	100.654	0.484619	0	4.84526	0.264704	15.2218	1		0	12.0616	46.6143	0	0	0	
2024-06-18 08:07:21	672	1402	5	0	0	0	1	0	0	0	1	0	0	1	1	0	0	0	1	0	0	0.866		100.031	105.458	0.232884	0	2.32811	0.596704	14.628	1		0	12.0616	49.0833	0	0	0	
2024-06-18 08:10:02	690	1403	9	0	0	2	9	0	0	0	9	0	0	5.25	9	0	0	0	9	0	0	2.814		100.022	104.549	0.0765102	0	0.764931	0.131615	15.6202	1		0.0088623	12.0616	47.6539	0	0	0	
2024-06-18 08:09:26	686	1404	9	0	0	2	9	0	0	0	9	0	0	4	9	0	0	0	9	0	0	1.732		100.023	104.919	0.108274	0	1.08249	0.123049	13.603	1		0.0088623	12.0616	47.9138	0	0	0	
2024-06-18 08:27:59	811	1405	1	0	0	3.5	15	0	0	0	15	0	0	2.25	15	0	0	0	15	0	0	1.082		100.012	95.0391	0.175732	0	1.7571	0.175498	13.8002	1		0.0088623	12.0616	46.0945	0	0	0	
2024-06-18 08:20:07	757	1406	5	0	0	7	29	0	0	0	29	0	0	3	29	0	0	0	29	0	0	3.464		100.008	98.2635	0.0589319	0	0.589271	0.0849954	14.81	1		0.0088623	12.0616	45.9646	0	0	0	
2024-06-18 08:09:08	684	1407	1	0	0	1	5	0	0	0	5	0	0	2.5	5	0	0	0	5	0	0	1.299		100.023	105.173	0.141944	0	1.41912	0.164042	13.3749	1		0	12.0439	48.0437	0	0	0	
2024-06-18 08:06:29	667	1408	5	0	0	0	1	0	0	0	1	0	0	6.75	1	0	0	0	1	0	0	5.845		100.028	101.777	0.0408889	0	0.408775	0.0393146	17.3368	1		0	12.0616	49.733	0	0	0	
2024-06-18 08:24:33	787	1409	1	0	0	2.75	12	0	0	0	12	0	0	3	12	0	0	0	12	0	0	0.216		100.01	96.2492	0.719104	0	7.19028	0.339446	11.2945	1		0.0088623	12.0616	46.0945	0	0	0	
2024-06-18 08:16:35	734	1410	5	0	0	5	21	0	0	0	21	0	0	1	21	0	0	0	21	0	0	3.464		100.017	100.883	0.0616309	0	0.616206	0.034301	15.4869	1		0	12.0616	46.3544	0	0	0	
2024-06-18 08:30:17	827	1411	1	0	0	0.5	3	0	0	7.25	3	0	0	2.75	3	0	0	5	3	0	0	1.168		100.024	20.0513	0.0811683	0	0.811485	0.253964	11.4721	2		0	12.0616	46.3544	0	0	0	
2024-06-18 08:25:25	793	1412	9	0	0	6.75	28	0	0	0	28	0	0	7	28	0	0	0	28	0	0	0.216		100.013	96.2649	0.765268	0	7.65168	0.401373	12.0192	1		0	12.0616	46.0945	0	0	0	
2024-06-18 08:10:37	694	1413	5	0	0	2	9	0	0	0	9	0	0	0.75	9	0	0	0	9	0	0	1.082		100.02	104.313	0.168544	0	1.6851	0.048127	13.2348	1		0.0088623	12.0616	47.394	0	0	0	
2024-06-18 08:11:39	701	1414	5	0	0	3	13	0	0	0	13	0	0	6	13	0	0	0	13	0	0	2.598		100.017	103.472	0.077811	0	0.777975	0.33733	14.6645	1		0.0088623	12.0616	47.1341	0	0	0	
2024-06-18 08:11:47	702	1415	5	0	0	3	13	0	0	0	13	0	0	4.75	13	0	0	0	13	0	0	1.515		100.024	104.291	0.125987	0	1.25956	0.0224929	13.8496	1		0.0088623	12.0439	47.1341	0	0	0	
2024-06-18 08:07:57	676	1416	9	0	0	1	5	0	0	0	5	0	0	7.75	5	0	0	0	5	0	0	5.845		100.03	105.715	0.0389564	0	0.389447	0.307241	16.517	1		0.0088623	12.0616	48.6935	0	0	0	
2024-06-18 08:08:32	680	1417	5	0	0	1	5	0	0	0	5	0	0	6.5	5	0	0	0	5	0	0	4.762		100.035	106.22	0.051054	0	0.510362	0.168052	17.6369	1		0	12.0616	48.4336	0	0	0	
2024-06-18 08:17:51	742	1418	5	0	0	6	25	0	0	0	25	0	0	5.5	25	0	0	0	25	0	0	0.433		100.013	98.26	0.485115	0	4.85054	0.392883	15.2384	1		0	12.0616	45.9646	0	0	0	
2024-06-18 08:17:51	742	1419	9	0	0	6	25	0	0	0	25	0	0	4.25	25	0	0	0	25	0	0	1.515		100.013	98.26	0.133591	0	1.33574	0.277473	14.6873	1		0	12.0616	45.9646	0	0	0	
2024-06-18 08:16:09	731	1420	1	0	0	5	21	0	0	0	21	0	0	2.75	21	0	0	0	21	0	0	1.948		100.014	99.4349	0.0964233	0	0.964102	0.18445	13.6297	1		0.0088623	12.0616	46.0945	0	0	0	
2024-06-18 08:08:50	682	1421	5	0	0	1	5	0	0	0	5	0	0	0.5	5	0	0	0	5	0	0	0.433		100.027	105.456	0.452629	0	4.52508	0.249682	14.216	1		0.0088623	12.0439	48.3036	0	0	0	
2024-06-18 08:13:51	716	1422	1	0	0	4	17	0	0	0	17	0	0	0.75	17	0	0	0	17	0	0	2.814		100.021	100.455	0.0688649	0	0.688504	0.140484	14.0595	1		0	12.0439	46.6143	0	0	0	
2024-06-18 08:21:54	769	1423	5	0	0	7.75	32	0	0	0	32	0	0	3.25	32	0	0	0	32	0	0	3.897		100.012	97.2252	0.0500045	0	0.499986	0.175963	14.1368	1		0.0088623	12.0616	46.0945	0	0	0	
2024-06-18 08:29:32	822	1424	1	0	0	2.75	12	0	0	5	12	0	0	0.5	12	0	0	7.25	12	0	0	1.168		100.027	19.7613	0.0795323	0	0.795109	0.129784	11.2406	1		0.0088623	12.0616	46.3544	0	0	0	
2024-06-18 08:23:29	780	1425	9	0	0	1.25	6	0	0	0	6	0	0	6.5	6	0	0	0	6	0	0	4.546		100.009	97.1959	0.0513566	0	0.513522	0.569722	16.9394	1		0.0088623	12.0616	46.0945	0	0	0	
2024-06-18 08:18:35	747	1426	1	0	0	6	25	0	0	0	25	0	0	0.5	25	0	0	0	25	0	0	4.762		100.009	98.2755	0.0553936	0	0.553885	0.266958	19.1409	1		0.0088623	12.0616	46.0945	0	0	0	
2024-06-18 08:14:18	719	1427	1	0	0	4	17	0	0	0	17	0	0	2.75	17	0	0	0	17	0	0	1.082		100.019	100.935	0.178893	0	1.78859	0.146784	14.0475	1		0	12.0439	46.3544	0	0	0	
2024-06-18 08:06:56	670	1428	1	0	0	0	1	0	0	0	1	0	0	0.25	1	0	0	0	1	0	0	0.216		100.032	104.756	0.717985	0	7.17758	0.0376811	11.2745	1		0	12.0439	49.4731	0	0	0	
2024-06-18 08:10:11	691	1429	1	0	0	2	9	0	0	0	9	0	0	3.25	9	0	0	0	9	0	0	1.082		100.021	103.784	0.176253	0	1.76215	0.179902	13.8399	1		0	12.0616	47.5239	0	0	0	
2024-06-18 08:19:57	756	1430	1	0	0	7	29	0	0	0	29	0	0	1.75	29	0	0	0	29	0	0	4.546		100.013	99.2985	0.0502304	0	0.502239	0.233341	16.5672	1		0.0088623	12.0439	46.0945	0	0	0	
2024-06-18 08:05:31	662	1431	9	0	0	0	1	0	0	0	1	0	0	6	1	0	0	0	1	0	0	5.195		100.031	92.3082	0.0484695	0	0.484546	0.408642	18.2669	2		0.0088623	11.9375	50.7726	0	0	0	
2024-06-18 08:06:09	665	1432	9	0	0	0	1	0	0	0	1	0	0	4.75	1	0	0	0	1	0	0	4.113		100.028	100.275	0.0524497	0	0.524351	0.334778	15.6493	1		0	12.0616	50.2528	0	0	0	
2024-06-18 08:27:09	805	1433	1	0	0	7.25	30	0	0	0	30	0	0	0.5	30	0	0	0	30	0	0	5.845		100.011	95.8896	0.0483635	0	0.483581	0.794328	20.5094	1		0.0088623	12.0616	46.0945	0	0	0	
2024-06-18 08:16:18	732	1434	5	0	0	5	21	0	0	0	21	0	0	0.25	21	0	0	0	21	0	0	4.113		100.016	99.0257	0.0514125	0	0.514044	0.0227203	15.3417	1		0.0088623	12.0439	46.2245	0	0	0	
2024-06-18 08:16:01	730	1435	5	0	0	5	21	0	0	0	21	0	0	6.75	21	0	0	0	21	0	0	1.515		100.014	99.705	0.134781	0	1.34761	0.121098	14.8178	1		0	12.0616	46.0945	0	0	0	
2024-06-18 08:12:40	708	1436	1	0	0	3	13	0	0	0	13	0	0	2.25	13	0	0	0	13	0	0	0.649		100.022	103.624	0.300867	0	3.00801	0.225006	14.1749	1		0.0088623	12.0439	46.6143	0	0	0	
2024-06-18 08:10:19	692	1437	1	0	0	2	9	0	0	0	9	0	0	0	9	0	0	0	9	0	0	1.732		100.024	104.817	0.122308	0	1.22278	0.316002	15.3659	1		0	12.0439	47.6539	0	0	0	
2024-06-18 08:25:34	794	1438	9	0	0	6.5	27	0	0	0	27	0	0	7.25	27	0	0	0	27	0	0	0.649		100.014	96.4216	0.326683	0	3.26636	0.186845	15.3924	1		0.0088623	12.0616	45.9646	0	0	0	
2024-06-18 08:20:50	762	1439	5	0	0	7.75	32	0	0	0	32	0	0	7.25	32	0	0	0	32	0	0	0.433		100.007	98	0.465357	0	4.65324	0.768409	14.6186	1		0.0088623	12.0616	46.0945	0	0	0	
2024-06-18 08:27:16	806	1440	1	0	0	7.5	31	0	0	0	31	0	0	0.25	31	0	0	0	31	0	0	6.278		100.013	96.6508	0.0364365	0	0.364316	0.264544	16.5957	1		0.0088623	12.0616	45.9646	0	0	0	
2024-06-18 08:24:06	784	1441	1	0	0	0.75	4	0	0	0	4	0	0	1	4	0	0	0	4	0	0	0.216		100.018	97.2592	0.71807	0	7.17941	0.223972	11.2774	1		0.0088623	12.0439	46.0945	0	0	0	
2024-06-18 08:26:25	800	1442	1	0	0	5.5	23	0	0	0	23	0	0	2.25	23	0	0	0	23	0	0	2.814		100.013	95.7949	0.0803117	0	0.803014	0.782323	16.3978	1		0	12.0616	45.8346	0	0	0	
2024-06-18 08:13:42	715	1443	1	0	0	4	17	0	0	0	17	0	0	6.75	17	0	0	0	17	0	0	2.381		100.023	101.452	0.0838052	0	0.837856	0.170523	14.4771	1		0.0088623	12.0439	46.3544	0	0	0	
2024-06-18 08:12:14	705	1444	5	0	0	3	13	0	0	0	13	0	0	5.25	13	0	0	0	13	0	0	1.948		100.021	102.16	0.098668	0	0.986471	0.166068	13.9459	1		0	12.0616	46.8742	0	0	0	
2024-06-18 08:12:14	705	1445	9	0	0	3	13	0	0	0	13	0	0	4	13	0	0	0	13	0	0	0.866		100.021	102.16	0.234341	0	2.34291	0.186257	14.7209	1		0	12.0616	46.8742	0	0	0	
2024-06-18 08:10:27	693	1446	5	0	0	2	9	0	0	0	9	0	0	7.25	9	0	0	0	9	0	0	4.546		100.025	104.888	0.0530753	0	0.53062	0.707193	17.5034	1		0.0088623	12.0616	47.6539	0	0	0	
2024-06-18 08:18:44	748	1447	9	0	0	7	29	0	0	0	29	0	0	7.5	29	0	0	0	29	0	0	0.433		100.008	96.7635	0.45725	0	4.57213	0.20319	14.3638	2		0	12.0616	46.0945	0	0	0	
2024-06-18 08:19:13	751	1448	5	0	0	7	29	0	0	0	29	0	0	6.25	29	0	0	0	29	0	0	0.649		100.011	96.699	0.33276	0	3.32721	0.435478	15.6791	1		0.0088623	12.0616	45.9646	0	0	0	
2024-06-18 08:08:15	678	1449	5	0	0	1	5	0	0	0	5	0	0	5.75	5	0	0	0	5	0	0	4.113		100.033	105.66	0.0531779	0	0.531604	0.0593231	15.8658	1		0.0088623	12.0616	48.4336	0	0	0	
2024-06-18 08:08:06	677	1450	5	0	0	1	5	0	0	0	5	0	0	4.5	5	0	0	0	5	0	0	3.031		100.031	105.984	0.0691054	0	0.690841	0.509033	15.1924	1		0	12.0616	48.4336	0	0	0	
2024-06-18 08:18:25	746	1451	1	0	0	6	25	0	0	0	25	0	0	3.5	25	0	0	0	25	0	0	2.165		100.013	99.8365	0.0889506	0	0.889388	0.0965137	13.9705	1		0.0088623	12.0616	45.9646	0	0	0	
2024-06-18 08:14:27	720	1452	1	0	0	4	17	0	0	0	17	0	0	0	17	0	0	0	17	0	0	3.464		100.017	100.406	0.0600528	0	0.600423	0.138776	15.0903	1		0.0088623	12.0616	46.4844	0	0	0	
2024-06-18 08:21:35	767	1453	1	0	0	7.75	32	0	0	0	32	0	0	2.5	32	0	0	0	32	0	0	4.546		100.008	97.1791	0.0453099	0	0.453064	0.334435	14.9451	1		0.0088623	12.0616	45.8346	0	0	0	
2024-06-18 08:09:26	686	1454	1	0	0	2	9	0	0	0	9	0	0	2.5	9	0	0	0	9	0	0	0.433		100.023	104.919	0.43648	0	4.3638	0.37399	13.7093	1		0.0088623	12.0616	47.9138	0	0	0	
2024-06-18 08:18:44	748	1455	1	0	0	7	29	0	0	0	29	0	0	1	29	0	0	0	29	0	0	5.195		100.008	96.7635	0.0457956	0	0.457919	0.260586	17.2631	2		0	12.0616	46.0945	0	0	0	
2024-06-18 08:06:29	667	1456	9	0	0	0	1	0	0	0	1	0	0	5.25	1	0	0	0	1	0	0	4.546		100.028	101.777	0.050558	0	0.505439	0.049439	16.6728	1		0	12.0616	49.733	0	0	0	
2024-06-18 08:06:38	668	1457	9	0	0	0	1	0	0	0	1	0	0	4	1	0	0	0	1	0	0	3.464		100.031	102.43	0.0601637	0	0.601451	0.165147	15.1161	1		0.0088623	12.0439	49.733	0	0	0	
2024-06-18 08:20:41	761	1458	1	0	0	7.75	32	0	0	0	32	0	0	1.75	32	0	0	0	32	0	0	5.195		100.009	97.4326	0.0411824	0	0.411788	0.203278	15.524	1		0.0088623	12.0439	46.0945	0	0	0	
2024-06-18 08:15:52	729	1459	9	0	0	5	21	0	0	0	21	0	0	6	21	0	0	0	21	0	0	0.866		100.013	99.4413	0.244166	0	2.44134	0.236915	15.3394	1		0	12.0616	46.3544	0	0	0	
2024-06-18 08:15:15	725	1460	5	0	0	5	21	0	0	0	21	0	0	4.75	21	0	0	0	21	0	0	0.216		100.015	99.3008	0.743986	0	7.43874	0.2937	11.6847	1		0	12.0616	46.3544	0	0	0	
2024-06-18 08:12:23	706	1461	1	0	0	3	13	0	0	0	13	0	0	1.5	13	0	0	0	13	0	0	1.299		100.021	102.571	0.141002	0	1.40972	0.0857071	13.2863	1		0	12.0616	46.7443	0	0	0	
2024-06-18 08:21:35	767	1462	5	0	0	7.75	32	0	0	0	32	0	0	6.5	32	0	0	0	32	0	0	1.082		100.008	97.1791	0.190481	0	1.90467	0.0706331	14.9592	1		0.0088623	12.0616	45.8346	0	0	0	
2024-06-18 08:23:04	777	1463	9	0	0	2.25	10	0	0	0	10	0	0	5.5	10	0	0	0	10	0	0	2.814		100.011	97.4482	0.0780286	0	0.7802	0.338337	15.932	1		0	12.0616	46.0945	0	0	0	
2024-06-18 08:29:24	821	1464	1	0	0	3	13	0	0	4.75	13	0	0	1.25	13	0	0	6.5	13	0	0	0.908		100.029	19.9386	0.105298	0	1.05267	0.40077	11.5747	1		0.0088623	12.0616	46.3544	0	0	0	
2024-06-18 08:13:25	713	1465	5	0	0	4	17	0	0	0	17	0	0	6	17	0	0	0	17	0	0	1.732		100.019	100.654	0.114078	0	1.14056	0.0544996	14.3327	1		0	12.0616	46.6143	0	0	0	
2024-06-18 08:13:16	712	1466	9	0	0	4	17	0	0	0	17	0	0	4.75	17	0	0	0	17	0	0	0.649		100.018	101.463	0.336948	0	3.36886	0.228972	15.8754	1		0.0088623	12.0616	46.7443	0	0	0	
2024-06-18 08:06:17	666	1467	1	0	0	0	1	0	0	0	1	0	0	2.25	1	0	0	0	1	0	0	1.948		100.029	100.648	0.105374	0	1.05344	0.0298506	14.8927	2		0.0088623	12.0616	49.9929	0	0	0	
2024-06-18 08:29:16	820	1468	1	0	0	3.25	14	0	0	4.5	14	0	0	2	14	0	0	5.75	14	0	0	0.649		100.025	19.8643	0.17536	0	1.75316	0.459528	13.7693	1		0.0088623	12.0616	46.2245	0	0	0	
2024-06-18 08:12:47	709	1469	1	0	0	3	13	0	0	0	13	0	0	3.25	13	0	0	0	13	0	0	0.216		100.024	103.471	0.729564	0	7.29389	0.383261	11.4572	1		0.0088623	12.0616	46.8742	0	0	0	
2024-06-18 08:10:11	691	1470	5	0	0	2	9	0	0	0	9	0	0	7.75	9	0	0	0	9	0	0	4.979		100.021	103.784	0.0431384	0	0.431292	0.067213	15.5819	1		0	12.0616	47.5239	0	0	0	
2024-06-18 08:09:45	688	1471	5	0	0	2	9	0	0	0	9	0	0	6.5	9	0	0	0	9	0	0	3.897		100.022	104.77	0.0552312	0	0.55219	0.250144	15.6128	1		0	12.0439	47.7838	0	0	0	
2024-06-18 08:19:32	753	1472	9	0	0	7	29	0	0	0	29	0	0	5.5	29	0	0	0	29	0	0	1.299		100.014	97.417	0.156715	0	1.56693	0.156022	14.768	1		0.0088623	12.0439	45.9646	0	0	0	
2024-06-18 08:19:22	752	1473	9	0	0	7	29	0	0	0	29	0	0	4.25	29	0	0	0	29	0	0	2.381		100.015	97.0254	0.0832655	0	0.832533	0.0361511	14.3851	1		0	12.0616	45.8346	0	0	0	
2024-06-18 08:07:48	675	1474	5	0	0	1	5	0	0	0	5	0	0	5	5	0	0	0	5	0	0	3.464		100.03	105.911	0.0622625	0	0.622438	0.153533	15.6436	1		0.0088623	12.0616	48.6935	0	0	0	
2024-06-18 08:08:59	683	1475	5	0	0	1	5	0	0	0	5	0	0	3.75	5	0	0	0	5	0	0	2.381		100.027	105.291	0.0801792	0	0.801576	0.0900836	13.8502	1		0.0088623	12.0616	48.1737	0	0	0	
2024-06-18 08:18:17	745	1476	5	0	0	6	25	0	0	0	25	0	0	2.75	25	0	0	0	25	0	0	2.814		100.013	99.7288	0.0719449	0	0.719352	0.0777704	14.6894	1		0	12.0439	46.2245	0	0	0	
2024-06-18 08:16:27	733	1477	5	0	0	5	21	0	0	0	21	0	0	2.25	21	0	0	0	21	0	0	2.381		100.018	100.725	0.08019	0	0.801758	0.0313757	13.8534	1		0.0088623	12.0616	46.3544	0	0	0	
2024-06-18 08:19:13	751	1478	1	0	0	7	29	0	0	0	29	0	0	0.25	29	0	0	0	29	0	0	5.845		100.011	96.699	0.0403793	0	0.403746	0.159186	17.1235	1		0.0088623	12.0616	45.9646	0	0	0	
2024-06-18 08:05:31	662	1479	1	0	0	0	1	0	0	0	1	0	0	3.25	1	0	0	0	1	0	0	2.814		100.031	92.3082	0.0694515	0	0.694302	0.145809	14.1779	2		0.0088623	11.9375	50.7726	0	0	0	
2024-06-18 08:11:30	700	1480	5	0	0	3	13	0	0	0	13	0	0	7.25	13	0	0	0	13	0	0	3.68		100.021	103.45	0.0638866	0	0.638735	0.268405	17.0565	1		0.0088623	12.0616	47.0042	0	0	0	
2024-06-18 08:17:16	738	1481	5	0	0	6	25	0	0	0	25	0	0	6.75	25	0	0	0	25	0	0	0.649		100.014	97.1063	0.344979	0	3.44931	0.263645	16.2545	1		0.0088623	12.0616	46.0945	0	0	0	
2024-06-18 08:22:21	772	1482	9	0	0	3.75	16	0	0	0	16	0	0	4	16	0	0	0	16	0	0	0.216		100.011	96.1774	0.803031	0	8.02944	0.271929	12.6126	1		0	12.0439	46.0945	0	0	0	
2024-06-18 08:21:44	768	1483	1	0	0	7.75	32	0	0	0	32	0	0	1	32	0	0	0	32	0	0	5.845		100.009	96.6627	0.0377941	0	0.377908	0.189322	16.0277	1		0.0088623	12.0616	46.0945	0	0	0	
2024-06-18 08:15:34	727	1484	9	0	0	5	21	0	0	0	21	0	0	5.25	21	0	0	0	21	0	0	0.216		100.015	99.747	0.756859	0	7.56743	0.494552	11.8869	1		0	12.0616	46.2245	0	0	0	
2024-06-18 08:14:54	723	1485	9	0	0	5	21	0	0	0	21	0	0	4	21	0	0	0	21	0	0	0.866		100.02	98.4151	0.240614	0	2.40565	0.454617	15.1151	2		0.0088623	12.0616	46.3544	0	0	0	
2024-06-18 08:11:39	701	1486	1	0	0	3	13	0	0	0	13	0	0	0.75	13	0	0	0	13	0	0	1.948		100.017	103.472	0.093467	0	0.934509	0.170653	13.2113	1		0.0088623	12.0616	47.1341	0	0	0	
2024-06-18 08:09:08	684	1487	5	0	0	1	5	0	0	0	5	0	0	1.75	5	0	0	0	5	0	0	0.649		100.023	105.173	0.299698	0	2.9963	0.0961276	14.1197	1		0	12.0439	48.0437	0	0	0	
2024-06-18 08:14:36	721	1488	1	0	0	4	17	0	0	0	17	0	0	2	17	0	0	0	17	0	0	1.732		100.02	99.6198	0.107478	0	1.07456	0.0377702	13.5034	1		0.0088623	12.0616	46.3544	0	0	0	
2024-06-18 08:21:17	765	1489	9	0	0	7.75	32	0	0	0	32	0	0	5.75	32	0	0	0	32	0	0	1.732		100.011	97.5645	0.112511	0	1.12499	0.0753169	14.137	1		0.0088623	12.0439	46.0945	0	0	0	
2024-06-18 08:20:32	760	1490	5	0	0	7.75	32	0	0	0	32	0	0	4.5	32	0	0	0	32	0	0	2.814		100.008	98.5739	0.0680159	0	0.680107	0.0444183	13.888	1		0.0088623	12.0439	46.0945	0	0	0	
2024-06-18 08:24:50	789	1491	1	0	0	2.25	10	0	0	0	10	0	0	3.5	10	0	0	0	10	0	0	1.082		100.012	95.9878	0.17606	0	1.76038	0.046968	13.826	1		0.0088623	12.0616	45.8346	0	0	0	
2024-06-18 08:23:59	783	1492	9	0	0	0.25	2	0	0	0	2	0	0	7.5	2	0	0	0	2	0	0	6.278		100.01	95.7227	0.0375528	0	0.375489	0.0849967	17.1047	1		0	12.0616	45.9646	0	0	0	
2024-06-18 08:17:03	737	1493	1	0	0	6	25	0	0	0	25	0	0	1.75	25	0	0	0	25	0	0	3.68		100.015	96.5472	0.0648448	0	0.64835	0.0529617	17.3132	2		0.0088623	12.0439	46.2245	0	0	0	
2024-06-18 08:13:07	711	1494	5	0	0	4	17	0	0	0	17	0	0	5.25	17	0	0	0	17	0	0	1.082		100.019	101.163	0.191827	0	1.91791	0.163182	15.0632	1		0.0088623	12.0616	46.7443	0	0	0	
2024-06-18 08:06:38	668	1495	1	0	0	0	1	0	0	0	1	0	0	1.5	1	0	0	0	1	0	0	1.299		100.031	102.43	0.144964	0	1.44919	0.223577	13.6583	1		0.0088623	12.0439	49.733	0	0	0	
2024-06-18 08:11:56	703	1496	1	0	0	3	13	0	0	0	13	0	0	2.5	13	0	0	0	13	0	0	0.433		100.021	103.372	0.436988	0	4.36898	0.322077	13.7256	1		0.0088623	12.0616	47.0042	0	0	0	
2024-06-18 08:10:19	692	1497	5	0	0	2	9	0	0	0	9	0	0	5.75	9	0	0	0	9	0	0	3.247		100.024	104.817	0.0650625	0	0.650466	0.0885977	15.3262	1		0	12.0439	47.6539	0	0	0	
2024-06-18 08:09:45	688	1498	9	0	0	2	9	0	0	0	9	0	0	4.5	9	0	0	0	9	0	0	2.165		100.022	104.77	0.0885611	0	0.885414	0.109967	13.9081	1		0	12.0439	47.7838	0	0	0	
2024-06-18 08:19:32	753	1499	1	0	0	7	29	0	0	0	29	0	0	3.5	29	0	0	0	29	0	0	3.031		100.014	97.417	0.0653803	0	0.653712	0.0135243	14.3759	1		0.0088623	12.0439	45.9646	0	0	0	
2024-06-18 08:09:17	685	1500	1	0	0	1	5	0	0	0	5	0	0	3	5	0	0	0	5	0	0	1.732		100.026	104.945	0.105497	0	1.0547	0.225164	13.2538	1		0.0088623	12.0616	47.9138	0	0	0	
2024-06-18 08:06:17	666	1501	5	0	0	0	1	0	0	0	1	0	0	7.25	1	0	0	0	1	0	0	6.278		100.029	100.648	0.0406684	0	0.406568	0.0249679	18.5204	2		0.0088623	12.0616	49.9929	0	0	0	
2024-06-18 08:16:27	733	1502	1	0	0	5	21	0	0	0	21	0	0	1.5	21	0	0	0	21	0	0	3.031		100.018	100.725	0.0670189	0	0.67007	0.449857	14.7356	1		0.0088623	12.0616	46.3544	0	0	0	
2024-06-18 08:10:55	696	1503	5	0	0	2	9	0	0	0	9	0	0	1.25	9	0	0	0	9	0	0	0.649		100.026	104.294	0.290815	0	2.90739	0.0857529	13.7008	1		0.0088623	12.0616	47.1341	0	0	0	
2024-06-18 08:27:33	808	1504	1	0	0	1.5	7	0	0	0	7	0	0	0.25	7	0	0	0	7	0	0	1.082		100.019	96.9357	0.172568	0	1.72536	0.138163	13.551	1		0.0088623	12.0439	46.0945	0	0	0	
2024-06-18 08:07:21	672	1505	1	0	0	0	1	0	0	0	1	0	0	2.5	1	0	0	0	1	0	0	2.165		100.031	105.458	0.0888319	0	0.888041	0.151101	13.9493	1		0	12.0616	49.0833	0	0	0	
2024-06-18 08:26:42	802	1506	1	0	0	6.25	26	0	0	0	26	0	0	1.5	26	0	0	0	26	0	0	4.113		100.016	97.1271	0.0547119	0	0.547031	0.770446	16.3262	1		0	12.0616	46.0945	0	0	0	
2024-06-18 08:28:41	816	1507	9	0	0	7.25	30	0	0	0	30	0	0	6.5	30	0	0	0	30	0	0	0.649		100.018	96.6542	0.321813	0	3.21756	0.183896	15.1624	1		0.0088623	12.0439	46.0945	0	0	0	
2024-06-18 08:11:30	700	1508	9	0	0	3	13	0	0	0	13	0	0	7.75	13	0	0	0	13	0	0	4.113		100.021	103.45	0.0497811	0	0.497709	0.400231	14.8542	1		0.0088623	12.0616	47.0042	0	0	0	
2024-06-18 08:11:56	703	1509	5	0	0	3	13	0	0	0	13	0	0	6.5	13	0	0	0	13	0	0	3.031		100.021	103.372	0.0678551	0	0.678411	0.14946	14.919	1		0.0088623	12.0616	47.0042	0	0	0	
2024-06-18 08:07:39	674	1510	9	0	0	1	5	0	0	0	5	0	0	7	5	0	0	0	5	0	0	5.195		100.028	106.502	0.0453249	0	0.453122	0.205669	17.0823	1		0.0088623	12.0616	48.9533	0	0	0	
2024-06-18 08:17:25	739	1511	9	0	0	6	25	0	0	0	25	0	0	4.75	25	0	0	0	25	0	0	1.082		100.014	97.5609	0.192264	0	1.92236	0.215045	15.0982	1		0.0088623	12.0616	46.2245	0	0	0	
2024-06-18 08:22:03	770	1512	1	0	0	7.75	32	0	0	0	32	0	0	0.25	32	0	0	0	32	0	0	6.494		100.009	97.2206	0.0341231	0	0.341201	0.132288	16.0787	1		0.0088623	12.0439	45.8346	0	0	0	
2024-06-18 08:15:52	729	1513	1	0	0	5	21	0	0	0	21	0	0	3.25	21	0	0	0	21	0	0	1.515		100.013	99.4413	0.124628	0	1.24612	0.0167528	13.7018	1		0	12.0616	46.3544	0	0	0	
2024-06-18 08:12:05	704	1514	1	0	0	3	13	0	0	0	13	0	0	0	13	0	0	0	13	0	0	2.598		100.025	103.209	0.0753963	0	0.753773	0.4705	14.2083	1		0	12.0439	47.0042	0	0	0	
2024-06-18 08:22:29	773	1515	9	0	0	3.5	15	0	0	0	15	0	0	4.25	15	0	0	0	15	0	0	0.649		100.013	97.2129	0.323496	0	3.23454	0.19977	15.2424	1		0.0088623	12.0439	45.8346	0	0	0	
2024-06-18 08:14:45	722	1516	1	0	0	4	17	0	0	0	17	0	0	1.25	17	0	0	0	17	0	0	2.381		100.019	100.196	0.0798178	0	0.798023	0.145072	13.7888	1		0.0088623	12.0616	46.3544	0	0	0	
2024-06-18 08:20:59	763	1517	5	0	0	7.75	32	0	0	0	32	0	0	5	32	0	0	0	32	0	0	2.381		100.009	97.7518	0.0795403	0	0.795331	0.236361	13.7423	1		0	12.0616	46.0945	0	0	0	
2024-06-18 08:21:54	769	1518	1	0	0	7.75	32	0	0	0	32	0	0	3.75	32	0	0	0	32	0	0	3.464		100.012	97.2252	0.0559066	0	0.559001	0.183275	14.0492	1		0.0088623	12.0616	46.0945	0	0	0	
2024-06-18 08:30:10	826	1519	1	0	0	1.25	6	0	0	6.5	6	0	0	3	6	0	0	4.75	6	0	0	0.908		100.026	19.8984	0.10673	0	1.06702	0.213991	11.7325	1		0.0088623	12.0616	46.0945	0	0	0	
2024-06-18 08:17:25	739	1520	1	0	0	6	25	0	0	0	25	0	0	1	25	0	0	0	25	0	0	4.33		100.014	97.5609	0.0572183	0	0.572101	0.0711901	17.9731	1		0.0088623	12.0616	46.2245	0	0	0	
2024-06-18 08:14:00	717	1521	1	0	0	4	17	0	0	0	17	0	0	3.25	17	0	0	0	17	0	0	0.649		100.024	100.527	0.323796	0	3.23717	0.200055	15.2548	1		0.0088623	12.0616	46.3544	0	0	0	
2024-06-18 08:07:05	671	1522	1	0	0	0	1	0	0	0	1	0	0	0.75	1	0	0	0	1	0	0	0.649		100.03	101.817	0.558877	0	5.58712	4.67048	26.3287	4		0.0088623	12.0439	49.2132	0	0	0	
2024-06-18 08:29:41	823	1523	1	0	0	3.5	15	0	0	4.25	15	0	0	3.75	15	0	0	4	15	0	0	0.13		100.024	19.0302	0.555186	0	5.55051	0.0809394	8.71872	1		0.0088623	12.0616	46.2245	0	0	0	
2024-06-18 08:09:53	689	1524	9	0	0	2	9	0	0	0	9	0	0	5	9	0	0	0	9	0	0	2.598		100.021	104.676	0.076433	0	0.764172	0.0343073	14.4043	1		0.0088623	12.0616	47.6539	0	0	0	
2024-06-18 08:09:45	688	1525	1	0	0	2	9	0	0	0	9	0	0	3.75	9	0	0	0	9	0	0	1.515		100.022	104.77	0.127844	0	1.27815	0.00163169	14.054	1		0	12.0439	47.7838	0	0	0	
2024-06-18 08:20:14	758	1526	5	0	0	7	29	0	0	0	29	0	0	2.75	29	0	0	0	29	0	0	3.68		100.017	99.1746	0.0562392	0	0.562296	0.5404	15.0153	1		0.0088623	12.0616	46.0945	0	0	0	
2024-06-18 08:20:14	758	1527	1	0	0	7	29	0	0	0	29	0	0	2.25	29	0	0	0	29	0	0	4.113		100.017	99.1746	0.051666	0	0.516571	0.558454	15.4171	1		0.0088623	12.0616	46.0945	0	0	0	
2024-06-18 08:05:56	664	1528	5	0	0	0	1	0	0	0	1	0	0	7.75	1	0	0	0	1	0	0	6.711		100.03	98.2329	0.0352142	0	0.352035	0.141828	17.1422	2		0.0088623	12.0439	50.5127	0	0	0	
2024-06-18 08:05:56	664	1529	9	0	0	0	1	0	0	0	1	0	0	6.5	1	0	0	0	1	0	0	5.628		100.03	98.2329	0.0420052	0	0.419924	0.146843	17.15	2		0.0088623	12.0439	50.5127	0	0	0	
2024-06-18 08:16:01	730	1530	1	0	0	5	21	0	0	0	21	0	0	0.75	21	0	0	0	21	0	0	3.68		100.014	99.705	0.0585357	0	0.585272	0.219568	15.6288	1		0	12.0616	46.0945	0	0	0	
2024-06-18 08:15:25	726	1531	5	0	0	5	21	0	0	0	21	0	0	7.25	21	0	0	0	21	0	0	1.948		100.016	99.7537	0.110075	0	1.10057	0.132307	15.559	1		0.0088623	12.0439	46.2245	0	0	0	
2024-06-18 08:28:33	815	1532	9	0	0	5.75	24	0	0	0	24	0	0	4	24	0	0	0	24	0	0	1.515		100.013	95.0296	0.129402	0	1.29386	0.0462884	14.2267	1		0.0088623	12.0616	46.0945	0	0	0	
2024-06-18 08:25:08	791	1533	9	0	0	4.5	19	0	0	0	19	0	0	5.25	19	0	0	0	19	0	0	0.649		100.016	96.0236	0.32426	0	3.24207	0.0696052	15.2779	1		0.0088623	12.0616	46.0945	0	0	0	
2024-06-18 08:29:49	824	1534	1	0	0	2.75	12	0	0	5	12	0	0	3.5	12	0	0	4.25	12	0	0	0.389		100.021	19.7831	0.309868	0	3.09801	0.321571	14.599	2		0	12.0616	46.2245	0	0	0	
2024-06-18 08:10:02	690	1535	1	0	0	2	9	0	0	0	9	0	0	0.5	9	0	0	0	9	0	0	1.299		100.022	104.549	0.140623	0	1.40591	0.10523	13.2504	1		0.0088623	12.0616	47.6539	0	0	0	
2024-06-18 08:23:47	782	1536	9	0	0	0.5	3	0	0	0	3	0	0	7.25	3	0	0	0	3	0	0	5.845		100.012	95.2283	0.0548164	0	0.548099	0.446594	23.2457	2		0.0088623	12.0616	45.9646	0	0	0	
2024-06-18 08:13:51	716	1537	5	0	0	4	17	0	0	0	17	0	0	7.25	17	0	0	0	17	0	0	2.814		100.021	100.455	0.0756216	0	0.756057	0.408831	15.439	1		0	12.0439	46.6143	0	0	0	
2024-06-18 08:11:39	701	1538	9	0	0	3	13	0	0	0	13	0	0	5.75	13	0	0	0	13	0	0	2.381		100.017	103.472	0.0809753	0	0.809614	0.236027	13.9891	1		0.0088623	12.0616	47.1341	0	0	0	
2024-06-18 08:11:47	702	1539	9	0	0	3	13	0	0	0	13	0	0	4.5	13	0	0	0	13	0	0	1.299		100.024	104.291	0.147946	0	1.4791	0.0788158	13.9402	1		0.0088623	12.0439	47.1341	0	0	0	
2024-06-18 08:18:55	749	1540	5	0	0	7	29	0	0	0	29	0	0	6.75	29	0	0	0	29	0	0	0.216		100.014	97.0986	0.76606	0	7.65954	0.587082	12.0316	1		0	12.0616	45.9646	0	0	0	
2024-06-18 08:07:57	676	1541	5	0	0	1	5	0	0	0	5	0	0	7.5	5	0	0	0	5	0	0	5.628		100.03	105.715	0.0416046	0	0.415921	0.338853	16.9865	1		0.0088623	12.0616	48.6935	0	0	0	
2024-06-18 08:08:32	680	1542	9	0	0	1	5	0	0	0	5	0	0	6.25	5	0	0	0	5	0	0	4.546		100.035	106.22	0.0529397	0	0.529213	0.0325657	17.457	1		0	12.0616	48.4336	0	0	0	
2024-06-18 08:18:01	743	1543	5	0	0	6	25	0	0	0	25	0	0	5.25	25	0	0	0	25	0	0	0.649		100.014	98.357	0.328374	0	3.28327	0.360925	15.472	1		0.0088623	12.0439	46.0945	0	0	0	
2024-06-18 08:17:42	741	1544	9	0	0	6	25	0	0	0	25	0	0	4	25	0	0	0	25	0	0	1.732		100.018	98.2664	0.113296	0	1.13276	0.0682256	14.2347	1		0.0088623	12.0439	46.0945	0	0	0	
2024-06-18 08:16:43	735	1545	1	0	0	5	21	0	0	0	21	0	0	2.5	21	0	0	0	21	0	0	2.165		100.018	100.815	0.0917812	0	0.917643	0.811658	14.4143	1		0	12.0616	46.3544	0	0	0	
2024-06-18 08:08:06	677	1546	1	0	0	1	5	0	0	0	5	0	0	0.25	5	0	0	0	5	0	0	0.649		100.031	105.984	0.307633	0	3.07538	0.00463686	14.4924	1		0	12.0616	48.4336	0	0	0	
2024-06-18 08:14:08	718	1547	5	0	0	4	17	0	0	0	17	0	0	0.5	17	0	0	0	17	0	0	3.031		100.019	101.441	0.0666403	0	0.666279	0.0113303	14.6522	1		0.0088623	12.0616	46.6143	0	0	0	
2024-06-18 08:20:32	760	1548	1	0	0	7.75	32	0	0	0	32	0	0	3	32	0	0	0	32	0	0	4.113		100.008	98.5739	0.0481186	0	0.481149	0.0291482	14.36	1		0.0088623	12.0439	46.0945	0	0	0	
2024-06-18 08:17:42	741	1549	1	0	0	6	25	0	0	0	25	0	0	0.25	25	0	0	0	25	0	0	4.979		100.018	98.2664	0.047294	0	0.472856	0.353326	17.0835	1		0.0088623	12.0439	46.0945	0	0	0	
2024-06-18 08:26:17	799	1550	1	0	0	5.25	22	0	0	0	22	0	0	2.5	22	0	0	0	22	0	0	2.381		100.015	97.6707	0.0895607	0	0.895477	0.406569	15.4727	1		0.0088623	12.0616	46.2245	0	0	0	
2024-06-18 08:12:58	710	1551	1	0	0	4	17	0	0	0	17	0	0	2.5	17	0	0	0	17	0	0	1.299		100.024	101.862	0.14684	0	1.46805	0.277531	13.8361	1		0	12.0616	46.7443	0	0	0	
2024-06-18 08:10:27	693	1552	1	0	0	2	9	0	0	0	9	0	0	3	9	0	0	0	9	0	0	0.866		100.025	104.888	0.223364	0	2.23308	0.154935	14.0309	1		0.0088623	12.0616	47.6539	0	0	0	
2024-06-18 08:20:22	759	1553	5	0	0	7	29	0	0	0	29	0	0	1.5	29	0	0	0	29	0	0	4.762		100.011	99.1853	0.0481623	0	0.481569	0.213323	16.6418	1		0	12.0439	46.0945	0	0	0	
2024-06-18 08:06:09	665	1554	5	0	0	0	1	0	0	0	1	0	0	5.75	1	0	0	0	1	0	0	4.979		100.028	100.275	0.046207	0	0.461941	0.410334	16.6891	1		0	12.0616	50.2528	0	0	0	
2024-06-18 08:06:46	669	1555	9	0	0	0	1	0	0	0	1	0	0	4.5	1	0	0	0	1	0	0	3.897		100.03	103.847	0.0543688	0	0.543524	0.128377	15.3678	1		0.0088623	12.0616	49.4731	0	0	0	
2024-06-18 08:16:18	732	1556	1	0	0	5	21	0	0	0	21	0	0	0	21	0	0	0	21	0	0	4.33		100.016	99.0257	0.0505139	0	0.505059	0.160686	15.8669	1		0.0088623	12.0439	46.2245	0	0	0	
2024-06-18 08:21:27	766	1557	1	0	0	7.75	32	0	0	0	32	0	0	2.25	32	0	0	0	32	0	0	4.762		100.013	97.4704	0.042834	0	0.428282	0.0257265	14.8004	1		0	12.0616	45.8346	0	0	0	
2024-06-18 08:15:42	728	1558	5	0	0	5	21	0	0	0	21	0	0	7.75	21	0	0	0	21	0	0	2.381		100.017	99.4322	0.0819668	0	0.81953	0.125722	14.1605	1		0	12.0439	46.2245	0	0	0	
2024-06-18 08:15:06	724	1559	5	0	0	5	21	0	0	0	21	0	0	6.5	21	0	0	0	21	0	0	1.299		100.014	99.5212	0.158661	0	1.58638	0.080741	14.9513	1		0	12.0616	46.3544	0	0	0	
2024-06-18 08:12:14	705	1560	1	0	0	3	13	0	0	0	13	0	0	2	13	0	0	0	13	0	0	0.866		100.021	102.16	0.222796	0	2.22749	0.0729509	13.9957	1		0	12.0616	46.8742	0	0	0	
2024-06-18 08:26:00	797	1561	1	0	0	4.5	19	0	0	0	19	0	0	3.25	19	0	0	0	19	0	0	1.082		100.012	96.4577	0.182174	0	1.82152	0.107736	14.3062	1		0	12.0616	45.9646	0	0	0	
2024-06-18 08:21:27	766	1562	9	0	0	7.75	32	0	0	0	32	0	0	7	32	0	0	0	32	0	0	0.649		100.013	97.4704	0.331496	0	3.31452	0.0649096	15.6193	1		0	12.0616	45.8346	0	0	0	
2024-06-18 08:28:25	814	1563	9	0	0	5.5	23	0	0	0	23	0	0	4.25	23	0	0	0	23	0	0	1.082		100.009	95.054	0.188011	0	1.87994	0.0491692	14.765	1		0	12.0616	46.2245	0	0	0	
2024-06-18 08:27:00	804	1564	1	0	0	6.75	28	0	0	0	28	0	0	1	28	0	0	0	28	0	0	4.979		100.01	95.7096	0.0509788	0	0.509738	0.309352	18.416	1		0.0088623	12.0616	46.0945	0	0	0	
2024-06-18 08:25:16	792	1565	9	0	0	4.25	18	0	0	0	18	0	0	5.5	18	0	0	0	18	0	0	1.082		100.019	97.2757	0.189365	0	1.8933	0.0107633	14.8699	1		0.0088623	12.0616	46.0945	0	0	0	
2024-06-18 08:14:00	717	1566	5	0	0	4	17	0	0	0	17	0	0	7.75	17	0	0	0	17	0	0	3.247		100.024	100.527	0.061196	0	0.611811	0.238144	14.4155	1		0.0088623	12.0616	46.3544	0	0	0	
2024-06-18 08:13:34	714	1567	5	0	0	4	17	0	0	0	17	0	0	6.5	17	0	0	0	17	0	0	2.165		100.018	100.127	0.0915449	0	0.915281	0.0329918	14.3772	1		0	12.0616	46.6143	0	0	0	
2024-06-18 08:12:05	704	1568	9	0	0	3	13	0	0	0	13	0	0	5	13	0	0	0	13	0	0	1.732		100.025	103.209	0.109319	0	1.09291	0.0124882	13.734	1		0	12.0439	47.0042	0	0	0	
2024-06-18 08:12:31	707	1569	1	0	0	3	13	0	0	0	13	0	0	3.75	13	0	0	0	13	0	0	0.649		100.024	102.977	0.312992	0	3.12917	0.274653	14.7459	1		0	12.0439	46.8742	0	0	0	
2024-06-18 08:09:53	689	1570	5	0	0	2	9	0	0	0	9	0	0	7	9	0	0	0	9	0	0	4.33		100.021	104.676	0.0502128	0	0.502024	0.232144	15.7716	1		0.0088623	12.0616	47.6539	0	0	0	
2024-06-18 08:19:13	751	1571	9	0	0	7	29	0	0	0	29	0	0	6	29	0	0	0	29	0	0	0.866		100.011	96.699	0.248991	0	2.48962	0.35792	15.6428	1		0.0088623	12.0616	45.9646	0	0	0	
2024-06-18 08:19:40	754	1572	5	0	0	7	29	0	0	0	29	0	0	4.75	29	0	0	0	29	0	0	1.948		100.013	97.9014	0.100971	0	1.00958	0.0993441	14.2726	1		0	12.0439	46.0945	0	0	0	
2024-06-18 08:08:15	678	1573	9	0	0	1	5	0	0	0	5	0	0	5.5	5	0	0	0	5	0	0	3.897		100.033	105.66	0.0609241	0	0.609041	0.406041	17.2202	1		0.0088623	12.0616	48.4336	0	0	0	
2024-06-18 08:08:24	679	1574	9	0	0	1	5	0	0	0	5	0	0	4.25	5	0	0	0	5	0	0	2.814		100.031	105.781	0.071734	0	0.71712	0.0586674	14.6438	1		0.0088623	12.0616	48.3036	0	0	0	
2024-06-18 08:18:25	746	1575	5	0	0	6	25	0	0	0	25	0	0	3.25	25	0	0	0	25	0	0	2.381		100.013	99.8365	0.0830796	0	0.830686	0.0678861	14.3532	1		0.0088623	12.0616	45.9646	0	0	0	
2024-06-18 08:24:24	786	1576	1	0	0	0.25	2	0	0	0	2	0	0	1.5	2	0	0	0	2	0	0	1.082		100.016	97.0761	0.171799	0	1.71771	0.0831706	13.4909	1		0.0088623	12.0439	46.0945	0	0	0	
2024-06-18 08:20:07	757	1577	1	0	0	7	29	0	0	0	29	0	0	0.75	29	0	0	0	29	0	0	5.412		100.008	98.2635	0.0440036	0	0.440001	0.223118	17.2788	1		0.0088623	12.0616	45.9646	0	0	0	
2024-06-18 08:05:48	663	1578	9	0	0	0	1	0	0	0	1	0	0	5	1	0	0	0	1	0	0	4.33		100.028	96.6446	0.0506015	0	0.505872	0.394303	15.8924	1		0	12.0439	50.5127	0	0	0	
2024-06-18 08:06:56	670	1579	5	0	0	0	1	0	0	0	1	0	0	3.75	1	0	0	0	1	0	0	3.247		100.032	104.756	0.0624534	0	0.624336	0.134694	14.7106	1		0	12.0439	49.4731	0	0	0	
2024-06-18 08:28:50	817	1580	9	0	0	7.5	31	0	0	0	31	0	0	6.25	31	0	0	0	31	0	0	1.082		100.02	96.9677	0.185263	0	1.85226	0.0985234	14.5476	1		0	12.0616	46.2245	0	0	0	
2024-06-18 08:25:43	795	1581	9	0	0	6.25	26	0	0	0	26	0	0	7.5	26	0	0	0	26	0	0	1.082		100.017	96.3231	0.187554	0	1.87522	0.0565789	14.728	1		0.0088623	12.0616	46.0945	0	0	0	
2024-06-18 08:17:03	737	1582	9	0	0	6	25	0	0	0	25	0	0	7.25	25	0	0	0	25	0	0	1.082		100.015	96.5472	0.21921	0	2.19177	0.390448	17.2141	2		0.0088623	12.0439	46.2245	0	0	0	
2024-06-18 08:22:12	771	1583	1	0	0	7.75	32	0	0	0	32	0	0	1.5	32	0	0	0	32	0	0	5.412		100.01	96.4861	0.0393869	0	0.393831	0.0292067	15.4657	1		0.0088623	12.0439	45.9646	0	0	0	
2024-06-18 08:15:52	729	1584	5	0	0	5	21	0	0	0	21	0	0	5.75	21	0	0	0	21	0	0	0.649		100.013	99.4413	0.328954	0	3.28912	0.224162	15.4996	1		0	12.0616	46.3544	0	0	0	
2024-06-18 08:15:15	725	1585	9	0	0	5	21	0	0	0	21	0	0	4.5	21	0	0	0	21	0	0	0.433		100.015	99.3008	0.461684	0	4.61615	0.36988	14.502	1		0	12.0616	46.3544	0	0	0	
2024-06-18 08:11:20	699	1586	1	0	0	3	13	0	0	0	13	0	0	1.25	13	0	0	0	13	0	0	1.515		100.017	103.171	0.119668	0	1.19648	0.0199359	13.156	1		0	12.0616	47.264	0	0	0	
2024-06-18 08:08:15	678	1587	1	0	0	1	5	0	0	0	5	0	0	2.25	5	0	0	0	5	0	0	1.082		100.033	105.66	0.170461	0	1.70405	0.0501566	13.3836	1		0.0088623	12.0616	48.4336	0	0	0	
2024-06-18 08:24:16	785	1588	1	0	0	0.5	3	0	0	0	3	0	0	1.25	3	0	0	0	3	0	0	0.649		100.014	96.5487	0.303575	0	3.03532	0.171065	14.3036	1		0	12.0616	46.0945	0	0	0	
2024-06-18 08:22:55	776	1589	9	0	0	2.5	11	0	0	0	11	0	0	5.25	11	0	0	0	11	0	0	2.381		100.013	98.0655	0.0897781	0	0.897662	0.612949	15.5105	1		0	12.0616	46.0945	0	0	0	
2024-06-18 08:21:08	764	1590	9	0	0	7.75	32	0	0	0	32	0	0	7.5	32	0	0	0	32	0	0	0.216		100.01	97.4592	0.807156	0	8.07079	0.309705	12.6776	1		0	12.0616	46.0945	0	0	0	
2024-06-18 08:20:50	762	1591	9	0	0	7.75	32	0	0	0	32	0	0	6.25	32	0	0	0	32	0	0	1.299		100.007	98	0.15564	0	1.55629	0.129365	14.6677	1		0.0088623	12.0616	46.0945	0	0	0	
2024-06-18 08:25:51	796	1592	1	0	0	4.25	18	0	0	0	18	0	0	3.5	18	0	0	0	18	0	0	0.649		100.018	97.3701	0.324494	0	3.24436	0.11297	15.2887	1		0	12.0439	46.2245	0	0	0	
2024-06-18 08:18:08	744	1593	5	0	0	6	25	0	0	0	25	0	0	2.25	25	0	0	0	25	0	0	3.247		100.018	99.465	0.0642099	0	0.641985	0.0608084	15.1264	1		0.0088623	12.0439	46.2245	0	0	0	
2024-06-18 08:28:15	813	1594	9	0	0	5.25	22	0	0	0	22	0	0	4.5	22	0	0	0	22	0	0	0.649		100.01	95.5962	0.323232	0	3.23199	0.209582	15.2304	1		0	12.0439	46.2245	0	0	0	
2024-06-18 08:13:34	714	1595	9	0	0	4	17	0	0	0	17	0	0	5.75	17	0	0	0	17	0	0	1.515		100.018	100.127	0.130585	0	1.30561	0.0659118	14.3559	1		0	12.0616	46.6143	0	0	0	
2024-06-18 08:12:58	710	1596	9	0	0	4	17	0	0	0	17	0	0	4.5	17	0	0	0	17	0	0	0.433		100.024	101.862	0.497941	0	4.97824	0.303591	15.6396	1		0	12.0616	46.7443	0	0	0	
2024-06-18 08:05:48	663	1597	1	0	0	0	1	0	0	0	1	0	0	2	1	0	0	0	1	0	0	1.732		100.028	96.6446	0.129264	0	1.29228	0.150518	16.2392	1		0	12.0439	50.5127	0	0	0	
2024-06-18 08:10:11	691	1598	9	0	0	2	9	0	0	0	9	0	0	7.5	9	0	0	0	9	0	0	4.762		100.021	103.784	0.0460042	0	0.459944	0.232004	15.8945	1		0	12.0616	47.5239	0	0	0	
2024-06-18 08:09:36	687	1599	5	0	0	2	9	0	0	0	9	0	0	6.25	9	0	0	0	9	0	0	3.68		100.023	104.617	0.0585259	0	0.585123	0.00583744	15.6249	1		0.0088623	12.0439	47.9138	0	0	0	
2024-06-18 08:19:48	755	1600	5	0	0	7	29	0	0	0	29	0	0	5.25	29	0	0	0	29	0	0	1.515		100.017	98.8659	0.130741	0	1.30719	0.203585	14.3733	1		0.0088623	12.0439	46.0945	0	0	0	
2024-06-18 08:19:04	750	1601	9	0	0	7	29	0	0	0	29	0	0	4	29	0	0	0	29	0	0	2.598		100.013	97.1125	0.075975	0	0.759654	0.198934	14.3191	1		0.0088623	12.0616	45.9646	0	0	0	
2024-06-18 08:08:59	683	1602	1	0	0	1	5	0	0	0	5	0	0	3.5	5	0	0	0	5	0	0	2.165		100.027	105.291	0.0849206	0	0.848977	0.109973	13.3357	1		0.0088623	12.0616	48.1737	0	0	0	
2024-06-18 08:18:17	745	1603	1	0	0	6	25	0	0	0	25	0	0	2.5	25	0	0	0	25	0	0	3.031		100.013	99.7288	0.0736107	0	0.736008	0.697249	16.1857	1		0	12.0439	46.2245	0	0	0	
2024-06-18 08:28:06	812	1604	1	0	0	3.75	16	0	0	0	16	0	0	2	16	0	0	0	16	0	0	1.515		100.018	96.7299	0.125845	0	1.25823	0.039632	13.8349	1		0.0088623	11.9198	46.2245	0	0	0	
2024-06-18 08:16:35	734	1605	1	0	0	5	21	0	0	0	21	0	0	2	21	0	0	0	21	0	0	2.598		100.017	100.883	0.0763907	0	0.763779	0.144567	14.3969	1		0	12.0616	46.3544	0	0	0	
2024-06-18 08:10:45	695	1606	5	0	0	2	9	0	0	0	9	0	0	1.75	9	0	0	0	9	0	0	0.216		100.024	103.552	0.705907	0	7.0574	0.257762	11.0857	1		0	12.0616	47.394	0	0	0	
2024-06-18 08:19:04	750	1607	1	0	0	7	29	0	0	0	29	0	0	0	29	0	0	0	29	0	0	6.061		100.013	97.1125	0.0400967	0	0.400916	0.470128	17.6332	1		0.0088623	12.0616	45.9646	0	0	0	
2024-06-18 08:07:05	671	1608	5	0	0	0	1	0	0	0	1	0	0	3	1	0	0	0	1	0	0	2.598		100.03	101.817	0.075525	0	0.755026	0.147019	14.2319	4		0.0088623	12.0439	49.2132	0	0	0	
2024-06-18 08:11:12	698	1609	9	0	0	3	13	0	0	0	13	0	0	7	13	0	0	0	13	0	0	3.464		100.026	104.16	0.0595483	0	0.595327	0.282623	14.9622	1		0	12.0616	47.1341	0	0	0	
2024-06-18 08:17:25	739	1610	5	0	0	6	25	0	0	0	25	0	0	7.75	25	0	0	0	25	0	0	1.515		100.014	97.5609	0.135211	0	1.35192	0.0396337	14.8651	1		0.0088623	12.0616	46.2245	0	0	0	
2024-06-18 08:16:52	736	1611	5	0	0	6	25	0	0	0	25	0	0	6.5	25	0	0	0	25	0	0	0.433		100.013	97.6441	0.502056	0	5.0199	0.142064	15.7705	2		0.0088623	12.0439	46.2245	0	0	0	
2024-06-18 08:21:44	768	1612	5	0	0	7.75	32	0	0	0	32	0	0	0.75	32	0	0	0	32	0	0	6.061		100.009	96.6627	0.0365616	0	0.365585	0.220972	16.0793	1		0.0088623	12.0616	46.0945	0	0	0	
2024-06-18 08:15:25	726	1613	1	0	0	5	21	0	0	0	21	0	0	3.75	21	0	0	0	21	0	0	1.082		100.016	99.7537	0.185567	0	1.85537	0.164898	14.5721	1		0.0088623	12.0439	46.2245	0	0	0	
2024-06-18 08:11:12	698	1614	1	0	0	3	13	0	0	0	13	0	0	0.5	13	0	0	0	13	0	0	2.165		100.026	104.16	0.0867546	0	0.867319	0.103019	13.6238	1		0	12.0616	47.1341	0	0	0	
2024-06-18 08:08:32	680	1615	1	0	0	1	5	0	0	0	5	0	0	1.5	5	0	0	0	5	0	0	0.433		100.035	106.22	0.442577	0	4.42423	0.116174	13.8991	1		0	12.0616	48.4336	0	0	0	
2024-06-18 08:30:01	825	1616	1	0	0	2	9	0	0	5.75	9	0	0	3.25	9	0	0	4.5	9	0	0	0.649		100.027	19.6734	0.171361	0	1.71314	0.593373	13.4549	1		0	12.0439	46.3544	0	0	0	
2024-06-18 08:14:36	721	1617	5	0	0	4	17	0	0	0	17	0	0	1.75	17	0	0	0	17	0	0	1.948		100.02	99.6198	0.0955425	0	0.955235	0.0662599	13.5043	1		0.0088623	12.0616	46.3544	0	0	0	
2024-06-18 08:24:42	788	1618	1	0	0	2.5	11	0	0	0	11	0	0	3.25	11	0	0	0	11	0	0	0.649		100.01	96.2598	0.302689	0	3.02659	0.171076	14.2625	1		0	12.0616	45.8346	0	0	0	
2024-06-18 08:21:17	765	1619	5	0	0	7.75	32	0	0	0	32	0	0	5.5	32	0	0	0	32	0	0	1.948		100.011	97.5645	0.0993479	0	0.993371	0.0499473	14.0435	1		0.0088623	12.0439	46.0945	0	0	0	
2024-06-18 08:20:41	761	1620	5	0	0	7.75	32	0	0	0	32	0	0	4.25	32	0	0	0	32	0	0	3.031		100.009	97.4326	0.0637581	0	0.637525	0.00941619	14.0199	1		0.0088623	12.0439	46.0945	0	0	0	
2024-06-18 08:16:52	736	1621	1	0	0	6	25	0	0	0	25	0	0	1.5	25	0	0	0	25	0	0	3.897		100.013	97.6441	0.0598312	0	0.598233	0.112226	16.9146	2		0.0088623	12.0439	46.2245	0	0	0	
2024-06-18 08:13:16	712	1622	5	0	0	4	17	0	0	0	17	0	0	5	17	0	0	0	17	0	0	0.866		100.018	101.463	0.244238	0	2.44193	0.162694	15.3431	1		0.0088623	12.0616	46.7443	0	0	0	
2024-06-18 08:13:07	711	1623	1	0	0	4	17	0	0	0	17	0	0	3.75	17	0	0	0	17	0	0	0.216		100.019	101.163	0.798991	0	7.98843	0.316866	12.5482	1		0.0088623	12.0616	46.7443	0	0	0	
2024-06-18 08:06:09	665	1624	1	0	0	0	1	0	0	0	1	0	0	1.25	1	0	0	0	1	0	0	1.082		100.028	100.275	0.17872	0	1.7867	0.384702	14.0327	1		0	12.0616	50.2528	0	0	0	
2024-06-18 08:10:02	690	1625	5	0	0	2	9	0	0	0	9	0	0	5.5	9	0	0	0	9	0	0	3.031		100.022	104.549	0.100637	0	1.00615	0.415139	22.1264	1		0.0088623	12.0616	47.6539	0	0	0	
2024-06-18 08:09:26	686	1626	5	0	0	2	9	0	0	0	9	0	0	4.25	9	0	0	0	9	0	0	1.948		100.023	104.919	0.0990317	0	0.990089	0.0616739	13.997	1		0.0088623	12.0616	47.9138	0	0	0	
2024-06-18 08:19:48	755	1627	1	0	0	7	29	0	0	0	29	0	0	3.25	29	0	0	0	29	0	0	3.247		100.017	98.8659	0.0616081	0	0.615978	0.255314	14.5136	1		0.0088623	12.0439	46.0945	0	0	0	
2024-06-18 08:07:57	676	1628	1	0	0	1	5	0	0	0	5	0	0	2.75	5	0	0	0	5	0	0	1.515		100.03	105.715	0.119866	0	1.1983	0.155	13.176	1		0.0088623	12.0616	48.6935	0	0	0	
2024-06-18 08:05:31	662	1629	5	0	0	0	1	0	0	0	1	0	0	7	1	0	0	0	1	0	0	6.061		100.031	92.3082	0.0396816	0	0.396694	0.246263	17.4475	2		0.0088623	11.9375	50.7726	0	0	0	
2024-06-18 08:15:15	725	1630	1	0	0	5	21	0	0	0	21	0	0	1.25	21	0	0	0	21	0	0	3.247		100.015	99.3008	0.0667301	0	0.667201	0.352419	15.7206	1		0	12.0616	46.3544	0	0	0	
2024-06-18 08:10:55	696	1631	1	0	0	2	9	0	0	0	9	0	0	1	9	0	0	0	9	0	0	0.866		100.026	104.294	0.214603	0	2.14547	0.0771415	13.4804	1		0.0088623	12.0616	47.1341	0	0	0	
2024-06-18 08:11:20	699	1632	9	0	0	3	13	0	0	0	13	0	0	7.5	13	0	0	0	13	0	0	3.897		100.017	103.171	0.0530341	0	0.530251	0.387548	14.9925	1		0	12.0616	47.264	0	0	0	
2024-06-18 08:11:20	699	1633	5	0	0	3	13	0	0	0	13	0	0	6.25	13	0	0	0	13	0	0	2.814		100.017	103.171	0.0722292	0	0.72217	0.159312	14.747	1		0	12.0616	47.264	0	0	0	
2024-06-18 08:18:44	748	1634	5	0	0	7	29	0	0	0	29	0	0	7.25	29	0	0	0	29	0	0	0.216		100.008	96.7635	0.718436	0	7.18378	0.327445	11.2842	2		0	12.0616	46.0945	0	0	0	
2024-06-18 08:07:39	674	1635	5	0	0	1	5	0	0	0	5	0	0	6.75	5	0	0	0	5	0	0	4.979		100.028	106.502	0.0498153	0	0.498014	0.290313	17.9924	1		0.0088623	12.0616	48.9533	0	0	0	
2024-06-18 08:17:16	738	1636	9	0	0	6	25	0	0	0	25	0	0	5.75	25	0	0	0	25	0	0	0.216		100.014	97.1063	0.780969	0	7.8086	0.300748	12.2657	1		0.0088623	12.0616	46.0945	0	0	0	
2024-06-18 08:17:42	741	1637	5	0	0	6	25	0	0	0	25	0	0	4.5	25	0	0	0	25	0	0	1.299		100.018	98.2664	0.156289	0	1.56262	0.297621	14.7273	1		0.0088623	12.0439	46.0945	0	0	0	
2024-06-18 08:22:03	770	1638	5	0	0	7.75	32	0	0	0	32	0	0	0	32	0	0	0	32	0	0	6.711		100.009	97.2206	0.0341137	0	0.341107	0.0128316	16.6101	1		0.0088623	12.0439	45.8346	0	0	0	
2024-06-18 08:16:09	731	1639	5	0	0	5	21	0	0	0	21	0	0	3	21	0	0	0	21	0	0	1.732		100.014	99.4349	0.108433	0	1.08418	0.179181	13.6242	1		0.0088623	12.0616	46.0945	0	0	0	
2024-06-18 08:08:41	681	1640	1	0	0	1	5	0	0	0	5	0	0	0.75	5	0	0	0	5	0	0	0.216		100.031	105.491	0.719785	0	7.19564	0.296725	11.3029	1		0.0088623	12.0439	48.1737	0	0	0	
2024-06-18 08:26:34	801	1641	1	0	0	5.75	24	0	0	0	24	0	0	2	24	0	0	0	24	0	0	3.247		100.011	96.0672	0.0658869	0	0.658796	0.074418	15.5225	1		0	12.0616	45.9646	0	0	0	
2024-06-18 08:14:27	720	1642	5	0	0	4	17	0	0	0	17	0	0	1	17	0	0	0	17	0	0	2.598		100.017	100.406	0.073125	0	0.731123	0.0859351	13.7813	1		0.0088623	12.0616	46.4844	0	0	0	
2024-06-18 08:20:50	762	1643	1	0	0	7.75	32	0	0	0	32	0	0	3.5	32	0	0	0	32	0	0	3.68		100.007	98	0.0525004	0	0.524967	0.073388	14.0185	1		0.0088623	12.0616	46.0945	0	0	0	
2024-06-18 08:17:16	738	1644	1	0	0	6	25	0	0	0	25	0	0	0.75	25	0	0	0	25	0	0	4.546		100.014	97.1063	0.0531126	0	0.531052	0.0754035	17.5177	1		0.0088623	12.0616	46.0945	0	0	0	
2024-06-18 08:14:18	719	1645	5	0	0	4	17	0	0	0	17	0	0	3	17	0	0	0	17	0	0	0.866		100.019	100.935	0.232545	0	2.32501	0.0750323	14.6084	1		0	12.0439	46.3544	0	0	0	
2024-06-18 08:06:29	667	1646	1	0	0	0	1	0	0	0	1	0	0	0.5	1	0	0	0	1	0	0	0.433		100.028	101.777	0.44651	0	4.46385	0.205492	14.0236	1		0	12.0616	49.733	0	0	0	
2024-06-18 08:29:07	819	1647	1	0	0	3.5	15	0	0	4.25	15	0	0	2.75	15	0	0	5	15	0	0	0.389		100.025	19.0054	0.31894	0	3.18861	0.198079	15.026	1		0	12.0616	46.0945	0	0	0	
2024-06-18 08:09:53	689	1648	1	0	0	2	9	0	0	0	9	0	0	3.5	9	0	0	0	9	0	0	1.299		100.021	104.676	0.147208	0	1.47178	0.0515923	13.8712	1		0.0088623	12.0616	47.6539	0	0	0	
2024-06-18 08:19:40	754	1649	1	0	0	7	29	0	0	0	29	0	0	2.5	29	0	0	0	29	0	0	3.897		100.013	97.9014	0.0552481	0	0.55241	0.338652	15.619	1		0	12.0439	46.0945	0	0	0	
2024-06-18 08:19:57	756	1650	5	0	0	7	29	0	0	0	29	0	0	2	29	0	0	0	29	0	0	4.33		100.013	99.2985	0.0503897	0	0.503832	0.0224905	15.8283	1		0.0088623	12.0439	46.0945	0	0	0	
2024-06-18 08:06:38	668	1651	5	0	0	0	1	0	0	0	1	0	0	7.5	1	0	0	0	1	0	0	6.494		100.031	102.43	0.0370255	0	0.37014	0.119926	17.4424	1		0.0088623	12.0439	49.733	0	0	0	
2024-06-18 08:06:46	669	1652	5	0	0	0	1	0	0	0	1	0	0	6.25	1	0	0	0	1	0	0	5.412		100.03	103.847	0.0436291	0	0.436159	0.130346	17.1279	1		0.0088623	12.0616	49.4731	0	0	0	
2024-06-18 08:15:34	727	1653	1	0	0	5	21	0	0	0	21	0	0	0.5	21	0	0	0	21	0	0	3.897		100.015	99.747	0.0587551	0	0.587461	0.135915	16.6101	1		0	12.0616	46.2245	0	0	0	
2024-06-18 08:27:25	807	1654	1	0	0	1.25	6	0	0	0	6	0	0	0.5	6	0	0	0	6	0	0	0.649		100.016	97.2985	0.306511	0	3.06462	0.0861684	14.4417	1		0.0088623	12.0616	46.2245	0	0	0	
2024-06-18 08:15:25	726	1655	9	0	0	5	21	0	0	0	21	0	0	7	21	0	0	0	21	0	0	1.732		100.016	99.7537	0.114764	0	1.14746	0.0201477	14.4194	1		0.0088623	12.0439	46.2245	0	0	0	
2024-06-18 08:10:37	694	1656	1	0	0	2	9	0	0	0	9	0	0	0.25	9	0	0	0	9	0	0	1.515		100.02	104.313	0.122393	0	1.22368	0.0537787	13.4551	1		0.0088623	12.0616	47.394	0	0	0	
2024-06-18 08:13:42	715	1657	5	0	0	4	17	0	0	0	17	0	0	7	17	0	0	0	17	0	0	2.598		100.023	101.452	0.076832	0	0.76814	0.198216	14.4791	1		0.0088623	12.0439	46.3544	0	0	0	
2024-06-18 08:11:56	703	1658	9	0	0	3	13	0	0	0	13	0	0	5.5	13	0	0	0	13	0	0	2.165		100.021	103.372	0.091117	0	0.910981	0.111015	14.3097	1		0.0088623	12.0616	47.0042	0	0	0	
2024-06-18 08:12:05	704	1659	5	0	0	3	13	0	0	0	13	0	0	4.25	13	0	0	0	13	0	0	1.082		100.025	103.209	0.181268	0	1.81222	0.141133	14.2332	1		0	12.0439	47.0042	0	0	0	
2024-06-18 08:19:04	750	1660	5	0	0	7	29	0	0	0	29	0	0	7.75	29	0	0	0	29	0	0	0.649		100.013	97.1125	0.336323	0	3.3628	0.381533	15.8468	1		0.0088623	12.0616	45.9646	0	0	0	
2024-06-18 08:19:32	753	1661	5	0	0	7	29	0	0	0	29	0	0	6.5	29	0	0	0	29	0	0	0.433		100.014	97.417	0.477531	0	4.77464	0.405741	15	1		0.0088623	12.0439	45.9646	0	0	0	
2024-06-18 08:08:24	679	1662	5	0	0	1	5	0	0	0	5	0	0	6	5	0	0	0	5	0	0	4.33		100.031	105.781	0.0557165	0	0.556994	0.430062	17.4985	1		0.0088623	12.0616	48.3036	0	0	0	
2024-06-18 08:07:48	675	1663	9	0	0	1	5	0	0	0	5	0	0	4.75	5	0	0	0	5	0	0	3.247		100.03	105.911	0.0669315	0	0.669115	0.179994	15.7656	1		0.0088623	12.0616	48.6935	0	0	0	
2024-06-18 08:25:00	790	1664	9	0	0	4.75	20	0	0	0	20	0	0	5	20	0	0	0	20	0	0	0.216		100.01	95.5014	0.747184	0	7.47107	0.318617	11.7355	1		0	12.0616	46.0945	0	0	0	
2024-06-18 08:17:33	740	1665	9	0	0	6	25	0	0	0	25	0	0	5	25	0	0	0	25	0	0	0.866		100.018	99.1317	0.24236	0	2.42318	0.179901	15.2253	1		0.0088623	12.0616	46.2245	0	0	0	
2024-06-18 08:18:01	743	1666	1	0	0	6	25	0	0	0	25	0	0	3.75	25	0	0	0	25	0	0	1.948		100.014	98.357	0.101443	0	1.01429	0.270702	14.3392	1		0.0088623	12.0439	46.0945	0	0	0	
2024-06-18 08:08:50	682	1667	1	0	0	1	5	0	0	0	5	0	0	0	5	0	0	0	5	0	0	0.866		100.027	105.456	0.229129	0	2.29068	0.119762	14.3928	1		0.0088623	12.0439	48.3036	0	0	0	
2024-06-18 08:23:38	781	1668	9	0	0	0.75	4	0	0	0	4	0	0	7	4	0	0	0	4	0	0	5.412		100.007	96.2295	0.0432893	0	0.432862	0.143681	16.9984	1		0	12.0616	45.9646	0	0	0	
2024-06-18 08:14:08	718	1669	1	0	0	4	17	0	0	0	17	0	0	0.25	17	0	0	0	17	0	0	3.247		100.019	101.441	0.0605222	0	0.605109	0.041168	14.2576	1		0.0088623	12.0616	46.6143	0	0	0	
2024-06-18 08:21:08	764	1670	1	0	0	7.75	32	0	0	0	32	0	0	2.75	32	0	0	0	32	0	0	4.33		100.01	97.4592	0.046865	0	0.468606	0.00203192	14.7217	1		0	12.0616	46.0945	0	0	0	
2024-06-18 08:17:33	740	1671	1	0	0	6	25	0	0	0	25	0	0	0	25	0	0	0	25	0	0	5.195		100.018	99.1317	0.0490232	0	0.490145	0.471104	18.478	1		0.0088623	12.0616	46.2245	0	0	0	
2024-06-18 08:10:45	695	1672	1	0	0	2	9	0	0	0	9	0	0	2.75	9	0	0	0	9	0	0	0.649		100.024	103.552	0.30551	0	3.05437	0.232605	14.3934	1		0	12.0616	47.394	0	0	0	
2024-06-18 08:19:22	752	1673	1	0	0	7	29	0	0	0	29	0	0	1.25	29	0	0	0	29	0	0	4.979		100.015	97.0254	0.0478502	0	0.478433	0.323838	17.285	1		0	12.0616	45.8346	0	0	0	
2024-06-18 08:05:48	663	1674	5	0	0	0	1	0	0	0	1	0	0	5.5	1	0	0	0	1	0	0	4.762		100.028	96.6446	0.059537	0	0.595202	0.429155	20.5687	1		0	12.0439	50.5127	0	0	0	
2024-06-18 08:06:17	666	1675	9	0	0	0	1	0	0	0	1	0	0	4.25	1	0	0	0	1	0	0	3.68		100.029	100.648	0.0565767	0	0.565606	0.00982812	15.1037	2		0.0088623	12.0616	49.9929	0	0	0	
