Time	MeasID	DPID	Channel	A(x)	A(y)	A(z)	A(adr)	B(x)	B(y)	B(z)	B(adr)	M(x)	M(y)	M(z)	M(adr)	N(x)	N(y)	N(z)	N(adr)	F(x)	F(y)	F(z)	Note	I(mA)	Uout(V)	U(V)	SP(V)	R(Ohm)	Var(%)	Rho-a(Ohm-m)	Cycles	IP Delay Window(mV/V)	Pint(V)	Pext(V)	T int(deg C)	T log(deg C)	Latitude	Longitude
2024-06-12 06:33:40	594	1006	1	0	0	7.75	32	0	0	0	32	0	0	2	32	0	0	0	32	0	0	4.979		99.9022	51.8143	0.0423462	0	0.423877	0.292458	15.314	1		0	12.0616	35.0491	0	0	0	
2024-06-12 06:29:06	559	1007	9	0	0	5	21	0	0	0	21	0	0	7.5	21	0	0	0	21	0	0	2.165		99.9016	52.1866	0.102885	0	1.02986	0.177299	16.1771	1		0	12.0616	35.439	0	0	0	
2024-06-12 06:28:25	555	1008	1	0	0	5	21	0	0	0	21	0	0	6.25	21	0	0	0	21	0	0	1.082		99.9045	52.2018	0.266354	0	2.66609	0.0749789	20.9394	2		0	12.0616	35.6989	0	0	0	
2024-06-12 06:25:14	530	1009	1	0	0	3	13	0	0	0	13	0	0	1.75	13	0	0	0	13	0	0	1.082		99.9126	51.866	0.198536	0	1.98709	0.3962	15.6066	2		0	12.0616	36.4785	0	0	0	
2024-06-12 06:33:40	594	1010	5	0	0	7.75	32	0	0	0	32	0	0	6.75	32	0	0	0	32	0	0	0.866		99.9022	51.8143	0.281578	0	2.81854	0.390008	17.7094	1		0	12.0616	35.0491	0	0	0	
2024-06-12 06:40:09	642	1011	1	0	0	3.25	14	0	0	0	14	0	0	2.5	14	0	0	0	14	0	0	0.649		99.9	51.1945	0.367418	0	3.67786	0.373286	17.3315	2		0	12.0616	35.0491	0	0	0	
2024-06-12 06:27:08	545	1012	5	0	0	4	17	0	0	0	17	0	0	7.5	17	0	0	0	17	0	0	3.031		99.9045	51.2954	0.0637237	0	0.637847	0.0614779	14.027	1		0	12.0616	35.9588	0	0	0	
2024-06-12 06:27:16	546	1013	5	0	0	4	17	0	0	0	17	0	0	6.25	17	0	0	0	17	0	0	1.948		99.9022	51.3433	0.100569	0	1.00668	0.13724	14.2315	1		0	12.0705	35.8288	0	0	0	
2024-06-12 06:26:25	539	1014	5	0	0	3	13	0	0	0	13	0	0	3.5	13	0	0	0	13	0	0	0.433		99.9088	51.991	0.582178	0	5.8271	0.410802	18.3064	1		0	12.0705	35.9588	0	0	0	
2024-06-12 06:24:10	522	1015	5	0	0	2	9	0	0	0	9	0	0	6.75	9	0	0	0	9	0	0	4.113		99.9149	51.5079	0.0512523	0	0.512959	0.772971	15.3093	1		0	12.0616	36.8684	0	0	0	
2024-06-12 06:32:31	585	1016	9	0	0	7	29	0	0	0	29	0	0	5.75	29	0	0	0	29	0	0	1.082		99.9015	51.3555	0.240487	0	2.40724	0.344702	18.9064	1		0	12.0616	35.1791	0	0	0	
2024-06-12 06:32:06	582	1017	5	0	0	7	29	0	0	0	29	0	0	4.5	29	0	0	0	29	0	0	2.165		99.9045	51.3401	0.0948649	0	0.949556	0.172754	14.9156	1		0	12.0616	35.1791	0	0	0	
2024-06-12 06:22:04	506	1018	5	0	0	1	5	0	0	0	5	0	0	5.25	5	0	0	0	5	0	0	3.68		99.9144	51.8214	0.065611	0	0.656672	0.0504145	17.5355	1		0	12.0616	38.4277	0	0	0	
2024-06-12 06:22:49	512	1019	5	0	0	1	5	0	0	0	5	0	0	4	5	0	0	0	5	0	0	2.598		99.9125	51.5537	0.079921	0	0.79991	0.352045	15.078	1		0	12.0616	37.908	0	0	0	
2024-06-12 06:38:29	630	1020	1	0	0	4.75	20	0	0	0	20	0	0	3	20	0	0	0	20	0	0	1.515		99.9	51.2995	0.135098	0	1.35233	0.704818	14.8697	1		0	12.0616	35.0491	0	0	0	
2024-06-12 06:31:19	576	1021	5	0	0	6	25	0	0	0	25	0	0	3	25	0	0	0	25	0	0	2.598		99.8999	51.6803	0.0772496	0	0.77327	0.0286751	14.5758	1		0	12.0705	35.1791	0	0	0	
2024-06-12 06:24:42	526	1022	1	0	0	2	9	0	0	0	9	0	0	2.25	9	0	0	0	9	0	0	0.216		99.9139	51.3804	0.999363	0	10.0022	0.370374	15.7115	1		0	12.0705	36.7384	0	0	0	
2024-06-12 06:32:53	588	1023	5	0	0	7	29	0	0	0	29	0	0	0.5	29	0	0	0	29	0	0	5.628		99.8982	51.4138	0.0414934	0	0.415357	0.31908	16.9635	1		0	12.0616	35.0491	0	0	0	
2024-06-12 06:21:19	500	1024	1	0	0	0	1	0	0	0	1	0	0	3.5	1	0	0	0	1	0	0	3.031		99.9201	52.2607	0.078684	0	0.78747	0.270342	17.3174	2		0	12.0705	39.0775	0	0	0	
2024-06-12 06:40:02	641	1025	1	0	0	1.75	8	0	0	0	8	0	0	0	8	0	0	0	8	0	0	1.515		99.8979	51.1928	0.131815	0	1.3195	0.642901	14.5087	1		0	12.0616	35.0491	0	0	0	
2024-06-12 06:30:46	572	1026	9	0	0	6	25	0	0	0	25	0	0	7	25	0	0	0	25	0	0	0.866		99.8989	51.5391	0.293299	0	2.93596	0.0731711	18.4472	2		0	12.0616	35.309	0	0	0	
2024-06-12 06:39:13	635	1027	1	0	0	6.5	27	0	0	0	27	0	0	1.25	27	0	0	0	27	0	0	4.546		99.9	51.184	0.060767	0	0.608278	0.113204	20.0651	2		0	12.0616	35.0491	0	0	0	
2024-06-12 06:33:33	593	1028	1	0	0	7.75	32	0	0	0	32	0	0	1.25	32	0	0	0	32	0	0	5.628		99.8953	51.7967	0.0390834	0	0.391243	0.112107	15.9787	1		0	12.0616	35.0491	0	0	0	
2024-06-12 06:28:56	558	1029	5	0	0	5	21	0	0	0	21	0	0	5.5	21	0	0	0	21	0	0	0.433		99.8968	52.1154	0.928064	0	9.29023	0.146521	29.1861	2		0	12.0705	35.5689	0	0	0	
2024-06-12 06:28:14	554	1030	9	0	0	5	21	0	0	0	21	0	0	4.25	21	0	0	0	21	0	0	0.649		99.9031	52.2519	0.411685	0	4.12085	0.495436	19.419	2		0	12.0705	35.5689	0	0	0	
2024-06-12 06:25:31	532	1031	1	0	0	3	13	0	0	0	13	0	0	1	13	0	0	0	13	0	0	1.732		99.912	51.9658	0.116737	0	1.1684	0.452962	14.6826	1		0	12.0616	36.4785	0	0	0	
2024-06-12 06:22:39	511	1032	1	0	0	1	5	0	0	0	5	0	0	2	5	0	0	0	5	0	0	0.866		99.9153	51.5255	0.257491	0	2.5771	0.00509576	16.1924	2		0	12.0616	38.0379	0	0	0	
2024-06-12 06:35:38	610	1033	9	0	0	1.75	8	0	0	0	8	0	0	6	8	0	0	0	8	0	0	3.68		99.8995	51.3542	0.0615112	0	0.615731	0.201776	16.4422	1		0	12.0616	35.0491	0	0	0	
2024-06-12 06:28:07	553	1034	1	0	0	4	17	0	0	0	17	0	0	2.25	17	0	0	0	17	0	0	1.515		99.9068	51.3104	0.12883	0	1.28951	0.0257714	14.1788	1		0	12.0616	35.6989	0	0	0	
2024-06-12 06:34:02	597	1035	5	0	0	7.75	32	0	0	0	32	0	0	6	32	0	0	0	32	0	0	1.515		99.8994	51.8091	0.156047	0	1.56204	0.23126	17.1755	1		0	12.0616	35.0491	0	0	0	
2024-06-12 06:33:55	596	1036	9	0	0	7.75	32	0	0	0	32	0	0	4.75	32	0	0	0	32	0	0	2.598		99.9009	51.8341	0.0852607	0	0.853452	0.161632	16.0872	1		0	12.0616	35.0491	0	0	0	
2024-06-12 06:31:40	579	1037	1	0	0	6	25	0	0	0	25	0	0	2	25	0	0	0	25	0	0	3.464		99.8977	51.5903	0.062911	0	0.629754	0.162789	15.8274	1		0	12.0616	35.1791	0	0	0	
2024-06-12 06:27:01	544	1038	5	0	0	4	17	0	0	0	17	0	0	5.5	17	0	0	0	17	0	0	1.299		99.9055	51.3258	0.185441	0	1.85616	0.288121	17.4939	1		0	12.0616	35.9588	0	0	0	
2024-06-12 06:27:01	544	1039	9	0	0	4	17	0	0	0	17	0	0	4.25	17	0	0	0	17	0	0	0.216		99.9055	51.3258	0.875062	0	8.7589	0.458491	13.7584	1		0	12.0616	35.9588	0	0	0	
2024-06-12 06:20:27	494	1040	1	0	0	0	1	0	0	0	1	0	0	1.75	1	0	0	0	1	0	0	1.515		99.9143	53.1818	0.130573	0	1.30685	0.149814	14.3695	2		0	12.0793	39.9871	0	0	0	
2024-06-12 06:41:15	650	1041	1	0	0	3.75	16	0	0	4	16	0	0	3.5	16	0	0	4.25	16	0	0	0.13		99.9035	19.1027	0.736357	0	7.37068	0.239045	11.5778	1		0	12.0705	34.7893	0	0	0	
2024-06-12 06:25:53	535	1042	1	0	0	3	13	0	0	0	13	0	0	2.75	13	0	0	0	13	0	0	0.216		99.9131	52.0337	1.01305	0	10.1393	0.652022	15.9268	1		0	12.0616	36.3486	0	0	0	
2024-06-12 06:24:03	521	1043	5	0	0	2	9	0	0	0	9	0	0	6	9	0	0	0	9	0	0	3.464		99.9185	51.458	0.0675069	0	0.67562	0.14776	16.9802	1		0	12.0705	37.1283	0	0	0	
2024-06-12 06:24:31	525	1044	5	0	0	2	9	0	0	0	9	0	0	4.75	9	0	0	0	9	0	0	2.381		99.9154	51.3381	0.0901509	0	0.902273	0.0113049	15.5902	2		0	12.0616	36.8684	0	0	0	
2024-06-12 06:32:24	584	1045	9	0	0	7	29	0	0	0	29	0	0	5	29	0	0	0	29	0	0	1.732		99.8999	51.3204	0.135224	0	1.35359	0.273871	17.0098	1		0	12.0616	35.1791	0	0	0	
2024-06-12 06:31:55	581	1046	1	0	0	7	29	0	0	0	29	0	0	3.75	29	0	0	0	29	0	0	2.814		99.9023	51.312	0.0697316	0	0.697998	0.0618431	14.2534	2		0	12.0616	35.1791	0	0	0	
2024-06-12 06:22:49	512	1047	1	0	0	1	5	0	0	0	5	0	0	3.25	5	0	0	0	5	0	0	1.948		99.9125	51.5537	0.103681	0	1.03772	0.0456124	14.6704	1		0	12.0616	37.908	0	0	0	
2024-06-12 06:35:14	607	1048	9	0	0	2.75	12	0	0	0	12	0	0	5	12	0	0	0	12	0	0	1.948		99.8982	51.0457	0.106351	0	1.06459	0.919272	15.0503	1		0	12.0616	35.0491	0	0	0	
2024-06-12 06:29:57	566	1049	1	0	0	5	21	0	0	0	21	0	0	1.75	21	0	0	0	21	0	0	2.814		99.8967	52.2884	0.0738902	0	0.739665	0.33955	15.1042	1		0	12.0616	35.439	0	0	0	
2024-06-12 06:24:03	521	1050	1	0	0	2	9	0	0	0	9	0	0	1.5	9	0	0	0	9	0	0	0.433		99.9185	51.458	0.552069	0	5.52519	0.492662	17.3579	1		0	12.0705	37.1283	0	0	0	
2024-06-12 06:21:12	499	1051	1	0	0	0	1	0	0	0	1	0	0	2.75	1	0	0	0	1	0	0	2.381		99.9187	52.4528	0.118572	0	1.18669	0.439445	20.5045	1		0	12.0616	39.2074	0	0	0	
2024-06-12 06:35:07	606	1052	9	0	0	3.25	14	0	0	0	14	0	0	4.5	14	0	0	0	14	0	0	1.082		99.8981	51.4216	0.199654	0	1.99857	0.611343	15.6968	1		0	11.9641	35.0491	0	0	0	
2024-06-12 06:25:24	531	1053	5	0	0	3	13	0	0	0	13	0	0	6.75	13	0	0	0	13	0	0	3.247		99.9115	51.9005	0.063836	0	0.638925	0.168618	15.0543	1		0	12.0616	36.4785	0	0	0	
2024-06-12 06:22:39	511	1054	9	0	0	1	5	0	0	0	5	0	0	7.25	5	0	0	0	5	0	0	5.412		99.9153	51.5255	0.0658698	0	0.659257	0.414908	25.889	2		0	12.0616	38.0379	0	0	0	
2024-06-12 06:31:04	574	1055	5	0	0	6	25	0	0	0	25	0	0	7.5	25	0	0	0	25	0	0	1.299		99.8988	51.7091	0.178409	0	1.7859	0.441101	16.8317	1		0	12.0616	35.1791	0	0	0	
2024-06-12 06:30:32	570	1056	5	0	0	6	25	0	0	0	25	0	0	6.25	25	0	0	0	25	0	0	0.216		99.9001	51.6163	1.08844	0	10.8953	0.997347	17.1143	1		0	12.0616	35.309	0	0	0	
2024-06-12 06:34:09	598	1057	1	0	0	7.75	32	0	0	0	32	0	0	0.5	32	0	0	0	32	0	0	6.278		99.9	51.8435	0.0367582	0	0.36795	0.138742	16.7613	1		0	12.0616	35.0491	0	0	0	
2024-06-12 06:29:06	559	1058	1	0	0	5	21	0	0	0	21	0	0	3.5	21	0	0	0	21	0	0	1.299		99.9016	52.1866	0.159118	0	1.59275	0.481552	15.0113	1		0	12.0616	35.439	0	0	0	
2024-06-12 06:25:46	534	1059	1	0	0	3	13	0	0	0	13	0	0	0.25	13	0	0	0	13	0	0	2.381		99.91	52.0558	0.0812898	0	0.81363	0.0821935	14.0585	1		0	12.0616	36.3486	0	0	0	
2024-06-12 06:22:57	513	1060	1	0	0	1	5	0	0	0	5	0	0	1.25	5	0	0	0	5	0	0	0.216		99.9122	51.446	0.98025	0	9.81111	0.0611955	15.4113	2		0	12.0616	37.778	0	0	0	
2024-06-12 06:27:23	547	1061	1	0	0	4	17	0	0	0	17	0	0	1.5	17	0	0	0	17	0	0	2.165		99.9077	51.352	0.0874479	0	0.875287	0.193794	13.749	1		0	12.0616	35.6989	0	0	0	
2024-06-12 06:35:45	611	1062	9	0	0	1.5	7	0	0	0	7	0	0	6.25	7	0	0	0	7	0	0	4.113		99.9011	50.5898	0.052198	0	0.522497	0.911344	15.594	2		0	11.973	35.0491	0	0	0	
2024-06-12 06:33:33	593	1063	9	0	0	7.75	32	0	0	0	32	0	0	5.25	32	0	0	0	32	0	0	2.165		99.8953	51.7967	0.108934	0	1.09049	0.00533101	17.1293	1		0	12.0616	35.0491	0	0	0	
2024-06-12 06:34:09	598	1064	9	0	0	7.75	32	0	0	0	32	0	0	4	32	0	0	0	32	0	0	3.247		99.9	51.8435	0.0615962	0	0.616578	0.029879	14.5278	1		0	12.0616	35.0491	0	0	0	
2024-06-12 06:31:26	577	1065	1	0	0	6	25	0	0	0	25	0	0	1.25	25	0	0	0	25	0	0	4.113		99.8987	51.6205	0.0582623	0	0.583214	0.526571	17.4061	1		0	12.0616	35.1791	0	0	0	
2024-06-12 06:26:46	542	1066	1	0	0	4	17	0	0	0	17	0	0	3.5	17	0	0	0	17	0	0	0.433		99.9064	51.4895	0.519162	0	5.19648	0.719065	16.3252	1		0	12.0616	35.9588	0	0	0	
2024-06-12 06:20:49	496	1067	1	0	0	0	1	0	0	0	1	0	0	1	1	0	0	0	1	0	0	0.866		99.9176	52.7604	0.252892	0	2.531	0.959949	15.9028	1		0	12.0705	39.7272	0	0	0	
2024-06-12 06:24:24	524	1068	5	0	0	2	9	0	0	0	9	0	0	5.25	9	0	0	0	9	0	0	2.814		99.9107	51.5	0.0814928	0	0.815656	0.214553	16.656	1		0	12.0705	36.8684	0	0	0	
2024-06-12 06:24:10	522	1069	9	0	0	2	9	0	0	0	9	0	0	4	9	0	0	0	9	0	0	1.732		99.9149	51.5079	0.118467	0	1.18568	0.315479	14.8997	1		0	12.0616	36.8684	0	0	0	
2024-06-12 06:40:20	643	1070	1	0	0	3.5	15	0	0	0	15	0	0	2.25	15	0	0	0	15	0	0	1.082		99.899	50.5419	0.202101	0	2.02305	0.651055	15.889	1		0	12.0616	35.0491	0	0	0	
2024-06-12 06:32:45	587	1071	1	0	0	7	29	0	0	0	29	0	0	3	29	0	0	0	29	0	0	3.464		99.8988	51.3736	0.0573657	0	0.574238	0.212272	14.4322	1		0	12.0616	35.0491	0	0	0	
2024-06-12 06:22:11	507	1072	1	0	0	1	5	0	0	0	5	0	0	2.5	5	0	0	0	5	0	0	1.299		99.9134	51.7526	0.16975	0	1.69897	0.568512	16.0124	1		0	12.0616	38.2978	0	0	0	
2024-06-12 06:20:42	495	1073	5	0	0	0	1	0	0	0	1	0	0	6.75	1	0	0	0	1	0	0	5.845		99.9159	52.8762	0.0371444	0	0.371756	0.518644	15.7667	1		0	12.0616	39.8571	0	0	0	
2024-06-12 06:36:55	619	1074	1	0	0	2.75	12	0	0	0	12	0	0	3	12	0	0	0	12	0	0	0.216		99.9028	50.7199	1.03078	0	10.3178	0.24933	16.2072	2		0	12.0616	34.9192	0	0	0	
2024-06-12 06:29:43	564	1075	1	0	0	5	21	0	0	0	21	0	0	1	21	0	0	0	21	0	0	3.464		99.9	52.2714	0.06111	0	0.611712	0.718327	15.374	1		0	12.0616	35.439	0	0	0	
2024-06-12 06:42:37	659	1076	1	0	0	0.5	3	0	0	7.25	3	0	0	2.75	3	0	0	5	3	0	0	1.168		99.9028	20.9754	0.0975944	0	0.976894	0.260192	13.8105	2		0	12.0616	35.0491	0	0	0	
2024-06-12 06:37:47	625	1077	9	0	0	6.75	28	0	0	0	28	0	0	7	28	0	0	0	28	0	0	0.216		99.9035	51.0525	1.0174	0	10.1838	0.241435	15.9967	2		0	12.0616	34.9192	0	0	0	
2024-06-12 06:24:17	523	1078	1	0	0	2	9	0	0	0	9	0	0	0.75	9	0	0	0	9	0	0	1.082		99.9136	51.4647	0.199281	0	1.99454	0.400051	15.6651	1		0	12.0616	36.9983	0	0	0	
2024-06-12 06:25:46	534	1079	9	0	0	3	13	0	0	0	13	0	0	6	13	0	0	0	13	0	0	2.598		99.91	52.0558	0.0821518	0	0.822258	0.0083861	15.4992	1		0	12.0616	36.3486	0	0	0	
2024-06-12 06:25:14	530	1080	5	0	0	3	13	0	0	0	13	0	0	4.75	13	0	0	0	13	0	0	1.515		99.9126	51.866	0.142157	0	1.42281	0.0464905	15.6446	2		0	12.0616	36.4785	0	0	0	
2024-06-12 06:22:39	511	1081	5	0	0	1	5	0	0	0	5	0	0	7.75	5	0	0	0	5	0	0	5.845		99.9153	51.5255	0.0377249	0	0.377569	0.247962	16.0133	2		0	12.0616	38.0379	0	0	0	
2024-06-12 06:22:57	513	1082	9	0	0	1	5	0	0	0	5	0	0	6.5	5	0	0	0	5	0	0	4.762		99.9122	51.446	0.0527746	0	0.52821	0.192347	18.2536	2		0	12.0616	37.778	0	0	0	
2024-06-12 06:30:56	573	1083	9	0	0	6	25	0	0	0	25	0	0	5.5	25	0	0	0	25	0	0	0.433		99.8965	51.7705	0.833582	0	8.34445	0.504145	26.2149	1		0	12.0616	35.1791	0	0	0	
2024-06-12 06:30:04	567	1084	5	0	0	6	25	0	0	0	25	0	0	4.25	25	0	0	0	25	0	0	1.515		99.8976	51.6105	0.140896	0	1.4104	0.480734	15.5082	2		0	12.0616	35.309	0	0	0	
2024-06-12 06:29:35	563	1085	1	0	0	5	21	0	0	0	21	0	0	2.75	21	0	0	0	21	0	0	1.948		99.8976	52.244	0.100155	0	1.00258	0.45101	14.1736	1		0	12.0616	35.439	0	0	0	
2024-06-12 06:23:14	515	1086	1	0	0	1	5	0	0	0	5	0	0	0.5	5	0	0	0	5	0	0	0.433		99.9084	51.5994	0.592772	0	5.93315	0.435861	18.6395	1		0	12.0705	37.5181	0	0	0	
2024-06-12 06:27:01	544	1087	1	0	0	4	17	0	0	0	17	0	0	0.75	17	0	0	0	17	0	0	2.814		99.9055	51.3258	0.0719524	0	0.720204	0.133972	14.7068	1		0	12.0616	35.9588	0	0	0	
2024-06-12 06:34:45	603	1088	1	0	0	7.75	32	0	0	0	32	0	0	3.25	32	0	0	0	32	0	0	3.897		99.9028	51.7911	0.0519961	0	0.520467	0.0121222	14.7159	1		0	11.973	35.0491	0	0	0	
2024-06-12 06:41:51	654	1089	1	0	0	2.75	12	0	0	5	12	0	0	0.5	12	0	0	7.25	12	0	0	1.168		99.9047	20.8128	0.100011	0	1.00106	0.160819	14.1522	2		0	12.0616	35.0491	0	0	0	
2024-06-12 06:35:55	612	1090	9	0	0	1.25	6	0	0	0	6	0	0	6.5	6	0	0	0	6	0	0	4.546		99.9027	51.219	0.0507453	0	0.507947	0.347004	16.7555	1		0	12.0616	35.0491	0	0	0	
2024-06-12 06:31:11	575	1091	1	0	0	6	25	0	0	0	25	0	0	0.5	25	0	0	0	25	0	0	4.762		99.8984	51.6827	0.0573601	0	0.574185	0.459224	19.8424	1		0	12.0705	35.1791	0	0	0	
2024-06-12 06:27:08	545	1092	1	0	0	4	17	0	0	0	17	0	0	2.75	17	0	0	0	17	0	0	1.082		99.9045	51.2954	0.191564	0	1.91747	0.157687	15.0598	1		0	12.0616	35.9588	0	0	0	
2024-06-12 06:21:04	498	1093	1	0	0	0	1	0	0	0	1	0	0	0.25	1	0	0	0	1	0	0	0.216		99.9158	52.5618	0.951427	0	9.52228	0.832407	14.9576	1		0	12.0705	39.3374	0	0	0	
2024-06-12 06:24:50	527	1094	5	0	0	2	9	0	0	0	9	0	0	3.25	9	0	0	0	9	0	0	1.082		99.9121	51.4022	0.203028	0	2.03207	0.251032	15.9598	1		0	12.0705	36.7384	0	0	0	
2024-06-12 06:33:07	590	1095	5	0	0	7	29	0	0	0	29	0	0	1.75	29	0	0	0	29	0	0	4.546		99.899	51.4335	0.047975	0	0.480235	0.115461	15.8414	1		0	12.0705	35.0491	0	0	0	
2024-06-12 06:21:19	500	1096	5	0	0	0	1	0	0	0	1	0	0	6	1	0	0	0	1	0	0	5.195		99.9201	52.2607	0.0498701	0	0.4991	0.0815348	18.8156	2		0	12.0705	39.0775	0	0	0	
2024-06-12 06:21:29	501	1097	5	0	0	0	1	0	0	0	1	0	0	4.75	1	0	0	0	1	0	0	4.113		99.9118	52.2242	0.053672	0	0.537194	0.14194	16.0326	1		0	12.0616	38.8176	0	0	0	
2024-06-12 06:39:31	637	1098	1	0	0	7.25	30	0	0	0	30	0	0	0.5	30	0	0	0	30	0	0	5.845		99.9008	51.2547	0.0564259	0	0.56482	0.555174	23.9549	1		0	12.0616	35.0491	0	0	0	
2024-06-12 06:29:28	562	1099	1	0	0	5	21	0	0	0	21	0	0	0.25	21	0	0	0	21	0	0	4.113		99.9008	52.3102	0.0470899	0	0.471366	0.048875	14.068	1		0	12.0705	35.439	0	0	0	
2024-06-12 06:29:21	561	1100	5	0	0	5	21	0	0	0	21	0	0	6.75	21	0	0	0	21	0	0	1.515		99.8955	52.2573	0.162177	0	1.62347	0.0119528	17.851	1		0	12.0616	35.439	0	0	0	
2024-06-12 06:26:39	541	1101	5	0	0	3	13	0	0	0	13	0	0	2.25	13	0	0	0	13	0	0	0.649		99.9057	51.965	0.380038	0	3.80397	0.344596	17.9258	1		0	12.0705	35.9588	0	0	0	
2024-06-12 06:24:57	528	1102	5	0	0	2	9	0	0	0	9	0	0	0	9	0	0	0	9	0	0	1.732		99.9149	51.2653	0.140688	0	1.40807	0.033738	17.6944	2		0	12.0616	36.7384	0	0	0	
2024-06-12 06:37:57	626	1103	9	0	0	6.5	27	0	0	0	27	0	0	7.25	27	0	0	0	27	0	0	0.649		99.9031	51.1872	0.421086	0	4.21494	0.297399	19.8624	2		0	11.973	34.9192	0	0	0	
2024-06-12 06:34:02	597	1104	9	0	0	7.75	32	0	0	0	32	0	0	7.25	32	0	0	0	32	0	0	0.433		99.8994	51.8091	0.573528	0	5.74106	0.888106	18.0361	1		0	12.0616	35.0491	0	0	0	
2024-06-12 06:39:38	638	1105	1	0	0	7.5	31	0	0	0	31	0	0	0.25	31	0	0	0	31	0	0	6.278		99.8999	51.49	0.036965	0	0.370021	0.0481251	16.8556	1		0	12.0616	35.0491	0	0	0	
2024-06-12 06:36:27	616	1106	1	0	0	0.75	4	0	0	0	4	0	0	1	4	0	0	0	4	0	0	0.216		99.9071	51.7649	1.07539	0	10.7639	0.553191	16.9079	1		0	12.0616	35.0491	0	0	0	
2024-06-12 06:38:46	632	1107	1	0	0	5.5	23	0	0	0	23	0	0	2.25	23	0	0	0	23	0	0	2.814		99.9004	51.4434	0.111295	0	1.11406	0.464519	22.7494	2		0	12.0616	35.0491	0	0	0	
2024-06-12 06:26:53	543	1108	5	0	0	4	17	0	0	0	17	0	0	6.75	17	0	0	0	17	0	0	2.381		99.9031	51.3724	0.0791803	0	0.792571	0.413665	13.6946	1		0	12.0616	35.9588	0	0	0	
2024-06-12 06:25:24	531	1109	1	0	0	3	13	0	0	0	13	0	0	5.25	13	0	0	0	13	0	0	1.948		99.9115	51.9005	0.109533	0	1.0963	0.279863	15.4985	1		0	12.0616	36.4785	0	0	0	
2024-06-12 06:25:14	530	1110	9	0	0	3	13	0	0	0	13	0	0	4	13	0	0	0	13	0	0	0.866		99.9126	51.866	0.257834	0	2.5806	0.0178148	16.2144	2		0	12.0616	36.4785	0	0	0	
2024-06-12 06:24:31	525	1111	9	0	0	2	9	0	0	0	9	0	0	7.25	9	0	0	0	9	0	0	4.546		99.9154	51.3381	0.0555585	0	0.556055	0.110904	18.3424	2		0	12.0616	36.8684	0	0	0	
2024-06-12 06:32:13	583	1112	5	0	0	7	29	0	0	0	29	0	0	7.5	29	0	0	0	29	0	0	0.433		99.8984	51.249	0.578364	0	5.78952	0.0909411	18.1883	2		0	12.0616	35.1791	0	0	0	
2024-06-12 06:31:55	581	1113	5	0	0	7	29	0	0	0	29	0	0	6.25	29	0	0	0	29	0	0	0.649		99.9023	51.312	0.40017	0	4.00562	0.283058	18.876	2		0	12.0616	35.1791	0	0	0	
2024-06-12 06:22:04	506	1114	9	0	0	1	5	0	0	0	5	0	0	5.75	5	0	0	0	5	0	0	4.113		99.9144	51.8214	0.0528454	0	0.528907	0.345862	15.7853	1		0	12.0616	38.4277	0	0	0	
2024-06-12 06:22:32	510	1115	9	0	0	1	5	0	0	0	5	0	0	4.5	5	0	0	0	5	0	0	3.031		99.917	51.6741	0.0692594	0	0.69317	0.15811	15.2436	1		0	12.0616	38.0379	0	0	0	
2024-06-12 06:30:46	572	1116	1	0	0	6	25	0	0	0	25	0	0	3.5	25	0	0	0	25	0	0	2.165		99.8989	51.5391	0.0874072	0	0.874957	0.0630608	13.7438	2		0	12.0616	35.309	0	0	0	
2024-06-12 06:27:30	548	1117	1	0	0	4	17	0	0	0	17	0	0	0	17	0	0	0	17	0	0	3.464		99.908	51.3287	0.0611985	0	0.612548	0.209217	15.395	1		0	12.0616	35.8288	0	0	0	
2024-06-12 06:34:31	601	1118	1	0	0	7.75	32	0	0	0	32	0	0	2.5	32	0	0	0	32	0	0	4.546		99.9005	51.7947	0.0486734	0	0.487219	0.693315	16.0717	1		0	12.0616	35.0491	0	0	0	
2024-06-12 06:23:46	519	1119	1	0	0	2	9	0	0	0	9	0	0	2.5	9	0	0	0	9	0	0	0.433		99.9124	51.3072	0.571738	0	5.72239	0.0609596	17.9774	2		0	12.0616	37.2582	0	0	0	
2024-06-12 06:32:06	582	1120	1	0	0	7	29	0	0	0	29	0	0	1	29	0	0	0	29	0	0	5.195		99.9045	51.3401	0.0421843	0	0.422247	0.439803	15.9183	1		0	12.0616	35.1791	0	0	0	
2024-06-12 06:21:29	501	1121	9	0	0	0	1	0	0	0	1	0	0	5.25	1	0	0	0	1	0	0	4.546		99.9118	52.2242	0.050396	0	0.504405	0.0497682	16.6387	1		0	12.0616	38.8176	0	0	0	
2024-06-12 06:21:04	498	1122	9	0	0	0	1	0	0	0	1	0	0	4	1	0	0	0	1	0	0	3.464		99.9158	52.5618	0.0656513	0	0.657066	0.0289919	16.5139	1		0	12.0705	39.3374	0	0	0	
2024-06-12 06:34:23	600	1123	5	0	0	7.75	32	0	0	0	32	0	0	1.75	32	0	0	0	32	0	0	5.195		99.9001	51.7802	0.0421725	0	0.422147	0.0995659	15.9146	1		0	11.9641	35.0491	0	0	0	
2024-06-12 06:29:13	560	1124	9	0	0	5	21	0	0	0	21	0	0	6	21	0	0	0	21	0	0	0.866		99.8987	52.2226	0.380357	0	3.80742	0.772603	23.9227	1		0	12.0616	35.439	0	0	0	
2024-06-12 06:28:35	556	1125	5	0	0	5	21	0	0	0	21	0	0	4.75	21	0	0	0	21	0	0	0.216		99.9018	52.1188	1.2106	0	12.1179	0.0759768	19.0347	2		0	11.9641	35.5689	0	0	0	
2024-06-12 06:26:39	541	1126	1	0	0	3	13	0	0	0	13	0	0	1.5	13	0	0	0	13	0	0	1.299		99.9057	51.965	0.158311	0	1.5846	0.180902	14.9345	1		0	12.0705	35.9588	0	0	0	
2024-06-12 06:33:23	592	1127	5	0	0	7.75	32	0	0	0	32	0	0	6.5	32	0	0	0	32	0	0	1.082		99.9013	51.7953	0.217981	0	2.18196	0.522128	17.1371	2		0	12.0616	35.0491	0	0	0	
2024-06-12 06:35:31	609	1128	9	0	0	2.25	10	0	0	0	10	0	0	5.5	10	0	0	0	10	0	0	2.814		99.8987	51.4535	0.0909783	0	0.910705	0.873543	18.5969	1		0	12.0705	34.9192	0	0	0	
2024-06-12 06:41:40	653	1129	1	0	0	3	13	0	0	4.75	13	0	0	1.25	13	0	0	6.5	13	0	0	0.908		99.9026	20.9358	0.0815789	0	0.816585	0.238383	8.97882	2		0	12.0616	35.0491	0	0	0	
2024-06-12 06:27:16	546	1130	9	0	0	4	17	0	0	0	17	0	0	6	17	0	0	0	17	0	0	1.732		99.9022	51.3433	0.117574	0	1.17689	0.141209	14.7893	1		0	12.0705	35.8288	0	0	0	
2024-06-12 06:27:38	549	1131	5	0	0	4	17	0	0	0	17	0	0	4.75	17	0	0	0	17	0	0	0.649		99.9084	51.3183	0.372677	0	3.73019	0.178642	17.5781	1		0	12.0616	35.8288	0	0	0	
2024-06-12 06:21:57	505	1132	1	0	0	0	1	0	0	0	1	0	0	2.25	1	0	0	0	1	0	0	1.948		99.9199	52.1117	0.117881	0	1.17976	0.391638	16.6784	1		0	12.0616	38.4277	0	0	0	
2024-06-12 06:41:30	652	1133	1	0	0	3.25	14	0	0	4.5	14	0	0	2	14	0	0	5.75	14	0	0	0.649		99.9033	20.6414	0.257828	0	2.58078	0.129702	20.2694	2		0	12.0616	35.0491	0	0	0	
2024-06-12 06:25:39	533	1134	1	0	0	3	13	0	0	0	13	0	0	3.25	13	0	0	0	13	0	0	0.216		99.9093	52.0439	1.01494	0	10.1586	0.676248	15.957	1		0	12.0616	36.4785	0	0	0	
2024-06-12 06:24:03	521	1135	9	0	0	2	9	0	0	0	9	0	0	7.75	9	0	0	0	9	0	0	4.979		99.9185	51.458	0.0426109	0	0.426457	0.0455555	15.4072	1		0	12.0705	37.1283	0	0	0	
2024-06-12 06:24:17	523	1136	9	0	0	2	9	0	0	0	9	0	0	6.5	9	0	0	0	9	0	0	3.897		99.9136	51.4647	0.0539547	0	0.540014	0.215147	15.2685	1		0	12.0616	36.9983	0	0	0	
2024-06-12 06:32:31	585	1137	5	0	0	7	29	0	0	0	29	0	0	5.5	29	0	0	0	29	0	0	1.299		99.9015	51.3555	0.199459	0	1.99656	0.310864	18.8171	1		0	12.0616	35.1791	0	0	0	
2024-06-12 06:31:48	580	1138	5	0	0	7	29	0	0	0	29	0	0	4.25	29	0	0	0	29	0	0	2.381		99.9008	51.4136	0.083506	0	0.835889	0.170164	14.4431	1		0	12.0616	35.1791	0	0	0	
2024-06-12 06:22:11	507	1139	5	0	0	1	5	0	0	0	5	0	0	5	5	0	0	0	5	0	0	3.464		99.9134	51.7526	0.068027	0	0.68086	0.140892	17.1119	1		0	12.0616	38.2978	0	0	0	
2024-06-12 06:23:07	514	1140	5	0	0	1	5	0	0	0	5	0	0	3.75	5	0	0	0	5	0	0	2.381		99.9147	51.6603	0.0899563	0	0.900331	0.03696	15.5566	1		0	12.0705	37.6481	0	0	0	
2024-06-12 06:31:19	576	1141	1	0	0	6	25	0	0	0	25	0	0	2.75	25	0	0	0	25	0	0	2.814		99.8999	51.6803	0.0705635	0	0.706343	0.0420524	14.4238	1		0	12.0705	35.1791	0	0	0	
2024-06-12 06:29:50	565	1142	5	0	0	5	21	0	0	0	21	0	0	2.25	21	0	0	0	21	0	0	2.381		99.8987	52.2396	0.0805498	0	0.806314	0.472092	13.9321	1		0	12.0616	35.439	0	0	0	
2024-06-12 06:32:24	584	1143	1	0	0	7	29	0	0	0	29	0	0	0.25	29	0	0	0	29	0	0	5.845		99.8999	51.3204	0.0354679	0	0.355035	0.0113559	15.0576	1		0	12.0616	35.1791	0	0	0	
2024-06-12 06:20:57	497	1144	1	0	0	0	1	0	0	0	1	0	0	3.25	1	0	0	0	1	0	0	2.814		99.9133	52.7096	0.0727149	0	0.72778	0.0637991	14.8615	1		0	12.0705	39.5972	0	0	0	
2024-06-12 06:26:00	536	1145	9	0	0	3	13	0	0	0	13	0	0	7.25	13	0	0	0	13	0	0	3.68		99.9113	51.9031	0.0701151	0	0.701774	0.122555	18.7398	2		0	12.0616	36.2187	0	0	0	
2024-06-12 06:30:56	573	1146	5	0	0	6	25	0	0	0	25	0	0	6.75	25	0	0	0	25	0	0	0.649		99.8965	51.7705	0.421715	0	4.22152	0.371982	19.8934	1		0	12.0616	35.1791	0	0	0	
2024-06-12 06:34:53	604	1147	9	0	0	3.75	16	0	0	0	16	0	0	4	16	0	0	0	16	0	0	0.216		99.9015	51.3823	0.87848	0	8.79346	0.949476	13.8127	1		0	11.9641	35.0491	0	0	0	
2024-06-12 06:34:23	600	1148	1	0	0	7.75	32	0	0	0	32	0	0	1	32	0	0	0	32	0	0	5.845		99.9001	51.7802	0.0377009	0	0.377386	0.0387543	16.0055	1		0	11.9641	35.0491	0	0	0	
2024-06-12 06:28:56	558	1149	9	0	0	5	21	0	0	0	21	0	0	5.25	21	0	0	0	21	0	0	0.216		99.8968	52.1154	1.39758	0	13.9903	0.110432	21.9758	2		0	12.0705	35.5689	0	0	0	
2024-06-12 06:28:14	554	1150	5	0	0	5	21	0	0	0	21	0	0	4	21	0	0	0	21	0	0	0.866		99.9031	52.2519	0.262811	0	2.63066	0.723735	16.529	2		0	12.0705	35.5689	0	0	0	
2024-06-12 06:26:17	538	1151	5	0	0	3	13	0	0	0	13	0	0	0.75	13	0	0	0	13	0	0	1.948		99.9096	52.0034	0.104231	0	1.04325	0.33267	14.7486	1		0	12.0616	36.2187	0	0	0	
2024-06-12 06:22:18	508	1152	1	0	0	1	5	0	0	0	5	0	0	1.75	5	0	0	0	5	0	0	0.649		99.918	51.7228	0.371662	0	3.71967	0.731288	17.5285	1		0	12.0616	38.2978	0	0	0	
2024-06-12 06:28:07	553	1153	5	0	0	4	17	0	0	0	17	0	0	2	17	0	0	0	17	0	0	1.732		99.9068	51.3104	0.11315	0	1.13256	0.021987	14.2321	1		0	12.0616	35.6989	0	0	0	
2024-06-12 06:33:47	595	1154	5	0	0	7.75	32	0	0	0	32	0	0	5.75	32	0	0	0	32	0	0	1.732		99.9016	51.7764	0.137048	0	1.37183	0.117774	17.239	1		0	12.0616	35.0491	0	0	0	
2024-06-12 06:34:09	598	1155	5	0	0	7.75	32	0	0	0	32	0	0	4.5	32	0	0	0	32	0	0	2.814		99.9	51.8435	0.0748778	0	0.749527	0.0864528	15.3056	1		0	12.0616	35.0491	0	0	0	
2024-06-12 06:37:12	621	1156	1	0	0	2.25	10	0	0	0	10	0	0	3.5	10	0	0	0	10	0	0	1.082		99.9019	51.4393	0.205804	0	2.06006	0.568141	16.1797	1		0	12.0616	35.0491	0	0	0	
2024-06-12 06:36:20	615	1157	9	0	0	0.25	2	0	0	0	2	0	0	7.5	2	0	0	0	2	0	0	6.278		99.9026	51.289	0.0342903	0	0.343238	0.558041	15.6355	1		0	11.973	35.0491	0	0	0	
2024-06-12 06:31:26	577	1158	5	0	0	6	25	0	0	0	25	0	0	1.75	25	0	0	0	25	0	0	3.68		99.8987	51.6205	0.0654218	0	0.654881	0.645862	17.4876	1		0	12.0616	35.1791	0	0	0	
2024-06-12 06:27:08	545	1159	9	0	0	4	17	0	0	0	17	0	0	5.25	17	0	0	0	17	0	0	1.082		99.9045	51.2954	0.221974	0	2.22186	0.230355	17.4505	1		0	12.0616	35.9588	0	0	0	
2024-06-12 06:21:43	503	1160	5	0	0	0	1	0	0	0	1	0	0	1.5	1	0	0	0	1	0	0	1.299		99.9202	52.1662	0.153802	0	1.53925	0.343513	14.5071	1		0	12.0616	38.5577	0	0	0	
2024-06-12 06:26:31	540	1161	5	0	0	3	13	0	0	0	13	0	0	2.5	13	0	0	0	13	0	0	0.433		99.9082	51.9708	0.587147	0	5.87686	0.370737	18.4627	1		0	12.0616	35.9588	0	0	0	
2024-06-12 06:23:35	518	1162	5	0	0	2	9	0	0	0	9	0	0	5.75	9	0	0	0	9	0	0	3.247		99.9161	51.4148	0.0665633	0	0.666192	0.13903	15.6968	2		0	12.0705	37.3882	0	0	0	
2024-06-12 06:23:35	518	1163	9	0	0	2	9	0	0	0	9	0	0	4.5	9	0	0	0	9	0	0	2.165		99.9161	51.4148	0.0958057	0	0.958862	0.0490104	15.0618	2		0	12.0705	37.3882	0	0	0	
2024-06-12 06:32:13	583	1164	1	0	0	7	29	0	0	0	29	0	0	3.5	29	0	0	0	29	0	0	3.031		99.8984	51.249	0.0635491	0	0.636137	0.177778	13.9894	2		0	12.0616	35.1791	0	0	0	
2024-06-12 06:22:04	506	1165	1	0	0	1	5	0	0	0	5	0	0	3	5	0	0	0	5	0	0	1.732		99.9144	51.8214	0.119437	0	1.1954	0.81631	15.0218	1		0	12.0616	38.4277	0	0	0	
2024-06-12 06:21:04	498	1166	5	0	0	0	1	0	0	0	1	0	0	7.25	1	0	0	0	1	0	0	6.278		99.9158	52.5618	0.0373292	0	0.373606	0.80073	17.0189	1		0	12.0705	39.3374	0	0	0	
2024-06-12 06:29:43	564	1167	5	0	0	5	21	0	0	0	21	0	0	1.5	21	0	0	0	21	0	0	3.031		99.9	52.2714	0.0623987	0	0.624612	0.644747	13.7359	1		0	12.0616	35.439	0	0	0	
2024-06-12 06:24:57	528	1168	1	0	0	2	9	0	0	0	9	0	0	1.25	9	0	0	0	9	0	0	0.649		99.9149	51.2653	0.356083	0	3.56386	0.0409034	16.7943	2		0	12.0616	36.7384	0	0	0	
2024-06-12 06:39:55	640	1169	1	0	0	1.5	7	0	0	0	7	0	0	0.25	7	0	0	0	7	0	0	1.082		99.9011	50.488	0.194804	0	1.94997	0.618625	15.315	1		0	12.0616	35.0491	0	0	0	
2024-06-12 06:21:36	502	1170	5	0	0	0	1	0	0	0	1	0	0	2.5	1	0	0	0	1	0	0	2.165		99.9218	52.2475	0.0944858	0	0.945598	0.104559	14.8534	1		0	12.0705	38.8176	0	0	0	
2024-06-12 06:39:02	634	1171	1	0	0	6.25	26	0	0	0	26	0	0	1.5	26	0	0	0	26	0	0	4.113		99.9016	51.3936	0.057451	0	0.575075	0.205059	17.1632	2		0	12.0616	34.7893	0	0	0	
2024-06-12 06:40:58	648	1172	9	0	0	7.25	30	0	0	0	30	0	0	6.5	30	0	0	0	30	0	0	0.649		99.8983	51.0923	0.407656	0	4.08071	0.159532	19.2299	2		0	12.0616	35.0491	0	0	0	
2024-06-12 06:26:10	537	1173	5	0	0	3	13	0	0	0	13	0	0	7.75	13	0	0	0	13	0	0	4.113		99.9136	52.0532	0.0496263	0	0.496692	0.267324	14.8238	1		0	12.0616	36.2187	0	0	0	
2024-06-12 06:25:53	535	1174	5	0	0	3	13	0	0	0	13	0	0	6.5	13	0	0	0	13	0	0	3.031		99.9131	52.0337	0.0698278	0	0.698885	0.117921	15.3693	1		0	12.0616	36.3486	0	0	0	
2024-06-12 06:22:25	509	1175	9	0	0	1	5	0	0	0	5	0	0	7	5	0	0	0	5	0	0	5.195		99.9169	51.6945	0.0419965	0	0.420314	0.268172	15.8455	1		0	12.0616	38.1678	0	0	0	
2024-06-12 06:30:24	569	1176	5	0	0	6	25	0	0	0	25	0	0	4.75	25	0	0	0	25	0	0	1.082		99.8993	51.5812	0.263051	0	2.63316	0.499646	20.6808	1		0	12.0616	35.0491	0	0	0	
2024-06-12 06:34:17	599	1177	1	0	0	7.75	32	0	0	0	32	0	0	0.25	32	0	0	0	32	0	0	6.494		99.8994	51.7964	0.0328833	0	0.329164	0.103238	15.5115	1		0	12.0616	35.0491	0	0	0	
2024-06-12 06:29:21	561	1178	1	0	0	5	21	0	0	0	21	0	0	3.25	21	0	0	0	21	0	0	1.515		99.8955	52.2573	0.131201	0	1.31338	0.584786	14.4414	1		0	12.0616	35.439	0	0	0	
2024-06-12 06:26:17	538	1179	1	0	0	3	13	0	0	0	13	0	0	0	13	0	0	0	13	0	0	2.598		99.9096	52.0034	0.0786804	0	0.787516	0.0190564	14.8443	1		0	12.0616	36.2187	0	0	0	
2024-06-12 06:35:00	605	1180	9	0	0	3.5	15	0	0	0	15	0	0	4.25	15	0	0	0	15	0	0	0.649		99.8989	50.8204	0.342448	0	3.42795	0.66334	16.1538	1		0	12.0616	34.9192	0	0	0	
2024-06-12 06:28:00	552	1181	1	0	0	4	17	0	0	0	17	0	0	1.25	17	0	0	0	17	0	0	2.381		99.909	51.3189	0.0822289	0	0.823038	0.00741923	14.2211	1		0	12.0616	35.6989	0	0	0	
2024-06-12 06:33:33	593	1182	5	0	0	7.75	32	0	0	0	32	0	0	5	32	0	0	0	32	0	0	2.381		99.8953	51.7967	0.0959863	0	0.960869	0.0627979	16.6026	1		0	12.0616	35.0491	0	0	0	
2024-06-12 06:34:45	603	1183	5	0	0	7.75	32	0	0	0	32	0	0	3.75	32	0	0	0	32	0	0	3.464		99.9028	51.7911	0.0587575	0	0.588147	0.0451612	14.7817	1		0	11.973	35.0491	0	0	0	
2024-06-12 06:42:30	658	1184	1	0	0	1.25	6	0	0	6.5	6	0	0	3	6	0	0	4.75	6	0	0	0.908		99.9041	20.8741	0.128452	0	1.28576	0.787179	14.1376	1		0.0088623	12.0616	35.0491	0	0	0	
2024-06-12 06:31:11	575	1185	5	0	0	6	25	0	0	0	25	0	0	1	25	0	0	0	25	0	0	4.33		99.8984	51.6827	0.0550162	0	0.550722	0.373763	17.3014	1		0	12.0705	35.1791	0	0	0	
2024-06-12 06:26:53	543	1186	1	0	0	4	17	0	0	0	17	0	0	3.25	17	0	0	0	17	0	0	0.649		99.9031	51.3724	0.343833	0	3.44167	0.426366	16.2185	1		0	12.0616	35.9588	0	0	0	
2024-06-12 06:21:36	502	1187	1	0	0	0	1	0	0	0	1	0	0	0.75	1	0	0	0	1	0	0	0.649		99.9218	52.2475	0.363603	0	3.63888	0.519841	17.1478	1		0	12.0705	38.8176	0	0	0	
2024-06-12 06:42:01	655	1188	1	0	0	3.5	15	0	0	4.25	15	0	0	3.75	15	0	0	4	15	0	0	0.13		99.903	19.8462	0.691585	0	6.92256	0.895998	10.8739	1		0	12.0616	35.0491	0	0	0	
2024-06-12 06:24:17	523	1189	5	0	0	2	9	0	0	0	9	0	0	5	9	0	0	0	9	0	0	2.598		99.9136	51.4647	0.0824399	0	0.825112	0.124131	15.553	1		0	12.0616	36.9983	0	0	0	
2024-06-12 06:25:07	529	1190	1	0	0	2	9	0	0	0	9	0	0	3.75	9	0	0	0	9	0	0	1.515		99.9121	51.3169	0.152521	0	1.52656	0.886173	16.7854	1		0	12.0616	36.6085	0	0	0	
2024-06-12 06:33:00	589	1191	5	0	0	7	29	0	0	0	29	0	0	2.75	29	0	0	0	29	0	0	3.68		99.8993	51.5324	0.054637	0	0.54692	0.162136	14.6047	1		0	12.0616	35.1791	0	0	0	
2024-06-12 06:33:15	591	1192	1	0	0	7	29	0	0	0	29	0	0	2.25	29	0	0	0	29	0	0	4.113		99.9039	51.5662	0.0488325	0	0.488795	0.0331758	14.5881	1		0	12.0616	35.0491	0	0	0	
2024-06-12 06:20:57	497	1193	5	0	0	0	1	0	0	0	1	0	0	7.75	1	0	0	0	1	0	0	6.711		99.9133	52.7096	0.0331537	0	0.331825	0.163004	16.1581	1		0	12.0705	39.5972	0	0	0	
2024-06-12 06:20:49	496	1194	5	0	0	0	1	0	0	0	1	0	0	6.5	1	0	0	0	1	0	0	5.628		99.9176	52.7604	0.0388821	0	0.389142	0.781101	15.8928	1		0	12.0705	39.7272	0	0	0	
2024-06-12 06:29:28	562	1195	5	0	0	5	21	0	0	0	21	0	0	0.75	21	0	0	0	21	0	0	3.68		99.9008	52.3102	0.0610716	0	0.611322	0.852321	16.3245	1		0	12.0705	35.439	0	0	0	
2024-06-12 06:28:45	557	1196	5	0	0	5	21	0	0	0	21	0	0	7.25	21	0	0	0	21	0	0	1.948		99.8999	52.1094	0.138143	0	1.38281	0.217532	19.549	2		0	12.0616	35.5689	0	0	0	
2024-06-12 06:40:52	647	1197	9	0	0	5.75	24	0	0	0	24	0	0	4	24	0	0	0	24	0	0	1.515		99.8985	51.9394	0.137853	0	1.37993	0.814872	15.1732	1		0	12.0616	35.0491	0	0	0	
2024-06-12 06:37:29	623	1198	9	0	0	4.5	19	0	0	0	19	0	0	5.25	19	0	0	0	19	0	0	0.649		99.9022	51.2527	0.493043	0	4.93525	0.214562	23.2568	2		0	12.0616	34.9192	0	0	0	
2024-06-12 06:42:08	656	1199	1	0	0	2.75	12	0	0	5	12	0	0	3.5	12	0	0	4.25	12	0	0	0.389		99.9047	20.808	0.42851	0	4.28919	0.990987	20.2123	4		0	12.0616	35.0491	0	0	0	
2024-06-12 06:24:50	527	1200	1	0	0	2	9	0	0	0	9	0	0	0.5	9	0	0	0	9	0	0	1.299		99.9121	51.4022	0.158441	0	1.5858	0.472645	14.9458	1		0	12.0705	36.7384	0	0	0	
2024-06-12 06:36:10	614	1201	9	0	0	0.5	3	0	0	0	3	0	0	7.25	3	0	0	0	3	0	0	5.845		99.9006	51.3677	0.0977199	0	0.978172	0.550278	41.4857	2		0	12.0616	35.0491	0	0	0	
2024-06-12 06:27:23	547	1202	5	0	0	4	17	0	0	0	17	0	0	7.25	17	0	0	0	17	0	0	2.814		99.9077	51.352	0.0727704	0	0.728376	0.422379	14.8737	1		0	12.0616	35.6989	0	0	0	
2024-06-12 06:25:39	533	1203	9	0	0	3	13	0	0	0	13	0	0	5.75	13	0	0	0	13	0	0	2.381		99.9093	52.0439	0.0849885	0	0.850657	0.0368562	14.6983	1		0	12.0616	36.4785	0	0	0	
2024-06-12 06:25:31	532	1204	5	0	0	3	13	0	0	0	13	0	0	4.5	13	0	0	0	13	0	0	1.299		99.912	51.9658	0.163153	0	1.63297	0.325861	15.3903	1		0	12.0616	36.4785	0	0	0	
2024-06-12 06:32:38	586	1205	9	0	0	7	29	0	0	0	29	0	0	6.75	29	0	0	0	29	0	0	0.216		99.8961	51.3718	1.01091	0	10.1196	0.684684	15.8959	1		0	12.0616	35.1791	0	0	0	
2024-06-12 06:22:25	509	1206	5	0	0	1	5	0	0	0	5	0	0	7.5	5	0	0	0	5	0	0	5.628		99.9169	51.6945	0.0390622	0	0.390947	0.483103	15.9666	1		0	12.0616	38.1678	0	0	0	
2024-06-12 06:22:11	507	1207	9	0	0	1	5	0	0	0	5	0	0	6.25	5	0	0	0	5	0	0	4.546		99.9134	51.7526	0.0556671	0	0.557154	0.402247	18.3787	1		0	12.0616	38.2978	0	0	0	
2024-06-12 06:30:39	571	1208	5	0	0	6	25	0	0	0	25	0	0	5.25	25	0	0	0	25	0	0	0.649		99.8988	51.6381	0.568998	0	5.69574	0.601096	26.8405	1		0	12.0616	35.309	0	0	0	
2024-06-12 06:30:04	567	1209	9	0	0	6	25	0	0	0	25	0	0	4	25	0	0	0	25	0	0	1.732		99.8976	51.6105	0.113121	0	1.13237	0.432782	14.2298	2		0	12.0616	35.309	0	0	0	
2024-06-12 06:29:50	565	1210	1	0	0	5	21	0	0	0	21	0	0	2.5	21	0	0	0	21	0	0	2.165		99.8987	52.2396	0.102739	0	1.02843	0.0501293	16.1545	1		0	12.0616	35.439	0	0	0	
2024-06-12 06:23:22	516	1211	5	0	0	1	5	0	0	0	5	0	0	0.25	5	0	0	0	5	0	0	0.649		99.9155	51.5698	0.36842	0	3.68732	0.305302	17.3761	1		0	12.0705	37.5181	0	0	0	
2024-06-12 06:27:16	546	1212	1	0	0	4	17	0	0	0	17	0	0	0.5	17	0	0	0	17	0	0	3.031		99.9022	51.3433	0.0674428	0	0.675088	0.0201555	14.846	1		0	12.0705	35.8288	0	0	0	
2024-06-12 06:34:38	602	1213	1	0	0	7.75	32	0	0	0	32	0	0	3	32	0	0	0	32	0	0	4.113		99.9026	51.8139	0.0499398	0	0.499885	0.0941788	14.9191	1		0	12.0616	35.0491	0	0	0	
2024-06-12 06:30:24	569	1214	1	0	0	6	25	0	0	0	25	0	0	0.25	25	0	0	0	25	0	0	4.979		99.8993	51.5812	0.0419062	0	0.419485	0.28749	15.1553	1		0	12.0616	35.0491	0	0	0	
2024-06-12 06:38:35	631	1215	1	0	0	5.25	22	0	0	0	22	0	0	2.5	22	0	0	0	22	0	0	2.381		99.8991	51.7259	0.188105	0	1.88295	0.403567	32.535	2		0	12.0616	34.9192	0	0	0	
2024-06-12 06:27:53	551	1216	1	0	0	4	17	0	0	0	17	0	0	2.5	17	0	0	0	17	0	0	1.299		99.9107	51.3167	0.15566	0	1.55799	0.108973	14.6837	1		0	12.0616	35.6989	0	0	0	
2024-06-12 06:24:31	525	1217	1	0	0	2	9	0	0	0	9	0	0	3	9	0	0	0	9	0	0	0.866		99.9154	51.3381	0.266927	0	2.67153	0.0194376	16.7857	2		0	12.0616	36.8684	0	0	0	
2024-06-12 06:31:48	580	1218	1	0	0	7	29	0	0	0	29	0	0	1.5	29	0	0	0	29	0	0	4.762		99.9008	51.4136	0.042432	0	0.424741	0.531149	14.678	1		0	12.0616	35.1791	0	0	0	
2024-06-12 06:21:19	500	1219	9	0	0	0	1	0	0	0	1	0	0	5.75	1	0	0	0	1	0	0	4.979		99.9201	52.2607	0.0442784	0	0.443138	0.147665	16.0098	2		0	12.0705	39.0775	0	0	0	
2024-06-12 06:20:27	494	1220	9	0	0	0	1	0	0	0	1	0	0	4.5	1	0	0	0	1	0	0	3.897		99.9143	53.1818	0.0549379	0	0.54985	0.0821377	15.5467	2		0	12.0793	39.9871	0	0	0	
2024-06-12 06:29:13	560	1221	1	0	0	5	21	0	0	0	21	0	0	0	21	0	0	0	21	0	0	4.33		99.8987	52.2226	0.0462728	0	0.463197	0.36313	14.5518	1		0	12.0616	35.439	0	0	0	
2024-06-12 06:33:23	592	1222	1	0	0	7.75	32	0	0	0	32	0	0	2.25	32	0	0	0	32	0	0	4.762		99.9013	51.7953	0.04347	0	0.43513	0.200176	15.037	2		0	12.0616	35.0491	0	0	0	
2024-06-12 06:29:06	559	1223	5	0	0	5	21	0	0	0	21	0	0	7.75	21	0	0	0	21	0	0	2.381		99.9016	52.1866	0.0930244	0	0.93116	0.280598	16.0893	1		0	12.0616	35.439	0	0	0	
2024-06-12 06:28:25	555	1224	5	0	0	5	21	0	0	0	21	0	0	6.5	21	0	0	0	21	0	0	1.299		99.9045	52.2018	0.200128	0	2.0032	0.0649643	18.8797	2		0	12.0616	35.6989	0	0	0	
2024-06-12 06:26:25	539	1225	1	0	0	3	13	0	0	0	13	0	0	2	13	0	0	0	13	0	0	0.866		99.9088	51.991	0.265055	0	2.65297	0.373768	16.6691	1		0	12.0705	35.9588	0	0	0	
2024-06-12 06:38:22	629	1226	1	0	0	4.5	19	0	0	0	19	0	0	3.25	19	0	0	0	19	0	0	1.082		99.9015	51.397	0.196161	0	1.96354	0.879077	15.4216	1		0	12.0616	35.0491	0	0	0	
2024-06-12 06:33:40	594	1227	9	0	0	7.75	32	0	0	0	32	0	0	7	32	0	0	0	32	0	0	0.649		99.9022	51.8143	0.387725	0	3.88105	0.778485	18.289	1		0	12.0616	35.0491	0	0	0	
2024-06-12 06:40:45	646	1228	9	0	0	5.5	23	0	0	0	23	0	0	4.25	23	0	0	0	23	0	0	1.082		99.8989	51.499	0.235122	0	2.3536	0.938365	18.4852	1		0	12.0705	35.0491	0	0	0	
2024-06-12 06:39:23	636	1229	1	0	0	6.75	28	0	0	0	28	0	0	1	28	0	0	0	28	0	0	4.979		99.8994	51.088	0.0491129	0	0.491623	0.469058	17.7615	1		0	12.0616	35.0491	0	0	0	
2024-06-12 06:37:39	624	1230	9	0	0	4.25	18	0	0	0	18	0	0	5.5	18	0	0	0	18	0	0	1.082		99.8993	51.391	0.25184	0	2.52094	0.575011	19.7994	1		0	12.0616	35.0491	0	0	0	
2024-06-12 06:26:46	542	1231	9	0	0	4	17	0	0	0	17	0	0	7.75	17	0	0	0	17	0	0	3.247		99.9064	51.4895	0.0591479	0	0.592033	0.442045	13.9495	1		0	12.0616	35.9588	0	0	0	
2024-06-12 06:27:30	548	1232	9	0	0	4	17	0	0	0	17	0	0	6.5	17	0	0	0	17	0	0	2.165		99.908	51.3287	0.0880176	0	0.880986	0.0636724	13.8385	1		0	12.0616	35.8288	0	0	0	
2024-06-12 06:25:53	535	1233	9	0	0	3	13	0	0	0	13	0	0	5	13	0	0	0	13	0	0	1.732		99.9131	52.0337	0.12294	0	1.23047	0.268466	15.4625	1		0	12.0616	36.3486	0	0	0	
2024-06-12 06:26:10	537	1234	1	0	0	3	13	0	0	0	13	0	0	3.75	13	0	0	0	13	0	0	0.649		99.9136	52.0532	0.373462	0	3.73785	0.236685	17.6142	1		0	12.0616	36.2187	0	0	0	
2024-06-12 06:23:46	519	1235	5	0	0	2	9	0	0	0	9	0	0	7	9	0	0	0	9	0	0	4.33		99.9124	51.3072	0.0471477	0	0.471891	0.168947	14.8249	2		0	12.0616	37.2582	0	0	0	
2024-06-12 06:32:38	586	1236	5	0	0	7	29	0	0	0	29	0	0	6	29	0	0	0	29	0	0	0.866		99.8961	51.3718	0.299404	0	2.99715	0.618748	18.8317	1		0	12.0616	35.1791	0	0	0	
2024-06-12 06:32:06	582	1237	9	0	0	7	29	0	0	0	29	0	0	4.75	29	0	0	0	29	0	0	1.948		99.9045	51.3401	0.113044	0	1.13152	0.351848	15.9964	1		0	12.0616	35.1791	0	0	0	
2024-06-12 06:22:18	508	1238	9	0	0	1	5	0	0	0	5	0	0	5.5	5	0	0	0	5	0	0	3.897		99.918	51.7228	0.0661276	0	0.661819	0.253893	18.7125	1		0	12.0616	38.2978	0	0	0	
2024-06-12 06:22:49	512	1239	9	0	0	1	5	0	0	0	5	0	0	4.25	5	0	0	0	5	0	0	2.814		99.9125	51.5537	0.0749085	0	0.749741	0.361874	15.31	1		0	12.0616	37.908	0	0	0	
2024-06-12 06:31:04	574	1240	1	0	0	6	25	0	0	0	25	0	0	3.25	25	0	0	0	25	0	0	2.381		99.8988	51.7091	0.0814148	0	0.814973	0.239358	14.0817	1		0	12.0616	35.1791	0	0	0	
2024-06-12 06:36:44	618	1241	1	0	0	0.25	2	0	0	0	2	0	0	1.5	2	0	0	0	2	0	0	1.082		99.9009	51.1773	0.1928	0	1.92991	0.128899	15.1575	2		0	12.0616	34.9192	0	0	0	
2024-06-12 06:33:07	590	1242	1	0	0	7	29	0	0	0	29	0	0	0.75	29	0	0	0	29	0	0	5.412		99.899	51.4335	0.0413372	0	0.41379	0.561746	16.2495	1		0	12.0705	35.0491	0	0	0	
2024-06-12 06:21:12	499	1243	9	0	0	0	1	0	0	0	1	0	0	5	1	0	0	0	1	0	0	4.33		99.9187	52.4528	0.0507635	0	0.508048	0.280358	15.9608	1		0	12.0616	39.2074	0	0	0	
2024-06-12 06:20:42	495	1244	1	0	0	0	1	0	0	0	1	0	0	3.75	1	0	0	0	1	0	0	3.247		99.9159	52.8762	0.0665467	0	0.666027	0.197265	15.6929	1		0	12.0616	39.8571	0	0	0	
2024-06-12 06:41:08	649	1245	9	0	0	7.5	31	0	0	0	31	0	0	6.25	31	0	0	0	31	0	0	1.082		99.8999	51.3366	0.224147	0	2.24372	0.790317	17.6221	1		0	12.0616	35.0491	0	0	0	
2024-06-12 06:38:07	627	1246	9	0	0	6.25	26	0	0	0	26	0	0	7.5	26	0	0	0	26	0	0	1.082		99.9013	51.4846	0.216536	0	2.1675	0.874037	17.0235	1		0	12.0616	35.0491	0	0	0	
2024-06-12 06:30:46	572	1247	5	0	0	6	25	0	0	0	25	0	0	7.25	25	0	0	0	25	0	0	1.082		99.8989	51.5391	0.279473	0	2.79756	0.266654	21.972	2		0	12.0616	35.309	0	0	0	
2024-06-12 06:33:55	596	1248	1	0	0	7.75	32	0	0	0	32	0	0	1.5	32	0	0	0	32	0	0	5.412		99.9009	51.8341	0.0384402	0	0.384783	0.388297	15.1104	1		0	12.0616	35.0491	0	0	0	
2024-06-12 06:29:13	560	1249	5	0	0	5	21	0	0	0	21	0	0	5.75	21	0	0	0	21	0	0	0.649		99.8987	52.2226	0.609791	0	6.10409	0.770062	28.7648	1		0	12.0616	35.439	0	0	0	
2024-06-12 06:28:35	556	1250	9	0	0	5	21	0	0	0	21	0	0	4.5	21	0	0	0	21	0	0	0.433		99.9018	52.1188	0.689527	0	6.90205	0.086365	21.6834	2		0	11.9641	35.5689	0	0	0	
2024-06-12 06:26:00	536	1251	1	0	0	3	13	0	0	0	13	0	0	1.25	13	0	0	0	13	0	0	1.515		99.9113	51.9031	0.134905	0	1.35025	0.034094	14.8468	2		0	12.0616	36.2187	0	0	0	
2024-06-12 06:22:25	509	1252	1	0	0	1	5	0	0	0	5	0	0	2.25	5	0	0	0	5	0	0	1.082		99.9169	51.6945	0.199464	0	1.9963	0.51146	15.6789	1		0	12.0616	38.1678	0	0	0	
2024-06-12 06:36:34	617	1253	1	0	0	0.5	3	0	0	0	3	0	0	1.25	3	0	0	0	3	0	0	0.649		99.9041	51.3238	0.389182	0	3.89555	0.199011	18.3574	2		0	12.0616	34.9192	0	0	0	
2024-06-12 06:35:22	608	1254	9	0	0	2.5	11	0	0	0	11	0	0	5.25	11	0	0	0	11	0	0	2.381		99.8996	51.1295	0.105772	0	1.05878	0.0719728	18.2944	2		0	12.0705	35.0491	0	0	0	
2024-06-12 06:33:55	596	1255	5	0	0	7.75	32	0	0	0	32	0	0	7.5	32	0	0	0	32	0	0	0.216		99.9009	51.8341	1.03336	0	10.3439	0.482716	16.2481	1		0	12.0616	35.0491	0	0	0	
2024-06-12 06:33:23	592	1256	9	0	0	7.75	32	0	0	0	32	0	0	6.25	32	0	0	0	32	0	0	1.299		99.9013	51.7953	0.179645	0	1.79823	0.435649	16.9479	2		0	12.0616	35.0491	0	0	0	
2024-06-12 06:38:14	628	1257	1	0	0	4.25	18	0	0	0	18	0	0	3.5	18	0	0	0	18	0	0	0.649		99.9002	51.3724	0.346279	0	3.46625	0.175651	16.3343	1		0	12.0616	34.7893	0	0	0	
2024-06-12 06:31:34	578	1258	5	0	0	6	25	0	0	0	25	0	0	2.25	25	0	0	0	25	0	0	3.247		99.8986	51.5875	0.062386	0	0.624494	0.0344052	14.7143	1		0	12.0705	35.1791	0	0	0	
2024-06-12 06:40:34	645	1259	9	0	0	5.25	22	0	0	0	22	0	0	4.5	22	0	0	0	22	0	0	0.649		99.8995	51.6733	0.474993	0	4.75471	0.123254	22.4061	2		0	12.0705	35.0491	0	0	0	
2024-06-12 06:27:30	548	1260	5	0	0	4	17	0	0	0	17	0	0	5.75	17	0	0	0	17	0	0	1.515		99.908	51.3287	0.145682	0	1.45816	0.0536542	16.0333	1		0	12.0616	35.8288	0	0	0	
2024-06-12 06:26:46	542	1261	5	0	0	4	17	0	0	0	17	0	0	4.5	17	0	0	0	17	0	0	0.433		99.9064	51.4895	0.539938	0	5.40444	0.948446	16.9786	1		0	12.0616	35.9588	0	0	0	
2024-06-12 06:21:29	501	1262	1	0	0	0	1	0	0	0	1	0	0	2	1	0	0	0	1	0	0	1.732		99.9118	52.2242	0.151146	0	1.5128	0.332033	19.0104	1		0	12.0616	38.8176	0	0	0	
2024-06-12 06:24:24	524	1263	9	0	0	2	9	0	0	0	9	0	0	7.5	9	0	0	0	9	0	0	4.762		99.9107	51.5	0.0459807	0	0.460218	0.724289	15.904	1		0	12.0705	36.8684	0	0	0	
2024-06-12 06:23:55	520	1264	9	0	0	2	9	0	0	0	9	0	0	6.25	9	0	0	0	9	0	0	3.68		99.9134	51.3582	0.0582719	0	0.583224	0.302055	15.5741	1		0	11.973	37.1283	0	0	0	
2024-06-12 06:32:24	584	1265	5	0	0	7	29	0	0	0	29	0	0	5.25	29	0	0	0	29	0	0	1.515		99.8999	51.3204	0.164884	0	1.65049	0.36634	18.1481	1		0	12.0616	35.1791	0	0	0	
2024-06-12 06:31:48	580	1266	9	0	0	7	29	0	0	0	29	0	0	4	29	0	0	0	29	0	0	2.598		99.9008	51.4136	0.0743173	0	0.743911	0.0520017	14.0224	1		0	12.0616	35.1791	0	0	0	
2024-06-12 06:23:22	516	1267	1	0	0	1	5	0	0	0	5	0	0	3.5	5	0	0	0	5	0	0	2.165		99.9155	51.5698	0.0935094	0	0.935885	0.190988	14.7008	1		0	12.0705	37.5181	0	0	0	
2024-06-12 06:31:34	578	1268	1	0	0	6	25	0	0	0	25	0	0	2.5	25	0	0	0	25	0	0	3.031		99.8986	51.5875	0.0811135	0	0.811958	0.932949	17.8559	1		0	12.0705	35.1791	0	0	0	
2024-06-12 06:40:27	644	1269	1	0	0	3.75	16	0	0	0	16	0	0	2	16	0	0	0	16	0	0	1.515		99.8981	51.1292	0.147274	0	1.47425	0.401942	16.2102	1		0	12.0616	35.0491	0	0	0	
2024-06-12 06:28:14	554	1270	1	0	0	5	21	0	0	0	21	0	0	2	21	0	0	0	21	0	0	2.598		99.9031	52.2519	0.0759458	0	0.760194	0.294782	14.3293	2		0	12.0705	35.5689	0	0	0	
2024-06-12 06:24:10	522	1271	1	0	0	2	9	0	0	0	9	0	0	1.75	9	0	0	0	9	0	0	0.216		99.9149	51.5079	0.953817	0	9.5463	0.336627	14.9953	1		0	12.0616	36.8684	0	0	0	
2024-06-12 06:32:53	588	1272	1	0	0	7	29	0	0	0	29	0	0	0	29	0	0	0	29	0	0	6.061		99.8982	51.4138	0.0348976	0	0.349332	0.12365	15.3644	1		0	12.0616	35.0491	0	0	0	
2024-06-12 06:21:50	504	1273	1	0	0	0	1	0	0	0	1	0	0	3	1	0	0	0	1	0	0	2.598		99.9184	52.1088	0.078498	0	0.785621	0.0440231	14.8086	1		0	12.0705	38.5577	0	0	0	
2024-06-12 06:26:00	536	1274	5	0	0	3	13	0	0	0	13	0	0	7	13	0	0	0	13	0	0	3.464		99.9113	51.9031	0.0569211	0	0.569716	0.00560941	14.3185	2		0	12.0616	36.2187	0	0	0	
2024-06-12 06:30:15	568	1275	5	0	0	6	25	0	0	0	25	0	0	7.75	25	0	0	0	25	0	0	1.515		99.8974	51.5168	0.151686	0	1.51841	0.0290026	16.6958	2		0	12.0616	35.309	0	0	0	
2024-06-12 06:30:32	570	1276	9	0	0	6	25	0	0	0	25	0	0	6.5	25	0	0	0	25	0	0	0.433		99.9001	51.6163	0.646392	0	6.47039	0.939562	20.3273	1		0	12.0616	35.309	0	0	0	
2024-06-12 06:33:47	595	1277	1	0	0	7.75	32	0	0	0	32	0	0	0.75	32	0	0	0	32	0	0	6.061		99.9016	51.7764	0.0370713	0	0.371078	0.101883	16.3209	1		0	12.0616	35.0491	0	0	0	
2024-06-12 06:28:45	557	1278	1	0	0	5	21	0	0	0	21	0	0	3.75	21	0	0	0	21	0	0	1.082		99.8999	52.1094	0.204568	0	2.04773	0.100986	16.0828	2		0	12.0616	35.5689	0	0	0	
2024-06-12 06:26:31	540	1279	1	0	0	3	13	0	0	0	13	0	0	0.5	13	0	0	0	13	0	0	2.165		99.9082	51.9708	0.094115	0	0.942014	0.224848	14.7971	1		0	12.0616	35.9588	0	0	0	
2024-06-12 06:23:07	514	1280	1	0	0	1	5	0	0	0	5	0	0	1.5	5	0	0	0	5	0	0	0.433		99.9147	51.6603	0.57278	0	5.73269	0.403894	18.0098	1		0	12.0705	37.6481	0	0	0	
2024-06-12 06:42:23	657	1281	1	0	0	2	9	0	0	5.75	9	0	0	3.25	9	0	0	4.5	9	0	0	0.649		99.903	20.8868	0.237427	0	2.37657	0.0384555	18.6655	1		0	12.0616	34.9192	0	0	0	
2024-06-12 06:28:00	552	1282	5	0	0	4	17	0	0	0	17	0	0	1.75	17	0	0	0	17	0	0	1.948		99.909	51.3189	0.0987495	0	0.988395	0.058853	13.9731	1		0	12.0616	35.6989	0	0	0	
2024-06-12 06:37:05	620	1283	1	0	0	2.5	11	0	0	0	11	0	0	3.25	11	0	0	0	11	0	0	0.649		99.9026	50.9964	0.389131	0	3.89511	0.948798	18.3553	1		0	12.0705	34.9192	0	0	0	
2024-06-12 06:33:47	595	1284	9	0	0	7.75	32	0	0	0	32	0	0	5.5	32	0	0	0	32	0	0	1.948		99.9016	51.7764	0.123366	0	1.23487	0.0572047	17.4576	1		0	12.0616	35.0491	0	0	0	
2024-06-12 06:34:17	599	1285	5	0	0	7.75	32	0	0	0	32	0	0	4.25	32	0	0	0	32	0	0	3.031		99.8994	51.7964	0.0680171	0	0.680856	0.0300768	14.9728	1		0	12.0616	35.0491	0	0	0	
2024-06-12 06:30:39	571	1286	1	0	0	6	25	0	0	0	25	0	0	1.5	25	0	0	0	25	0	0	3.897		99.8988	51.6381	0.051293	0	0.513449	0.265036	14.5174	1		0	12.0616	35.309	0	0	0	
2024-06-12 06:26:53	543	1287	9	0	0	4	17	0	0	0	17	0	0	5	17	0	0	0	17	0	0	0.866		99.9031	51.3724	0.281397	0	2.8167	0.480154	17.6978	1		0	12.0616	35.9588	0	0	0	
2024-06-12 06:27:38	549	1288	1	0	0	4	17	0	0	0	17	0	0	3.75	17	0	0	0	17	0	0	0.216		99.9084	51.3183	0.867531	0	8.68327	0.176051	13.6396	1		0	12.0616	35.8288	0	0	0	
2024-06-12 06:21:43	503	1289	1	0	0	0	1	0	0	0	1	0	0	1.25	1	0	0	0	1	0	0	1.082		99.9202	52.1662	0.189863	0	1.90015	0.452939	14.9237	1		0	12.0616	38.5577	0	0	0	
2024-06-12 06:23:46	519	1290	9	0	0	2	9	0	0	0	9	0	0	5.5	9	0	0	0	9	0	0	3.031		99.9124	51.3072	0.125284	0	1.25394	0.527716	27.5756	2		0	12.0616	37.2582	0	0	0	
2024-06-12 06:23:55	520	1291	5	0	0	2	9	0	0	0	9	0	0	4.25	9	0	0	0	9	0	0	1.948		99.9134	51.3582	0.108364	0	1.08458	0.219578	15.3328	1		0	11.973	37.1283	0	0	0	
2024-06-12 06:32:31	585	1292	1	0	0	7	29	0	0	0	29	0	0	3.25	29	0	0	0	29	0	0	3.247		99.9015	51.3555	0.059886	0	0.59945	0.0166184	14.1242	1		0	12.0616	35.1791	0	0	0	
2024-06-12 06:23:14	515	1293	5	0	0	1	5	0	0	0	5	0	0	2.75	5	0	0	0	5	0	0	1.515		99.9084	51.5994	0.135921	0	1.36045	0.235033	14.959	1		0	12.0705	37.5181	0	0	0	
2024-06-12 06:20:42	495	1294	9	0	0	0	1	0	0	0	1	0	0	7	1	0	0	0	1	0	0	6.061		99.9159	52.8762	0.0356037	0	0.356337	0.518871	15.6725	1		0	12.0616	39.8571	0	0	0	
2024-06-12 06:28:35	556	1295	1	0	0	5	21	0	0	0	21	0	0	1.25	21	0	0	0	21	0	0	3.247		99.9018	52.1188	0.0705533	0	0.706227	0.0352073	16.6401	2		0	11.9641	35.5689	0	0	0	
2024-06-12 06:24:24	524	1296	1	0	0	2	9	0	0	0	9	0	0	1	9	0	0	0	9	0	0	0.866		99.9107	51.5	0.255971	0	2.562	0.422832	16.0975	1		0	12.0705	36.8684	0	0	0	
2024-06-12 06:25:39	533	1297	5	0	0	3	13	0	0	0	13	0	0	7.5	13	0	0	0	13	0	0	3.897		99.9093	52.0439	0.0522949	0	0.523424	0.0677292	14.7995	1		0	12.0616	36.4785	0	0	0	
2024-06-12 06:25:46	534	1298	5	0	0	3	13	0	0	0	13	0	0	6.25	13	0	0	0	13	0	0	2.814		99.91	52.0558	0.0750526	0	0.751202	0.0287292	15.3398	1		0	12.0616	36.3486	0	0	0	
2024-06-12 06:32:13	583	1299	9	0	0	7	29	0	0	0	29	0	0	7.25	29	0	0	0	29	0	0	0.216		99.8984	51.249	0.949511	0	9.50477	0.22645	14.9301	2		0	12.0616	35.1791	0	0	0	
2024-06-12 06:22:57	513	1300	5	0	0	1	5	0	0	0	5	0	0	6.75	5	0	0	0	5	0	0	4.979		99.9122	51.446	0.0510941	0	0.51139	0.358609	18.4757	2		0	12.0616	37.778	0	0	0	
2024-06-12 06:30:15	568	1301	1	0	0	6	25	0	0	0	25	0	0	5.75	25	0	0	0	25	0	0	0.216		99.8974	51.5168	1.2687	0	12.7	0.167315	19.9491	2		0	12.0616	35.309	0	0	0	
2024-06-12 06:30:24	569	1302	9	0	0	6	25	0	0	0	25	0	0	4.5	25	0	0	0	25	0	0	1.299		99.8993	51.5812	0.185152	0	1.85339	0.327448	17.4678	1		0	12.0616	35.0491	0	0	0	
2024-06-12 06:34:02	597	1303	1	0	0	7.75	32	0	0	0	32	0	0	0	32	0	0	0	32	0	0	6.711		99.8994	51.8091	0.0327689	0	0.328019	0.315861	15.9728	1		0	12.0616	35.0491	0	0	0	
2024-06-12 06:29:35	563	1304	5	0	0	5	21	0	0	0	21	0	0	3	21	0	0	0	21	0	0	1.732		99.8976	52.244	0.11354	0	1.13656	0.489381	14.2824	1		0	12.0616	35.439	0	0	0	
2024-06-12 06:22:32	510	1305	1	0	0	1	5	0	0	0	5	0	0	0.75	5	0	0	0	5	0	0	0.216		99.917	51.6741	1.07176	0	10.7265	0.536226	16.8491	1		0	12.0616	38.0379	0	0	0	
2024-06-12 06:38:55	633	1306	1	0	0	5.75	24	0	0	0	24	0	0	2	24	0	0	0	24	0	0	3.247		99.8958	51.9473	0.0644521	0	0.645194	0.779355	15.202	1		0	12.0616	35.0491	0	0	0	
2024-06-12 06:27:46	550	1307	5	0	0	4	17	0	0	0	17	0	0	1	17	0	0	0	17	0	0	2.598		99.9073	51.3406	0.0751697	0	0.752395	0.0306286	14.1823	1		0	12.0616	35.6989	0	0	0	
2024-06-12 06:34:31	601	1308	5	0	0	7.75	32	0	0	0	32	0	0	3.5	32	0	0	0	32	0	0	3.68		99.9005	51.7947	0.0547907	0	0.548452	0.0965476	14.6456	1		0	12.0616	35.0491	0	0	0	
2024-06-12 06:30:56	573	1309	1	0	0	6	25	0	0	0	25	0	0	0.75	25	0	0	0	25	0	0	4.546		99.8965	51.7705	0.0532781	0	0.533333	0.61561	17.5929	1		0	12.0616	35.1791	0	0	0	
2024-06-12 06:27:53	551	1310	5	0	0	4	17	0	0	0	17	0	0	3	17	0	0	0	17	0	0	0.866		99.9107	51.3167	0.248272	0	2.48494	0.114546	15.6133	1		0	12.0616	35.6989	0	0	0	
2024-06-12 06:21:50	504	1311	5	0	0	0	1	0	0	0	1	0	0	0.5	1	0	0	0	1	0	0	0.433		99.9184	52.1088	0.533998	0	5.34434	0.577249	16.7897	1		0	12.0705	38.5577	0	0	0	
2024-06-12 06:41:23	651	1312	1	0	0	3.5	15	0	0	4.25	15	0	0	2.75	15	0	0	5	15	0	0	0.389		99.9059	19.8014	0.446817	0	4.47237	0.0097984	21.0756	1		0	12.0616	35.0491	0	0	0	
2024-06-12 06:24:42	526	1313	5	0	0	2	9	0	0	0	9	0	0	3.5	9	0	0	0	9	0	0	1.299		99.9139	51.3804	0.167292	0	1.67436	0.17403	15.7804	1		0	12.0705	36.7384	0	0	0	
2024-06-12 06:33:00	589	1314	1	0	0	7	29	0	0	0	29	0	0	2.5	29	0	0	0	29	0	0	3.897		99.8993	51.5324	0.0559264	0	0.559827	0.344209	15.8287	1		0	12.0616	35.1791	0	0	0	
2024-06-12 06:33:15	591	1315	5	0	0	7	29	0	0	0	29	0	0	2	29	0	0	0	29	0	0	4.33		99.9039	51.5662	0.0469731	0	0.470183	0.0253506	14.7712	1		0	12.0616	35.0491	0	0	0	
2024-06-12 06:20:57	497	1316	9	0	0	0	1	0	0	0	1	0	0	7.5	1	0	0	0	1	0	0	6.494		99.9133	52.7096	0.034872	0	0.349023	0.76786	16.4473	1		0	12.0705	39.5972	0	0	0	
2024-06-12 06:20:27	494	1317	5	0	0	0	1	0	0	0	1	0	0	6.25	1	0	0	0	1	0	0	5.412		99.9143	53.1818	0.0410219	0	0.410571	0.0160891	16.1231	2		0	12.0793	39.9871	0	0	0	
2024-06-12 06:28:56	558	1318	1	0	0	5	21	0	0	0	21	0	0	0.5	21	0	0	0	21	0	0	3.897		99.8968	52.1154	0.0613824	0	0.614458	0.245594	17.3734	2		0	12.0705	35.5689	0	0	0	
2024-06-12 06:39:45	639	1319	1	0	0	1.25	6	0	0	0	6	0	0	0.5	6	0	0	0	6	0	0	0.649		99.9013	51.0589	0.380826	0	3.81203	0.0976108	17.9638	2		0	12.0705	34.9192	0	0	0	
2024-06-12 06:28:45	557	1320	9	0	0	5	21	0	0	0	21	0	0	7	21	0	0	0	21	0	0	1.732		99.8999	52.1094	0.128479	0	1.28608	0.099447	16.1614	2		0	12.0616	35.5689	0	0	0	
2024-06-12 06:23:35	518	1321	1	0	0	2	9	0	0	0	9	0	0	0.25	9	0	0	0	9	0	0	1.515		99.9161	51.4148	0.135468	0	1.35582	0.388787	14.908	2		0	12.0705	37.3882	0	0	0	
2024-06-12 06:27:23	547	1322	9	0	0	4	17	0	0	0	17	0	0	7	17	0	0	0	17	0	0	2.598		99.9077	51.352	0.0717221	0	0.717884	0.237642	13.5318	1		0	12.0616	35.6989	0	0	0	
2024-06-12 06:26:10	537	1323	9	0	0	3	13	0	0	0	13	0	0	5.5	13	0	0	0	13	0	0	2.165		99.9136	52.0532	0.102075	0	1.02164	0.133007	16.0478	1		0	12.0616	36.2187	0	0	0	
2024-06-12 06:25:31	532	1324	9	0	0	3	13	0	0	0	13	0	0	4.25	13	0	0	0	13	0	0	1.082		99.912	51.9658	0.197382	0	1.97556	0.267095	15.516	1		0	12.0616	36.4785	0	0	0	
2024-06-12 06:32:45	587	1325	5	0	0	7	29	0	0	0	29	0	0	7.75	29	0	0	0	29	0	0	0.649		99.8988	51.3736	0.388359	0	3.88752	0.538499	18.3195	1		0	12.0616	35.0491	0	0	0	
2024-06-12 06:31:55	581	1326	9	0	0	7	29	0	0	0	29	0	0	6.5	29	0	0	0	29	0	0	0.433		99.9023	51.312	0.604233	0	6.04824	0.275777	19.0011	2		0	12.0616	35.1791	0	0	0	
2024-06-12 06:22:18	508	1327	5	0	0	1	5	0	0	0	5	0	0	6	5	0	0	0	5	0	0	4.33		99.918	51.7228	0.0595461	0	0.59595	0.373846	18.7223	1		0	12.0616	38.2978	0	0	0	
2024-06-12 06:22:32	510	1328	5	0	0	1	5	0	0	0	5	0	0	4.75	5	0	0	0	5	0	0	3.247		99.917	51.6741	0.0755316	0	0.755943	0.157084	17.8115	1		0	12.0616	38.0379	0	0	0	
2024-06-12 06:37:19	622	1329	9	0	0	4.75	20	0	0	0	20	0	0	5	20	0	0	0	20	0	0	0.216		99.8992	51.2684	1.23809	0	12.3934	0.134577	19.4676	2		0	11.9641	34.9192	0	0	0	
2024-06-12 06:30:39	571	1330	9	0	0	6	25	0	0	0	25	0	0	5	25	0	0	0	25	0	0	0.866		99.8988	51.6381	0.383579	0	3.83967	0.642332	24.1254	1		0	12.0616	35.309	0	0	0	
2024-06-12 06:30:32	570	1331	1	0	0	6	25	0	0	0	25	0	0	3.75	25	0	0	0	25	0	0	1.948		99.9001	51.6163	0.102288	0	1.0239	0.203473	14.4751	1		0	12.0616	35.309	0	0	0	
2024-06-12 06:23:29	517	1332	1	0	0	1	5	0	0	0	5	0	0	0	5	0	0	0	5	0	0	0.866		99.9145	51.5426	0.253659	0	2.53876	0.259173	15.9515	1		0	12.0705	37.5181	0	0	0	
2024-06-12 06:36:03	613	1333	9	0	0	0.75	4	0	0	0	4	0	0	7	4	0	0	0	4	0	0	5.412		99.9026	51.8128	0.0394982	0	0.395367	0.0238915	15.526	1		0	12.0616	34.9192	0	0	0	
2024-06-12 06:27:46	550	1334	1	0	0	4	17	0	0	0	17	0	0	0.25	17	0	0	0	17	0	0	3.247		99.9073	51.3406	0.0607697	0	0.608261	0.0192258	14.3318	1		0	12.0616	35.6989	0	0	0	
2024-06-12 06:34:38	602	1335	5	0	0	7.75	32	0	0	0	32	0	0	2.75	32	0	0	0	32	0	0	4.33		99.9026	51.8139	0.0491581	0	0.49206	0.104902	15.4585	1		0	12.0616	35.0491	0	0	0	
2024-06-12 06:30:04	567	1336	1	0	0	6	25	0	0	0	25	0	0	0	25	0	0	0	25	0	0	5.195		99.8976	51.6105	0.04561	0	0.456568	0.57653	17.2122	2		0	12.0616	35.309	0	0	0	
2024-06-12 06:23:55	520	1337	1	0	0	2	9	0	0	0	9	0	0	2.75	9	0	0	0	9	0	0	0.649		99.9134	51.3582	0.391985	0	3.92325	0.605394	18.4879	1		0	11.973	37.1283	0	0	0	
2024-06-12 06:32:38	586	1338	1	0	0	7	29	0	0	0	29	0	0	1.25	29	0	0	0	29	0	0	4.979		99.8961	51.3718	0.0440851	0	0.44131	0.64859	15.9438	1		0	12.0616	35.1791	0	0	0	
2024-06-12 06:21:12	499	1339	5	0	0	0	1	0	0	0	1	0	0	5.5	1	0	0	0	1	0	0	4.762		99.9187	52.4528	0.0625635	0	0.626144	0.0640389	21.638	1		0	12.0616	39.2074	0	0	0	
2024-06-12 06:20:49	496	1340	9	0	0	0	1	0	0	0	1	0	0	4.25	1	0	0	0	1	0	0	3.68		99.9176	52.7604	0.0593	0	0.593489	0.0190744	15.8483	1		0	12.0705	39.7272	0	0	0	
