Time	MeasID	DPID	Channel	A(x)	A(y)	A(z)	A(adr)	B(x)	B(y)	B(z)	B(adr)	M(x)	M(y)	M(z)	M(adr)	N(x)	N(y)	N(z)	N(adr)	F(x)	F(y)	F(z)	Note	I(mA)	Uout(V)	U(V)	SP(V)	R(Ohm)	Var(%)	Rho-a(Ohm-m)	Cycles	IP Delay Window(mV/V)	Pint(V)	Pext(V)	T int(deg C)	T log(deg C)	Latitude	Longitude
2024-06-13 08:17:56	769	1341	5	0	0	7.75	32	0	0	0	32	0	0	2	32	0	0	0	32	0	0	4.979		99.9425	59.8855	0.0416217	0	0.416456	0.00736731	15.0459	1		0	12.0616	38.5577	0	0	0	
2024-06-13 08:12:26	728	1342	9	0	0	5	21	0	0	0	21	0	0	7.5	21	0	0	0	21	0	0	2.165		99.9424	60.0465	0.0911959	0	0.912485	0.0098512	14.3333	2		0	12.0616	39.0775	0	0	0	
2024-06-13 08:12:04	725	1343	5	0	0	5	21	0	0	0	21	0	0	6.25	21	0	0	0	21	0	0	1.082		99.9454	60.4025	0.19778	0	1.97888	0.538429	15.5421	1		0	12.0616	39.0775	0	0	0	
2024-06-13 08:09:13	703	1344	1	0	0	3	13	0	0	0	13	0	0	1.75	13	0	0	0	13	0	0	1.082		99.9513	61.2604	0.178195	0	1.78282	0.480433	14.0022	1		0	12.0616	39.8571	0	0	0	
2024-06-13 08:16:59	762	1345	5	0	0	7.75	32	0	0	0	32	0	0	6.75	32	0	0	0	32	0	0	0.866		99.9372	59.8054	0.243877	0	2.4403	0.181912	15.3328	2		0	12.0616	38.5577	0	0	0	
2024-06-13 08:23:29	812	1346	1	0	0	3.25	14	0	0	0	14	0	0	2.5	14	0	0	0	14	0	0	0.649		99.9379	59.4143	0.307033	0	3.07224	0.143512	14.4776	2		0	12.0616	38.6876	0	0	0	
2024-06-13 08:10:22	712	1347	5	0	0	4	17	0	0	0	17	0	0	7.5	17	0	0	0	17	0	0	3.031		99.9471	59.8261	0.0676167	0	0.676526	0.169562	14.8776	2		0	12.0616	39.4673	0	0	0	
2024-06-13 08:11:02	717	1348	9	0	0	4	17	0	0	0	17	0	0	6.25	17	0	0	0	17	0	0	1.948		99.9431	60.1351	0.101796	0	1.01854	0.292259	14.3993	1		0	12.0616	39.3374	0	0	0	
2024-06-13 08:08:51	700	1349	1	0	0	3	13	0	0	0	13	0	0	3.5	13	0	0	0	13	0	0	0.433		99.9511	61.389	0.493441	0	4.93682	0.89431	15.5095	1		0.0088623	11.9552	40.117	0	0	0	
2024-06-13 08:07:43	691	1350	9	0	0	2	9	0	0	0	9	0	0	6.75	9	0	0	0	9	0	0	4.113		99.9524	60.9414	0.054228	0	0.542539	0.0177771	16.1921	1		0	12.0616	40.6368	0	0	0	
2024-06-13 08:16:07	755	1351	9	0	0	7	29	0	0	0	29	0	0	5.75	29	0	0	0	29	0	0	1.082		99.9388	59.8232	0.195287	0	1.95407	0.365737	15.3472	1		0	11.9552	38.6876	0	0	0	
2024-06-13 08:16:07	755	1352	5	0	0	7	29	0	0	0	29	0	0	4.5	29	0	0	0	29	0	0	2.165		99.9388	59.8232	0.0905196	0	0.90575	0.150392	14.2275	1		0	11.9552	38.6876	0	0	0	
2024-06-13 08:05:51	676	1353	5	0	0	1	5	0	0	0	5	0	0	5.25	5	0	0	0	5	0	0	3.68		99.9547	61.558	0.061677	0	0.61705	0.388632	16.4774	1		0	12.0616	41.6764	0	0	0	
2024-06-13 08:06:28	681	1354	9	0	0	1	5	0	0	0	5	0	0	4	5	0	0	0	5	0	0	2.598		99.9521	61.0258	0.0734586	0	0.734939	0.0474256	13.8533	1		0	12.0616	41.1566	0	0	0	
2024-06-13 08:21:57	800	1355	1	0	0	4.75	20	0	0	0	20	0	0	3	20	0	0	0	20	0	0	1.515		99.9458	59.5561	0.126973	0	1.27042	0.352785	13.969	1		0	12.0616	38.5577	0	0	0	
2024-06-13 08:14:53	747	1356	1	0	0	6	25	0	0	0	25	0	0	3	25	0	0	0	25	0	0	2.598		99.9429	59.6466	0.0782548	0	0.782995	0.127587	14.7591	2		0.0088623	12.0616	38.5577	0	0	0	
2024-06-13 08:08:38	698	1357	1	0	0	2	9	0	0	0	9	0	0	2.25	9	0	0	0	9	0	0	0.216		99.9524	61.1744	0.81505	0	8.15438	0.405656	12.8089	1		0	12.0616	40.117	0	0	0	
2024-06-13 08:16:29	758	1358	5	0	0	7	29	0	0	0	29	0	0	0.5	29	0	0	0	29	0	0	5.628		99.9416	60.001	0.0451593	0	0.451857	0.422754	18.4542	1		0	12.0616	38.6876	0	0	0	
2024-06-13 08:05:19	672	1359	5	0	0	0	1	0	0	0	1	0	0	3.5	1	0	0	0	1	0	0	3.031		99.9606	62.3072	0.0730189	0	0.730477	0.902863	16.064	1		0	12.0616	42.0662	0	0	0	
2024-06-13 08:23:22	811	1360	1	0	0	1.75	8	0	0	0	8	0	0	0	8	0	0	0	8	0	0	1.515		99.9425	59.4724	0.124084	0	1.24156	0.301328	13.6516	1		0	12.0616	38.6876	0	0	0	
2024-06-13 08:14:17	742	1361	9	0	0	6	25	0	0	0	25	0	0	7	25	0	0	0	25	0	0	0.866		99.9444	59.9672	0.259438	0	2.59582	0.378485	16.31	1		0	12.0616	38.8176	0	0	0	
2024-06-13 08:22:38	805	1362	1	0	0	6.5	27	0	0	0	27	0	0	1.25	27	0	0	0	27	0	0	4.546		99.9393	59.5056	0.0591097	0	0.591456	0.425857	19.5102	1		0	12.0616	38.4277	0	0	0	
2024-06-13 08:17:34	766	1363	1	0	0	7.75	32	0	0	0	32	0	0	1.25	32	0	0	0	32	0	0	5.628		99.9423	59.7983	0.0392572	0	0.392799	0.870909	16.0422	1		0	12.0616	38.5577	0	0	0	
2024-06-13 08:12:04	725	1364	9	0	0	5	21	0	0	0	21	0	0	5.5	21	0	0	0	21	0	0	0.433		99.9454	60.4025	0.516933	0	5.17216	0.842074	16.2488	1		0	12.0616	39.0775	0	0	0	
2024-06-13 08:12:43	730	1365	9	0	0	5	21	0	0	0	21	0	0	4.25	21	0	0	0	21	0	0	0.649		99.9449	60.2579	0.340581	0	3.40768	0.478293	16.0583	1		0	12.0616	38.9475	0	0	0	
2024-06-13 08:09:39	706	1366	1	0	0	3	13	0	0	0	13	0	0	1	13	0	0	0	13	0	0	1.732		99.9505	61.0937	0.106037	0	1.0609	0.384295	13.3317	1		0	12.0616	39.7272	0	0	0	
2024-06-13 08:06:49	684	1367	5	0	0	1	5	0	0	0	5	0	0	2	5	0	0	0	5	0	0	0.866		99.959	60.8093	0.22493	0	2.25022	0.418077	14.1385	1		0	12.0616	41.1566	0	0	0	
2024-06-13 08:19:19	780	1368	9	0	0	1.75	8	0	0	0	8	0	0	6	8	0	0	0	8	0	0	3.68		99.9445	59.7635	0.0621048	0	0.621393	0.399412	16.5934	1		0	12.0616	38.5577	0	0	0	
2024-06-13 08:10:40	714	1369	1	0	0	4	17	0	0	0	17	0	0	2.25	17	0	0	0	17	0	0	1.515		99.948	59.9915	0.123361	0	1.23425	0.296603	13.5713	1		0.0088623	12.0616	39.4673	0	0	0	
2024-06-13 08:16:59	762	1370	9	0	0	7.75	32	0	0	0	32	0	0	6	32	0	0	0	32	0	0	1.515		99.9372	59.8054	0.128782	0	1.28863	0.126597	14.1692	2		0	12.0616	38.5577	0	0	0	
2024-06-13 08:16:51	761	1371	1	0	0	7.75	32	0	0	0	32	0	0	4.75	32	0	0	0	32	0	0	2.598		99.9394	60.0064	0.0721593	0	0.72203	0.973744	13.6099	1		0	12.0616	38.4277	0	0	0	
2024-06-13 08:15:04	748	1372	1	0	0	6	25	0	0	0	25	0	0	2	25	0	0	0	25	0	0	3.464		99.9438	59.809	0.0658195	0	0.658564	0.381476	16.5515	1		0	12.0616	38.6876	0	0	0	
2024-06-13 08:10:54	716	1373	5	0	0	4	17	0	0	0	17	0	0	5.5	17	0	0	0	17	0	0	1.299		99.9468	60.1893	0.160195	0	1.6028	0.030985	15.106	1		0.0088623	12.0616	39.3374	0	0	0	
2024-06-13 08:11:09	718	1374	5	0	0	4	17	0	0	0	17	0	0	4.25	17	0	0	0	17	0	0	0.216		99.9386	60.1597	0.92623	0	9.26799	0.179235	14.5581	1		0	12.0616	39.3374	0	0	0	
2024-06-13 08:05:34	674	1375	1	0	0	0	1	0	0	0	1	0	0	1.75	1	0	0	0	1	0	0	1.515		99.9554	62.095	0.122542	0	1.22596	0.117543	13.4802	1		0.0088623	12.0616	41.9363	0	0	0	
2024-06-13 08:24:33	820	1376	1	0	0	3.75	16	0	0	4	16	0	0	3.5	16	0	0	4.25	16	0	0	0.13		99.9452	18.4272	0.662759	0	6.63123	0.208331	10.4163	1		0	12.0616	38.6876	0	0	0	
2024-06-13 08:09:46	707	1377	5	0	0	3	13	0	0	0	13	0	0	2.75	13	0	0	0	13	0	0	0.216		99.9469	61.965	0.803996	0	8.04423	0.604585	12.6359	1		0	12.0616	39.5972	0	0	0	
2024-06-13 08:07:28	689	1378	5	0	0	2	9	0	0	0	9	0	0	6	9	0	0	0	9	0	0	3.464		99.9542	60.9276	0.066257	0	0.662873	0.100985	16.6598	1		0	12.0616	40.6368	0	0	0	
2024-06-13 08:07:36	690	1379	9	0	0	2	9	0	0	0	9	0	0	4.75	9	0	0	0	9	0	0	2.381		99.9534	61.1326	0.0837471	0	0.837861	0.358686	14.4772	1		0	12.0616	40.6368	0	0	0	
2024-06-13 08:15:57	754	1380	9	0	0	7	29	0	0	0	29	0	0	5	29	0	0	0	29	0	0	1.732		99.9429	59.9773	0.113359	0	1.13424	0.0920241	14.2533	2		0	12.0616	38.6876	0	0	0	
2024-06-13 08:16:37	759	1381	1	0	0	7	29	0	0	0	29	0	0	3.75	29	0	0	0	29	0	0	2.814		99.9452	60.0354	0.0707296	0	0.707684	0.305613	14.4512	1		0	12.0616	38.5577	0	0	0	
2024-06-13 08:06:06	678	1382	1	0	0	1	5	0	0	0	5	0	0	3.25	5	0	0	0	5	0	0	1.948		99.9535	61.2461	0.0937335	0	0.937771	0.152379	13.2574	1		0	12.0616	41.4165	0	0	0	
2024-06-13 08:18:55	777	1383	9	0	0	2.75	12	0	0	0	12	0	0	5	12	0	0	0	12	0	0	1.948		99.9456	60.1999	0.0969619	0	0.970147	0.446488	13.7151	1		0	12.0616	38.5577	0	0	0	
2024-06-13 08:12:58	732	1384	5	0	0	5	21	0	0	0	21	0	0	1.75	21	0	0	0	21	0	0	2.814		99.9479	60.4806	0.073922	0	0.739606	0.446392	15.103	1		0.0088623	12.0616	38.9475	0	0	0	
2024-06-13 08:07:58	693	1385	1	0	0	2	9	0	0	0	9	0	0	1.5	9	0	0	0	9	0	0	0.433		99.9515	60.9729	0.478869	0	4.79101	0.522535	15.0514	1		0	12.0705	40.117	0	0	0	
2024-06-13 08:04:01	663	1386	1	0	0	0	1	0	0	0	1	0	0	2.75	1	0	0	0	1	0	0	2.381		99.9554	67.3396	0.113441	0	1.13492	0.542748	19.61	2		0	12.0793	43.2357	0	0	0	
2024-06-13 08:18:47	776	1387	9	0	0	3.25	14	0	0	0	14	0	0	4.5	14	0	0	0	14	0	0	1.082		99.9413	60.0021	0.185728	0	1.85837	0.556183	14.5956	1		0	12.0616	38.4277	0	0	0	
2024-06-13 08:09:21	704	1388	5	0	0	3	13	0	0	0	13	0	0	6.75	13	0	0	0	13	0	0	3.247		99.9532	61.3386	0.0656741	0	0.657049	0.448867	15.4814	1		0	12.0616	39.8571	0	0	0	
2024-06-13 08:05:41	675	1389	9	0	0	1	5	0	0	0	5	0	0	7.25	5	0	0	0	5	0	0	5.412		99.9553	61.2904	0.0644796	0	0.645084	0.710279	25.3324	2		0	12.0616	41.8063	0	0	0	
2024-06-13 08:14:00	740	1390	9	0	0	6	25	0	0	0	25	0	0	7.5	25	0	0	0	25	0	0	1.299		99.9445	59.6062	0.157257	0	1.57344	0.023471	14.8293	2		0	12.0616	38.8176	0	0	0	
2024-06-13 08:14:17	742	1391	5	0	0	6	25	0	0	0	25	0	0	6.25	25	0	0	0	25	0	0	0.216		99.9444	59.9672	0.902443	0	9.02945	0.57733	14.1834	1		0	12.0616	38.8176	0	0	0	
2024-06-13 08:17:42	767	1392	1	0	0	7.75	32	0	0	0	32	0	0	0.5	32	0	0	0	32	0	0	6.278		99.9413	59.8965	0.0362301	0	0.362513	0.0286281	16.5136	1		0	12.0616	38.5577	0	0	0	
2024-06-13 08:13:06	733	1393	5	0	0	5	21	0	0	0	21	0	0	3.5	21	0	0	0	21	0	0	1.299		99.9441	60.3677	0.149819	0	1.49903	0.30011	14.128	1		0	12.0616	38.9475	0	0	0	
2024-06-13 08:09:53	708	1394	1	0	0	3	13	0	0	0	13	0	0	0.25	13	0	0	0	13	0	0	2.381		99.9474	61.9473	0.0777273	0	0.777682	0.0787618	13.4374	1		0	12.0616	39.5972	0	0	0	
2024-06-13 08:06:57	685	1395	5	0	0	1	5	0	0	0	5	0	0	1.25	5	0	0	0	5	0	0	0.216		99.9536	60.8277	0.819955	0	8.20335	0.501086	12.8858	1		0	12.0705	41.0267	0	0	0	
2024-06-13 08:10:54	716	1396	1	0	0	4	17	0	0	0	17	0	0	1.5	17	0	0	0	17	0	0	2.165		99.9468	60.1893	0.0858568	0	0.859026	0.0259055	13.4935	1		0.0088623	12.0616	39.3374	0	0	0	
2024-06-13 08:19:26	781	1397	9	0	0	1.5	7	0	0	0	7	0	0	6.25	7	0	0	0	7	0	0	4.113		99.9428	59.0603	0.0555162	0	0.555479	0.396452	16.5783	1		0	12.0616	38.5577	0	0	0	
2024-06-13 08:17:09	763	1398	5	0	0	7.75	32	0	0	0	32	0	0	5.25	32	0	0	0	32	0	0	2.165		99.9418	59.868	0.0858808	0	0.859308	0.475236	13.498	1		0.0088623	12.0616	38.5577	0	0	0	
2024-06-13 08:17:49	768	1399	5	0	0	7.75	32	0	0	0	32	0	0	4	32	0	0	0	32	0	0	3.247		99.941	59.9545	0.0582338	0	0.582682	0.0965156	13.7291	1		0	12.0616	38.5577	0	0	0	
2024-06-13 08:13:52	739	1400	1	0	0	6	25	0	0	0	25	0	0	1.25	25	0	0	0	25	0	0	4.113		99.9459	59.9539	0.0608467	0	0.608797	0.178466	18.1696	1		0	12.0616	38.8176	0	0	0	
2024-06-13 08:11:49	723	1401	1	0	0	4	17	0	0	0	17	0	0	3.5	17	0	0	0	17	0	0	0.433		99.9454	59.9495	0.529716	0	5.30005	0.377632	16.6506	1		0	12.0616	39.2074	0	0	0	
2024-06-13 08:04:18	664	1402	1	0	0	0	1	0	0	0	1	0	0	1	1	0	0	0	1	0	0	0.866		99.9555	65.3432	0.231334	0	2.31437	0.767069	14.5416	1		0	12.0616	43.3657	0	0	0	
2024-06-13 08:07:58	693	1403	9	0	0	2	9	0	0	0	9	0	0	5.25	9	0	0	0	9	0	0	2.814		99.9515	60.9729	0.077978	0	0.780158	0.613586	15.9311	1		0	12.0705	40.117	0	0	0	
2024-06-13 08:07:36	690	1404	5	0	0	2	9	0	0	0	9	0	0	4	9	0	0	0	9	0	0	1.732		99.9534	61.1326	0.10952	0	1.09571	0.404876	13.7691	1		0	12.0616	40.6368	0	0	0	
2024-06-13 08:23:40	813	1405	1	0	0	3.5	15	0	0	0	15	0	0	2.25	15	0	0	0	15	0	0	1.082		99.9399	58.8224	0.180072	0	1.8018	0.515703	14.1513	1		0	12.0616	38.6876	0	0	0	
2024-06-13 08:16:37	759	1406	5	0	0	7	29	0	0	0	29	0	0	3	29	0	0	0	29	0	0	3.464		99.9452	60.0354	0.0591765	0	0.592089	0.282756	14.8808	1		0	12.0616	38.5577	0	0	0	
2024-06-13 08:05:41	675	1407	1	0	0	1	5	0	0	0	5	0	0	2.5	5	0	0	0	5	0	0	1.299		99.9553	61.2904	0.145507	0	1.45572	0.104601	13.7199	2		0	12.0616	41.8063	0	0	0	
2024-06-13 08:04:01	663	1408	5	0	0	0	1	0	0	0	1	0	0	6.75	1	0	0	0	1	0	0	5.845		99.9554	67.3396	0.0416494	0	0.41668	0.106892	17.672	2		0	12.0793	43.2357	0	0	0	
2024-06-13 08:20:34	789	1409	1	0	0	2.75	12	0	0	0	12	0	0	3	12	0	0	0	12	0	0	0.216		99.9414	59.8179	0.812596	0	8.13072	0.676185	12.7717	1		0	12.0616	38.5577	0	0	0	
2024-06-13 08:12:58	732	1410	1	0	0	5	21	0	0	0	21	0	0	1	21	0	0	0	21	0	0	3.464		99.9479	60.4806	0.0640823	0	0.641157	0.12566	16.114	1		0.0088623	12.0616	38.9475	0	0	0	
2024-06-13 08:25:55	829	1411	1	0	0	0.5	3	0	0	7.25	3	0	0	2.75	3	0	0	5	3	0	0	1.168		99.9471	20.6033	0.0772664	0	0.773073	0.141621	10.9291	2		0	12.0616	38.6876	0	0	0	
2024-06-13 08:21:16	795	1412	9	0	0	6.75	28	0	0	0	28	0	0	7	28	0	0	0	28	0	0	0.216		99.9475	60.0222	0.851171	0	8.51618	0.816421	13.3772	1		0	12.0616	38.5577	0	0	0	
2024-06-13 08:08:16	695	1413	1	0	0	2	9	0	0	0	9	0	0	0.75	9	0	0	0	9	0	0	1.082		99.9548	60.8856	0.174638	0	1.74717	0.349969	13.7223	1		0	12.0616	40.3769	0	0	0	
2024-06-13 08:09:06	702	1414	9	0	0	3	13	0	0	0	13	0	0	6	13	0	0	0	13	0	0	2.598		99.9541	61.3346	0.0796801	0	0.797167	0.217459	15.0262	1		0	12.0616	39.9871	0	0	0	
2024-06-13 08:08:45	699	1415	1	0	0	3	13	0	0	0	13	0	0	4.75	13	0	0	0	13	0	0	1.515		99.9548	61.5379	0.127949	0	1.28007	0.603544	14.0751	1		0	12.0616	40.117	0	0	0	
2024-06-13 08:06:35	682	1416	5	0	0	1	5	0	0	0	5	0	0	7.75	5	0	0	0	5	0	0	5.845		99.9503	60.9605	0.0399115	0	0.399313	0.420093	16.9355	1		0	12.0616	41.1566	0	0	0	
2024-06-13 08:06:35	682	1417	9	0	0	1	5	0	0	0	5	0	0	6.5	5	0	0	0	5	0	0	4.762		99.9503	60.9605	0.0525215	0	0.525476	0.932337	18.1591	1		0	12.0616	41.1566	0	0	0	
2024-06-13 08:13:27	736	1418	5	0	0	6	25	0	0	0	25	0	0	5.5	25	0	0	0	25	0	0	0.433		99.942	59.6759	0.529276	0	5.29583	0.399478	16.6373	2		0	12.0616	38.8176	0	0	0	
2024-06-13 08:13:52	739	1419	5	0	0	6	25	0	0	0	25	0	0	4.25	25	0	0	0	25	0	0	1.515		99.9459	59.9539	0.134824	0	1.34897	0.193782	14.8327	1		0	12.0616	38.8176	0	0	0	
2024-06-13 08:13:20	735	1420	5	0	0	5	21	0	0	0	21	0	0	2.75	21	0	0	0	21	0	0	1.948		99.9419	60.1724	0.0964723	0	0.965284	0.220346	13.6464	1		0	12.0616	38.9475	0	0	0	
2024-06-13 08:05:51	676	1421	1	0	0	1	5	0	0	0	5	0	0	0.5	5	0	0	0	5	0	0	0.433		99.9547	61.558	0.498839	0	4.99065	0.813888	15.6786	1		0	12.0616	41.6764	0	0	0	
2024-06-13 08:11:09	718	1422	1	0	0	4	17	0	0	0	17	0	0	0.75	17	0	0	0	17	0	0	2.814		99.9386	60.1597	0.0694592	0	0.695019	0.107489	14.1925	1		0	12.0616	39.3374	0	0	0	
2024-06-13 08:18:19	772	1423	1	0	0	7.75	32	0	0	0	32	0	0	3.25	32	0	0	0	32	0	0	3.897		99.9402	60.162	0.0492577	0	0.492872	0.623449	13.9356	1		0	12.0616	38.5577	0	0	0	
2024-06-13 08:25:08	824	1424	1	0	0	2.75	12	0	0	5	12	0	0	0.5	12	0	0	7.25	12	0	0	1.168		99.9443	20.8004	0.0820316	0	0.820774	0.430677	11.6034	2		0	11.973	38.6876	0	0	0	
2024-06-13 08:19:34	782	1425	9	0	0	1.25	6	0	0	0	6	0	0	6.5	6	0	0	0	6	0	0	4.546		99.9396	60.0869	0.0529904	0	0.530225	0.923042	17.4904	1		0	12.0616	38.5577	0	0	0	
2024-06-13 08:14:10	741	1426	1	0	0	6	25	0	0	0	25	0	0	0.5	25	0	0	0	25	0	0	4.762		99.9424	59.9197	0.056832	0	0.568647	0.362514	19.651	1		0	12.0616	38.8176	0	0	0	
2024-06-13 08:10:47	715	1427	1	0	0	4	17	0	0	0	17	0	0	2.75	17	0	0	0	17	0	0	1.082		99.9472	60.2269	0.182838	0	1.82934	0.329374	14.3676	1		0	12.0616	39.4673	0	0	0	
2024-06-13 08:04:54	669	1428	1	0	0	0	1	0	0	0	1	0	0	0.25	1	0	0	0	1	0	0	0.216		99.9537	62.5379	0.82066	0	8.2104	0.057193	12.8969	2		0	12.0616	42.4561	0	0	0	
2024-06-13 08:07:28	689	1429	1	0	0	2	9	0	0	0	9	0	0	3.25	9	0	0	0	9	0	0	1.082		99.9542	60.9276	0.1805	0	1.80583	0.471322	14.183	1		0	12.0616	40.6368	0	0	0	
2024-06-13 08:15:33	751	1430	1	0	0	7	29	0	0	0	29	0	0	1.75	29	0	0	0	29	0	0	4.546		99.9452	60.1391	0.0511587	0	0.511868	0.402697	16.8849	1		0	12.0616	38.6876	0	0	0	
2024-06-13 08:04:46	668	1431	9	0	0	0	1	0	0	0	1	0	0	6	1	0	0	0	1	0	0	5.195		99.9506	63.4773	0.0513373	0	0.513627	0.646627	19.3633	1		0	12.0616	42.7159	0	0	0	
2024-06-13 08:04:18	664	1432	9	0	0	0	1	0	0	0	1	0	0	4.75	1	0	0	0	1	0	0	4.113		99.9555	65.3432	0.0530706	0	0.530942	0.163385	15.846	1		0	12.0616	43.3657	0	0	0	
2024-06-13 08:22:53	807	1433	1	0	0	7.25	30	0	0	0	30	0	0	0.5	30	0	0	0	30	0	0	5.845		99.9442	59.7666	0.0551956	0	0.552264	0.775065	23.4223	1		0	12.0616	38.6876	0	0	0	
2024-06-13 08:13:13	734	1434	1	0	0	5	21	0	0	0	21	0	0	0.25	21	0	0	0	21	0	0	4.113		99.943	60.2745	0.0521833	0	0.52213	0.544493	15.583	1		0	12.0616	38.9475	0	0	0	
2024-06-13 08:12:11	726	1435	9	0	0	5	21	0	0	0	21	0	0	6.75	21	0	0	0	21	0	0	1.515		99.9435	60.4363	0.138141	0	1.3822	0.157551	15.198	1		0	12.0616	39.0775	0	0	0	
2024-06-13 08:10:08	710	1436	1	0	0	3	13	0	0	0	13	0	0	2.25	13	0	0	0	13	0	0	0.649		99.9499	61.4691	0.324501	0	3.24664	0.463416	15.2994	1		0	12.0616	39.5972	0	0	0	
2024-06-13 08:08:30	697	1437	1	0	0	2	9	0	0	0	9	0	0	0	9	0	0	0	9	0	0	1.732		99.9513	60.697	0.13378	0	1.33845	0.894234	16.8194	1		0	12.0616	39.9871	0	0	0	
2024-06-13 08:21:24	796	1438	9	0	0	6.5	27	0	0	0	27	0	0	7.25	27	0	0	0	27	0	0	0.649		99.9442	59.2585	0.365722	0	3.65926	0.0676023	17.2438	2		0	12.0616	38.5577	0	0	0	
2024-06-13 08:17:16	764	1439	9	0	0	7.75	32	0	0	0	32	0	0	7.25	32	0	0	0	32	0	0	0.433		99.9391	59.5648	0.475201	0	4.75491	0.150249	14.938	2		0	12.0616	38.5577	0	0	0	
2024-06-13 08:23:00	808	1440	1	0	0	7.5	31	0	0	0	31	0	0	0.25	31	0	0	0	31	0	0	6.278		99.942	59.6528	0.0419793	0	0.420037	0.625395	19.134	1		0	12.0616	38.2978	0	0	0	
2024-06-13 08:20:07	786	1441	1	0	0	0.75	4	0	0	0	4	0	0	1	4	0	0	0	4	0	0	0.216		99.9438	59.7174	0.832814	0	8.33282	0.564696	13.0892	1		0	12.0616	38.5577	0	0	0	
2024-06-13 08:22:14	802	1442	1	0	0	5.5	23	0	0	0	23	0	0	2.25	23	0	0	0	23	0	0	2.814		99.9475	58.8357	0.111748	0	1.11807	0.673514	22.8314	2		0	12.0616	38.6876	0	0	0	
2024-06-13 08:10:32	713	1443	5	0	0	4	17	0	0	0	17	0	0	6.75	17	0	0	0	17	0	0	2.381		99.9475	59.9739	0.0849	0	0.849446	0.459959	14.6774	1		0	12.0616	39.4673	0	0	0	
2024-06-13 08:08:51	700	1444	5	0	0	3	13	0	0	0	13	0	0	5.25	13	0	0	0	13	0	0	1.948		99.9511	61.389	0.099429	0	0.994777	0.196601	14.0633	1		0.0088623	11.9552	40.117	0	0	0	
2024-06-13 08:09:13	703	1445	9	0	0	3	13	0	0	0	13	0	0	4	13	0	0	0	13	0	0	0.866		99.9513	61.2604	0.242355	0	2.42473	0.531905	15.235	1		0	12.0616	39.8571	0	0	0	
2024-06-13 08:07:11	687	1446	1	0	0	2	9	0	0	0	9	0	0	7.25	9	0	0	0	9	0	0	4.546		99.9516	61.0006	0.0611602	0	0.611898	0.351194	20.1845	2		0	12.0616	40.6368	0	0	0	
2024-06-13 08:15:26	750	1447	5	0	0	7	29	0	0	0	29	0	0	7.5	29	0	0	0	29	0	0	0.433		99.9438	61.0029	0.475648	0	4.75916	0.359333	14.9513	1		0	12.0616	38.6876	0	0	0	
2024-06-13 08:15:12	749	1448	9	0	0	7	29	0	0	0	29	0	0	6.25	29	0	0	0	29	0	0	0.649		99.9403	59.3925	0.347338	0	3.47546	0.438284	16.3777	4		0	12.0616	38.6876	0	0	0	
2024-06-13 08:06:28	681	1449	5	0	0	1	5	0	0	0	5	0	0	5.75	5	0	0	0	5	0	0	4.113		99.9521	61.0258	0.0533222	0	0.533477	0.135475	15.9217	1		0	12.0616	41.1566	0	0	0	
2024-06-13 08:05:59	677	1450	9	0	0	1	5	0	0	0	5	0	0	4.5	5	0	0	0	5	0	0	3.031		99.9567	61.3191	0.0712682	0	0.712991	0.855591	15.6795	1		0	12.0616	41.6764	0	0	0	
2024-06-13 08:14:39	745	1451	5	0	0	6	25	0	0	0	25	0	0	3.5	25	0	0	0	25	0	0	2.165		99.9409	59.8799	0.0888803	0	0.889329	0.0469759	13.9695	1		0	12.0616	38.6876	0	0	0	
2024-06-13 08:11:34	721	1452	1	0	0	4	17	0	0	0	17	0	0	0	17	0	0	0	17	0	0	3.464		99.9409	59.7942	0.0616379	0	0.616744	0.190283	15.5005	1		0	11.9552	39.2074	0	0	0	
2024-06-13 08:16:59	762	1453	1	0	0	7.75	32	0	0	0	32	0	0	2.5	32	0	0	0	32	0	0	4.546		99.9372	59.8054	0.0452257	0	0.452541	0.0317175	14.9278	2		0	12.0616	38.5577	0	0	0	
2024-06-13 08:08:23	696	1454	1	0	0	2	9	0	0	0	9	0	0	2.5	9	0	0	0	9	0	0	0.433		99.9552	60.7483	0.475376	0	4.75589	0.435533	14.9411	1		0	12.0616	40.247	0	0	0	
2024-06-13 08:15:49	753	1455	1	0	0	7	29	0	0	0	29	0	0	1	29	0	0	0	29	0	0	5.195		99.9459	60.0765	0.0474298	0	0.474554	0.227686	17.8903	1		0	12.0616	38.6876	0	0	0	
2024-06-13 08:04:31	666	1456	9	0	0	0	1	0	0	0	1	0	0	5.25	1	0	0	0	1	0	0	4.546		99.9591	63.9352	0.0517241	0	0.517452	0.516712	17.069	1		0	12.0705	42.9758	0	0	0	
2024-06-13 08:04:54	669	1457	5	0	0	0	1	0	0	0	1	0	0	4	1	0	0	0	1	0	0	3.464		99.9537	62.5379	0.0615027	0	0.615312	0.124583	15.4645	2		0	12.0616	42.4561	0	0	0	
2024-06-13 08:17:16	764	1458	1	0	0	7.75	32	0	0	0	32	0	0	1.75	32	0	0	0	32	0	0	5.195		99.9391	59.5648	0.0408715	0	0.408964	0.154939	15.4176	2		0	12.0616	38.5577	0	0	0	
2024-06-13 08:11:57	724	1459	9	0	0	5	21	0	0	0	21	0	0	6	21	0	0	0	21	0	0	0.866		99.9498	60.4652	0.255196	0	2.55325	0.969035	16.0425	1		0	12.0616	39.0775	0	0	0	
2024-06-13 08:12:36	729	1460	9	0	0	5	21	0	0	0	21	0	0	4.75	21	0	0	0	21	0	0	0.216		99.9431	60.1175	0.8421	0	8.42579	0.617211	13.2352	1		0	12.0616	38.9475	0	0	0	
2024-06-13 08:10:08	710	1461	5	0	0	3	13	0	0	0	13	0	0	1.5	13	0	0	0	13	0	0	1.299		99.9499	61.4691	0.142579	0	1.42651	0.273711	13.4445	1		0	12.0616	39.5972	0	0	0	
2024-06-13 08:17:34	766	1462	9	0	0	7.75	32	0	0	0	32	0	0	6.5	32	0	0	0	32	0	0	1.082		99.9423	59.7983	0.189476	0	1.89585	0.576749	14.89	1		0	12.0616	38.5577	0	0	0	
2024-06-13 08:19:11	779	1463	9	0	0	2.25	10	0	0	0	10	0	0	5.5	10	0	0	0	10	0	0	2.814		99.9449	60.3607	0.0836245	0	0.836706	0.653636	17.0858	1		0	12.0616	38.5577	0	0	0	
2024-06-13 08:24:58	823	1464	1	0	0	3	13	0	0	4.75	13	0	0	1.25	13	0	0	6.5	13	0	0	0.908		99.9441	20.8196	0.0720042	0	0.720445	0.764267	7.9217	2		0	12.0616	38.6876	0	0	0	
2024-06-13 08:11:09	718	1465	9	0	0	4	17	0	0	0	17	0	0	6	17	0	0	0	17	0	0	1.732		99.9386	60.1597	0.114803	0	1.14873	0.207152	14.4354	1		0	12.0616	39.3374	0	0	0	
2024-06-13 08:10:40	714	1466	9	0	0	4	17	0	0	0	17	0	0	4.75	17	0	0	0	17	0	0	0.649		99.948	59.9915	0.356777	0	3.56963	0.529356	16.8215	1		0.0088623	12.0616	39.4673	0	0	0	
2024-06-13 08:04:39	667	1467	1	0	0	0	1	0	0	0	1	0	0	2.25	1	0	0	0	1	0	0	1.948		99.9537	63.6276	0.10799	0	1.0804	0.195298	15.2739	1		0	12.0616	42.8459	0	0	0	
2024-06-13 08:24:47	822	1468	1	0	0	3.25	14	0	0	4.5	14	0	0	2	14	0	0	5.75	14	0	0	0.649		99.9429	20.3569	0.17734	0	1.77441	0.0630627	13.9362	2		0	12.0616	38.5577	0	0	0	
2024-06-13 08:09:46	707	1469	1	0	0	3	13	0	0	0	13	0	0	3.25	13	0	0	0	13	0	0	0.216		99.9469	61.965	0.823371	0	8.23809	0.517446	12.9404	1		0	12.0616	39.5972	0	0	0	
2024-06-13 08:07:58	693	1470	5	0	0	2	9	0	0	0	9	0	0	7.75	9	0	0	0	9	0	0	4.979		99.9515	60.9729	0.0447486	0	0.447703	0.448707	16.1748	1		0	12.0705	40.117	0	0	0	
2024-06-13 08:07:43	691	1471	5	0	0	2	9	0	0	0	9	0	0	6.5	9	0	0	0	9	0	0	3.897		99.9524	60.9414	0.0562976	0	0.563244	0.0623691	15.9253	1		0	12.0616	40.6368	0	0	0	
2024-06-13 08:15:26	750	1472	9	0	0	7	29	0	0	0	29	0	0	5.5	29	0	0	0	29	0	0	1.299		99.9438	61.0029	0.15681	0	1.56898	0.214106	14.7873	1		0	12.0616	38.6876	0	0	0	
2024-06-13 08:16:15	756	1473	5	0	0	7	29	0	0	0	29	0	0	4.25	29	0	0	0	29	0	0	2.381		99.9395	59.9659	0.0831398	0	0.831902	0.0348563	14.3742	1		0	12.0616	38.4277	0	0	0	
2024-06-13 08:06:14	679	1474	9	0	0	1	5	0	0	0	5	0	0	5	5	0	0	0	5	0	0	3.464		99.951	61.2686	0.0637105	0	0.637417	0.280903	16.02	1		0	12.0616	41.4165	0	0	0	
2024-06-13 08:06:42	683	1475	5	0	0	1	5	0	0	0	5	0	0	3.75	5	0	0	0	5	0	0	2.381		99.9519	60.8149	0.0809548	0	0.809938	0.298474	13.9947	1		0	11.9552	41.1566	0	0	0	
2024-06-13 08:13:27	736	1476	1	0	0	6	25	0	0	0	25	0	0	2.75	25	0	0	0	25	0	0	2.814		99.942	59.6759	0.07178	0	0.718217	0.211413	14.6662	2		0	12.0616	38.8176	0	0	0	
2024-06-13 08:11:57	724	1477	1	0	0	5	21	0	0	0	21	0	0	2.25	21	0	0	0	21	0	0	2.381		99.9498	60.4652	0.0804321	0	0.804725	0.449768	13.9046	1		0	12.0616	39.0775	0	0	0	
2024-06-13 08:16:07	755	1478	1	0	0	7	29	0	0	0	29	0	0	0.25	29	0	0	0	29	0	0	5.845		99.9388	59.8232	0.0409333	0	0.409584	0.0926076	17.3711	1		0	11.9552	38.6876	0	0	0	
2024-06-13 08:05:26	673	1479	1	0	0	0	1	0	0	0	1	0	0	3.25	1	0	0	0	1	0	0	2.814		99.9554	62.2285	0.0694096	0	0.694406	0.205673	14.18	1		0.0088623	12.0705	42.0662	0	0	0	
2024-06-13 08:09:28	705	1480	9	0	0	3	13	0	0	0	13	0	0	7.25	13	0	0	0	13	0	0	3.68		99.9521	60.9956	0.0767864	0	0.768232	0.188961	20.5145	2		0	12.0616	39.8571	0	0	0	
2024-06-13 08:13:45	738	1481	5	0	0	6	25	0	0	0	25	0	0	6.75	25	0	0	0	25	0	0	0.649		99.9472	60.1029	0.365701	0	3.65894	0.661808	17.2423	1		0	12.0616	38.8176	0	0	0	
2024-06-13 08:18:33	774	1482	9	0	0	3.75	16	0	0	0	16	0	0	4	16	0	0	0	16	0	0	0.216		99.9434	59.6429	0.917264	0	9.17783	0.647092	14.4165	1		0	12.0616	38.5577	0	0	0	
2024-06-13 08:18:11	771	1483	5	0	0	7.75	32	0	0	0	32	0	0	1	32	0	0	0	32	0	0	5.845		99.9424	60.1379	0.0379038	0	0.379256	0.247045	16.0848	1		0	12.0616	38.5577	0	0	0	
2024-06-13 08:12:18	727	1484	5	0	0	5	21	0	0	0	21	0	0	5.25	21	0	0	0	21	0	0	0.216		99.9436	60.3446	0.858007	0	8.58491	0.651983	13.4852	1		0	12.0616	39.0775	0	0	0	
2024-06-13 08:12:43	730	1485	5	0	0	5	21	0	0	0	21	0	0	4	21	0	0	0	21	0	0	0.866		99.9449	60.2579	0.250978	0	2.51116	0.466324	15.7781	1		0	12.0616	38.9475	0	0	0	
2024-06-13 08:10:01	709	1486	5	0	0	3	13	0	0	0	13	0	0	0.75	13	0	0	0	13	0	0	1.948		99.9498	61.2409	0.0942475	0	0.942948	0.0599082	13.3306	1		0.0088623	12.0616	39.5972	0	0	0	
2024-06-13 08:06:35	682	1487	1	0	0	1	5	0	0	0	5	0	0	1.75	5	0	0	0	5	0	0	0.649		99.9503	60.9605	0.320465	0	3.20625	0.430208	15.1091	1		0	12.0616	41.1566	0	0	0	
2024-06-13 08:11:27	720	1488	1	0	0	4	17	0	0	0	17	0	0	2	17	0	0	0	17	0	0	1.732		99.9466	59.8655	0.108908	0	1.08967	0.153668	13.6932	1		0	12.0616	39.2074	0	0	0	
2024-06-13 08:17:27	765	1489	5	0	0	7.75	32	0	0	0	32	0	0	5.75	32	0	0	0	32	0	0	1.732		99.943	59.8254	0.110165	0	1.10228	0.438817	13.8517	1		0	12.0616	38.5577	0	0	0	
2024-06-13 08:16:51	761	1490	5	0	0	7.75	32	0	0	0	32	0	0	4.5	32	0	0	0	32	0	0	2.814		99.9394	60.0064	0.0665584	0	0.665987	0.846534	13.5997	1		0	12.0616	38.4277	0	0	0	
2024-06-13 08:20:48	791	1491	1	0	0	2.25	10	0	0	0	10	0	0	3.5	10	0	0	0	10	0	0	1.082		99.9436	60.4327	0.180542	0	1.80644	0.562285	14.1877	1		0	12.0616	38.5577	0	0	0	
2024-06-13 08:19:58	785	1492	9	0	0	0.25	2	0	0	0	2	0	0	7.5	2	0	0	0	2	0	0	6.278		99.9405	59.4898	0.0393199	0	0.393433	0.733048	17.9221	1		0	12.0616	38.5577	0	0	0	
2024-06-13 08:14:00	740	1493	1	0	0	6	25	0	0	0	25	0	0	1.75	25	0	0	0	25	0	0	3.68		99.9445	59.6062	0.0649285	0	0.649645	0.0391821	17.3478	2		0	12.0616	38.8176	0	0	0	
2024-06-13 08:10:32	713	1494	9	0	0	4	17	0	0	0	17	0	0	5.25	17	0	0	0	17	0	0	1.082		99.9475	59.9739	0.195843	0	1.95946	0.660636	15.3896	1		0	12.0616	39.4673	0	0	0	
2024-06-13 08:05:26	673	1495	5	0	0	0	1	0	0	0	1	0	0	1.5	1	0	0	0	1	0	0	1.299		99.9554	62.2285	0.143745	0	1.43809	0.196061	13.5537	1		0.0088623	12.0705	42.0662	0	0	0	
2024-06-13 08:09:06	702	1496	1	0	0	3	13	0	0	0	13	0	0	2.5	13	0	0	0	13	0	0	0.433		99.9541	61.3346	0.474097	0	4.74314	0.782734	14.901	1		0	12.0616	39.9871	0	0	0	
2024-06-13 08:07:28	689	1497	9	0	0	2	9	0	0	0	9	0	0	5.75	9	0	0	0	9	0	0	3.247		99.9542	60.9276	0.0660037	0	0.660339	0.0383453	15.5589	1		0	12.0616	40.6368	0	0	0	
2024-06-13 08:07:21	688	1498	9	0	0	2	9	0	0	0	9	0	0	4.5	9	0	0	0	9	0	0	2.165		99.9541	60.8702	0.090022	0	0.900634	0.248215	14.1471	1		0.0088623	12.0616	40.6368	0	0	0	
2024-06-13 08:16:22	757	1499	5	0	0	7	29	0	0	0	29	0	0	3.5	29	0	0	0	29	0	0	3.031		99.9396	59.9245	0.0650712	0	0.651105	0.0716559	14.3186	1		0	12.0616	38.6876	0	0	0	
2024-06-13 08:07:04	686	1500	1	0	0	1	5	0	0	0	5	0	0	3	5	0	0	0	5	0	0	1.732		99.9531	60.624	0.10654	0	1.0659	0.457371	13.3945	1		0.0088623	12.0616	40.8967	0	0	0	
2024-06-13 08:04:54	669	1501	9	0	0	0	1	0	0	0	1	0	0	7.25	1	0	0	0	1	0	0	6.278		99.9537	62.5379	0.0429966	0	0.430165	0.0439254	19.5954	2		0	12.0616	42.4561	0	0	0	
2024-06-13 08:12:11	726	1502	1	0	0	5	21	0	0	0	21	0	0	1.5	21	0	0	0	21	0	0	3.031		99.9435	60.4363	0.0666396	0	0.666773	0.0417316	14.6631	1		0	12.0616	39.0775	0	0	0	
2024-06-13 08:08:38	698	1503	5	0	0	2	9	0	0	0	9	0	0	1.25	9	0	0	0	9	0	0	0.649		99.9524	61.1744	0.311288	0	3.11436	0.33741	14.6761	1		0	12.0616	40.117	0	0	0	
2024-06-13 08:23:15	810	1504	1	0	0	1.5	7	0	0	0	7	0	0	0.25	7	0	0	0	7	0	0	1.082		99.9405	58.6771	0.178884	0	1.7899	0.414647	14.0579	1		0	12.0616	38.6876	0	0	0	
2024-06-13 08:05:19	672	1505	1	0	0	0	1	0	0	0	1	0	0	2.5	1	0	0	0	1	0	0	2.165		99.9606	62.3072	0.0884519	0	0.884868	0.0161817	13.8995	1		0	12.0616	42.0662	0	0	0	
2024-06-13 08:22:31	804	1506	1	0	0	6.25	26	0	0	0	26	0	0	1.5	26	0	0	0	26	0	0	4.113		99.943	59.7126	0.0612229	0	0.612578	0.77754	18.2825	1		0	12.0616	38.5577	0	0	0	
2024-06-13 08:24:16	818	1507	9	0	0	7.25	30	0	0	0	30	0	0	6.5	30	0	0	0	30	0	0	0.649		99.9387	59.6992	0.340583	0	3.40792	0.62286	16.0594	1		0	12.0616	38.6876	0	0	0	
2024-06-13 08:09:39	706	1508	9	0	0	3	13	0	0	0	13	0	0	7.75	13	0	0	0	13	0	0	4.113		99.9505	61.0937	0.0507925	0	0.508176	0.0546207	15.1666	1		0	12.0616	39.7272	0	0	0	
2024-06-13 08:09:21	704	1509	9	0	0	3	13	0	0	0	13	0	0	6.5	13	0	0	0	13	0	0	3.031		99.9532	61.3386	0.0696362	0	0.696688	0.544723	15.321	1		0	12.0616	39.8571	0	0	0	
2024-06-13 08:05:41	675	1510	5	0	0	1	5	0	0	0	5	0	0	7	5	0	0	0	5	0	0	5.195		99.9553	61.2904	0.0468171	0	0.468381	0.277676	17.6575	2		0	12.0616	41.8063	0	0	0	
2024-06-13 08:13:37	737	1511	5	0	0	6	25	0	0	0	25	0	0	4.75	25	0	0	0	25	0	0	1.082		99.9397	59.7832	0.198058	0	1.98178	0.675223	15.5649	1		0	12.0616	38.9475	0	0	0	
2024-06-13 08:17:27	765	1512	1	0	0	7.75	32	0	0	0	32	0	0	0.25	32	0	0	0	32	0	0	6.494		99.943	59.8254	0.0336607	0	0.336799	0.262613	15.8713	1		0	12.0616	38.5577	0	0	0	
2024-06-13 08:13:06	733	1513	1	0	0	5	21	0	0	0	21	0	0	3.25	21	0	0	0	21	0	0	1.515		99.9441	60.3677	0.125141	0	1.25211	0.254615	13.7676	1		0	12.0616	38.9475	0	0	0	
2024-06-13 08:09:53	708	1514	5	0	0	3	13	0	0	0	13	0	0	0	13	0	0	0	13	0	0	2.598		99.9474	61.9473	0.0772453	0	0.77286	0.139671	14.5681	1		0	12.0616	39.5972	0	0	0	
2024-06-13 08:18:40	775	1515	9	0	0	3.5	15	0	0	0	15	0	0	4.25	15	0	0	0	15	0	0	0.649		99.9465	59.4045	0.344947	0	3.45131	0.515554	16.2639	1		0	12.0616	38.5577	0	0	0	
2024-06-13 08:11:41	722	1516	1	0	0	4	17	0	0	0	17	0	0	1.25	17	0	0	0	17	0	0	2.381		99.9448	59.7549	0.0808835	0	0.809282	0.250051	13.9834	1		0	12.0616	39.0775	0	0	0	
2024-06-13 08:17:27	765	1517	9	0	0	7.75	32	0	0	0	32	0	0	5	32	0	0	0	32	0	0	2.381		99.943	59.8254	0.0780445	0	0.78089	0.365274	13.4928	1		0	12.0616	38.5577	0	0	0	
2024-06-13 08:18:04	770	1518	5	0	0	7.75	32	0	0	0	32	0	0	3.75	32	0	0	0	32	0	0	3.464		99.9448	60.0311	0.0550337	0	0.550641	0.323702	13.8391	1		0	12.0616	38.5577	0	0	0	
2024-06-13 08:25:48	828	1519	1	0	0	1.25	6	0	0	6.5	6	0	0	3	6	0	0	4.75	6	0	0	0.908		99.9438	20.2225	0.103895	0	1.03953	0.198328	11.4302	1		0	12.0616	38.6876	0	0	0	
2024-06-13 08:14:17	742	1520	1	0	0	6	25	0	0	0	25	0	0	1	25	0	0	0	25	0	0	4.33		99.9444	59.9672	0.0585465	0	0.585791	0.0199865	18.4032	1		0	12.0616	38.8176	0	0	0	
2024-06-13 08:11:34	721	1521	5	0	0	4	17	0	0	0	17	0	0	3.25	17	0	0	0	17	0	0	0.649		99.9409	59.7942	0.343283	0	3.43486	0.401247	16.1864	1		0	11.9552	39.2074	0	0	0	
2024-06-13 08:05:12	671	1522	5	0	0	0	1	0	0	0	1	0	0	0.75	1	0	0	0	1	0	0	0.649		99.9579	62.5513	0.325686	0	3.25823	0.555875	15.354	1		0	12.0616	41.9363	0	0	0	
2024-06-13 08:25:18	825	1523	1	0	0	3.5	15	0	0	4.25	15	0	0	3.75	15	0	0	4	15	0	0	0.13		99.9449	19.4471	0.595075	0	5.95403	0.0748241	9.35257	2		0	12.0616	38.6876	0	0	0	
2024-06-13 08:07:51	692	1524	9	0	0	2	9	0	0	0	9	0	0	5	9	0	0	0	9	0	0	2.598		99.9546	61.4211	0.0778525	0	0.778878	0.0379914	14.6815	1		0	12.0616	40.5069	0	0	0	
2024-06-13 08:07:51	692	1525	1	0	0	2	9	0	0	0	9	0	0	3.75	9	0	0	0	9	0	0	1.515		99.9546	61.4211	0.132193	0	1.32253	0.705978	14.542	1		0	12.0616	40.5069	0	0	0	
2024-06-13 08:16:43	760	1526	1	0	0	7	29	0	0	0	29	0	0	2.75	29	0	0	0	29	0	0	3.68		99.9429	60.0507	0.056263	0	0.562952	0.121726	15.0328	1		0	12.0616	38.5577	0	0	0	
2024-06-13 08:15:12	749	1527	1	0	0	7	29	0	0	0	29	0	0	2.25	29	0	0	0	29	0	0	4.113		99.9403	59.3925	0.0519287	0	0.519597	0.0755433	15.5074	4		0	12.0616	38.6876	0	0	0	
2024-06-13 08:05:04	670	1528	5	0	0	0	1	0	0	0	1	0	0	7.75	1	0	0	0	1	0	0	6.711		99.9534	62.6638	0.0361355	0	0.361523	0.346373	17.6043	1		0	12.0616	42.3261	0	0	0	
2024-06-13 08:04:39	667	1529	5	0	0	0	1	0	0	0	1	0	0	6.5	1	0	0	0	1	0	0	5.628		99.9537	63.6276	0.0427259	0	0.427457	0.234174	17.4576	1		0	12.0616	42.8459	0	0	0	
2024-06-13 08:12:26	728	1530	1	0	0	5	21	0	0	0	21	0	0	0.75	21	0	0	0	21	0	0	3.68		99.9424	60.0465	0.0600701	0	0.601047	0.0415991	16.0501	2		0	12.0616	39.0775	0	0	0	
2024-06-13 08:12:26	728	1531	5	0	0	5	21	0	0	0	21	0	0	7.25	21	0	0	0	21	0	0	1.948		99.9424	60.0465	0.129154	0	1.29229	0.260086	18.2693	2		0	12.0616	39.0775	0	0	0	
2024-06-13 08:24:08	817	1532	9	0	0	5.75	24	0	0	0	24	0	0	4	24	0	0	0	24	0	0	1.515		99.938	59.5382	0.130823	0	1.30904	0.289729	14.3937	1		0	12.0616	38.6876	0	0	0	
2024-06-13 08:21:02	793	1533	9	0	0	4.5	19	0	0	0	19	0	0	5.25	19	0	0	0	19	0	0	0.649		99.9439	59.475	0.344157	0	3.4435	0.666909	16.2271	1		0	11.9552	38.5577	0	0	0	
2024-06-13 08:25:28	826	1534	1	0	0	2.75	12	0	0	5	12	0	0	3.5	12	0	0	4.25	12	0	0	0.389		99.9462	20.8201	0.334073	0	3.34253	0.827563	15.7513	2		0	12.0616	38.6876	0	0	0	
2024-06-13 08:07:21	688	1535	1	0	0	2	9	0	0	0	9	0	0	0.5	9	0	0	0	9	0	0	1.299		99.9541	60.8702	0.143914	0	1.4398	0.615445	13.5698	1		0.0088623	12.0616	40.6368	0	0	0	
2024-06-13 08:19:48	784	1536	9	0	0	0.5	3	0	0	0	3	0	0	7.25	3	0	0	0	3	0	0	5.845		99.9427	59.3875	0.11171	0	1.11774	0.031931	47.4049	2		0	12.0616	38.5577	0	0	0	
2024-06-13 08:11:17	719	1537	5	0	0	4	17	0	0	0	17	0	0	7.25	17	0	0	0	17	0	0	2.814		99.9449	59.7605	0.0841961	0	0.842425	0.0344743	17.2026	2		0	12.0616	39.3374	0	0	0	
2024-06-13 08:09:06	702	1538	5	0	0	3	13	0	0	0	13	0	0	5.75	13	0	0	0	13	0	0	2.381		99.9541	61.3346	0.0810168	0	0.810541	0.266806	14.0051	1		0	12.0616	39.9871	0	0	0	
2024-06-13 08:08:45	699	1539	5	0	0	3	13	0	0	0	13	0	0	4.5	13	0	0	0	13	0	0	1.299		99.9548	61.5379	0.150234	0	1.50302	0.667392	14.1656	1		0	12.0616	40.117	0	0	0	
2024-06-13 08:15:33	751	1540	9	0	0	7	29	0	0	0	29	0	0	6.75	29	0	0	0	29	0	0	0.216		99.9452	60.1391	0.846268	0	8.46732	0.649158	13.3004	1		0	12.0616	38.6876	0	0	0	
2024-06-13 08:06:20	680	1541	5	0	0	1	5	0	0	0	5	0	0	7.5	5	0	0	0	5	0	0	5.628		99.9519	61.1192	0.043332	0	0.433529	0.58536	17.7056	1		0	12.0616	41.4165	0	0	0	
2024-06-13 08:06:06	678	1542	9	0	0	1	5	0	0	0	5	0	0	6.25	5	0	0	0	5	0	0	4.546		99.9535	61.2461	0.0537277	0	0.537527	0.290217	17.7313	1		0	12.0616	41.4165	0	0	0	
2024-06-13 08:14:10	741	1543	9	0	0	6	25	0	0	0	25	0	0	5.25	25	0	0	0	25	0	0	0.649		99.9424	59.9197	0.349682	0	3.49883	0.552018	16.4879	1		0	12.0616	38.8176	0	0	0	
2024-06-13 08:14:10	741	1544	5	0	0	6	25	0	0	0	25	0	0	4	25	0	0	0	25	0	0	1.732		99.9424	59.9197	0.113524	0	1.13589	0.173326	14.274	1		0	12.0616	38.8176	0	0	0	
2024-06-13 08:13:13	734	1545	5	0	0	5	21	0	0	0	21	0	0	2.5	21	0	0	0	21	0	0	2.165		99.943	60.2745	0.0942751	0	0.943289	0.810888	14.8171	1		0	12.0616	38.9475	0	0	0	
2024-06-13 08:06:28	681	1546	1	0	0	1	5	0	0	0	5	0	0	0.25	5	0	0	0	5	0	0	0.649		99.9521	61.0258	0.327742	0	3.27899	0.500409	15.4519	1		0	12.0616	41.1566	0	0	0	
2024-06-13 08:11:49	723	1547	5	0	0	4	17	0	0	0	17	0	0	0.5	17	0	0	0	17	0	0	3.031		99.9454	59.9495	0.0672334	0	0.672701	0.223866	14.7935	1		0	12.0616	39.2074	0	0	0	
2024-06-13 08:18:19	772	1548	5	0	0	7.75	32	0	0	0	32	0	0	3	32	0	0	0	32	0	0	4.113		99.9402	60.162	0.04747	0	0.474984	0.600418	14.176	1		0	12.0616	38.5577	0	0	0	
2024-06-13 08:14:32	744	1549	5	0	0	6	25	0	0	0	25	0	0	0.25	25	0	0	0	25	0	0	4.979		99.9429	59.7846	0.0473899	0	0.47417	0.227078	17.131	1		0	11.9552	38.6876	0	0	0	
2024-06-13 08:22:04	801	1550	1	0	0	5.25	22	0	0	0	22	0	0	2.5	22	0	0	0	22	0	0	2.381		99.9466	59.4324	0.148706	0	1.48785	0.0193422	25.7082	2		0	12.0616	38.5577	0	0	0	
2024-06-13 08:10:22	712	1551	1	0	0	4	17	0	0	0	17	0	0	2.5	17	0	0	0	17	0	0	1.299		99.9471	59.8261	0.148154	0	1.48233	0.419239	13.9706	2		0	12.0616	39.4673	0	0	0	
2024-06-13 08:08:23	696	1552	5	0	0	2	9	0	0	0	9	0	0	3	9	0	0	0	9	0	0	0.866		99.9552	60.7483	0.233179	0	2.33283	0.401944	14.6576	1		0	12.0616	40.247	0	0	0	
2024-06-13 08:15:26	750	1553	1	0	0	7	29	0	0	0	29	0	0	1.5	29	0	0	0	29	0	0	4.762		99.9438	61.0029	0.0488451	0	0.488725	0.503067	16.8891	1		0	12.0616	38.6876	0	0	0	
2024-06-13 08:04:25	665	1554	5	0	0	0	1	0	0	0	1	0	0	5.75	1	0	0	0	1	0	0	4.979		99.9565	64.4329	0.0470424	0	0.470629	0.133683	17.003	1		0	12.0705	43.1058	0	0	0	
2024-06-13 08:04:31	666	1555	5	0	0	0	1	0	0	0	1	0	0	4.5	1	0	0	0	1	0	0	3.897		99.9591	63.9352	0.054714	0	0.547364	0.0367264	15.4764	1		0	12.0705	42.9758	0	0	0	
2024-06-13 08:12:43	730	1556	1	0	0	5	21	0	0	0	21	0	0	0	21	0	0	0	21	0	0	4.33		99.9449	60.2579	0.051561	0	0.515895	0.336614	16.2073	1		0	12.0616	38.9475	0	0	0	
2024-06-13 08:18:26	773	1557	1	0	0	7.75	32	0	0	0	32	0	0	2.25	32	0	0	0	32	0	0	4.762		99.945	60.004	0.0422697	0	0.422929	0.188313	14.6154	1		0	12.0616	38.5577	0	0	0	
2024-06-13 08:12:36	729	1558	5	0	0	5	21	0	0	0	21	0	0	7.75	21	0	0	0	21	0	0	2.381		99.9431	60.1175	0.0824997	0	0.825466	0.143984	14.263	1		0	12.0616	38.9475	0	0	0	
2024-06-13 08:12:11	726	1559	5	0	0	5	21	0	0	0	21	0	0	6.5	21	0	0	0	21	0	0	1.299		99.9435	60.4363	0.161889	0	1.6198	0.341427	15.2663	1		0	12.0616	39.0775	0	0	0	
2024-06-13 08:09:21	704	1560	1	0	0	3	13	0	0	0	13	0	0	2	13	0	0	0	13	0	0	0.866		99.9532	61.3386	0.231202	0	2.31311	0.568868	14.5337	1		0	12.0616	39.8571	0	0	0	
2024-06-13 08:21:49	799	1561	1	0	0	4.5	19	0	0	0	19	0	0	3.25	19	0	0	0	19	0	0	1.082		99.9428	60.0819	0.190523	0	1.90632	0.560582	14.9722	1		0	12.0616	38.5577	0	0	0	
2024-06-13 08:17:34	766	1562	5	0	0	7.75	32	0	0	0	32	0	0	7	32	0	0	0	32	0	0	0.649		99.9423	59.7983	0.336969	0	3.37164	0.570392	15.8885	1		0	12.0616	38.5577	0	0	0	
2024-06-13 08:24:01	816	1563	9	0	0	5.5	23	0	0	0	23	0	0	4.25	23	0	0	0	23	0	0	1.082		99.9381	59.1343	0.195365	0	1.95486	0.539192	15.3534	1		0	12.0616	38.6876	0	0	0	
2024-06-13 08:22:45	806	1564	1	0	0	6.75	28	0	0	0	28	0	0	1	28	0	0	0	28	0	0	4.979		99.9433	59.213	0.0529035	0	0.529335	0.362917	19.124	1		0	12.0616	38.6876	0	0	0	
2024-06-13 08:21:09	794	1565	9	0	0	4.25	18	0	0	0	18	0	0	5.5	18	0	0	0	18	0	0	1.082		99.9422	59.571	0.196029	0	1.96142	0.55862	15.405	1		0	12.0616	38.5577	0	0	0	
2024-06-13 08:10:22	712	1566	9	0	0	4	17	0	0	0	17	0	0	7.75	17	0	0	0	17	0	0	3.247		99.9471	59.8261	0.0620879	0	0.621208	0.125782	14.6369	2		0	12.0616	39.4673	0	0	0	
2024-06-13 08:11:02	717	1567	5	0	0	4	17	0	0	0	17	0	0	6.5	17	0	0	0	17	0	0	2.165		99.9431	60.1351	0.0920939	0	0.921464	0.251696	14.4743	1		0	12.0616	39.3374	0	0	0	
2024-06-13 08:08:59	701	1568	1	0	0	3	13	0	0	0	13	0	0	5	13	0	0	0	13	0	0	1.732		99.9517	61.4853	0.110214	0	1.10267	0.131817	13.8566	1		0	12.0616	39.9871	0	0	0	
2024-06-13 08:09:28	705	1569	1	0	0	3	13	0	0	0	13	0	0	3.75	13	0	0	0	13	0	0	0.649		99.9521	60.9956	0.329712	0	3.2987	0.0325923	15.5448	2		0	12.0616	39.8571	0	0	0	
2024-06-13 08:07:11	687	1570	5	0	0	2	9	0	0	0	9	0	0	7	9	0	0	0	9	0	0	4.33		99.9516	61.0006	0.0515463	0	0.515713	0.255408	16.2016	2		0	12.0616	40.6368	0	0	0	
2024-06-13 08:15:12	749	1571	5	0	0	7	29	0	0	0	29	0	0	6	29	0	0	0	29	0	0	0.866		99.9403	59.3925	0.251443	0	2.51593	2.09082	15.8081	4		0	12.0616	38.6876	0	0	0	
2024-06-13 08:15:41	752	1572	5	0	0	7	29	0	0	0	29	0	0	4.75	29	0	0	0	29	0	0	1.948		99.9443	60.1829	0.101362	0	1.01418	0.301316	14.3377	1		0	12.0616	38.6876	0	0	0	
2024-06-13 08:05:51	676	1573	9	0	0	1	5	0	0	0	5	0	0	5.5	5	0	0	0	5	0	0	3.897		99.9547	61.558	0.0623368	0	0.62365	0.0765571	17.6333	1		0	12.0616	41.6764	0	0	0	
2024-06-13 08:06:14	679	1574	5	0	0	1	5	0	0	0	5	0	0	4.25	5	0	0	0	5	0	0	2.814		99.951	61.2686	0.0732991	0	0.73335	0.372983	14.9753	1		0	12.0616	41.4165	0	0	0	
2024-06-13 08:14:39	745	1575	1	0	0	6	25	0	0	0	25	0	0	3.25	25	0	0	0	25	0	0	2.381		99.9409	59.8799	0.082528	0	0.825767	0.0973488	14.2682	1		0	12.0616	38.6876	0	0	0	
2024-06-13 08:20:23	788	1576	1	0	0	0.25	2	0	0	0	2	0	0	1.5	2	0	0	0	2	0	0	1.082		99.9419	59.1079	0.176088	0	1.7619	0.0281359	13.838	2		0	12.0616	38.5577	0	0	0	
2024-06-13 08:15:41	752	1577	1	0	0	7	29	0	0	0	29	0	0	0.75	29	0	0	0	29	0	0	5.412		99.9443	60.1829	0.0449493	0	0.449743	0.0304407	17.6614	1		0	12.0616	38.6876	0	0	0	
2024-06-13 08:04:18	664	1578	5	0	0	0	1	0	0	0	1	0	0	5	1	0	0	0	1	0	0	4.33		99.9555	65.3432	0.0513278	0	0.513506	0.191484	16.1323	1		0	12.0616	43.3657	0	0	0	
2024-06-13 08:05:04	670	1579	1	0	0	0	1	0	0	0	1	0	0	3.75	1	0	0	0	1	0	0	3.247		99.9534	62.6638	0.0627774	0	0.628067	0.129528	14.7985	1		0	12.0616	42.3261	0	0	0	
2024-06-13 08:24:23	819	1580	9	0	0	7.5	31	0	0	0	31	0	0	6.25	31	0	0	0	31	0	0	1.082		99.9385	59.316	0.190243	0	1.9036	0.114307	14.9508	2		0	12.0616	38.6876	0	0	0	
2024-06-13 08:21:34	797	1581	9	0	0	6.25	26	0	0	0	26	0	0	7.5	26	0	0	0	26	0	0	1.082		99.9411	59.549	0.190147	0	1.90259	0.35641	14.9429	1		0	12.0616	38.4277	0	0	0	
2024-06-13 08:14:00	740	1582	5	0	0	6	25	0	0	0	25	0	0	7.25	25	0	0	0	25	0	0	1.082		99.9445	59.6062	0.260208	0	2.60353	0.378507	20.4481	2		0	12.0616	38.8176	0	0	0	
2024-06-13 08:17:56	769	1583	1	0	0	7.75	32	0	0	0	32	0	0	1.5	32	0	0	0	32	0	0	5.412		99.9425	59.8855	0.038847	0	0.388693	0.153126	15.2639	1		0	12.0616	38.5577	0	0	0	
2024-06-13 08:11:57	724	1584	5	0	0	5	21	0	0	0	21	0	0	5.75	21	0	0	0	21	0	0	0.649		99.9498	60.4652	0.349459	0	3.49635	0.97178	16.4761	1		0	12.0616	39.0775	0	0	0	
2024-06-13 08:12:51	731	1585	5	0	0	5	21	0	0	0	21	0	0	4.5	21	0	0	0	21	0	0	0.433		99.9431	60.3029	0.502965	0	5.03252	0.610881	15.8101	1		0	12.0616	38.9475	0	0	0	
2024-06-13 08:10:15	711	1586	1	0	0	3	13	0	0	0	13	0	0	1.25	13	0	0	0	13	0	0	1.515		99.946	61.1856	0.121125	0	1.2119	0.36781	13.3256	1		0	12.0616	39.4673	0	0	0	
2024-06-13 08:05:59	677	1587	1	0	0	1	5	0	0	0	5	0	0	2.25	5	0	0	0	5	0	0	1.082		99.9567	61.3191	0.174631	0	1.74707	0.389558	13.7214	1		0	12.0616	41.6764	0	0	0	
2024-06-13 08:20:13	787	1588	1	0	0	0.5	3	0	0	0	3	0	0	1.25	3	0	0	0	3	0	0	0.649		99.9411	59.3138	0.333802	0	3.33999	0.0318566	15.7393	2		0	12.0616	38.5577	0	0	0	
2024-06-13 08:19:02	778	1589	9	0	0	2.5	11	0	0	0	11	0	0	5.25	11	0	0	0	11	0	0	2.381		99.9418	59.83	0.0943474	0	0.944023	0.444668	16.3115	2		0	11.9552	38.5577	0	0	0	
2024-06-13 08:17:42	767	1590	5	0	0	7.75	32	0	0	0	32	0	0	7.5	32	0	0	0	32	0	0	0.216		99.9413	59.8965	0.893758	0	8.94283	0.596916	14.0474	1		0	12.0616	38.5577	0	0	0	
2024-06-13 08:17:16	764	1591	5	0	0	7.75	32	0	0	0	32	0	0	6.25	32	0	0	0	32	0	0	1.299		99.9391	59.5648	0.153773	0	1.53867	0.0705889	14.5016	2		0	12.0616	38.5577	0	0	0	
2024-06-13 08:21:41	798	1592	1	0	0	4.25	18	0	0	0	18	0	0	3.5	18	0	0	0	18	0	0	0.649		99.9408	59.6106	0.346907	0	3.47112	0.442152	16.3573	1		0	12.0616	38.5577	0	0	0	
2024-06-13 08:13:45	738	1593	1	0	0	6	25	0	0	0	25	0	0	2.25	25	0	0	0	25	0	0	3.247		99.9472	60.1029	0.0647236	0	0.647578	0.134457	15.2582	1		0	12.0616	38.8176	0	0	0	
2024-06-13 08:23:54	815	1594	9	0	0	5.25	22	0	0	0	22	0	0	4.5	22	0	0	0	22	0	0	0.649		99.9415	59.5158	0.344538	0	3.44739	0.297713	16.2454	1		0	12.0616	38.5577	0	0	0	
2024-06-13 08:10:47	715	1595	9	0	0	4	17	0	0	0	17	0	0	5.75	17	0	0	0	17	0	0	1.515		99.9472	60.2269	0.131399	0	1.31469	0.163205	14.4557	1		0	12.0616	39.4673	0	0	0	
2024-06-13 08:10:54	716	1596	9	0	0	4	17	0	0	0	17	0	0	4.5	17	0	0	0	17	0	0	0.433		99.9468	60.1893	0.542343	0	5.42632	0.345305	17.0473	1		0.0088623	12.0616	39.3374	0	0	0	
2024-06-13 08:04:31	666	1597	1	0	0	0	1	0	0	0	1	0	0	2	1	0	0	0	1	0	0	1.732		99.9591	63.9352	0.137603	0	1.37659	0.307062	17.2987	1		0	12.0705	42.9758	0	0	0	
2024-06-13 08:08:05	694	1598	9	0	0	2	9	0	0	0	9	0	0	7.5	9	0	0	0	9	0	0	4.762		99.9548	60.6652	0.0514825	0	0.515058	0.0333628	17.7991	2		0	12.0616	40.3769	0	0	0	
2024-06-13 08:07:51	692	1599	5	0	0	2	9	0	0	0	9	0	0	6.25	9	0	0	0	9	0	0	3.68		99.9546	61.4211	0.0593022	0	0.593291	0.0548271	15.843	1		0	12.0616	40.5069	0	0	0	
2024-06-13 08:15:41	752	1600	9	0	0	7	29	0	0	0	29	0	0	5.25	29	0	0	0	29	0	0	1.515		99.9443	60.1829	0.131615	0	1.31688	0.276471	14.4799	1		0	12.0616	38.6876	0	0	0	
2024-06-13 08:15:49	753	1601	9	0	0	7	29	0	0	0	29	0	0	4	29	0	0	0	29	0	0	2.598		99.9459	60.0765	0.0757086	0	0.757496	0.0374451	14.2785	1		0	12.0616	38.6876	0	0	0	
2024-06-13 08:06:57	685	1602	1	0	0	1	5	0	0	0	5	0	0	3.5	5	0	0	0	5	0	0	2.165		99.9536	60.8277	0.0851522	0	0.851917	0.0636821	13.3819	1		0	12.0705	41.0267	0	0	0	
2024-06-13 08:14:53	747	1603	5	0	0	6	25	0	0	0	25	0	0	2.5	25	0	0	0	25	0	0	3.031		99.9429	59.6466	0.0752386	0	0.752816	0.136308	16.5553	2		0.0088623	12.0616	38.5577	0	0	0	
2024-06-13 08:23:47	814	1604	1	0	0	3.75	16	0	0	0	16	0	0	2	16	0	0	0	16	0	0	1.515		99.9423	59.14	0.131187	0	1.31262	0.156999	14.4331	1		0	12.0616	38.5577	0	0	0	
2024-06-13 08:12:04	725	1605	1	0	0	5	21	0	0	0	21	0	0	2	21	0	0	0	21	0	0	2.598		99.9454	60.4025	0.0773883	0	0.774306	0.0180798	14.5953	1		0	12.0616	39.0775	0	0	0	
2024-06-13 08:07:36	690	1606	1	0	0	2	9	0	0	0	9	0	0	1.75	9	0	0	0	9	0	0	0.216		99.9534	61.1326	0.807012	0	8.07388	0.535988	12.6824	1		0	12.0616	40.6368	0	0	0	
2024-06-13 08:15:57	754	1607	1	0	0	7	29	0	0	0	29	0	0	0	29	0	0	0	29	0	0	6.061		99.9429	59.9773	0.0408574	0	0.408807	0.0880712	17.9803	2		0	12.0616	38.6876	0	0	0	
2024-06-13 08:04:25	665	1608	1	0	0	0	1	0	0	0	1	0	0	3	1	0	0	0	1	0	0	2.598		99.9565	64.4329	0.0769521	0	0.769856	0.00609872	14.5115	1		0	12.0705	43.1058	0	0	0	
2024-06-13 08:09:28	705	1609	5	0	0	3	13	0	0	0	13	0	0	7	13	0	0	0	13	0	0	3.464		99.9521	60.9956	0.0605893	0	0.606183	0.0117784	15.235	2		0	12.0616	39.8571	0	0	0	
2024-06-13 08:14:25	743	1610	5	0	0	6	25	0	0	0	25	0	0	7.75	25	0	0	0	25	0	0	1.515		99.9409	59.9727	0.134877	0	1.34957	0.298588	14.8393	1		0	12.0616	38.8176	0	0	0	
2024-06-13 08:13:45	738	1611	9	0	0	6	25	0	0	0	25	0	0	6.5	25	0	0	0	25	0	0	0.433		99.9472	60.1029	0.5484	0	5.4869	0.750303	17.2376	1		0	12.0616	38.8176	0	0	0	
2024-06-13 08:17:49	768	1612	1	0	0	7.75	32	0	0	0	32	0	0	0.75	32	0	0	0	32	0	0	6.061		99.941	59.9545	0.0364279	0	0.364494	0.326338	16.0313	1		0	12.0616	38.5577	0	0	0	
2024-06-13 08:12:51	731	1613	1	0	0	5	21	0	0	0	21	0	0	3.75	21	0	0	0	21	0	0	1.082		99.9431	60.3029	0.189904	0	1.90012	0.463003	14.9235	1		0	12.0616	38.9475	0	0	0	
2024-06-13 08:10:01	709	1614	1	0	0	3	13	0	0	0	13	0	0	0.5	13	0	0	0	13	0	0	2.165		99.9498	61.2409	0.0874011	0	0.87445	0.039988	13.7358	1		0.0088623	12.0616	39.5972	0	0	0	
2024-06-13 08:06:14	679	1615	1	0	0	1	5	0	0	0	5	0	0	1.5	5	0	0	0	5	0	0	0.433		99.951	61.2686	0.487867	0	4.88106	0.52634	15.3343	1		0	12.0616	41.4165	0	0	0	
2024-06-13 08:25:38	827	1616	1	0	0	2	9	0	0	5.75	9	0	0	3.25	9	0	0	4.5	9	0	0	0.649		99.9452	20.3648	0.172399	0	1.72493	0.255919	13.5476	2		0	12.0616	38.8176	0	0	0	
2024-06-13 08:11:02	717	1617	1	0	0	4	17	0	0	0	17	0	0	1.75	17	0	0	0	17	0	0	1.948		99.9431	60.1351	0.0961147	0	0.961695	0.29623	13.5956	1		0	12.0616	39.3374	0	0	0	
2024-06-13 08:20:40	790	1618	1	0	0	2.5	11	0	0	0	11	0	0	3.25	11	0	0	0	11	0	0	0.649		99.9438	59.9969	0.322229	0	3.2241	0.931196	15.1932	1		0	12.0616	38.5577	0	0	0	
2024-06-13 08:17:09	763	1619	1	0	0	7.75	32	0	0	0	32	0	0	5.5	32	0	0	0	32	0	0	1.948		99.9418	59.868	0.0973103	0	0.97367	0.483201	13.7649	1		0.0088623	12.0616	38.5577	0	0	0	
2024-06-13 08:17:42	767	1620	9	0	0	7.75	32	0	0	0	32	0	0	4.25	32	0	0	0	32	0	0	3.031		99.9413	59.8965	0.0626303	0	0.626671	0.175849	13.7812	1		0	12.0616	38.5577	0	0	0	
2024-06-13 08:14:47	746	1621	5	0	0	6	25	0	0	0	25	0	0	1.5	25	0	0	0	25	0	0	3.897		99.948	60.4473	0.0572899	0	0.573197	0.00758433	16.2068	1		0	12.0616	38.6876	0	0	0	
2024-06-13 08:10:40	714	1622	5	0	0	4	17	0	0	0	17	0	0	5	17	0	0	0	17	0	0	0.866		99.948	59.9915	0.252895	0	2.53027	0.421557	15.8981	1		0.0088623	12.0616	39.4673	0	0	0	
2024-06-13 08:11:27	720	1623	5	0	0	4	17	0	0	0	17	0	0	3.75	17	0	0	0	17	0	0	0.216		99.9466	59.8655	0.907497	0	9.07982	0.418474	14.2625	1		0	12.0616	39.2074	0	0	0	
2024-06-13 08:04:46	668	1624	1	0	0	0	1	0	0	0	1	0	0	1.25	1	0	0	0	1	0	0	1.082		99.9506	63.4773	0.176305	0	1.76392	0.384841	13.8538	1		0	12.0616	42.7159	0	0	0	
2024-06-13 08:08:05	694	1625	5	0	0	2	9	0	0	0	9	0	0	5.5	9	0	0	0	9	0	0	3.031		99.9548	60.6652	0.118456	0	1.1851	0.307928	26.0617	2		0	12.0616	40.3769	0	0	0	
2024-06-13 08:07:21	688	1626	5	0	0	2	9	0	0	0	9	0	0	4.25	9	0	0	0	9	0	0	1.948		99.9541	60.8702	0.101134	0	1.01181	0.31961	14.3041	1		0.0088623	12.0616	40.6368	0	0	0	
2024-06-13 08:16:43	760	1627	5	0	0	7	29	0	0	0	29	0	0	3.25	29	0	0	0	29	0	0	3.247		99.9429	60.0507	0.0616383	0	0.616735	0.143563	14.5315	1		0	12.0616	38.5577	0	0	0	
2024-06-13 08:06:20	680	1628	1	0	0	1	5	0	0	0	5	0	0	2.75	5	0	0	0	5	0	0	1.515		99.9519	61.1192	0.120355	0	1.20413	0.202728	13.2401	1		0	12.0616	41.4165	0	0	0	
2024-06-13 08:04:01	663	1629	9	0	0	0	1	0	0	0	1	0	0	7	1	0	0	0	1	0	0	6.061		99.9554	67.3396	0.0408536	0	0.408718	0.12331	17.9764	2		0	12.0793	43.2357	0	0	0	
2024-06-13 08:12:18	727	1630	1	0	0	5	21	0	0	0	21	0	0	1.25	21	0	0	0	21	0	0	3.247		99.9436	60.3446	0.0690218	0	0.690608	0.266784	16.2721	1		0	12.0616	39.0775	0	0	0	
2024-06-13 08:08:16	695	1631	5	0	0	2	9	0	0	0	9	0	0	1	9	0	0	0	9	0	0	0.866		99.9548	60.8856	0.22482	0	2.24921	0.440976	14.1322	1		0	12.0616	40.3769	0	0	0	
2024-06-13 08:09:39	706	1632	5	0	0	3	13	0	0	0	13	0	0	7.5	13	0	0	0	13	0	0	3.897		99.9505	61.0937	0.0550062	0	0.550334	0.135369	15.5603	1		0	12.0616	39.7272	0	0	0	
2024-06-13 08:09:13	703	1633	5	0	0	3	13	0	0	0	13	0	0	6.25	13	0	0	0	13	0	0	2.814		99.9513	61.2604	0.0731336	0	0.731693	0.022638	14.9414	1		0	12.0616	39.8571	0	0	0	
2024-06-13 08:15:57	754	1634	5	0	0	7	29	0	0	0	29	0	0	7.25	29	0	0	0	29	0	0	0.216		99.9429	59.9773	0.740961	0	7.41385	0.506053	11.6456	2		0	12.0616	38.6876	0	0	0	
2024-06-13 08:06:20	680	1635	9	0	0	1	5	0	0	0	5	0	0	6.75	5	0	0	0	5	0	0	4.979		99.9519	61.1192	0.0520696	0	0.520946	0.812374	18.8209	1		0	12.0616	41.4165	0	0	0	
2024-06-13 08:13:27	736	1636	9	0	0	6	25	0	0	0	25	0	0	5.75	25	0	0	0	25	0	0	0.216		99.942	59.6759	0.889701	0	8.90217	0.335126	13.9835	2		0	12.0616	38.8176	0	0	0	
2024-06-13 08:13:37	737	1637	1	0	0	6	25	0	0	0	25	0	0	4.5	25	0	0	0	25	0	0	1.299		99.9397	59.7832	0.159162	0	1.59258	0.314289	15.0097	1		0	12.0616	38.9475	0	0	0	
2024-06-13 08:18:11	771	1638	1	0	0	7.75	32	0	0	0	32	0	0	0	32	0	0	0	32	0	0	6.711		99.9424	60.1379	0.0338817	0	0.339013	0.271617	16.5081	1		0	12.0616	38.5577	0	0	0	
2024-06-13 08:13:20	735	1639	1	0	0	5	21	0	0	0	21	0	0	3	21	0	0	0	21	0	0	1.732		99.9419	60.1724	0.108997	0	1.09061	0.263718	13.705	1		0	12.0616	38.9475	0	0	0	
2024-06-13 08:06:49	684	1640	1	0	0	1	5	0	0	0	5	0	0	0.75	5	0	0	0	5	0	0	0.216		99.959	60.8093	0.836666	0	8.37009	0.549798	13.1477	1		0	12.0616	41.1566	0	0	0	
2024-06-13 08:22:24	803	1641	1	0	0	5.75	24	0	0	0	24	0	0	2	24	0	0	0	24	0	0	3.247		99.9418	59.4642	0.0671032	0	0.671423	0.159344	15.82	1		0	12.0616	38.6876	0	0	0	
2024-06-13 08:11:17	719	1642	1	0	0	4	17	0	0	0	17	0	0	1	17	0	0	0	17	0	0	2.598		99.9449	59.7605	0.0740002	0	0.74041	0.00205161	13.9564	2		0	12.0616	39.3374	0	0	0	
2024-06-13 08:18:04	770	1643	1	0	0	7.75	32	0	0	0	32	0	0	3.5	32	0	0	0	32	0	0	3.68		99.9448	60.0311	0.0516333	0	0.516619	0.266361	13.7955	1		0	12.0616	38.5577	0	0	0	
2024-06-13 08:14:47	746	1644	1	0	0	6	25	0	0	0	25	0	0	0.75	25	0	0	0	25	0	0	4.546		99.948	60.4473	0.0535923	0	0.536202	0.0968094	17.6876	1		0	12.0616	38.6876	0	0	0	
2024-06-13 08:11:41	722	1645	5	0	0	4	17	0	0	0	17	0	0	3	17	0	0	0	17	0	0	0.866		99.9448	59.7549	0.241016	0	2.41149	0.291592	15.1518	1		0	12.0616	39.0775	0	0	0	
2024-06-13 08:05:12	671	1646	1	0	0	0	1	0	0	0	1	0	0	0.5	1	0	0	0	1	0	0	0.433		99.9579	62.5513	0.479185	0	4.79387	0.591033	15.0604	1		0	12.0616	41.9363	0	0	0	
2024-06-13 08:24:40	821	1647	1	0	0	3.5	15	0	0	4.25	15	0	0	2.75	15	0	0	5	15	0	0	0.389		99.9466	19.3695	0.342309	0	3.42491	0.00996917	16.1395	1		0	12.0616	38.6876	0	0	0	
2024-06-13 08:08:05	694	1648	1	0	0	2	9	0	0	0	9	0	0	3.5	9	0	0	0	9	0	0	1.299		99.9548	60.6652	0.149858	0	1.49926	0.0253685	14.1302	2		0	12.0616	40.3769	0	0	0	
2024-06-13 08:16:15	756	1649	1	0	0	7	29	0	0	0	29	0	0	2.5	29	0	0	0	29	0	0	3.897		99.9395	59.9659	0.0561832	0	0.562172	0.473458	15.895	1		0	12.0616	38.4277	0	0	0	
2024-06-13 08:16:29	758	1650	1	0	0	7	29	0	0	0	29	0	0	2	29	0	0	0	29	0	0	4.33		99.9416	60.001	0.0513821	0	0.514122	0.407415	16.1516	1		0	12.0616	38.6876	0	0	0	
2024-06-13 08:05:04	670	1651	9	0	0	0	1	0	0	0	1	0	0	7.5	1	0	0	0	1	0	0	6.494		99.9534	62.6638	0.0387883	0	0.388064	0.681119	18.2871	1		0	12.0616	42.3261	0	0	0	
2024-06-13 08:04:39	667	1652	9	0	0	0	1	0	0	0	1	0	0	6.25	1	0	0	0	1	0	0	5.412		99.9537	63.6276	0.0441942	0	0.442146	0.307529	17.363	1		0	12.0616	42.8459	0	0	0	
2024-06-13 08:12:36	729	1653	1	0	0	5	21	0	0	0	21	0	0	0.5	21	0	0	0	21	0	0	3.897		99.9431	60.1175	0.0612611	0	0.612959	0.361485	17.331	1		0	12.0616	38.9475	0	0	0	
2024-06-13 08:23:08	809	1654	1	0	0	1.25	6	0	0	0	6	0	0	0.5	6	0	0	0	6	0	0	0.649		99.9415	59.4279	0.330106	0	3.30299	0.522899	15.565	1		0.0088623	12.0616	38.5577	0	0	0	
2024-06-13 08:12:18	727	1655	9	0	0	5	21	0	0	0	21	0	0	7	21	0	0	0	21	0	0	1.732		99.9436	60.3446	0.115984	0	1.1605	0.273602	14.5833	1		0	12.0616	39.0775	0	0	0	
2024-06-13 08:08:30	697	1656	5	0	0	2	9	0	0	0	9	0	0	0.25	9	0	0	0	9	0	0	1.515		99.9513	60.697	0.126557	0	1.26619	0.462596	13.9224	1		0	12.0616	39.9871	0	0	0	
2024-06-13 08:10:47	715	1657	5	0	0	4	17	0	0	0	17	0	0	7	17	0	0	0	17	0	0	2.598		99.9472	60.2269	0.0779077	0	0.779489	0.170128	14.693	1		0	12.0616	39.4673	0	0	0	
2024-06-13 08:08:51	700	1658	9	0	0	3	13	0	0	0	13	0	0	5.5	13	0	0	0	13	0	0	2.165		99.9511	61.389	0.0935433	0	0.935891	0.499665	14.7009	1		0.0088623	11.9552	40.117	0	0	0	
2024-06-13 08:08:59	701	1659	5	0	0	3	13	0	0	0	13	0	0	4.25	13	0	0	0	13	0	0	1.082		99.9517	61.4853	0.185536	0	1.85626	0.491347	14.579	1		0	12.0616	39.9871	0	0	0	
2024-06-13 08:15:49	753	1660	5	0	0	7	29	0	0	0	29	0	0	7.75	29	0	0	0	29	0	0	0.649		99.9459	60.0765	0.340311	0	3.40495	0.425571	16.0454	1		0	12.0616	38.6876	0	0	0	
2024-06-13 08:15:33	751	1661	5	0	0	7	29	0	0	0	29	0	0	6.5	29	0	0	0	29	0	0	0.433		99.9452	60.1391	0.512636	0	5.12918	0.59897	16.1138	1		0	12.0616	38.6876	0	0	0	
2024-06-13 08:06:06	678	1662	5	0	0	1	5	0	0	0	5	0	0	6	5	0	0	0	5	0	0	4.33		99.9535	61.2461	0.0584	0	0.584271	0.0532466	18.3554	1		0	12.0616	41.4165	0	0	0	
2024-06-13 08:05:59	677	1663	5	0	0	1	5	0	0	0	5	0	0	4.75	5	0	0	0	5	0	0	3.247		99.9567	61.3191	0.070542	0	0.705725	0.453038	16.6283	1		0	12.0616	41.6764	0	0	0	
2024-06-13 08:20:55	792	1664	9	0	0	4.75	20	0	0	0	20	0	0	5	20	0	0	0	20	0	0	0.216		99.9446	59.4279	0.851844	0	8.52316	0.711192	13.3881	1		0	12.0616	38.5577	0	0	0	
2024-06-13 08:13:52	739	1665	9	0	0	6	25	0	0	0	25	0	0	5	25	0	0	0	25	0	0	0.866		99.9459	59.9539	0.253339	0	2.53476	0.808866	15.9264	1		0	12.0616	38.8176	0	0	0	
2024-06-13 08:14:25	743	1666	1	0	0	6	25	0	0	0	25	0	0	3.75	25	0	0	0	25	0	0	1.948		99.9409	59.9727	0.101353	0	1.01413	0.239866	14.3369	1		0	12.0616	38.8176	0	0	0	
2024-06-13 08:06:42	683	1667	1	0	0	1	5	0	0	0	5	0	0	0	5	0	0	0	5	0	0	0.866		99.9519	60.8149	0.231431	0	2.31543	0.473302	14.5482	1		0	11.9552	41.1566	0	0	0	
2024-06-13 08:19:41	783	1668	9	0	0	0.75	4	0	0	0	4	0	0	7	4	0	0	0	4	0	0	5.412		99.9408	59.9503	0.0443845	0	0.444108	0.39071	17.4401	1		0	12.0616	38.5577	0	0	0	
2024-06-13 08:10:32	713	1669	1	0	0	4	17	0	0	0	17	0	0	0.25	17	0	0	0	17	0	0	3.247		99.9475	59.9739	0.0608292	0	0.608611	0.494094	14.3401	1		0	12.0616	39.4673	0	0	0	
2024-06-13 08:18:26	773	1670	5	0	0	7.75	32	0	0	0	32	0	0	2.75	32	0	0	0	32	0	0	4.33		99.945	60.004	0.0462326	0	0.462581	0.213225	14.5324	1		0	12.0616	38.5577	0	0	0	
2024-06-13 08:14:32	744	1671	1	0	0	6	25	0	0	0	25	0	0	0	25	0	0	0	25	0	0	5.195		99.9429	59.7846	0.05138	0	0.514094	0.198168	19.3809	1		0	11.9552	38.6876	0	0	0	
2024-06-13 08:07:43	691	1672	1	0	0	2	9	0	0	0	9	0	0	2.75	9	0	0	0	9	0	0	0.649		99.9524	60.9414	0.32987	0	3.30027	0.619059	15.5522	1		0	12.0616	40.6368	0	0	0	
2024-06-13 08:16:22	757	1673	1	0	0	7	29	0	0	0	29	0	0	1.25	29	0	0	0	29	0	0	4.979		99.9396	59.9245	0.0493028	0	0.493326	0.0105225	17.823	1		0	12.0616	38.6876	0	0	0	
2024-06-13 08:04:25	665	1674	9	0	0	0	1	0	0	0	1	0	0	5.5	1	0	0	0	1	0	0	4.762		99.9565	64.4329	0.0690319	0	0.69062	0.00142562	23.8661	1		0	12.0705	43.1058	0	0	0	
2024-06-13 08:04:46	668	1675	5	0	0	0	1	0	0	0	1	0	0	4.25	1	0	0	0	1	0	0	3.68		99.9506	63.4773	0.0569004	0	0.569285	0.130606	15.2019	1		0	12.0616	42.7159	0	0	0	
