Time	MeasID	DPID	Channel	A(x)	A(y)	A(z)	A(adr)	B(x)	B(y)	B(z)	B(adr)	M(x)	M(y)	M(z)	M(adr)	N(x)	N(y)	N(z)	N(adr)	F(x)	F(y)	F(z)	Note	I(mA)	Uout(V)	U(V)	SP(V)	R(Ohm)	Var(%)	Rho-a(Ohm-m)	Cycles	IP Delay Window(mV/V)	Pint(V)	Pext(V)	T int(deg C)	T log(deg C)	Latitude	Longitude
2024-06-13 22:18:07	1926	3686	5	0	0	7.75	32	0	0	0	32	0	0	2	32	0	0	0	32	0	0	4.979		99.9831	63.4005	0.0418637	0	0.418708	0.0738044	15.1272	1		0	12.0616	41.9363	0	0	0	
2024-06-13 22:12:24	1883	3687	5	0	0	5	21	0	0	0	21	0	0	7.5	21	0	0	0	21	0	0	2.165		99.9834	64.2377	0.0909272	0	0.909424	0.0104653	14.2852	1		0	12.0616	42.586	0	0	0	
2024-06-13 22:12:31	1884	3688	5	0	0	5	21	0	0	0	21	0	0	6.25	21	0	0	0	21	0	0	1.082		99.9829	64.0528	0.199275	0	1.99309	0.398783	15.6537	1		0	12.0616	42.3261	0	0	0	
2024-06-13 22:09:35	1861	3689	1	0	0	3	13	0	0	0	13	0	0	1.75	13	0	0	0	13	0	0	1.082		99.9875	65.55	0.179636	0	1.79659	0.326789	14.1104	1		0.0088623	12.0616	43.3657	0	0	0	
2024-06-13 22:17:45	1923	3690	9	0	0	7.75	32	0	0	0	32	0	0	6.75	32	0	0	0	32	0	0	0.866		99.9811	63.5327	0.25024	0	2.50288	0.402028	15.726	1		0.0088623	12.0616	41.9363	0	0	0	
2024-06-13 22:23:25	1967	3691	1	0	0	3.25	14	0	0	0	14	0	0	2.5	14	0	0	0	14	0	0	0.649		99.9794	62.9633	0.311514	0	3.11578	0.926142	14.6828	1		0.0088623	12.0616	41.9363	0	0	0	
2024-06-13 22:10:52	1871	3692	5	0	0	4	17	0	0	0	17	0	0	7.5	17	0	0	0	17	0	0	3.031		99.986	63.8538	0.0667182	0	0.667275	0.105245	14.6741	1		0	12.0705	42.7159	0	0	0	
2024-06-13 22:10:29	1868	3693	9	0	0	4	17	0	0	0	17	0	0	6.25	17	0	0	0	17	0	0	1.948		99.9877	63.9751	0.102613	0	1.02625	0.368235	14.5083	1		0.0088623	12.0616	42.9758	0	0	0	
2024-06-13 22:10:07	1865	3694	1	0	0	3	13	0	0	0	13	0	0	3.5	13	0	0	0	13	0	0	0.433		99.9878	65.2083	0.491962	0	4.92022	0.484879	15.4573	1		0	12.0705	43.1058	0	0	0	
2024-06-13 22:07:34	1845	3695	5	0	0	2	9	0	0	0	9	0	0	6.75	9	0	0	0	9	0	0	4.113		99.9999	66.5054	0.0536802	0	0.536803	0.303283	16.0209	1		0	12.0705	44.2753	0	0	0	
2024-06-13 22:15:58	1910	3696	5	0	0	7	29	0	0	0	29	0	0	5.75	29	0	0	0	29	0	0	1.082		99.9831	63.8698	0.197713	0	1.97747	0.393817	15.531	1		0.0088623	12.0616	41.9363	0	0	0	
2024-06-13 22:15:58	1910	3697	9	0	0	7	29	0	0	0	29	0	0	4.5	29	0	0	0	29	0	0	2.165		99.9831	63.8698	0.0913058	0	0.913212	0.0778019	14.3447	1		0.0088623	12.0616	41.9363	0	0	0	
2024-06-13 22:06:42	1839	3698	5	0	0	1	5	0	0	0	5	0	0	5.25	5	0	0	0	5	0	0	3.68		100.001	64.5154	0.0610989	0	0.610981	0.371908	16.3153	1		0	12.0705	44.6651	0	0	0	
2024-06-13 22:06:16	1836	3699	5	0	0	1	5	0	0	0	5	0	0	4	5	0	0	0	5	0	0	2.598		99.9953	65.3488	0.0734862	0	0.734897	0.0528307	13.8525	1		0	12.0616	45.055	0	0	0	
2024-06-13 22:21:53	1955	3700	1	0	0	4.75	20	0	0	0	20	0	0	3	20	0	0	0	20	0	0	1.515		99.9811	62.617	0.127896	0	1.2792	0.437982	14.0655	1		0.0088623	12.0616	41.9363	0	0	0	
2024-06-13 22:14:08	1896	3701	1	0	0	6	25	0	0	0	25	0	0	3	25	0	0	0	25	0	0	2.598		99.9824	64.1532	0.0784555	0	0.784693	0.222692	14.7911	1		0	12.0616	42.1962	0	0	0	
2024-06-13 22:08:42	1854	3702	1	0	0	2	9	0	0	0	9	0	0	2.25	9	0	0	0	9	0	0	0.216		99.9904	64.736	0.796387	0	7.96464	0.355069	12.5108	1		0.0088623	12.0616	43.6256	0	0	0	
2024-06-13 22:15:35	1907	3703	1	0	0	7	29	0	0	0	29	0	0	0.5	29	0	0	0	29	0	0	5.628		99.9844	63.8323	0.0443515	0	0.443584	0.646065	18.1163	1		0	12.0616	42.1962	0	0	0	
2024-06-13 22:04:52	1825	3704	1	0	0	0	1	0	0	0	1	0	0	3.5	1	0	0	0	1	0	0	3.031		99.9957	67.6646	0.0713722	0	0.713753	0.590208	15.6962	1		0	12.0705	46.0945	0	0	0	
2024-06-13 22:23:18	1966	3705	1	0	0	1.75	8	0	0	0	8	0	0	0	8	0	0	0	8	0	0	1.515		99.9783	62.6376	0.123614	0	1.23641	0.0879403	13.5951	1		0	12.0705	41.9363	0	0	0	
2024-06-13 22:13:50	1894	3706	9	0	0	6	25	0	0	0	25	0	0	7	25	0	0	0	25	0	0	0.866		99.9827	63.0822	0.262106	0	2.62152	0.0318093	16.4715	2		0	12.0616	42.0662	0	0	0	
2024-06-13 22:22:35	1960	3707	1	0	0	6.5	27	0	0	0	27	0	0	1.25	27	0	0	0	27	0	0	4.546		99.9853	62.7525	0.0585291	0	0.585377	0.921464	19.3097	1		0	12.0616	41.9363	0	0	0	
2024-06-13 22:18:22	1928	3708	1	0	0	7.75	32	0	0	0	32	0	0	1.25	32	0	0	0	32	0	0	5.628		99.9835	63.6539	0.0391033	0	0.391098	0.120485	15.9727	1		0	12.0616	41.9363	0	0	0	
2024-06-13 22:12:31	1884	3709	9	0	0	5	21	0	0	0	21	0	0	5.5	21	0	0	0	21	0	0	0.433		99.9829	64.0528	0.513067	0	5.13155	0.496454	16.1212	1		0	12.0616	42.3261	0	0	0	
2024-06-13 22:12:24	1883	3710	1	0	0	5	21	0	0	0	21	0	0	4.25	21	0	0	0	21	0	0	0.649		99.9834	64.2377	0.341478	0	3.41535	0.524783	16.0945	1		0	12.0616	42.586	0	0	0	
2024-06-13 22:09:52	1863	3711	1	0	0	3	13	0	0	0	13	0	0	1	13	0	0	0	13	0	0	1.732		99.9893	64.8988	0.106496	0	1.06507	0.228114	13.3841	1		0.0088623	12.0616	43.1058	0	0	0	
2024-06-13 22:07:12	1843	3712	1	0	0	1	5	0	0	0	5	0	0	2	5	0	0	0	5	0	0	0.866		99.994	64.6177	0.225091	0	2.25105	0.320053	14.1438	1		0.0088623	12.0616	44.2753	0	0	0	
2024-06-13 22:19:16	1935	3713	9	0	0	1.75	8	0	0	0	8	0	0	6	8	0	0	0	8	0	0	3.68		99.9802	63.1788	0.0616808	0	0.61693	0.234412	16.4742	1		0	12.0616	41.8063	0	0	0	
2024-06-13 22:11:14	1874	3714	1	0	0	4	17	0	0	0	17	0	0	2.25	17	0	0	0	17	0	0	1.515		99.9868	63.8664	0.12458	0	1.24596	0.26493	13.7001	1		0.0088623	12.0616	42.7159	0	0	0	
2024-06-13 22:17:37	1922	3715	5	0	0	7.75	32	0	0	0	32	0	0	6	32	0	0	0	32	0	0	1.515		99.9801	63.6023	0.132079	0	1.32106	0.373275	14.5258	1		0	12.0616	41.9363	0	0	0	
2024-06-13 22:17:08	1918	3716	5	0	0	7.75	32	0	0	0	32	0	0	4.75	32	0	0	0	32	0	0	2.598		99.98	64.7371	0.073419	0	0.734336	0.301526	13.8419	1		0	12.0616	41.9363	0	0	0	
2024-06-13 22:14:48	1901	3717	5	0	0	6	25	0	0	0	25	0	0	2	25	0	0	0	25	0	0	3.464		99.9829	63.4033	0.0654881	0	0.654993	0.0356324	16.4618	1		0.0088623	12.0616	42.0662	0	0	0	
2024-06-13 22:11:06	1873	3718	9	0	0	4	17	0	0	0	17	0	0	5.5	17	0	0	0	17	0	0	1.299		99.9869	63.9583	0.160943	0	1.60964	0.197996	15.1705	1		0.0088623	12.0616	42.7159	0	0	0	
2024-06-13 22:11:14	1874	3719	9	0	0	4	17	0	0	0	17	0	0	4.25	17	0	0	0	17	0	0	0.216		99.9868	63.8664	0.907533	0	9.07653	0.12459	14.2574	1		0.0088623	12.0616	42.7159	0	0	0	
2024-06-13 22:04:59	1826	3720	1	0	0	0	1	0	0	0	1	0	0	1.75	1	0	0	0	1	0	0	1.515		99.9988	66.9453	0.123082	0	1.23084	0.0334972	13.5338	2		0	12.0705	46.0945	0	0	0	
2024-06-13 22:24:26	1975	3721	1	0	0	3.75	16	0	0	4	16	0	0	3.5	16	0	0	4.25	16	0	0	0.13		99.9868	18.2852	0.638465	0	6.38549	0.141893	10.0303	1		0	12.0616	42.0662	0	0	0	
2024-06-13 22:09:04	1857	3722	1	0	0	3	13	0	0	0	13	0	0	2.75	13	0	0	0	13	0	0	0.216		99.9882	65.5201	0.788164	0	7.88257	0.763246	12.3819	1		0.0088623	12.0616	43.4956	0	0	0	
2024-06-13 22:07:42	1846	3723	5	0	0	2	9	0	0	0	9	0	0	6	9	0	0	0	9	0	0	3.464		99.9952	65.3594	0.0659482	0	0.659514	0.0515184	16.5754	1		0	12.0616	44.0154	0	0	0	
2024-06-13 22:07:34	1845	3724	9	0	0	2	9	0	0	0	9	0	0	4.75	9	0	0	0	9	0	0	2.381		99.9999	66.5054	0.0839327	0	0.839327	0.00515114	14.5025	1		0	12.0705	44.2753	0	0	0	
2024-06-13 22:15:28	1906	3725	9	0	0	7	29	0	0	0	29	0	0	5	29	0	0	0	29	0	0	1.732		99.9823	63.5367	0.114496	0	1.14516	0.333099	14.3905	1		0	12.0616	42.1962	0	0	0	
2024-06-13 22:16:23	1913	3726	5	0	0	7	29	0	0	0	29	0	0	3.75	29	0	0	0	29	0	0	2.814		99.9834	63.6498	0.0708329	0	0.708447	0.170678	14.4667	1		0	12.0616	42.0662	0	0	0	
2024-06-13 22:06:50	1840	3727	5	0	0	1	5	0	0	0	5	0	0	3.25	5	0	0	0	5	0	0	1.948		99.997	64.948	0.0941239	0	0.941267	0.0756264	13.3069	1		0	12.0616	44.5352	0	0	0	
2024-06-13 22:18:51	1932	3728	9	0	0	2.75	12	0	0	0	12	0	0	5	12	0	0	0	12	0	0	1.948		99.9847	63.5377	0.0973935	0	0.974084	0.136949	13.7708	1		0	11.9552	41.9363	0	0	0	
2024-06-13 22:12:48	1886	3729	1	0	0	5	21	0	0	0	21	0	0	1.75	21	0	0	0	21	0	0	2.814		99.9828	63.7497	0.0732776	0	0.732902	0.100779	14.9661	1		0.0088623	12.0616	42.4561	0	0	0	
2024-06-13 22:08:03	1849	3730	1	0	0	2	9	0	0	0	9	0	0	1.5	9	0	0	0	9	0	0	0.433		99.988	65.0932	0.472244	0	4.723	0.299554	14.8378	1		0	12.0616	43.7555	0	0	0	
2024-06-13 22:05:16	1828	3731	5	0	0	0	1	0	0	0	1	0	0	2.75	1	0	0	0	1	0	0	2.381		99.9968	66.6168	0.111717	0	1.1172	0.414285	19.3039	1		0	12.0616	45.8346	0	0	0	
2024-06-13 22:18:45	1931	3732	9	0	0	3.25	14	0	0	0	14	0	0	4.5	14	0	0	0	14	0	0	1.082		99.9845	63.5495	0.187318	0	1.87347	0.505342	14.7142	1		0	12.0616	41.8063	0	0	0	
2024-06-13 22:09:42	1862	3733	9	0	0	3	13	0	0	0	13	0	0	6.75	13	0	0	0	13	0	0	3.247		99.9914	64.8245	0.0649685	0	0.649741	0.0588406	15.3092	2		0.0088623	12.0616	43.1058	0	0	0	
2024-06-13 22:06:33	1838	3734	5	0	0	1	5	0	0	0	5	0	0	7.25	5	0	0	0	5	0	0	5.412		99.9972	64.449	0.0657796	0	0.657814	0.488622	25.8323	2		0	12.0616	44.7951	0	0	0	
2024-06-13 22:14:40	1900	3735	5	0	0	6	25	0	0	0	25	0	0	7.5	25	0	0	0	25	0	0	1.299		99.98	63.4971	0.158542	0	1.58574	0.234271	14.9452	1		0	12.0616	42.1962	0	0	0	
2024-06-13 22:14:00	1895	3736	5	0	0	6	25	0	0	0	25	0	0	6.25	25	0	0	0	25	0	0	0.216		99.9847	63.2351	0.88587	0	8.86006	0.549923	13.9173	1		0	12.0705	42.1962	0	0	0	
2024-06-13 22:18:00	1925	3737	1	0	0	7.75	32	0	0	0	32	0	0	0.5	32	0	0	0	32	0	0	6.278		99.9837	63.5246	0.0363661	0	0.36372	0.302858	16.5686	1		0	12.0616	42.0662	0	0	0	
2024-06-13 22:13:25	1891	3738	1	0	0	5	21	0	0	0	21	0	0	3.5	21	0	0	0	21	0	0	1.299		99.9841	63.7391	0.151543	0	1.51567	0.266012	14.2848	1		0	12.0616	42.4561	0	0	0	
2024-06-13 22:09:12	1858	3739	1	0	0	3	13	0	0	0	13	0	0	0.25	13	0	0	0	13	0	0	2.381		99.9886	65.4338	0.07818	0	0.781889	0.245934	13.5101	1		0	12.0705	43.4956	0	0	0	
2024-06-13 22:07:12	1843	3740	5	0	0	1	5	0	0	0	5	0	0	1.25	5	0	0	0	5	0	0	0.216		99.994	64.6177	0.798216	0	7.98264	0.339103	12.5391	1		0.0088623	12.0616	44.2753	0	0	0	
2024-06-13 22:10:29	1868	3741	1	0	0	4	17	0	0	0	17	0	0	1.5	17	0	0	0	17	0	0	2.165		99.9877	63.9751	0.0858014	0	0.85812	0.198649	13.4793	1		0.0088623	12.0616	42.9758	0	0	0	
2024-06-13 22:19:24	1936	3742	9	0	0	1.5	7	0	0	0	7	0	0	6.25	7	0	0	0	7	0	0	4.113		99.9824	62.5678	0.0550318	0	0.550414	0.184405	16.4272	1		0	12.0616	41.8063	0	0	0	
2024-06-13 22:17:23	1920	3743	5	0	0	7.75	32	0	0	0	32	0	0	5.25	32	0	0	0	32	0	0	2.165		99.9831	63.6609	0.0873723	0	0.873871	0.258383	13.7267	1		0	12.0616	42.0662	0	0	0	
2024-06-13 22:17:30	1921	3744	5	0	0	7.75	32	0	0	0	32	0	0	4	32	0	0	0	32	0	0	3.247		99.9793	63.599	0.0588746	0	0.588868	0.272827	13.8749	1		0	12.0705	42.0662	0	0	0	
2024-06-13 22:14:55	1902	3745	1	0	0	6	25	0	0	0	25	0	0	1.25	25	0	0	0	25	0	0	4.113		99.9848	63.3795	0.0596797	0	0.596888	0.314915	17.8142	1		0.0088623	12.0705	42.0662	0	0	0	
2024-06-13 22:11:43	1878	3746	1	0	0	4	17	0	0	0	17	0	0	3.5	17	0	0	0	17	0	0	0.433		99.9866	63.8175	0.525577	0	5.25648	0.364644	16.5137	1		0	12.0616	42.7159	0	0	0	
2024-06-13 22:04:30	1822	3747	1	0	0	0	1	0	0	0	1	0	0	1	1	0	0	0	1	0	0	0.866		100.001	68.7741	0.232173	0	2.3217	0.380533	14.5877	1		0.0088623	12.0705	46.7443	0	0	0	
2024-06-13 22:07:19	1844	3748	9	0	0	2	9	0	0	0	9	0	0	5.25	9	0	0	0	9	0	0	2.814		99.9939	64.0761	0.0782631	0	0.782678	0.143438	15.9826	4		0.0088623	11.9552	44.2753	0	0	0	
2024-06-13 22:08:03	1849	3749	9	0	0	2	9	0	0	0	9	0	0	4	9	0	0	0	9	0	0	1.732		99.988	65.0932	0.109911	0	1.09924	0.0488731	13.8134	1		0	12.0616	43.7555	0	0	0	
2024-06-13 22:23:32	1968	3750	1	0	0	3.5	15	0	0	0	15	0	0	2.25	15	0	0	0	15	0	0	1.082		99.9822	62.23	0.180534	0	1.80566	0.525104	14.1816	1		0	12.0616	42.0662	0	0	0	
2024-06-13 22:15:28	1906	3751	1	0	0	7	29	0	0	0	29	0	0	3	29	0	0	0	29	0	0	3.464		99.9823	63.5367	0.0590527	0	0.590631	0.0108609	14.8442	1		0	12.0616	42.1962	0	0	0	
2024-06-13 22:06:58	1841	3752	5	0	0	1	5	0	0	0	5	0	0	2.5	5	0	0	0	5	0	0	1.299		99.9941	64.7042	0.146129	0	1.46138	0.196501	13.7732	1		0	12.0616	44.5352	0	0	0	
2024-06-13 22:04:37	1823	3753	9	0	0	0	1	0	0	0	1	0	0	6.75	1	0	0	0	1	0	0	5.845		99.994	68.2296	0.0412214	0	0.412238	0.14288	17.4836	1		0	12.0705	46.4844	0	0	0	
2024-06-13 22:20:30	1944	3754	1	0	0	2.75	12	0	0	0	12	0	0	3	12	0	0	0	12	0	0	0.216		99.9821	63.1556	0.790814	0	7.90955	0.689316	12.4243	1		0	12.0616	41.9363	0	0	0	
2024-06-13 22:12:15	1882	3755	1	0	0	5	21	0	0	0	21	0	0	1	21	0	0	0	21	0	0	3.464		99.9853	64.2479	0.0633841	0	0.633935	0.219828	15.9325	1		0.0088623	12.0705	42.586	0	0	0	
2024-06-13 22:25:56	1984	3756	1	0	0	0.5	3	0	0	7.25	3	0	0	2.75	3	0	0	5	3	0	0	1.168		99.9863	20.4525	0.0797344	0	0.797454	0.0426024	11.2737	2		0.0088623	12.0616	41.8063	0	0	0	
2024-06-13 22:21:13	1950	3757	9	0	0	6.75	28	0	0	0	28	0	0	7	28	0	0	0	28	0	0	0.216		99.9808	62.6922	0.836243	0	8.36404	0.811045	13.1382	1		0	11.9552	41.6764	0	0	0	
2024-06-13 22:08:34	1853	3758	1	0	0	2	9	0	0	0	9	0	0	0.75	9	0	0	0	9	0	0	1.082		99.9873	65.225	0.174676	0	1.74698	0.200509	13.7208	1		0	12.0705	43.6256	0	0	0	
2024-06-13 22:09:04	1857	3759	9	0	0	3	13	0	0	0	13	0	0	6	13	0	0	0	13	0	0	2.598		99.9882	65.5201	0.0797358	0	0.797452	0.0959553	15.0316	1		0.0088623	12.0616	43.4956	0	0	0	
2024-06-13 22:09:12	1858	3760	9	0	0	3	13	0	0	0	13	0	0	4.75	13	0	0	0	13	0	0	1.515		99.9886	65.4338	0.129115	0	1.29129	0.36308	14.1985	1		0	12.0705	43.4956	0	0	0	
2024-06-13 22:06:08	1835	3761	5	0	0	1	5	0	0	0	5	0	0	7.75	5	0	0	0	5	0	0	5.845		99.9981	65.43	0.0395994	0	0.396001	0.0241621	16.795	1		0	12.0616	45.1849	0	0	0	
2024-06-13 22:06:22	1837	3762	5	0	0	1	5	0	0	0	5	0	0	6.5	5	0	0	0	5	0	0	4.762		99.9971	64.692	0.0521586	0	0.521601	0.020454	18.0252	2		0	12.0616	44.925	0	0	0	
2024-06-13 22:13:40	1893	3763	9	0	0	6	25	0	0	0	25	0	0	5.5	25	0	0	0	25	0	0	0.433		99.9809	63.3104	0.524453	0	5.24553	0.436616	16.4793	2		0	12.0616	42.3261	0	0	0	
2024-06-13 22:13:40	1893	3764	5	0	0	6	25	0	0	0	25	0	0	4.25	25	0	0	0	25	0	0	1.515		99.9809	63.3104	0.134773	0	1.34799	0.440222	14.8219	2		0	12.0616	42.3261	0	0	0	
2024-06-13 22:13:18	1890	3765	1	0	0	5	21	0	0	0	21	0	0	2.75	21	0	0	0	21	0	0	1.948		99.9831	63.8563	0.0969042	0	0.969205	0.319405	13.7018	1		0.0088623	12.0705	42.3261	0	0	0	
2024-06-13 22:06:50	1840	3766	1	0	0	1	5	0	0	0	5	0	0	0.5	5	0	0	0	5	0	0	0.433		99.997	64.948	0.493335	0	4.9335	0.457488	15.4991	1		0	12.0616	44.5352	0	0	0	
2024-06-13 22:11:21	1875	3767	1	0	0	4	17	0	0	0	17	0	0	0.75	17	0	0	0	17	0	0	2.814		99.9845	63.7578	0.0694164	0	0.694271	0.162909	14.1773	1		0.0088623	12.0616	42.7159	0	0	0	
2024-06-13 22:18:00	1925	3768	5	0	0	7.75	32	0	0	0	32	0	0	3.25	32	0	0	0	32	0	0	3.897		99.9837	63.5246	0.0498122	0	0.498203	0.429596	14.0864	1		0	12.0616	42.0662	0	0	0	
2024-06-13 22:25:05	1979	3769	1	0	0	2.75	12	0	0	5	12	0	0	0.5	12	0	0	7.25	12	0	0	1.168		99.9797	20.7396	0.0829615	0	0.829784	0.256861	11.7308	2		0	12.0616	41.8063	0	0	0	
2024-06-13 22:19:31	1937	3770	9	0	0	1.25	6	0	0	0	6	0	0	6.5	6	0	0	0	6	0	0	4.546		99.9879	62.9416	0.0524145	0	0.524208	0.614828	17.2919	1		0	12.0616	41.8063	0	0	0	
2024-06-13 22:15:10	1904	3771	1	0	0	6	25	0	0	0	25	0	0	0.5	25	0	0	0	25	0	0	4.762		99.9851	63.475	0.0558908	0	0.558992	0.501926	19.3174	1		0	12.0616	42.1962	0	0	0	
2024-06-13 22:11:35	1877	3772	1	0	0	4	17	0	0	0	17	0	0	2.75	17	0	0	0	17	0	0	1.082		99.9849	63.89	0.184489	0	1.84517	0.289543	14.4919	1		0	12.0705	42.4561	0	0	0	
2024-06-13 22:04:45	1824	3773	1	0	0	0	1	0	0	0	1	0	0	0.25	1	0	0	0	1	0	0	0.216		99.9938	68.3289	0.802303	0	8.02353	0.333389	12.6033	1		0	12.0705	46.3544	0	0	0	
2024-06-13 22:08:49	1855	3774	1	0	0	2	9	0	0	0	9	0	0	3.25	9	0	0	0	9	0	0	1.082		99.9935	64.7614	0.181659	0	1.81671	0.291533	14.2684	1		0.0088623	12.0616	43.4956	0	0	0	
2024-06-13 22:15:58	1910	3775	1	0	0	7	29	0	0	0	29	0	0	1.75	29	0	0	0	29	0	0	4.546		99.9831	63.8698	0.0505116	0	0.505201	0.359809	16.6649	1		0.0088623	12.0616	41.9363	0	0	0	
2024-06-13 22:04:52	1825	3776	5	0	0	0	1	0	0	0	1	0	0	6	1	0	0	0	1	0	0	5.195		99.9957	67.6646	0.050511	0	0.505131	0.246253	19.043	1		0	12.0705	46.0945	0	0	0	
2024-06-13 22:04:30	1822	3777	5	0	0	0	1	0	0	0	1	0	0	4.75	1	0	0	0	1	0	0	4.113		100.001	68.7741	0.0529233	0	0.529227	0.108246	15.7948	1		0.0088623	12.0705	46.7443	0	0	0	
2024-06-13 22:22:49	1962	3778	1	0	0	7.25	30	0	0	0	30	0	0	0.5	30	0	0	0	30	0	0	5.845		99.9874	63.2848	0.0536431	0	0.536499	0.381123	22.7537	1		0.0088623	12.0616	41.9363	0	0	0	
2024-06-13 22:12:31	1884	3779	1	0	0	5	21	0	0	0	21	0	0	0.25	21	0	0	0	21	0	0	4.113		99.9829	64.0528	0.0519016	0	0.519105	0.0396568	15.4928	1		0	12.0616	42.3261	0	0	0	
2024-06-13 22:12:08	1881	3780	5	0	0	5	21	0	0	0	21	0	0	6.75	21	0	0	0	21	0	0	1.515		99.9837	63.7912	0.138952	0	1.38975	0.138077	15.2811	1		0	12.0616	42.586	0	0	0	
2024-06-13 22:09:19	1859	3781	1	0	0	3	13	0	0	0	13	0	0	2.25	13	0	0	0	13	0	0	0.649		99.991	65.3056	0.322181	0	3.2221	0.569061	15.1838	1		0	12.0616	43.3657	0	0	0	
2024-06-13 22:07:34	1845	3782	1	0	0	2	9	0	0	0	9	0	0	0	9	0	0	0	9	0	0	1.732		99.9999	66.5054	0.130538	0	1.30538	0.223368	16.4039	1		0	12.0705	44.2753	0	0	0	
2024-06-13 22:21:20	1951	3783	9	0	0	6.5	27	0	0	0	27	0	0	7.25	27	0	0	0	27	0	0	0.649		99.9845	62.3413	0.366393	0	3.6645	0.061385	17.2686	2		0.0088623	12.0616	41.9363	0	0	0	
2024-06-13 22:16:54	1917	3784	5	0	0	7.75	32	0	0	0	32	0	0	7.25	32	0	0	0	32	0	0	0.433		99.9813	62.7234	0.477603	0	4.77692	0.33895	15.0071	4		0	12.0705	41.9363	0	0	0	
2024-06-13 22:22:57	1963	3785	1	0	0	7.5	31	0	0	0	31	0	0	0.25	31	0	0	0	31	0	0	6.278		99.9823	63.0839	0.0396852	0	0.396922	0.710263	18.081	1		0	12.0616	41.9363	0	0	0	
2024-06-13 22:20:03	1941	3786	1	0	0	0.75	4	0	0	0	4	0	0	1	4	0	0	0	4	0	0	0.216		99.9816	63.0889	0.811238	0	8.11387	0.459172	12.7452	1		0.0088623	12.0616	41.9363	0	0	0	
2024-06-13 22:22:10	1957	3787	1	0	0	5.5	23	0	0	0	23	0	0	2.25	23	0	0	0	23	0	0	2.814		99.9824	61.9839	0.109982	0	1.10001	0.215101	22.4626	2		0	12.0616	41.9363	0	0	0	
2024-06-13 22:10:37	1869	3788	5	0	0	4	17	0	0	0	17	0	0	6.75	17	0	0	0	17	0	0	2.381		99.9874	63.9517	0.0849055	0	0.849162	0.0331057	14.6725	1		0.0088623	12.0705	42.9758	0	0	0	
2024-06-13 22:08:57	1856	3789	1	0	0	3	13	0	0	0	13	0	0	5.25	13	0	0	0	13	0	0	1.948		99.988	65.4848	0.0997479	0	0.997599	0.312035	14.1032	1		0	12.0616	43.4956	0	0	0	
2024-06-13 22:09:52	1863	3790	9	0	0	3	13	0	0	0	13	0	0	4	13	0	0	0	13	0	0	0.866		99.9893	64.8988	0.244911	0	2.44937	0.359146	15.3899	1		0.0088623	12.0616	43.1058	0	0	0	
2024-06-13 22:08:21	1851	3791	5	0	0	2	9	0	0	0	9	0	0	7.25	9	0	0	0	9	0	0	4.546		99.9891	64.5488	0.0585425	0	0.585489	0.507738	19.3133	1		0	12.0616	43.7555	0	0	0	
2024-06-13 22:15:28	1906	3792	5	0	0	7	29	0	0	0	29	0	0	7.5	29	0	0	0	29	0	0	0.433		99.9823	63.5367	0.481134	0	4.81219	0.766727	15.1179	1		0	12.0616	42.1962	0	0	0	
2024-06-13 22:15:17	1905	3793	9	0	0	7	29	0	0	0	29	0	0	6.25	29	0	0	0	29	0	0	0.649		99.9814	63.411	0.348271	0	3.48336	0.475556	16.415	2		0	12.0616	41.9363	0	0	0	
2024-06-13 22:05:46	1832	3794	5	0	0	1	5	0	0	0	5	0	0	5.75	5	0	0	0	5	0	0	4.113		99.997	66.0427	0.0530503	0	0.530519	0.348206	15.8334	1		0	12.0705	45.3149	0	0	0	
2024-06-13 22:06:01	1834	3795	5	0	0	1	5	0	0	0	5	0	0	4.5	5	0	0	0	5	0	0	3.031		99.9986	65.6314	0.0706948	0	0.706957	0.382233	15.5468	1		0.0088623	12.0705	45.1849	0	0	0	
2024-06-13 22:13:50	1894	3796	1	0	0	6	25	0	0	0	25	0	0	3.5	25	0	0	0	25	0	0	2.165		99.9827	63.0822	0.0892805	0	0.892959	0.0519057	14.0266	2		0	12.0616	42.0662	0	0	0	
2024-06-13 22:10:37	1869	3797	1	0	0	4	17	0	0	0	17	0	0	0	17	0	0	0	17	0	0	3.464		99.9874	63.9517	0.0614901	0	0.614979	0.294187	15.4561	1		0.0088623	12.0705	42.9758	0	0	0	
2024-06-13 22:16:54	1917	3798	1	0	0	7.75	32	0	0	0	32	0	0	2.5	32	0	0	0	32	0	0	4.546		99.9813	62.7234	0.0456559	0	0.456645	0.0989788	15.0632	4		0	12.0705	41.9363	0	0	0	
2024-06-13 22:08:42	1854	3799	5	0	0	2	9	0	0	0	9	0	0	2.5	9	0	0	0	9	0	0	0.433		99.9904	64.736	0.470537	0	4.70582	0.301846	14.7838	1		0.0088623	12.0616	43.6256	0	0	0	
2024-06-13 22:16:13	1912	3800	1	0	0	7	29	0	0	0	29	0	0	1	29	0	0	0	29	0	0	5.195		99.9813	63.4069	0.0467555	0	0.467642	0.0699812	17.6297	2		0	12.0616	41.9363	0	0	0	
2024-06-13 22:04:10	1820	3801	5	0	0	0	1	0	0	0	1	0	0	5.25	1	0	0	0	1	0	0	4.546		99.9942	71.6675	0.0511849	0	0.511879	0.267166	16.8852	1		0.0088623	12.0793	46.8742	0	0	0	
2024-06-13 22:04:59	1826	3802	5	0	0	0	1	0	0	0	1	0	0	4	1	0	0	0	1	0	0	3.464		99.9988	66.9453	0.0610237	0	0.610245	0.0432858	15.3371	2		0	12.0705	46.0945	0	0	0	
2024-06-13 22:17:23	1920	3803	1	0	0	7.75	32	0	0	0	32	0	0	1.75	32	0	0	0	32	0	0	5.195		99.9831	63.6609	0.0408143	0	0.408212	0.0806424	15.3892	1		0	12.0616	42.0662	0	0	0	
2024-06-13 22:12:15	1882	3804	9	0	0	5	21	0	0	0	21	0	0	6	21	0	0	0	21	0	0	0.866		99.9853	64.2479	0.256124	0	2.56161	0.561788	16.0951	1		0.0088623	12.0705	42.586	0	0	0	
2024-06-13 22:11:58	1880	3805	5	0	0	5	21	0	0	0	21	0	0	4.75	21	0	0	0	21	0	0	0.216		99.9846	63.673	0.822938	0	8.23065	0.30319	12.9287	2		0.0088623	11.9552	42.7159	0	0	0	
2024-06-13 22:09:27	1860	3806	1	0	0	3	13	0	0	0	13	0	0	1.5	13	0	0	0	13	0	0	1.299		99.987	65.3613	0.143341	0	1.43359	0.378212	13.5113	1		0	12.0616	43.2357	0	0	0	
2024-06-13 22:17:53	1924	3807	5	0	0	7.75	32	0	0	0	32	0	0	6.5	32	0	0	0	32	0	0	1.082		99.9836	63.3951	0.193535	0	1.93567	0.360748	15.2027	1		0	12.0616	41.8063	0	0	0	
2024-06-13 22:19:09	1934	3808	9	0	0	2.25	10	0	0	0	10	0	0	5.5	10	0	0	0	10	0	0	2.814		99.9819	64.0264	0.0831631	0	0.831781	0.810647	16.9853	1		0.0088623	12.0616	41.8063	0	0	0	
2024-06-13 22:24:50	1978	3809	1	0	0	3	13	0	0	4.75	13	0	0	1.25	13	0	0	6.5	13	0	0	0.908		99.981	20.7332	0.0722709	0	0.722847	2.0582	7.94812	4		0.0088623	12.0705	42.0662	0	0	0	
2024-06-13 22:10:45	1870	3810	9	0	0	4	17	0	0	0	17	0	0	6	17	0	0	0	17	0	0	1.732		99.9866	63.9493	0.115715	0	1.15731	0.411597	14.5431	1		0	12.0616	42.9758	0	0	0	
2024-06-13 22:10:52	1871	3811	9	0	0	4	17	0	0	0	17	0	0	4.75	17	0	0	0	17	0	0	0.649		99.986	63.8538	0.357753	0	3.57803	0.399507	16.861	1		0	12.0705	42.7159	0	0	0	
2024-06-13 22:05:24	1829	3812	1	0	0	0	1	0	0	0	1	0	0	2.25	1	0	0	0	1	0	0	1.948		99.9977	66.8146	0.107729	0	1.07732	0.0626504	15.2302	1		0	12.0616	45.5748	0	0	0	
2024-06-13 22:24:40	1977	3813	1	0	0	3.25	14	0	0	4.5	14	0	0	2	14	0	0	5.75	14	0	0	0.649		99.9854	20.2448	0.179396	0	1.79422	0.0183587	14.0918	2		0.0088623	12.0616	41.8063	0	0	0	
2024-06-13 22:10:22	1867	3814	5	0	0	3	13	0	0	0	13	0	0	3.25	13	0	0	0	13	0	0	0.216		99.9875	65.6149	0.810697	0	8.10798	0.418756	12.736	1		0	12.0616	43.1058	0	0	0	
2024-06-13 22:07:19	1844	3815	5	0	0	2	9	0	0	0	9	0	0	7.75	9	0	0	0	9	0	0	4.979		99.9939	64.0761	0.0438434	0	0.43846	0.207409	15.8408	4		0.0088623	11.9552	44.2753	0	0	0	
2024-06-13 22:07:56	1848	3816	9	0	0	2	9	0	0	0	9	0	0	6.5	9	0	0	0	9	0	0	3.897		99.9968	64.8906	0.0557392	0	0.55741	0.184522	15.7604	1		0	12.0616	43.8855	0	0	0	
2024-06-13 22:15:50	1909	3817	9	0	0	7	29	0	0	0	29	0	0	5.5	29	0	0	0	29	0	0	1.299		99.9817	64.239	0.159238	0	1.59268	0.323166	15.0106	1		0	12.0616	42.1962	0	0	0	
2024-06-13 22:15:42	1908	3818	5	0	0	7	29	0	0	0	29	0	0	4.25	29	0	0	0	29	0	0	2.381		99.9841	63.8544	0.0833317	0	0.833449	0.0282168	14.401	1		0	12.0705	42.1962	0	0	0	
2024-06-13 22:06:33	1838	3819	9	0	0	1	5	0	0	0	5	0	0	5	5	0	0	0	5	0	0	3.464		99.9972	64.449	0.0635997	0	0.636015	0.0142506	15.9848	2		0	12.0616	44.7951	0	0	0	
2024-06-13 22:07:05	1842	3820	5	0	0	1	5	0	0	0	5	0	0	3.75	5	0	0	0	5	0	0	2.381		99.9928	65.4013	0.0807606	0	0.807665	0.00202772	13.9554	1		0.0088623	12.0616	44.2753	0	0	0	
2024-06-13 22:14:33	1899	3821	1	0	0	6	25	0	0	0	25	0	0	2.75	25	0	0	0	25	0	0	2.814		99.9796	63.627	0.0717251	0	0.717397	0.057085	14.6495	1		0	12.0616	42.1962	0	0	0	
2024-06-13 22:13:32	1892	3822	5	0	0	5	21	0	0	0	21	0	0	2.25	21	0	0	0	21	0	0	2.381		99.9839	63.6247	0.0808896	0	0.809027	0.119505	13.979	1		0	12.0616	42.3261	0	0	0	
2024-06-13 22:15:17	1905	3823	1	0	0	7	29	0	0	0	29	0	0	0.25	29	0	0	0	29	0	0	5.845		99.9814	63.411	0.0405472	0	0.405547	0.0408464	17.1999	2		0	12.0616	41.9363	0	0	0	
2024-06-13 22:04:22	1821	3824	1	0	0	0	1	0	0	0	1	0	0	3.25	1	0	0	0	1	0	0	2.814		99.9985	69.7835	0.0695284	0	0.695294	0.0418985	14.1982	1		0.0088623	12.0705	46.8742	0	0	0	
2024-06-13 22:09:42	1862	3825	5	0	0	3	13	0	0	0	13	0	0	7.25	13	0	0	0	13	0	0	3.68		99.9914	64.8245	0.0748274	0	0.748338	0.254877	19.9833	2		0.0088623	12.0616	43.1058	0	0	0	
2024-06-13 22:14:15	1897	3826	5	0	0	6	25	0	0	0	25	0	0	6.75	25	0	0	0	25	0	0	0.649		99.9816	63.3572	0.365718	0	3.65785	0.0613317	17.2372	2		0	12.0616	42.1962	0	0	0	
2024-06-13 22:18:30	1929	3827	9	0	0	3.75	16	0	0	0	16	0	0	4	16	0	0	0	16	0	0	0.216		99.9811	63.1458	0.890609	0	8.90777	0.738251	13.9923	1		0	12.0616	41.9363	0	0	0	
2024-06-13 22:17:37	1922	3828	1	0	0	7.75	32	0	0	0	32	0	0	1	32	0	0	0	32	0	0	5.845		99.9801	63.6023	0.0380667	0	0.380743	0.223607	16.1479	1		0	12.0616	41.9363	0	0	0	
2024-06-13 22:11:58	1880	3829	9	0	0	5	21	0	0	0	21	0	0	5.25	21	0	0	0	21	0	0	0.216		99.9846	63.673	0.840433	0	8.40562	0.258902	13.2035	2		0.0088623	11.9552	42.7159	0	0	0	
2024-06-13 22:12:38	1885	3830	9	0	0	5	21	0	0	0	21	0	0	4	21	0	0	0	21	0	0	0.866		99.9837	63.6533	0.252834	0	2.52875	0.0735696	15.8886	2		0.0088623	12.0616	42.586	0	0	0	
2024-06-13 22:09:42	1862	3831	1	0	0	3	13	0	0	0	13	0	0	0.75	13	0	0	0	13	0	0	1.948		99.9914	64.8245	0.0945315	0	0.945396	0.0535014	13.3652	2		0.0088623	12.0616	43.1058	0	0	0	
2024-06-13 22:06:58	1841	3832	1	0	0	1	5	0	0	0	5	0	0	1.75	5	0	0	0	5	0	0	0.649		99.9941	64.7042	0.318675	0	3.18694	0.315219	15.0181	1		0	12.0616	44.5352	0	0	0	
2024-06-13 22:11:28	1876	3833	5	0	0	4	17	0	0	0	17	0	0	2	17	0	0	0	17	0	0	1.732		99.9836	64.3558	0.109518	0	1.09536	0.254837	13.7647	1		0	12.0616	42.7159	0	0	0	
2024-06-13 22:17:37	1922	3834	9	0	0	7.75	32	0	0	0	32	0	0	5.75	32	0	0	0	32	0	0	1.732		99.9801	63.6023	0.112561	0	1.12583	0.362478	14.1476	1		0	12.0616	41.9363	0	0	0	
2024-06-13 22:17:08	1918	3835	9	0	0	7.75	32	0	0	0	32	0	0	4.5	32	0	0	0	32	0	0	2.814		99.98	64.7371	0.0676467	0	0.676603	0.222907	13.8165	1		0	12.0616	41.9363	0	0	0	
2024-06-13 22:20:45	1946	3836	1	0	0	2.25	10	0	0	0	10	0	0	3.5	10	0	0	0	10	0	0	1.082		99.9798	63.7873	0.181603	0	1.81639	0.439147	14.2659	1		0	12.0616	41.9363	0	0	0	
2024-06-13 22:19:56	1940	3837	9	0	0	0.25	2	0	0	0	2	0	0	7.5	2	0	0	0	2	0	0	6.278		99.9841	62.953	0.0384036	0	0.384097	0.00268305	17.4968	1		0	12.0705	41.9363	0	0	0	
2024-06-13 22:15:02	1903	3838	5	0	0	6	25	0	0	0	25	0	0	1.75	25	0	0	0	25	0	0	3.68		99.9835	63.4393	0.0637666	0	0.637771	0.628242	17.0307	1		0.0088623	12.0616	42.1962	0	0	0	
2024-06-13 22:10:59	1872	3839	9	0	0	4	17	0	0	0	17	0	0	5.25	17	0	0	0	17	0	0	1.082		99.9894	63.8888	0.197211	0	1.97232	0.416121	15.4906	1		0	12.0616	42.8459	0	0	0	
2024-06-13 22:04:10	1820	3840	1	0	0	0	1	0	0	0	1	0	0	1.5	1	0	0	0	1	0	0	1.299		99.9942	71.6675	0.144234	0	1.44242	0.437356	13.5945	1		0.0088623	12.0793	46.8742	0	0	0	
2024-06-13 22:10:22	1867	3841	1	0	0	3	13	0	0	0	13	0	0	2.5	13	0	0	0	13	0	0	0.433		99.9875	65.6149	0.471054	0	4.71113	0.447054	14.8005	1		0	12.0616	43.1058	0	0	0	
2024-06-13 22:07:56	1848	3842	5	0	0	2	9	0	0	0	9	0	0	5.75	9	0	0	0	9	0	0	3.247		99.9968	64.8906	0.0657218	0	0.657239	0.167958	15.4858	1		0	12.0616	43.8855	0	0	0	
2024-06-13 22:07:49	1847	3843	1	0	0	2	9	0	0	0	9	0	0	4.5	9	0	0	0	9	0	0	2.165		99.9941	65.1762	0.0900046	0	0.900099	0.0900201	14.1387	1		0.0088623	12.0616	44.1454	0	0	0	
2024-06-13 22:15:50	1909	3844	1	0	0	7	29	0	0	0	29	0	0	3.5	29	0	0	0	29	0	0	3.031		99.9817	64.239	0.065291	0	0.653029	0.0882116	14.3609	1		0	12.0616	42.1962	0	0	0	
2024-06-13 22:07:05	1842	3845	1	0	0	1	5	0	0	0	5	0	0	3	5	0	0	0	5	0	0	1.732		99.9928	65.4013	0.106851	0	1.06859	0.154464	13.4283	1		0.0088623	12.0616	44.2753	0	0	0	
2024-06-13 22:04:59	1826	3846	9	0	0	0	1	0	0	0	1	0	0	7.25	1	0	0	0	1	0	0	6.278		99.9988	66.9453	0.0419922	0	0.419927	0.062853	19.129	2		0	12.0705	46.0945	0	0	0	
2024-06-13 22:13:32	1892	3847	1	0	0	5	21	0	0	0	21	0	0	1.5	21	0	0	0	21	0	0	3.031		99.9839	63.6247	0.0662729	0	0.662836	0.00594946	14.5765	1		0	12.0616	42.3261	0	0	0	
2024-06-13 22:07:42	1846	3848	1	0	0	2	9	0	0	0	9	0	0	1.25	9	0	0	0	9	0	0	0.649		99.9952	65.3594	0.30912	0	3.09135	0.365247	14.5676	1		0	12.0616	44.0154	0	0	0	
2024-06-13 22:23:11	1965	3849	1	0	0	1.5	7	0	0	0	7	0	0	0.25	7	0	0	0	7	0	0	1.082		99.9821	61.8062	0.179052	0	1.79084	0.348888	14.0652	1		0.0088623	12.0616	41.8063	0	0	0	
2024-06-13 22:05:09	1827	3850	1	0	0	0	1	0	0	0	1	0	0	2.5	1	0	0	0	1	0	0	2.165		99.9984	66.7351	0.0891392	0	0.891406	0.0643733	14.0022	1		0	12.0439	45.8346	0	0	0	
2024-06-13 22:22:28	1959	3851	1	0	0	6.25	26	0	0	0	26	0	0	1.5	26	0	0	0	26	0	0	4.113		99.9847	63.3863	0.0582394	0	0.582483	0.670352	17.3843	1		0	12.0705	41.9363	0	0	0	
2024-06-13 22:24:09	1973	3852	9	0	0	7.25	30	0	0	0	30	0	0	6.5	30	0	0	0	30	0	0	0.649		99.9832	63.1751	0.340766	0	3.40823	0.767295	16.0609	1		0	12.0616	41.9363	0	0	0	
2024-06-13 22:09:52	1863	3853	5	0	0	3	13	0	0	0	13	0	0	7.75	13	0	0	0	13	0	0	4.113		99.9893	64.8988	0.050273	0	0.502784	0.127865	15.0056	1		0.0088623	12.0616	43.1058	0	0	0	
2024-06-13 22:09:27	1860	3854	9	0	0	3	13	0	0	0	13	0	0	6.5	13	0	0	0	13	0	0	3.031		99.987	65.3613	0.0691671	0	0.691761	0.172416	15.2126	1		0	12.0616	43.2357	0	0	0	
2024-06-13 22:05:54	1833	3855	9	0	0	1	5	0	0	0	5	0	0	7	5	0	0	0	5	0	0	5.195		99.9969	65.8432	0.0460028	0	0.460043	0.48213	17.3432	1		0	12.0616	45.1849	0	0	0	
2024-06-13 22:14:25	1898	3856	9	0	0	6	25	0	0	0	25	0	0	4.75	25	0	0	0	25	0	0	1.082		99.979	63.7431	0.199118	0	1.99159	0.330276	15.6419	1		0	12.0616	42.1962	0	0	0	
2024-06-13 22:17:08	1918	3857	1	0	0	7.75	32	0	0	0	32	0	0	0.25	32	0	0	0	32	0	0	6.494		99.98	64.7371	0.0339886	0	0.339954	0.117271	16.0199	1		0	12.0616	41.9363	0	0	0	
2024-06-13 22:13:25	1891	3858	5	0	0	5	21	0	0	0	21	0	0	3.25	21	0	0	0	21	0	0	1.515		99.9841	63.7391	0.126552	0	1.26572	0.228919	13.9173	1		0	12.0616	42.4561	0	0	0	
2024-06-13 22:10:00	1864	3859	5	0	0	3	13	0	0	0	13	0	0	0	13	0	0	0	13	0	0	2.598		99.9881	65.1681	0.0772282	0	0.772373	0.133624	14.5589	1		0	12.0616	43.2357	0	0	0	
2024-06-13 22:18:37	1930	3860	9	0	0	3.5	15	0	0	0	15	0	0	4.25	15	0	0	0	15	0	0	0.649		99.9813	62.9111	0.343934	0	3.43999	0.512984	16.2106	1		0	12.0616	42.0662	0	0	0	
2024-06-13 22:10:52	1871	3861	1	0	0	4	17	0	0	0	17	0	0	1.25	17	0	0	0	17	0	0	2.381		99.986	63.8538	0.0806013	0	0.806126	0.336109	13.9289	1		0	12.0705	42.7159	0	0	0	
2024-06-13 22:17:23	1920	3862	9	0	0	7.75	32	0	0	0	32	0	0	5	32	0	0	0	32	0	0	2.381		99.9831	63.6609	0.0792523	0	0.792657	0.18878	13.6961	1		0	12.0616	42.0662	0	0	0	
2024-06-13 22:17:53	1924	3863	1	0	0	7.75	32	0	0	0	32	0	0	3.75	32	0	0	0	32	0	0	3.464		99.9836	63.3951	0.0555698	0	0.555789	0.297784	13.9685	1		0	12.0616	41.8063	0	0	0	
2024-06-13 22:25:46	1983	3864	1	0	0	1.25	6	0	0	6.5	6	0	0	3	6	0	0	4.75	6	0	0	0.908		99.9861	20.1238	0.0956918	0	0.957051	0.279571	10.5233	2		0	12.0616	41.9363	0	0	0	
2024-06-13 22:14:00	1895	3865	1	0	0	6	25	0	0	0	25	0	0	1	25	0	0	0	25	0	0	4.33		99.9847	63.2351	0.0580202	0	0.580291	0.0910186	18.2304	1		0	12.0705	42.1962	0	0	0	
2024-06-13 22:11:51	1879	3866	1	0	0	4	17	0	0	0	17	0	0	3.25	17	0	0	0	17	0	0	0.649		99.9824	63.852	0.344268	0	3.44328	0.346121	16.2261	1		0	12.0616	42.7159	0	0	0	
2024-06-13 22:05:24	1829	3867	5	0	0	0	1	0	0	0	1	0	0	0.75	1	0	0	0	1	0	0	0.649		99.9977	66.8146	0.325021	0	3.25029	0.261616	15.3166	1		0	12.0616	45.5748	0	0	0	
2024-06-13 22:25:15	1980	3868	1	0	0	3.5	15	0	0	4.25	15	0	0	3.75	15	0	0	4	15	0	0	0.13		99.9851	19.3414	0.591263	0	5.91351	0.0643185	9.28892	2		0	12.0616	42.0662	0	0	0	
2024-06-13 22:08:03	1849	3869	5	0	0	2	9	0	0	0	9	0	0	5	9	0	0	0	9	0	0	2.598		99.988	65.0932	0.0777233	0	0.777326	0.233983	14.6523	1		0	12.0616	43.7555	0	0	0	
2024-06-13 22:08:21	1851	3870	1	0	0	2	9	0	0	0	9	0	0	3.75	9	0	0	0	9	0	0	1.515		99.9891	64.5488	0.132298	0	1.32313	0.517353	14.5486	1		0	12.0616	43.7555	0	0	0	
2024-06-13 22:16:05	1911	3871	1	0	0	7	29	0	0	0	29	0	0	2.75	29	0	0	0	29	0	0	3.68		99.9824	63.8529	0.0560376	0	0.560474	0.0529252	14.9666	1		0	12.0616	42.1962	0	0	0	
2024-06-13 22:16:39	1915	3872	1	0	0	7	29	0	0	0	29	0	0	2.25	29	0	0	0	29	0	0	4.113		99.9814	63.7256	0.0516482	0	0.516578	0.0797889	15.4173	1		0	12.0616	42.0662	0	0	0	
2024-06-13 22:04:37	1823	3873	5	0	0	0	1	0	0	0	1	0	0	7.75	1	0	0	0	1	0	0	6.711		99.994	68.2296	0.035712	0	0.357142	0.219009	17.3909	1		0	12.0705	46.4844	0	0	0	
2024-06-13 22:05:09	1827	3874	5	0	0	0	1	0	0	0	1	0	0	6.5	1	0	0	0	1	0	0	5.628		99.9984	66.7351	0.0422736	0	0.422742	0.0676432	17.2651	1		0	12.0439	45.8346	0	0	0	
2024-06-13 22:13:10	1889	3875	1	0	0	5	21	0	0	0	21	0	0	0.75	21	0	0	0	21	0	0	3.68		99.9866	63.8339	0.0593967	0	0.594046	0.101828	15.8631	1		0	12.0705	42.3261	0	0	0	
2024-06-13 22:12:38	1885	3876	5	0	0	5	21	0	0	0	21	0	0	7.25	21	0	0	0	21	0	0	1.948		99.9837	63.6533	0.127464	0	1.27485	0.315911	18.0227	2		0.0088623	12.0616	42.586	0	0	0	
2024-06-13 22:24:01	1972	3877	9	0	0	5.75	24	0	0	0	24	0	0	4	24	0	0	0	24	0	0	1.515		99.9827	63.2339	0.131576	0	1.31599	0.32887	14.4701	1		0	12.0616	42.0662	0	0	0	
2024-06-13 22:20:59	1948	3878	9	0	0	4.5	19	0	0	0	19	0	0	5.25	19	0	0	0	19	0	0	0.649		99.9822	62.9421	0.343307	0	3.43368	0.500463	16.1808	1		0	12.0616	41.9363	0	0	0	
2024-06-13 22:25:26	1981	3879	1	0	0	2.75	12	0	0	5	12	0	0	3.5	12	0	0	4.25	12	0	0	0.389		99.9855	20.7454	0.332437	0	3.32485	0.954692	15.668	2		0.0088623	12.0616	42.0662	0	0	0	
2024-06-13 22:08:27	1852	3880	5	0	0	2	9	0	0	0	9	0	0	0.5	9	0	0	0	9	0	0	1.299		99.9877	64.6224	0.144404	0	1.44422	0.336123	13.6115	1		0	12.0616	43.7555	0	0	0	
2024-06-13 22:19:45	1939	3881	9	0	0	0.5	3	0	0	0	3	0	0	7.25	3	0	0	0	3	0	0	5.845		99.9824	62.8408	0.104963	0	1.04981	0.0902503	44.5242	2		0	12.0616	41.9363	0	0	0	
2024-06-13 22:10:37	1869	3882	9	0	0	4	17	0	0	0	17	0	0	7.25	17	0	0	0	17	0	0	2.814		99.9874	63.9517	0.0830814	0	0.830919	0.930492	16.9677	1		0.0088623	12.0705	42.9758	0	0	0	
2024-06-13 22:09:27	1860	3883	5	0	0	3	13	0	0	0	13	0	0	5.75	13	0	0	0	13	0	0	2.381		99.987	65.3613	0.081338	0	0.813486	0.246645	14.056	1		0	12.0616	43.2357	0	0	0	
2024-06-13 22:09:19	1859	3884	9	0	0	3	13	0	0	0	13	0	0	4.5	13	0	0	0	13	0	0	1.299		99.991	65.3056	0.151756	0	1.5177	0.46404	14.304	1		0	12.0616	43.3657	0	0	0	
2024-06-13 22:15:35	1907	3885	9	0	0	7	29	0	0	0	29	0	0	6.75	29	0	0	0	29	0	0	0.216		99.9844	63.8323	0.83623	0	8.3636	0.74721	13.1375	1		0	12.0616	42.1962	0	0	0	
2024-06-13 22:05:54	1833	3886	5	0	0	1	5	0	0	0	5	0	0	7.5	5	0	0	0	5	0	0	5.628		99.9969	65.8432	0.0424799	0	0.424813	0.583825	17.3497	1		0	12.0616	45.1849	0	0	0	
2024-06-13 22:06:16	1836	3887	9	0	0	1	5	0	0	0	5	0	0	6.25	5	0	0	0	5	0	0	4.546		99.9953	65.3488	0.0535836	0	0.535861	0.149241	17.6763	1		0	12.0616	45.055	0	0	0	
2024-06-13 22:14:08	1896	3888	9	0	0	6	25	0	0	0	25	0	0	5.25	25	0	0	0	25	0	0	0.649		99.9824	64.1532	0.349134	0	3.49195	0.659221	16.4554	1		0	12.0616	42.1962	0	0	0	
2024-06-13 22:14:00	1895	3889	9	0	0	6	25	0	0	0	25	0	0	4	25	0	0	0	25	0	0	1.732		99.9847	63.2351	0.114549	0	1.14567	0.21822	14.3969	1		0	12.0705	42.1962	0	0	0	
2024-06-13 22:13:18	1890	3890	5	0	0	5	21	0	0	0	21	0	0	2.5	21	0	0	0	21	0	0	2.165		99.9831	63.8563	0.0941524	0	0.941683	0.320882	14.7919	1		0.0088623	12.0705	42.3261	0	0	0	
2024-06-13 22:06:01	1834	3891	1	0	0	1	5	0	0	0	5	0	0	0.25	5	0	0	0	5	0	0	0.649		99.9986	65.6314	0.326284	0	3.26288	0.40503	15.376	1		0.0088623	12.0705	45.1849	0	0	0	
2024-06-13 22:11:06	1873	3892	1	0	0	4	17	0	0	0	17	0	0	0.5	17	0	0	0	17	0	0	3.031		99.9869	63.9583	0.0669738	0	0.669826	0.311135	14.7302	1		0.0088623	12.0616	42.7159	0	0	0	
2024-06-13 22:17:16	1919	3893	1	0	0	7.75	32	0	0	0	32	0	0	3	32	0	0	0	32	0	0	4.113		99.9806	64.2213	0.0477177	0	0.47727	0.120043	14.2442	1		0	12.0616	42.0662	0	0	0	
2024-06-13 22:14:55	1902	3894	5	0	0	6	25	0	0	0	25	0	0	0.25	25	0	0	0	25	0	0	4.979		99.9848	63.3795	0.0470774	0	0.470845	0.11353	17.0108	1		0.0088623	12.0705	42.0662	0	0	0	
2024-06-13 22:22:00	1956	3895	1	0	0	5.25	22	0	0	0	22	0	0	2.5	22	0	0	0	22	0	0	2.381		99.9828	62.55	0.139919	0	1.39943	0.399992	24.1804	2		0	12.0616	41.9363	0	0	0	
2024-06-13 22:11:35	1877	3896	5	0	0	4	17	0	0	0	17	0	0	2.5	17	0	0	0	17	0	0	1.299		99.9849	63.89	0.150588	0	1.50611	0.516712	14.1947	1		0	12.0705	42.4561	0	0	0	
2024-06-13 22:08:49	1855	3897	5	0	0	2	9	0	0	0	9	0	0	3	9	0	0	0	9	0	0	0.866		99.9935	64.7614	0.233966	0	2.33981	0.332368	14.7015	1		0.0088623	12.0616	43.4956	0	0	0	
2024-06-13 22:16:30	1914	3898	5	0	0	7	29	0	0	0	29	0	0	1.5	29	0	0	0	29	0	0	4.762		99.9792	63.5722	0.0479137	0	0.479237	0.039602	16.5612	1		0.0088623	12.0616	41.9363	0	0	0	
2024-06-13 22:05:09	1827	3899	9	0	0	0	1	0	0	0	1	0	0	5.75	1	0	0	0	1	0	0	4.979		99.9984	66.7351	0.0466382	0	0.466389	0.064819	16.8499	1		0	12.0439	45.8346	0	0	0	
2024-06-13 22:04:30	1822	3900	9	0	0	0	1	0	0	0	1	0	0	4.5	1	0	0	0	1	0	0	3.897		100.001	68.7741	0.0546934	0	0.546928	0.151082	15.464	1		0.0088623	12.0705	46.7443	0	0	0	
2024-06-13 22:13:03	1888	3901	5	0	0	5	21	0	0	0	21	0	0	0	21	0	0	0	21	0	0	4.33		99.9825	63.856	0.0513962	0	0.514052	0.276981	16.1494	1		0.0088623	12.0616	42.3261	0	0	0	
2024-06-13 22:17:30	1921	3902	1	0	0	7.75	32	0	0	0	32	0	0	2.25	32	0	0	0	32	0	0	4.762		99.9793	63.599	0.042625	0	0.426338	0.340989	14.7332	1		0	12.0705	42.0662	0	0	0	
2024-06-13 22:12:56	1887	3903	5	0	0	5	21	0	0	0	21	0	0	7.75	21	0	0	0	21	0	0	2.381		99.9825	63.9577	0.0827622	0	0.827767	0.0611855	14.3028	1		0	12.0616	42.4561	0	0	0	
2024-06-13 22:12:48	1886	3904	9	0	0	5	21	0	0	0	21	0	0	6.5	21	0	0	0	21	0	0	1.299		99.9828	63.7497	0.163042	0	1.6307	0.128559	15.369	1		0.0088623	12.0616	42.4561	0	0	0	
2024-06-13 22:10:15	1866	3905	5	0	0	3	13	0	0	0	13	0	0	2	13	0	0	0	13	0	0	0.866		99.9887	65.0985	0.233208	0	2.33234	0.368154	14.6546	1		0	12.0616	43.1058	0	0	0	
2024-06-13 22:21:45	1954	3906	1	0	0	4.5	19	0	0	0	19	0	0	3.25	19	0	0	0	19	0	0	1.082		99.9825	62.8667	0.191624	0	1.91658	0.513261	15.0528	1		0	12.0616	41.8063	0	0	0	
2024-06-13 22:16:54	1917	3907	9	0	0	7.75	32	0	0	0	32	0	0	7	32	0	0	0	32	0	0	0.649		99.9813	62.7234	0.336611	0	3.36674	2.41651	15.8654	4		0	12.0705	41.9363	0	0	0	
2024-06-13 22:23:53	1971	3908	9	0	0	5.5	23	0	0	0	23	0	0	4.25	23	0	0	0	23	0	0	1.082		99.9792	62.5069	0.195984	0	1.96025	0.496269	15.3957	1		0	12.0616	42.0662	0	0	0	
2024-06-13 22:22:42	1961	3909	1	0	0	6.75	28	0	0	0	28	0	0	1	28	0	0	0	28	0	0	4.979		99.9866	62.7571	0.0519749	0	0.519819	0.010164	18.7802	1		0	12.0616	41.8063	0	0	0	
2024-06-13 22:21:06	1949	3910	9	0	0	4.25	18	0	0	0	18	0	0	5.5	18	0	0	0	18	0	0	1.082		99.9822	63.2151	0.196611	0	1.96646	0.43099	15.4445	1		0	12.0705	41.8063	0	0	0	
2024-06-13 22:10:29	1868	3911	5	0	0	4	17	0	0	0	17	0	0	7.75	17	0	0	0	17	0	0	3.247		99.9877	63.9751	0.0618563	0	0.618639	0.263846	14.5763	1		0.0088623	12.0616	42.9758	0	0	0	
2024-06-13 22:10:45	1870	3912	5	0	0	4	17	0	0	0	17	0	0	6.5	17	0	0	0	17	0	0	2.165		99.9866	63.9493	0.0924626	0	0.924749	0.332847	14.5259	1		0	12.0616	42.9758	0	0	0	
2024-06-13 22:08:57	1856	3913	5	0	0	3	13	0	0	0	13	0	0	5	13	0	0	0	13	0	0	1.732		99.988	65.4848	0.111104	0	1.11117	0.433706	13.9634	1		0	12.0616	43.4956	0	0	0	
2024-06-13 22:10:07	1865	3914	5	0	0	3	13	0	0	0	13	0	0	3.75	13	0	0	0	13	0	0	0.649		99.9878	65.2083	0.332585	0	3.32625	0.469394	15.6746	1		0	12.0705	43.1058	0	0	0	
2024-06-13 22:08:21	1851	3915	9	0	0	2	9	0	0	0	9	0	0	7	9	0	0	0	9	0	0	4.33		99.9891	64.5488	0.0507936	0	0.507992	0.200134	15.959	1		0	12.0616	43.7555	0	0	0	
2024-06-13 22:15:50	1909	3916	5	0	0	7	29	0	0	0	29	0	0	6	29	0	0	0	29	0	0	0.866		99.9817	64.239	0.257576	0	2.57623	0.62718	16.1869	1		0	12.0616	42.1962	0	0	0	
2024-06-13 22:15:35	1907	3917	5	0	0	7	29	0	0	0	29	0	0	4.75	29	0	0	0	29	0	0	1.948		99.9844	63.8323	0.102129	0	1.02145	0.144104	14.4404	1		0	12.0616	42.1962	0	0	0	
2024-06-13 22:06:08	1835	3918	1	0	0	1	5	0	0	0	5	0	0	5.5	5	0	0	0	5	0	0	3.897		99.9981	65.43	0.0617998	0	0.618009	0.161081	17.4738	1		0	12.0616	45.1849	0	0	0	
2024-06-13 22:06:42	1839	3919	9	0	0	1	5	0	0	0	5	0	0	4.25	5	0	0	0	5	0	0	2.814		100.001	64.5154	0.0727352	0	0.727342	0.581464	14.8526	1		0	12.0705	44.6651	0	0	0	
2024-06-13 22:15:02	1903	3920	1	0	0	6	25	0	0	0	25	0	0	3.25	25	0	0	0	25	0	0	2.381		99.9835	63.4393	0.0828307	0	0.828443	0.0947097	14.3145	1		0.0088623	12.0616	42.1962	0	0	0	
2024-06-13 22:20:20	1943	3921	1	0	0	0.25	2	0	0	0	2	0	0	1.5	2	0	0	0	2	0	0	1.082		99.9805	62.423	0.176485	0	1.7652	0.0252955	13.8638	2		0	12.0616	41.9363	0	0	0	
2024-06-13 22:16:39	1915	3922	5	0	0	7	29	0	0	0	29	0	0	0.75	29	0	0	0	29	0	0	5.412		99.9814	63.7256	0.044138	0	0.441462	0.209964	17.3362	1		0	12.0616	42.0662	0	0	0	
2024-06-13 22:04:10	1820	3923	9	0	0	0	1	0	0	0	1	0	0	5	1	0	0	0	1	0	0	4.33		99.9942	71.6675	0.0511297	0	0.511327	0.622305	16.0638	1		0.0088623	12.0793	46.8742	0	0	0	
2024-06-13 22:05:31	1830	3924	5	0	0	0	1	0	0	0	1	0	0	3.75	1	0	0	0	1	0	0	3.247		99.9957	66.5065	0.0625186	0	0.625213	0.103782	14.7312	1		0.0088623	12.0705	45.5748	0	0	0	
2024-06-13 22:24:16	1974	3925	9	0	0	7.5	31	0	0	0	31	0	0	6.25	31	0	0	0	31	0	0	1.082		99.9837	62.4293	0.190804	0	1.90835	0.0659747	14.9882	2		0.0088623	11.9552	42.0662	0	0	0	
2024-06-13 22:21:30	1952	3926	9	0	0	6.25	26	0	0	0	26	0	0	7.5	26	0	0	0	26	0	0	1.082		99.9852	62.8046	0.191687	0	1.91716	0.313894	15.0573	1		0	12.0616	41.8063	0	0	0	
2024-06-13 22:14:15	1897	3927	9	0	0	6	25	0	0	0	25	0	0	7.25	25	0	0	0	25	0	0	1.082		99.9816	63.3572	0.255047	0	2.55094	0.610534	20.035	2		0	12.0616	42.1962	0	0	0	
2024-06-13 22:17:45	1923	3928	1	0	0	7.75	32	0	0	0	32	0	0	1.5	32	0	0	0	32	0	0	5.412		99.9811	63.5327	0.0390123	0	0.390197	0.364132	15.323	1		0.0088623	12.0616	41.9363	0	0	0	
2024-06-13 22:12:15	1882	3929	5	0	0	5	21	0	0	0	21	0	0	5.75	21	0	0	0	21	0	0	0.649		99.9853	64.2479	0.349299	0	3.4935	0.527463	16.4627	1		0.0088623	12.0705	42.586	0	0	0	
2024-06-13 22:12:08	1881	3930	1	0	0	5	21	0	0	0	21	0	0	4.5	21	0	0	0	21	0	0	0.433		99.9837	63.7912	0.499966	0	5.00047	0.6051	15.7094	1		0	12.0616	42.586	0	0	0	
2024-06-13 22:10:15	1866	3931	1	0	0	3	13	0	0	0	13	0	0	1.25	13	0	0	0	13	0	0	1.515		99.9887	65.0985	0.121791	0	1.21805	0.288925	13.3931	1		0	12.0616	43.1058	0	0	0	
2024-06-13 22:06:42	1839	3932	1	0	0	1	5	0	0	0	5	0	0	2.25	5	0	0	0	5	0	0	1.082		100.001	64.5154	0.175151	0	1.75149	0.163641	13.7561	1		0	12.0705	44.6651	0	0	0	
2024-06-13 22:20:10	1942	3933	1	0	0	0.5	3	0	0	0	3	0	0	1.25	3	0	0	0	3	0	0	0.649		99.9793	62.526	0.332388	0	3.32457	0.00139636	15.6666	2		0	12.0616	41.9363	0	0	0	
2024-06-13 22:18:59	1933	3934	9	0	0	2.5	11	0	0	0	11	0	0	5.25	11	0	0	0	11	0	0	2.381		99.9832	63.4179	0.0936111	0	0.936268	0.231082	16.1776	2		0	12.0616	41.9363	0	0	0	
2024-06-13 22:17:45	1923	3935	5	0	0	7.75	32	0	0	0	32	0	0	7.5	32	0	0	0	32	0	0	0.216		99.9811	63.5327	0.88071	0	8.80876	0.48592	13.8368	1		0.0088623	12.0616	41.9363	0	0	0	
2024-06-13 22:17:30	1921	3936	9	0	0	7.75	32	0	0	0	32	0	0	6.25	32	0	0	0	32	0	0	1.299		99.9793	63.599	0.157134	0	1.57167	0.415908	14.8126	1		0	12.0705	42.0662	0	0	0	
2024-06-13 22:21:37	1953	3937	1	0	0	4.25	18	0	0	0	18	0	0	3.5	18	0	0	0	18	0	0	0.649		99.982	63.0939	0.345671	0	3.45733	0.351096	16.2923	1		0	12.0616	41.9363	0	0	0	
2024-06-13 22:14:25	1898	3938	1	0	0	6	25	0	0	0	25	0	0	2.25	25	0	0	0	25	0	0	3.247		99.979	63.7431	0.0645232	0	0.645367	0.178906	15.2061	1		0	12.0616	42.1962	0	0	0	
2024-06-13 22:23:46	1970	3939	9	0	0	5.25	22	0	0	0	22	0	0	4.5	22	0	0	0	22	0	0	0.649		99.986	62.8069	0.343198	0	3.43246	0.199957	16.1751	1		0.0088623	12.0616	41.9363	0	0	0	
2024-06-13 22:11:14	1874	3940	5	0	0	4	17	0	0	0	17	0	0	5.75	17	0	0	0	17	0	0	1.515		99.9868	63.8664	0.132456	0	1.32474	0.182628	14.5663	1		0.0088623	12.0616	42.7159	0	0	0	
2024-06-13 22:11:06	1873	3941	5	0	0	4	17	0	0	0	17	0	0	4.5	17	0	0	0	17	0	0	0.433		99.9869	63.9583	0.539514	0	5.39585	0.24679	16.9516	1		0.0088623	12.0616	42.7159	0	0	0	
2024-06-13 22:05:16	1828	3942	1	0	0	0	1	0	0	0	1	0	0	2	1	0	0	0	1	0	0	1.732		99.9968	66.6168	0.1351	0	1.35105	0.531377	16.9777	1		0	12.0616	45.8346	0	0	0	
2024-06-13 22:07:49	1847	3943	5	0	0	2	9	0	0	0	9	0	0	7.5	9	0	0	0	9	0	0	4.762		99.9941	65.1762	0.0481429	0	0.481457	0.869159	16.638	1		0.0088623	12.0616	44.1454	0	0	0	
2024-06-13 22:07:42	1846	3944	9	0	0	2	9	0	0	0	9	0	0	6.25	9	0	0	0	9	0	0	3.68		99.9952	65.3594	0.0590829	0	0.590857	0.176227	15.778	1		0	12.0616	44.0154	0	0	0	
2024-06-13 22:15:42	1908	3945	9	0	0	7	29	0	0	0	29	0	0	5.25	29	0	0	0	29	0	0	1.515		99.9841	63.8544	0.132721	0	1.32742	0.243544	14.5958	1		0	12.0705	42.1962	0	0	0	
2024-06-13 22:15:17	1905	3946	5	0	0	7	29	0	0	0	29	0	0	4	29	0	0	0	29	0	0	2.598		99.9814	63.411	0.0758986	0	0.759127	0.155405	14.3092	2		0	12.0616	41.9363	0	0	0	
2024-06-13 22:05:54	1833	3947	1	0	0	1	5	0	0	0	5	0	0	3.5	5	0	0	0	5	0	0	2.165		99.9969	65.8432	0.0855167	0	0.855194	0.2066	13.4334	1		0	12.0616	45.1849	0	0	0	
2024-06-13 22:15:10	1904	3948	5	0	0	6	25	0	0	0	25	0	0	2.5	25	0	0	0	25	0	0	3.031		99.9851	63.475	0.0750399	0	0.750511	0.777828	16.5046	1		0	12.0616	42.1962	0	0	0	
2024-06-13 22:23:39	1969	3949	1	0	0	3.75	16	0	0	0	16	0	0	2	16	0	0	0	16	0	0	1.515		99.9851	62.6495	0.13074	0	1.30759	0.229218	14.3777	1		0	12.0616	41.8063	0	0	0	
2024-06-13 22:12:38	1885	3950	1	0	0	5	21	0	0	0	21	0	0	2	21	0	0	0	21	0	0	2.598		99.9837	63.6533	0.0774403	0	0.774529	0.134466	14.5995	2		0.0088623	12.0616	42.586	0	0	0	
2024-06-13 22:08:27	1852	3951	1	0	0	2	9	0	0	0	9	0	0	1.75	9	0	0	0	9	0	0	0.216		99.9877	64.6224	0.787971	0	7.88068	0.280285	12.3789	1		0	12.0616	43.7555	0	0	0	
2024-06-13 22:16:30	1914	3952	1	0	0	7	29	0	0	0	29	0	0	0	29	0	0	0	29	0	0	6.061		99.9792	63.5722	0.0403305	0	0.403389	0.13528	17.742	1		0.0088623	12.0616	41.9363	0	0	0	
2024-06-13 22:04:37	1823	3953	1	0	0	0	1	0	0	0	1	0	0	3	1	0	0	0	1	0	0	2.598		99.994	68.2296	0.0764116	0	0.764162	0.317341	14.4041	1		0	12.0705	46.4844	0	0	0	
2024-06-13 22:09:35	1861	3954	5	0	0	3	13	0	0	0	13	0	0	7	13	0	0	0	13	0	0	3.464		99.9875	65.55	0.0600576	0	0.600651	0.350645	15.096	1		0.0088623	12.0616	43.3657	0	0	0	
2024-06-13 22:14:08	1896	3955	5	0	0	6	25	0	0	0	25	0	0	7.75	25	0	0	0	25	0	0	1.515		99.9824	64.1532	0.13672	0	1.36744	0.366057	15.0358	1		0	12.0616	42.1962	0	0	0	
2024-06-13 22:14:25	1898	3956	5	0	0	6	25	0	0	0	25	0	0	6.5	25	0	0	0	25	0	0	0.433		99.979	63.7431	0.543396	0	5.4351	0.538603	17.0749	1		0	12.0616	42.1962	0	0	0	
2024-06-13 22:18:07	1926	3957	1	0	0	7.75	32	0	0	0	32	0	0	0.75	32	0	0	0	32	0	0	6.061		99.9831	63.4005	0.0364299	0	0.36436	0.00922043	16.0254	1		0	12.0616	41.9363	0	0	0	
2024-06-13 22:12:56	1887	3958	1	0	0	5	21	0	0	0	21	0	0	3.75	21	0	0	0	21	0	0	1.082		99.9825	63.9577	0.191464	0	1.91497	0.310592	15.0401	1		0	12.0616	42.4561	0	0	0	
2024-06-13 22:10:00	1864	3959	1	0	0	3	13	0	0	0	13	0	0	0.5	13	0	0	0	13	0	0	2.165		99.9881	65.1681	0.0875744	0	0.875848	0.0606784	13.7578	1		0	12.0616	43.2357	0	0	0	
2024-06-13 22:06:33	1838	3960	1	0	0	1	5	0	0	0	5	0	0	1.5	5	0	0	0	5	0	0	0.433		99.9972	64.449	0.480748	0	4.80761	0.0189965	15.1036	2		0	12.0616	44.7951	0	0	0	
2024-06-13 22:25:36	1982	3961	1	0	0	2	9	0	0	5.75	9	0	0	3.25	9	0	0	4.5	9	0	0	0.649		99.9857	20.2446	0.174375	0	1.744	0.262714	13.6974	2		0.0088623	12.0705	41.9363	0	0	0	
2024-06-13 22:11:28	1876	3962	1	0	0	4	17	0	0	0	17	0	0	1.75	17	0	0	0	17	0	0	1.948		99.9836	64.3558	0.0966142	0	0.9663	0.319066	13.6608	1		0	12.0616	42.7159	0	0	0	
2024-06-13 22:20:38	1945	3963	1	0	0	2.5	11	0	0	0	11	0	0	3.25	11	0	0	0	11	0	0	0.649		99.9851	63.5022	0.322168	0	3.22216	0.670989	15.1841	1		0.0088623	12.0616	41.9363	0	0	0	
2024-06-13 22:17:16	1919	3964	9	0	0	7.75	32	0	0	0	32	0	0	5.5	32	0	0	0	32	0	0	1.948		99.9806	64.2213	0.0990958	0	0.991151	0.181093	14.0121	1		0	12.0616	42.0662	0	0	0	
2024-06-13 22:17:16	1919	3965	5	0	0	7.75	32	0	0	0	32	0	0	4.25	32	0	0	0	32	0	0	3.031		99.9806	64.2213	0.0632634	0	0.632757	0.00899005	13.9151	1		0	12.0616	42.0662	0	0	0	
2024-06-13 22:14:40	1900	3966	1	0	0	6	25	0	0	0	25	0	0	1.5	25	0	0	0	25	0	0	3.897		99.98	63.4971	0.0566301	0	0.566414	0.155666	16.015	1		0	12.0616	42.1962	0	0	0	
2024-06-13 22:11:21	1875	3967	5	0	0	4	17	0	0	0	17	0	0	5	17	0	0	0	17	0	0	0.866		99.9845	63.7578	0.254616	0	2.54655	0.280835	16.0004	1		0.0088623	12.0616	42.7159	0	0	0	
2024-06-13 22:11:43	1878	3968	5	0	0	4	17	0	0	0	17	0	0	3.75	17	0	0	0	17	0	0	0.216		99.9866	63.8175	0.888199	0	8.88318	0.334364	13.9537	1		0	12.0616	42.7159	0	0	0	
2024-06-13 22:05:31	1830	3969	1	0	0	0	1	0	0	0	1	0	0	1.25	1	0	0	0	1	0	0	1.082		99.9957	66.5065	0.176985	0	1.76993	0.236131	13.901	1		0.0088623	12.0705	45.5748	0	0	0	
2024-06-13 22:08:10	1850	3970	9	0	0	2	9	0	0	0	9	0	0	5.5	9	0	0	0	9	0	0	3.031		99.9915	64.4453	0.114278	0	1.14288	0.381645	25.1332	2		0	12.0616	43.6256	0	0	0	
2024-06-13 22:08:10	1850	3971	5	0	0	2	9	0	0	0	9	0	0	4.25	9	0	0	0	9	0	0	1.948		99.9915	64.4453	0.101025	0	1.01034	0.00519414	14.2833	2		0	12.0616	43.6256	0	0	0	
2024-06-13 22:16:47	1916	3972	1	0	0	7	29	0	0	0	29	0	0	3.25	29	0	0	0	29	0	0	3.247		99.98	63.6374	0.0615668	0	0.615791	0.194044	14.5092	1		0	12.0616	42.0662	0	0	0	
2024-06-13 22:06:22	1837	3973	1	0	0	1	5	0	0	0	5	0	0	2.75	5	0	0	0	5	0	0	1.515		99.9971	64.692	0.121374	0	1.21378	0.0396696	13.3462	2		0	12.0616	44.925	0	0	0	
2024-06-13 22:04:22	1821	3974	9	0	0	0	1	0	0	0	1	0	0	7	1	0	0	0	1	0	0	6.061		99.9985	69.7835	0.0399993	0	0.399999	0.801199	17.5929	1		0.0088623	12.0705	46.8742	0	0	0	
2024-06-13 22:11:58	1880	3975	1	0	0	5	21	0	0	0	21	0	0	1.25	21	0	0	0	21	0	0	3.247		99.9846	63.673	0.0679291	0	0.679396	0.115768	16.0079	2		0.0088623	11.9552	42.7159	0	0	0	
2024-06-13 22:07:19	1844	3976	1	0	0	2	9	0	0	0	9	0	0	1	9	0	0	0	9	0	0	0.866		99.9939	64.0761	0.219205	0	2.19219	3.51534	13.7739	4		0.0088623	11.9552	44.2753	0	0	0	
2024-06-13 22:09:04	1857	3977	5	0	0	3	13	0	0	0	13	0	0	7.5	13	0	0	0	13	0	0	3.897		99.9882	65.5201	0.0539518	0	0.539582	0.406569	15.2563	1		0.0088623	12.0616	43.4956	0	0	0	
2024-06-13 22:09:19	1859	3978	5	0	0	3	13	0	0	0	13	0	0	6.25	13	0	0	0	13	0	0	2.814		99.991	65.3056	0.0734351	0	0.734418	0.308085	14.9971	1		0	12.0616	43.3657	0	0	0	
2024-06-13 22:16:13	1912	3979	5	0	0	7	29	0	0	0	29	0	0	7.25	29	0	0	0	29	0	0	0.216		99.9813	63.4069	0.738815	0	7.38953	0.408629	11.6075	2		0	12.0616	41.9363	0	0	0	
2024-06-13 22:06:22	1837	3980	9	0	0	1	5	0	0	0	5	0	0	6.75	5	0	0	0	5	0	0	4.979		99.9971	64.692	0.0511703	0	0.511718	0.101023	18.4875	2		0	12.0616	44.925	0	0	0	
2024-06-13 22:14:33	1899	3981	5	0	0	6	25	0	0	0	25	0	0	5.75	25	0	0	0	25	0	0	0.216		99.9796	63.627	0.871341	0	8.71519	0.485149	13.6898	1		0	12.0616	42.1962	0	0	0	
2024-06-13 22:14:33	1899	3982	9	0	0	6	25	0	0	0	25	0	0	4.5	25	0	0	0	25	0	0	1.299		99.9796	63.627	0.160195	0	1.60228	0.110075	15.1011	1		0	12.0616	42.1962	0	0	0	
2024-06-13 22:18:15	1927	3983	5	0	0	7.75	32	0	0	0	32	0	0	0	32	0	0	0	32	0	0	6.711		99.9849	63.3707	0.0340971	0	0.341023	0.0526967	16.606	1		0	12.0616	41.9363	0	0	0	
2024-06-13 22:13:10	1889	3984	5	0	0	5	21	0	0	0	21	0	0	3	21	0	0	0	21	0	0	1.732		99.9866	63.8339	0.109995	0	1.1001	0.298512	13.8243	1		0	12.0705	42.3261	0	0	0	
2024-06-13 22:05:46	1832	3985	1	0	0	1	5	0	0	0	5	0	0	0.75	5	0	0	0	5	0	0	0.216		99.997	66.0427	0.813661	0	8.13686	0.842851	12.7813	1		0	12.0705	45.3149	0	0	0	
2024-06-13 22:22:21	1958	3986	1	0	0	5.75	24	0	0	0	24	0	0	2	24	0	0	0	24	0	0	3.247		99.9864	62.6927	0.0669529	0	0.66962	0.349248	15.7775	1		0	12.0616	41.9363	0	0	0	
2024-06-13 22:10:45	1870	3987	1	0	0	4	17	0	0	0	17	0	0	1	17	0	0	0	17	0	0	2.598		99.9866	63.9493	0.0738206	0	0.738305	0.358054	13.9167	1		0	12.0616	42.9758	0	0	0	
2024-06-13 22:18:22	1928	3988	5	0	0	7.75	32	0	0	0	32	0	0	3.5	32	0	0	0	32	0	0	3.68		99.9835	63.6539	0.0521479	0	0.521565	0.145532	13.9276	1		0	12.0616	41.9363	0	0	0	
2024-06-13 22:13:40	1893	3989	1	0	0	6	25	0	0	0	25	0	0	0.75	25	0	0	0	25	0	0	4.546		99.9809	63.3104	0.0528703	0	0.528805	0.126869	17.4435	2		0	12.0616	42.3261	0	0	0	
2024-06-13 22:11:51	1879	3990	5	0	0	4	17	0	0	0	17	0	0	3	17	0	0	0	17	0	0	0.866		99.9824	63.852	0.242757	0	2.428	0.310952	15.2556	1		0	12.0616	42.7159	0	0	0	
2024-06-13 22:05:39	1831	3991	1	0	0	0	1	0	0	0	1	0	0	0.5	1	0	0	0	1	0	0	0.433		99.9969	66.8318	0.4744	0	4.74415	0.286985	14.9042	1		0	12.0705	45.4448	0	0	0	
2024-06-13 22:24:33	1976	3992	1	0	0	3.5	15	0	0	4.25	15	0	0	2.75	15	0	0	5	15	0	0	0.389		99.9815	19.2656	0.340381	0	3.40444	0.0541548	16.0431	1		0	12.0616	42.0662	0	0	0	
2024-06-13 22:08:34	1853	3993	5	0	0	2	9	0	0	0	9	0	0	3.5	9	0	0	0	9	0	0	1.299		99.9873	65.225	0.150485	0	1.50504	0.140469	14.1846	1		0	12.0705	43.6256	0	0	0	
2024-06-13 22:15:42	1908	3994	1	0	0	7	29	0	0	0	29	0	0	2.5	29	0	0	0	29	0	0	3.897		99.9841	63.8544	0.0559211	0	0.5593	0.403814	15.8138	1		0	12.0705	42.1962	0	0	0	
2024-06-13 22:16:23	1913	3995	1	0	0	7	29	0	0	0	29	0	0	2	29	0	0	0	29	0	0	4.33		99.9834	63.6498	0.0508472	0	0.508557	0.474105	15.9768	1		0	12.0616	42.0662	0	0	0	
2024-06-13 22:04:52	1825	3996	9	0	0	0	1	0	0	0	1	0	0	7.5	1	0	0	0	1	0	0	6.494		99.9957	67.6646	0.0377283	0	0.3773	0.699365	17.7798	1		0	12.0705	46.0945	0	0	0	
2024-06-13 22:04:22	1821	3997	5	0	0	0	1	0	0	0	1	0	0	6.25	1	0	0	0	1	0	0	5.412		99.9985	69.7835	0.0437027	0	0.437034	0.137767	17.1623	1		0.0088623	12.0705	46.8742	0	0	0	
2024-06-13 22:13:03	1888	3998	1	0	0	5	21	0	0	0	21	0	0	0.5	21	0	0	0	21	0	0	3.897		99.9825	63.856	0.060345	0	0.603555	0.676984	17.0651	1		0.0088623	12.0616	42.3261	0	0	0	
2024-06-13 22:23:04	1964	3999	1	0	0	1.25	6	0	0	0	6	0	0	0.5	6	0	0	0	6	0	0	0.649		99.9768	62.7095	0.326832	0	3.26908	0.444237	15.4052	1		0	12.0616	41.9363	0	0	0	
2024-06-13 22:12:48	1886	4000	5	0	0	5	21	0	0	0	21	0	0	7	21	0	0	0	21	0	0	1.732		99.9828	63.7497	0.116488	0	1.16508	0.171774	14.6408	1		0.0088623	12.0616	42.4561	0	0	0	
2024-06-13 22:07:56	1848	4001	1	0	0	2	9	0	0	0	9	0	0	0.25	9	0	0	0	9	0	0	1.515		99.9968	64.8906	0.126223	0	1.26227	0.035196	13.8793	1		0	12.0616	43.8855	0	0	0	
2024-06-13 22:10:59	1872	4002	5	0	0	4	17	0	0	0	17	0	0	7	17	0	0	0	17	0	0	2.598		99.9894	63.8888	0.0775386	0	0.775469	0.168126	14.6172	1		0	12.0616	42.8459	0	0	0	
2024-06-13 22:09:12	1858	4003	5	0	0	3	13	0	0	0	13	0	0	5.5	13	0	0	0	13	0	0	2.165		99.9886	65.4338	0.093685	0	0.936956	0.374446	14.7177	1		0	12.0705	43.4956	0	0	0	
2024-06-13 22:09:35	1861	4004	9	0	0	3	13	0	0	0	13	0	0	4.25	13	0	0	0	13	0	0	1.082		99.9875	65.55	0.187323	0	1.87346	0.332524	14.7141	1		0.0088623	12.0616	43.3657	0	0	0	
2024-06-13 22:16:05	1911	4005	9	0	0	7	29	0	0	0	29	0	0	7.75	29	0	0	0	29	0	0	0.649		99.9824	63.8529	0.34676	0	3.46821	0.526707	16.3435	1		0	12.0616	42.1962	0	0	0	
2024-06-13 22:16:05	1911	4006	5	0	0	7	29	0	0	0	29	0	0	6.5	29	0	0	0	29	0	0	0.433		99.9824	63.8529	0.512246	0	5.12336	0.53384	16.0955	1		0	12.0616	42.1962	0	0	0	
2024-06-13 22:06:01	1834	4007	9	0	0	1	5	0	0	0	5	0	0	6	5	0	0	0	5	0	0	4.33		99.9986	65.6314	0.0578047	0	0.578055	0.0572857	18.1601	1		0.0088623	12.0705	45.1849	0	0	0	
2024-06-13 22:05:46	1832	4008	9	0	0	1	5	0	0	0	5	0	0	4.75	5	0	0	0	5	0	0	3.247		99.997	66.0427	0.0693125	0	0.693146	0.178855	16.3319	1		0	12.0705	45.3149	0	0	0	
2024-06-13 22:20:52	1947	4009	9	0	0	4.75	20	0	0	0	20	0	0	5	20	0	0	0	20	0	0	0.216		99.9789	62.6422	0.829222	0	8.29397	0.674273	13.0281	1		0.0088623	12.0616	41.9363	0	0	0	
2024-06-13 22:13:50	1894	4010	5	0	0	6	25	0	0	0	25	0	0	5	25	0	0	0	25	0	0	0.866		99.9827	63.0822	0.25432	0	2.54364	0.0521013	15.9821	2		0	12.0616	42.0662	0	0	0	
2024-06-13 22:14:15	1897	4011	1	0	0	6	25	0	0	0	25	0	0	3.75	25	0	0	0	25	0	0	1.948		99.9816	63.3572	0.101785	0	1.01803	0.0744331	14.3921	2		0	12.0616	42.1962	0	0	0	
2024-06-13 22:06:16	1836	4012	1	0	0	1	5	0	0	0	5	0	0	0	5	0	0	0	5	0	0	0.866		99.9953	65.3488	0.231184	0	2.31195	0.363749	14.5264	1		0	12.0616	45.055	0	0	0	
2024-06-13 22:19:38	1938	4013	9	0	0	0.75	4	0	0	0	4	0	0	7	4	0	0	0	4	0	0	5.412		99.9836	63.338	0.0438719	0	0.438791	0.495232	17.2313	1		0.0088623	12.0616	41.9363	0	0	0	
2024-06-13 22:10:59	1872	4014	1	0	0	4	17	0	0	0	17	0	0	0.25	17	0	0	0	17	0	0	3.247		99.9894	63.8888	0.0608234	0	0.608298	0.282729	14.3327	1		0	12.0616	42.8459	0	0	0	
2024-06-13 22:18:15	1927	4015	1	0	0	7.75	32	0	0	0	32	0	0	2.75	32	0	0	0	32	0	0	4.33		99.9849	63.3707	0.0464597	0	0.464667	0.169565	14.5979	1		0	12.0616	41.9363	0	0	0	
2024-06-13 22:14:48	1901	4016	1	0	0	6	25	0	0	0	25	0	0	0	25	0	0	0	25	0	0	5.195		99.9829	63.4033	0.0504745	0	0.504831	0.220654	19.0317	1		0.0088623	12.0616	42.0662	0	0	0	
2024-06-13 22:08:10	1850	4017	1	0	0	2	9	0	0	0	9	0	0	2.75	9	0	0	0	9	0	0	0.649		99.9915	64.4453	0.328274	0	3.28301	0.0397352	15.4708	2		0	12.0616	43.6256	0	0	0	
2024-06-13 22:16:47	1916	4018	5	0	0	7	29	0	0	0	29	0	0	1.25	29	0	0	0	29	0	0	4.979		99.98	63.6374	0.0484652	0	0.484749	0.0977683	17.5132	1		0	12.0616	42.0662	0	0	0	
2024-06-13 22:04:45	1824	4019	9	0	0	0	1	0	0	0	1	0	0	5.5	1	0	0	0	1	0	0	4.762		99.9938	68.3289	0.0666827	0	0.666868	0.315961	23.0453	1		0	12.0705	46.3544	0	0	0	
2024-06-13 22:04:45	1824	4020	5	0	0	0	1	0	0	0	1	0	0	4.25	1	0	0	0	1	0	0	3.68		99.9938	68.3289	0.0568321	0	0.568356	0.201985	15.1771	1		0	12.0705	46.3544	0	0	0	
