Time	MeasID	DPID	Channel	A(x)	A(y)	A(z)	A(adr)	B(x)	B(y)	B(z)	B(adr)	M(x)	M(y)	M(z)	M(adr)	N(x)	N(y)	N(z)	N(adr)	F(x)	F(y)	F(z)	Note	I(mA)	Uout(V)	U(V)	SP(V)	R(Ohm)	Var(%)	Rho-a(Ohm-m)	Cycles	IP Delay Window(mV/V)	Pint(V)	Pext(V)	T int(deg C)	T log(deg C)	Latitude	Longitude
2024-06-10 14:33:40	872	2174	1	0	0	7.75	32	0	0	0	32	0	0	2	32	0	0	0	32	0	0	4.979		99.9344	45.6376	0.0424433	0	0.424712	0.35835	15.3441	1		0	12.0705	37.5181	0	0	0	
2024-06-10 14:28:10	834	2175	5	0	0	5	21	0	0	0	21	0	0	7.5	21	0	0	0	21	0	0	2.165		99.9387	46.9066	0.102018	0	1.02081	0.0732937	16.0348	2		0	12.0616	37.5181	0	0	0	
2024-06-10 14:28:40	837	2176	9	0	0	5	21	0	0	0	21	0	0	6.25	21	0	0	0	21	0	0	1.082		99.9354	46.7599	0.260092	0	2.60261	0.0573706	20.4408	2		0	12.0705	37.6481	0	0	0	
2024-06-10 14:26:05	818	2177	1	0	0	3	13	0	0	0	13	0	0	1.75	13	0	0	0	13	0	0	1.082		99.9393	46.9599	0.190522	0	1.90638	0.638911	14.9727	1		0	12.0705	38.2978	0	0	0	
2024-06-10 14:34:03	875	2178	9	0	0	7.75	32	0	0	0	32	0	0	6.75	32	0	0	0	32	0	0	0.866		99.9371	45.6409	0.291373	0	2.91556	0.458881	18.319	1		0	12.0705	37.3882	0	0	0	
2024-06-10 14:40:48	920	2179	1	0	0	3.25	14	0	0	0	14	0	0	2.5	14	0	0	0	14	0	0	0.649		99.936	45.0954	0.364776	0	3.6501	0.364192	17.2007	2		0	11.973	37.5181	0	0	0	
2024-06-10 14:26:34	822	2180	9	0	0	4	17	0	0	0	17	0	0	7.5	17	0	0	0	17	0	0	3.031		99.9373	46.2432	0.0643009	0	0.643412	0.132542	14.1494	2		0	12.0705	38.2978	0	0	0	
2024-06-10 14:26:44	823	2181	5	0	0	4	17	0	0	0	17	0	0	6.25	17	0	0	0	17	0	0	1.948		99.9409	46.2294	0.098972	0	0.990305	0.238597	14.0001	1		0	12.0705	38.1678	0	0	0	
2024-06-10 14:26:05	818	2182	5	0	0	3	13	0	0	0	13	0	0	3.5	13	0	0	0	13	0	0	0.433		99.9393	46.9599	0.563519	0	5.63861	0.914891	17.7142	1		0	12.0705	38.2978	0	0	0	
2024-06-10 14:23:37	800	2183	5	0	0	2	9	0	0	0	9	0	0	6.75	9	0	0	0	9	0	0	4.113		99.9485	46.5403	0.0501054	0	0.501312	0.289552	14.9617	2		0	12.0793	39.2074	0	0	0	
2024-06-10 14:31:50	858	2184	9	0	0	7	29	0	0	0	29	0	0	5.75	29	0	0	0	29	0	0	1.082		99.9329	45.3738	0.243751	0	2.43914	0.214018	19.157	2		0	12.0705	37.5181	0	0	0	
2024-06-10 14:32:42	864	2185	5	0	0	7	29	0	0	0	29	0	0	4.5	29	0	0	0	29	0	0	2.165		99.9355	45.3488	0.0968984	0	0.969609	0.485878	15.2306	1		0	12.0705	37.5181	0	0	0	
2024-06-10 14:22:37	792	2186	9	0	0	1	5	0	0	0	5	0	0	5.25	5	0	0	0	5	0	0	3.68		99.9432	46.635	0.0671196	0	0.671577	0.278855	17.9335	1		0	12.0705	39.7272	0	0	0	
2024-06-10 14:22:29	791	2187	9	0	0	1	5	0	0	0	5	0	0	4	5	0	0	0	5	0	0	2.598		99.9499	46.6612	0.07923	0	0.792697	0.162895	14.942	1		0	12.0793	39.8571	0	0	0	
2024-06-10 14:38:54	908	2188	1	0	0	4.75	20	0	0	0	20	0	0	3	20	0	0	0	20	0	0	1.515		99.9385	45.091	0.137988	0	1.38073	0.118952	15.1819	2		0	12.0705	37.5181	0	0	0	
2024-06-10 14:30:08	847	2189	1	0	0	6	25	0	0	0	25	0	0	3	25	0	0	0	25	0	0	2.598		99.9369	45.8274	0.0764171	0	0.764653	0.0585967	14.4134	2		0	12.0705	37.6481	0	0	0	
2024-06-10 14:24:22	805	2190	5	0	0	2	9	0	0	0	9	0	0	2.25	9	0	0	0	9	0	0	0.216		99.9451	46.5614	1.01655	0	10.1711	0.774357	15.9767	1		0	12.0705	38.9475	0	0	0	
2024-06-10 14:31:39	857	2191	1	0	0	7	29	0	0	0	29	0	0	0.5	29	0	0	0	29	0	0	5.628		99.9335	45.3893	0.0413849	0	0.414125	0.400888	16.9131	2		0	12.0705	37.5181	0	0	0	
2024-06-10 14:20:17	775	2192	1	0	0	0	1	0	0	0	1	0	0	3.5	1	0	0	0	1	0	0	3.031		99.9505	47.1854	0.0798875	0	0.799271	0.527262	17.5769	2		0	12.0705	41.6764	0	0	0	
2024-06-10 14:40:39	919	2193	1	0	0	1.75	8	0	0	0	8	0	0	0	8	0	0	0	8	0	0	1.515		99.9342	45.1069	0.136738	0	1.36828	0.284233	15.0451	2		0	12.0705	37.5181	0	0	0	
2024-06-10 14:30:18	848	2194	5	0	0	6	25	0	0	0	25	0	0	7	25	0	0	0	25	0	0	0.866		99.9386	45.7921	0.295711	0	2.95893	0.0984229	18.5915	2		0	12.0705	37.5181	0	0	0	
2024-06-10 14:39:44	913	2195	1	0	0	6.5	27	0	0	0	27	0	0	1.25	27	0	0	0	27	0	0	4.546		99.94	45.2068	0.0488625	0	0.488918	0.481489	16.1278	1		0	12.0705	37.3882	0	0	0	
2024-06-10 14:34:40	880	2196	5	0	0	7.75	32	0	0	0	32	0	0	1.25	32	0	0	0	32	0	0	5.628		99.9374	45.6545	0.0381688	0	0.381927	0.162931	15.5982	1		0	11.973	37.3882	0	0	0	
2024-06-10 14:28:30	836	2197	9	0	0	5	21	0	0	0	21	0	0	5.5	21	0	0	0	21	0	0	0.433		99.9357	46.8001	0.93524	0	9.35842	0.00519427	29.4003	2		0	12.0705	37.908	0	0	0	
2024-06-10 14:28:00	833	2198	9	0	0	5	21	0	0	0	21	0	0	4.25	21	0	0	0	21	0	0	0.649		99.9385	46.9953	0.40059	0	4.00837	0.403149	18.889	2		0	12.0705	37.908	0	0	0	
2024-06-10 14:25:23	813	2199	1	0	0	3	13	0	0	0	13	0	0	1	13	0	0	0	13	0	0	1.732		99.9405	46.9894	0.11333	0	1.13397	0.0831075	14.2499	2		0	12.0705	38.5577	0	0	0	
2024-06-10 14:22:15	789	2200	1	0	0	1	5	0	0	0	5	0	0	2	5	0	0	0	5	0	0	0.866		99.9515	46.5995	0.241739	0	2.41856	0.78879	15.1963	1		0	12.0705	39.9871	0	0	0	
2024-06-10 14:35:48	888	2201	9	0	0	1.75	8	0	0	0	8	0	0	6	8	0	0	0	8	0	0	3.68		99.9351	45.2693	0.0598867	0	0.599256	0.384133	16.0022	1		0	12.0705	37.2582	0	0	0	
2024-06-10 14:27:30	829	2202	1	0	0	4	17	0	0	0	17	0	0	2.25	17	0	0	0	17	0	0	1.515		99.9351	46.0771	0.125853	0	1.25935	0.204436	13.8473	1		0	12.0705	38.0379	0	0	0	
2024-06-10 14:34:17	877	2203	5	0	0	7.75	32	0	0	0	32	0	0	6	32	0	0	0	32	0	0	1.515		99.9337	45.6	0.159393	0	1.59498	0.292407	17.5378	1		0	12.0705	37.5181	0	0	0	
2024-06-10 14:33:55	874	2204	5	0	0	7.75	32	0	0	0	32	0	0	4.75	32	0	0	0	32	0	0	2.598		99.9369	45.6293	0.0857225	0	0.857766	0.176803	16.1685	1		0	12.0705	37.5181	0	0	0	
2024-06-10 14:30:18	848	2205	1	0	0	6	25	0	0	0	25	0	0	2	25	0	0	0	25	0	0	3.464		99.9386	45.7921	0.063305	0	0.633439	0.142821	15.9201	2		0	12.0705	37.5181	0	0	0	
2024-06-10 14:27:05	826	2206	9	0	0	4	17	0	0	0	17	0	0	5.5	17	0	0	0	17	0	0	1.299		99.9386	46.1017	0.186158	0	1.86272	0.267163	17.5557	2		0	11.973	38.0379	0	0	0	
2024-06-10 14:27:16	827	2207	5	0	0	4	17	0	0	0	17	0	0	4.25	17	0	0	0	17	0	0	0.216		99.9383	46.1465	0.892254	0	8.92804	0.44515	14.0241	1		0	12.0705	38.0379	0	0	0	
2024-06-10 14:21:06	781	2208	5	0	0	0	1	0	0	0	1	0	0	1.75	1	0	0	0	1	0	0	1.515		99.9565	47.106	0.125961	0	1.26016	0.437097	13.8561	1		0	12.0705	40.7668	0	0	0	
2024-06-10 14:42:06	928	2209	1	0	0	3.75	16	0	0	4	16	0	0	3.5	16	0	0	4.25	16	0	0	0.13		99.9404	18.0433	0.679657	0	6.80063	0.605759	10.6824	1		0	12.0705	37.5181	0	0	0	
2024-06-10 14:26:12	819	2210	5	0	0	3	13	0	0	0	13	0	0	2.75	13	0	0	0	13	0	0	0.216		99.9406	46.9873	1.032	0	10.3261	0.972362	16.2202	1		0	12.0616	38.2978	0	0	0	
2024-06-10 14:24:14	804	2211	9	0	0	2	9	0	0	0	9	0	0	6	9	0	0	0	9	0	0	3.464		99.9421	46.492	0.0696511	0	0.696914	0.0826589	17.5154	1		0	12.0793	38.5577	0	0	0	
2024-06-10 14:23:29	799	2212	5	0	0	2	9	0	0	0	9	0	0	4.75	9	0	0	0	9	0	0	2.381		99.945	46.5709	0.0898345	0	0.898839	0.367902	15.5308	1		0	12.0705	39.3374	0	0	0	
2024-06-10 14:32:35	863	2213	5	0	0	7	29	0	0	0	29	0	0	5	29	0	0	0	29	0	0	1.732		99.9325	45.3596	0.138677	0	1.3877	0.62669	17.4384	1		0	12.0705	37.5181	0	0	0	
2024-06-10 14:32:01	859	2214	1	0	0	7	29	0	0	0	29	0	0	3.75	29	0	0	0	29	0	0	2.814		99.935	45.3349	0.0697614	0	0.698068	0.0049169	14.2548	2		0	12.0705	37.5181	0	0	0	
2024-06-10 14:22:44	793	2215	5	0	0	1	5	0	0	0	5	0	0	3.25	5	0	0	0	5	0	0	1.948		99.9439	46.6343	0.100948	0	1.01005	0.276888	14.2792	1		0	11.973	39.5972	0	0	0	
2024-06-10 14:35:22	885	2216	9	0	0	2.75	12	0	0	0	12	0	0	5	12	0	0	0	12	0	0	1.948		99.9347	44.8041	0.108466	0	1.08537	0.272679	15.344	2		0	12.0705	37.5181	0	0	0	
2024-06-10 14:29:41	844	2217	5	0	0	5	21	0	0	0	21	0	0	1.75	21	0	0	0	21	0	0	2.814		99.9303	46.598	0.0733179	0	0.73369	0.00348846	14.9822	1		0	12.0705	37.6481	0	0	0	
2024-06-10 14:24:43	808	2218	1	0	0	2	9	0	0	0	9	0	0	1.5	9	0	0	0	9	0	0	0.433		99.9416	46.5273	0.527985	0	5.28293	0.725997	16.5968	1		0	12.0705	38.6876	0	0	0	
2024-06-10 14:21:13	782	2219	1	0	0	0	1	0	0	0	1	0	0	2.75	1	0	0	0	1	0	0	2.381		99.9524	47.019	0.118567	0	1.18624	0.163824	20.4967	2		0	12.0705	40.6368	0	0	0	
2024-06-10 14:35:15	884	2220	9	0	0	3.25	14	0	0	0	14	0	0	4.5	14	0	0	0	14	0	0	1.082		99.9333	45.309	0.20439	0	2.04526	0.988845	16.0635	1		0	12.0705	37.2582	0	0	0	
2024-06-10 14:25:23	813	2221	5	0	0	3	13	0	0	0	13	0	0	6.75	13	0	0	0	13	0	0	3.247		99.9405	46.9894	0.0626802	0	0.627175	0.130106	14.7775	2		0	12.0705	38.5577	0	0	0	
2024-06-10 14:21:58	787	2222	5	0	0	1	5	0	0	0	5	0	0	7.25	5	0	0	0	5	0	0	5.412		99.951	46.5907	0.0675569	0	0.6759	0.943486	26.5425	2		0	12.0705	40.117	0	0	0	
2024-06-10 14:29:58	846	2223	5	0	0	6	25	0	0	0	25	0	0	7.5	25	0	0	0	25	0	0	1.299		99.9346	45.8333	0.178524	0	1.7864	0.0244	16.8365	2		0	12.0705	37.6481	0	0	0	
2024-06-10 14:30:50	851	2224	5	0	0	6	25	0	0	0	25	0	0	6.25	25	0	0	0	25	0	0	0.216		99.9385	45.7077	1.08668	0	10.8735	0.0848153	17.08	2		0	12.0705	37.5181	0	0	0	
2024-06-10 14:34:10	876	2225	1	0	0	7.75	32	0	0	0	32	0	0	0.5	32	0	0	0	32	0	0	6.278		99.9359	45.6065	0.0367303	0	0.367539	0.883835	16.7425	1		0	11.973	37.5181	0	0	0	
2024-06-10 14:28:10	834	2226	1	0	0	5	21	0	0	0	21	0	0	3.5	21	0	0	0	21	0	0	1.299		99.9387	46.9066	0.15566	0	1.55755	0.106434	14.6796	2		0	12.0616	37.5181	0	0	0	
2024-06-10 14:25:40	815	2227	1	0	0	3	13	0	0	0	13	0	0	0.25	13	0	0	0	13	0	0	2.381		99.9366	47.0146	0.0795627	0	0.796132	0.541702	13.7562	1		0	12.0705	38.4277	0	0	0	
2024-06-10 14:22:50	794	2228	1	0	0	1	5	0	0	0	5	0	0	1.25	5	0	0	0	5	0	0	0.216		99.9464	46.6159	1.00199	0	10.0252	0.840862	15.7476	1		0	12.0705	39.5972	0	0	0	
2024-06-10 14:27:23	828	2229	1	0	0	4	17	0	0	0	17	0	0	1.5	17	0	0	0	17	0	0	2.165		99.9418	46.1062	0.0864568	0	0.865071	0.112558	13.5885	1		0	12.0705	37.908	0	0	0	
2024-06-10 14:35:56	889	2230	9	0	0	1.5	7	0	0	0	7	0	0	6.25	7	0	0	0	7	0	0	4.113		99.9336	44.654	0.0537548	0	0.537905	0.316523	16.0538	1		0	12.0705	37.3882	0	0	0	
2024-06-10 14:33:40	872	2231	9	0	0	7.75	32	0	0	0	32	0	0	5.25	32	0	0	0	32	0	0	2.165		99.9344	45.6376	0.109917	0	1.0999	0.276334	17.2771	1		0	12.0705	37.5181	0	0	0	
2024-06-10 14:33:55	874	2232	9	0	0	7.75	32	0	0	0	32	0	0	4	32	0	0	0	32	0	0	3.247		99.9369	45.6293	0.0620509	0	0.620901	0.0826312	14.6296	1		0	12.0705	37.5181	0	0	0	
2024-06-10 14:30:39	850	2233	1	0	0	6	25	0	0	0	25	0	0	1.25	25	0	0	0	25	0	0	4.113		99.9369	45.7252	0.0561945	0	0.5623	0.0989285	16.7819	2		0	12.0705	37.5181	0	0	0	
2024-06-10 14:27:52	832	2234	1	0	0	4	17	0	0	0	17	0	0	3.5	17	0	0	0	17	0	0	0.433		99.9371	46.0035	0.514996	0	5.1532	0.321043	16.1893	1		0	12.0705	37.908	0	0	0	
2024-06-10 14:21:23	783	2235	5	0	0	0	1	0	0	0	1	0	0	1	1	0	0	0	1	0	0	0.866		99.9563	47.0427	0.238093	0	2.38197	0.864725	14.9663	1		0	11.973	40.5069	0	0	0	
2024-06-10 14:23:48	801	2236	5	0	0	2	9	0	0	0	9	0	0	5.25	9	0	0	0	9	0	0	2.814		99.9457	46.552	0.0828437	0	0.828887	0.424193	16.9262	1		0	12.0705	39.0775	0	0	0	
2024-06-10 14:23:29	799	2237	9	0	0	2	9	0	0	0	9	0	0	4	9	0	0	0	9	0	0	1.732		99.945	46.5709	0.115777	0	1.15841	0.258948	14.557	1		0	12.0705	39.3374	0	0	0	
2024-06-10 14:40:59	921	2238	1	0	0	3.5	15	0	0	0	15	0	0	2.25	15	0	0	0	15	0	0	1.082		99.9362	44.4182	0.209634	0	2.09768	0.370687	16.4751	2		0	12.0705	37.5181	0	0	0	
2024-06-10 14:32:42	864	2239	1	0	0	7	29	0	0	0	29	0	0	3	29	0	0	0	29	0	0	3.464		99.9355	45.3488	0.0572401	0	0.57277	0.756432	14.3953	1		0	12.0705	37.5181	0	0	0	
2024-06-10 14:22:50	794	2240	5	0	0	1	5	0	0	0	5	0	0	2.5	5	0	0	0	5	0	0	1.299		99.9464	46.6159	0.161962	0	1.62049	0.137503	15.2727	1		0	12.0705	39.5972	0	0	0	
2024-06-10 14:20:52	779	2241	5	0	0	0	1	0	0	0	1	0	0	6.75	1	0	0	0	1	0	0	5.845		99.9541	47.1624	0.0371376	0	0.371546	0.303736	15.7578	1		0	12.0705	40.8967	0	0	0	
2024-06-10 14:37:06	897	2242	1	0	0	2.75	12	0	0	0	12	0	0	3	12	0	0	0	12	0	0	0.216		99.9418	44.7148	0.998066	0	9.98647	0.227392	15.6867	2		0	12.0705	37.3882	0	0	0	
2024-06-10 14:29:34	843	2243	5	0	0	5	21	0	0	0	21	0	0	1	21	0	0	0	21	0	0	3.464		99.9361	46.6461	0.0602453	0	0.602839	0.399038	15.151	1		0	12.0793	37.6481	0	0	0	
2024-06-10 14:43:30	937	2244	1	0	0	0.5	3	0	0	7.25	3	0	0	2.75	3	0	0	5	3	0	0	1.168		99.9373	19.9467	0.0994399	0	0.995023	0.150035	14.0668	2		0	12.0705	37.5181	0	0	0	
2024-06-10 14:38:06	903	2245	9	0	0	6.75	28	0	0	0	28	0	0	7	28	0	0	0	28	0	0	0.216		99.9371	45.0093	0.9819	0	9.82518	0.237015	15.4334	2		0	12.0705	37.3882	0	0	0	
2024-06-10 14:24:29	806	2246	1	0	0	2	9	0	0	0	9	0	0	0.75	9	0	0	0	9	0	0	1.082		99.9406	46.5214	0.187852	0	1.87964	0.543873	14.7626	1		0	12.0705	38.8176	0	0	0	
2024-06-10 14:24:50	809	2247	5	0	0	3	13	0	0	0	13	0	0	6	13	0	0	0	13	0	0	2.598		99.9438	47.1642	0.0823277	0	0.82374	0.716242	15.5271	1		0	12.0705	38.6876	0	0	0	
2024-06-10 14:25:47	816	2248	9	0	0	3	13	0	0	0	13	0	0	4.75	13	0	0	0	13	0	0	1.515		99.9366	46.9369	0.138269	0	1.38357	0.0709335	15.2131	2		0	12.0793	38.2978	0	0	0	
2024-06-10 14:21:47	786	2249	5	0	0	1	5	0	0	0	5	0	0	7.75	5	0	0	0	5	0	0	5.845		99.9508	46.5609	0.0374969	0	0.375154	0.109373	15.9108	2		0	12.0705	40.117	0	0	0	
2024-06-10 14:22:22	790	2250	5	0	0	1	5	0	0	0	5	0	0	6.5	5	0	0	0	5	0	0	4.762		99.9496	46.6323	0.0524506	0	0.52477	0.815882	18.1348	1		0	12.0705	39.8571	0	0	0	
2024-06-10 14:30:29	849	2251	5	0	0	6	25	0	0	0	25	0	0	5.5	25	0	0	0	25	0	0	0.433		99.937	45.7668	0.836699	0	8.37226	0.101613	26.3022	2		0	12.0705	37.3882	0	0	0	
2024-06-10 14:29:47	845	2252	5	0	0	6	25	0	0	0	25	0	0	4.25	25	0	0	0	25	0	0	1.515		99.9317	45.9007	0.140425	0	1.40521	0.392309	15.4511	2		0	12.0793	37.6481	0	0	0	
2024-06-10 14:29:01	839	2253	1	0	0	5	21	0	0	0	21	0	0	2.75	21	0	0	0	21	0	0	1.948		99.9322	46.6748	0.0995829	0	0.996505	0.0503912	14.0878	2		0	12.0705	37.778	0	0	0	
2024-06-10 14:21:37	785	2254	1	0	0	1	5	0	0	0	5	0	0	0.5	5	0	0	0	5	0	0	0.433		99.9492	46.579	0.568406	0	5.68695	0.182807	17.8661	2		0	12.0705	40.3769	0	0	0	
2024-06-10 14:27:37	830	2255	1	0	0	4	17	0	0	0	17	0	0	0.75	17	0	0	0	17	0	0	2.814		99.9376	46.0439	0.0710759	0	0.711203	0.141094	14.523	1		0	12.0705	37.908	0	0	0	
2024-06-10 14:33:33	871	2256	1	0	0	7.75	32	0	0	0	32	0	0	3.25	32	0	0	0	32	0	0	3.897		99.9346	45.645	0.0516702	0	0.517039	0.336225	14.6189	1		0	11.973	37.2582	0	0	0	
2024-06-10 14:42:40	932	2257	1	0	0	2.75	12	0	0	5	12	0	0	0.5	12	0	0	7.25	12	0	0	1.168		99.9412	19.6175	0.103988	0	1.04049	0.470023	14.7096	2		0	12.0793	37.5181	0	0	0	
2024-06-10 14:36:03	890	2258	9	0	0	1.25	6	0	0	0	6	0	0	6.5	6	0	0	0	6	0	0	4.546		99.9342	45.221	0.0495274	0	0.4956	0.324461	16.3482	1		0	12.0705	37.3882	0	0	0	
2024-06-10 14:31:22	855	2259	1	0	0	6	25	0	0	0	25	0	0	0.5	25	0	0	0	25	0	0	4.762		99.9355	45.7127	0.0590553	0	0.590935	0.184828	20.4212	1		0	12.0705	37.5181	0	0	0	
2024-06-10 14:27:52	832	2260	5	0	0	4	17	0	0	0	17	0	0	2.75	17	0	0	0	17	0	0	1.082		99.9371	46.0035	0.188683	0	1.88801	0.135693	14.8284	1		0	12.0705	37.908	0	0	0	
2024-06-10 14:20:27	776	2261	1	0	0	0	1	0	0	0	1	0	0	0.25	1	0	0	0	1	0	0	0.216		99.9501	47.0648	0.957948	0	9.58427	0.0652116	15.0549	2		0	12.0705	41.1566	0	0	0	
2024-06-10 14:23:55	802	2262	1	0	0	2	9	0	0	0	9	0	0	3.25	9	0	0	0	9	0	0	1.082		99.9455	46.4898	0.190705	0	1.90809	0.0755375	14.9861	2		0	12.0705	39.0775	0	0	0	
2024-06-10 14:31:50	858	2263	1	0	0	7	29	0	0	0	29	0	0	1.75	29	0	0	0	29	0	0	4.546		99.9329	45.3738	0.0469364	0	0.469678	0.232848	15.4932	2		0	12.0705	37.5181	0	0	0	
2024-06-10 14:20:59	780	2264	5	0	0	0	1	0	0	0	1	0	0	6	1	0	0	0	1	0	0	5.195		99.9505	47.0807	0.0521543	0	0.521801	0.0714479	19.6715	1		0	12.0705	40.8967	0	0	0	
2024-06-10 14:20:10	774	2265	5	0	0	0	1	0	0	0	1	0	0	4.75	1	0	0	0	1	0	0	4.113		99.9513	47.3389	0.0536662	0	0.536923	0.21969	16.0245	1		0	12.0793	41.8063	0	0	0	
2024-06-10 14:39:58	915	2266	1	0	0	7.25	30	0	0	0	30	0	0	0.5	30	0	0	0	30	0	0	5.845		99.9392	45.1615	0.0605927	0	0.606295	0.43238	25.7139	2		0	12.0705	37.5181	0	0	0	
2024-06-10 14:28:00	833	2267	1	0	0	5	21	0	0	0	21	0	0	0.25	21	0	0	0	21	0	0	4.113		99.9385	46.9953	0.0464735	0	0.465021	0.191571	13.8786	2		0	12.0705	37.908	0	0	0	
2024-06-10 14:28:00	833	2268	5	0	0	5	21	0	0	0	21	0	0	6.75	21	0	0	0	21	0	0	1.515		99.9385	46.9953	0.155626	0	1.55722	0.167346	17.1225	2		0	12.0705	37.908	0	0	0	
2024-06-10 14:24:58	810	2269	1	0	0	3	13	0	0	0	13	0	0	2.25	13	0	0	0	13	0	0	0.649		99.9405	47.0597	0.353966	0	3.54176	0.0858764	16.6902	2		0.0088623	12.0705	38.5577	0	0	0	
2024-06-10 14:23:12	797	2270	1	0	0	2	9	0	0	0	9	0	0	0	9	0	0	0	9	0	0	1.732		99.9428	46.5355	0.143816	0	1.43898	0.436598	18.0828	2		0	12.0705	39.3374	0	0	0	
2024-06-10 14:38:16	904	2271	9	0	0	6.5	27	0	0	0	27	0	0	7.25	27	0	0	0	27	0	0	0.649		99.938	45.1537	0.417878	0	4.18138	0.235519	19.7043	2		0	12.0705	37.3882	0	0	0	
2024-06-10 14:34:03	875	2272	5	0	0	7.75	32	0	0	0	32	0	0	7.25	32	0	0	0	32	0	0	0.433		99.9371	45.6409	0.581662	0	5.82028	0.896549	18.2849	1		0	12.0705	37.3882	0	0	0	
2024-06-10 14:40:09	916	2273	1	0	0	7.5	31	0	0	0	31	0	0	0.25	31	0	0	0	31	0	0	6.278		99.9389	45.3517	0.039158	0	0.39182	0.00107143	17.8486	2		0	12.0705	37.5181	0	0	0	
2024-06-10 14:36:34	894	2274	1	0	0	0.75	4	0	0	0	4	0	0	1	4	0	0	0	4	0	0	0.216		99.9439	45.5924	1.03613	0	10.3671	0.229313	16.2846	2		0	12.0705	37.5181	0	0	0	
2024-06-10 14:39:13	910	2275	1	0	0	5.5	23	0	0	0	23	0	0	2.25	23	0	0	0	23	0	0	2.814		99.9386	45.2753	0.109255	0	1.09322	0.473183	22.3239	2		0	12.0705	37.5181	0	0	0	
2024-06-10 14:26:51	824	2276	5	0	0	4	17	0	0	0	17	0	0	6.75	17	0	0	0	17	0	0	2.381		99.9375	46.2109	0.0778079	0	0.778565	0.00465099	13.4526	1		0	12.0705	38.1678	0	0	0	
2024-06-10 14:25:23	813	2277	9	0	0	3	13	0	0	0	13	0	0	5.25	13	0	0	0	13	0	0	1.948		99.9405	46.9894	0.107634	0	1.07698	0.0514921	15.2255	2		0	12.0705	38.5577	0	0	0	
2024-06-10 14:25:40	815	2278	5	0	0	3	13	0	0	0	13	0	0	4	13	0	0	0	13	0	0	0.866		99.9366	47.0146	0.244604	0	2.44759	0.548246	15.3787	1		0	12.0705	38.4277	0	0	0	
2024-06-10 14:23:55	802	2279	5	0	0	2	9	0	0	0	9	0	0	7.25	9	0	0	0	9	0	0	4.546		99.9455	46.4898	0.0558463	0	0.558767	0.109335	18.4319	2		0	12.0705	39.0775	0	0	0	
2024-06-10 14:32:21	861	2280	5	0	0	7	29	0	0	0	29	0	0	7.5	29	0	0	0	29	0	0	0.433		99.9337	45.3335	0.584093	0	5.84481	0.769745	18.362	1		0	12.0705	37.5181	0	0	0	
2024-06-10 14:32:01	859	2281	5	0	0	7	29	0	0	0	29	0	0	6.25	29	0	0	0	29	0	0	0.649		99.935	45.3349	0.410873	0	4.11141	0.0928515	19.3746	2		0	12.0705	37.5181	0	0	0	
2024-06-10 14:22:08	788	2282	9	0	0	1	5	0	0	0	5	0	0	5.75	5	0	0	0	5	0	0	4.113		99.9534	46.6015	0.0529644	0	0.529891	0.0221551	15.8147	1		0	11.973	39.9871	0	0	0	
2024-06-10 14:22:22	790	2283	9	0	0	1	5	0	0	0	5	0	0	4.5	5	0	0	0	5	0	0	3.031		99.9496	46.6323	0.0688082	0	0.688429	0.359324	15.1393	1		0	12.0705	39.8571	0	0	0	
2024-06-10 14:31:00	852	2284	1	0	0	6	25	0	0	0	25	0	0	3.5	25	0	0	0	25	0	0	2.165		99.9326	45.7282	0.0891784	0	0.892385	0.476552	14.0175	1		0	12.0705	37.5181	0	0	0	
2024-06-10 14:26:44	823	2285	1	0	0	4	17	0	0	0	17	0	0	0	17	0	0	0	17	0	0	3.464		99.9409	46.2294	0.0637119	0	0.637495	0.100815	16.022	1		0	12.0705	38.1678	0	0	0	
2024-06-10 14:34:47	881	2286	5	0	0	7.75	32	0	0	0	32	0	0	2.5	32	0	0	0	32	0	0	4.546		99.9366	45.6039	0.0476762	0	0.477064	0.245609	15.7368	1		0	11.973	37.3882	0	0	0	
2024-06-10 14:24:43	808	2287	5	0	0	2	9	0	0	0	9	0	0	2.5	9	0	0	0	9	0	0	0.433		99.9416	46.5273	0.550242	0	5.50563	0.705842	17.2964	1		0	12.0705	38.6876	0	0	0	
2024-06-10 14:33:11	868	2288	1	0	0	7	29	0	0	0	29	0	0	1	29	0	0	0	29	0	0	5.195		99.9336	45.2951	0.0417201	0	0.417478	0.398631	15.7386	1		0	12.0705	37.5181	0	0	0	
2024-06-10 14:20:27	776	2289	5	0	0	0	1	0	0	0	1	0	0	5.25	1	0	0	0	1	0	0	4.546		99.9501	47.0648	0.0507491	0	0.507744	0.0895219	16.7488	2		0	12.0705	41.1566	0	0	0	
2024-06-10 14:19:54	773	2290	9	0	0	0	1	0	0	0	1	0	0	4	1	0	0	0	1	0	0	3.464		99.951	47.4615	0.0685022	0	0.685357	0.148592	17.2249	2		0	12.0439	41.8063	0	0	0	
2024-06-10 14:34:40	880	2291	1	0	0	7.75	32	0	0	0	32	0	0	1.75	32	0	0	0	32	0	0	5.195		99.9374	45.6545	0.0413969	0	0.414228	0.00840728	15.616	1		0	11.973	37.3882	0	0	0	
2024-06-10 14:28:51	838	2292	9	0	0	5	21	0	0	0	21	0	0	6	21	0	0	0	21	0	0	0.866		99.9368	46.7333	0.376752	0	3.7699	0.0384005	23.687	2		0	12.0705	37.778	0	0	0	
2024-06-10 14:29:01	839	2293	5	0	0	5	21	0	0	0	21	0	0	4.75	21	0	0	0	21	0	0	0.216		99.9322	46.6748	1.21965	0	12.2047	0.0229153	19.1712	2		0	12.0705	37.778	0	0	0	
2024-06-10 14:25:16	812	2294	1	0	0	3	13	0	0	0	13	0	0	1.5	13	0	0	0	13	0	0	1.299		99.9398	47.054	0.150049	0	1.50139	0.775421	14.1503	1		0	12.0705	38.5577	0	0	0	
2024-06-10 14:33:47	873	2295	9	0	0	7.75	32	0	0	0	32	0	0	6.5	32	0	0	0	32	0	0	1.082		99.9368	45.6248	0.226928	0	2.27072	0.418978	17.8342	1		0	12.0705	37.5181	0	0	0	
2024-06-10 14:35:41	887	2296	9	0	0	2.25	10	0	0	0	10	0	0	5.5	10	0	0	0	10	0	0	2.814		99.9382	45.3843	0.0903873	0	0.904432	0.734409	18.4688	1		0	12.0616	37.5181	0	0	0	
2024-06-10 14:42:30	931	2297	1	0	0	3	13	0	0	4.75	13	0	0	1.25	13	0	0	6.5	13	0	0	0.908		99.9387	19.7805	0.0971457	0	0.972053	0.0261887	10.6883	2		0	12.0793	37.5181	0	0	0	
2024-06-10 14:26:26	821	2298	5	0	0	4	17	0	0	0	17	0	0	6	17	0	0	0	17	0	0	1.732		99.9373	46.3165	0.114415	0	1.14487	0.535994	14.3869	1		0	11.973	38.2978	0	0	0	
2024-06-10 14:26:26	821	2299	9	0	0	4	17	0	0	0	17	0	0	4.75	17	0	0	0	17	0	0	0.649		99.9373	46.3165	0.359107	0	3.59332	0.772287	16.9331	1		0	11.973	38.2978	0	0	0	
2024-06-10 14:20:59	780	2300	1	0	0	0	1	0	0	0	1	0	0	2.25	1	0	0	0	1	0	0	1.948		99.9505	47.0807	0.117788	0	1.17846	0.485184	16.6601	1		0	12.0705	40.8967	0	0	0	
2024-06-10 14:42:20	930	2301	1	0	0	3.25	14	0	0	4.5	14	0	0	2	14	0	0	5.75	14	0	0	0.649		99.943	19.5477	0.265151	0	2.65302	0.0652546	20.8368	2		0	12.0793	37.5181	0	0	0	
2024-06-10 14:26:19	820	2302	1	0	0	3	13	0	0	0	13	0	0	3.25	13	0	0	0	13	0	0	0.216		99.9363	46.9055	1.03432	0	10.3498	0.806989	16.2574	1		0	12.0705	38.2978	0	0	0	
2024-06-10 14:23:22	798	2303	5	0	0	2	9	0	0	0	9	0	0	7.75	9	0	0	0	9	0	0	4.979		99.9443	46.5634	0.0426428	0	0.426666	0.199724	15.4147	1		0	12.0705	39.3374	0	0	0	
2024-06-10 14:23:55	802	2304	9	0	0	2	9	0	0	0	9	0	0	6.5	9	0	0	0	9	0	0	3.897		99.9455	46.4898	0.0535588	0	0.53588	0.158063	15.1516	2		0	12.0705	39.0775	0	0	0	
2024-06-10 14:32:21	861	2305	1	0	0	7	29	0	0	0	29	0	0	5.5	29	0	0	0	29	0	0	1.299		99.9337	45.3335	0.204661	0	2.04797	0.689209	19.3017	1		0	12.0705	37.5181	0	0	0	
2024-06-10 14:31:39	857	2306	9	0	0	7	29	0	0	0	29	0	0	4.25	29	0	0	0	29	0	0	2.381		99.9335	45.3893	0.0839542	0	0.8401	0.132081	14.5159	2		0	12.0705	37.5181	0	0	0	
2024-06-10 14:22:15	789	2307	9	0	0	1	5	0	0	0	5	0	0	5	5	0	0	0	5	0	0	3.464		99.9515	46.5995	0.0691437	0	0.691772	0.316396	17.3861	1		0	12.0705	39.9871	0	0	0	
2024-06-10 14:22:29	791	2308	1	0	0	1	5	0	0	0	5	0	0	3.75	5	0	0	0	5	0	0	2.381		99.9499	46.6612	0.0880232	0	0.880673	0.217889	15.2169	1		0	12.0793	39.8571	0	0	0	
2024-06-10 14:29:58	846	2309	1	0	0	6	25	0	0	0	25	0	0	2.75	25	0	0	0	25	0	0	2.814		99.9346	45.8333	0.0698013	0	0.69847	0.00281068	14.263	2		0	12.0705	37.6481	0	0	0	
2024-06-10 14:28:51	838	2310	1	0	0	5	21	0	0	0	21	0	0	2.25	21	0	0	0	21	0	0	2.381		99.9368	46.7333	0.0805097	0	0.805606	0.0760917	13.9199	2		0	12.0705	37.778	0	0	0	
2024-06-10 14:32:28	862	2311	1	0	0	7	29	0	0	0	29	0	0	0.25	29	0	0	0	29	0	0	5.845		99.9326	45.3341	0.0352405	0	0.352642	0.192496	14.9561	1		0	12.0705	37.5181	0	0	0	
2024-06-10 14:20:44	778	2312	1	0	0	0	1	0	0	0	1	0	0	3.25	1	0	0	0	1	0	0	2.814		99.9521	47.1233	0.0725612	0	0.72596	0.0945159	14.8244	1		0	12.0705	41.0267	0	0	0	
2024-06-10 14:24:58	810	2313	9	0	0	3	13	0	0	0	13	0	0	7.25	13	0	0	0	13	0	0	3.68		99.9405	47.0597	0.0715186	0	0.715612	0.222054	19.1094	2		0.0088623	12.0705	38.5577	0	0	0	
2024-06-10 14:30:39	850	2314	9	0	0	6	25	0	0	0	25	0	0	6.75	25	0	0	0	25	0	0	0.649		99.9369	45.7252	0.42619	0	4.26459	0.0482237	20.0964	2		0	12.0705	37.5181	0	0	0	
2024-06-10 14:34:54	882	2315	9	0	0	3.75	16	0	0	0	16	0	0	4	16	0	0	0	16	0	0	0.216		99.9339	45.2126	0.85858	0	8.59148	0.0280501	13.4955	2		0	12.0705	37.3882	0	0	0	
2024-06-10 14:33:55	874	2316	1	0	0	7.75	32	0	0	0	32	0	0	1	32	0	0	0	32	0	0	5.845		99.9369	45.6293	0.0370745	0	0.370979	0.17939	15.7338	1		0	12.0705	37.5181	0	0	0	
2024-06-10 14:28:51	838	2317	5	0	0	5	21	0	0	0	21	0	0	5.25	21	0	0	0	21	0	0	0.216		99.9368	46.7333	1.42482	0	14.2572	0.0419897	22.3951	2		0	12.0705	37.778	0	0	0	
2024-06-10 14:28:20	835	2318	9	0	0	5	21	0	0	0	21	0	0	4	21	0	0	0	21	0	0	0.866		99.935	46.85	0.263172	0	2.63343	0.144319	16.5463	2		0	12.0705	37.908	0	0	0	
2024-06-10 14:25:58	817	2319	1	0	0	3	13	0	0	0	13	0	0	0.75	13	0	0	0	13	0	0	1.948		99.9346	46.948	0.100856	0	1.00922	0.482078	14.2675	1		0	12.0705	38.4277	0	0	0	
2024-06-10 14:22:08	788	2320	1	0	0	1	5	0	0	0	5	0	0	1.75	5	0	0	0	5	0	0	0.649		99.9534	46.6015	0.351316	0	3.5148	0.855416	16.5631	1		0	11.973	39.9871	0	0	0	
2024-06-10 14:27:05	826	2321	1	0	0	4	17	0	0	0	17	0	0	2	17	0	0	0	17	0	0	1.732		99.9386	46.1017	0.111854	0	1.11923	0.076064	14.0647	2		0	11.973	38.0379	0	0	0	
2024-06-10 14:33:33	871	2322	5	0	0	7.75	32	0	0	0	32	0	0	5.75	32	0	0	0	32	0	0	1.732		99.9346	45.645	0.138964	0	1.39055	0.458647	17.4741	1		0	11.973	37.2582	0	0	0	
2024-06-10 14:33:26	870	2323	9	0	0	7.75	32	0	0	0	32	0	0	4.5	32	0	0	0	32	0	0	2.814		99.9333	45.6674	0.075006	0	0.75056	0.204732	15.3267	1		0	12.0705	37.5181	0	0	0	
2024-06-10 14:37:25	899	2324	1	0	0	2.25	10	0	0	0	10	0	0	3.5	10	0	0	0	10	0	0	1.082		99.9391	45.2708	0.216211	0	2.16343	0.240071	16.9915	2		0	11.973	37.3882	0	0	0	
2024-06-10 14:36:27	893	2325	9	0	0	0.25	2	0	0	0	2	0	0	7.5	2	0	0	0	2	0	0	6.278		99.9391	45.2377	0.034815	0	0.348363	0.235619	15.869	1		0	12.0705	37.5181	0	0	0	
2024-06-10 14:31:22	855	2326	5	0	0	6	25	0	0	0	25	0	0	1.75	25	0	0	0	25	0	0	3.68		99.9355	45.7127	0.0640238	0	0.640651	0.658088	17.1077	1		0	12.0705	37.5181	0	0	0	
2024-06-10 14:27:16	827	2327	9	0	0	4	17	0	0	0	17	0	0	5.25	17	0	0	0	17	0	0	1.082		99.9383	46.1465	0.216883	0	2.17017	0.0984668	17.0444	1		0	12.0705	38.0379	0	0	0	
2024-06-10 14:21:06	781	2328	1	0	0	0	1	0	0	0	1	0	0	1.5	1	0	0	0	1	0	0	1.299		99.9565	47.106	0.146701	0	1.46765	0.58495	13.8322	1		0	12.0705	40.7668	0	0	0	
2024-06-10 14:25:47	816	2329	1	0	0	3	13	0	0	0	13	0	0	2.5	13	0	0	0	13	0	0	0.433		99.9366	46.9369	0.570964	0	5.71326	0.0445817	17.9487	2		0	12.0793	38.2978	0	0	0	
2024-06-10 14:24:04	803	2330	9	0	0	2	9	0	0	0	9	0	0	5.75	9	0	0	0	9	0	0	3.247		99.945	46.4563	0.0681576	0	0.681951	0.119503	16.0681	2		0	12.0705	39.0775	0	0	0	
2024-06-10 14:23:12	797	2331	5	0	0	2	9	0	0	0	9	0	0	4.5	9	0	0	0	9	0	0	2.165		99.9428	46.5355	0.0981715	0	0.982277	0.0698838	15.4296	2		0	12.0705	39.3374	0	0	0	
2024-06-10 14:33:11	868	2332	5	0	0	7	29	0	0	0	29	0	0	3.5	29	0	0	0	29	0	0	3.031		99.9336	45.2951	0.064632	0	0.646749	0.231716	14.2228	1		0	12.0705	37.5181	0	0	0	
2024-06-10 14:22:44	793	2333	1	0	0	1	5	0	0	0	5	0	0	3	5	0	0	0	5	0	0	1.732		99.9439	46.6343	0.116034	0	1.16099	0.429776	14.5894	1		0	11.973	39.5972	0	0	0	
2024-06-10 14:20:37	777	2334	5	0	0	0	1	0	0	0	1	0	0	7.25	1	0	0	0	1	0	0	6.278		99.9525	47.0935	0.0374549	0	0.374727	0.737102	17.07	1		0.0088623	12.0705	41.1566	0	0	0	
2024-06-10 14:29:12	840	2335	1	0	0	5	21	0	0	0	21	0	0	1.5	21	0	0	0	21	0	0	3.031		99.934	46.6855	0.0625819	0	0.626233	0.322219	13.7716	1		0	12.0705	37.778	0	0	0	
2024-06-10 14:23:48	801	2336	1	0	0	2	9	0	0	0	9	0	0	1.25	9	0	0	0	9	0	0	0.649		99.9457	46.552	0.333105	0	3.33285	0.794666	15.7057	1		0	12.0705	39.0775	0	0	0	
2024-06-10 14:40:29	918	2337	1	0	0	1.5	7	0	0	0	7	0	0	0.25	7	0	0	0	7	0	0	1.082		99.9353	44.474	0.202358	0	2.02489	0.260051	15.9034	2		0	12.0793	37.5181	0	0	0	
2024-06-10 14:20:52	779	2338	1	0	0	0	1	0	0	0	1	0	0	2.5	1	0	0	0	1	0	0	2.165		99.9541	47.1624	0.0935695	0	0.936124	0.352751	14.7046	1		0	12.0705	40.8967	0	0	0	
2024-06-10 14:39:33	912	2339	1	0	0	6.25	26	0	0	0	26	0	0	1.5	26	0	0	0	26	0	0	4.113		99.9379	45.3409	0.0508808	0	0.509124	0.44999	15.1949	2		0	11.973	37.5181	0	0	0	
2024-06-10 14:41:46	926	2340	9	0	0	7.25	30	0	0	0	30	0	0	6.5	30	0	0	0	30	0	0	0.649		99.9337	45.1281	0.432454	0	4.32741	0.302516	20.3924	2		0	12.0705	37.5181	0	0	0	
2024-06-10 14:25:16	812	2341	5	0	0	3	13	0	0	0	13	0	0	7.75	13	0	0	0	13	0	0	4.113		99.9398	47.054	0.0491769	0	0.492065	0.561706	14.6857	1		0	12.0705	38.5577	0	0	0	
2024-06-10 14:25:16	812	2342	9	0	0	3	13	0	0	0	13	0	0	6.5	13	0	0	0	13	0	0	3.031		99.9398	47.054	0.0693561	0	0.693978	0.140031	15.2614	1		0	12.0705	38.5577	0	0	0	
2024-06-10 14:21:37	785	2343	9	0	0	1	5	0	0	0	5	0	0	7	5	0	0	0	5	0	0	5.195		99.9492	46.579	0.0418081	0	0.418294	0.0468414	15.7693	2		0	12.0705	40.3769	0	0	0	
2024-06-10 14:29:58	846	2344	9	0	0	6	25	0	0	0	25	0	0	4.75	25	0	0	0	25	0	0	1.082		99.9346	45.8333	0.260866	0	2.61037	0.142344	20.5018	2		0	12.0705	37.6481	0	0	0	
2024-06-10 14:34:33	879	2345	5	0	0	7.75	32	0	0	0	32	0	0	0.25	32	0	0	0	32	0	0	6.494		99.9351	45.6064	0.0326689	0	0.326901	0.455703	15.4049	1		0	12.0705	37.5181	0	0	0	
2024-06-10 14:28:40	837	2346	1	0	0	5	21	0	0	0	21	0	0	3.25	21	0	0	0	21	0	0	1.515		99.9354	46.7599	0.129353	0	1.29436	0.0513389	14.2323	2		0	12.0705	37.6481	0	0	0	
2024-06-10 14:24:50	809	2347	1	0	0	3	13	0	0	0	13	0	0	0	13	0	0	0	13	0	0	2.598		99.9438	47.1642	0.0785818	0	0.78626	0.939001	14.8207	1		0	12.0705	38.6876	0	0	0	
2024-06-10 14:35:05	883	2348	9	0	0	3.5	15	0	0	0	15	0	0	4.25	15	0	0	0	15	0	0	0.649		99.936	44.598	0.3476	0	3.47823	0.347623	16.3908	2		0	12.0705	37.5181	0	0	0	
2024-06-10 14:27:45	831	2349	5	0	0	4	17	0	0	0	17	0	0	1.25	17	0	0	0	17	0	0	2.381		99.9348	46.047	0.0811455	0	0.811985	0.091227	14.0301	1		0	12.0705	37.908	0	0	0	
2024-06-10 14:33:26	870	2350	5	0	0	7.75	32	0	0	0	32	0	0	5	32	0	0	0	32	0	0	2.381		99.9333	45.6674	0.0961611	0	0.962253	0.405385	16.6265	1		0	12.0705	37.5181	0	0	0	
2024-06-10 14:34:25	878	2351	1	0	0	7.75	32	0	0	0	32	0	0	3.75	32	0	0	0	32	0	0	3.464		99.9325	45.605	0.0585499	0	0.585894	0.311889	14.7251	1		0.0088623	12.0705	37.5181	0	0	0	
2024-06-10 14:43:19	936	2352	1	0	0	1.25	6	0	0	6.5	6	0	0	3	6	0	0	4.75	6	0	0	0.908		99.9419	19.8365	0.134107	0	1.34185	0.608445	14.7544	2		0	11.9907	37.5181	0	0	0	
2024-06-10 14:31:14	854	2353	1	0	0	6	25	0	0	0	25	0	0	1	25	0	0	0	25	0	0	4.33		99.9343	45.7291	0.0533532	0	0.533883	0.280591	16.7724	1		0	12.0705	37.5181	0	0	0	
2024-06-10 14:27:37	830	2354	5	0	0	4	17	0	0	0	17	0	0	3.25	17	0	0	0	17	0	0	0.649		99.9376	46.0439	0.335826	0	3.36035	0.301572	15.8353	1		0	12.0705	37.908	0	0	0	
2024-06-10 14:19:54	773	2355	1	0	0	0	1	0	0	0	1	0	0	0.75	1	0	0	0	1	0	0	0.649		99.951	47.4615	0.343463	0	3.43631	0.095996	16.1932	2		0	12.0439	41.8063	0	0	0	
2024-06-10 14:42:50	933	2356	1	0	0	3.5	15	0	0	4.25	15	0	0	3.75	15	0	0	4	15	0	0	0.13		99.9441	18.6921	0.642035	0	6.42394	0.714271	10.0907	1		0	12.0793	37.5181	0	0	0	
2024-06-10 14:23:48	801	2357	9	0	0	2	9	0	0	0	9	0	0	5	9	0	0	0	9	0	0	2.598		99.9457	46.552	0.0829532	0	0.829982	0.00763925	15.6448	1		0	12.0705	39.0775	0	0	0	
2024-06-10 14:23:37	800	2358	1	0	0	2	9	0	0	0	9	0	0	3.75	9	0	0	0	9	0	0	1.515		99.9485	46.5403	0.150178	0	1.50255	0.188457	16.5214	2		0	12.0793	39.2074	0	0	0	
2024-06-10 14:33:04	867	2359	5	0	0	7	29	0	0	0	29	0	0	2.75	29	0	0	0	29	0	0	3.68		99.9343	45.295	0.0548827	0	0.549187	0.505804	14.6652	1		0	12.0705	37.5181	0	0	0	
2024-06-10 14:32:50	865	2360	5	0	0	7	29	0	0	0	29	0	0	2.25	29	0	0	0	29	0	0	4.113		99.9337	45.3511	0.0487832	0	0.488156	0.235758	14.5691	1		0	12.0793	37.5181	0	0	0	
2024-06-10 14:20:17	775	2361	5	0	0	0	1	0	0	0	1	0	0	7.75	1	0	0	0	1	0	0	6.711		99.9505	47.1854	0.0333608	0	0.333773	0.0452576	16.253	2		0	12.0705	41.6764	0	0	0	
2024-06-10 14:20:52	779	2362	9	0	0	0	1	0	0	0	1	0	0	6.5	1	0	0	0	1	0	0	5.628		99.9541	47.1624	0.0386414	0	0.386591	0.321155	15.7886	1		0	12.0705	40.8967	0	0	0	
2024-06-10 14:29:41	844	2363	1	0	0	5	21	0	0	0	21	0	0	0.75	21	0	0	0	21	0	0	3.68		99.9303	46.598	0.0584023	0	0.58443	0.628136	15.6063	1		0	12.0705	37.6481	0	0	0	
2024-06-10 14:28:10	834	2364	9	0	0	5	21	0	0	0	21	0	0	7.25	21	0	0	0	21	0	0	1.948		99.9387	46.9066	0.137048	0	1.37132	0.124841	19.3866	2		0	12.0616	37.5181	0	0	0	
2024-06-10 14:41:36	925	2365	9	0	0	5.75	24	0	0	0	24	0	0	4	24	0	0	0	24	0	0	1.515		99.9337	45.744	0.143471	0	1.43566	0.174031	15.7859	2		0	12.0705	37.5181	0	0	0	
2024-06-10 14:37:45	901	2366	9	0	0	4.5	19	0	0	0	19	0	0	5.25	19	0	0	0	19	0	0	0.649		99.9373	45.1993	0.501017	0	5.01331	0.335641	23.6247	2		0	11.973	37.5181	0	0	0	
2024-06-10 14:42:57	934	2367	1	0	0	2.75	12	0	0	5	12	0	0	3.5	12	0	0	4.25	12	0	0	0.389		99.9411	19.6538	0.430587	0	4.30841	1.07682	20.3029	4		0	12.0705	37.3882	0	0	0	
2024-06-10 14:24:04	803	2368	1	0	0	2	9	0	0	0	9	0	0	0.5	9	0	0	0	9	0	0	1.299		99.945	46.4563	0.151311	0	1.51394	0.106361	14.2686	2		0	12.0705	39.0775	0	0	0	
2024-06-10 14:36:17	892	2369	9	0	0	0.5	3	0	0	0	3	0	0	7.25	3	0	0	0	3	0	0	5.845		99.936	45.3057	0.0832109	0	0.832642	0.51627	35.3136	2		0.0088623	12.0705	37.3882	0	0	0	
2024-06-10 14:27:05	826	2370	5	0	0	4	17	0	0	0	17	0	0	7.25	17	0	0	0	17	0	0	2.814		99.9386	46.1017	0.0725028	0	0.725473	0.109596	14.8144	2		0	11.973	38.0379	0	0	0	
2024-06-10 14:24:50	809	2371	9	0	0	3	13	0	0	0	13	0	0	5.75	13	0	0	0	13	0	0	2.381		99.9438	47.1642	0.0832369	0	0.832837	0.625701	14.3904	1		0	12.0705	38.6876	0	0	0	
2024-06-10 14:25:33	814	2372	9	0	0	3	13	0	0	0	13	0	0	4.5	13	0	0	0	13	0	0	1.299		99.9399	47.0107	0.157054	0	1.57148	0.498565	14.8109	1		0.0088623	12.0705	38.5577	0	0	0	
2024-06-10 14:32:11	860	2373	5	0	0	7	29	0	0	0	29	0	0	6.75	29	0	0	0	29	0	0	0.216		99.9331	45.3118	1.00284	0	10.0351	0.051488	15.7632	2		0	12.0705	37.5181	0	0	0	
2024-06-10 14:21:58	787	2374	9	0	0	1	5	0	0	0	5	0	0	7.5	5	0	0	0	5	0	0	5.628		99.951	46.5907	0.0393563	0	0.393756	0.500837	16.0813	2		0	12.0705	40.117	0	0	0	
2024-06-10 14:21:47	786	2375	9	0	0	1	5	0	0	0	5	0	0	6.25	5	0	0	0	5	0	0	4.546		99.9508	46.5609	0.0558392	0	0.558667	0.140228	18.4286	2		0	12.0705	40.117	0	0	0	
2024-06-10 14:30:08	847	2376	9	0	0	6	25	0	0	0	25	0	0	5.25	25	0	0	0	25	0	0	0.649		99.9369	45.8274	0.570365	0	5.70725	0.156081	26.8948	2		0	12.0705	37.6481	0	0	0	
2024-06-10 14:30:18	848	2377	9	0	0	6	25	0	0	0	25	0	0	4	25	0	0	0	25	0	0	1.732		99.9386	45.7921	0.115074	0	1.15145	0.120747	14.4695	2		0	12.0705	37.5181	0	0	0	
2024-06-10 14:29:26	842	2378	5	0	0	5	21	0	0	0	21	0	0	2.5	21	0	0	0	21	0	0	2.165		99.9329	46.6739	0.100704	0	1.00772	0.407225	15.8292	1		0	12.0705	37.778	0	0	0	
2024-06-10 14:22:37	792	2379	1	0	0	1	5	0	0	0	5	0	0	0.25	5	0	0	0	5	0	0	0.649		99.9432	46.635	0.346509	0	3.46706	0.775258	16.3381	1		0	12.0705	39.7272	0	0	0	
2024-06-10 14:26:26	821	2380	1	0	0	4	17	0	0	0	17	0	0	0.5	17	0	0	0	17	0	0	3.031		99.9373	46.3165	0.0688809	0	0.689242	0.153786	15.1572	1		0	11.973	38.2978	0	0	0	
2024-06-10 14:34:47	881	2381	1	0	0	7.75	32	0	0	0	32	0	0	3	32	0	0	0	32	0	0	4.113		99.9366	45.6039	0.0497164	0	0.49748	0.258763	14.8473	1		0	11.973	37.3882	0	0	0	
2024-06-10 14:31:07	853	2382	5	0	0	6	25	0	0	0	25	0	0	0.25	25	0	0	0	25	0	0	4.979		99.9329	45.7869	0.0414379	0	0.414657	0.0176508	14.9809	1		0	11.973	37.5181	0	0	0	
2024-06-10 14:39:03	909	2383	1	0	0	5.25	22	0	0	0	22	0	0	2.5	22	0	0	0	22	0	0	2.381		99.9391	45.5574	0.210456	0	2.10584	0.0295961	36.3864	2		0	11.973	37.5181	0	0	0	
2024-06-10 14:26:51	824	2384	1	0	0	4	17	0	0	0	17	0	0	2.5	17	0	0	0	17	0	0	1.299		99.9375	46.2109	0.150801	0	1.50895	0.264666	14.2215	1		0	12.0705	38.1678	0	0	0	
2024-06-10 14:24:36	807	2385	5	0	0	2	9	0	0	0	9	0	0	3	9	0	0	0	9	0	0	0.866		99.9413	46.5251	0.249611	0	2.49758	0.577198	15.6928	1		0.0088623	12.0705	38.8176	0	0	0	
2024-06-10 14:32:50	865	2386	1	0	0	7	29	0	0	0	29	0	0	1.5	29	0	0	0	29	0	0	4.762		99.9337	45.3511	0.0425246	0	0.425528	0.182702	14.7052	1		0	12.0793	37.5181	0	0	0	
2024-06-10 14:20:44	778	2387	5	0	0	0	1	0	0	0	1	0	0	5.75	1	0	0	0	1	0	0	4.979		99.9521	47.1233	0.045203	0	0.452247	0.229809	16.3389	1		0	12.0705	41.0267	0	0	0	
2024-06-10 14:20:27	776	2388	9	0	0	0	1	0	0	0	1	0	0	4.5	1	0	0	0	1	0	0	3.897		99.9501	47.0648	0.0549166	0	0.54944	0.163147	15.535	2		0	12.0705	41.1566	0	0	0	
2024-06-10 14:29:19	841	2389	1	0	0	5	21	0	0	0	21	0	0	0	21	0	0	0	21	0	0	4.33		99.9324	46.7063	0.0470315	0	0.470633	0.523588	14.7854	1		0	12.0705	37.778	0	0	0	
2024-06-10 14:34:03	875	2390	1	0	0	7.75	32	0	0	0	32	0	0	2.25	32	0	0	0	32	0	0	4.762		99.9371	45.6409	0.0433202	0	0.433474	0.237501	14.9798	1		0	12.0705	37.3882	0	0	0	
2024-06-10 14:29:12	840	2391	5	0	0	5	21	0	0	0	21	0	0	7.75	21	0	0	0	21	0	0	2.381		99.934	46.6855	0.0921852	0	0.922461	0.568165	15.939	1		0	12.0705	37.778	0	0	0	
2024-06-10 14:29:01	839	2392	9	0	0	5	21	0	0	0	21	0	0	6.5	21	0	0	0	21	0	0	1.299		99.9322	46.6748	0.197057	0	1.97191	0.0732807	18.5848	2		0	12.0705	37.778	0	0	0	
2024-06-10 14:26:12	819	2393	1	0	0	3	13	0	0	0	13	0	0	2	13	0	0	0	13	0	0	0.866		99.9406	46.9873	0.250366	0	2.50515	0.790067	15.7403	1		0	12.0616	38.2978	0	0	0	
2024-06-10 14:38:44	907	2394	1	0	0	4.5	19	0	0	0	19	0	0	3.25	19	0	0	0	19	0	0	1.082		99.9391	45.201	0.202726	0	2.0285	0.108864	15.9318	2		0	12.0705	37.2582	0	0	0	
2024-06-10 14:33:47	873	2395	5	0	0	7.75	32	0	0	0	32	0	0	7	32	0	0	0	32	0	0	0.649		99.9368	45.6248	0.397537	0	3.97789	0.81768	18.7454	1		0	12.0705	37.5181	0	0	0	
2024-06-10 14:41:26	924	2396	9	0	0	5.5	23	0	0	0	23	0	0	4.25	23	0	0	0	23	0	0	1.082		99.9345	45.3093	0.242842	0	2.43001	0.203175	19.0853	2		0	11.973	37.5181	0	0	0	
2024-06-10 14:39:51	914	2397	1	0	0	6.75	28	0	0	0	28	0	0	1	28	0	0	0	28	0	0	4.979		99.9378	45.062	0.0465136	0	0.465426	0.801455	16.8151	1		0	12.0705	37.5181	0	0	0	
2024-06-10 14:37:56	902	2398	9	0	0	4.25	18	0	0	0	18	0	0	5.5	18	0	0	0	18	0	0	1.082		99.9353	45.1848	0.263948	0	2.64119	0.35895	20.7438	2		0	12.0793	37.2582	0	0	0	
2024-06-10 14:26:34	822	2399	5	0	0	4	17	0	0	0	17	0	0	7.75	17	0	0	0	17	0	0	3.247		99.9373	46.2432	0.0589738	0	0.590108	0.0620557	13.9041	2		0	12.0705	38.2978	0	0	0	
2024-06-10 14:26:51	824	2400	9	0	0	4	17	0	0	0	17	0	0	6.5	17	0	0	0	17	0	0	2.165		99.9375	46.2109	0.0866758	0	0.867299	0.0208521	13.6235	1		0	12.0705	38.1678	0	0	0	
2024-06-10 14:25:47	816	2401	5	0	0	3	13	0	0	0	13	0	0	5	13	0	0	0	13	0	0	1.732		99.9366	46.9369	0.120806	0	1.20882	0.0935346	15.1905	2		0	12.0793	38.2978	0	0	0	
2024-06-10 14:25:58	817	2402	5	0	0	3	13	0	0	0	13	0	0	3.75	13	0	0	0	13	0	0	0.649		99.9346	46.948	0.356611	0	3.56844	0.725506	16.8159	1		0	12.0705	38.4277	0	0	0	
2024-06-10 14:24:14	804	2403	5	0	0	2	9	0	0	0	9	0	0	7	9	0	0	0	9	0	0	4.33		99.9421	46.492	0.0469373	0	0.469645	0.065932	14.7543	1		0	12.0793	38.5577	0	0	0	
2024-06-10 14:31:50	858	2404	5	0	0	7	29	0	0	0	29	0	0	6	29	0	0	0	29	0	0	0.866		99.9329	45.3738	0.303483	0	3.03687	0.242008	19.0812	2		0	12.0705	37.5181	0	0	0	
2024-06-10 14:31:39	857	2405	5	0	0	7	29	0	0	0	29	0	0	4.75	29	0	0	0	29	0	0	1.948		99.9335	45.3893	0.113019	0	1.13094	0.308676	15.9883	2		0	12.0705	37.5181	0	0	0	
2024-06-10 14:22:08	788	2406	5	0	0	1	5	0	0	0	5	0	0	5.5	5	0	0	0	5	0	0	3.897		99.9534	46.6015	0.0669062	0	0.669374	0.0388748	18.9261	1		0	11.973	39.9871	0	0	0	
2024-06-10 14:22:15	789	2407	5	0	0	1	5	0	0	0	5	0	0	4.25	5	0	0	0	5	0	0	2.814		99.9515	46.5995	0.0745777	0	0.746139	0.002627	15.2364	1		0	12.0705	39.9871	0	0	0	
2024-06-10 14:29:47	845	2408	1	0	0	6	25	0	0	0	25	0	0	3.25	25	0	0	0	25	0	0	2.381		99.9317	45.9007	0.0798389	0	0.798935	0.27852	13.8046	2		0	12.0793	37.6481	0	0	0	
2024-06-10 14:36:55	896	2409	1	0	0	0.25	2	0	0	0	2	0	0	1.5	2	0	0	0	2	0	0	1.082		99.9397	45.1715	0.200435	0	2.00556	0.24027	15.7516	2		0	12.0705	37.5181	0	0	0	
2024-06-10 14:33:04	867	2410	1	0	0	7	29	0	0	0	29	0	0	0.75	29	0	0	0	29	0	0	5.412		99.9343	45.295	0.0403103	0	0.403368	0.77501	15.8402	1		0	12.0705	37.5181	0	0	0	
2024-06-10 14:20:10	774	2411	1	0	0	0	1	0	0	0	1	0	0	5	1	0	0	0	1	0	0	4.33		99.9513	47.3389	0.051225	0	0.512499	0.459044	16.1006	1		0	12.0793	41.8063	0	0	0	
2024-06-10 14:21:30	784	2412	1	0	0	0	1	0	0	0	1	0	0	3.75	1	0	0	0	1	0	0	3.247		99.9537	47.0406	0.0665654	0	0.665962	0.138936	15.6914	1		0	12.0705	40.3769	0	0	0	
2024-06-10 14:41:56	927	2413	9	0	0	7.5	31	0	0	0	31	0	0	6.25	31	0	0	0	31	0	0	1.082		99.9338	45.3514	0.23143	0	2.31583	0.254768	18.1885	2		0	12.0705	37.5181	0	0	0	
2024-06-10 14:38:26	905	2414	9	0	0	6.25	26	0	0	0	26	0	0	7.5	26	0	0	0	26	0	0	1.082		99.9381	45.3305	0.223535	0	2.23673	0.270917	17.5672	2		0	11.973	37.5181	0	0	0	
2024-06-10 14:30:50	851	2415	9	0	0	6	25	0	0	0	25	0	0	7.25	25	0	0	0	25	0	0	1.082		99.9385	45.7077	0.284989	0	2.85165	0.302387	22.3968	2		0	12.0705	37.5181	0	0	0	
2024-06-10 14:34:17	877	2416	1	0	0	7.75	32	0	0	0	32	0	0	1.5	32	0	0	0	32	0	0	5.412		99.9337	45.6	0.0382394	0	0.382647	0.331533	15.0265	1		0	12.0705	37.5181	0	0	0	
2024-06-10 14:28:30	836	2417	5	0	0	5	21	0	0	0	21	0	0	5.75	21	0	0	0	21	0	0	0.649		99.9357	46.8001	0.605268	0	6.05657	0.013419	28.5409	2		0	12.0705	37.908	0	0	0	
2024-06-10 14:28:40	837	2418	5	0	0	5	21	0	0	0	21	0	0	4.5	21	0	0	0	21	0	0	0.433		99.9354	46.7599	0.6836	0	6.84042	0.0819114	21.4898	2		0	12.0705	37.6481	0	0	0	
2024-06-10 14:25:33	814	2419	1	0	0	3	13	0	0	0	13	0	0	1.25	13	0	0	0	13	0	0	1.515		99.9399	47.0107	0.129592	0	1.2967	0.700366	14.2579	1		0.0088623	12.0705	38.5577	0	0	0	
2024-06-10 14:22:22	790	2420	1	0	0	1	5	0	0	0	5	0	0	2.25	5	0	0	0	5	0	0	1.082		99.9496	46.6323	0.188516	0	1.88611	0.6028	14.8134	1		0	12.0705	39.8571	0	0	0	
2024-06-10 14:36:44	895	2421	1	0	0	0.5	3	0	0	0	3	0	0	1.25	3	0	0	0	3	0	0	0.649		99.9394	45.2571	0.389502	0	3.89738	0.185926	18.366	2		0	12.0705	37.3882	0	0	0	
2024-06-10 14:35:31	886	2422	9	0	0	2.5	11	0	0	0	11	0	0	5.25	11	0	0	0	11	0	0	2.381		99.9358	44.9958	0.104502	0	1.04569	0.0456586	18.0683	2		0	12.0705	37.5181	0	0	0	
2024-06-10 14:34:10	876	2423	9	0	0	7.75	32	0	0	0	32	0	0	7.5	32	0	0	0	32	0	0	0.216		99.9359	45.6065	1.00533	0	10.0598	0.518877	15.8019	1		0	11.973	37.5181	0	0	0	
2024-06-10 14:33:33	871	2424	9	0	0	7.75	32	0	0	0	32	0	0	6.25	32	0	0	0	32	0	0	1.299		99.9346	45.645	0.184713	0	1.84834	0.607134	17.4202	1		0	11.973	37.2582	0	0	0	
2024-06-10 14:38:36	906	2425	1	0	0	4.25	18	0	0	0	18	0	0	3.5	18	0	0	0	18	0	0	0.649		99.9392	45.2197	0.355185	0	3.55401	0.532274	16.7479	1		0	12.0705	37.5181	0	0	0	
2024-06-10 14:30:29	849	2426	1	0	0	6	25	0	0	0	25	0	0	2.25	25	0	0	0	25	0	0	3.247		99.937	45.7668	0.0623736	0	0.624129	0.0885782	14.7057	2		0	12.0705	37.3882	0	0	0	
2024-06-10 14:41:16	923	2427	9	0	0	5.25	22	0	0	0	22	0	0	4.5	22	0	0	0	22	0	0	0.649		99.9344	45.6001	0.478553	0	4.78867	0.040575	22.5661	2		0	12.0705	37.5181	0	0	0	
2024-06-10 14:27:23	828	2428	5	0	0	4	17	0	0	0	17	0	0	5.75	17	0	0	0	17	0	0	1.515		99.9418	46.1062	0.143245	0	1.43328	0.141346	15.7598	1		0	12.0705	37.908	0	0	0	
2024-06-10 14:26:58	825	2429	9	0	0	4	17	0	0	0	17	0	0	4.5	17	0	0	0	17	0	0	0.433		99.9405	46.1831	0.533327	0	5.33645	0.560316	16.765	1		0	12.0705	38.0379	0	0	0	
2024-06-10 14:21:13	782	2430	5	0	0	0	1	0	0	0	1	0	0	2	1	0	0	0	1	0	0	1.732		99.9524	47.019	0.163632	0	1.6371	0.289493	20.5724	2		0	12.0705	40.6368	0	0	0	
2024-06-10 14:23:37	800	2431	9	0	0	2	9	0	0	0	9	0	0	7.5	9	0	0	0	9	0	0	4.762		99.9485	46.5403	0.0475414	0	0.475659	0.39743	16.4376	2		0	12.0793	39.2074	0	0	0	
2024-06-10 14:23:22	798	2432	1	0	0	2	9	0	0	0	9	0	0	6.25	9	0	0	0	9	0	0	3.68		99.9443	46.5634	0.0578804	0	0.579126	0.505612	15.4647	1		0	12.0705	39.3374	0	0	0	
2024-06-10 14:32:28	862	2433	5	0	0	7	29	0	0	0	29	0	0	5.25	29	0	0	0	29	0	0	1.515		99.9326	45.3341	0.169642	0	1.69757	0.670141	18.6657	1		0	12.0705	37.5181	0	0	0	
2024-06-10 14:32:35	863	2434	9	0	0	7	29	0	0	0	29	0	0	4	29	0	0	0	29	0	0	2.598		99.9325	45.3596	0.0753854	0	0.754363	0.0672246	14.2194	1		0	12.0705	37.5181	0	0	0	
2024-06-10 14:22:58	795	2435	1	0	0	1	5	0	0	0	5	0	0	3.5	5	0	0	0	5	0	0	2.165		99.9483	46.6554	0.0928117	0	0.928597	0.191805	14.5864	1		0	12.0705	39.5972	0	0	0	
2024-06-10 14:31:29	856	2436	1	0	0	6	25	0	0	0	25	0	0	2.5	25	0	0	0	25	0	0	3.031		99.937	45.6238	0.0784294	0	0.784788	0.416024	17.2584	2		0	12.0705	37.5181	0	0	0	
2024-06-10 14:41:09	922	2437	1	0	0	3.75	16	0	0	0	16	0	0	2	16	0	0	0	16	0	0	1.515		99.9348	45.0138	0.152097	0	1.52197	0.350142	16.7349	1		0	12.0705	37.5181	0	0	0	
2024-06-10 14:29:19	841	2438	5	0	0	5	21	0	0	0	21	0	0	2	21	0	0	0	21	0	0	2.598		99.9324	46.7063	0.0771653	0	0.772175	0.898818	14.5552	1		0	12.0705	37.778	0	0	0	
2024-06-10 14:24:22	805	2439	1	0	0	2	9	0	0	0	9	0	0	1.75	9	0	0	0	9	0	0	0.216		99.9451	46.5614	0.966659	0	9.6719	0.631336	15.1926	1		0	12.0705	38.9475	0	0	0	
2024-06-10 14:33:19	869	2440	1	0	0	7	29	0	0	0	29	0	0	0	29	0	0	0	29	0	0	6.061		99.9307	45.2958	0.0350735	0	0.350978	0.416956	15.4368	1		0	12.0705	37.5181	0	0	0	
2024-06-10 14:20:37	777	2441	1	0	0	0	1	0	0	0	1	0	0	3	1	0	0	0	1	0	0	2.598		99.9525	47.0935	0.0784446	0	0.784819	0.524557	14.7935	1		0.0088623	12.0705	41.1566	0	0	0	
2024-06-10 14:25:33	814	2442	5	0	0	3	13	0	0	0	13	0	0	7	13	0	0	0	13	0	0	3.464		99.9399	47.0107	0.0564655	0	0.564995	0.391665	14.1999	1		0.0088623	12.0705	38.5577	0	0	0	
2024-06-10 14:31:00	852	2443	5	0	0	6	25	0	0	0	25	0	0	7.75	25	0	0	0	25	0	0	1.515		99.9326	45.7282	0.153005	0	1.53109	0.943668	16.8352	1		0	12.0705	37.5181	0	0	0	
2024-06-10 14:30:39	850	2444	5	0	0	6	25	0	0	0	25	0	0	6.5	25	0	0	0	25	0	0	0.433		99.9369	45.7252	0.65172	0	6.52132	0.0387968	20.4873	2		0	12.0705	37.5181	0	0	0	
2024-06-10 14:34:33	879	2445	1	0	0	7.75	32	0	0	0	32	0	0	0.75	32	0	0	0	32	0	0	6.061		99.9351	45.6064	0.0359182	0	0.359415	0.328605	15.8079	1		0	12.0705	37.5181	0	0	0	
2024-06-10 14:29:34	843	2446	1	0	0	5	21	0	0	0	21	0	0	3.75	21	0	0	0	21	0	0	1.082		99.9361	46.6461	0.203282	0	2.03412	0.985262	15.9759	1		0	12.0793	37.6481	0	0	0	
2024-06-10 14:25:09	811	2447	1	0	0	3	13	0	0	0	13	0	0	0.5	13	0	0	0	13	0	0	2.165		99.9384	47.0688	0.0938709	0	0.939287	0.458657	14.7543	1		0	12.0705	38.6876	0	0	0	
2024-06-10 14:21:47	786	2448	1	0	0	1	5	0	0	0	5	0	0	1.5	5	0	0	0	5	0	0	0.433		99.9508	46.5609	0.549156	0	5.49426	0.0103604	17.2607	2		0	12.0705	40.117	0	0	0	
2024-06-10 14:43:13	935	2449	1	0	0	2	9	0	0	5.75	9	0	0	3.25	9	0	0	4.5	9	0	0	0.649		99.9425	19.7344	0.244436	0	2.44576	0.0744597	19.209	1		0	12.0705	37.5181	0	0	0	
2024-06-10 14:27:45	831	2450	1	0	0	4	17	0	0	0	17	0	0	1.75	17	0	0	0	17	0	0	1.948		99.9348	46.047	0.0973756	0	0.974392	0.0623988	13.7751	1		0	12.0705	37.908	0	0	0	
2024-06-10 14:37:16	898	2451	1	0	0	2.5	11	0	0	0	11	0	0	3.25	11	0	0	0	11	0	0	0.649		99.9403	44.9284	0.399233	0	3.99472	0.2706	18.8247	2		0	12.0705	37.5181	0	0	0	
2024-06-10 14:34:10	876	2452	5	0	0	7.75	32	0	0	0	32	0	0	5.5	32	0	0	0	32	0	0	1.948		99.9359	45.6065	0.124895	0	1.24975	0.490686	17.6679	1		0	11.973	37.5181	0	0	0	
2024-06-10 14:33:40	872	2453	5	0	0	7.75	32	0	0	0	32	0	0	4.25	32	0	0	0	32	0	0	3.031		99.9344	45.6376	0.0682636	0	0.683084	0.107675	15.0218	1		0	12.0705	37.5181	0	0	0	
2024-06-10 14:31:29	856	2454	5	0	0	6	25	0	0	0	25	0	0	1.5	25	0	0	0	25	0	0	3.897		99.937	45.6238	0.0518948	0	0.519275	0.203982	14.6822	2		0	12.0705	37.5181	0	0	0	
2024-06-10 14:26:44	823	2455	9	0	0	4	17	0	0	0	17	0	0	5	17	0	0	0	17	0	0	0.866		99.9409	46.2294	0.272231	0	2.72392	0.48708	17.1149	1		0	12.0705	38.1678	0	0	0	
2024-06-10 14:27:30	829	2456	5	0	0	4	17	0	0	0	17	0	0	3.75	17	0	0	0	17	0	0	0.216		99.9351	46.0771	0.879467	0	8.80038	0.425773	13.8236	1		0	12.0705	38.0379	0	0	0	
2024-06-10 14:21:23	783	2457	1	0	0	0	1	0	0	0	1	0	0	1.25	1	0	0	0	1	0	0	1.082		99.9563	47.0427	0.179734	0	1.79813	0.84937	14.1224	1		0	11.973	40.5069	0	0	0	
2024-06-10 14:24:04	803	2458	5	0	0	2	9	0	0	0	9	0	0	5.5	9	0	0	0	9	0	0	3.031		99.945	46.4563	0.140849	0	1.40926	0.150125	30.9913	2		0	12.0705	39.0775	0	0	0	
2024-06-10 14:23:12	797	2459	9	0	0	2	9	0	0	0	9	0	0	4.25	9	0	0	0	9	0	0	1.948		99.9428	46.5355	0.106712	0	1.06773	0.127665	15.0946	2		0	12.0705	39.3374	0	0	0	
2024-06-10 14:32:57	866	2460	5	0	0	7	29	0	0	0	29	0	0	3.25	29	0	0	0	29	0	0	3.247		99.9359	45.3386	0.0600283	0	0.600668	0.433061	14.1529	1		0	12.0705	37.5181	0	0	0	
2024-06-10 14:22:58	795	2461	5	0	0	1	5	0	0	0	5	0	0	2.75	5	0	0	0	5	0	0	1.515		99.9483	46.6554	0.1305	0	1.30567	0.46213	14.3566	1		0	12.0705	39.5972	0	0	0	
2024-06-10 14:20:37	777	2462	9	0	0	0	1	0	0	0	1	0	0	7	1	0	0	0	1	0	0	6.061		99.9525	47.0935	0.0359448	0	0.359619	0.0712111	15.8169	1		0.0088623	12.0705	41.1566	0	0	0	
2024-06-10 14:29:26	842	2463	1	0	0	5	21	0	0	0	21	0	0	1.25	21	0	0	0	21	0	0	3.247		99.9329	46.6739	0.0681135	0	0.681592	0.167726	16.0596	1		0	12.0705	37.778	0	0	0	
2024-06-10 14:24:29	806	2464	5	0	0	2	9	0	0	0	9	0	0	1	9	0	0	0	9	0	0	0.866		99.9406	46.5214	0.239516	0	2.39658	0.796997	15.0582	1		0	12.0705	38.8176	0	0	0	
2024-06-10 14:24:58	810	2465	5	0	0	3	13	0	0	0	13	0	0	7.5	13	0	0	0	13	0	0	3.897		99.9405	47.0597	0.0521589	0	0.5219	0.0391674	14.7564	2		0.0088623	12.0705	38.5577	0	0	0	
2024-06-10 14:25:09	811	2466	5	0	0	3	13	0	0	0	13	0	0	6.25	13	0	0	0	13	0	0	2.814		99.9384	47.0688	0.0741327	0	0.741784	0.0873797	15.1475	1		0	12.0705	38.6876	0	0	0	
2024-06-10 14:32:11	860	2467	9	0	0	7	29	0	0	0	29	0	0	7.25	29	0	0	0	29	0	0	0.216		99.9331	45.3118	0.942634	0	9.43264	0.13655	14.8168	2		0	12.0705	37.5181	0	0	0	
2024-06-10 14:21:37	785	2468	5	0	0	1	5	0	0	0	5	0	0	6.75	5	0	0	0	5	0	0	4.979		99.9492	46.579	0.0497936	0	0.498189	0.594805	17.9987	2		0	12.0705	40.3769	0	0	0	
2024-06-10 14:30:29	849	2469	9	0	0	6	25	0	0	0	25	0	0	5.75	25	0	0	0	25	0	0	0.216		99.937	45.7668	1.25978	0	12.6057	0.0687385	19.801	2		0	12.0705	37.3882	0	0	0	
2024-06-10 14:29:47	845	2470	9	0	0	6	25	0	0	0	25	0	0	4.5	25	0	0	0	25	0	0	1.299		99.9317	45.9007	0.181675	0	1.818	0.514602	17.1342	2		0	12.0793	37.6481	0	0	0	
2024-06-10 14:33:26	870	2471	1	0	0	7.75	32	0	0	0	32	0	0	0	32	0	0	0	32	0	0	6.711		99.9333	45.6674	0.0330025	0	0.330245	0.516822	16.0812	1		0	12.0705	37.5181	0	0	0	
2024-06-10 14:28:30	836	2472	1	0	0	5	21	0	0	0	21	0	0	3	21	0	0	0	21	0	0	1.732		99.9357	46.8001	0.111992	0	1.12064	0.00442061	14.0824	2		0	12.0705	37.908	0	0	0	
2024-06-10 14:23:06	796	2473	1	0	0	1	5	0	0	0	5	0	0	0.75	5	0	0	0	5	0	0	0.216		99.946	46.6567	1.11239	0	11.1299	0.780277	17.4828	1		0	12.0705	39.3374	0	0	0	
2024-06-10 14:39:23	911	2474	1	0	0	5.75	24	0	0	0	24	0	0	2	24	0	0	0	24	0	0	3.247		99.938	45.7301	0.0656354	0	0.656761	0.507197	15.4746	2		0	12.0705	37.5181	0	0	0	
2024-06-10 14:26:58	825	2475	1	0	0	4	17	0	0	0	17	0	0	1	17	0	0	0	17	0	0	2.598		99.9405	46.1831	0.0744675	0	0.745119	0.25648	14.0452	1		0	12.0705	38.0379	0	0	0	
2024-06-10 14:34:25	878	2476	5	0	0	7.75	32	0	0	0	32	0	0	3.5	32	0	0	0	32	0	0	3.68		99.9325	45.605	0.0554753	0	0.555128	0.0193811	14.8239	1		0.0088623	12.0705	37.5181	0	0	0	
2024-06-10 14:31:07	853	2477	1	0	0	6	25	0	0	0	25	0	0	0.75	25	0	0	0	25	0	0	4.546		99.9329	45.7869	0.050278	0	0.503118	0.28303	16.5962	1		0	11.973	37.5181	0	0	0	
2024-06-10 14:26:34	822	2478	1	0	0	4	17	0	0	0	17	0	0	3	17	0	0	0	17	0	0	0.866		99.9373	46.2432	0.234872	0	2.35019	0.260221	14.7667	2		0	12.0705	38.2978	0	0	0	
2024-06-10 14:21:30	784	2479	5	0	0	0	1	0	0	0	1	0	0	0.5	1	0	0	0	1	0	0	0.433		99.9537	47.0406	0.514121	0	5.1436	0.96516	16.1591	1		0	12.0705	40.3769	0	0	0	
2024-06-10 14:42:13	929	2480	1	0	0	3.5	15	0	0	4.25	15	0	0	2.75	15	0	0	5	15	0	0	0.389		99.9431	18.6089	0.451594	0	4.51851	0.391902	21.293	1		0	12.0705	37.5181	0	0	0	
2024-06-10 14:24:36	807	2481	1	0	0	2	9	0	0	0	9	0	0	3.5	9	0	0	0	9	0	0	1.299		99.9413	46.5251	0.162717	0	1.62813	0.382813	15.3447	1		0.0088623	12.0705	38.8176	0	0	0	
2024-06-10 14:32:35	863	2482	1	0	0	7	29	0	0	0	29	0	0	2.5	29	0	0	0	29	0	0	3.897		99.9325	45.3596	0.0546827	0	0.547197	0.032609	15.4716	1		0	12.0705	37.5181	0	0	0	
2024-06-10 14:32:57	866	2483	1	0	0	7	29	0	0	0	29	0	0	2	29	0	0	0	29	0	0	4.33		99.9359	45.3386	0.0470974	0	0.471276	0.489167	14.8056	1		0	12.0705	37.5181	0	0	0	
2024-06-10 14:20:17	775	2484	9	0	0	0	1	0	0	0	1	0	0	7.5	1	0	0	0	1	0	0	6.494		99.9505	47.1854	0.0401927	0	0.402126	0.510911	18.9498	2		0	12.0705	41.6764	0	0	0	
2024-06-10 14:20:59	780	2485	9	0	0	0	1	0	0	0	1	0	0	6.25	1	0	0	0	1	0	0	5.412		99.9505	47.0807	0.0408069	0	0.408271	0.0834211	16.0328	1		0	12.0705	40.8967	0	0	0	
2024-06-10 14:28:20	835	2486	1	0	0	5	21	0	0	0	21	0	0	0.5	21	0	0	0	21	0	0	3.897		99.935	46.85	0.0645448	0	0.645868	0.453407	18.2615	2		0	12.0705	37.908	0	0	0	
2024-06-10 14:40:19	917	2487	1	0	0	1.25	6	0	0	0	6	0	0	0.5	6	0	0	0	6	0	0	0.649		99.938	45.0253	0.387814	0	3.88055	0.083873	18.2866	2		0	12.0705	37.5181	0	0	0	
2024-06-10 14:28:20	835	2488	5	0	0	5	21	0	0	0	21	0	0	7	21	0	0	0	21	0	0	1.732		99.935	46.85	0.12586	0	1.25942	0.102521	15.8264	2		0	12.0705	37.908	0	0	0	
2024-06-10 14:23:29	799	2489	1	0	0	2	9	0	0	0	9	0	0	0.25	9	0	0	0	9	0	0	1.515		99.945	46.5709	0.130553	0	1.30625	0.650756	14.3629	1		0	12.0705	39.3374	0	0	0	
2024-06-10 14:26:58	825	2490	5	0	0	4	17	0	0	0	17	0	0	7	17	0	0	0	17	0	0	2.598		99.9405	46.1831	0.0709702	0	0.710125	0.0341924	13.3855	1		0	12.0705	38.0379	0	0	0	
2024-06-10 14:25:09	811	2491	9	0	0	3	13	0	0	0	13	0	0	5.5	13	0	0	0	13	0	0	2.165		99.9384	47.0688	0.101455	0	1.01517	0.565071	15.9463	1		0	12.0705	38.6876	0	0	0	
2024-06-10 14:25:40	815	2492	9	0	0	3	13	0	0	0	13	0	0	4.25	13	0	0	0	13	0	0	1.082		99.9366	47.0146	0.188595	0	1.88715	0.469486	14.8217	1		0	12.0705	38.4277	0	0	0	
2024-06-10 14:32:28	862	2493	9	0	0	7	29	0	0	0	29	0	0	7.75	29	0	0	0	29	0	0	0.649		99.9326	45.3341	0.39739	0	3.97658	0.742088	18.7392	1		0	12.0705	37.5181	0	0	0	
2024-06-10 14:32:01	859	2494	9	0	0	7	29	0	0	0	29	0	0	6.5	29	0	0	0	29	0	0	0.433		99.935	45.3349	0.612352	0	6.12751	0.0650248	19.2501	2		0	12.0705	37.5181	0	0	0	
2024-06-10 14:22:29	791	2495	5	0	0	1	5	0	0	0	5	0	0	6	5	0	0	0	5	0	0	4.33		99.9499	46.6612	0.0619871	0	0.620182	0.71685	19.4836	1		0	12.0793	39.8571	0	0	0	
2024-06-10 14:22:37	792	2496	5	0	0	1	5	0	0	0	5	0	0	4.75	5	0	0	0	5	0	0	3.247		99.9432	46.635	0.0748008	0	0.748433	0.296294	17.6345	1		0	12.0705	39.7272	0	0	0	
2024-06-10 14:37:36	900	2497	9	0	0	4.75	20	0	0	0	20	0	0	5	20	0	0	0	20	0	0	0.216		99.9398	45.086	1.18318	0	11.8389	0.0425814	18.5965	2		0	12.0705	37.5181	0	0	0	
2024-06-10 14:30:08	847	2498	5	0	0	6	25	0	0	0	25	0	0	5	25	0	0	0	25	0	0	0.866		99.9369	45.8274	0.385633	0	3.85877	0.128074	24.2454	2		0	12.0705	37.6481	0	0	0	
2024-06-10 14:31:14	854	2499	5	0	0	6	25	0	0	0	25	0	0	3.75	25	0	0	0	25	0	0	1.948		99.9343	45.7291	0.102395	0	1.02462	0.288936	14.4852	1		0	12.0705	37.5181	0	0	0	
2024-06-10 14:21:58	787	2500	1	0	0	1	5	0	0	0	5	0	0	0	5	0	0	0	5	0	0	0.866		99.951	46.5907	0.235631	0	2.35746	0.140283	14.8124	2		0	12.0705	40.117	0	0	0	
2024-06-10 14:36:10	891	2501	9	0	0	0.75	4	0	0	0	4	0	0	7	4	0	0	0	4	0	0	5.412		99.9373	45.6759	0.0389616	0	0.38986	0.753051	15.3098	1		0	12.0705	37.3882	0	0	0	
2024-06-10 14:27:16	827	2502	1	0	0	4	17	0	0	0	17	0	0	0.25	17	0	0	0	17	0	0	3.247		99.9383	46.1465	0.0605145	0	0.605519	0.183348	14.2672	1		0	12.0705	38.0379	0	0	0	
2024-06-10 14:33:47	873	2503	1	0	0	7.75	32	0	0	0	32	0	0	2.75	32	0	0	0	32	0	0	4.33		99.9368	45.6248	0.0485626	0	0.485933	0.317488	15.266	1		0	12.0705	37.5181	0	0	0	
2024-06-10 14:30:50	851	2504	1	0	0	6	25	0	0	0	25	0	0	0	25	0	0	0	25	0	0	5.195		99.9385	45.7077	0.0458337	0	0.458619	0.325683	17.2895	2		0	12.0705	37.5181	0	0	0	
2024-06-10 14:24:14	804	2505	1	0	0	2	9	0	0	0	9	0	0	2.75	9	0	0	0	9	0	0	0.649		99.9421	46.492	0.367381	0	3.67594	0.757118	17.3224	1		0	12.0793	38.5577	0	0	0	
2024-06-10 14:32:11	860	2506	1	0	0	7	29	0	0	0	29	0	0	1.25	29	0	0	0	29	0	0	4.979		99.9331	45.3118	0.0429575	0	0.429863	0.292301	15.5302	2		0	12.0705	37.5181	0	0	0	
2024-06-10 14:20:44	778	2507	9	0	0	0	1	0	0	0	1	0	0	5.5	1	0	0	0	1	0	0	4.762		99.9521	47.1233	0.0671797	0	0.672119	0.444928	23.2268	1		0	12.0705	41.0267	0	0	0	
2024-06-10 14:19:54	773	2508	5	0	0	0	1	0	0	0	1	0	0	4.25	1	0	0	0	1	0	0	3.68		99.951	47.4615	0.0603804	0	0.6041	0.0677629	16.1316	2		0	12.0439	41.8063	0	0	0	
