Time	MeasID	DPID	Channel	A(x)	A(y)	A(z)	A(adr)	B(x)	B(y)	B(z)	B(adr)	M(x)	M(y)	M(z)	M(adr)	N(x)	N(y)	N(z)	N(adr)	F(x)	F(y)	F(z)	Note	I(mA)	Uout(V)	U(V)	SP(V)	R(Ohm)	Var(%)	Rho-a(Ohm-m)	Cycles	IP Delay Window(mV/V)	Pint(V)	Pext(V)	T int(deg C)	T log(deg C)	Latitude	Longitude
2024-06-15 00:17:53	107	1	1	0	0	7.75	32	0	0	0	32	0	0	2	32	0	0	0	32	0	0	4.979		100.002	71.6636	0.0418351	0	0.418344	0.0232017	15.1141	1		0	12.0705	43.1058	0	0	0	
2024-06-15 00:12:01	61	2	9	0	0	5	21	0	0	0	21	0	0	7.5	21	0	0	0	21	0	0	2.165		99.9954	71.9447	0.0904735	0	0.904776	0.0273914	14.2122	2		0.0088623	12.0616	43.8855	0	0	0	
2024-06-15 00:12:26	64	3	5	0	0	5	21	0	0	0	21	0	0	6.25	21	0	0	0	21	0	0	1.082		99.9915	72.8217	0.197593	0	1.9761	0.341401	15.5202	1		0	12.0616	43.6256	0	0	0	
2024-06-15 00:10:04	45	4	5	0	0	3	13	0	0	0	13	0	0	1.75	13	0	0	0	13	0	0	1.082		100.001	73.528	0.178512	0	1.78509	0.300956	14.0201	1		0.0088623	12.0705	44.5352	0	0	0	
2024-06-15 00:17:32	104	5	5	0	0	7.75	32	0	0	0	32	0	0	6.75	32	0	0	0	32	0	0	0.866		100.001	71.7541	0.250978	0	2.50976	0.247813	15.7693	1		0	12.0616	43.2357	0	0	0	
2024-06-15 00:23:06	148	6	1	0	0	3.25	14	0	0	0	14	0	0	2.5	14	0	0	0	14	0	0	0.649		99.9932	71.6498	0.310605	0	3.10626	0.828121	14.6379	1		0.0088623	12.0705	42.9758	0	0	0	
2024-06-15 00:11:17	55	7	9	0	0	4	17	0	0	0	17	0	0	7.5	17	0	0	0	17	0	0	3.031		100.002	72.3783	0.0661455	0	0.661443	0.309747	14.5459	1		0	12.0616	44.1454	0	0	0	
2024-06-15 00:10:48	51	8	9	0	0	4	17	0	0	0	17	0	0	6.25	17	0	0	0	17	0	0	1.948		100.001	73.4858	0.102453	0	1.02452	0.0628484	14.4838	1		0	12.0616	44.0154	0	0	0	
2024-06-15 00:10:12	46	9	1	0	0	3	13	0	0	0	13	0	0	3.5	13	0	0	0	13	0	0	0.433		99.9997	73.2018	0.481335	0	4.81337	0.361323	15.1216	1		0.0088623	12.0705	44.2753	0	0	0	
2024-06-15 00:08:30	32	10	9	0	0	2	9	0	0	0	9	0	0	6.75	9	0	0	0	9	0	0	4.113		100.004	72.8902	0.0530635	0	0.530616	0.117323	15.8363	1		0	12.0705	44.925	0	0	0	
2024-06-15 00:15:39	89	11	9	0	0	7	29	0	0	0	29	0	0	5.75	29	0	0	0	29	0	0	1.082		99.9912	71.4084	0.197201	0	1.97219	0.368112	15.4895	1		0.0088623	12.0616	43.3657	0	0	0	
2024-06-15 00:15:47	90	12	5	0	0	7	29	0	0	0	29	0	0	4.5	29	0	0	0	29	0	0	2.165		99.9921	71.6824	0.0912227	0	0.9123	0.0438672	14.3304	1		0	12.0616	43.3657	0	0	0	
2024-06-15 00:06:39	17	13	5	0	0	1	5	0	0	0	5	0	0	5.25	5	0	0	0	5	0	0	3.68		100.007	74.0881	0.0607732	0	0.60769	0.0563721	16.2275	1		0.0088623	12.0616	46.2245	0	0	0	
2024-06-15 00:06:53	19	14	5	0	0	1	5	0	0	0	5	0	0	4	5	0	0	0	5	0	0	2.598		100.007	73.7654	0.0732668	0	0.732619	0.243413	13.8095	1		0	11.9464	45.9646	0	0	0	
2024-06-15 00:21:30	136	15	1	0	0	4.75	20	0	0	0	20	0	0	3	20	0	0	0	20	0	0	1.515		99.9963	70.5559	0.127349	0	1.27353	0.180052	14.0032	1		0	12.0705	43.1058	0	0	0	
2024-06-15 00:13:56	76	16	1	0	0	6	25	0	0	0	25	0	0	3	25	0	0	0	25	0	0	2.598		99.9959	71.9672	0.0780542	0	0.780574	0.0172472	14.7135	1		0.0088623	12.0616	43.6256	0	0	0	
2024-06-15 00:08:18	31	17	1	0	0	2	9	0	0	0	9	0	0	2.25	9	0	0	0	9	0	0	0.216		100.007	72.7093	0.771049	0	7.70999	0.0285212	12.1108	2		0	12.0616	45.1849	0	0	0	
2024-06-15 00:15:00	85	18	1	0	0	7	29	0	0	0	29	0	0	0.5	29	0	0	0	29	0	0	5.628		99.9958	70.7474	0.0442654	0	0.442672	0.218856	18.079	4		0	12.0616	43.4956	0	0	0	
2024-06-15 00:06:01	12	19	1	0	0	0	1	0	0	0	1	0	0	3.5	1	0	0	0	1	0	0	3.031		100.005	75.0368	0.0702178	0	0.702143	0.520442	15.4409	1		0	12.0616	46.3544	0	0	0	
2024-06-15 00:22:59	147	20	1	0	0	1.75	8	0	0	0	8	0	0	0	8	0	0	0	8	0	0	1.515		99.9957	70.9149	0.12268	0	1.22685	0.0142304	13.49	1		0.0088623	12.0705	42.9758	0	0	0	
2024-06-15 00:14:10	78	21	9	0	0	6	25	0	0	0	25	0	0	7	25	0	0	0	25	0	0	0.866		99.9976	72.0162	0.25984	0	2.59846	0.396669	16.3266	1		0.0088623	12.0705	43.3657	0	0	0	
2024-06-15 00:22:16	141	22	1	0	0	6.5	27	0	0	0	27	0	0	1.25	27	0	0	0	27	0	0	4.546		99.9966	70.8712	0.056301	0	0.563029	0.0687153	18.5725	1		0.0088623	12.0616	43.2357	0	0	0	
2024-06-15 00:18:00	108	23	1	0	0	7.75	32	0	0	0	32	0	0	1.25	32	0	0	0	32	0	0	5.628		100	71.6808	0.0390254	0	0.390254	0.209566	15.9382	1		0	12.0616	43.1058	0	0	0	
2024-06-15 00:12:26	64	24	9	0	0	5	21	0	0	0	21	0	0	5.5	21	0	0	0	21	0	0	0.433		99.9915	72.8217	0.499023	0	4.99065	0.462156	15.6786	1		0	12.0616	43.6256	0	0	0	
2024-06-15 00:12:33	65	25	5	0	0	5	21	0	0	0	21	0	0	4.25	21	0	0	0	21	0	0	0.649		99.9895	72.4493	0.335101	0	3.35136	0.410265	15.7929	1		0	12.0616	43.4956	0	0	0	
2024-06-15 00:10:18	47	26	5	0	0	3	13	0	0	0	13	0	0	1	13	0	0	0	13	0	0	1.732		99.9991	73.2525	0.106045	0	1.06046	0.145103	13.3261	1		0.0088623	12.0705	44.2753	0	0	0	
2024-06-15 00:07:00	20	27	1	0	0	1	5	0	0	0	5	0	0	2	5	0	0	0	5	0	0	0.866		100.005	73.978	0.221941	0	2.2193	0.179926	13.9443	1		0.0088623	12.0616	45.9646	0	0	0	
2024-06-15 00:18:58	116	28	9	0	0	1.75	8	0	0	0	8	0	0	6	8	0	0	0	8	0	0	3.68		99.9938	71.2293	0.0614432	0	0.61447	0.115974	16.4085	1		0	12.0616	42.9758	0	0	0	
2024-06-15 00:11:47	59	29	5	0	0	4	17	0	0	0	17	0	0	2.25	17	0	0	0	17	0	0	1.515		100.001	73.1194	0.124372	0	1.24371	0.123932	13.6753	1		0.0088623	12.0616	43.7555	0	0	0	
2024-06-15 00:16:52	99	30	1	0	0	7.75	32	0	0	0	32	0	0	6	32	0	0	0	32	0	0	1.515		99.9945	71.7705	0.132945	0	1.32953	0.221375	14.6189	1		0.0088623	12.0705	43.2357	0	0	0	
2024-06-15 00:16:37	97	31	9	0	0	7.75	32	0	0	0	32	0	0	4.75	32	0	0	0	32	0	0	2.598		99.9938	71.6365	0.0737052	0	0.737098	0.588754	13.894	1		0	12.0616	43.2357	0	0	0	
2024-06-15 00:14:18	79	32	1	0	0	6	25	0	0	0	25	0	0	2	25	0	0	0	25	0	0	3.464		99.9966	71.9107	0.0649992	0	0.650014	0.0398461	16.3366	1		0	12.0616	43.6256	0	0	0	
2024-06-15 00:11:10	54	33	5	0	0	4	17	0	0	0	17	0	0	5.5	17	0	0	0	17	0	0	1.299		99.9952	72.6239	0.159837	0	1.59844	0.0967326	15.065	1		0	12.0616	44.1454	0	0	0	
2024-06-15 00:10:40	50	34	9	0	0	4	17	0	0	0	17	0	0	4.25	17	0	0	0	17	0	0	0.216		100.002	73.1647	0.875799	0	8.75786	0.172958	13.7568	1		0	12.0616	44.1454	0	0	0	
2024-06-15 00:05:47	10	35	1	0	0	0	1	0	0	0	1	0	0	1.75	1	0	0	0	1	0	0	1.515		100.007	75.385	0.122544	0	1.22535	0.0909198	13.4735	1		0.0088623	12.0705	46.8742	0	0	0	
2024-06-15 00:24:08	156	36	1	0	0	3.75	16	0	0	4	16	0	0	3.5	16	0	0	4.25	16	0	0	0.13		99.9995	18.2516	0.614746	0	6.14749	0.233195	9.65645	1		0.0088623	12.0616	43.2357	0	0	0	
2024-06-15 00:10:26	48	37	1	0	0	3	13	0	0	0	13	0	0	2.75	13	0	0	0	13	0	0	0.216		99.9987	73.5354	0.768603	0	7.68613	0.399372	12.0733	1		0	12.0705	44.2753	0	0	0	
2024-06-15 00:07:58	28	38	5	0	0	2	9	0	0	0	9	0	0	6	9	0	0	0	9	0	0	3.464		100.006	73.5253	0.0649855	0	0.649818	0.376315	16.3317	1		0	12.0705	45.3149	0	0	0	
2024-06-15 00:07:50	27	39	5	0	0	2	9	0	0	0	9	0	0	4.75	9	0	0	0	9	0	0	2.381		100.009	73.7742	0.0829633	0	0.829562	0.008673	14.3338	1		0	12.0616	45.3149	0	0	0	
2024-06-15 00:15:54	91	40	5	0	0	7	29	0	0	0	29	0	0	5	29	0	0	0	29	0	0	1.732		99.995	71.5188	0.114672	0	1.14678	0.30178	14.4109	1		0.0088623	12.0616	43.2357	0	0	0	
2024-06-15 00:15:39	89	41	1	0	0	7	29	0	0	0	29	0	0	3.75	29	0	0	0	29	0	0	2.814		99.9912	71.4084	0.0708282	0	0.708344	0.11551	14.4646	1		0.0088623	12.0616	43.3657	0	0	0	
2024-06-15 00:06:53	19	42	1	0	0	1	5	0	0	0	5	0	0	3.25	5	0	0	0	5	0	0	1.948		100.007	73.7654	0.0939703	0	0.939641	0.0902732	13.2839	1		0	11.9464	45.9646	0	0	0	
2024-06-15 00:18:36	113	43	9	0	0	2.75	12	0	0	0	12	0	0	5	12	0	0	0	12	0	0	1.948		99.9985	71.0786	0.0970142	0	0.970157	0.174018	13.7153	1		0.0088623	12.0616	43.2357	0	0	0	
2024-06-15 00:12:33	65	44	1	0	0	5	21	0	0	0	21	0	0	1.75	21	0	0	0	21	0	0	2.814		99.9895	72.4493	0.0732057	0	0.732134	0.0673355	14.9504	1		0	12.0616	43.4956	0	0	0	
2024-06-15 00:08:36	33	45	5	0	0	2	9	0	0	0	9	0	0	1.5	9	0	0	0	9	0	0	0.433		100.005	72.8035	0.45906	0	4.59038	0.270775	14.4211	1		0.0088623	11.9552	45.055	0	0	0	
2024-06-15 00:05:54	11	46	1	0	0	0	1	0	0	0	1	0	0	2.75	1	0	0	0	1	0	0	2.381		100.008	75.1218	0.11384	0	1.13831	0.858313	19.6686	1		0.0088623	12.0705	46.7443	0	0	0	
2024-06-15 00:18:29	112	47	9	0	0	3.25	14	0	0	0	14	0	0	4.5	14	0	0	0	14	0	0	1.082		99.9973	71.6212	0.18591	0	1.85915	0.245451	14.6017	1		0.0088623	12.0705	42.9758	0	0	0	
2024-06-15 00:09:50	43	48	5	0	0	3	13	0	0	0	13	0	0	6.75	13	0	0	0	13	0	0	3.247		99.9984	73.4647	0.0643631	0	0.643642	0.165401	15.1654	1		0	12.0705	44.5352	0	0	0	
2024-06-15 00:06:15	14	49	5	0	0	1	5	0	0	0	5	0	0	7.25	5	0	0	0	5	0	0	5.412		100.005	73.6983	0.0593058	0	0.593029	0.16221	23.2882	2		0.0088623	12.0616	46.3544	0	0	0	
2024-06-15 00:13:45	75	50	5	0	0	6	25	0	0	0	25	0	0	7.5	25	0	0	0	25	0	0	1.299		99.9923	71.6887	0.158458	0	1.58471	0.00214672	14.9355	2		0	12.0616	43.4956	0	0	0	
2024-06-15 00:13:56	76	51	5	0	0	6	25	0	0	0	25	0	0	6.25	25	0	0	0	25	0	0	0.216		99.9959	71.9672	0.855088	0	8.55123	0.446688	13.4322	1		0.0088623	12.0616	43.6256	0	0	0	
2024-06-15 00:17:46	106	52	1	0	0	7.75	32	0	0	0	32	0	0	0.5	32	0	0	0	32	0	0	6.278		99.9973	71.5676	0.0364898	0	0.364908	0.231353	16.6227	1		0	12.0616	43.2357	0	0	0	
2024-06-15 00:13:02	69	53	1	0	0	5	21	0	0	0	21	0	0	3.5	21	0	0	0	21	0	0	1.299		99.9899	72.3059	0.150739	0	1.50754	0.200914	14.2083	1		0.0088623	12.0616	43.7555	0	0	0	
2024-06-15 00:09:57	44	54	1	0	0	3	13	0	0	0	13	0	0	0.25	13	0	0	0	13	0	0	2.381		99.9988	73.0892	0.0778796	0	0.778806	0.159492	13.4568	1		0.0088623	11.9464	44.5352	0	0	0	
2024-06-15 00:07:15	22	55	5	0	0	1	5	0	0	0	5	0	0	1.25	5	0	0	0	5	0	0	0.216		100.007	73.5414	0.768782	0	7.68729	0.245037	12.0752	1		0.0088623	12.0705	45.7047	0	0	0	
2024-06-15 00:11:17	55	56	1	0	0	4	17	0	0	0	17	0	0	1.5	17	0	0	0	17	0	0	2.165		100.002	72.3783	0.0858476	0	0.85846	0.0861952	13.4847	1		0	12.0616	44.1454	0	0	0	
2024-06-15 00:19:05	117	57	9	0	0	1.5	7	0	0	0	7	0	0	6.25	7	0	0	0	7	0	0	4.113		99.9929	70.4553	0.0546956	0	0.546995	0.0831517	16.3251	1		0	12.0616	43.1058	0	0	0	
2024-06-15 00:17:17	102	58	9	0	0	7.75	32	0	0	0	32	0	0	5.25	32	0	0	0	32	0	0	2.165		99.9972	71.3973	0.0880768	0	0.880792	0.249798	13.8355	1		0.0088623	12.0616	43.2357	0	0	0	
2024-06-15 00:16:44	98	59	5	0	0	7.75	32	0	0	0	32	0	0	4	32	0	0	0	32	0	0	3.247		99.9907	71.7575	0.0591219	0	0.591274	0.13068	13.9316	1		0	12.0616	43.2357	0	0	0	
2024-06-15 00:14:32	81	60	5	0	0	6	25	0	0	0	25	0	0	1.25	25	0	0	0	25	0	0	4.113		99.9988	71.6534	0.0586461	0	0.586467	0.170173	17.5032	1		0.0088623	11.9552	43.4956	0	0	0	
2024-06-15 00:11:24	56	61	1	0	0	4	17	0	0	0	17	0	0	3.5	17	0	0	0	17	0	0	0.433		99.9976	73.2393	0.512287	0	5.12299	0.320768	16.0944	1		0	12.0616	44.0154	0	0	0	
2024-06-15 00:05:40	9	62	5	0	0	0	1	0	0	0	1	0	0	1	1	0	0	0	1	0	0	0.866		100.007	75.2906	0.229049	0	2.29032	0.231218	14.3905	1		0	12.0705	46.7443	0	0	0	
2024-06-15 00:08:05	29	63	9	0	0	2	9	0	0	0	9	0	0	5.25	9	0	0	0	9	0	0	2.814		100.005	73.3218	0.0772709	0	0.772671	0.279519	15.7782	1		0	12.0705	45.3149	0	0	0	
2024-06-15 00:07:36	25	64	9	0	0	2	9	0	0	0	9	0	0	4	9	0	0	0	9	0	0	1.732		100.007	73.7157	0.109389	0	1.09381	0.335315	13.7452	1		0	12.0705	45.5748	0	0	0	
2024-06-15 00:23:15	149	65	1	0	0	3.5	15	0	0	0	15	0	0	2.25	15	0	0	0	15	0	0	1.082		99.9933	70.764	0.179751	0	1.79763	0.47417	14.1186	1		0	12.0616	43.2357	0	0	0	
2024-06-15 00:16:08	93	66	5	0	0	7	29	0	0	0	29	0	0	3	29	0	0	0	29	0	0	3.464		99.9954	71.3141	0.0589746	0	0.589773	0.0560984	14.8226	1		0	12.0705	43.2357	0	0	0	
2024-06-15 00:07:08	21	67	5	0	0	1	5	0	0	0	5	0	0	2.5	5	0	0	0	5	0	0	1.299		100.009	73.6704	0.144092	0	1.44078	0.157246	13.579	1		0.0088623	12.0705	45.8346	0	0	0	
2024-06-15 00:04:33	1	68	9	0	0	0	1	0	0	0	1	0	0	6.75	1	0	0	0	1	0	0	5.845		100.008	79.1542	0.0407258	0	0.407226	0.157709	17.271	2		0	12.035	48.0437	0	0	0	
2024-06-15 00:20:07	125	69	1	0	0	2.75	12	0	0	0	12	0	0	3	12	0	0	0	12	0	0	0.216		99.9945	70.4919	0.770649	0	7.70692	0.511785	12.106	1		0	12.0616	43.2357	0	0	0	
2024-06-15 00:12:01	61	70	1	0	0	5	21	0	0	0	21	0	0	1	21	0	0	0	21	0	0	3.464		99.9954	71.9447	0.06278	0	0.627829	0.108675	15.7791	2		0.0088623	12.0616	43.8855	0	0	0	
2024-06-15 00:25:35	165	71	1	0	0	0.5	3	0	0	7.25	3	0	0	2.75	3	0	0	5	3	0	0	1.168		99.9976	20.3308	0.081334	0	0.81336	0.00911943	11.4986	2		0	12.0705	43.2357	0	0	0	
2024-06-15 00:20:50	131	72	9	0	0	6.75	28	0	0	0	28	0	0	7	28	0	0	0	28	0	0	0.216		99.9911	71.0769	0.815821	0	8.15893	0.598083	12.816	1		0	12.0705	43.2357	0	0	0	
2024-06-15 00:07:36	25	73	1	0	0	2	9	0	0	0	9	0	0	0.75	9	0	0	0	9	0	0	1.082		100.007	73.7157	0.171973	0	1.71961	0.578196	13.5058	1		0	12.0705	45.5748	0	0	0	
2024-06-15 00:09:19	39	74	9	0	0	3	13	0	0	0	13	0	0	6	13	0	0	0	13	0	0	2.598		99.9986	73.8918	0.078829	0	0.788302	0.139201	14.8591	1		0.0088623	12.0705	44.7951	0	0	0	
2024-06-15 00:09:57	44	75	5	0	0	3	13	0	0	0	13	0	0	4.75	13	0	0	0	13	0	0	1.515		99.9988	73.0892	0.128071	0	1.28072	0.266833	14.0823	1		0.0088623	11.9464	44.5352	0	0	0	
2024-06-15 00:07:00	20	76	9	0	0	1	5	0	0	0	5	0	0	7.75	5	0	0	0	5	0	0	5.845		100.005	73.978	0.0391785	0	0.391766	0.130218	16.6154	1		0.0088623	12.0616	45.9646	0	0	0	
2024-06-15 00:06:46	18	77	5	0	0	1	5	0	0	0	5	0	0	6.5	5	0	0	0	5	0	0	4.762		100.005	73.8618	0.0516113	0	0.516085	0.791078	17.8346	1		0.0088623	12.0616	45.9646	0	0	0	
2024-06-15 00:14:03	77	78	9	0	0	6	25	0	0	0	25	0	0	5.5	25	0	0	0	25	0	0	0.433		99.9937	71.8471	0.512614	0	5.12646	0.50077	16.1052	1		0	12.0705	43.4956	0	0	0	
2024-06-15 00:13:56	76	79	9	0	0	6	25	0	0	0	25	0	0	4.25	25	0	0	0	25	0	0	1.515		99.9959	71.9672	0.134816	0	1.34822	0.0168335	14.8244	1		0.0088623	12.0616	43.6256	0	0	0	
2024-06-15 00:12:40	66	80	1	0	0	5	21	0	0	0	21	0	0	2.75	21	0	0	0	21	0	0	1.948		99.9886	72.4928	0.0969411	0	0.969521	0.0863597	13.7063	1		0.0088623	12.0616	43.7555	0	0	0	
2024-06-15 00:07:15	22	81	1	0	0	1	5	0	0	0	5	0	0	0.5	5	0	0	0	5	0	0	0.433		100.007	73.5414	0.47958	0	4.79547	0.355413	15.0654	1		0.0088623	12.0705	45.7047	0	0	0	
2024-06-15 00:11:39	58	82	1	0	0	4	17	0	0	0	17	0	0	0.75	17	0	0	0	17	0	0	2.814		99.9982	72.135	0.0691675	0	0.691688	0.281797	14.1245	1		0.0088623	12.0705	44.0154	0	0	0	
2024-06-15 00:17:39	105	83	5	0	0	7.75	32	0	0	0	32	0	0	3.25	32	0	0	0	32	0	0	3.897		99.9958	72.2887	0.0498872	0	0.498893	0.212384	14.1059	1		0	12.0616	43.2357	0	0	0	
2024-06-15 00:24:44	160	84	1	0	0	2.75	12	0	0	5	12	0	0	0.5	12	0	0	7.25	12	0	0	1.168		100	19.9511	0.0796539	0	0.796535	0.0681889	11.2607	1		0.0088623	11.973	43.2357	0	0	0	
2024-06-15 00:19:12	118	85	9	0	0	1.25	6	0	0	0	6	0	0	6.5	6	0	0	0	6	0	0	4.546		99.9873	71.1213	0.0516653	0	0.516719	0.638475	17.0449	1		0.0088623	12.0616	42.9758	0	0	0	
2024-06-15 00:13:31	73	86	1	0	0	6	25	0	0	0	25	0	0	0.5	25	0	0	0	25	0	0	4.762		99.9904	72.0363	0.0553758	0	0.553811	0.0706278	19.1383	1		0	12.0616	43.6256	0	0	0	
2024-06-15 00:11:10	54	87	1	0	0	4	17	0	0	0	17	0	0	2.75	17	0	0	0	17	0	0	1.082		99.9952	72.6239	0.183463	0	1.83472	0.305858	14.4098	1		0	12.0616	44.1454	0	0	0	
2024-06-15 00:04:48	2	88	1	0	0	0	1	0	0	0	1	0	0	0.25	1	0	0	0	1	0	0	0.216		100.007	78.2076	0.775207	0	7.75155	0.208759	12.1761	1		0	12.0616	47.9138	0	0	0	
2024-06-15 00:08:12	30	89	1	0	0	2	9	0	0	0	9	0	0	3.25	9	0	0	0	9	0	0	1.082		100.005	73.3299	0.180496	0	1.80487	0.176849	14.1754	1		0.0088623	12.0705	45.3149	0	0	0	
2024-06-15 00:15:15	86	90	1	0	0	7	29	0	0	0	29	0	0	1.75	29	0	0	0	29	0	0	4.546		99.9965	73.3513	0.0503782	0	0.5038	0.528229	16.6187	1		0	12.0616	43.2357	0	0	0	
2024-06-15 00:05:33	8	91	9	0	0	0	1	0	0	0	1	0	0	6	1	0	0	0	1	0	0	5.195		100.008	75.5771	0.0496641	0	0.496601	0.459409	18.7214	1		0.0088623	12.0705	46.8742	0	0	0	
2024-06-15 00:05:05	4	92	5	0	0	0	1	0	0	0	1	0	0	4.75	1	0	0	0	1	0	0	4.113		100.007	76.82	0.0526327	0	0.526289	0.261952	15.7072	1		0	12.0705	47.5239	0	0	0	
2024-06-15 00:22:30	143	93	1	0	0	7.25	30	0	0	0	30	0	0	0.5	30	0	0	0	30	0	0	5.845		99.9983	71.0136	0.0519257	0	0.519266	0.485754	22.0228	1		0	12.0616	43.1058	0	0	0	
2024-06-15 00:13:09	70	94	1	0	0	5	21	0	0	0	21	0	0	0.25	21	0	0	0	21	0	0	4.113		99.9942	72.2771	0.051829	0	0.51832	0.341274	15.4693	1		0	12.0616	43.6256	0	0	0	
2024-06-15 00:12:11	62	95	9	0	0	5	21	0	0	0	21	0	0	6.75	21	0	0	0	21	0	0	1.515		99.9944	72.3053	0.137925	0	1.37933	0.081943	15.1665	1		0.0088623	12.0616	43.8855	0	0	0	
2024-06-15 00:10:04	45	96	1	0	0	3	13	0	0	0	13	0	0	2.25	13	0	0	0	13	0	0	0.649		100.001	73.528	0.316695	0	3.16691	0.381808	14.9237	1		0.0088623	12.0705	44.5352	0	0	0	
2024-06-15 00:07:50	27	97	1	0	0	2	9	0	0	0	9	0	0	0	9	0	0	0	9	0	0	1.732		100.009	73.7742	0.127378	0	1.27367	0.192234	16.0054	1		0	12.0616	45.3149	0	0	0	
2024-06-15 00:20:57	132	98	9	0	0	6.5	27	0	0	0	27	0	0	7.25	27	0	0	0	27	0	0	0.649		99.9946	70.2224	0.354439	0	3.54458	0.107801	16.7035	2		0	12.0705	43.1058	0	0	0	
2024-06-15 00:16:59	100	99	5	0	0	7.75	32	0	0	0	32	0	0	7.25	32	0	0	0	32	0	0	0.433		99.995	71.2183	0.477269	0	4.77293	0.148846	14.9946	2		0	12.0616	43.2357	0	0	0	
2024-06-15 00:22:38	144	100	1	0	0	7.5	31	0	0	0	31	0	0	0.25	31	0	0	0	31	0	0	6.278		99.9955	70.7527	0.0367984	0	0.368	0.598937	16.7636	1		0	12.0705	43.2357	0	0	0	
2024-06-15 00:19:43	122	101	1	0	0	0.75	4	0	0	0	4	0	0	1	4	0	0	0	4	0	0	0.216		99.9947	71.1612	0.782607	0	7.82648	0.302698	12.2938	1		0.0088623	12.0705	43.2357	0	0	0	
2024-06-15 00:21:52	138	102	1	0	0	5.5	23	0	0	0	23	0	0	2.25	23	0	0	0	23	0	0	2.814		99.996	71.2063	0.100631	0	1.00635	0.598373	20.5501	2		0	12.0616	42.9758	0	0	0	
2024-06-15 00:11:24	56	103	5	0	0	4	17	0	0	0	17	0	0	6.75	17	0	0	0	17	0	0	2.381		99.9976	73.2393	0.0845033	0	0.845053	0.180461	14.6015	1		0	12.0616	44.0154	0	0	0	
2024-06-15 00:09:05	37	104	5	0	0	3	13	0	0	0	13	0	0	5.25	13	0	0	0	13	0	0	1.948		100.004	73.8	0.0995871	0	0.995833	0.19963	14.0783	1		0	12.0439	44.5352	0	0	0	
2024-06-15 00:09:12	38	105	9	0	0	3	13	0	0	0	13	0	0	4	13	0	0	0	13	0	0	0.866		99.999	73.7682	0.242304	0	2.42307	0.450698	15.2246	1		0	12.0616	44.6651	0	0	0	
2024-06-15 00:08:05	29	106	5	0	0	2	9	0	0	0	9	0	0	7.25	9	0	0	0	9	0	0	4.546		100.005	73.3218	0.0560581	0	0.560554	0.127997	18.4908	1		0	12.0705	45.3149	0	0	0	
2024-06-15 00:15:39	89	107	5	0	0	7	29	0	0	0	29	0	0	7.5	29	0	0	0	29	0	0	0.433		99.9912	71.4084	0.475832	0	4.75874	0.485909	14.95	1		0.0088623	12.0616	43.3657	0	0	0	
2024-06-15 00:15:22	87	108	9	0	0	7	29	0	0	0	29	0	0	6.25	29	0	0	0	29	0	0	0.649		99.9919	71.9786	0.345381	0	3.45409	0.593674	16.277	1		0.0088623	12.0616	43.3657	0	0	0	
2024-06-15 00:07:00	20	109	5	0	0	1	5	0	0	0	5	0	0	5.75	5	0	0	0	5	0	0	4.113		100.005	73.978	0.0528869	0	0.528843	0.0239123	15.7834	1		0.0088623	12.0616	45.9646	0	0	0	
2024-06-15 00:06:32	16	110	5	0	0	1	5	0	0	0	5	0	0	4.5	5	0	0	0	5	0	0	3.031		100.005	74.5277	0.0699796	0	0.699763	0.284639	15.3886	1		0.0088623	12.0705	46.2245	0	0	0	
2024-06-15 00:13:45	75	111	1	0	0	6	25	0	0	0	25	0	0	3.5	25	0	0	0	25	0	0	2.165		99.9923	71.6887	0.0892484	0	0.892553	0.012769	14.0202	2		0	12.0616	43.4956	0	0	0	
2024-06-15 00:11:32	57	112	5	0	0	4	17	0	0	0	17	0	0	0	17	0	0	0	17	0	0	3.464		99.9965	72.2825	0.0607262	0	0.607284	0.112047	15.2627	1		0.0088623	11.9552	44.0154	0	0	0	
2024-06-15 00:17:53	107	113	5	0	0	7.75	32	0	0	0	32	0	0	2.5	32	0	0	0	32	0	0	4.546		100.002	71.6636	0.0453623	0	0.453615	0.243779	14.9633	1		0	12.0705	43.1058	0	0	0	
2024-06-15 00:08:36	33	114	1	0	0	2	9	0	0	0	9	0	0	2.5	9	0	0	0	9	0	0	0.433		100.005	72.8035	0.461142	0	4.6112	0.25728	14.4865	1		0.0088623	11.9552	45.055	0	0	0	
2024-06-15 00:16:30	96	115	5	0	0	7	29	0	0	0	29	0	0	1	29	0	0	0	29	0	0	5.195		99.9952	71.5857	0.0463272	0	0.463294	0.0947955	17.4658	1		0	12.0616	43.2357	0	0	0	
2024-06-15 00:04:48	2	116	9	0	0	0	1	0	0	0	1	0	0	5.25	1	0	0	0	1	0	0	4.546		100.007	78.2076	0.051028	0	0.510246	0.0692842	16.8313	1		0	12.0616	47.9138	0	0	0	
2024-06-15 00:05:26	7	117	9	0	0	0	1	0	0	0	1	0	0	4	1	0	0	0	1	0	0	3.464		100.01	75.8142	0.0605439	0	0.605379	0.0151523	15.2148	1		0	12.0616	47.1341	0	0	0	
2024-06-15 00:17:17	102	118	1	0	0	7.75	32	0	0	0	32	0	0	1.75	32	0	0	0	32	0	0	5.195		99.9972	71.3973	0.041081	0	0.410821	0.0615087	15.4876	1		0.0088623	12.0616	43.2357	0	0	0	
2024-06-15 00:12:40	66	119	9	0	0	5	21	0	0	0	21	0	0	6	21	0	0	0	21	0	0	0.866		99.9886	72.4928	0.252606	0	2.52634	0.333587	15.8735	1		0.0088623	12.0616	43.7555	0	0	0	
2024-06-15 00:12:47	67	120	9	0	0	5	21	0	0	0	21	0	0	4.75	21	0	0	0	21	0	0	0.216		99.986	72.2809	0.796152	0	7.96263	0.335336	12.5077	1		0	12.0616	43.7555	0	0	0	
2024-06-15 00:09:43	42	121	1	0	0	3	13	0	0	0	13	0	0	1.5	13	0	0	0	13	0	0	1.299		100.003	73.2853	0.142926	0	1.42922	0.224469	13.47	1		0	12.0616	44.2753	0	0	0	
2024-06-15 00:17:10	101	122	5	0	0	7.75	32	0	0	0	32	0	0	6.5	32	0	0	0	32	0	0	1.082		99.9942	71.3662	0.194157	0	1.94168	0.311107	15.2499	1		0.0088623	12.0616	43.1058	0	0	0	
2024-06-15 00:18:51	115	123	9	0	0	2.25	10	0	0	0	10	0	0	5.5	10	0	0	0	10	0	0	2.814		99.9933	71.5044	0.0810909	0	0.810964	0.280838	16.5602	1		0	12.0616	43.2357	0	0	0	
2024-06-15 00:24:29	159	124	1	0	0	3	13	0	0	4.75	13	0	0	1.25	13	0	0	6.5	13	0	0	0.908		99.9975	20.2829	0.0874548	0	0.87457	1.34188	9.6164	4		0.0088623	12.0616	43.2357	0	0	0	
2024-06-15 00:10:48	51	125	5	0	0	4	17	0	0	0	17	0	0	6	17	0	0	0	17	0	0	1.732		100.001	73.4858	0.115477	0	1.15476	0.13164	14.5111	1		0	12.0616	44.0154	0	0	0	
2024-06-15 00:10:55	52	126	9	0	0	4	17	0	0	0	17	0	0	4.75	17	0	0	0	17	0	0	0.649		100.001	72.725	0.351101	0	3.51098	0.265382	16.5451	1		0.0088623	12.0616	44.2753	0	0	0	
2024-06-15 00:05:33	8	127	1	0	0	0	1	0	0	0	1	0	0	2.25	1	0	0	0	1	0	0	1.948		100.008	75.5771	0.106262	0	1.06253	0.111031	15.0212	1		0.0088623	12.0705	46.8742	0	0	0	
2024-06-15 00:24:22	158	128	1	0	0	3.25	14	0	0	4.5	14	0	0	2	14	0	0	5.75	14	0	0	0.649		99.9978	19.9725	0.178575	0	1.78579	0.990691	14.0256	1		0.0088623	12.0616	43.2357	0	0	0	
2024-06-15 00:10:12	46	129	5	0	0	3	13	0	0	0	13	0	0	3.25	13	0	0	0	13	0	0	0.216		99.9997	73.2018	0.788826	0	7.88828	0.326425	12.3909	1		0.0088623	12.0705	44.2753	0	0	0	
2024-06-15 00:07:43	26	130	5	0	0	2	9	0	0	0	9	0	0	7.75	9	0	0	0	9	0	0	4.979		100.007	73.4971	0.0434332	0	0.4343	0.301937	15.6905	1		0	12.0616	45.5748	0	0	0	
2024-06-15 00:08:12	30	131	5	0	0	2	9	0	0	0	9	0	0	6.5	9	0	0	0	9	0	0	3.897		100.005	73.3299	0.0552722	0	0.552694	0.220678	15.627	1		0.0088623	12.0705	45.3149	0	0	0	
2024-06-15 00:15:54	91	132	9	0	0	7	29	0	0	0	29	0	0	5.5	29	0	0	0	29	0	0	1.299		99.995	71.5188	0.159168	0	1.59176	0.402071	15.002	1		0.0088623	12.0616	43.2357	0	0	0	
2024-06-15 00:15:00	85	133	5	0	0	7	29	0	0	0	29	0	0	4.25	29	0	0	0	29	0	0	2.381		99.9958	70.7474	0.0834464	0	0.834499	0.104255	14.4191	4		0	12.0616	43.4956	0	0	0	
2024-06-15 00:06:32	16	134	9	0	0	1	5	0	0	0	5	0	0	5	5	0	0	0	5	0	0	3.464		100.005	74.5277	0.0630631	0	0.630601	0.0590612	15.8487	1		0.0088623	12.0705	46.2245	0	0	0	
2024-06-15 00:06:39	17	135	1	0	0	1	5	0	0	0	5	0	0	3.75	5	0	0	0	5	0	0	2.381		100.007	74.0881	0.0805055	0	0.805001	0.106573	13.9094	1		0.0088623	12.0616	46.2245	0	0	0	
2024-06-15 00:14:03	77	136	1	0	0	6	25	0	0	0	25	0	0	2.75	25	0	0	0	25	0	0	2.814		99.9937	71.8471	0.071671	0	0.716755	0.0962435	14.6364	1		0	12.0705	43.4956	0	0	0	
2024-06-15 00:13:17	71	137	5	0	0	5	21	0	0	0	21	0	0	2.25	21	0	0	0	21	0	0	2.381		99.9937	72.3587	0.0806703	0	0.806754	0.0918344	13.9397	1		0	12.0705	43.7555	0	0	0	
2024-06-15 00:16:15	94	138	5	0	0	7	29	0	0	0	29	0	0	0.25	29	0	0	0	29	0	0	5.845		99.993	71.4394	0.040365	0	0.403678	0.0336385	17.1206	1		0	12.0616	43.3657	0	0	0	
2024-06-15 00:05:54	11	139	5	0	0	0	1	0	0	0	1	0	0	3.25	1	0	0	0	1	0	0	2.814		100.008	75.1218	0.0694867	0	0.694814	0.0500584	14.1883	1		0.0088623	12.0705	46.7443	0	0	0	
2024-06-15 00:09:26	40	140	9	0	0	3	13	0	0	0	13	0	0	7.25	13	0	0	0	13	0	0	3.68		100.002	73.0043	0.0695594	0	0.695581	0.012436	18.5745	2		0	11.9552	44.7951	0	0	0	
2024-06-15 00:13:31	73	141	9	0	0	6	25	0	0	0	25	0	0	6.75	25	0	0	0	25	0	0	0.649		99.9904	72.0363	0.359186	0	3.59221	0.905343	16.9279	1		0	12.0616	43.6256	0	0	0	
2024-06-15 00:18:15	110	142	9	0	0	3.75	16	0	0	0	16	0	0	4	16	0	0	0	16	0	0	0.216		100.001	71.4301	0.86198	0	8.61974	0.469099	13.5399	1		0.0088623	11.9552	43.2357	0	0	0	
2024-06-15 00:17:32	104	143	1	0	0	7.75	32	0	0	0	32	0	0	1	32	0	0	0	32	0	0	5.845		100.001	71.7541	0.0380007	0	0.380004	0.116212	16.1165	1		0	12.0616	43.2357	0	0	0	
2024-06-15 00:12:55	68	144	5	0	0	5	21	0	0	0	21	0	0	5.25	21	0	0	0	21	0	0	0.216		99.9918	72.3864	0.812058	0	8.12125	0.306712	12.7568	1		0	12.0705	43.7555	0	0	0	
2024-06-15 00:12:33	65	145	9	0	0	5	21	0	0	0	21	0	0	4	21	0	0	0	21	0	0	0.866		99.9895	72.4493	0.249336	0	2.49362	0.432126	15.6679	1		0	12.0616	43.4956	0	0	0	
2024-06-15 00:09:19	39	146	1	0	0	3	13	0	0	0	13	0	0	0.75	13	0	0	0	13	0	0	1.948		99.9986	73.8918	0.0940943	0	0.940956	0.268295	13.3025	1		0.0088623	12.0705	44.7951	0	0	0	
2024-06-15 00:07:22	23	147	5	0	0	1	5	0	0	0	5	0	0	1.75	5	0	0	0	5	0	0	0.649		100.01	73.4648	0.311893	0	3.11861	0.217365	14.6961	1		0.0088623	12.0616	45.5748	0	0	0	
2024-06-15 00:10:40	50	148	1	0	0	4	17	0	0	0	17	0	0	2	17	0	0	0	17	0	0	1.732		100.002	73.1647	0.109116	0	1.09114	0.21698	13.7117	1		0	12.0616	44.1454	0	0	0	
2024-06-15 00:16:37	97	149	5	0	0	7.75	32	0	0	0	32	0	0	5.75	32	0	0	0	32	0	0	1.732		99.9938	71.6365	0.112998	0	1.13005	0.747911	14.2007	1		0	12.0616	43.2357	0	0	0	
2024-06-15 00:16:52	99	150	5	0	0	7.75	32	0	0	0	32	0	0	4.5	32	0	0	0	32	0	0	2.814		99.9945	71.7705	0.0682283	0	0.682321	0.0153429	13.9332	1		0.0088623	12.0705	43.2357	0	0	0	
2024-06-15 00:20:21	127	151	1	0	0	2.25	10	0	0	0	10	0	0	3.5	10	0	0	0	10	0	0	1.082		99.9952	71.3417	0.180072	0	1.8008	0.287826	14.1435	1		0	12.0616	43.2357	0	0	0	
2024-06-15 00:19:36	121	152	9	0	0	0.25	2	0	0	0	2	0	0	7.5	2	0	0	0	2	0	0	6.278		99.9946	70.4698	0.0378959	0	0.378979	0.0733663	17.2637	1		0	11.9552	42.9758	0	0	0	
2024-06-15 00:14:39	82	153	5	0	0	6	25	0	0	0	25	0	0	1.75	25	0	0	0	25	0	0	3.68		99.9942	71.6671	0.0636093	0	0.636129	0.535718	16.9869	1		0	12.0616	43.4956	0	0	0	
2024-06-15 00:11:10	54	154	9	0	0	4	17	0	0	0	17	0	0	5.25	17	0	0	0	17	0	0	1.082		99.9952	72.6239	0.195376	0	1.95385	0.320082	15.3455	1		0	12.0616	44.1454	0	0	0	
2024-06-15 00:05:26	7	155	1	0	0	0	1	0	0	0	1	0	0	1.5	1	0	0	0	1	0	0	1.299		100.01	75.8142	0.143517	0	1.43503	0.0657468	13.5248	1		0	12.0616	47.1341	0	0	0	
2024-06-15 00:09:12	38	156	1	0	0	3	13	0	0	0	13	0	0	2.5	13	0	0	0	13	0	0	0.433		99.999	73.7682	0.462874	0	4.62879	0.556467	14.5418	1		0	12.0616	44.6651	0	0	0	
2024-06-15 00:08:18	31	157	9	0	0	2	9	0	0	0	9	0	0	5.75	9	0	0	0	9	0	0	3.247		100.007	72.7093	0.0653452	0	0.653409	0.19294	15.3956	2		0	12.0616	45.1849	0	0	0	
2024-06-15 00:07:50	27	158	9	0	0	2	9	0	0	0	9	0	0	4.5	9	0	0	0	9	0	0	2.165		100.009	73.7742	0.0894865	0	0.894788	0.062052	14.0553	1		0	12.0616	45.3149	0	0	0	
2024-06-15 00:15:54	91	159	1	0	0	7	29	0	0	0	29	0	0	3.5	29	0	0	0	29	0	0	3.031		99.995	71.5188	0.0652866	0	0.652899	0.269422	14.358	1		0.0088623	12.0616	43.2357	0	0	0	
2024-06-15 00:06:46	18	160	1	0	0	1	5	0	0	0	5	0	0	3	5	0	0	0	5	0	0	1.732		100.005	73.8618	0.106833	0	1.06827	0.0975846	13.4243	1		0.0088623	12.0616	45.9646	0	0	0	
2024-06-15 00:04:55	3	161	5	0	0	0	1	0	0	0	1	0	0	7.25	1	0	0	0	1	0	0	6.278		100.011	77.049	0.0409329	0	0.409284	0.275419	18.6442	2		0.0088623	12.0616	47.7838	0	0	0	
2024-06-15 00:13:17	71	162	1	0	0	5	21	0	0	0	21	0	0	1.5	21	0	0	0	21	0	0	3.031		99.9937	72.3587	0.0662192	0	0.662234	0.242211	14.5633	1		0	12.0705	43.7555	0	0	0	
2024-06-15 00:08:58	36	163	1	0	0	2	9	0	0	0	9	0	0	1.25	9	0	0	0	9	0	0	0.649		100.002	73.1275	0.302629	0	3.02624	0.263277	14.2608	1		0.0088623	12.0616	44.925	0	0	0	
2024-06-15 00:22:52	146	164	1	0	0	1.5	7	0	0	0	7	0	0	0.25	7	0	0	0	7	0	0	1.082		100.002	69.5931	0.176807	0	1.76803	0.13373	13.8861	1		0	12.0616	43.1058	0	0	0	
2024-06-15 00:04:55	3	165	1	0	0	0	1	0	0	0	1	0	0	2.5	1	0	0	0	1	0	0	2.165		100.011	77.049	0.0888025	0	0.887929	0.146036	13.9475	2		0.0088623	12.0616	47.7838	0	0	0	
2024-06-15 00:22:10	140	166	1	0	0	6.25	26	0	0	0	26	0	0	1.5	26	0	0	0	26	0	0	4.113		99.9948	70.9492	0.0555401	0	0.555429	0.695231	16.5769	1		0	12.0616	43.2357	0	0	0	
2024-06-15 00:23:51	154	167	9	0	0	7.25	30	0	0	0	30	0	0	6.5	30	0	0	0	30	0	0	0.649		99.9952	70.986	0.336341	0	3.36357	0.609371	15.8505	1		0	12.0616	42.9758	0	0	0	
2024-06-15 00:09:26	40	168	5	0	0	3	13	0	0	0	13	0	0	7.75	13	0	0	0	13	0	0	4.113		100.002	73.0043	0.0500587	0	0.500577	0.1782	14.9398	2		0	11.9552	44.7951	0	0	0	
2024-06-15 00:09:50	43	169	9	0	0	3	13	0	0	0	13	0	0	6.5	13	0	0	0	13	0	0	3.031		99.9984	73.4647	0.068621	0	0.686221	0.33252	15.0908	1		0	12.0705	44.5352	0	0	0	
2024-06-15 00:06:08	13	170	9	0	0	1	5	0	0	0	5	0	0	7	5	0	0	0	5	0	0	5.195		100.003	74.4118	0.0456023	0	0.456007	0.0768518	17.1911	1		0.0088623	12.0705	46.4844	0	0	0	
2024-06-15 00:14:03	77	171	5	0	0	6	25	0	0	0	25	0	0	4.75	25	0	0	0	25	0	0	1.082		99.9937	71.8471	0.196434	0	1.96446	0.367364	15.4288	1		0	12.0705	43.4956	0	0	0	
2024-06-15 00:17:46	106	172	5	0	0	7.75	32	0	0	0	32	0	0	0.25	32	0	0	0	32	0	0	6.494		99.9973	71.5676	0.0340817	0	0.340826	0.144903	16.0611	1		0	12.0616	43.2357	0	0	0	
2024-06-15 00:13:02	69	173	5	0	0	5	21	0	0	0	21	0	0	3.25	21	0	0	0	21	0	0	1.515		99.9899	72.3059	0.126163	0	1.26176	0.160207	13.8738	1		0.0088623	12.0616	43.7555	0	0	0	
2024-06-15 00:09:36	41	174	1	0	0	3	13	0	0	0	13	0	0	0	13	0	0	0	13	0	0	2.598		99.9997	73.4655	0.076239	0	0.762392	0.10207	14.3707	1		0	12.0616	44.6651	0	0	0	
2024-06-15 00:18:22	111	175	9	0	0	3.5	15	0	0	0	15	0	0	4.25	15	0	0	0	15	0	0	0.649		99.996	71.1513	0.33784	0	3.37853	0.281481	15.921	1		0	11.9552	43.2357	0	0	0	
2024-06-15 00:10:55	52	176	1	0	0	4	17	0	0	0	17	0	0	1.25	17	0	0	0	17	0	0	2.381		100.001	72.725	0.0802895	0	0.802888	0.0224419	13.8729	1		0.0088623	12.0616	44.2753	0	0	0	
2024-06-15 00:16:59	100	177	9	0	0	7.75	32	0	0	0	32	0	0	5	32	0	0	0	32	0	0	2.381		99.995	71.2183	0.0799774	0	0.799813	0.10101	13.8198	2		0	12.0616	43.2357	0	0	0	
2024-06-15 00:16:37	97	178	1	0	0	7.75	32	0	0	0	32	0	0	3.75	32	0	0	0	32	0	0	3.464		99.9938	71.6365	0.0558366	0	0.558401	0.488013	14.0342	1		0	12.0616	43.2357	0	0	0	
2024-06-15 00:25:25	164	179	1	0	0	1.25	6	0	0	6.5	6	0	0	3	6	0	0	4.75	6	0	0	0.908		99.9977	20.0941	0.103131	0	1.03133	0.0302325	11.3401	2		0	12.0616	43.2357	0	0	0	
2024-06-15 00:14:46	83	180	1	0	0	6	25	0	0	0	25	0	0	1	25	0	0	0	25	0	0	4.33		99.9912	71.6898	0.0569571	0	0.569621	0.152862	17.8952	1		0	11.9464	43.4956	0	0	0	
2024-06-15 00:11:39	58	181	5	0	0	4	17	0	0	0	17	0	0	3.25	17	0	0	0	17	0	0	0.649		99.9982	72.135	0.338924	0	3.3893	0.257414	15.9717	1		0.0088623	12.0705	44.0154	0	0	0	
2024-06-15 00:05:05	4	182	1	0	0	0	1	0	0	0	1	0	0	0.75	1	0	0	0	1	0	0	0.649		100.007	76.82	0.319355	0	3.19332	0.208898	15.0482	1		0	12.0705	47.5239	0	0	0	
2024-06-15 00:24:51	161	183	1	0	0	3.5	15	0	0	4.25	15	0	0	3.75	15	0	0	4	15	0	0	0.13		99.9977	19.2242	0.563586	0	5.63599	0.233451	8.853	2		0.0088623	12.0616	43.1058	0	0	0	
2024-06-15 00:07:58	28	184	9	0	0	2	9	0	0	0	9	0	0	5	9	0	0	0	9	0	0	2.598		100.006	73.5253	0.0770897	0	0.770853	0.228898	14.5302	1		0	12.0705	45.3149	0	0	0	
2024-06-15 00:07:43	26	185	1	0	0	2	9	0	0	0	9	0	0	3.75	9	0	0	0	9	0	0	1.515		100.007	73.4971	0.130015	0	1.30006	0.195538	14.2949	1		0	12.0616	45.5748	0	0	0	
2024-06-15 00:16:23	95	186	5	0	0	7	29	0	0	0	29	0	0	2.75	29	0	0	0	29	0	0	3.68		99.9958	71.8447	0.0560515	0	0.560538	0.176561	14.9684	1		0	12.0616	43.3657	0	0	0	
2024-06-15 00:16:23	95	187	1	0	0	7	29	0	0	0	29	0	0	2.25	29	0	0	0	29	0	0	4.113		99.9958	71.8447	0.0515158	0	0.51518	0.215529	15.3756	1		0	12.0616	43.3657	0	0	0	
2024-06-15 00:04:33	1	188	5	0	0	0	1	0	0	0	1	0	0	7.75	1	0	0	0	1	0	0	6.711		100.008	79.1542	0.0352844	0	0.352816	0.251443	17.1803	2		0	12.035	48.0437	0	0	0	
2024-06-15 00:05:12	5	189	5	0	0	0	1	0	0	0	1	0	0	6.5	1	0	0	0	1	0	0	5.628		100.008	76.4506	0.0420142	0	0.420108	0.0786498	17.1575	1		0.0088623	12.0705	47.394	0	0	0	
2024-06-15 00:12:18	63	190	1	0	0	5	21	0	0	0	21	0	0	0.75	21	0	0	0	21	0	0	3.68		99.988	72.3788	0.0590402	0	0.590473	0.335957	15.7677	1		0	12.0616	43.8855	0	0	0	
2024-06-15 00:12:01	61	191	5	0	0	5	21	0	0	0	21	0	0	7.25	21	0	0	0	21	0	0	1.948		99.9954	71.9447	0.121224	0	1.21229	0.328521	17.1384	2		0.0088623	12.0616	43.8855	0	0	0	
2024-06-15 00:23:44	153	192	9	0	0	5.75	24	0	0	0	24	0	0	4	24	0	0	0	24	0	0	1.515		99.994	70.6538	0.131041	0	1.31049	0.284954	14.4096	1		0.0088623	12.0705	43.2357	0	0	0	
2024-06-15 00:20:36	129	193	9	0	0	4.5	19	0	0	0	19	0	0	5.25	19	0	0	0	19	0	0	0.649		99.9937	71.2299	0.336363	0	3.36384	0.40936	15.8517	1		0	12.0616	43.1058	0	0	0	
2024-06-15 00:25:01	162	194	1	0	0	2.75	12	0	0	5	12	0	0	3.5	12	0	0	4.25	12	0	0	0.389		99.9977	19.9661	0.325833	0	3.2584	0.915708	15.3549	3		0.0088623	12.0705	43.2357	0	0	0	
2024-06-15 00:08:43	34	195	5	0	0	2	9	0	0	0	9	0	0	0.5	9	0	0	0	9	0	0	1.299		100.003	72.7772	0.143109	0	1.43104	0.243114	13.4872	1		0.0088623	12.0616	45.055	0	0	0	
2024-06-15 00:19:26	120	196	9	0	0	0.5	3	0	0	0	3	0	0	7.25	3	0	0	0	3	0	0	5.845		99.9929	70.5879	0.088295	0	0.883013	0.310731	37.4499	2		0	12.0616	43.2357	0	0	0	
2024-06-15 00:10:33	49	197	5	0	0	4	17	0	0	0	17	0	0	7.25	17	0	0	0	17	0	0	2.814		99.9981	72.8335	0.0805228	0	0.805243	0.82489	16.4433	1		0	11.9552	44.2753	0	0	0	
2024-06-15 00:09:19	39	198	5	0	0	3	13	0	0	0	13	0	0	5.75	13	0	0	0	13	0	0	2.381		99.9986	73.8918	0.0811449	0	0.81146	0.192742	14.021	1		0.0088623	12.0705	44.7951	0	0	0	
2024-06-15 00:09:57	44	199	9	0	0	3	13	0	0	0	13	0	0	4.5	13	0	0	0	13	0	0	1.299		99.9988	73.0892	0.150708	0	1.5071	0.234571	14.2041	1		0.0088623	11.9464	44.5352	0	0	0	
2024-06-15 00:16:01	92	200	5	0	0	7	29	0	0	0	29	0	0	6.75	29	0	0	0	29	0	0	0.216		99.9916	71.3755	0.81503	0	8.15098	0.458521	12.8035	1		0	12.0616	43.2357	0	0	0	
2024-06-15 00:06:15	14	201	9	0	0	1	5	0	0	0	5	0	0	7.5	5	0	0	0	5	0	0	5.628		100.005	73.6983	0.0419406	0	0.419386	0.104712	17.128	2		0.0088623	12.0616	46.3544	0	0	0	
2024-06-15 00:06:39	17	202	9	0	0	1	5	0	0	0	5	0	0	6.25	5	0	0	0	5	0	0	4.546		100.007	74.0881	0.0533847	0	0.533811	0.0399044	17.6087	1		0.0088623	12.0616	46.2245	0	0	0	
2024-06-15 00:14:18	79	203	9	0	0	6	25	0	0	0	25	0	0	5.25	25	0	0	0	25	0	0	0.649		99.9966	71.9107	0.343316	0	3.43328	0.448865	16.179	1		0	12.0616	43.6256	0	0	0	
2024-06-15 00:13:31	73	204	5	0	0	6	25	0	0	0	25	0	0	4	25	0	0	0	25	0	0	1.732		99.9904	72.0363	0.113657	0	1.13668	0.489422	14.2839	1		0	12.0616	43.6256	0	0	0	
2024-06-15 00:13:23	72	205	5	0	0	5	21	0	0	0	21	0	0	2.5	21	0	0	0	21	0	0	2.165		99.9938	72.0291	0.0926777	0	0.926835	0.0928634	14.5587	1		0	12.0616	43.6256	0	0	0	
2024-06-15 00:07:08	21	206	1	0	0	1	5	0	0	0	5	0	0	0.25	5	0	0	0	5	0	0	0.649		100.009	73.6704	0.320332	0	3.20301	0.255569	15.0938	1		0.0088623	12.0705	45.8346	0	0	0	
2024-06-15 00:11:32	57	207	1	0	0	4	17	0	0	0	17	0	0	0.5	17	0	0	0	17	0	0	3.031		99.9965	72.2825	0.0667965	0	0.667989	0.320049	14.6898	1		0.0088623	11.9552	44.0154	0	0	0	
2024-06-15 00:17:39	105	208	1	0	0	7.75	32	0	0	0	32	0	0	3	32	0	0	0	32	0	0	4.113		99.9958	72.2887	0.0479821	0	0.479841	0.152986	14.3209	1		0	12.0616	43.2357	0	0	0	
2024-06-15 00:14:53	84	209	5	0	0	6	25	0	0	0	25	0	0	0.25	25	0	0	0	25	0	0	4.979		99.997	71.563	0.0467666	0	0.46768	0.599456	16.8965	1		0.0088623	12.0616	43.4956	0	0	0	
2024-06-15 00:21:37	137	210	1	0	0	5.25	22	0	0	0	22	0	0	2.5	22	0	0	0	22	0	0	2.381		99.9952	69.8348	0.138357	0	1.38364	2.77436	23.9075	4		0.0088623	12.0616	43.2357	0	0	0	
2024-06-15 00:11:02	53	211	1	0	0	4	17	0	0	0	17	0	0	2.5	17	0	0	0	17	0	0	1.299		99.9983	73.1211	0.14958	0	1.49583	0.37253	14.0979	1		0.0088623	12.0616	44.1454	0	0	0	
2024-06-15 00:08:05	29	212	1	0	0	2	9	0	0	0	9	0	0	3	9	0	0	0	9	0	0	0.866		100.005	73.3218	0.232018	0	2.32007	0.247683	14.5774	1		0	12.0705	45.3149	0	0	0	
2024-06-15 00:16:01	92	213	1	0	0	7	29	0	0	0	29	0	0	1.5	29	0	0	0	29	0	0	4.762		99.9916	71.3755	0.047593	0	0.47597	0.280315	16.4483	1		0	12.0616	43.2357	0	0	0	
2024-06-15 00:05:19	6	214	9	0	0	0	1	0	0	0	1	0	0	5.75	1	0	0	0	1	0	0	4.979		100.012	76.2356	0.0465096	0	0.465041	0.592909	16.8011	1		0.0088623	11.9552	47.264	0	0	0	
2024-06-15 00:05:19	6	215	5	0	0	0	1	0	0	0	1	0	0	4.5	1	0	0	0	1	0	0	3.897		100.012	76.2356	0.0545162	0	0.545097	0.431226	15.4123	1		0.0088623	11.9552	47.264	0	0	0	
2024-06-15 00:13:09	70	216	5	0	0	5	21	0	0	0	21	0	0	0	21	0	0	0	21	0	0	4.33		99.9942	72.2771	0.0511781	0	0.511811	0.290901	16.079	1		0	12.0616	43.6256	0	0	0	
2024-06-15 00:16:59	100	217	1	0	0	7.75	32	0	0	0	32	0	0	2.25	32	0	0	0	32	0	0	4.762		99.995	71.2183	0.0427646	0	0.427668	0.210408	14.7791	2		0	12.0616	43.2357	0	0	0	
2024-06-15 00:12:40	66	218	5	0	0	5	21	0	0	0	21	0	0	7.75	21	0	0	0	21	0	0	2.381		99.9886	72.4928	0.0825945	0	0.826038	0.00861827	14.2729	1		0.0088623	12.0616	43.7555	0	0	0	
2024-06-15 00:12:18	63	219	5	0	0	5	21	0	0	0	21	0	0	6.5	21	0	0	0	21	0	0	1.299		99.988	72.3788	0.162035	0	1.62054	0.0462377	15.2732	1		0	12.0616	43.8855	0	0	0	
2024-06-15 00:09:26	40	220	1	0	0	3	13	0	0	0	13	0	0	2	13	0	0	0	13	0	0	0.866		100.002	73.0043	0.230342	0	2.30338	0.00776243	14.4726	2		0	11.9552	44.7951	0	0	0	
2024-06-15 00:21:23	135	221	1	0	0	4.5	19	0	0	0	19	0	0	3.25	19	0	0	0	19	0	0	1.082		99.9935	70.774	0.188262	0	1.88275	0.550891	14.7871	1		0.0088623	12.0616	43.2357	0	0	0	
2024-06-15 00:17:17	102	222	5	0	0	7.75	32	0	0	0	32	0	0	7	32	0	0	0	32	0	0	0.649		99.9972	71.3973	0.342628	0	3.42638	0.358577	16.1464	1		0.0088623	12.0616	43.2357	0	0	0	
2024-06-15 00:23:36	152	223	9	0	0	5.5	23	0	0	0	23	0	0	4.25	23	0	0	0	23	0	0	1.082		99.9944	70.2229	0.193227	0	1.93238	0.384702	15.1769	1		0	12.0616	43.1058	0	0	0	
2024-06-15 00:22:24	142	224	1	0	0	6.75	28	0	0	0	28	0	0	1	28	0	0	0	28	0	0	4.979		99.9967	70.5327	0.0512041	0	0.512058	0.494315	18.4998	1		0	12.0616	43.2357	0	0	0	
2024-06-15 00:20:43	130	225	9	0	0	4.25	18	0	0	0	18	0	0	5.5	18	0	0	0	18	0	0	1.082		99.9952	71.9084	0.194125	0	1.94135	0.288029	15.2473	1		0	12.0705	43.1058	0	0	0	
2024-06-15 00:11:17	55	226	5	0	0	4	17	0	0	0	17	0	0	7.75	17	0	0	0	17	0	0	3.247		100.002	72.3783	0.0615065	0	0.615054	0.286758	14.4919	1		0	12.0616	44.1454	0	0	0	
2024-06-15 00:11:02	53	227	5	0	0	4	17	0	0	0	17	0	0	6.5	17	0	0	0	17	0	0	2.165		99.9983	73.1211	0.0922409	0	0.922425	0.0721155	14.4894	1		0.0088623	12.0616	44.1454	0	0	0	
2024-06-15 00:09:36	41	228	9	0	0	3	13	0	0	0	13	0	0	5	13	0	0	0	13	0	0	1.732		99.9997	73.4655	0.110679	0	1.10679	0.0976972	13.9084	1		0	12.0616	44.6651	0	0	0	
2024-06-15 00:09:50	43	229	1	0	0	3	13	0	0	0	13	0	0	3.75	13	0	0	0	13	0	0	0.649		99.9984	73.4647	0.327457	0	3.27463	0.366333	15.4313	1		0	12.0705	44.5352	0	0	0	
2024-06-15 00:08:30	32	230	5	0	0	2	9	0	0	0	9	0	0	7	9	0	0	0	9	0	0	4.33		100.004	72.8902	0.0503777	0	0.503758	0.122198	15.826	1		0	12.0705	44.925	0	0	0	
2024-06-15 00:15:00	85	231	9	0	0	7	29	0	0	0	29	0	0	6	29	0	0	0	29	0	0	0.866		99.9958	70.7474	0.253738	0	2.53748	1.12557	15.9435	4		0	12.0616	43.4956	0	0	0	
2024-06-15 00:15:47	90	232	9	0	0	7	29	0	0	0	29	0	0	4.75	29	0	0	0	29	0	0	1.948		99.9921	71.6824	0.101897	0	1.01905	0.112538	14.4065	1		0	12.0616	43.3657	0	0	0	
2024-06-15 00:06:46	18	233	9	0	0	1	5	0	0	0	5	0	0	5.5	5	0	0	0	5	0	0	3.897		100.005	73.8618	0.0613668	0	0.613635	0.0732398	17.3501	1		0.0088623	12.0616	45.9646	0	0	0	
2024-06-15 00:06:25	15	234	5	0	0	1	5	0	0	0	5	0	0	4.25	5	0	0	0	5	0	0	2.814		100.005	73.8094	0.0724963	0	0.724929	0.0885628	14.8033	1		0	12.0439	46.2245	0	0	0	
2024-06-15 00:14:39	82	235	1	0	0	6	25	0	0	0	25	0	0	3.25	25	0	0	0	25	0	0	2.381		99.9942	71.6671	0.0826925	0	0.826973	0.0183228	14.2891	1		0	12.0616	43.4956	0	0	0	
2024-06-15 00:20:00	124	236	1	0	0	0.25	2	0	0	0	2	0	0	1.5	2	0	0	0	2	0	0	1.082		99.9963	70.3397	0.174769	0	1.74775	0.92332	13.7268	1		0	11.9552	43.2357	0	0	0	
2024-06-15 00:16:15	94	237	1	0	0	7	29	0	0	0	29	0	0	0.75	29	0	0	0	29	0	0	5.412		99.993	71.4394	0.0438179	0	0.43821	0.00918424	17.2085	1		0	12.0616	43.3657	0	0	0	
2024-06-15 00:04:48	2	238	5	0	0	0	1	0	0	0	1	0	0	5	1	0	0	0	1	0	0	4.33		100.007	78.2076	0.0508873	0	0.508839	0.35013	15.9857	1		0	12.0616	47.9138	0	0	0	
2024-06-15 00:05:47	10	239	5	0	0	0	1	0	0	0	1	0	0	3.75	1	0	0	0	1	0	0	3.247		100.007	75.385	0.0624779	0	0.624733	0.115174	14.7199	1		0.0088623	12.0705	46.8742	0	0	0	
2024-06-15 00:23:58	155	240	9	0	0	7.5	31	0	0	0	31	0	0	6.25	31	0	0	0	31	0	0	1.082		99.9919	69.9147	0.190587	0	1.90602	0.0388102	14.9699	2		0.0088623	12.0616	43.2357	0	0	0	
2024-06-15 00:21:08	133	241	9	0	0	6.25	26	0	0	0	26	0	0	7.5	26	0	0	0	26	0	0	1.082		99.9904	71.0133	0.191207	0	1.91226	0.141484	15.0188	1		0.0088623	12.0705	43.1058	0	0	0	
2024-06-15 00:13:45	75	242	9	0	0	6	25	0	0	0	25	0	0	7.25	25	0	0	0	25	0	0	1.082		99.9923	71.6887	0.239208	0	2.39227	0.158132	18.7888	2		0	12.0616	43.4956	0	0	0	
2024-06-15 00:18:08	109	243	1	0	0	7.75	32	0	0	0	32	0	0	1.5	32	0	0	0	32	0	0	5.412		100.001	71.8294	0.0391388	0	0.391385	0.335073	15.3696	1		0	12.0616	42.9758	0	0	0	
2024-06-15 00:12:11	62	244	5	0	0	5	21	0	0	0	21	0	0	5.75	21	0	0	0	21	0	0	0.649		99.9944	72.3053	0.342953	0	3.42972	0.380409	16.1622	1		0.0088623	12.0616	43.8855	0	0	0	
2024-06-15 00:12:47	67	245	5	0	0	5	21	0	0	0	21	0	0	4.5	21	0	0	0	21	0	0	0.433		99.986	72.2809	0.486725	0	4.86793	0.374196	15.2931	1		0	12.0616	43.7555	0	0	0	
2024-06-15 00:09:05	37	246	1	0	0	3	13	0	0	0	13	0	0	1.25	13	0	0	0	13	0	0	1.515		100.004	73.8	0.120517	0	1.20512	0.448584	13.251	1		0	12.0439	44.5352	0	0	0	
2024-06-15 00:07:28	24	247	5	0	0	1	5	0	0	0	5	0	0	2.25	5	0	0	0	5	0	0	1.082		100.008	73.5216	0.173422	0	1.73408	0.145276	13.6194	1		0	11.9552	45.5748	0	0	0	
2024-06-15 00:19:50	123	248	1	0	0	0.5	3	0	0	0	3	0	0	1.25	3	0	0	0	3	0	0	0.649		99.9951	70.6607	0.320959	0	3.20975	0.0758626	15.1256	2		0	12.0705	43.1058	0	0	0	
2024-06-15 00:18:44	114	249	9	0	0	2.5	11	0	0	0	11	0	0	5.25	11	0	0	0	11	0	0	2.381		99.9962	70.9398	0.0906247	0	0.906281	0.928672	15.6594	1		0	12.0616	43.2357	0	0	0	
2024-06-15 00:16:44	98	250	9	0	0	7.75	32	0	0	0	32	0	0	7.5	32	0	0	0	32	0	0	0.216		99.9907	71.7575	0.860536	0	8.60616	0.564765	13.5185	1		0	12.0616	43.2357	0	0	0	
2024-06-15 00:17:24	103	251	9	0	0	7.75	32	0	0	0	32	0	0	6.25	32	0	0	0	32	0	0	1.299		99.9968	71.3245	0.158246	0	1.58251	0.27194	14.9148	1		0	12.0616	43.2357	0	0	0	
2024-06-15 00:21:15	134	252	1	0	0	4.25	18	0	0	0	18	0	0	3.5	18	0	0	0	18	0	0	0.649		99.9952	70.7821	0.33947	0	3.39486	0.22536	15.9979	1		0	12.0616	42.9758	0	0	0	
2024-06-15 00:14:10	78	253	1	0	0	6	25	0	0	0	25	0	0	2.25	25	0	0	0	25	0	0	3.247		99.9976	72.0162	0.0641426	0	0.641442	0.396971	15.1136	1		0.0088623	12.0705	43.3657	0	0	0	
2024-06-15 00:23:29	151	254	9	0	0	5.25	22	0	0	0	22	0	0	4.5	22	0	0	0	22	0	0	0.649		99.9962	70.8306	0.336917	0	3.36929	0.287414	15.8774	1		0	12.0616	42.9758	0	0	0	
2024-06-15 00:11:02	53	255	9	0	0	4	17	0	0	0	17	0	0	5.75	17	0	0	0	17	0	0	1.515		99.9983	73.1211	0.132117	0	1.32119	0.0793323	14.5273	1		0.0088623	12.0616	44.1454	0	0	0	
2024-06-15 00:10:40	50	256	5	0	0	4	17	0	0	0	17	0	0	4.5	17	0	0	0	17	0	0	0.433		100.002	73.1647	0.525586	0	5.25578	0.256632	16.5115	1		0	12.0616	44.1454	0	0	0	
2024-06-15 00:05:12	5	257	1	0	0	0	1	0	0	0	1	0	0	2	1	0	0	0	1	0	0	1.732		100.008	76.4506	0.136324	0	1.36313	0.394617	17.1296	1		0.0088623	12.0705	47.394	0	0	0	
2024-06-15 00:07:43	26	258	9	0	0	2	9	0	0	0	9	0	0	7.5	9	0	0	0	9	0	0	4.762		100.007	73.4971	0.0466626	0	0.466592	0.502956	16.1243	1		0	12.0616	45.5748	0	0	0	
2024-06-15 00:08:12	30	259	9	0	0	2	9	0	0	0	9	0	0	6.25	9	0	0	0	9	0	0	3.68		100.005	73.3299	0.0585127	0	0.585097	0.17843	15.6242	1		0.0088623	12.0705	45.3149	0	0	0	
2024-06-15 00:15:29	88	260	9	0	0	7	29	0	0	0	29	0	0	5.25	29	0	0	0	29	0	0	1.515		99.9945	71.2035	0.132724	0	1.32731	0.0149668	14.5945	2		0	12.0616	43.3657	0	0	0	
2024-06-15 00:15:22	87	261	5	0	0	7	29	0	0	0	29	0	0	4	29	0	0	0	29	0	0	2.598		99.9919	71.9786	0.0760358	0	0.760419	0.0983358	14.3336	1		0.0088623	12.0616	43.3657	0	0	0	
2024-06-15 00:07:22	23	262	1	0	0	1	5	0	0	0	5	0	0	3.5	5	0	0	0	5	0	0	2.165		100.01	73.4648	0.0853624	0	0.853539	0.103641	13.4074	1		0.0088623	12.0616	45.5748	0	0	0	
2024-06-15 00:14:53	84	263	1	0	0	6	25	0	0	0	25	0	0	2.5	25	0	0	0	25	0	0	3.031		99.997	71.563	0.0727961	0	0.727982	0.19757	16.0092	1		0.0088623	12.0616	43.4956	0	0	0	
2024-06-15 00:23:22	150	264	1	0	0	3.75	16	0	0	0	16	0	0	2	16	0	0	0	16	0	0	1.515		99.9928	70.7299	0.129626	0	1.29635	0.0283076	14.2542	1		0	12.0616	42.9758	0	0	0	
2024-06-15 00:12:55	68	265	1	0	0	5	21	0	0	0	21	0	0	2	21	0	0	0	21	0	0	2.598		99.9918	72.3864	0.0772573	0	0.772636	0.177167	14.5638	1		0	12.0705	43.7555	0	0	0	
2024-06-15 00:08:30	32	266	1	0	0	2	9	0	0	0	9	0	0	1.75	9	0	0	0	9	0	0	0.216		100.004	72.8902	0.759609	0	7.59581	0.235772	11.9315	1		0	12.0705	44.925	0	0	0	
2024-06-15 00:15:22	87	267	1	0	0	7	29	0	0	0	29	0	0	0	29	0	0	0	29	0	0	6.061		99.9919	71.9786	0.0401359	0	0.401391	0.119563	17.6541	1		0.0088623	12.0616	43.3657	0	0	0	
2024-06-15 00:04:33	1	268	1	0	0	0	1	0	0	0	1	0	0	3	1	0	0	0	1	0	0	2.598		100.008	79.1542	0.0758696	0	0.758636	0.0588033	14.2999	2		0	12.035	48.0437	0	0	0	
2024-06-15 00:09:12	38	269	5	0	0	3	13	0	0	0	13	0	0	7	13	0	0	0	13	0	0	3.464		99.999	73.7682	0.0596812	0	0.596818	0.0872945	14.9997	1		0	12.0616	44.6651	0	0	0	
2024-06-15 00:14:10	78	270	5	0	0	6	25	0	0	0	25	0	0	7.75	25	0	0	0	25	0	0	1.515		99.9976	72.0162	0.136799	0	1.36802	0.356508	15.0422	1		0.0088623	12.0705	43.3657	0	0	0	
2024-06-15 00:14:18	79	271	5	0	0	6	25	0	0	0	25	0	0	6.5	25	0	0	0	25	0	0	0.433		99.9966	71.9107	0.53039	0	5.30409	0.406905	16.6633	1		0	12.0616	43.6256	0	0	0	
2024-06-15 00:18:00	108	272	5	0	0	7.75	32	0	0	0	32	0	0	0.75	32	0	0	0	32	0	0	6.061		100	71.6808	0.0363589	0	0.363588	0.242039	15.9914	1		0	12.0616	43.1058	0	0	0	
2024-06-15 00:12:47	67	273	1	0	0	5	21	0	0	0	21	0	0	3.75	21	0	0	0	21	0	0	1.082		99.986	72.2809	0.189607	0	1.89634	0.235884	14.8938	1		0	12.0616	43.7555	0	0	0	
2024-06-15 00:10:18	47	274	1	0	0	3	13	0	0	0	13	0	0	0.5	13	0	0	0	13	0	0	2.165		99.9991	73.2525	0.0872345	0	0.872353	0.0958708	13.7029	1		0.0088623	12.0705	44.2753	0	0	0	
2024-06-15 00:06:15	14	275	1	0	0	1	5	0	0	0	5	0	0	1.5	5	0	0	0	5	0	0	0.433		100.005	73.6983	0.467125	0	4.67103	0.00105234	14.6745	2		0.0088623	12.0616	46.3544	0	0	0	
2024-06-15 00:25:15	163	276	1	0	0	2	9	0	0	5.75	9	0	0	3.25	9	0	0	4.5	9	0	0	0.649		100.001	19.9246	0.173311	0	1.73309	0.179235	13.6116	2		0	12.0616	43.2357	0	0	0	
2024-06-15 00:11:54	60	277	5	0	0	4	17	0	0	0	17	0	0	1.75	17	0	0	0	17	0	0	1.948		99.9981	72.3406	0.0963485	0	0.963503	0.031655	13.6212	1		0	11.9552	44.0154	0	0	0	
2024-06-15 00:20:14	126	278	1	0	0	2.5	11	0	0	0	11	0	0	3.25	11	0	0	0	11	0	0	0.649		99.9949	70.5053	0.316576	0	3.16592	0.568911	14.919	1		0.0088623	12.0616	43.2357	0	0	0	
2024-06-15 00:17:24	103	279	5	0	0	7.75	32	0	0	0	32	0	0	5.5	32	0	0	0	32	0	0	1.948		99.9968	71.3245	0.100044	0	1.00047	0.222095	14.1438	1		0	12.0616	43.2357	0	0	0	
2024-06-15 00:17:10	101	280	9	0	0	7.75	32	0	0	0	32	0	0	4.25	32	0	0	0	32	0	0	3.031		99.9942	71.3662	0.0636695	0	0.636732	0.158159	14.0025	1		0.0088623	12.0616	43.1058	0	0	0	
2024-06-15 00:14:25	80	281	1	0	0	6	25	0	0	0	25	0	0	1.5	25	0	0	0	25	0	0	3.897		99.9939	71.7561	0.0565159	0	0.565193	0.150876	15.9805	1		0	11.9552	43.4956	0	0	0	
2024-06-15 00:10:55	52	282	5	0	0	4	17	0	0	0	17	0	0	5	17	0	0	0	17	0	0	0.866		100.001	72.725	0.251642	0	2.5164	0.195313	15.811	1		0.0088623	12.0616	44.2753	0	0	0	
2024-06-15 00:10:48	51	283	1	0	0	4	17	0	0	0	17	0	0	3.75	17	0	0	0	17	0	0	0.216		100.001	73.4858	0.858141	0	8.58135	0.355405	13.4796	1		0	12.0616	44.0154	0	0	0	
2024-06-15 00:05:19	6	284	1	0	0	0	1	0	0	0	1	0	0	1.25	1	0	0	0	1	0	0	1.082		100.012	76.2356	0.175837	0	1.75816	0.0118892	13.8086	1		0.0088623	11.9552	47.264	0	0	0	
2024-06-15 00:08:18	31	285	5	0	0	2	9	0	0	0	9	0	0	5.5	9	0	0	0	9	0	0	3.031		100.007	72.7093	0.110068	0	1.10061	0.345173	24.2037	2		0	12.0616	45.1849	0	0	0	
2024-06-15 00:07:36	25	286	5	0	0	2	9	0	0	0	9	0	0	4.25	9	0	0	0	9	0	0	1.948		100.007	73.7157	0.100086	0	1.00079	0.192591	14.1483	1		0	12.0705	45.5748	0	0	0	
2024-06-15 00:16:08	93	287	1	0	0	7	29	0	0	0	29	0	0	3.25	29	0	0	0	29	0	0	3.247		99.9954	71.3141	0.0616199	0	0.616227	0.0063255	14.5195	1		0	12.0705	43.2357	0	0	0	
2024-06-15 00:06:32	16	288	1	0	0	1	5	0	0	0	5	0	0	2.75	5	0	0	0	5	0	0	1.515		100.005	74.5277	0.121068	0	1.21062	0.279542	13.3115	1		0.0088623	12.0705	46.2245	0	0	0	
2024-06-15 00:05:33	8	289	5	0	0	0	1	0	0	0	1	0	0	7	1	0	0	0	1	0	0	6.061		100.008	75.5771	0.0398262	0	0.39823	0.660374	17.5151	1		0.0088623	12.0705	46.8742	0	0	0	
2024-06-15 00:12:26	64	290	1	0	0	5	21	0	0	0	21	0	0	1.25	21	0	0	0	21	0	0	3.247		99.9915	72.8217	0.0673208	0	0.673265	0.0319306	15.8634	1		0	12.0616	43.6256	0	0	0	
2024-06-15 00:08:43	34	291	1	0	0	2	9	0	0	0	9	0	0	1	9	0	0	0	9	0	0	0.866		100.003	72.7772	0.221065	0	2.21058	0.238594	13.8895	1		0.0088623	12.0616	45.055	0	0	0	
2024-06-15 00:09:43	42	292	5	0	0	3	13	0	0	0	13	0	0	7.5	13	0	0	0	13	0	0	3.897		100.003	73.2853	0.0535384	0	0.535369	0.185032	15.1372	1		0	12.0616	44.2753	0	0	0	
2024-06-15 00:09:36	41	293	5	0	0	3	13	0	0	0	13	0	0	6.25	13	0	0	0	13	0	0	2.814		99.9997	73.4655	0.0730095	0	0.730097	0.0767065	14.9088	1		0	12.0616	44.6651	0	0	0	
2024-06-15 00:15:29	88	294	5	0	0	7	29	0	0	0	29	0	0	7.25	29	0	0	0	29	0	0	0.216		99.9945	71.2035	0.736321	0	7.36361	0.275269	11.5667	2		0	12.0616	43.3657	0	0	0	
2024-06-15 00:06:08	13	295	5	0	0	1	5	0	0	0	5	0	0	6.75	5	0	0	0	5	0	0	4.979		100.003	74.4118	0.0503276	0	0.503258	0.0728126	18.1819	1		0.0088623	12.0705	46.4844	0	0	0	
2024-06-15 00:13:39	74	296	9	0	0	6	25	0	0	0	25	0	0	5.75	25	0	0	0	25	0	0	0.216		99.9888	72.2275	0.840868	0	8.40962	0.639002	13.2098	1		0.0088623	12.0705	43.6256	0	0	0	
2024-06-15 00:13:39	74	297	5	0	0	6	25	0	0	0	25	0	0	4.5	25	0	0	0	25	0	0	1.299		99.9888	72.2275	0.158486	0	1.58503	0.186229	14.9386	1		0.0088623	12.0705	43.6256	0	0	0	
2024-06-15 00:17:10	101	298	1	0	0	7.75	32	0	0	0	32	0	0	0	32	0	0	0	32	0	0	6.711		99.9942	71.3662	0.0340493	0	0.340513	0.0864949	16.5812	1		0.0088623	12.0616	43.1058	0	0	0	
2024-06-15 00:13:23	72	299	1	0	0	5	21	0	0	0	21	0	0	3	21	0	0	0	21	0	0	1.732		99.9938	72.0291	0.109657	0	1.09663	0.201521	13.7807	1		0	12.0616	43.6256	0	0	0	
2024-06-15 00:06:08	13	300	1	0	0	1	5	0	0	0	5	0	0	0.75	5	0	0	0	5	0	0	0.216		100.003	74.4118	0.785893	0	7.85866	0.531156	12.3443	1		0.0088623	12.0705	46.4844	0	0	0	
2024-06-15 00:22:02	139	301	1	0	0	5.75	24	0	0	0	24	0	0	2	24	0	0	0	24	0	0	3.247		99.9952	71.0929	0.0665313	0	0.665345	0.186724	15.6768	1		0	12.0705	42.9758	0	0	0	
2024-06-15 00:11:47	59	302	1	0	0	4	17	0	0	0	17	0	0	1	17	0	0	0	17	0	0	2.598		100.001	73.1194	0.0736915	0	0.736905	0.0615638	13.8903	1		0.0088623	12.0616	43.7555	0	0	0	
2024-06-15 00:17:24	103	303	1	0	0	7.75	32	0	0	0	32	0	0	3.5	32	0	0	0	32	0	0	3.68		99.9968	71.3245	0.052478	0	0.524797	0.153948	14.0139	1		0	12.0616	43.2357	0	0	0	
2024-06-15 00:14:32	81	304	1	0	0	6	25	0	0	0	25	0	0	0.75	25	0	0	0	25	0	0	4.546		99.9988	71.6534	0.0521965	0	0.521971	0.30893	17.2181	1		0.0088623	11.9552	43.4956	0	0	0	
2024-06-15 00:11:54	60	305	1	0	0	4	17	0	0	0	17	0	0	3	17	0	0	0	17	0	0	0.866		99.9981	72.3406	0.24038	0	2.40385	0.122658	15.1038	1		0	11.9552	44.0154	0	0	0	
2024-06-15 00:05:40	9	306	1	0	0	0	1	0	0	0	1	0	0	0.5	1	0	0	0	1	0	0	0.433		100.007	75.2906	0.461975	0	4.61942	0.173949	14.5123	1		0	12.0705	46.7443	0	0	0	
2024-06-15 00:24:15	157	307	1	0	0	3.5	15	0	0	4.25	15	0	0	2.75	15	0	0	5	15	0	0	0.389		99.9983	19.1639	0.332673	0	3.32678	0.0442614	15.6771	1		0	12.0705	43.2357	0	0	0	
2024-06-15 00:07:58	28	308	1	0	0	2	9	0	0	0	9	0	0	3.5	9	0	0	0	9	0	0	1.299		100.006	73.5253	0.150036	0	1.50028	0.375794	14.1398	1		0	12.0705	45.3149	0	0	0	
2024-06-15 00:15:47	90	309	1	0	0	7	29	0	0	0	29	0	0	2.5	29	0	0	0	29	0	0	3.897		99.9921	71.6824	0.0552708	0	0.552752	0.458634	15.6287	1		0	12.0616	43.3657	0	0	0	
2024-06-15 00:16:30	96	310	1	0	0	7	29	0	0	0	29	0	0	2	29	0	0	0	29	0	0	4.33		99.9952	71.5857	0.0505121	0	0.505145	0.079341	15.8696	1		0	12.0616	43.2357	0	0	0	
2024-06-15 00:04:55	3	311	9	0	0	0	1	0	0	0	1	0	0	7.5	1	0	0	0	1	0	0	6.494		100.011	77.049	0.0373261	0	0.373221	0.362828	17.5876	2		0.0088623	12.0616	47.7838	0	0	0	
2024-06-15 00:05:12	5	312	9	0	0	0	1	0	0	0	1	0	0	6.25	1	0	0	0	1	0	0	5.412		100.008	76.4506	0.0436166	0	0.436131	0.225656	17.1268	1		0.0088623	12.0705	47.394	0	0	0	
2024-06-15 00:12:11	62	313	1	0	0	5	21	0	0	0	21	0	0	0.5	21	0	0	0	21	0	0	3.897		99.9944	72.3053	0.0603747	0	0.603781	0.741636	17.0715	1		0.0088623	12.0616	43.8855	0	0	0	
2024-06-15 00:22:46	145	314	1	0	0	1.25	6	0	0	0	6	0	0	0.5	6	0	0	0	6	0	0	0.649		99.9953	70.5896	0.320122	0	3.20137	0.357914	15.0861	1		0	12.0616	42.9758	0	0	0	
2024-06-15 00:12:18	63	315	9	0	0	5	21	0	0	0	21	0	0	7	21	0	0	0	21	0	0	1.732		99.988	72.3788	0.11615	0	1.16164	0.0667453	14.5975	1		0	12.0616	43.8855	0	0	0	
2024-06-15 00:08:50	35	316	5	0	0	2	9	0	0	0	9	0	0	0.25	9	0	0	0	9	0	0	1.515		100.006	72.7951	0.124976	0	1.24968	0.208554	13.741	1		0	12.0705	44.7951	0	0	0	
2024-06-15 00:10:33	49	317	9	0	0	4	17	0	0	0	17	0	0	7	17	0	0	0	17	0	0	2.598		99.9981	72.8335	0.0773877	0	0.773892	0.179613	14.5875	1		0	11.9552	44.2753	0	0	0	
2024-06-15 00:09:05	37	318	9	0	0	3	13	0	0	0	13	0	0	5.5	13	0	0	0	13	0	0	2.165		100.004	73.8	0.0927371	0	0.927335	0.964512	14.5665	1		0	12.0439	44.5352	0	0	0	
2024-06-15 00:09:43	42	319	9	0	0	3	13	0	0	0	13	0	0	4.25	13	0	0	0	13	0	0	1.082		100.003	73.2853	0.185863	0	1.85858	0.284523	14.5972	1		0	12.0616	44.2753	0	0	0	
2024-06-15 00:15:15	86	320	5	0	0	7	29	0	0	0	29	0	0	7.75	29	0	0	0	29	0	0	0.649		99.9965	73.3513	0.344719	0	3.44731	0.682504	16.2451	1		0	12.0616	43.2357	0	0	0	
2024-06-15 00:15:15	86	321	9	0	0	7	29	0	0	0	29	0	0	6.5	29	0	0	0	29	0	0	0.433		99.9965	73.3513	0.500423	0	5.0044	0.698667	15.7218	1		0	12.0616	43.2357	0	0	0	
2024-06-15 00:06:53	19	322	9	0	0	1	5	0	0	0	5	0	0	6	5	0	0	0	5	0	0	4.33		100.007	73.7654	0.0566418	0	0.566381	0.151972	17.7934	1		0	11.9464	45.9646	0	0	0	
2024-06-15 00:06:25	15	323	1	0	0	1	5	0	0	0	5	0	0	4.75	5	0	0	0	5	0	0	3.247		100.005	73.8094	0.0684028	0	0.683995	0.0766371	16.1163	1		0	12.0439	46.2245	0	0	0	
2024-06-15 00:20:29	128	324	9	0	0	4.75	20	0	0	0	20	0	0	5	20	0	0	0	20	0	0	0.216		99.994	71.9184	0.79787	0	7.97918	0.574193	12.5337	1		0	12.0616	42.9758	0	0	0	
2024-06-15 00:14:25	80	325	5	0	0	6	25	0	0	0	25	0	0	5	25	0	0	0	25	0	0	0.866		99.9939	71.7561	0.251336	0	2.51351	0.423005	15.7929	1		0	11.9552	43.4956	0	0	0	
2024-06-15 00:13:39	74	326	1	0	0	6	25	0	0	0	25	0	0	3.75	25	0	0	0	25	0	0	1.948		99.9888	72.2275	0.101346	0	1.01357	0.244327	14.3291	1		0.0088623	12.0705	43.6256	0	0	0	
2024-06-15 00:07:28	24	327	1	0	0	1	5	0	0	0	5	0	0	0	5	0	0	0	5	0	0	0.866		100.008	73.5216	0.228687	0	2.28669	0.1265	14.3677	1		0	11.9552	45.5748	0	0	0	
2024-06-15 00:19:19	119	328	9	0	0	0.75	4	0	0	0	4	0	0	7	4	0	0	0	4	0	0	5.412		99.9947	71.2389	0.0434164	0	0.434187	0.549354	17.0505	1		0	12.0616	43.2357	0	0	0	
2024-06-15 00:10:33	49	329	1	0	0	4	17	0	0	0	17	0	0	0.25	17	0	0	0	17	0	0	3.247		99.9981	72.8335	0.0607604	0	0.607615	0.139776	14.3166	1		0	11.9552	44.2753	0	0	0	
2024-06-15 00:16:44	98	330	1	0	0	7.75	32	0	0	0	32	0	0	2.75	32	0	0	0	32	0	0	4.33		99.9907	71.7575	0.0466128	0	0.466172	0.191416	14.6452	1		0	12.0616	43.2357	0	0	0	
2024-06-15 00:14:46	83	331	5	0	0	6	25	0	0	0	25	0	0	0	25	0	0	0	25	0	0	5.195		99.9912	71.6898	0.049625	0	0.496293	0.128549	18.7098	1		0	11.9464	43.4956	0	0	0	
2024-06-15 00:08:50	35	332	1	0	0	2	9	0	0	0	9	0	0	2.75	9	0	0	0	9	0	0	0.649		100.006	72.7951	0.323781	0	3.23762	0.430496	15.2569	1		0	12.0705	44.7951	0	0	0	
2024-06-15 00:15:29	88	333	1	0	0	7	29	0	0	0	29	0	0	1.25	29	0	0	0	29	0	0	4.979		99.9945	71.2035	0.0480411	0	0.480437	0.0681527	17.3574	2		0	12.0616	43.3657	0	0	0	
2024-06-15 00:05:05	4	334	9	0	0	0	1	0	0	0	1	0	0	5.5	1	0	0	0	1	0	0	4.762		100.007	76.82	0.0651785	0	0.651738	0.0276334	22.5225	1		0	12.0705	47.5239	0	0	0	
2024-06-15 00:05:26	7	335	5	0	0	0	1	0	0	0	1	0	0	4.25	1	0	0	0	1	0	0	3.68		100.01	75.8142	0.0565931	0	0.565875	0.0230474	15.1109	1		0	12.0616	47.1341	0	0	0	
