Time	MeasID	DPID	Channel	A(x)	A(y)	A(z)	A(adr)	B(x)	B(y)	B(z)	B(adr)	M(x)	M(y)	M(z)	M(adr)	N(x)	N(y)	N(z)	N(adr)	F(x)	F(y)	F(z)	Note	I(mA)	Uout(V)	U(V)	SP(V)	R(Ohm)	Var(%)	Rho-a(Ohm-m)	Cycles	IP Delay Window(mV/V)	Pint(V)	Pext(V)	T int(deg C)	T log(deg C)	Latitude	Longitude
2024-06-15 02:17:45	269	336	1	0	0	7.75	32	0	0	0	32	0	0	2	32	0	0	0	32	0	0	4.979		99.9896	71.9397	0.0418359	0	0.418403	0.0818164	15.1162	1		0	12.0616	42.9758	0	0	0	
2024-06-15 02:12:31	229	337	9	0	0	5	21	0	0	0	21	0	0	7.5	21	0	0	0	21	0	0	2.165		99.9913	72.9578	0.090633	0	0.906409	0.191427	14.2378	1		0.0088623	12.0616	43.6256	0	0	0	
2024-06-15 02:12:17	227	338	9	0	0	5	21	0	0	0	21	0	0	6.25	21	0	0	0	21	0	0	1.082		99.9952	73.0941	0.197444	0	1.97453	0.371464	15.508	1		0.0088623	12.0616	43.6256	0	0	0	
2024-06-15 02:09:59	208	339	1	0	0	3	13	0	0	0	13	0	0	1.75	13	0	0	0	13	0	0	1.082		99.9939	74.0766	0.178296	0	1.78307	0.308309	14.0042	1		0	12.0616	44.2753	0	0	0	
2024-06-15 02:17:31	267	340	5	0	0	7.75	32	0	0	0	32	0	0	6.75	32	0	0	0	32	0	0	0.866		99.9889	71.758	0.250737	0	2.50765	0.295869	15.756	1		0	12.0616	42.9758	0	0	0	
2024-06-15 02:23:36	313	341	1	0	0	3.25	14	0	0	0	14	0	0	2.5	14	0	0	0	14	0	0	0.649		99.9861	71.1346	0.310525	0	3.10568	0.678434	14.6352	1		0.0088623	12.0616	43.1058	0	0	0	
2024-06-15 02:10:57	216	342	5	0	0	4	17	0	0	0	17	0	0	7.5	17	0	0	0	17	0	0	3.031		99.9951	73.381	0.066208	0	0.662113	0.0663501	14.5606	1		0.0088623	12.0705	44.0154	0	0	0	
2024-06-15 02:11:04	217	343	9	0	0	4	17	0	0	0	17	0	0	6.25	17	0	0	0	17	0	0	1.948		99.9923	73.2761	0.102484	0	1.02492	0.191799	14.4895	1		0	12.0705	44.0154	0	0	0	
2024-06-15 02:09:27	204	344	1	0	0	3	13	0	0	0	13	0	0	3.5	13	0	0	0	13	0	0	0.433		99.9926	74.4122	0.48044	0	4.80476	0.497877	15.0946	1		0	12.0616	44.5352	0	0	0	
2024-06-15 02:08:00	192	345	9	0	0	2	9	0	0	0	9	0	0	6.75	9	0	0	0	9	0	0	4.113		99.9957	73.6775	0.0529112	0	0.529135	0.181443	15.7921	1		0	12.0616	45.055	0	0	0	
2024-06-15 02:15:46	254	346	5	0	0	7	29	0	0	0	29	0	0	5.75	29	0	0	0	29	0	0	1.082		99.9895	71.9955	0.197131	0	1.97151	0.451744	15.4842	1		0	12.0616	43.2357	0	0	0	
2024-06-15 02:15:31	252	347	9	0	0	7	29	0	0	0	29	0	0	4.5	29	0	0	0	29	0	0	2.165		99.9919	72.0289	0.0911962	0	0.912036	0.0786371	14.3262	1		0	12.0616	43.2357	0	0	0	
2024-06-15 02:06:27	180	348	5	0	0	1	5	0	0	0	5	0	0	5.25	5	0	0	0	5	0	0	3.68		100.002	74.9452	0.0607211	0	0.607199	0.0867635	16.2143	1		0.0088623	12.0616	45.9646	0	0	0	
2024-06-15 02:06:13	178	349	9	0	0	1	5	0	0	0	5	0	0	4	5	0	0	0	5	0	0	2.598		100.007	75.2526	0.0733217	0	0.733167	0.114995	13.8199	1		0.0088623	12.0616	46.3544	0	0	0	
2024-06-15 02:21:58	301	350	1	0	0	4.75	20	0	0	0	20	0	0	3	20	0	0	0	20	0	0	1.515		99.989	71.1411	0.127059	0	1.27073	0.423782	13.9724	1		0	12.0616	42.9758	0	0	0	
2024-06-15 02:13:39	238	351	1	0	0	6	25	0	0	0	25	0	0	3	25	0	0	0	25	0	0	2.598		99.9913	72.5735	0.0776661	0	0.776728	0.626552	14.641	1		0	12.0616	43.2357	0	0	0	
2024-06-15 02:08:42	198	352	1	0	0	2	9	0	0	0	9	0	0	2.25	9	0	0	0	9	0	0	0.216		99.9982	74.5705	0.768936	0	7.68949	0.274363	12.0786	1		0	12.0616	44.7951	0	0	0	
2024-06-15 02:15:31	252	353	1	0	0	7	29	0	0	0	29	0	0	0.5	29	0	0	0	29	0	0	5.628		99.9919	72.0289	0.044195	0	0.441986	0.29189	18.051	1		0	12.0616	43.2357	0	0	0	
2024-06-15 02:04:47	167	354	1	0	0	0	1	0	0	0	1	0	0	3.5	1	0	0	0	1	0	0	3.031		100.004	79.2856	0.0695884	0	0.695853	0.987478	15.3026	1		0	12.0705	47.9138	0	0	0	
2024-06-15 02:23:28	312	355	1	0	0	1.75	8	0	0	0	8	0	0	0	8	0	0	0	8	0	0	1.515		99.9864	70.9353	0.122498	0	1.22515	0.0973449	13.4712	1		0	12.0616	42.8459	0	0	0	
2024-06-15 02:14:22	243	356	9	0	0	6	25	0	0	0	25	0	0	7	25	0	0	0	25	0	0	0.866		99.9921	72.1235	0.259644	0	2.59664	0.283709	16.3152	1		0.0088623	12.0616	43.3657	0	0	0	
2024-06-15 02:22:45	306	357	1	0	0	6.5	27	0	0	0	27	0	0	1.25	27	0	0	0	27	0	0	4.546		99.991	70.973	0.0555025	0	0.555075	0.228097	18.3101	1		0	12.0616	42.9758	0	0	0	
2024-06-15 02:18:16	273	358	5	0	0	7.75	32	0	0	0	32	0	0	1.25	32	0	0	0	32	0	0	5.628		99.991	72.6701	0.039137	0	0.391405	0.10244	15.9853	1		0	12.0616	42.9758	0	0	0	
2024-06-15 02:12:09	226	359	5	0	0	5	21	0	0	0	21	0	0	5.5	21	0	0	0	21	0	0	0.433		99.9932	73.066	0.497715	0	4.97749	0.820456	15.6372	1		0.0088623	12.0705	43.7555	0	0	0	
2024-06-15 02:12:38	230	360	9	0	0	5	21	0	0	0	21	0	0	4.25	21	0	0	0	21	0	0	0.649		99.9913	72.9718	0.334463	0	3.34492	0.433877	15.7626	1		0	12.0616	43.6256	0	0	0	
2024-06-15 02:09:48	207	361	1	0	0	3	13	0	0	0	13	0	0	1	13	0	0	0	13	0	0	1.732		99.9904	73.5236	0.105928	0	1.05938	0.0435173	13.3126	2		0	12.0616	44.2753	0	0	0	
2024-06-15 02:06:56	184	362	1	0	0	1	5	0	0	0	5	0	0	2	5	0	0	0	5	0	0	0.866		100	74.3407	0.221972	0	2.21972	0.212854	13.9469	1		0.0088623	12.0705	45.8346	0	0	0	
2024-06-15 02:19:17	281	363	9	0	0	1.75	8	0	0	0	8	0	0	6	8	0	0	0	8	0	0	3.68		99.9858	71.5846	0.0615996	0	0.616084	0.171681	16.4516	1		0.0088623	12.0616	42.9758	0	0	0	
2024-06-15 02:11:19	219	364	1	0	0	4	17	0	0	0	17	0	0	2.25	17	0	0	0	17	0	0	1.515		99.9984	72.9395	0.124259	0	1.24261	0.212199	13.6632	1		0.0088623	12.0616	43.8855	0	0	0	
2024-06-15 02:17:16	265	365	5	0	0	7.75	32	0	0	0	32	0	0	6	32	0	0	0	32	0	0	1.515		99.9862	72.1806	0.132721	0	1.32739	0.215596	14.5954	1		0	12.0616	42.9758	0	0	0	
2024-06-15 02:16:44	262	366	9	0	0	7.75	32	0	0	0	32	0	0	4.75	32	0	0	0	32	0	0	2.598		99.9883	70.6868	0.0736763	0	0.736849	0.108302	13.8893	4		0.0088623	12.0616	43.1058	0	0	0	
2024-06-15 02:14:22	243	367	1	0	0	6	25	0	0	0	25	0	0	2	25	0	0	0	25	0	0	3.464		99.9921	72.1235	0.064753	0	0.647582	0.077916	16.2755	1		0.0088623	12.0616	43.3657	0	0	0	
2024-06-15 02:11:04	217	368	5	0	0	4	17	0	0	0	17	0	0	5.5	17	0	0	0	17	0	0	1.299		99.9923	73.2761	0.160511	0	1.60524	0.131194	15.129	1		0	12.0705	44.0154	0	0	0	
2024-06-15 02:10:57	216	369	9	0	0	4	17	0	0	0	17	0	0	4.25	17	0	0	0	17	0	0	0.216		99.9951	73.381	0.874193	0	8.74236	0.102429	13.7325	1		0.0088623	12.0705	44.0154	0	0	0	
2024-06-15 02:04:54	168	370	1	0	0	0	1	0	0	0	1	0	0	1.75	1	0	0	0	1	0	0	1.515		100.007	78.7819	0.122526	0	1.22518	0.119833	13.4716	1		0	12.0616	47.6539	0	0	0	
2024-06-15 02:24:33	321	371	1	0	0	3.75	16	0	0	4	16	0	0	3.5	16	0	0	4.25	16	0	0	0.13		99.9956	18.2484	0.612697	0	6.12724	0.239047	9.62465	1		0.0088623	12.0616	42.9758	0	0	0	
2024-06-15 02:10:21	211	372	1	0	0	3	13	0	0	0	13	0	0	2.75	13	0	0	0	13	0	0	0.216		99.9968	75.0488	0.765343	0	7.65367	0.454598	12.0224	1		0	12.0616	44.2753	0	0	0	
2024-06-15 02:07:42	190	373	5	0	0	2	9	0	0	0	9	0	0	6	9	0	0	0	9	0	0	3.464		100.004	74.0097	0.0647933	0	0.647906	0.236013	16.2836	1		0.0088623	12.0705	45.4448	0	0	0	
2024-06-15 02:08:28	196	374	9	0	0	2	9	0	0	0	9	0	0	4.75	9	0	0	0	9	0	0	2.381		99.9971	73.8081	0.0826183	0	0.826207	0.10182	14.2758	1		0.0088623	12.0616	44.7951	0	0	0	
2024-06-15 02:15:46	254	375	9	0	0	7	29	0	0	0	29	0	0	5	29	0	0	0	29	0	0	1.732		99.9895	71.9955	0.114713	0	1.14725	0.33978	14.4168	1		0	12.0616	43.2357	0	0	0	
2024-06-15 02:16:15	258	376	5	0	0	7	29	0	0	0	29	0	0	3.75	29	0	0	0	29	0	0	2.814		99.9906	71.7421	0.0708205	0	0.708272	0.0495171	14.4632	1		0	12.0616	43.1058	0	0	0	
2024-06-15 02:06:35	181	377	1	0	0	1	5	0	0	0	5	0	0	3.25	5	0	0	0	5	0	0	1.948		100.001	74.7185	0.094189	0	0.941882	0.19255	13.3155	1		0	12.0616	45.8346	0	0	0	
2024-06-15 02:18:53	278	378	9	0	0	2.75	12	0	0	0	12	0	0	5	12	0	0	0	12	0	0	1.948		99.9915	71.6129	0.0968906	0	0.968988	0.303191	13.6987	1		0.0088623	12.0616	42.9758	0	0	0	
2024-06-15 02:13:32	237	379	5	0	0	5	21	0	0	0	21	0	0	1.75	21	0	0	0	21	0	0	2.814		99.9927	72.8333	0.0729494	0	0.729547	0.00383955	14.8976	1		0	12.0705	43.4956	0	0	0	
2024-06-15 02:08:07	193	380	1	0	0	2	9	0	0	0	9	0	0	1.5	9	0	0	0	9	0	0	0.433		100	73.717	0.458489	0	4.58488	0.307219	14.4038	1		0	12.0705	45.055	0	0	0	
2024-06-15 02:05:41	174	381	1	0	0	0	1	0	0	0	1	0	0	2.75	1	0	0	0	1	0	0	2.381		100	75.8162	0.115649	0	1.15648	0.405155	19.9826	2		0.0088623	12.0616	46.8742	0	0	0	
2024-06-15 02:18:45	277	382	9	0	0	3.25	14	0	0	0	14	0	0	4.5	14	0	0	0	14	0	0	1.082		99.9868	72.081	0.185955	0	1.8598	0.279978	14.6068	1		0	12.0616	43.1058	0	0	0	
2024-06-15 02:09:41	206	383	5	0	0	3	13	0	0	0	13	0	0	6.75	13	0	0	0	13	0	0	3.247		99.9908	74.0318	0.0642891	0	0.642951	0.0391323	15.1492	1		0	12.0616	44.5352	0	0	0	
2024-06-15 02:07:04	185	384	5	0	0	1	5	0	0	0	5	0	0	7.25	5	0	0	0	5	0	0	5.412		99.9971	73.9528	0.0608197	0	0.608215	0.424095	23.8845	2		0	12.0705	45.7047	0	0	0	
2024-06-15 02:14:05	241	385	9	0	0	6	25	0	0	0	25	0	0	7.5	25	0	0	0	25	0	0	1.299		99.9899	71.553	0.15837	0	1.58386	0.0390468	14.9275	2		0	12.0616	43.3657	0	0	0	
2024-06-15 02:14:29	244	386	5	0	0	6	25	0	0	0	25	0	0	6.25	25	0	0	0	25	0	0	0.216		99.9903	72.5096	0.852979	0	8.53062	0.377658	13.3999	1		0.0088623	12.0616	43.2357	0	0	0	
2024-06-15 02:17:38	268	387	1	0	0	7.75	32	0	0	0	32	0	0	0.5	32	0	0	0	32	0	0	6.278		99.9906	72.0857	0.0364006	0	0.364041	0.209397	16.5832	1		0	12.0705	43.1058	0	0	0	
2024-06-15 02:13:11	234	388	5	0	0	5	21	0	0	0	21	0	0	3.5	21	0	0	0	21	0	0	1.299		99.9949	72.947	0.150783	0	1.50791	0.207918	14.2117	1		0	12.0616	43.4956	0	0	0	
2024-06-15 02:10:28	212	389	5	0	0	3	13	0	0	0	13	0	0	0.25	13	0	0	0	13	0	0	2.381		100.001	74.0207	0.0780451	0	0.780446	0.0584995	13.4851	1		0	12.0705	44.1454	0	0	0	
2024-06-15 02:06:13	178	390	1	0	0	1	5	0	0	0	5	0	0	1.25	5	0	0	0	5	0	0	0.216		100.007	75.2526	0.767632	0	7.6758	0.440243	12.0571	1		0.0088623	12.0616	46.3544	0	0	0	
2024-06-15 02:11:33	221	391	1	0	0	4	17	0	0	0	17	0	0	1.5	17	0	0	0	17	0	0	2.165		99.9918	72.6771	0.0858247	0	0.858318	0.233381	13.4824	1		0.0088623	11.9552	43.8855	0	0	0	
2024-06-15 02:19:25	282	392	9	0	0	1.5	7	0	0	0	7	0	0	6.25	7	0	0	0	7	0	0	4.113		99.986	69.5069	0.0547033	0	0.547109	1.52294	16.3286	4		0	12.0616	42.8459	0	0	0	
2024-06-15 02:17:16	265	393	9	0	0	7.75	32	0	0	0	32	0	0	5.25	32	0	0	0	32	0	0	2.165		99.9862	72.1806	0.0879056	0	0.879177	0.203315	13.8101	1		0	12.0616	42.9758	0	0	0	
2024-06-15 02:17:24	266	394	9	0	0	7.75	32	0	0	0	32	0	0	4	32	0	0	0	32	0	0	3.247		99.9875	72.3707	0.0591053	0	0.591127	0.0991099	13.9281	1		0.0088623	12.0616	43.1058	0	0	0	
2024-06-15 02:14:44	246	395	1	0	0	6	25	0	0	0	25	0	0	1.25	25	0	0	0	25	0	0	4.113		99.9904	72.3788	0.0585416	0	0.585472	0.0684545	17.4735	1		0	12.0616	43.2357	0	0	0	
2024-06-15 02:10:50	215	396	1	0	0	4	17	0	0	0	17	0	0	3.5	17	0	0	0	17	0	0	0.433		99.9907	73.056	0.512325	0	5.12373	0.35576	16.0967	1		0.0088623	12.0705	44.0154	0	0	0	
2024-06-15 02:05:12	170	397	1	0	0	0	1	0	0	0	1	0	0	1	1	0	0	0	1	0	0	0.866		100.002	76.9218	0.229046	0	2.2904	0.178475	14.391	1		0.0088623	12.0705	47.264	0	0	0	
2024-06-15 02:08:21	195	398	5	0	0	2	9	0	0	0	9	0	0	5.25	9	0	0	0	9	0	0	2.814		99.9978	73.5659	0.0766749	0	0.766766	0.154963	15.6576	1		0.0088623	11.9552	44.7951	0	0	0	
2024-06-15 02:08:28	196	399	5	0	0	2	9	0	0	0	9	0	0	4	9	0	0	0	9	0	0	1.732		99.9971	73.8081	0.109376	0	1.09379	0.149443	13.7449	1		0.0088623	12.0616	44.7951	0	0	0	
2024-06-15 02:23:43	314	400	1	0	0	3.5	15	0	0	0	15	0	0	2.25	15	0	0	0	15	0	0	1.082		99.9881	70.8186	0.179431	0	1.79452	0.392126	14.0942	1		0	12.0616	43.1058	0	0	0	
2024-06-15 02:15:24	251	401	1	0	0	7	29	0	0	0	29	0	0	3	29	0	0	0	29	0	0	3.464		99.9907	72.3093	0.0588349	0	0.588404	0.00334168	14.7882	1		0	12.0616	43.1058	0	0	0	
2024-06-15 02:07:28	188	402	5	0	0	1	5	0	0	0	5	0	0	2.5	5	0	0	0	5	0	0	1.299		99.9957	73.9565	0.144476	0	1.44482	0.109975	13.6171	1		0	12.0616	45.5748	0	0	0	
2024-06-15 02:05:34	173	403	5	0	0	0	1	0	0	0	1	0	0	6.75	1	0	0	0	1	0	0	5.845		99.9965	76.2841	0.0407863	0	0.407877	0.36302	17.2987	1		0.0088623	12.0705	46.8742	0	0	0	
2024-06-15 02:20:36	290	404	1	0	0	2.75	12	0	0	0	12	0	0	3	12	0	0	0	12	0	0	0.216		99.9893	70.7574	0.768604	0	7.68686	0.539006	12.0745	1		0	12.0705	42.9758	0	0	0	
2024-06-15 02:13:03	233	405	1	0	0	5	21	0	0	0	21	0	0	1	21	0	0	0	21	0	0	3.464		99.9942	72.6669	0.0627532	0	0.627568	0.174504	15.7725	1		0	12.0616	43.6256	0	0	0	
2024-06-15 02:25:57	330	406	1	0	0	0.5	3	0	0	7.25	3	0	0	2.75	3	0	0	5	3	0	0	1.168		99.9945	20.323	0.0814314	0	0.814358	0.0230968	11.5127	2		0.0088623	12.0616	42.8459	0	0	0	
2024-06-15 02:21:19	296	407	9	0	0	6.75	28	0	0	0	28	0	0	7	28	0	0	0	28	0	0	0.216		99.9837	71.3351	0.814279	0	8.14412	0.574187	12.7927	1		0	12.0616	42.9758	0	0	0	
2024-06-15 02:08:21	195	408	1	0	0	2	9	0	0	0	9	0	0	0.75	9	0	0	0	9	0	0	1.082		99.9978	73.5659	0.172769	0	1.72773	0.317954	13.5695	1		0.0088623	11.9552	44.7951	0	0	0	
2024-06-15 02:10:07	209	409	9	0	0	3	13	0	0	0	13	0	0	6	13	0	0	0	13	0	0	2.598		99.9909	73.8166	0.0789558	0	0.78963	0.0450019	14.8842	1		0	12.0616	44.2753	0	0	0	
2024-06-15 02:10:07	209	410	5	0	0	3	13	0	0	0	13	0	0	4.75	13	0	0	0	13	0	0	1.515		99.9909	73.8166	0.127942	0	1.27954	0.202814	14.0693	1		0	12.0616	44.2753	0	0	0	
2024-06-15 02:06:35	181	411	5	0	0	1	5	0	0	0	5	0	0	7.75	5	0	0	0	5	0	0	5.845		100.001	74.7185	0.0392214	0	0.39221	0.155379	16.6342	1		0	12.0616	45.8346	0	0	0	
2024-06-15 02:06:49	183	412	9	0	0	1	5	0	0	0	5	0	0	6.5	5	0	0	0	5	0	0	4.762		99.9983	74.5845	0.051556	0	0.515568	0.629894	17.8168	1		0.0088623	12.0616	45.9646	0	0	0	
2024-06-15 02:14:15	242	413	5	0	0	6	25	0	0	0	25	0	0	5.5	25	0	0	0	25	0	0	0.433		99.9931	71.9739	0.512374	0	5.12409	0.497052	16.0978	1		0.0088623	12.0616	43.3657	0	0	0	
2024-06-15 02:13:54	240	414	9	0	0	6	25	0	0	0	25	0	0	4.25	25	0	0	0	25	0	0	1.515		99.9913	71.7656	0.134532	0	1.34544	0.0670066	14.7939	2		0	12.0616	43.3657	0	0	0	
2024-06-15 02:13:25	236	415	1	0	0	5	21	0	0	0	21	0	0	2.75	21	0	0	0	21	0	0	1.948		99.9907	72.7426	0.0971031	0	0.971122	0.0266539	13.7289	1		0	12.0616	43.2357	0	0	0	
2024-06-15 02:07:21	187	416	5	0	0	1	5	0	0	0	5	0	0	0.5	5	0	0	0	5	0	0	0.433		99.9997	73.9646	0.479046	0	4.79048	0.285645	15.0497	1		0.0088623	11.9552	45.3149	0	0	0	
2024-06-15 02:10:57	216	417	1	0	0	4	17	0	0	0	17	0	0	0.75	17	0	0	0	17	0	0	2.814		99.9951	73.381	0.0691524	0	0.691557	0.369659	14.1218	1		0.0088623	12.0705	44.0154	0	0	0	
2024-06-15 02:18:09	272	418	1	0	0	7.75	32	0	0	0	32	0	0	3.25	32	0	0	0	32	0	0	3.897		99.9897	71.9443	0.0499786	0	0.499837	0.00589229	14.1326	1		0	12.0616	42.9758	0	0	0	
2024-06-15 02:25:08	325	419	1	0	0	2.75	12	0	0	5	12	0	0	0.5	12	0	0	7.25	12	0	0	1.168		99.9997	19.9283	0.0793293	0	0.793296	0.0399183	11.215	1		0	12.0705	43.1058	0	0	0	
2024-06-15 02:19:39	283	420	9	0	0	1.25	6	0	0	0	6	0	0	6.5	6	0	0	0	6	0	0	4.546		99.9895	73.4693	0.052098	0	0.521035	0.677494	17.1872	1		0	12.0616	42.9758	0	0	0	
2024-06-15 02:15:06	249	421	5	0	0	6	25	0	0	0	25	0	0	0.5	25	0	0	0	25	0	0	4.762		99.9873	72.2772	0.0551709	0	0.551778	0.439519	19.0681	1		0	12.0616	43.2357	0	0	0	
2024-06-15 02:11:26	220	422	1	0	0	4	17	0	0	0	17	0	0	2.75	17	0	0	0	17	0	0	1.082		99.9964	72.7703	0.18354	0	1.83547	0.274325	14.4157	1		0	11.9552	43.8855	0	0	0	
2024-06-15 02:04:35	166	423	1	0	0	0	1	0	0	0	1	0	0	0.25	1	0	0	0	1	0	0	0.216		100	81.1955	0.772918	0	7.72918	0.334703	12.141	1		0	12.0793	47.7838	0	0	0	
2024-06-15 02:08:58	200	424	5	0	0	2	9	0	0	0	9	0	0	3.25	9	0	0	0	9	0	0	1.082		99.9952	73.7348	0.180436	0	1.80444	0.15829	14.1721	1		0	12.0616	44.7951	0	0	0	
2024-06-15 02:16:00	256	425	1	0	0	7	29	0	0	0	29	0	0	1.75	29	0	0	0	29	0	0	4.546		99.9889	71.7758	0.0502585	0	0.50264	0.155703	16.5805	1		0.0088623	11.9552	43.2357	0	0	0	
2024-06-15 02:05:12	170	426	5	0	0	0	1	0	0	0	1	0	0	6	1	0	0	0	1	0	0	5.195		100.002	76.9218	0.0496657	0	0.496645	0.252419	18.7231	1		0.0088623	12.0705	47.264	0	0	0	
2024-06-15 02:04:35	166	427	9	0	0	0	1	0	0	0	1	0	0	4.75	1	0	0	0	1	0	0	4.113		100	81.1955	0.052347	0	0.52347	0.034156	15.623	1		0	12.0793	47.7838	0	0	0	
2024-06-15 02:22:59	308	428	1	0	0	7.25	30	0	0	0	30	0	0	0.5	30	0	0	0	30	0	0	5.845		99.987	71.2172	0.0521004	0	0.521072	0.661577	22.0994	1		0	12.0616	42.8459	0	0	0	
2024-06-15 02:12:24	228	429	1	0	0	5	21	0	0	0	21	0	0	0.25	21	0	0	0	21	0	0	4.113		99.9891	72.9362	0.0517839	0	0.517896	0.201208	15.4567	1		0	12.0616	43.6256	0	0	0	
2024-06-15 02:12:31	229	430	5	0	0	5	21	0	0	0	21	0	0	6.75	21	0	0	0	21	0	0	1.515		99.9913	72.9578	0.137909	0	1.37921	0.220098	15.1652	1		0.0088623	12.0616	43.6256	0	0	0	
2024-06-15 02:09:19	203	431	1	0	0	3	13	0	0	0	13	0	0	2.25	13	0	0	0	13	0	0	0.649		99.9928	74.264	0.315459	0	3.15482	0.567366	14.8667	1		0	12.0705	44.6651	0	0	0	
2024-06-15 02:08:28	196	432	1	0	0	2	9	0	0	0	9	0	0	0	9	0	0	0	9	0	0	1.732		99.9971	73.8081	0.128127	0	1.28131	0.309896	16.1014	1		0.0088623	12.0616	44.7951	0	0	0	
2024-06-15 02:21:26	297	433	9	0	0	6.5	27	0	0	0	27	0	0	7.25	27	0	0	0	27	0	0	0.649		99.9887	70.6663	0.35324	0	3.5328	0.155401	16.6479	2		0.0088623	12.0616	42.9758	0	0	0	
2024-06-15 02:17:06	264	434	5	0	0	7.75	32	0	0	0	32	0	0	7.25	32	0	0	0	32	0	0	0.433		99.9878	71.6762	0.477149	0	4.77207	0.162613	14.9919	2		0	12.0616	43.1058	0	0	0	
2024-06-15 02:23:06	309	435	1	0	0	7.5	31	0	0	0	31	0	0	0.25	31	0	0	0	31	0	0	6.278		99.9926	70.9968	0.0366663	0	0.36669	0.955917	16.7038	1		0	12.0616	43.1058	0	0	0	
2024-06-15 02:20:11	287	436	1	0	0	0.75	4	0	0	0	4	0	0	1	4	0	0	0	4	0	0	0.216		99.9875	71.3815	0.780953	0	7.8105	0.273368	12.2687	1		0	12.0616	42.9758	0	0	0	
2024-06-15 02:22:21	303	437	1	0	0	5.5	23	0	0	0	23	0	0	2.25	23	0	0	0	23	0	0	2.814		99.9872	71.756	0.0955909	0	0.956031	0.208992	19.5225	2		0	12.0705	42.9758	0	0	0	
2024-06-15 02:10:43	214	438	9	0	0	4	17	0	0	0	17	0	0	6.75	17	0	0	0	17	0	0	2.381		99.9953	73.502	0.0843292	0	0.843332	0.235632	14.5717	1		0.0088623	12.0616	44.0154	0	0	0	
2024-06-15 02:09:34	205	439	9	0	0	3	13	0	0	0	13	0	0	5.25	13	0	0	0	13	0	0	1.948		99.9899	74.1555	0.0994961	0	0.995062	0.0658823	14.0674	1		0.0088623	12.0705	44.5352	0	0	0	
2024-06-15 02:09:34	205	440	5	0	0	3	13	0	0	0	13	0	0	4	13	0	0	0	13	0	0	0.866		99.9899	74.1555	0.242155	0	2.4218	0.326648	15.2166	1		0.0088623	12.0705	44.5352	0	0	0	
2024-06-15 02:08:14	194	441	5	0	0	2	9	0	0	0	9	0	0	7.25	9	0	0	0	9	0	0	4.546		99.9984	73.7365	0.0557233	0	0.557242	0.677122	18.3816	1		0	12.0616	45.055	0	0	0	
2024-06-15 02:16:00	256	442	5	0	0	7	29	0	0	0	29	0	0	7.5	29	0	0	0	29	0	0	0.433		99.9889	71.7758	0.475458	0	4.75511	0.50566	14.9386	1		0.0088623	11.9552	43.2357	0	0	0	
2024-06-15 02:16:08	257	443	5	0	0	7	29	0	0	0	29	0	0	6.25	29	0	0	0	29	0	0	0.649		99.9882	71.995	0.345631	0	3.45671	0.411014	16.2894	1		0	12.0616	42.9758	0	0	0	
2024-06-15 02:06:42	182	444	9	0	0	1	5	0	0	0	5	0	0	5.75	5	0	0	0	5	0	0	4.113		99.9972	74.9617	0.0530094	0	0.530109	0.249868	15.8212	1		0.0088623	12.0705	45.8346	0	0	0	
2024-06-15 02:06:20	179	445	9	0	0	1	5	0	0	0	5	0	0	4.5	5	0	0	0	5	0	0	3.031		100.002	74.9461	0.0698643	0	0.698628	0.592447	15.3636	1		0.0088623	12.0705	46.2245	0	0	0	
2024-06-15 02:13:54	240	446	1	0	0	6	25	0	0	0	25	0	0	3.5	25	0	0	0	25	0	0	2.165		99.9913	71.7656	0.0892188	0	0.892266	0.0404569	14.0157	2		0	12.0616	43.3657	0	0	0	
2024-06-15 02:10:43	214	447	1	0	0	4	17	0	0	0	17	0	0	0	17	0	0	0	17	0	0	3.464		99.9953	73.502	0.0607284	0	0.607312	0.0678539	15.2634	1		0.0088623	12.0616	44.0154	0	0	0	
2024-06-15 02:17:31	267	448	1	0	0	7.75	32	0	0	0	32	0	0	2.5	32	0	0	0	32	0	0	4.546		99.9889	71.758	0.0454344	0	0.454394	0.0744361	14.989	1		0	12.0616	42.9758	0	0	0	
2024-06-15 02:08:50	199	449	5	0	0	2	9	0	0	0	9	0	0	2.5	9	0	0	0	9	0	0	0.433		99.998	73.8881	0.459711	0	4.5972	0.250991	14.4425	1		0.0088623	12.0616	44.7951	0	0	0	
2024-06-15 02:16:08	257	450	1	0	0	7	29	0	0	0	29	0	0	1	29	0	0	0	29	0	0	5.195		99.9882	71.995	0.0462129	0	0.462184	0.54684	17.4239	1		0	12.0616	42.9758	0	0	0	
2024-06-15 02:04:54	168	451	5	0	0	0	1	0	0	0	1	0	0	5.25	1	0	0	0	1	0	0	4.546		100.007	78.7819	0.0509988	0	0.509955	0.102042	16.8217	1		0	12.0616	47.6539	0	0	0	
2024-06-15 02:05:01	169	452	9	0	0	0	1	0	0	0	1	0	0	4	1	0	0	0	1	0	0	3.464		100.003	77.3521	0.0603609	0	0.603591	0.124649	15.1699	2		0.0088623	12.0616	47.394	0	0	0	
2024-06-15 02:18:01	271	453	1	0	0	7.75	32	0	0	0	32	0	0	1.75	32	0	0	0	32	0	0	5.195		99.9875	72.0758	0.0409664	0	0.409715	0.0921763	15.4459	1		0	12.0616	42.9758	0	0	0	
2024-06-15 02:12:56	232	454	9	0	0	5	21	0	0	0	21	0	0	6	21	0	0	0	21	0	0	0.866		99.995	72.5718	0.252489	0	2.52501	0.272552	15.8651	1		0	12.0616	43.4956	0	0	0	
2024-06-15 02:12:24	228	455	9	0	0	5	21	0	0	0	21	0	0	4.75	21	0	0	0	21	0	0	0.216		99.9891	72.9362	0.794323	0	7.94409	0.460639	12.4786	1		0	12.0616	43.6256	0	0	0	
2024-06-15 02:09:34	205	456	1	0	0	3	13	0	0	0	13	0	0	1.5	13	0	0	0	13	0	0	1.299		99.9899	74.1555	0.142713	0	1.42728	0.225283	13.4518	1		0.0088623	12.0705	44.5352	0	0	0	
2024-06-15 02:17:38	268	457	5	0	0	7.75	32	0	0	0	32	0	0	6.5	32	0	0	0	32	0	0	1.082		99.9906	72.0857	0.194143	0	1.94161	0.221818	15.2494	1		0	12.0705	43.1058	0	0	0	
2024-06-15 02:19:10	280	458	9	0	0	2.25	10	0	0	0	10	0	0	5.5	10	0	0	0	10	0	0	2.814		99.99	72.5351	0.0809077	0	0.809158	0.147154	16.5233	1		0.0088623	11.9552	42.9758	0	0	0	
2024-06-15 02:24:58	324	459	1	0	0	3	13	0	0	4.75	13	0	0	1.25	13	0	0	6.5	13	0	0	0.908		99.9984	20.2618	0.0947377	0	0.947393	0.348152	10.4171	2		0	12.0705	43.1058	0	0	0	
2024-06-15 02:10:50	215	460	5	0	0	4	17	0	0	0	17	0	0	6	17	0	0	0	17	0	0	1.732		99.9907	73.056	0.115454	0	1.15465	0.26583	14.5098	1		0.0088623	12.0705	44.0154	0	0	0	
2024-06-15 02:11:12	218	461	5	0	0	4	17	0	0	0	17	0	0	4.75	17	0	0	0	17	0	0	0.649		99.9985	73.469	0.351007	0	3.51012	0.278618	16.541	1		0	12.0616	43.8855	0	0	0	
2024-06-15 02:05:58	176	462	5	0	0	0	1	0	0	0	1	0	0	2.25	1	0	0	0	1	0	0	1.948		100.005	75.6243	0.106007	0	1.06002	0.200725	14.9856	1		0.0088623	12.0705	46.6143	0	0	0	
2024-06-15 02:24:48	323	463	1	0	0	3.25	14	0	0	4.5	14	0	0	2	14	0	0	5.75	14	0	0	0.649		100.001	19.9975	0.178693	0	1.7869	0.0127149	14.0343	2		0	12.0705	42.9758	0	0	0	
2024-06-15 02:10:07	209	464	1	0	0	3	13	0	0	0	13	0	0	3.25	13	0	0	0	13	0	0	0.216		99.9909	73.8166	0.787166	0	7.87237	0.327274	12.3659	1		0	12.0616	44.2753	0	0	0	
2024-06-15 02:08:14	194	465	9	0	0	2	9	0	0	0	9	0	0	7.75	9	0	0	0	9	0	0	4.979		99.9984	73.7365	0.0433174	0	0.433181	0.30824	15.6501	1		0	12.0616	45.055	0	0	0	
2024-06-15 02:08:00	192	466	5	0	0	2	9	0	0	0	9	0	0	6.5	9	0	0	0	9	0	0	3.897		99.9957	73.6775	0.0552606	0	0.55263	0.154822	15.6252	1		0	12.0616	45.055	0	0	0	
2024-06-15 02:16:00	256	467	9	0	0	7	29	0	0	0	29	0	0	5.5	29	0	0	0	29	0	0	1.299		99.9889	71.7758	0.159244	0	1.59262	0.460824	15.0101	1		0.0088623	11.9552	43.2357	0	0	0	
2024-06-15 02:15:39	253	468	9	0	0	7	29	0	0	0	29	0	0	4.25	29	0	0	0	29	0	0	2.381		99.9862	71.91	0.0835077	0	0.835193	0.0035404	14.4311	1		0	12.0616	43.2357	0	0	0	
2024-06-15 02:06:27	180	469	9	0	0	1	5	0	0	0	5	0	0	5	5	0	0	0	5	0	0	3.464		100.002	74.9452	0.0628524	0	0.628511	0.351577	15.7962	1		0.0088623	12.0616	45.9646	0	0	0	
2024-06-15 02:06:20	179	470	1	0	0	1	5	0	0	0	5	0	0	3.75	5	0	0	0	5	0	0	2.381		100.002	74.9461	0.0806603	0	0.806587	0.0663032	13.9368	1		0.0088623	12.0705	46.2245	0	0	0	
2024-06-15 02:14:05	241	471	1	0	0	6	25	0	0	0	25	0	0	2.75	25	0	0	0	25	0	0	2.814		99.9899	71.553	0.0718269	0	0.718341	0.0761853	14.6688	2		0	12.0616	43.3657	0	0	0	
2024-06-15 02:12:31	229	472	1	0	0	5	21	0	0	0	21	0	0	2.25	21	0	0	0	21	0	0	2.381		99.9913	72.9578	0.080675	0	0.806821	0.280508	13.9409	1		0.0088623	12.0616	43.6256	0	0	0	
2024-06-15 02:16:22	259	473	1	0	0	7	29	0	0	0	29	0	0	0.25	29	0	0	0	29	0	0	5.845		99.9903	71.7185	0.0403934	0	0.403974	0.506836	17.1331	1		0.0088623	12.0616	42.9758	0	0	0	
2024-06-15 02:05:41	174	474	5	0	0	0	1	0	0	0	1	0	0	3.25	1	0	0	0	1	0	0	2.814		100	75.8162	0.069603	0	0.696028	0.138424	14.2131	2		0.0088623	12.0616	46.8742	0	0	0	
2024-06-15 02:09:48	207	475	5	0	0	3	13	0	0	0	13	0	0	7.25	13	0	0	0	13	0	0	3.68		99.9904	73.5236	0.0697572	0	0.69764	0.199044	18.6294	2		0	12.0616	44.2753	0	0	0	
2024-06-15 02:14:22	243	476	5	0	0	6	25	0	0	0	25	0	0	6.75	25	0	0	0	25	0	0	0.649		99.9921	72.1235	0.359276	0	3.59304	0.351429	16.9318	1		0.0088623	12.0616	43.3657	0	0	0	
2024-06-15 02:18:31	275	477	9	0	0	3.75	16	0	0	0	16	0	0	4	16	0	0	0	16	0	0	0.216		99.9895	72.5093	0.85943	0	8.59521	0.466931	13.5013	1		0.0088623	12.0616	43.1058	0	0	0	
2024-06-15 02:17:54	270	478	1	0	0	7.75	32	0	0	0	32	0	0	1	32	0	0	0	32	0	0	5.845		99.9883	72.0579	0.0380233	0	0.380277	0.514162	16.1281	1		0.0088623	12.0616	42.8459	0	0	0	
2024-06-15 02:12:09	226	479	9	0	0	5	21	0	0	0	21	0	0	5.25	21	0	0	0	21	0	0	0.216		99.9932	73.066	0.808708	0	8.08763	0.769955	12.704	1		0.0088623	12.0705	43.7555	0	0	0	
2024-06-15 02:12:56	232	480	5	0	0	5	21	0	0	0	21	0	0	4	21	0	0	0	21	0	0	0.866		99.995	72.5718	0.249434	0	2.49446	0.256422	15.6732	1		0	12.0616	43.4956	0	0	0	
2024-06-15 02:10:13	210	481	5	0	0	3	13	0	0	0	13	0	0	0.75	13	0	0	0	13	0	0	1.948		99.9922	73.9894	0.0941793	0	0.941867	0.0826227	13.3153	1		0	12.0705	44.2753	0	0	0	
2024-06-15 02:07:21	187	482	1	0	0	1	5	0	0	0	5	0	0	1.75	5	0	0	0	5	0	0	0.649		99.9997	73.9646	0.311472	0	3.11473	0.176059	14.6778	1		0.0088623	11.9552	45.3149	0	0	0	
2024-06-15 02:11:48	223	483	5	0	0	4	17	0	0	0	17	0	0	2	17	0	0	0	17	0	0	1.732		99.9932	72.6229	0.10894	0	1.08947	0.167671	13.6907	1		0	12.0616	43.6256	0	0	0	
2024-06-15 02:16:59	263	484	1	0	0	7.75	32	0	0	0	32	0	0	5.75	32	0	0	0	32	0	0	1.732		99.9881	74.0158	0.113033	0	1.13047	0.34677	14.2059	1		0	12.0616	43.1058	0	0	0	
2024-06-15 02:17:45	269	485	5	0	0	7.75	32	0	0	0	32	0	0	4.5	32	0	0	0	32	0	0	2.814		99.9896	71.9397	0.0680816	0	0.680887	0.0589682	13.904	1		0	12.0616	42.9758	0	0	0	
2024-06-15 02:20:51	292	486	1	0	0	2.25	10	0	0	0	10	0	0	3.5	10	0	0	0	10	0	0	1.082		99.9852	71.6202	0.180027	0	1.80054	0.39747	14.1414	1		0	12.0616	42.9758	0	0	0	
2024-06-15 02:20:04	286	487	9	0	0	0.25	2	0	0	0	2	0	0	7.5	2	0	0	0	2	0	0	6.278		99.989	70.9199	0.0378989	0	0.37903	0.651112	17.266	1		0	12.0705	42.9758	0	0	0	
2024-06-15 02:14:37	245	488	1	0	0	6	25	0	0	0	25	0	0	1.75	25	0	0	0	25	0	0	3.68		99.9922	72.4358	0.063452	0	0.63457	0.220534	16.9453	1		0.0088623	12.0705	43.3657	0	0	0	
2024-06-15 02:11:33	221	489	5	0	0	4	17	0	0	0	17	0	0	5.25	17	0	0	0	17	0	0	1.082		99.9918	72.6771	0.195366	0	1.95382	0.278109	15.3453	1		0.0088623	11.9552	43.8855	0	0	0	
2024-06-15 02:05:51	175	490	5	0	0	0	1	0	0	0	1	0	0	1.5	1	0	0	0	1	0	0	1.299		100.002	75.5041	0.143366	0	1.43362	0.00963873	13.5116	1		0	11.9552	46.6143	0	0	0	
2024-06-15 02:09:41	206	491	1	0	0	3	13	0	0	0	13	0	0	2.5	13	0	0	0	13	0	0	0.433		99.9908	74.0318	0.462381	0	4.62424	0.437594	14.5275	1		0	12.0616	44.5352	0	0	0	
2024-06-15 02:07:42	190	492	9	0	0	2	9	0	0	0	9	0	0	5.75	9	0	0	0	9	0	0	3.247		100.004	74.0097	0.0651515	0	0.651488	0.083748	15.3503	1		0.0088623	12.0705	45.4448	0	0	0	
2024-06-15 02:08:35	197	493	9	0	0	2	9	0	0	0	9	0	0	4.5	9	0	0	0	9	0	0	2.165		99.9971	73.8066	0.0894275	0	0.8943	0.0558893	14.0476	1		0.0088623	12.0616	44.925	0	0	0	
2024-06-15 02:16:29	260	494	5	0	0	7	29	0	0	0	29	0	0	3.5	29	0	0	0	29	0	0	3.031		99.9955	72.0298	0.0652697	0	0.652727	0.0563909	14.3542	1		0.0088623	12.0616	43.1058	0	0	0	
2024-06-15 02:06:49	183	495	1	0	0	1	5	0	0	0	5	0	0	3	5	0	0	0	5	0	0	1.732		99.9983	74.5845	0.106702	0	1.06704	0.171952	13.4088	1		0.0088623	12.0616	45.9646	0	0	0	
2024-06-15 02:05:01	169	496	5	0	0	0	1	0	0	0	1	0	0	7.25	1	0	0	0	1	0	0	6.278		100.003	77.3521	0.0407298	0	0.407286	0.092116	18.5531	2		0.0088623	12.0616	47.394	0	0	0	
2024-06-15 02:13:25	236	497	5	0	0	5	21	0	0	0	21	0	0	1.5	21	0	0	0	21	0	0	3.031		99.9907	72.7426	0.0662344	0	0.662406	0.271677	14.5671	1		0	12.0616	43.2357	0	0	0	
2024-06-15 02:08:14	194	498	1	0	0	2	9	0	0	0	9	0	0	1.25	9	0	0	0	9	0	0	0.649		99.9984	73.7365	0.302423	0	3.02428	0.329115	14.2516	1		0	12.0616	45.055	0	0	0	
2024-06-15 02:23:21	311	499	1	0	0	1.5	7	0	0	0	7	0	0	0.25	7	0	0	0	7	0	0	1.082		99.9876	70.4428	0.176196	0	1.76218	0.165244	13.8401	1		0	12.0616	42.8459	0	0	0	
2024-06-15 02:05:58	176	500	1	0	0	0	1	0	0	0	1	0	0	2.5	1	0	0	0	1	0	0	2.165		100.005	75.6243	0.0887971	0	0.887928	0.174449	13.9475	1		0.0088623	12.0705	46.6143	0	0	0	
2024-06-15 02:22:38	305	501	1	0	0	6.25	26	0	0	0	26	0	0	1.5	26	0	0	0	26	0	0	4.113		99.9884	71.1508	0.0536997	0	0.53706	0.507627	16.0286	1		0.0088623	12.0616	42.9758	0	0	0	
2024-06-15 02:24:19	319	502	9	0	0	7.25	30	0	0	0	30	0	0	6.5	30	0	0	0	30	0	0	0.649		99.9893	71.0956	0.336167	0	3.36203	0.656126	15.8432	1		0	12.0616	42.9758	0	0	0	
2024-06-15 02:09:59	208	503	9	0	0	3	13	0	0	0	13	0	0	7.75	13	0	0	0	13	0	0	4.113		99.9939	74.0766	0.0500259	0	0.500289	0.0574897	14.9312	1		0	12.0616	44.2753	0	0	0	
2024-06-15 02:09:27	204	504	9	0	0	3	13	0	0	0	13	0	0	6.5	13	0	0	0	13	0	0	3.031		99.9926	74.4122	0.0685547	0	0.685597	0.0574987	15.0771	1		0	12.0616	44.5352	0	0	0	
2024-06-15 02:06:49	183	505	5	0	0	1	5	0	0	0	5	0	0	7	5	0	0	0	5	0	0	5.195		99.9983	74.5845	0.0456087	0	0.456095	0.136922	17.1944	1		0.0088623	12.0616	45.9646	0	0	0	
2024-06-15 02:14:37	245	506	5	0	0	6	25	0	0	0	25	0	0	4.75	25	0	0	0	25	0	0	1.082		99.9922	72.4358	0.196252	0	1.96267	0.367725	15.4148	1		0.0088623	12.0705	43.3657	0	0	0	
2024-06-15 02:17:16	265	507	1	0	0	7.75	32	0	0	0	32	0	0	0.25	32	0	0	0	32	0	0	6.494		99.9862	72.1806	0.0339566	0	0.339613	0.0447923	16.0039	1		0	12.0616	42.9758	0	0	0	
2024-06-15 02:13:11	234	508	1	0	0	5	21	0	0	0	21	0	0	3.25	21	0	0	0	21	0	0	1.515		99.9949	72.947	0.126178	0	1.26184	0.164122	13.8747	1		0	12.0616	43.4956	0	0	0	
2024-06-15 02:10:28	212	509	1	0	0	3	13	0	0	0	13	0	0	0	13	0	0	0	13	0	0	2.598		100.001	74.0207	0.0763517	0	0.763512	0.106945	14.3919	1		0	12.0705	44.1454	0	0	0	
2024-06-15 02:18:38	276	510	9	0	0	3.5	15	0	0	0	15	0	0	4.25	15	0	0	0	15	0	0	0.649		99.9891	71.4711	0.337624	0	3.37661	0.379248	15.9119	1		0	12.0616	43.1058	0	0	0	
2024-06-15 02:11:48	223	511	1	0	0	4	17	0	0	0	17	0	0	1.25	17	0	0	0	17	0	0	2.381		99.9932	72.6229	0.079977	0	0.799825	0.339764	13.82	1		0	12.0616	43.6256	0	0	0	
2024-06-15 02:17:38	268	512	9	0	0	7.75	32	0	0	0	32	0	0	5	32	0	0	0	32	0	0	2.381		99.9906	72.0857	0.0798435	0	0.79851	0.043035	13.7973	1		0	12.0705	43.1058	0	0	0	
2024-06-15 02:18:09	272	513	5	0	0	7.75	32	0	0	0	32	0	0	3.75	32	0	0	0	32	0	0	3.464		99.9897	71.9443	0.0559206	0	0.559264	0.0117319	14.0558	1		0	12.0616	42.9758	0	0	0	
2024-06-15 02:25:49	329	514	1	0	0	1.25	6	0	0	6.5	6	0	0	3	6	0	0	4.75	6	0	0	0.908		99.9957	20.0723	0.106999	0	1.07003	0.0396079	11.7656	1		0	12.0616	43.1058	0	0	0	
2024-06-15 02:14:59	248	515	1	0	0	6	25	0	0	0	25	0	0	1	25	0	0	0	25	0	0	4.33		99.9901	72.4827	0.0567988	0	0.568044	0.123292	17.8456	1		0	12.0616	43.2357	0	0	0	
2024-06-15 02:11:55	224	516	5	0	0	4	17	0	0	0	17	0	0	3.25	17	0	0	0	17	0	0	0.649		99.9964	72.4838	0.338663	0	3.38675	0.167167	15.9597	1		0	11.9552	43.7555	0	0	0	
2024-06-15 02:05:34	173	517	1	0	0	0	1	0	0	0	1	0	0	0.75	1	0	0	0	1	0	0	0.649		99.9965	76.2841	0.318632	0	3.18643	0.161066	15.0157	1		0.0088623	12.0705	46.8742	0	0	0	
2024-06-15 02:25:15	326	518	1	0	0	3.5	15	0	0	4.25	15	0	0	3.75	15	0	0	4	15	0	0	0.13		100.001	19.2039	0.562526	0	5.6252	0.339193	8.83604	2		0	12.0616	43.1058	0	0	0	
2024-06-15 02:08:21	195	519	9	0	0	2	9	0	0	0	9	0	0	5	9	0	0	0	9	0	0	2.598		99.9978	73.5659	0.0767684	0	0.767701	0.278024	14.4708	1		0.0088623	11.9552	44.7951	0	0	0	
2024-06-15 02:08:42	198	520	5	0	0	2	9	0	0	0	9	0	0	3.75	9	0	0	0	9	0	0	1.515		99.9982	74.5705	0.129977	0	1.29979	0.136844	14.292	1		0	12.0616	44.7951	0	0	0	
2024-06-15 02:16:22	259	521	5	0	0	7	29	0	0	0	29	0	0	2.75	29	0	0	0	29	0	0	3.68		99.9903	71.7185	0.056128	0	0.561335	0.263304	14.9896	1		0.0088623	12.0616	42.9758	0	0	0	
2024-06-15 02:16:37	261	522	1	0	0	7	29	0	0	0	29	0	0	2.25	29	0	0	0	29	0	0	4.113		99.9934	71.8663	0.0515017	0	0.515051	0.0499922	15.3718	1		0	12.0616	43.1058	0	0	0	
2024-06-15 02:05:26	172	523	5	0	0	0	1	0	0	0	1	0	0	7.75	1	0	0	0	1	0	0	6.711		100.001	76.7915	0.035536	0	0.355357	0.498538	17.304	1		0	12.0616	47.0042	0	0	0	
2024-06-15 02:04:47	167	524	9	0	0	0	1	0	0	0	1	0	0	6.5	1	0	0	0	1	0	0	5.628		100.004	79.2856	0.0419409	0	0.419391	0.320536	17.1282	1		0	12.0705	47.9138	0	0	0	
2024-06-15 02:13:18	235	525	5	0	0	5	21	0	0	0	21	0	0	0.75	21	0	0	0	21	0	0	3.68		99.9915	72.9889	0.0588174	0	0.588224	0.226542	15.7077	1		0.0088623	12.0616	43.4956	0	0	0	
2024-06-15 02:12:46	231	526	5	0	0	5	21	0	0	0	21	0	0	7.25	21	0	0	0	21	0	0	1.948		99.9905	72.3627	0.121572	0	1.21584	0.0973847	17.1885	2		0	12.0616	43.6256	0	0	0	
2024-06-15 02:24:11	318	527	9	0	0	5.75	24	0	0	0	24	0	0	4	24	0	0	0	24	0	0	1.515		99.9898	71.1304	0.131056	0	1.3107	0.287522	14.4119	1		0	12.0616	42.7159	0	0	0	
2024-06-15 02:21:05	294	528	9	0	0	4.5	19	0	0	0	19	0	0	5.25	19	0	0	0	19	0	0	0.649		99.9888	71.2302	0.336066	0	3.36104	0.391	15.8385	1		0	12.0616	42.9758	0	0	0	
2024-06-15 02:25:25	327	529	1	0	0	2.75	12	0	0	5	12	0	0	3.5	12	0	0	4.25	12	0	0	0.389		99.997	19.9526	0.325266	0	3.25275	0.889151	15.3282	3		0	12.0705	43.1058	0	0	0	
2024-06-15 02:08:00	192	530	1	0	0	2	9	0	0	0	9	0	0	0.5	9	0	0	0	9	0	0	1.299		99.9957	73.6775	0.142912	0	1.42919	0.259647	13.4698	1		0	12.0616	45.055	0	0	0	
2024-06-15 02:19:54	285	531	9	0	0	0.5	3	0	0	0	3	0	0	7.25	3	0	0	0	3	0	0	5.845		99.9903	70.8585	0.0807665	0	0.807744	0.47286	34.2576	2		0	12.0616	42.9758	0	0	0	
2024-06-15 02:10:50	215	532	9	0	0	4	17	0	0	0	17	0	0	7.25	17	0	0	0	17	0	0	2.814		99.9907	73.056	0.0797477	0	0.797551	0.829656	16.2863	1		0.0088623	12.0705	44.0154	0	0	0	
2024-06-15 02:09:12	202	533	9	0	0	3	13	0	0	0	13	0	0	5.75	13	0	0	0	13	0	0	2.381		99.9944	74.3778	0.0812019	0	0.812065	0.218106	14.0315	1		0.0088623	12.0705	44.6651	0	0	0	
2024-06-15 02:09:48	207	534	9	0	0	3	13	0	0	0	13	0	0	4.5	13	0	0	0	13	0	0	1.299		99.9904	73.5236	0.150584	0	1.50598	0.0379463	14.1935	2		0	12.0616	44.2753	0	0	0	
2024-06-15 02:15:24	251	535	5	0	0	7	29	0	0	0	29	0	0	6.75	29	0	0	0	29	0	0	0.216		99.9907	72.3093	0.813054	0	8.1313	0.707649	12.7726	1		0	12.0616	43.1058	0	0	0	
2024-06-15 02:06:56	184	536	5	0	0	1	5	0	0	0	5	0	0	7.5	5	0	0	0	5	0	0	5.628		100	74.3407	0.0419778	0	0.419778	0.100991	17.144	1		0.0088623	12.0705	45.8346	0	0	0	
2024-06-15 02:07:04	185	537	9	0	0	1	5	0	0	0	5	0	0	6.25	5	0	0	0	5	0	0	4.546		99.9971	73.9528	0.0530921	0	0.530937	0.00192296	17.5139	2		0	12.0705	45.7047	0	0	0	
2024-06-15 02:14:15	242	538	9	0	0	6	25	0	0	0	25	0	0	5.25	25	0	0	0	25	0	0	0.649		99.9931	71.9739	0.343002	0	3.43025	0.484814	16.1647	1		0.0088623	12.0616	43.3657	0	0	0	
2024-06-15 02:13:47	239	539	9	0	0	6	25	0	0	0	25	0	0	4	25	0	0	0	25	0	0	1.732		99.9917	72.621	0.113937	0	1.13946	0.212749	14.3189	1		0.0088623	12.0616	43.4956	0	0	0	
2024-06-15 02:12:17	227	540	1	0	0	5	21	0	0	0	21	0	0	2.5	21	0	0	0	21	0	0	2.165		99.9952	73.0941	0.092884	0	0.928885	0.297305	14.5909	1		0.0088623	12.0616	43.6256	0	0	0	
2024-06-15 02:07:28	188	541	1	0	0	1	5	0	0	0	5	0	0	0.25	5	0	0	0	5	0	0	0.649		99.9957	73.9565	0.320067	0	3.20081	0.203123	15.0835	1		0	12.0616	45.5748	0	0	0	
2024-06-15 02:12:01	225	542	5	0	0	4	17	0	0	0	17	0	0	0.5	17	0	0	0	17	0	0	3.031		99.9932	72.8688	0.06679	0	0.667945	0.108162	14.6889	1		0	12.0705	43.7555	0	0	0	
2024-06-15 02:18:23	274	543	1	0	0	7.75	32	0	0	0	32	0	0	3	32	0	0	0	32	0	0	4.113		99.9915	72.1203	0.0479316	0	0.479356	0.174788	14.3065	1		0	12.0616	42.9758	0	0	0	
2024-06-15 02:14:29	244	544	1	0	0	6	25	0	0	0	25	0	0	0.25	25	0	0	0	25	0	0	4.979		99.9903	72.5096	0.0468353	0	0.468398	0.064378	16.9224	1		0.0088623	12.0616	43.2357	0	0	0	
2024-06-15 02:22:05	302	545	1	0	0	5.25	22	0	0	0	22	0	0	2.5	22	0	0	0	22	0	0	2.381		99.9886	70.2228	0.138462	0	1.38478	2.76572	23.9273	4		0	12.0616	42.9758	0	0	0	
2024-06-15 02:11:55	224	546	1	0	0	4	17	0	0	0	17	0	0	2.5	17	0	0	0	17	0	0	1.299		99.9964	72.4838	0.149813	0	1.49818	0.272789	14.12	1		0	11.9552	43.7555	0	0	0	
2024-06-15 02:09:04	201	547	1	0	0	2	9	0	0	0	9	0	0	3	9	0	0	0	9	0	0	0.866		99.9951	73.8659	0.231384	0	2.31395	0.192817	14.539	1		0	12.0616	44.6651	0	0	0	
2024-06-15 02:16:37	261	548	5	0	0	7	29	0	0	0	29	0	0	1.5	29	0	0	0	29	0	0	4.762		99.9934	71.8663	0.0475965	0	0.475997	0.158877	16.4493	1		0	12.0616	43.1058	0	0	0	
2024-06-15 02:05:12	170	549	9	0	0	0	1	0	0	0	1	0	0	5.75	1	0	0	0	1	0	0	4.979		100.002	76.9218	0.0464101	0	0.46409	0.106034	16.7668	1		0.0088623	12.0705	47.264	0	0	0	
2024-06-15 02:05:19	171	550	5	0	0	0	1	0	0	0	1	0	0	4.5	1	0	0	0	1	0	0	3.897		100.003	77.1413	0.0544101	0	0.544087	0.0985238	15.3837	1		0	12.0705	47.1341	0	0	0	
2024-06-15 02:12:09	226	551	1	0	0	5	21	0	0	0	21	0	0	0	21	0	0	0	21	0	0	4.33		99.9932	73.066	0.0511369	0	0.511404	0.218692	16.0662	1		0.0088623	12.0705	43.7555	0	0	0	
2024-06-15 02:18:16	273	552	1	0	0	7.75	32	0	0	0	32	0	0	2.25	32	0	0	0	32	0	0	4.762		99.991	72.6701	0.0427045	0	0.427084	0.0124744	14.759	1		0	12.0616	42.9758	0	0	0	
2024-06-15 02:12:17	227	553	5	0	0	5	21	0	0	0	21	0	0	7.75	21	0	0	0	21	0	0	2.381		99.9952	73.0941	0.0825975	0	0.826015	0.0806765	14.2725	1		0.0088623	12.0616	43.6256	0	0	0	
2024-06-15 02:13:03	233	554	5	0	0	5	21	0	0	0	21	0	0	6.5	21	0	0	0	21	0	0	1.299		99.9942	72.6669	0.161755	0	1.61765	0.00778595	15.246	1		0	12.0616	43.6256	0	0	0	
2024-06-15 02:10:21	211	555	5	0	0	3	13	0	0	0	13	0	0	2	13	0	0	0	13	0	0	0.866		99.9968	75.0488	0.230159	0	2.30166	0.279269	14.4618	1		0	12.0616	44.2753	0	0	0	
2024-06-15 02:21:51	300	556	1	0	0	4.5	19	0	0	0	19	0	0	3.25	19	0	0	0	19	0	0	1.082		99.9886	71.1116	0.187767	0	1.87788	0.436741	14.7488	1		0	11.9552	42.9758	0	0	0	
2024-06-15 02:16:44	262	557	5	0	0	7.75	32	0	0	0	32	0	0	7	32	0	0	0	32	0	0	0.649		99.9883	70.6868	0.338383	0	3.38423	1.43851	15.9478	4		0.0088623	12.0616	43.1058	0	0	0	
2024-06-15 02:24:04	317	558	9	0	0	5.5	23	0	0	0	23	0	0	4.25	23	0	0	0	23	0	0	1.082		99.9908	70.4627	0.192935	0	1.92953	0.373503	15.1545	1		0	12.0616	42.9758	0	0	0	
2024-06-15 02:22:52	307	559	1	0	0	6.75	28	0	0	0	28	0	0	1	28	0	0	0	28	0	0	4.979		99.9877	70.6678	0.0511549	0	0.511612	0.223147	18.4837	1		0	12.0616	42.9758	0	0	0	
2024-06-15 02:21:12	295	560	9	0	0	4.25	18	0	0	0	18	0	0	5.5	18	0	0	0	18	0	0	1.082		99.9913	71.7139	0.194047	0	1.94064	0.311871	15.2417	1		0.0088623	11.9552	42.7159	0	0	0	
2024-06-15 02:11:19	219	561	5	0	0	4	17	0	0	0	17	0	0	7.75	17	0	0	0	17	0	0	3.247		99.9984	72.9395	0.0614134	0	0.614144	0.0330901	14.4704	1		0.0088623	12.0616	43.8855	0	0	0	
2024-06-15 02:11:19	219	562	9	0	0	4	17	0	0	0	17	0	0	6.5	17	0	0	0	17	0	0	2.165		99.9984	72.9395	0.0921457	0	0.921471	0.16972	14.4744	1		0.0088623	12.0616	43.8855	0	0	0	
2024-06-15 02:09:19	203	563	5	0	0	3	13	0	0	0	13	0	0	5	13	0	0	0	13	0	0	1.732		99.9928	74.264	0.110463	0	1.10471	0.295228	13.8822	1		0	12.0705	44.6651	0	0	0	
2024-06-15 02:09:12	202	564	1	0	0	3	13	0	0	0	13	0	0	3.75	13	0	0	0	13	0	0	0.649		99.9944	74.3778	0.326604	0	3.26622	0.778933	15.3917	1		0.0088623	12.0705	44.6651	0	0	0	
2024-06-15 02:08:07	193	565	5	0	0	2	9	0	0	0	9	0	0	7	9	0	0	0	9	0	0	4.33		100	73.717	0.0504264	0	0.504263	0.12412	15.8419	1		0	12.0705	45.055	0	0	0	
2024-06-15 02:15:53	255	566	5	0	0	7	29	0	0	0	29	0	0	6	29	0	0	0	29	0	0	0.866		99.9892	72.0281	0.256099	0	2.56127	0.494565	16.0929	1		0	12.0705	43.2357	0	0	0	
2024-06-15 02:15:14	250	567	9	0	0	7	29	0	0	0	29	0	0	4.75	29	0	0	0	29	0	0	1.948		99.9886	71.6428	0.101648	0	1.0166	0.0261726	14.3718	2		0	12.0616	43.2357	0	0	0	
2024-06-15 02:06:35	181	568	9	0	0	1	5	0	0	0	5	0	0	5.5	5	0	0	0	5	0	0	3.897		100.001	74.7185	0.0615034	0	0.615029	0.217134	17.3895	1		0	12.0616	45.8346	0	0	0	
2024-06-15 02:06:13	178	569	5	0	0	1	5	0	0	0	5	0	0	4.25	5	0	0	0	5	0	0	2.814		100.007	75.2526	0.0723205	0	0.723155	0.0213816	14.7671	1		0.0088623	12.0616	46.3544	0	0	0	
2024-06-15 02:15:06	249	570	1	0	0	6	25	0	0	0	25	0	0	3.25	25	0	0	0	25	0	0	2.381		99.9873	72.2772	0.0825637	0	0.825741	0.0116593	14.2678	1		0	12.0616	43.2357	0	0	0	
2024-06-15 02:20:29	289	571	1	0	0	0.25	2	0	0	0	2	0	0	1.5	2	0	0	0	2	0	0	1.082		99.9884	70.7763	0.175037	0	1.75057	0.0070958	13.749	1		0.0088623	12.0705	42.9758	0	0	0	
2024-06-15 02:16:15	258	572	1	0	0	7	29	0	0	0	29	0	0	0.75	29	0	0	0	29	0	0	5.412		99.9906	71.7421	0.0438784	0	0.438825	0.175899	17.2326	1		0	12.0616	43.1058	0	0	0	
2024-06-15 02:04:35	166	573	5	0	0	0	1	0	0	0	1	0	0	5	1	0	0	0	1	0	0	4.33		100	81.1955	0.0508463	0	0.508463	0.433717	15.9738	1		0	12.0793	47.7838	0	0	0	
2024-06-15 02:05:26	172	574	1	0	0	0	1	0	0	0	1	0	0	3.75	1	0	0	0	1	0	0	3.247		100.001	76.7915	0.0625963	0	0.625956	0.0254517	14.7487	1		0	12.0616	47.0042	0	0	0	
2024-06-15 02:24:26	320	575	9	0	0	7.5	31	0	0	0	31	0	0	6.25	31	0	0	0	31	0	0	1.082		99.9913	71.1077	0.190218	0	1.90234	0.992892	14.941	1		0.0088623	12.0616	43.1058	0	0	0	
2024-06-15 02:21:37	298	576	9	0	0	6.25	26	0	0	0	26	0	0	7.5	26	0	0	0	26	0	0	1.082		99.9907	72.0288	0.190964	0	1.90981	0.131284	14.9996	1		0	12.0616	42.9758	0	0	0	
2024-06-15 02:14:05	241	577	5	0	0	6	25	0	0	0	25	0	0	7.25	25	0	0	0	25	0	0	1.082		99.9899	71.553	0.240666	0	2.4069	0.215098	18.9038	2		0	12.0616	43.3657	0	0	0	
2024-06-15 02:17:24	266	578	1	0	0	7.75	32	0	0	0	32	0	0	1.5	32	0	0	0	32	0	0	5.412		99.9875	72.3707	0.0390906	0	0.390955	0.162575	15.3527	1		0.0088623	12.0616	43.1058	0	0	0	
2024-06-15 02:12:24	228	579	5	0	0	5	21	0	0	0	21	0	0	5.75	21	0	0	0	21	0	0	0.649		99.9891	72.9362	0.342468	0	3.42505	0.386223	16.1402	1		0	12.0616	43.6256	0	0	0	
2024-06-15 02:12:38	230	580	5	0	0	5	21	0	0	0	21	0	0	4.5	21	0	0	0	21	0	0	0.433		99.9913	72.9718	0.485811	0	4.85854	0.453916	15.2635	1		0	12.0616	43.6256	0	0	0	
2024-06-15 02:10:35	213	581	1	0	0	3	13	0	0	0	13	0	0	1.25	13	0	0	0	13	0	0	1.515		99.9953	75.0845	0.120977	0	1.20983	0.16507	13.3028	1		0	12.0616	44.1454	0	0	0	
2024-06-15 02:07:04	185	582	1	0	0	1	5	0	0	0	5	0	0	2.25	5	0	0	0	5	0	0	1.082		99.9971	73.9528	0.173322	0	1.73327	0.00118208	13.6131	2		0	12.0705	45.7047	0	0	0	
2024-06-15 02:20:19	288	583	1	0	0	0.5	3	0	0	0	3	0	0	1.25	3	0	0	0	3	0	0	0.649		99.9876	70.7065	0.319121	0	3.19161	0.0507531	15.0401	2		0	12.0616	42.8459	0	0	0	
2024-06-15 02:19:00	279	584	9	0	0	2.5	11	0	0	0	11	0	0	5.25	11	0	0	0	11	0	0	2.381		99.9871	70.7797	0.0909194	0	0.909311	0.406651	15.7118	2		0	12.0616	43.1058	0	0	0	
2024-06-15 02:16:59	263	585	5	0	0	7.75	32	0	0	0	32	0	0	7.5	32	0	0	0	32	0	0	0.216		99.9881	74.0158	0.855603	0	8.55705	0.5977	13.4414	1		0	12.0616	43.1058	0	0	0	
2024-06-15 02:17:31	267	586	9	0	0	7.75	32	0	0	0	32	0	0	6.25	32	0	0	0	32	0	0	1.299		99.9889	71.758	0.158061	0	1.58079	0.27956	14.8986	1		0	12.0616	42.9758	0	0	0	
2024-06-15 02:21:44	299	587	1	0	0	4.25	18	0	0	0	18	0	0	3.5	18	0	0	0	18	0	0	0.649		99.9884	71.7021	0.338987	0	3.39027	0.253718	15.9763	1		0.0088623	12.0616	42.9758	0	0	0	
2024-06-15 02:14:51	247	588	1	0	0	6	25	0	0	0	25	0	0	2.25	25	0	0	0	25	0	0	3.247		99.9921	72.419	0.0639964	0	0.640015	0.0833897	15.08	1		0	12.0616	43.2357	0	0	0	
2024-06-15 02:23:57	316	589	9	0	0	5.25	22	0	0	0	22	0	0	4.5	22	0	0	0	22	0	0	0.649		99.9864	71.1376	0.336427	0	3.36473	0.321836	15.8559	1		0.0088623	12.0705	43.1058	0	0	0	
2024-06-15 02:11:12	218	590	9	0	0	4	17	0	0	0	17	0	0	5.75	17	0	0	0	17	0	0	1.515		99.9985	73.469	0.132316	0	1.32318	0.10339	14.5492	1		0	12.0616	43.8855	0	0	0	
2024-06-15 02:10:43	214	591	5	0	0	4	17	0	0	0	17	0	0	4.5	17	0	0	0	17	0	0	0.433		99.9953	73.502	0.524713	0	5.24738	0.411149	16.4851	1		0.0088623	12.0616	44.0154	0	0	0	
2024-06-15 02:06:05	177	592	1	0	0	0	1	0	0	0	1	0	0	2	1	0	0	0	1	0	0	1.732		100.002	75.3379	0.133603	0	1.33599	0.681003	16.7886	1		0	11.9552	46.3544	0	0	0	
2024-06-15 02:07:49	191	593	5	0	0	2	9	0	0	0	9	0	0	7.5	9	0	0	0	9	0	0	4.762		99.9972	73.605	0.0465298	0	0.465311	0.123909	16.08	2		0	12.0705	45.3149	0	0	0	
2024-06-15 02:08:07	193	594	9	0	0	2	9	0	0	0	9	0	0	6.25	9	0	0	0	9	0	0	3.68		100	73.717	0.0586712	0	0.586711	0.189878	15.6673	1		0	12.0705	45.055	0	0	0	
2024-06-15 02:15:31	252	595	5	0	0	7	29	0	0	0	29	0	0	5.25	29	0	0	0	29	0	0	1.515		99.9919	72.0289	0.132605	0	1.32616	0.286396	14.5819	1		0	12.0616	43.2357	0	0	0	
2024-06-15 02:15:53	255	596	9	0	0	7	29	0	0	0	29	0	0	4	29	0	0	0	29	0	0	2.598		99.9892	72.0281	0.0761124	0	0.761206	0.0548733	14.3484	1		0	12.0705	43.2357	0	0	0	
2024-06-15 02:06:27	180	597	1	0	0	1	5	0	0	0	5	0	0	3.5	5	0	0	0	5	0	0	2.165		100.002	74.9452	0.0853175	0	0.853157	0.112058	13.4014	1		0.0088623	12.0616	45.9646	0	0	0	
2024-06-15 02:14:51	247	598	5	0	0	6	25	0	0	0	25	0	0	2.5	25	0	0	0	25	0	0	3.031		99.9921	72.419	0.0731109	0	0.731166	0.214107	16.0792	1		0	12.0616	43.2357	0	0	0	
2024-06-15 02:23:50	315	599	1	0	0	3.75	16	0	0	0	16	0	0	2	16	0	0	0	16	0	0	1.515		99.9874	70.6924	0.129355	0	1.29371	0.273716	14.2251	1		0	11.9464	42.9758	0	0	0	
2024-06-15 02:12:46	231	600	1	0	0	5	21	0	0	0	21	0	0	2	21	0	0	0	21	0	0	2.598		99.9905	72.3627	0.0771684	0	0.771758	0.0640182	14.5473	2		0	12.0616	43.6256	0	0	0	
2024-06-15 02:07:49	191	601	1	0	0	2	9	0	0	0	9	0	0	1.75	9	0	0	0	9	0	0	0.216		99.9972	73.605	0.758854	0	7.58875	0.0222974	11.9204	2		0	12.0705	45.3149	0	0	0	
2024-06-15 02:15:46	254	602	1	0	0	7	29	0	0	0	29	0	0	0	29	0	0	0	29	0	0	6.061		99.9895	71.9955	0.0402536	0	0.402578	0.124019	17.7063	1		0	12.0616	43.2357	0	0	0	
2024-06-15 02:05:01	169	603	1	0	0	0	1	0	0	0	1	0	0	3	1	0	0	0	1	0	0	2.598		100.003	77.3521	0.0755899	0	0.755877	0.0206699	14.2479	2		0.0088623	12.0616	47.394	0	0	0	
2024-06-15 02:09:41	206	604	9	0	0	3	13	0	0	0	13	0	0	7	13	0	0	0	13	0	0	3.464		99.9908	74.0318	0.0595235	0	0.595289	0.0723492	14.9613	1		0	12.0616	44.5352	0	0	0	
2024-06-15 02:13:39	238	605	5	0	0	6	25	0	0	0	25	0	0	7.75	25	0	0	0	25	0	0	1.515		99.9913	72.5735	0.136764	0	1.36776	0.5846	15.0393	1		0	12.0616	43.2357	0	0	0	
2024-06-15 02:13:47	239	606	5	0	0	6	25	0	0	0	25	0	0	6.5	25	0	0	0	25	0	0	0.433		99.9917	72.621	0.52951	0	5.29554	0.609447	16.6364	1		0.0088623	12.0616	43.4956	0	0	0	
2024-06-15 02:16:44	262	607	1	0	0	7.75	32	0	0	0	32	0	0	0.75	32	0	0	0	32	0	0	6.061		99.9883	70.6868	0.0364903	0	0.364946	0.246097	16.0512	4		0.0088623	12.0616	43.1058	0	0	0	
2024-06-15 02:12:56	232	608	1	0	0	5	21	0	0	0	21	0	0	3.75	21	0	0	0	21	0	0	1.082		99.995	72.5718	0.189586	0	1.89596	0.201743	14.8908	1		0	12.0616	43.4956	0	0	0	
2024-06-15 02:10:13	210	609	1	0	0	3	13	0	0	0	13	0	0	0.5	13	0	0	0	13	0	0	2.165		99.9922	73.9894	0.0872652	0	0.87272	0.034206	13.7087	1		0	12.0705	44.2753	0	0	0	
2024-06-15 02:07:14	186	610	1	0	0	1	5	0	0	0	5	0	0	1.5	5	0	0	0	5	0	0	0.433		99.9971	74.1424	0.465719	0	4.65732	0.211697	14.6314	1		0.0088623	12.0705	45.7047	0	0	0	
2024-06-15 02:25:39	328	611	1	0	0	2	9	0	0	5.75	9	0	0	3.25	9	0	0	4.5	9	0	0	0.649		99.9956	19.9111	0.173483	0	1.73491	0.169498	13.6259	2		0.0088623	12.0616	43.1058	0	0	0	
2024-06-15 02:11:40	222	612	5	0	0	4	17	0	0	0	17	0	0	1.75	17	0	0	0	17	0	0	1.948		99.9921	72.7477	0.0963872	0	0.963948	0.160375	13.6275	1		0	12.0616	43.7555	0	0	0	
2024-06-15 02:20:44	291	613	1	0	0	2.5	11	0	0	0	11	0	0	3.25	11	0	0	0	11	0	0	0.649		99.9875	71.285	0.315745	0	3.15784	0.598643	14.881	1		0	12.0616	42.9758	0	0	0	
2024-06-15 02:17:24	266	614	5	0	0	7.75	32	0	0	0	32	0	0	5.5	32	0	0	0	32	0	0	1.948		99.9875	72.3707	0.0999268	0	0.999393	0.230092	14.1286	1		0.0088623	12.0616	43.1058	0	0	0	
2024-06-15 02:17:06	264	615	9	0	0	7.75	32	0	0	0	32	0	0	4.25	32	0	0	0	32	0	0	3.031		99.9878	71.6762	0.0636529	0	0.636607	0.00934825	13.9997	2		0	12.0616	43.1058	0	0	0	
2024-06-15 02:14:44	246	616	5	0	0	6	25	0	0	0	25	0	0	1.5	25	0	0	0	25	0	0	3.897		99.9904	72.3788	0.0563761	0	0.563815	0.0137601	15.9415	1		0	12.0616	43.2357	0	0	0	
2024-06-15 02:11:26	220	617	9	0	0	4	17	0	0	0	17	0	0	5	17	0	0	0	17	0	0	0.866		99.9964	72.7703	0.251408	0	2.51417	0.256365	15.797	1		0	11.9552	43.8855	0	0	0	
2024-06-15 02:11:12	218	618	1	0	0	4	17	0	0	0	17	0	0	3.75	17	0	0	0	17	0	0	0.216		99.9985	73.469	0.856682	0	8.56694	0.252509	13.4569	1		0	12.0616	43.8855	0	0	0	
2024-06-15 02:05:51	175	619	1	0	0	0	1	0	0	0	1	0	0	1.25	1	0	0	0	1	0	0	1.082		100.002	75.5041	0.17549	0	1.75486	0.0677389	13.7826	1		0	11.9552	46.6143	0	0	0	
2024-06-15 02:07:49	191	620	9	0	0	2	9	0	0	0	9	0	0	5.5	9	0	0	0	9	0	0	3.031		99.9972	73.605	0.108027	0	1.0803	0.293429	23.7571	2		0	12.0705	45.3149	0	0	0	
2024-06-15 02:08:35	197	621	5	0	0	2	9	0	0	0	9	0	0	4.25	9	0	0	0	9	0	0	1.948		99.9971	73.8066	0.0996206	0	0.996235	0.0373285	14.0839	1		0.0088623	12.0616	44.925	0	0	0	
2024-06-15 02:16:29	260	622	1	0	0	7	29	0	0	0	29	0	0	3.25	29	0	0	0	29	0	0	3.247		99.9955	72.0298	0.0615842	0	0.61587	0.0963948	14.5111	1		0.0088623	12.0616	43.1058	0	0	0	
2024-06-15 02:06:42	182	623	1	0	0	1	5	0	0	0	5	0	0	2.75	5	0	0	0	5	0	0	1.515		99.9972	74.9617	0.121184	0	1.21187	0.274874	13.3252	1		0.0088623	12.0705	45.8346	0	0	0	
2024-06-15 02:05:34	173	624	9	0	0	0	1	0	0	0	1	0	0	7	1	0	0	0	1	0	0	6.061		99.9965	76.2841	0.0396859	0	0.396873	0.295371	17.4554	1		0.0088623	12.0705	46.8742	0	0	0	
2024-06-15 02:12:38	230	625	1	0	0	5	21	0	0	0	21	0	0	1.25	21	0	0	0	21	0	0	3.247		99.9913	72.9718	0.0670764	0	0.670822	0.0950393	15.8059	1		0	12.0616	43.6256	0	0	0	
2024-06-15 02:08:50	199	626	1	0	0	2	9	0	0	0	9	0	0	1	9	0	0	0	9	0	0	0.866		99.998	73.8881	0.220935	0	2.2094	0.25049	13.8821	1		0.0088623	12.0616	44.7951	0	0	0	
2024-06-15 02:09:59	208	627	5	0	0	3	13	0	0	0	13	0	0	7.5	13	0	0	0	13	0	0	3.897		99.9939	74.0766	0.0534492	0	0.534525	0.137387	15.1133	1		0	12.0616	44.2753	0	0	0	
2024-06-15 02:09:27	204	628	5	0	0	3	13	0	0	0	13	0	0	6.25	13	0	0	0	13	0	0	2.814		99.9926	74.4122	0.0728021	0	0.728075	0.218175	14.8676	1		0	12.0616	44.5352	0	0	0	
2024-06-15 02:15:14	250	629	5	0	0	7	29	0	0	0	29	0	0	7.25	29	0	0	0	29	0	0	0.216		99.9886	71.6428	0.733885	0	7.33969	0.710538	11.5292	2		0	12.0616	43.2357	0	0	0	
2024-06-15 02:06:42	182	630	5	0	0	1	5	0	0	0	5	0	0	6.75	5	0	0	0	5	0	0	4.979		99.9972	74.9617	0.0504236	0	0.50425	0.150423	18.2177	1		0.0088623	12.0705	45.8346	0	0	0	
2024-06-15 02:14:29	244	631	9	0	0	6	25	0	0	0	25	0	0	5.75	25	0	0	0	25	0	0	0.216		99.9903	72.5096	0.840162	0	8.40243	0.370532	13.1985	1		0.0088623	12.0616	43.2357	0	0	0	
2024-06-15 02:13:39	238	632	9	0	0	6	25	0	0	0	25	0	0	4.5	25	0	0	0	25	0	0	1.299		99.9913	72.5735	0.15758	0	1.57594	0.692648	14.8529	1		0	12.0616	43.2357	0	0	0	
2024-06-15 02:17:06	264	633	1	0	0	7.75	32	0	0	0	32	0	0	0	32	0	0	0	32	0	0	6.711		99.9878	71.6762	0.0341011	0	0.341053	0.0308579	16.6075	2		0	12.0616	43.1058	0	0	0	
2024-06-15 02:13:32	237	634	1	0	0	5	21	0	0	0	21	0	0	3	21	0	0	0	21	0	0	1.732		99.9927	72.8333	0.1094	0	1.09408	0.206699	13.7486	1		0	12.0705	43.4956	0	0	0	
2024-06-15 02:07:14	186	635	5	0	0	1	5	0	0	0	5	0	0	0.75	5	0	0	0	5	0	0	0.216		99.9971	74.1424	0.784086	0	7.8411	0.225962	12.3168	1		0.0088623	12.0705	45.7047	0	0	0	
2024-06-15 02:22:31	304	636	1	0	0	5.75	24	0	0	0	24	0	0	2	24	0	0	0	24	0	0	3.247		99.9924	71.2364	0.066064	0	0.66069	0.130595	15.5672	1		0	12.0616	42.8459	0	0	0	
2024-06-15 02:12:01	225	637	1	0	0	4	17	0	0	0	17	0	0	1	17	0	0	0	17	0	0	2.598		99.9932	72.8688	0.0736173	0	0.736223	0.0653796	13.8775	1		0	12.0705	43.7555	0	0	0	
2024-06-15 02:17:54	270	638	5	0	0	7.75	32	0	0	0	32	0	0	3.5	32	0	0	0	32	0	0	3.68		99.9883	72.0579	0.0524313	0	0.524375	0.27498	14.0027	1		0.0088623	12.0616	42.8459	0	0	0	
2024-06-15 02:14:59	248	639	5	0	0	6	25	0	0	0	25	0	0	0.75	25	0	0	0	25	0	0	4.546		99.9901	72.4827	0.0522253	0	0.522305	0.347352	17.2291	1		0	12.0616	43.2357	0	0	0	
2024-06-15 02:11:04	217	640	1	0	0	4	17	0	0	0	17	0	0	3	17	0	0	0	17	0	0	0.866		99.9923	73.2761	0.240155	0	2.40174	0.507312	15.0906	1		0	12.0705	44.0154	0	0	0	
2024-06-15 02:05:19	171	641	1	0	0	0	1	0	0	0	1	0	0	0.5	1	0	0	0	1	0	0	0.433		100.003	77.1413	0.461277	0	4.61265	0.165692	14.4911	1		0	12.0705	47.1341	0	0	0	
2024-06-15 02:24:40	322	642	1	0	0	3.5	15	0	0	4.25	15	0	0	2.75	15	0	0	5	15	0	0	0.389		99.9959	19.1426	0.332276	0	3.3229	0.118415	15.6588	1		0	12.0616	42.9758	0	0	0	
2024-06-15 02:08:58	200	643	1	0	0	2	9	0	0	0	9	0	0	3.5	9	0	0	0	9	0	0	1.299		99.9952	73.7348	0.149757	0	1.49764	0.103337	14.115	1		0	12.0616	44.7951	0	0	0	
2024-06-15 02:15:39	253	644	1	0	0	7	29	0	0	0	29	0	0	2.5	29	0	0	0	29	0	0	3.897		99.9862	71.91	0.0555243	0	0.55532	0.340326	15.7013	1		0	12.0616	43.2357	0	0	0	
2024-06-15 02:15:53	255	645	1	0	0	7	29	0	0	0	29	0	0	2	29	0	0	0	29	0	0	4.33		99.9892	72.0281	0.0505427	0	0.505481	0.0734121	15.8802	1		0	12.0705	43.2357	0	0	0	
2024-06-15 02:05:26	172	646	9	0	0	0	1	0	0	0	1	0	0	7.5	1	0	0	0	1	0	0	6.494		100.001	76.7915	0.0374349	0	0.374345	0.499383	17.6406	1		0	12.0616	47.0042	0	0	0	
2024-06-15 02:05:19	171	647	9	0	0	0	1	0	0	0	1	0	0	6.25	1	0	0	0	1	0	0	5.412		100.003	77.1413	0.0436555	0	0.436543	0.140104	17.143	1		0	12.0705	47.1341	0	0	0	
2024-06-15 02:13:18	235	648	1	0	0	5	21	0	0	0	21	0	0	0.5	21	0	0	0	21	0	0	3.897		99.9915	72.9889	0.0600148	0	0.600199	0.709108	16.9702	1		0.0088623	12.0616	43.4956	0	0	0	
2024-06-15 02:23:13	310	649	1	0	0	1.25	6	0	0	0	6	0	0	0.5	6	0	0	0	6	0	0	0.649		99.9863	71.8484	0.319276	0	3.1932	0.322599	15.0476	1		0.0088623	12.0616	42.9758	0	0	0	
2024-06-15 02:12:46	231	650	9	0	0	5	21	0	0	0	21	0	0	7	21	0	0	0	21	0	0	1.732		99.9905	72.3627	0.116116	0	1.16127	0.0520374	14.593	2		0	12.0616	43.6256	0	0	0	
2024-06-15 02:07:42	190	651	1	0	0	2	9	0	0	0	9	0	0	0.25	9	0	0	0	9	0	0	1.515		100.004	74.0097	0.124496	0	1.24491	0.496206	13.6885	1		0.0088623	12.0705	45.4448	0	0	0	
2024-06-15 02:11:26	220	652	5	0	0	4	17	0	0	0	17	0	0	7	17	0	0	0	17	0	0	2.598		99.9964	72.7703	0.0771985	0	0.772012	0.138416	14.5521	1		0	11.9552	43.8855	0	0	0	
2024-06-15 02:09:12	202	653	5	0	0	3	13	0	0	0	13	0	0	5.5	13	0	0	0	13	0	0	2.165		99.9944	74.3778	0.0927754	0	0.927807	0.879611	14.574	1		0.0088623	12.0705	44.6651	0	0	0	
2024-06-15 02:09:19	203	654	9	0	0	3	13	0	0	0	13	0	0	4.25	13	0	0	0	13	0	0	1.082		99.9928	74.264	0.185554	0	1.85568	0.473903	14.5745	1		0	12.0705	44.6651	0	0	0	
2024-06-15 02:15:39	253	655	5	0	0	7	29	0	0	0	29	0	0	7.75	29	0	0	0	29	0	0	0.649		99.9862	71.91	0.345999	0	3.46047	0.498779	16.3071	1		0	12.0616	43.2357	0	0	0	
2024-06-15 02:15:24	251	656	9	0	0	7	29	0	0	0	29	0	0	6.5	29	0	0	0	29	0	0	0.433		99.9907	72.3093	0.501441	0	5.01487	0.622117	15.7547	1		0	12.0616	43.1058	0	0	0	
2024-06-15 02:06:56	184	657	9	0	0	1	5	0	0	0	5	0	0	6	5	0	0	0	5	0	0	4.33		100	74.3407	0.0568886	0	0.568885	0.114464	17.872	1		0.0088623	12.0705	45.8346	0	0	0	
2024-06-15 02:06:20	179	658	5	0	0	1	5	0	0	0	5	0	0	4.75	5	0	0	0	5	0	0	3.247		100.002	74.9461	0.0680293	0	0.680278	0.350697	16.0287	1		0.0088623	12.0705	46.2245	0	0	0	
2024-06-15 02:20:58	293	659	9	0	0	4.75	20	0	0	0	20	0	0	5	20	0	0	0	20	0	0	0.216		99.9839	71.226	0.797608	0	7.97737	0.497117	12.5308	1		0	12.0616	42.8459	0	0	0	
2024-06-15 02:13:54	240	660	5	0	0	6	25	0	0	0	25	0	0	5	25	0	0	0	25	0	0	0.866		99.9913	71.7656	0.250673	0	2.50695	0.0679839	15.7516	2		0	12.0616	43.3657	0	0	0	
2024-06-15 02:14:15	242	661	1	0	0	6	25	0	0	0	25	0	0	3.75	25	0	0	0	25	0	0	1.948		99.9931	71.9739	0.101511	0	1.01518	0.352676	14.3517	1		0.0088623	12.0616	43.3657	0	0	0	
2024-06-15 02:07:35	189	662	1	0	0	1	5	0	0	0	5	0	0	0	5	0	0	0	5	0	0	0.866		99.9967	73.8432	0.228617	0	2.28625	0.237751	14.3649	1		0.0088623	12.0616	45.5748	0	0	0	
2024-06-15 02:19:47	284	663	9	0	0	0.75	4	0	0	0	4	0	0	7	4	0	0	0	4	0	0	5.412		99.9905	71.9412	0.0434818	0	0.434859	0.224328	17.0769	1		0	12.0616	42.9758	0	0	0	
2024-06-15 02:11:40	222	664	1	0	0	4	17	0	0	0	17	0	0	0.25	17	0	0	0	17	0	0	3.247		99.9921	72.7477	0.0606333	0	0.606381	0.00580391	14.2875	1		0	12.0616	43.7555	0	0	0	
2024-06-15 02:18:01	271	665	5	0	0	7.75	32	0	0	0	32	0	0	2.75	32	0	0	0	32	0	0	4.33		99.9875	72.0758	0.0466256	0	0.466315	0.0816658	14.6497	1		0	12.0616	42.9758	0	0	0	
2024-06-15 02:13:47	239	666	1	0	0	6	25	0	0	0	25	0	0	0	25	0	0	0	25	0	0	5.195		99.9917	72.621	0.0495647	0	0.495688	0.0769938	18.687	1		0.0088623	12.0616	43.4956	0	0	0	
2024-06-15 02:08:35	197	667	1	0	0	2	9	0	0	0	9	0	0	2.75	9	0	0	0	9	0	0	0.649		99.9971	73.8066	0.32398	0	3.23989	0.420824	15.2676	1		0.0088623	12.0616	44.925	0	0	0	
2024-06-15 02:15:14	250	668	1	0	0	7	29	0	0	0	29	0	0	1.25	29	0	0	0	29	0	0	4.979		99.9886	71.6428	0.0480154	0	0.480209	0.517688	17.3491	2		0	12.0616	43.2357	0	0	0	
2024-06-15 02:04:54	168	669	9	0	0	0	1	0	0	0	1	0	0	5.5	1	0	0	0	1	0	0	4.762		100.007	78.7819	0.0651783	0	0.65174	0.226601	22.5225	1		0	12.0616	47.6539	0	0	0	
2024-06-15 02:04:47	167	670	5	0	0	0	1	0	0	0	1	0	0	4.25	1	0	0	0	1	0	0	3.68		100.004	79.2856	0.0565173	0	0.565148	0.618291	15.0914	1		0	12.0705	47.9138	0	0	0	
