Time	MeasID	DPID	Channel	A(x)	A(y)	A(z)	A(adr)	B(x)	B(y)	B(z)	B(adr)	M(x)	M(y)	M(z)	M(adr)	N(x)	N(y)	N(z)	N(adr)	F(x)	F(y)	F(z)	Note	I(mA)	Uout(V)	U(V)	SP(V)	R(Ohm)	Var(%)	Rho-a(Ohm-m)	Cycles	IP Delay Window(mV/V)	Pint(V)	Pext(V)	T int(deg C)	T log(deg C)	Latitude	Longitude
2024-06-15 22:17:48	1916	3686	1	0	0	7.75	32	0	0	0	32	0	0	2	32	0	0	0	32	0	0	4.979		100.01	79.1749	0.0418219	0	0.418178	0.190052	15.1081	1		0.0088623	12.0705	44.7951	0	0	0	
2024-06-15 22:13:21	1881	3687	5	0	0	5	21	0	0	0	21	0	0	7.5	21	0	0	0	21	0	0	2.165		100.012	80.2795	0.0902741	0	0.902633	0.0342049	14.1785	1		0.0088623	12.0616	45.1849	0	0	0	
2024-06-15 22:12:47	1877	3688	5	0	0	5	21	0	0	0	21	0	0	6.25	21	0	0	0	21	0	0	1.082		100.016	81.0065	0.196054	0	1.96023	0.288639	15.3956	1		0.0088623	12.0705	45.3149	0	0	0	
2024-06-15 22:09:48	1854	3689	1	0	0	3	13	0	0	0	13	0	0	1.75	13	0	0	0	13	0	0	1.082		100.019	81.4928	0.177251	0	1.77218	0.270641	13.9187	1		0.0088623	12.0616	46.0945	0	0	0	
2024-06-15 22:18:03	1918	3690	5	0	0	7.75	32	0	0	0	32	0	0	6.75	32	0	0	0	32	0	0	0.866		100.013	79.0174	0.249613	0	2.49582	0.190232	15.6817	1		0.0088623	12.0616	44.6651	0	0	0	
2024-06-15 22:23:40	1962	3691	1	0	0	3.25	14	0	0	0	14	0	0	2.5	14	0	0	0	14	0	0	0.649		100.012	77.5693	0.308661	0	3.08624	0.501589	14.5436	1		0	12.0616	44.6651	0	0	0	
2024-06-15 22:10:57	1863	3692	5	0	0	4	17	0	0	0	17	0	0	7.5	17	0	0	0	17	0	0	3.031		100.019	80.3755	0.0659308	0	0.659182	0.0619232	14.4962	1		0.0088623	12.0616	45.5748	0	0	0	
2024-06-15 22:11:19	1866	3693	9	0	0	4	17	0	0	0	17	0	0	6.25	17	0	0	0	17	0	0	1.948		100.016	80.0922	0.102318	0	1.02301	0.0786534	14.4625	1		0.0088623	12.0616	45.5748	0	0	0	
2024-06-15 22:09:25	1851	3694	1	0	0	3	13	0	0	0	13	0	0	3.5	13	0	0	0	13	0	0	0.433		100.018	82.568	0.472615	0	4.7253	0.63314	14.845	1		0.0088623	12.0616	46.2245	0	0	0	
2024-06-15 22:08:27	1843	3695	9	0	0	2	9	0	0	0	9	0	0	6.75	9	0	0	0	9	0	0	4.113		100.023	81.2625	0.0529913	0	0.52979	0.448455	15.8116	1		0.0088623	12.0616	46.7443	0	0	0	
2024-06-15 22:15:54	1901	3696	9	0	0	7	29	0	0	0	29	0	0	5.75	29	0	0	0	29	0	0	1.082		100.01	79.0162	0.195729	0	1.95711	0.430558	15.3711	1		0.0088623	12.0616	44.7951	0	0	0	
2024-06-15 22:16:33	1906	3697	9	0	0	7	29	0	0	0	29	0	0	4.5	29	0	0	0	29	0	0	2.165		100.007	78.9087	0.0911429	0	0.911363	0.0635978	14.3157	1		0	12.0616	44.7951	0	0	0	
2024-06-15 22:06:55	1831	3698	9	0	0	1	5	0	0	0	5	0	0	5.25	5	0	0	0	5	0	0	3.68		100.024	82.6544	0.0617614	0	0.617468	0.390819	16.4886	1		0.0088623	12.0616	47.6539	0	0	0	
2024-06-15 22:06:29	1828	3699	9	0	0	1	5	0	0	0	5	0	0	4	5	0	0	0	5	0	0	2.598		100.016	82.0002	0.0731486	0	0.731368	0.0399973	13.786	2		0.0088623	12.0616	47.9138	0	0	0	
2024-06-15 22:22:03	1950	3700	1	0	0	4.75	20	0	0	0	20	0	0	3	20	0	0	0	20	0	0	1.515		100.012	77.6204	0.126498	0	1.26483	0.157314	13.9075	1		0.0088623	12.0705	44.2753	0	0	0	
2024-06-15 22:15:37	1899	3701	5	0	0	6	25	0	0	0	25	0	0	3	25	0	0	0	25	0	0	2.598		100.014	79.3181	0.0773169	0	0.77306	0.185593	14.5718	1		0	12.0616	44.7951	0	0	0	
2024-06-15 22:08:20	1842	3702	1	0	0	2	9	0	0	0	9	0	0	2.25	9	0	0	0	9	0	0	0.216		100.021	81.3452	0.753959	0	7.53798	0.268721	11.8406	1		0	12.0616	46.8742	0	0	0	
2024-06-15 22:15:54	1901	3703	1	0	0	7	29	0	0	0	29	0	0	0.5	29	0	0	0	29	0	0	5.628		100.01	79.0162	0.0441619	0	0.441576	0.170453	18.0343	1		0.0088623	12.0616	44.7951	0	0	0	
2024-06-15 22:05:52	1823	3704	5	0	0	0	1	0	0	0	1	0	0	3.5	1	0	0	0	1	0	0	3.031		100.021	83.8863	0.0699058	0	0.698915	0.557538	15.3699	1		0	12.0616	48.4336	0	0	0	
2024-06-15 22:23:33	1961	3705	1	0	0	1.75	8	0	0	0	8	0	0	0	8	0	0	0	8	0	0	1.515		100.014	77.1805	0.121818	0	1.21802	0.0389386	13.3928	1		0	12.0616	44.6651	0	0	0	
2024-06-15 22:14:19	1889	3706	5	0	0	6	25	0	0	0	25	0	0	7	25	0	0	0	25	0	0	0.866		100.013	80.6421	0.257755	0	2.57723	0.272805	16.1932	1		0	12.0616	45.055	0	0	0	
2024-06-15 22:22:50	1955	3707	1	0	0	6.5	27	0	0	0	27	0	0	1.25	27	0	0	0	27	0	0	4.546		100.014	77.564	0.0550917	0	0.550837	0.102968	18.1703	1		0.0088623	12.0705	44.5352	0	0	0	
2024-06-15 22:18:03	1918	3708	1	0	0	7.75	32	0	0	0	32	0	0	1.25	32	0	0	0	32	0	0	5.628		100.013	79.0174	0.0391934	0	0.391885	0.0717701	16.0048	1		0.0088623	12.0616	44.6651	0	0	0	
2024-06-15 22:12:40	1876	3709	1	0	0	5	21	0	0	0	21	0	0	5.5	21	0	0	0	21	0	0	0.433		100.015	83.3067	0.48891	0	4.88837	0.497828	15.3573	1		0.0088623	12.0616	45.3149	0	0	0	
2024-06-15 22:12:25	1875	3710	5	0	0	5	21	0	0	0	21	0	0	4.25	21	0	0	0	21	0	0	0.649		100.017	78.6636	0.330899	0	3.30844	0.112606	15.5906	4		0	12.0616	45.3149	0	0	0	
2024-06-15 22:10:05	1856	3711	1	0	0	3	13	0	0	0	13	0	0	1	13	0	0	0	13	0	0	1.732		100.022	81.0784	0.10568	0	1.05656	0.025392	13.2771	1		0.0088623	12.0616	46.0945	0	0	0	
2024-06-15 22:07:17	1834	3712	1	0	0	1	5	0	0	0	5	0	0	2	5	0	0	0	5	0	0	0.866		100.021	81.9073	0.220172	0	2.20126	0.219587	13.8309	1		0.0088623	12.0705	47.1341	0	0	0	
2024-06-15 22:19:31	1930	3713	9	0	0	1.75	8	0	0	0	8	0	0	6	8	0	0	0	8	0	0	3.68		100.008	78.4823	0.0609162	0	0.609114	0.0467378	16.2655	1		0	12.0616	44.6651	0	0	0	
2024-06-15 22:11:04	1864	3714	1	0	0	4	17	0	0	0	17	0	0	2.25	17	0	0	0	17	0	0	1.515		100.018	80.2719	0.123873	0	1.23851	0.178517	13.6181	1		0	12.0616	45.7047	0	0	0	
2024-06-15 22:17:55	1917	3715	9	0	0	7.75	32	0	0	0	32	0	0	6	32	0	0	0	32	0	0	1.515		100.011	78.8211	0.132778	0	1.32763	0.0823443	14.5981	1		0.0088623	12.0616	44.6651	0	0	0	
2024-06-15 22:17:17	1912	3716	5	0	0	7.75	32	0	0	0	32	0	0	4.75	32	0	0	0	32	0	0	2.598		100.007	78.8623	0.0736443	0	0.736388	0.22575	13.8806	1		0	12.0705	44.6651	0	0	0	
2024-06-15 22:15:08	1895	3717	1	0	0	6	25	0	0	0	25	0	0	2	25	0	0	0	25	0	0	3.464		100.012	80.5672	0.064077	0	0.640693	0.340099	16.1024	1		0	12.0616	44.925	0	0	0	
2024-06-15 22:10:57	1863	3718	9	0	0	4	17	0	0	0	17	0	0	5.5	17	0	0	0	17	0	0	1.299		100.019	80.3755	0.159628	0	1.59597	0.168873	15.0417	1		0.0088623	12.0616	45.5748	0	0	0	
2024-06-15 22:11:04	1864	3719	9	0	0	4	17	0	0	0	17	0	0	4.25	17	0	0	0	17	0	0	0.216		100.018	80.2719	0.857296	0	8.57143	0.0407169	13.464	1		0	12.0616	45.7047	0	0	0	
2024-06-15 22:05:20	1819	3720	1	0	0	0	1	0	0	0	1	0	0	1.75	1	0	0	0	1	0	0	1.515		100.015	84.973	0.122074	0	1.22055	0.0705191	13.4206	1		0.0088623	12.0705	49.0833	0	0	0	
2024-06-15 22:24:38	1970	3721	1	0	0	3.75	16	0	0	4	16	0	0	3.5	16	0	0	4.25	16	0	0	0.13		100.013	18.2886	0.598805	0	5.98729	0.203577	9.40481	1		0.0088623	12.0616	44.5352	0	0	0	
2024-06-15 22:09:40	1853	3722	1	0	0	3	13	0	0	0	13	0	0	2.75	13	0	0	0	13	0	0	0.216		100.021	81.976	0.752204	0	7.52046	0.403412	11.8131	1		0.0088623	12.0616	46.2245	0	0	0	
2024-06-15 22:08:01	1840	3723	9	0	0	2	9	0	0	0	9	0	0	6	9	0	0	0	9	0	0	3.464		100.022	81.8587	0.0640405	0	0.640265	0.155529	16.0916	1		0.0088623	12.0705	46.8742	0	0	0	
2024-06-15 22:08:35	1844	3724	9	0	0	2	9	0	0	0	9	0	0	4.75	9	0	0	0	9	0	0	2.381		100.023	81.2039	0.0824892	0	0.824698	0.0758074	14.2498	1		0.0088623	12.0616	46.4844	0	0	0	
2024-06-15 22:16:41	1907	3725	5	0	0	7	29	0	0	0	29	0	0	5	29	0	0	0	29	0	0	1.732		100.009	79.5185	0.114448	0	1.14438	0.132117	14.3807	1		0.0088623	12.0705	44.5352	0	0	0	
2024-06-15 22:16:02	1902	3726	1	0	0	7	29	0	0	0	29	0	0	3.75	29	0	0	0	29	0	0	2.814		100.012	79.9163	0.0708692	0	0.70861	0.0485993	14.4701	1		0	12.0705	44.7951	0	0	0	
2024-06-15 22:06:55	1831	3727	1	0	0	1	5	0	0	0	5	0	0	3.25	5	0	0	0	5	0	0	1.948		100.024	82.6544	0.0939468	0	0.939246	0.152577	13.2783	1		0.0088623	12.0616	47.6539	0	0	0	
2024-06-15 22:19:10	1927	3728	9	0	0	2.75	12	0	0	0	12	0	0	5	12	0	0	0	12	0	0	1.948		100.009	79.4494	0.096611	0	0.966018	0.147089	13.6568	1		0.0088623	12.0616	44.6651	0	0	0	
2024-06-15 22:13:42	1884	3729	1	0	0	5	21	0	0	0	21	0	0	1.75	21	0	0	0	21	0	0	2.814		100.012	79.8183	0.0731911	0	0.731824	0.339048	14.9441	1		0.0088623	12.0705	45.055	0	0	0	
2024-06-15 22:08:27	1843	3730	1	0	0	2	9	0	0	0	9	0	0	1.5	9	0	0	0	9	0	0	0.433		100.023	81.2625	0.450922	0	4.50817	0.297374	14.1628	1		0.0088623	12.0616	46.7443	0	0	0	
2024-06-15 22:06:14	1826	3731	1	0	0	0	1	0	0	0	1	0	0	2.75	1	0	0	0	1	0	0	2.381		100.021	83.482	0.110688	0	1.10665	0.172553	19.1215	1		0	12.0705	48.1737	0	0	0	
2024-06-15 22:19:02	1926	3732	9	0	0	3.25	14	0	0	0	14	0	0	4.5	14	0	0	0	14	0	0	1.082		100.01	79.7839	0.184689	0	1.84671	0.238381	14.504	1		0.0088623	11.9552	44.6651	0	0	0	
2024-06-15 22:10:20	1858	3733	9	0	0	3	13	0	0	0	13	0	0	6.75	13	0	0	0	13	0	0	3.247		100.024	81.3538	0.064187	0	0.641716	0.0191788	15.1201	1		0	12.0616	45.9646	0	0	0	
2024-06-15 22:06:29	1828	3734	5	0	0	1	5	0	0	0	5	0	0	7.25	5	0	0	0	5	0	0	5.412		100.016	82.0002	0.0569327	0	0.569235	0.20078	22.3538	2		0.0088623	12.0616	47.9138	0	0	0	
2024-06-15 22:14:27	1890	3735	9	0	0	6	25	0	0	0	25	0	0	7.5	25	0	0	0	25	0	0	1.299		100.016	79.9403	0.157596	0	1.5757	0.247506	14.8506	1		0	12.0616	45.055	0	0	0	
2024-06-15 22:14:41	1892	3736	5	0	0	6	25	0	0	0	25	0	0	6.25	25	0	0	0	25	0	0	0.216		100.014	80.5294	0.833571	0	8.33451	0.422562	13.0918	1		0.0088623	12.0616	44.925	0	0	0	
2024-06-15 22:17:17	1912	3737	1	0	0	7.75	32	0	0	0	32	0	0	0.5	32	0	0	0	32	0	0	6.278		100.007	78.8623	0.036533	0	0.365303	0.232073	16.6407	1		0	12.0705	44.6651	0	0	0	
2024-06-15 22:13:49	1885	3738	1	0	0	5	21	0	0	0	21	0	0	3.5	21	0	0	0	21	0	0	1.299		100.01	80.958	0.149943	0	1.49928	0.185981	14.1304	1		0	12.0705	45.055	0	0	0	
2024-06-15 22:10:20	1858	3739	1	0	0	3	13	0	0	0	13	0	0	0.25	13	0	0	0	13	0	0	2.381		100.024	81.3538	0.0778927	0	0.77874	0.154911	13.4557	1		0	12.0616	45.9646	0	0	0	
2024-06-15 22:07:32	1836	3740	5	0	0	1	5	0	0	0	5	0	0	1.25	5	0	0	0	5	0	0	0.216		100.02	81.7091	0.751237	0	7.51086	0.189812	11.798	1		0.0088623	12.0616	47.0042	0	0	0	
2024-06-15 22:11:19	1866	3741	1	0	0	4	17	0	0	0	17	0	0	1.5	17	0	0	0	17	0	0	2.165		100.016	80.0922	0.0858147	0	0.85801	0.0142148	13.4776	1		0.0088623	12.0616	45.5748	0	0	0	
2024-06-15 22:19:38	1931	3742	9	0	0	1.5	7	0	0	0	7	0	0	6.25	7	0	0	0	7	0	0	4.113		100.006	77.5293	0.0547545	0	0.54751	0.258752	16.3405	1		0.0088623	12.0616	44.6651	0	0	0	
2024-06-15 22:17:40	1915	3743	9	0	0	7.75	32	0	0	0	32	0	0	5.25	32	0	0	0	32	0	0	2.165		100.009	79.0694	0.0880349	0	0.880271	0.294705	13.8273	1		0	12.0616	44.5352	0	0	0	
2024-06-15 22:17:40	1915	3744	5	0	0	7.75	32	0	0	0	32	0	0	4	32	0	0	0	32	0	0	3.247		100.009	79.0694	0.0592241	0	0.592188	0.222843	13.9531	1		0	12.0616	44.5352	0	0	0	
2024-06-15 22:14:56	1894	3745	1	0	0	6	25	0	0	0	25	0	0	1.25	25	0	0	0	25	0	0	4.113		100.014	78.8895	0.0579343	0	0.579264	0.028882	17.2882	2		0	12.0616	44.6651	0	0	0	
2024-06-15 22:11:12	1865	3746	1	0	0	4	17	0	0	0	17	0	0	3.5	17	0	0	0	17	0	0	0.433		100.02	80.1291	0.50448	0	5.04381	0.218438	15.8456	1		0	12.0705	45.5748	0	0	0	
2024-06-15 22:05:35	1821	3747	1	0	0	0	1	0	0	0	1	0	0	1	1	0	0	0	1	0	0	0.866		100.014	84.7371	0.226909	0	2.26876	0.137179	14.2551	1		0	12.0705	48.8234	0	0	0	
2024-06-15 22:08:20	1842	3748	5	0	0	2	9	0	0	0	9	0	0	5.25	9	0	0	0	9	0	0	2.814		100.021	81.3452	0.0767936	0	0.767772	0.364009	15.6782	1		0	12.0616	46.8742	0	0	0	
2024-06-15 22:08:41	1845	3749	9	0	0	2	9	0	0	0	9	0	0	4	9	0	0	0	9	0	0	1.732		100.021	81.3245	0.108939	0	1.08917	0.0734554	13.6869	1		0	11.9464	46.6143	0	0	0	
2024-06-15 22:23:47	1963	3750	1	0	0	3.5	15	0	0	0	15	0	0	2.25	15	0	0	0	15	0	0	1.082		100.012	77.181	0.178508	0	1.78486	0.312143	14.0182	1		0.0088623	12.0705	44.6651	0	0	0	
2024-06-15 22:16:48	1908	3751	1	0	0	7	29	0	0	0	29	0	0	3	29	0	0	0	29	0	0	3.464		100.01	79.0975	0.0587217	0	0.587158	0.484269	14.7569	1		0	12.0616	44.5352	0	0	0	
2024-06-15 22:07:10	1833	3752	1	0	0	1	5	0	0	0	5	0	0	2.5	5	0	0	0	5	0	0	1.299		100.019	82.1106	0.143829	0	1.43802	0.131471	13.553	1		0	12.0705	47.394	0	0	0	
2024-06-15 22:05:27	1820	3753	5	0	0	0	1	0	0	0	1	0	0	6.75	1	0	0	0	1	0	0	5.845		100.021	86.1324	0.0408776	0	0.40869	0.047092	17.3332	1		0.0088623	12.0705	48.9533	0	0	0	
2024-06-15 22:20:40	1939	3754	1	0	0	2.75	12	0	0	0	12	0	0	3	12	0	0	0	12	0	0	0.216		100.013	77.9784	0.753085	0	7.52989	0.413502	11.8279	1		0.0088623	12.0705	44.6651	0	0	0	
2024-06-15 22:13:57	1886	3755	1	0	0	5	21	0	0	0	21	0	0	1	21	0	0	0	21	0	0	3.464		100.01	80.0415	0.0624577	0	0.624514	0.128995	15.6957	1		0.0088623	12.0616	44.925	0	0	0	
2024-06-15 22:25:52	1979	3756	1	0	0	0.5	3	0	0	7.25	3	0	0	2.75	3	0	0	5	3	0	0	1.168		100.018	20.2634	0.0819106	0	0.81896	0.108347	11.5778	2		0.0088623	12.0705	44.6651	0	0	0	
2024-06-15 22:21:23	1945	3757	9	0	0	6.75	28	0	0	0	28	0	0	7	28	0	0	0	28	0	0	0.216		100.013	78.0882	0.800245	0	8.00142	0.465655	12.5686	1		0.0088623	12.0705	44.6651	0	0	0	
2024-06-15 22:07:54	1839	3758	1	0	0	2	9	0	0	0	9	0	0	0.75	9	0	0	0	9	0	0	1.082		100.021	81.5443	0.171221	0	1.71184	0.485463	13.4448	1		0	11.9464	47.1341	0	0	0	
2024-06-15 22:09:25	1851	3759	5	0	0	3	13	0	0	0	13	0	0	6	13	0	0	0	13	0	0	2.598		100.018	82.568	0.0782977	0	0.782837	0.118396	14.7561	1		0.0088623	12.0616	46.2245	0	0	0	
2024-06-15 22:09:33	1852	3760	5	0	0	3	13	0	0	0	13	0	0	4.75	13	0	0	0	13	0	0	1.515		100.018	81.7089	0.12751	0	1.27487	0.145419	14.0179	1		0.0088623	12.0705	46.2245	0	0	0	
2024-06-15 22:06:47	1830	3761	5	0	0	1	5	0	0	0	5	0	0	7.75	5	0	0	0	5	0	0	5.845		100.021	82.3578	0.0390138	0	0.390058	0.00483474	16.5429	1		0.0088623	12.0705	47.7838	0	0	0	
2024-06-15 22:07:03	1832	3762	5	0	0	1	5	0	0	0	5	0	0	6.5	5	0	0	0	5	0	0	4.762		100.021	82.5063	0.0512448	0	0.512338	0.493747	17.7051	1		0.0088623	12.0705	47.6539	0	0	0	
2024-06-15 22:14:11	1888	3763	9	0	0	6	25	0	0	0	25	0	0	5.5	25	0	0	0	25	0	0	0.433		100.013	79.5417	0.502796	0	5.02733	0.960411	15.7938	1		0.0088623	11.9464	45.055	0	0	0	
2024-06-15 22:15:08	1895	3764	5	0	0	6	25	0	0	0	25	0	0	4.25	25	0	0	0	25	0	0	1.515		100.012	80.5672	0.133529	0	1.33513	0.0287244	14.6805	1		0	12.0616	44.925	0	0	0	
2024-06-15 22:13:13	1880	3765	1	0	0	5	21	0	0	0	21	0	0	2.75	21	0	0	0	21	0	0	1.948		100.011	79.5872	0.0966148	0	0.966046	0.235448	13.6572	1		0.0088623	12.0616	45.1849	0	0	0	
2024-06-15 22:07:39	1837	3766	1	0	0	1	5	0	0	0	5	0	0	0.5	5	0	0	0	5	0	0	0.433		100.021	81.9067	0.471071	0	4.70974	0.299829	14.7961	1		0.0088623	12.0705	47.1341	0	0	0	
2024-06-15 22:11:35	1868	3767	1	0	0	4	17	0	0	0	17	0	0	0.75	17	0	0	0	17	0	0	2.814		100.019	80.2046	0.0690536	0	0.690409	0.122617	14.0984	1		0	12.0705	45.5748	0	0	0	
2024-06-15 22:18:10	1919	3768	1	0	0	7.75	32	0	0	0	32	0	0	3.25	32	0	0	0	32	0	0	3.897		100.011	78.699	0.0499741	0	0.499684	0.116418	14.1282	1		0.0088623	12.0616	44.6651	0	0	0	
2024-06-15 22:25:10	1974	3769	1	0	0	2.75	12	0	0	5	12	0	0	0.5	12	0	0	7.25	12	0	0	1.168		100.016	19.9004	0.079407	0	0.793942	0.193045	11.2241	1		0	12.0616	44.6651	0	0	0	
2024-06-15 22:19:46	1932	3770	9	0	0	1.25	6	0	0	0	6	0	0	6.5	6	0	0	0	6	0	0	4.546		100.008	78.2958	0.0512725	0	0.512681	0.372351	16.9117	1		0	12.0705	44.5352	0	0	0	
2024-06-15 22:15:22	1897	3771	1	0	0	6	25	0	0	0	25	0	0	0.5	25	0	0	0	25	0	0	4.762		100.015	79.6093	0.0544118	0	0.544036	0.131013	18.8006	1		0.0088623	12.0616	44.925	0	0	0	
2024-06-15 22:12:03	1872	3772	5	0	0	4	17	0	0	0	17	0	0	2.75	17	0	0	0	17	0	0	1.082		100.018	81.3336	0.182162	0	1.82129	0.134858	14.3044	1		0.0088623	12.0616	45.4448	0	0	0	
2024-06-15 22:05:52	1823	3773	1	0	0	0	1	0	0	0	1	0	0	0.25	1	0	0	0	1	0	0	0.216		100.021	83.8863	0.754934	0	7.54779	0.118288	11.856	1		0	12.0616	48.4336	0	0	0	
2024-06-15 22:09:18	1850	3774	1	0	0	2	9	0	0	0	9	0	0	3.25	9	0	0	0	9	0	0	1.082		100.02	81.2053	0.179053	0	1.79018	0.0430473	14.06	1		0	12.0705	46.3544	0	0	0	
2024-06-15 22:17:02	1910	3775	1	0	0	7	29	0	0	0	29	0	0	1.75	29	0	0	0	29	0	0	4.546		100.008	78.7706	0.0503895	0	0.503857	0.364863	16.6206	1		0	12.0616	44.7951	0	0	0	
2024-06-15 22:05:13	1818	3776	9	0	0	0	1	0	0	0	1	0	0	6	1	0	0	0	1	0	0	5.195		100.015	85.2696	0.0491957	0	0.491882	0.216527	18.5435	1		0.0088623	12.0705	48.9533	0	0	0	
2024-06-15 22:04:45	1815	3777	5	0	0	0	1	0	0	0	1	0	0	4.75	1	0	0	0	1	0	0	4.113		100.017	86.9466	0.0524445	0	0.524359	0.553131	15.6496	1		0.0088623	12.0793	49.4731	0	0	0	
2024-06-15 22:23:04	1957	3778	1	0	0	7.25	30	0	0	0	30	0	0	0.5	30	0	0	0	30	0	0	5.845		100.014	77.7803	0.0511013	0	0.510944	0.019821	21.6699	1		0	12.0616	44.6651	0	0	0	
2024-06-15 22:13:35	1883	3779	1	0	0	5	21	0	0	0	21	0	0	0.25	21	0	0	0	21	0	0	4.113		100.013	79.9583	0.0515914	0	0.515844	0.198286	15.3954	1		0.0088623	12.0705	45.055	0	0	0	
2024-06-15 22:13:03	1879	3780	9	0	0	5	21	0	0	0	21	0	0	6.75	21	0	0	0	21	0	0	1.515		100.01	79.5161	0.137236	0	1.37222	0.0551713	15.0884	2		0	12.0616	45.055	0	0	0	
2024-06-15 22:10:35	1860	3781	5	0	0	3	13	0	0	0	13	0	0	2.25	13	0	0	0	13	0	0	0.649		100.021	81.5038	0.312281	0	3.12217	0.272536	14.7129	1		0.0088623	12.0616	45.8346	0	0	0	
2024-06-15 22:08:01	1840	3782	1	0	0	2	9	0	0	0	9	0	0	0	9	0	0	0	9	0	0	1.732		100.022	81.8587	0.125246	0	1.25219	0.0043305	15.7355	1		0.0088623	12.0705	46.8742	0	0	0	
2024-06-15 22:21:30	1946	3783	9	0	0	6.5	27	0	0	0	27	0	0	7.25	27	0	0	0	27	0	0	0.649		100.011	77.1708	0.345792	0	3.45756	0.139495	16.2934	2		0	12.0616	44.6651	0	0	0	
2024-06-15 22:17:55	1917	3784	5	0	0	7.75	32	0	0	0	32	0	0	7.25	32	0	0	0	32	0	0	0.433		100.011	78.8211	0.476909	0	4.76857	0.746968	14.9809	1		0.0088623	12.0616	44.6651	0	0	0	
2024-06-15 22:23:11	1958	3785	1	0	0	7.5	31	0	0	0	31	0	0	0.25	31	0	0	0	31	0	0	6.278		100.014	77.475	0.0365307	0	0.365255	0.898276	16.6385	1		0	12.0616	44.5352	0	0	0	
2024-06-15 22:20:18	1936	3786	1	0	0	0.75	4	0	0	0	4	0	0	1	4	0	0	0	4	0	0	0.216		100.011	79.0312	0.764647	0	7.64563	0.223563	12.0097	1		0.0088623	12.0616	44.6651	0	0	0	
2024-06-15 22:22:25	1952	3787	1	0	0	5.5	23	0	0	0	23	0	0	2.25	23	0	0	0	23	0	0	2.814		100.01	78.6883	0.0953118	0	0.953018	0.114959	19.461	2		0.0088623	12.0439	44.5352	0	0	0	
2024-06-15 22:11:35	1868	3788	5	0	0	4	17	0	0	0	17	0	0	6.75	17	0	0	0	17	0	0	2.381		100.019	80.2046	0.0842336	0	0.842181	0.00548118	14.5518	1		0	12.0705	45.5748	0	0	0	
2024-06-15 22:09:25	1851	3789	9	0	0	3	13	0	0	0	13	0	0	5.25	13	0	0	0	13	0	0	1.948		100.018	82.568	0.0995717	0	0.995539	0.172638	14.0741	1		0.0088623	12.0616	46.2245	0	0	0	
2024-06-15 22:10:13	1857	3790	9	0	0	3	13	0	0	0	13	0	0	4	13	0	0	0	13	0	0	0.866		100.024	81.4631	0.239916	0	2.39859	0.22329	15.0708	1		0	12.0616	46.0945	0	0	0	
2024-06-15 22:07:54	1839	3791	9	0	0	2	9	0	0	0	9	0	0	7.25	9	0	0	0	9	0	0	4.546		100.021	81.5443	0.0546924	0	0.546807	0.722729	18.0374	1		0	11.9464	47.1341	0	0	0	
2024-06-15 22:16:10	1903	3792	5	0	0	7	29	0	0	0	29	0	0	7.5	29	0	0	0	29	0	0	0.433		100.011	79.3724	0.470107	0	4.70056	0.455245	14.7673	1		0.0088623	12.0705	44.7951	0	0	0	
2024-06-15 22:16:17	1904	3793	5	0	0	7	29	0	0	0	29	0	0	6.25	29	0	0	0	29	0	0	0.649		100.013	79.531	0.341788	0	3.41744	0.447152	16.1043	1		0	12.0705	44.7951	0	0	0	
2024-06-15 22:07:10	1833	3794	5	0	0	1	5	0	0	0	5	0	0	5.75	5	0	0	0	5	0	0	4.113		100.019	82.1106	0.0527474	0	0.527374	0.175316	15.7395	1		0	12.0705	47.394	0	0	0	
2024-06-15 22:06:22	1827	3795	9	0	0	1	5	0	0	0	5	0	0	4.5	5	0	0	0	5	0	0	3.031		100.017	83.1771	0.0693024	0	0.692906	0.40608	15.2378	1		0.0088623	12.0705	47.7838	0	0	0	
2024-06-15 22:15:37	1899	3796	1	0	0	6	25	0	0	0	25	0	0	3.5	25	0	0	0	25	0	0	2.165		100.014	79.3181	0.0891332	0	0.891206	0.130022	13.999	1		0	12.0616	44.7951	0	0	0	
2024-06-15 22:11:49	1870	3797	1	0	0	4	17	0	0	0	17	0	0	0	17	0	0	0	17	0	0	3.464		100.017	80.2473	0.060559	0	0.605486	0.065269	15.2175	1		0	12.0616	45.4448	0	0	0	
2024-06-15 22:18:24	1921	3798	5	0	0	7.75	32	0	0	0	32	0	0	2.5	32	0	0	0	32	0	0	4.546		100.008	78.4553	0.0455427	0	0.45539	0.0572075	15.0218	1		0.0088623	12.0705	44.6651	0	0	0	
2024-06-15 22:08:57	1847	3799	1	0	0	2	9	0	0	0	9	0	0	2.5	9	0	0	0	9	0	0	0.433		100.017	81.346	0.452052	0	4.51974	0.224605	14.1992	1		0.0088623	12.0705	46.4844	0	0	0	
2024-06-15 22:17:10	1911	3800	5	0	0	7	29	0	0	0	29	0	0	1	29	0	0	0	29	0	0	5.195		100.01	78.942	0.0461326	0	0.461282	0.0240045	17.3899	1		0.0088623	12.0705	44.5352	0	0	0	
2024-06-15 22:05:20	1819	3801	5	0	0	0	1	0	0	0	1	0	0	5.25	1	0	0	0	1	0	0	4.546		100.015	84.973	0.0509363	0	0.509284	0.397699	16.7996	1		0.0088623	12.0705	49.0833	0	0	0	
2024-06-15 22:05:35	1821	3802	9	0	0	0	1	0	0	0	1	0	0	4	1	0	0	0	1	0	0	3.464		100.014	84.7371	0.060292	0	0.602833	0.0544819	15.1509	1		0	12.0705	48.8234	0	0	0	
2024-06-15 22:18:40	1923	3803	1	0	0	7.75	32	0	0	0	32	0	0	1.75	32	0	0	0	32	0	0	5.195		100.009	78.7105	0.0410637	0	0.4106	0.183776	15.4792	1		0.0088623	12.0705	44.7951	0	0	0	
2024-06-15 22:13:13	1880	3804	9	0	0	5	21	0	0	0	21	0	0	6	21	0	0	0	21	0	0	0.866		100.011	79.5872	0.250174	0	2.50148	0.358489	15.7172	1		0.0088623	12.0616	45.1849	0	0	0	
2024-06-15 22:13:13	1880	3805	5	0	0	5	21	0	0	0	21	0	0	4.75	21	0	0	0	21	0	0	0.216		100.011	79.5872	0.778948	0	7.78866	0.240766	12.2344	1		0.0088623	12.0616	45.1849	0	0	0	
2024-06-15 22:10:42	1861	3806	1	0	0	3	13	0	0	0	13	0	0	1.5	13	0	0	0	13	0	0	1.299		100.024	81.3446	0.142323	0	1.42289	0.144841	13.4104	1		0.0088623	12.0616	45.8346	0	0	0	
2024-06-15 22:17:48	1916	3807	9	0	0	7.75	32	0	0	0	32	0	0	6.5	32	0	0	0	32	0	0	1.082		100.01	79.1749	0.193511	0	1.93492	0.164263	15.1968	1		0.0088623	12.0705	44.7951	0	0	0	
2024-06-15 22:19:24	1929	3808	9	0	0	2.25	10	0	0	0	10	0	0	5.5	10	0	0	0	10	0	0	2.814		100.007	78.7709	0.0800214	0	0.800159	0.317853	16.3395	1		0	12.0616	44.6651	0	0	0	
2024-06-15 22:25:00	1973	3809	1	0	0	3	13	0	0	4.75	13	0	0	1.25	13	0	0	6.5	13	0	0	0.908		100.019	20.2166	0.0960119	0	0.959936	0.306563	10.555	2		0	12.0705	44.6651	0	0	0	
2024-06-15 22:11:26	1867	3810	5	0	0	4	17	0	0	0	17	0	0	6	17	0	0	0	17	0	0	1.732		100.018	79.9911	0.114981	0	1.1496	0.175809	14.4463	1		0	12.0616	45.5748	0	0	0	
2024-06-15 22:11:19	1866	3811	5	0	0	4	17	0	0	0	17	0	0	4.75	17	0	0	0	17	0	0	0.649		100.016	80.0922	0.347189	0	3.47134	0.183513	16.3583	1		0.0088623	12.0616	45.5748	0	0	0	
2024-06-15 22:05:05	1817	3812	1	0	0	0	1	0	0	0	1	0	0	2.25	1	0	0	0	1	0	0	1.948		100.019	85.8912	0.105543	0	1.05523	0.363267	14.918	1		0.0088623	12.0616	49.3432	0	0	0	
2024-06-15 22:24:53	1972	3813	1	0	0	3.25	14	0	0	4.5	14	0	0	2	14	0	0	5.75	14	0	0	0.649		100.022	20.0109	0.177849	0	1.7781	0.886045	13.9652	1		0.0088623	12.0705	44.5352	0	0	0	
2024-06-15 22:10:27	1859	3814	5	0	0	3	13	0	0	0	13	0	0	3.25	13	0	0	0	13	0	0	0.216		100.021	81.159	0.770631	0	7.70469	0.277988	12.1025	1		0.0088623	12.0705	45.8346	0	0	0	
2024-06-15 22:07:54	1839	3815	5	0	0	2	9	0	0	0	9	0	0	7.75	9	0	0	0	9	0	0	4.979		100.021	81.5443	0.0432211	0	0.432119	0.112499	15.6117	1		0	11.9464	47.1341	0	0	0	
2024-06-15 22:08:27	1843	3816	5	0	0	2	9	0	0	0	9	0	0	6.5	9	0	0	0	9	0	0	3.897		100.023	81.2625	0.055274	0	0.552611	0.467451	15.6247	1		0.0088623	12.0616	46.7443	0	0	0	
2024-06-15 22:16:02	1902	3817	9	0	0	7	29	0	0	0	29	0	0	5.5	29	0	0	0	29	0	0	1.299		100.012	79.9163	0.158415	0	1.58397	0.302731	14.9286	1		0	12.0705	44.7951	0	0	0	
2024-06-15 22:16:17	1904	3818	9	0	0	7	29	0	0	0	29	0	0	4.25	29	0	0	0	29	0	0	2.381		100.013	79.531	0.0834122	0	0.834015	0.0813034	14.4107	1		0	12.0705	44.7951	0	0	0	
2024-06-15 22:06:39	1829	3819	5	0	0	1	5	0	0	0	5	0	0	5	5	0	0	0	5	0	0	3.464		100.018	82.2373	0.0629963	0	0.629847	0.377474	15.8298	1		0	12.0616	47.7838	0	0	0	
2024-06-15 22:06:29	1828	3820	1	0	0	1	5	0	0	0	5	0	0	3.75	5	0	0	0	5	0	0	2.381		100.016	82.0002	0.0804702	0	0.804571	0.053717	13.902	2		0.0088623	12.0616	47.9138	0	0	0	
2024-06-15 22:15:30	1898	3821	1	0	0	6	25	0	0	0	25	0	0	2.75	25	0	0	0	25	0	0	2.814		100.017	79.2139	0.071043	0	0.710311	0.184669	14.5048	1		0	12.0705	44.7951	0	0	0	
2024-06-15 22:13:28	1882	3822	1	0	0	5	21	0	0	0	21	0	0	2.25	21	0	0	0	21	0	0	2.381		100.012	79.9016	0.0804452	0	0.804359	0.117584	13.8983	1		0.0088623	12.0616	44.925	0	0	0	
2024-06-15 22:16:55	1909	3823	5	0	0	7	29	0	0	0	29	0	0	0.25	29	0	0	0	29	0	0	5.845		100.008	79.1836	0.0404335	0	0.404303	0.113272	17.1471	1		0.0088623	12.0705	44.5352	0	0	0	
2024-06-15 22:05:59	1824	3824	1	0	0	0	1	0	0	0	1	0	0	3.25	1	0	0	0	1	0	0	2.814		100.021	83.7719	0.0694328	0	0.694185	0.0286837	14.1755	1		0.0088623	12.0616	48.3036	0	0	0	
2024-06-15 22:09:55	1855	3825	5	0	0	3	13	0	0	0	13	0	0	7.25	13	0	0	0	13	0	0	3.68		100.022	80.4922	0.0672818	0	0.672668	0.173404	17.9626	2		0.0088623	12.0616	45.9646	0	0	0	
2024-06-15 22:14:11	1888	3826	5	0	0	6	25	0	0	0	25	0	0	6.75	25	0	0	0	25	0	0	0.649		100.013	79.5417	0.355289	0	3.55244	0.732522	16.7405	1		0.0088623	11.9464	45.055	0	0	0	
2024-06-15 22:18:47	1924	3827	9	0	0	3.75	16	0	0	0	16	0	0	4	16	0	0	0	16	0	0	0.216		100.01	78.4538	0.842897	0	8.42815	0.319406	13.2389	1		0	12.0616	44.6651	0	0	0	
2024-06-15 22:18:32	1922	3828	5	0	0	7.75	32	0	0	0	32	0	0	1	32	0	0	0	32	0	0	5.845		100.009	79.0487	0.0377835	0	0.377802	0.550783	16.0232	1		0	12.0616	44.6651	0	0	0	
2024-06-15 22:12:55	1878	3829	9	0	0	5	21	0	0	0	21	0	0	5.25	21	0	0	0	21	0	0	0.216		100.015	80.5745	0.792499	0	7.92379	0.336187	12.4467	1		0.0088623	12.0705	45.3149	0	0	0	
2024-06-15 22:12:25	1875	3830	9	0	0	5	21	0	0	0	21	0	0	4	21	0	0	0	21	0	0	0.866		100.017	78.6636	0.244648	0	2.44607	1.32176	15.3691	4		0	12.0616	45.3149	0	0	0	
2024-06-15 22:10:35	1860	3831	1	0	0	3	13	0	0	0	13	0	0	0.75	13	0	0	0	13	0	0	1.948		100.021	81.5038	0.0940933	0	0.940738	0.0793749	13.2994	1		0.0088623	12.0616	45.8346	0	0	0	
2024-06-15 22:07:25	1835	3832	1	0	0	1	5	0	0	0	5	0	0	1.75	5	0	0	0	5	0	0	0.649		100.022	82.2221	0.308116	0	3.08048	0.206631	14.5164	1		0	12.0616	47.264	0	0	0	
2024-06-15 22:12:03	1872	3833	1	0	0	4	17	0	0	0	17	0	0	2	17	0	0	0	17	0	0	1.732		100.018	81.3336	0.108591	0	1.08571	0.021547	13.6435	1		0.0088623	12.0616	45.4448	0	0	0	
2024-06-15 22:17:32	1914	3834	5	0	0	7.75	32	0	0	0	32	0	0	5.75	32	0	0	0	32	0	0	1.732		100.009	78.9919	0.113345	0	1.13335	0.178703	14.2421	1		0.0088623	12.0616	44.7951	0	0	0	
2024-06-15 22:17:25	1913	3835	9	0	0	7.75	32	0	0	0	32	0	0	4.5	32	0	0	0	32	0	0	2.814		100.005	78.7772	0.0680331	0	0.680295	0.0836862	13.8919	1		0	12.0705	44.6651	0	0	0	
2024-06-15 22:20:54	1941	3836	1	0	0	2.25	10	0	0	0	10	0	0	3.5	10	0	0	0	10	0	0	1.082		100.013	78.1022	0.17894	0	1.78917	0.291354	14.0521	1		0	12.0705	44.6651	0	0	0	
2024-06-15 22:20:10	1935	3837	9	0	0	0.25	2	0	0	0	2	0	0	7.5	2	0	0	0	2	0	0	6.278		100.012	77.5063	0.0375526	0	0.375482	0.410653	17.1044	1		0.0088623	12.0616	44.5352	0	0	0	
2024-06-15 22:14:34	1891	3838	1	0	0	6	25	0	0	0	25	0	0	1.75	25	0	0	0	25	0	0	3.68		100.013	80.532	0.0634763	0	0.634683	0.512807	16.9483	1		0.0088623	12.0616	44.6651	0	0	0	
2024-06-15 22:11:49	1870	3839	5	0	0	4	17	0	0	0	17	0	0	5.25	17	0	0	0	17	0	0	1.082		100.017	80.2473	0.194265	0	1.94231	0.234233	15.2549	1		0	12.0616	45.4448	0	0	0	
2024-06-15 22:06:07	1825	3840	5	0	0	0	1	0	0	0	1	0	0	1.5	1	0	0	0	1	0	0	1.299		100.019	83.8164	0.142754	0	1.42728	0.0235147	13.4518	1		0.0088623	12.0616	48.1737	0	0	0	
2024-06-15 22:09:33	1852	3841	1	0	0	3	13	0	0	0	13	0	0	2.5	13	0	0	0	13	0	0	0.433		100.018	81.7089	0.454654	0	4.54573	0.407923	14.2808	1		0.0088623	12.0705	46.2245	0	0	0	
2024-06-15 22:08:09	1841	3842	9	0	0	2	9	0	0	0	9	0	0	5.75	9	0	0	0	9	0	0	3.247		100.021	81.2945	0.0650309	0	0.65017	0.0273602	15.3193	2		0.0088623	12.0705	46.8742	0	0	0	
2024-06-15 22:08:48	1846	3843	9	0	0	2	9	0	0	0	9	0	0	4.5	9	0	0	0	9	0	0	2.165		100.018	81.3117	0.0891042	0	0.89088	0.179327	13.9939	1		0.0088623	12.0705	46.3544	0	0	0	
2024-06-15 22:16:33	1906	3844	1	0	0	7	29	0	0	0	29	0	0	3.5	29	0	0	0	29	0	0	3.031		100.007	78.9087	0.0652963	0	0.652916	0.00907556	14.3584	1		0	12.0616	44.7951	0	0	0	
2024-06-15 22:07:39	1837	3845	5	0	0	1	5	0	0	0	5	0	0	3	5	0	0	0	5	0	0	1.732		100.021	81.9067	0.106478	0	1.06456	0.245097	13.3777	1		0.0088623	12.0705	47.1341	0	0	0	
2024-06-15 22:05:42	1822	3846	9	0	0	0	1	0	0	0	1	0	0	7.25	1	0	0	0	1	0	0	6.278		100.02	83.4813	0.0407168	0	0.407088	0.0114451	18.5441	2		0.0088623	12.0616	48.4336	0	0	0	
2024-06-15 22:13:49	1885	3847	5	0	0	5	21	0	0	0	21	0	0	1.5	21	0	0	0	21	0	0	3.031		100.01	80.958	0.0661056	0	0.660991	0.0378955	14.5359	1		0	12.0705	45.055	0	0	0	
2024-06-15 22:08:35	1844	3848	1	0	0	2	9	0	0	0	9	0	0	1.25	9	0	0	0	9	0	0	0.649		100.023	81.2039	0.299094	0	2.99024	0.205667	14.0912	1		0.0088623	12.0616	46.4844	0	0	0	
2024-06-15 22:23:25	1960	3849	1	0	0	1.5	7	0	0	0	7	0	0	0.25	7	0	0	0	7	0	0	1.082		100.017	76.6352	0.175506	0	1.75476	0.154753	13.7819	1		0.0088623	11.9552	44.6651	0	0	0	
2024-06-15 22:04:45	1815	3850	1	0	0	0	1	0	0	0	1	0	0	2.5	1	0	0	0	1	0	0	2.165		100.017	86.9466	0.0888504	0	0.888357	0.100216	13.9543	1		0.0088623	12.0793	49.4731	0	0	0	
2024-06-15 22:22:42	1954	3851	1	0	0	6.25	26	0	0	0	26	0	0	1.5	26	0	0	0	26	0	0	4.113		100.011	77.6693	0.0569586	0	0.569521	0.574842	16.9974	1		0.0088623	12.0616	44.5352	0	0	0	
2024-06-15 22:24:23	1968	3852	9	0	0	7.25	30	0	0	0	30	0	0	6.5	30	0	0	0	30	0	0	0.649		100.011	77.6281	0.332533	0	3.32496	0.551095	15.6685	1		0.0088623	11.9464	44.6651	0	0	0	
2024-06-15 22:09:33	1852	3853	9	0	0	3	13	0	0	0	13	0	0	7.75	13	0	0	0	13	0	0	4.113		100.018	81.7089	0.0498074	0	0.497985	0.274762	14.8624	1		0.0088623	12.0705	46.2245	0	0	0	
2024-06-15 22:09:40	1853	3854	5	0	0	3	13	0	0	0	13	0	0	6.5	13	0	0	0	13	0	0	3.031		100.021	81.976	0.0683936	0	0.683792	0.217582	15.0374	1		0.0088623	12.0616	46.2245	0	0	0	
2024-06-15 22:07:17	1834	3855	9	0	0	1	5	0	0	0	5	0	0	7	5	0	0	0	5	0	0	5.195		100.021	81.9073	0.045219	0	0.452097	0.256373	17.0436	1		0.0088623	12.0705	47.1341	0	0	0	
2024-06-15 22:14:49	1893	3856	5	0	0	6	25	0	0	0	25	0	0	4.75	25	0	0	0	25	0	0	1.082		100.014	79.6165	0.194136	0	1.94108	0.37047	15.2452	1		0.0088623	12.0616	45.055	0	0	0	
2024-06-15 22:18:17	1920	3857	1	0	0	7.75	32	0	0	0	32	0	0	0.25	32	0	0	0	32	0	0	6.494		100.01	78.4553	0.0340678	0	0.340646	0.0871837	16.0526	1		0.0088623	12.0705	44.6651	0	0	0	
2024-06-15 22:12:55	1878	3858	1	0	0	5	21	0	0	0	21	0	0	3.25	21	0	0	0	21	0	0	1.515		100.015	80.5745	0.125667	0	1.25648	0.195531	13.8157	1		0.0088623	12.0705	45.3149	0	0	0	
2024-06-15 22:10:49	1862	3859	1	0	0	3	13	0	0	0	13	0	0	0	13	0	0	0	13	0	0	2.598		100.018	80.9842	0.0763814	0	0.76368	0.0702921	14.395	1		0.0088623	12.0705	45.5748	0	0	0	
2024-06-15 22:18:55	1925	3860	9	0	0	3.5	15	0	0	0	15	0	0	4.25	15	0	0	0	15	0	0	0.649		100.013	77.9883	0.334055	0	3.34011	0.217905	15.7399	1		0.0088623	12.0616	44.6651	0	0	0	
2024-06-15 22:11:56	1871	3861	5	0	0	4	17	0	0	0	17	0	0	1.25	17	0	0	0	17	0	0	2.381		100.021	80.2877	0.079919	0	0.799021	0.021789	13.8061	1		0	12.0616	45.5748	0	0	0	
2024-06-15 22:17:17	1912	3862	9	0	0	7.75	32	0	0	0	32	0	0	5	32	0	0	0	32	0	0	2.381		100.007	78.8623	0.079839	0	0.798331	0.203425	13.7942	1		0	12.0705	44.6651	0	0	0	
2024-06-15 22:17:40	1915	3863	1	0	0	7.75	32	0	0	0	32	0	0	3.75	32	0	0	0	32	0	0	3.464		100.009	79.0694	0.0559612	0	0.559563	0.338384	14.0633	1		0	12.0616	44.5352	0	0	0	
2024-06-15 22:25:45	1978	3864	1	0	0	1.25	6	0	0	6.5	6	0	0	3	6	0	0	4.75	6	0	0	0.908		100.015	20.0505	0.106981	0	1.06965	0.165132	11.7614	1		0.0088623	12.0616	44.6651	0	0	0	
2024-06-15 22:14:49	1893	3865	1	0	0	6	25	0	0	0	25	0	0	1	25	0	0	0	25	0	0	4.33		100.014	79.6165	0.0560011	0	0.559931	0.154406	17.5908	1		0.0088623	12.0616	45.055	0	0	0	
2024-06-15 22:12:18	1874	3866	1	0	0	4	17	0	0	0	17	0	0	3.25	17	0	0	0	17	0	0	0.649		100.016	79.7925	0.334263	0	3.34209	0.163336	15.7492	1		0.0088623	12.0616	45.3149	0	0	0	
2024-06-15 22:05:59	1824	3867	5	0	0	0	1	0	0	0	1	0	0	0.75	1	0	0	0	1	0	0	0.649		100.021	83.7719	0.314383	0	3.14318	0.127744	14.8119	1		0.0088623	12.0616	48.3036	0	0	0	
2024-06-15 22:25:17	1975	3868	1	0	0	3.5	15	0	0	4.25	15	0	0	3.75	15	0	0	4	15	0	0	0.13		100.018	19.1643	0.554107	0	5.54007	0.860899	8.70232	1		0	12.0705	44.7951	0	0	0	
2024-06-15 22:08:35	1844	3869	5	0	0	2	9	0	0	0	9	0	0	5	9	0	0	0	9	0	0	2.598		100.023	81.2039	0.0768077	0	0.767897	0.0906807	14.4745	1		0.0088623	12.0616	46.4844	0	0	0	
2024-06-15 22:08:57	1847	3870	5	0	0	2	9	0	0	0	9	0	0	3.75	9	0	0	0	9	0	0	1.515		100.017	81.346	0.130077	0	1.30055	0.16843	14.3002	1		0.0088623	12.0705	46.4844	0	0	0	
2024-06-15 22:16:48	1908	3871	5	0	0	7	29	0	0	0	29	0	0	2.75	29	0	0	0	29	0	0	3.68		100.01	79.0975	0.0557437	0	0.55738	0.511806	14.884	1		0	12.0616	44.5352	0	0	0	
2024-06-15 22:16:25	1905	3872	1	0	0	7	29	0	0	0	29	0	0	2.25	29	0	0	0	29	0	0	4.113		100.015	79.0795	0.051483	0	0.514753	0.11519	15.3629	1		0.0088623	12.0616	44.7951	0	0	0	
2024-06-15 22:04:58	1816	3873	9	0	0	0	1	0	0	0	1	0	0	7.75	1	0	0	0	1	0	0	6.711		100.019	86.238	0.0351287	0	0.351221	0.630665	17.1026	1		0.0088623	12.0705	49.6031	0	0	0	
2024-06-15 22:05:35	1821	3874	5	0	0	0	1	0	0	0	1	0	0	6.5	1	0	0	0	1	0	0	5.628		100.014	84.7371	0.0419868	0	0.419807	0.0956499	17.1452	1		0	12.0705	48.8234	0	0	0	
2024-06-15 22:12:25	1875	3875	1	0	0	5	21	0	0	0	21	0	0	0.75	21	0	0	0	21	0	0	3.68		100.017	78.6636	0.0590312	0	0.590214	0.108367	15.7608	4		0	12.0616	45.3149	0	0	0	
2024-06-15 22:13:03	1879	3876	5	0	0	5	21	0	0	0	21	0	0	7.25	21	0	0	0	21	0	0	1.948		100.01	79.5161	0.116762	0	1.1675	0.1727	16.5052	2		0	12.0616	45.055	0	0	0	
2024-06-15 22:24:16	1967	3877	9	0	0	5.75	24	0	0	0	24	0	0	4	24	0	0	0	24	0	0	1.515		100.012	77.5618	0.13062	0	1.30605	0.177178	14.3607	1		0	12.0616	44.6651	0	0	0	
2024-06-15 22:21:08	1943	3878	9	0	0	4.5	19	0	0	0	19	0	0	5.25	19	0	0	0	19	0	0	0.649		100.008	78.2693	0.333955	0	3.33928	0.38983	15.736	1		0	12.0705	44.5352	0	0	0	
2024-06-15 22:25:25	1976	3879	1	0	0	2.75	12	0	0	5	12	0	0	3.5	12	0	0	4.25	12	0	0	0.389		100.016	19.9239	0.320731	0	3.20681	0.620423	15.1118	2		0.0088623	12.0705	44.6651	0	0	0	
2024-06-15 22:09:04	1848	3880	1	0	0	2	9	0	0	0	9	0	0	0.5	9	0	0	0	9	0	0	1.299		100.018	80.8842	0.142553	0	1.42526	0.120799	13.4328	1		0.0088623	12.0616	46.4844	0	0	0	
2024-06-15 22:20:00	1934	3881	9	0	0	0.5	3	0	0	0	3	0	0	7.25	3	0	0	0	3	0	0	5.845		100.009	77.5132	0.0762639	0	0.762567	0.0588518	32.3416	2		0.0088623	12.0616	44.6651	0	0	0	
2024-06-15 22:11:12	1865	3882	5	0	0	4	17	0	0	0	17	0	0	7.25	17	0	0	0	17	0	0	2.814		100.02	80.1291	0.0779695	0	0.779541	0.453929	15.9185	1		0	12.0705	45.5748	0	0	0	
2024-06-15 22:09:55	1855	3883	9	0	0	3	13	0	0	0	13	0	0	5.75	13	0	0	0	13	0	0	2.381		100.022	80.4922	0.0810214	0	0.810034	0.088839	13.9964	2		0.0088623	12.0616	45.9646	0	0	0	
2024-06-15 22:09:48	1854	3884	5	0	0	3	13	0	0	0	13	0	0	4.5	13	0	0	0	13	0	0	1.299		100.019	81.4928	0.150112	0	1.50084	0.173192	14.1451	1		0.0088623	12.0616	46.0945	0	0	0	
2024-06-15 22:15:54	1901	3885	5	0	0	7	29	0	0	0	29	0	0	6.75	29	0	0	0	29	0	0	0.216		100.01	79.0162	0.799084	0	7.99008	0.601902	12.5508	1		0.0088623	12.0616	44.7951	0	0	0	
2024-06-15 22:07:17	1834	3886	5	0	0	1	5	0	0	0	5	0	0	7.5	5	0	0	0	5	0	0	5.628		100.021	81.9073	0.0416045	0	0.41596	0.224317	16.9881	1		0.0088623	12.0705	47.1341	0	0	0	
2024-06-15 22:07:03	1832	3887	9	0	0	1	5	0	0	0	5	0	0	6.25	5	0	0	0	5	0	0	4.546		100.021	82.5063	0.0530692	0	0.530578	0.181153	17.502	1		0.0088623	12.0705	47.6539	0	0	0	
2024-06-15 22:14:19	1889	3888	9	0	0	6	25	0	0	0	25	0	0	5.25	25	0	0	0	25	0	0	0.649		100.013	80.6421	0.338348	0	3.38306	0.498981	15.9423	1		0	12.0616	45.055	0	0	0	
2024-06-15 22:14:56	1894	3889	9	0	0	6	25	0	0	0	25	0	0	4	25	0	0	0	25	0	0	1.732		100.014	78.8895	0.113839	0	1.13823	0.011969	14.3034	2		0	12.0616	44.6651	0	0	0	
2024-06-15 22:13:35	1883	3890	5	0	0	5	21	0	0	0	21	0	0	2.5	21	0	0	0	21	0	0	2.165		100.013	79.9583	0.0928036	0	0.927911	0.011759	14.5756	1		0.0088623	12.0705	45.055	0	0	0	
2024-06-15 22:06:22	1827	3891	1	0	0	1	5	0	0	0	5	0	0	0.25	5	0	0	0	5	0	0	0.649		100.017	83.1771	0.315609	0	3.15555	0.351245	14.8702	1		0.0088623	12.0705	47.7838	0	0	0	
2024-06-15 22:12:10	1873	3892	5	0	0	4	17	0	0	0	17	0	0	0.5	17	0	0	0	17	0	0	3.031		100.018	80.0563	0.066744	0	0.667317	0.48176	14.6751	1		0	12.0705	45.3149	0	0	0	
2024-06-15 22:17:25	1913	3893	1	0	0	7.75	32	0	0	0	32	0	0	3	32	0	0	0	32	0	0	4.113		100.005	78.7772	0.0479259	0	0.479234	0.269159	14.3028	1		0	12.0705	44.6651	0	0	0	
2024-06-15 22:15:15	1896	3894	1	0	0	6	25	0	0	0	25	0	0	0.25	25	0	0	0	25	0	0	4.979		100.016	80.3746	0.0470415	0	0.470341	0.194379	16.9926	1		0	12.0616	44.7951	0	0	0	
2024-06-15 22:22:10	1951	3895	1	0	0	5.25	22	0	0	0	22	0	0	2.5	22	0	0	0	22	0	0	2.381		100.008	76.3318	0.123969	0	1.23958	3.3268	21.4185	4		0	12.0705	44.5352	0	0	0	
2024-06-15 22:11:42	1869	3896	1	0	0	4	17	0	0	0	17	0	0	2.5	17	0	0	0	17	0	0	1.299		100.016	79.8827	0.149156	0	1.49132	0.299443	14.0554	1		0.0088623	12.0616	45.5748	0	0	0	
2024-06-15 22:09:10	1849	3897	5	0	0	2	9	0	0	0	9	0	0	3	9	0	0	0	9	0	0	0.866		100.022	81.1329	0.229966	0	2.29917	0.183382	14.4461	1		0.0088623	12.0616	46.3544	0	0	0	
2024-06-15 22:17:02	1910	3898	5	0	0	7	29	0	0	0	29	0	0	1.5	29	0	0	0	29	0	0	4.762		100.008	78.7706	0.0476051	0	0.476015	0.269856	16.4499	1		0	12.0616	44.7951	0	0	0	
2024-06-15 22:04:58	1816	3899	5	0	0	0	1	0	0	0	1	0	0	5.75	1	0	0	0	1	0	0	4.979		100.019	86.238	0.046098	0	0.460894	0.556458	16.6513	1		0.0088623	12.0705	49.6031	0	0	0	
2024-06-15 22:04:45	1815	3900	9	0	0	0	1	0	0	0	1	0	0	4.5	1	0	0	0	1	0	0	3.897		100.017	86.9466	0.0542532	0	0.542442	0.558926	15.3372	1		0.0088623	12.0793	49.4731	0	0	0	
2024-06-15 22:12:47	1877	3901	1	0	0	5	21	0	0	0	21	0	0	0	21	0	0	0	21	0	0	4.33		100.016	81.0065	0.0508459	0	0.508378	0.174135	15.9712	1		0.0088623	12.0705	45.3149	0	0	0	
2024-06-15 22:18:24	1921	3902	1	0	0	7.75	32	0	0	0	32	0	0	2.25	32	0	0	0	32	0	0	4.762		100.008	78.4553	0.0427219	0	0.427184	0.375532	14.7624	1		0.0088623	12.0705	44.6651	0	0	0	
2024-06-15 22:12:40	1876	3903	5	0	0	5	21	0	0	0	21	0	0	7.75	21	0	0	0	21	0	0	2.381		100.015	83.3067	0.0823542	0	0.823418	0.0479276	14.2276	1		0.0088623	12.0616	45.3149	0	0	0	
2024-06-15 22:12:47	1877	3904	9	0	0	5	21	0	0	0	21	0	0	6.5	21	0	0	0	21	0	0	1.299		100.016	81.0065	0.16089	0	1.60865	0.185582	15.1611	1		0.0088623	12.0705	45.3149	0	0	0	
2024-06-15 22:09:55	1855	3905	1	0	0	3	13	0	0	0	13	0	0	2	13	0	0	0	13	0	0	0.866		100.022	80.4922	0.228729	0	2.28678	0.0458319	14.3682	2		0.0088623	12.0616	45.9646	0	0	0	
2024-06-15 22:21:55	1949	3906	1	0	0	4.5	19	0	0	0	19	0	0	3.25	19	0	0	0	19	0	0	1.082		100.01	77.9634	0.186316	0	1.86298	0.429294	14.6318	1		0.0088623	12.0705	44.6651	0	0	0	
2024-06-15 22:18:03	1918	3907	9	0	0	7.75	32	0	0	0	32	0	0	7	32	0	0	0	32	0	0	0.649		100.013	79.0174	0.340159	0	3.40117	0.216263	16.0276	1		0.0088623	12.0616	44.6651	0	0	0	
2024-06-15 22:24:09	1966	3908	9	0	0	5.5	23	0	0	0	23	0	0	4.25	23	0	0	0	23	0	0	1.082		100.01	77.3912	0.191319	0	1.91299	0.348686	15.0246	1		0.0088623	12.0705	44.6651	0	0	0	
2024-06-15 22:22:56	1956	3909	1	0	0	6.75	28	0	0	0	28	0	0	1	28	0	0	0	28	0	0	4.979		100.01	77.1322	0.0509064	0	0.509015	0.0589145	18.3899	1		0	12.0616	44.5352	0	0	0	
2024-06-15 22:21:15	1944	3910	9	0	0	4.25	18	0	0	0	18	0	0	5.5	18	0	0	0	18	0	0	1.082		100.011	77.8797	0.192662	0	1.92641	0.315055	15.13	1		0.0088623	11.9464	44.6651	0	0	0	
2024-06-15 22:11:26	1867	3911	9	0	0	4	17	0	0	0	17	0	0	7.75	17	0	0	0	17	0	0	3.247		100.018	79.9911	0.0613067	0	0.612954	0.0225216	14.4424	1		0	12.0616	45.5748	0	0	0	
2024-06-15 22:11:42	1869	3912	5	0	0	4	17	0	0	0	17	0	0	6.5	17	0	0	0	17	0	0	2.165		100.016	79.8827	0.092	0	0.919854	0.0364569	14.449	1		0.0088623	12.0616	45.5748	0	0	0	
2024-06-15 22:10:20	1858	3913	5	0	0	3	13	0	0	0	13	0	0	5	13	0	0	0	13	0	0	1.732		100.024	81.3538	0.110316	0	1.1029	0.193356	13.8594	1		0	12.0616	45.9646	0	0	0	
2024-06-15 22:10:42	1861	3914	5	0	0	3	13	0	0	0	13	0	0	3.75	13	0	0	0	13	0	0	0.649		100.024	81.3446	0.32321	0	3.23133	0.272365	15.2273	1		0.0088623	12.0616	45.8346	0	0	0	
2024-06-15 22:08:48	1846	3915	5	0	0	2	9	0	0	0	9	0	0	7	9	0	0	0	9	0	0	4.33		100.018	81.3117	0.0502459	0	0.502368	0.329759	15.7824	1		0.0088623	12.0705	46.3544	0	0	0	
2024-06-15 22:15:44	1900	3916	5	0	0	7	29	0	0	0	29	0	0	6	29	0	0	0	29	0	0	0.866		100.014	78.3761	0.251107	0	2.51072	0.819342	15.7753	2		0	12.0705	44.7951	0	0	0	
2024-06-15 22:16:10	1903	3917	9	0	0	7	29	0	0	0	29	0	0	4.75	29	0	0	0	29	0	0	1.948		100.011	79.3724	0.101573	0	1.01562	0.104641	14.358	1		0.0088623	12.0705	44.7951	0	0	0	
2024-06-15 22:06:55	1831	3918	5	0	0	1	5	0	0	0	5	0	0	5.5	5	0	0	0	5	0	0	3.897		100.024	82.6544	0.0610673	0	0.610529	0.227025	17.2623	1		0.0088623	12.0616	47.6539	0	0	0	
2024-06-15 22:06:22	1827	3919	5	0	0	1	5	0	0	0	5	0	0	4.25	5	0	0	0	5	0	0	2.814		100.017	83.1771	0.0717486	0	0.717364	0.176317	14.6488	1		0.0088623	12.0705	47.7838	0	0	0	
2024-06-15 22:15:22	1897	3920	5	0	0	6	25	0	0	0	25	0	0	3.25	25	0	0	0	25	0	0	2.381		100.015	79.6093	0.0825096	0	0.824972	0.0213432	14.2545	1		0.0088623	12.0616	44.925	0	0	0	
2024-06-15 22:20:33	1938	3921	1	0	0	0.25	2	0	0	0	2	0	0	1.5	2	0	0	0	2	0	0	1.082		100.009	78.052	0.173686	0	1.7367	0.835539	13.64	1		0	12.0705	44.6651	0	0	0	
2024-06-15 22:16:55	1909	3922	1	0	0	7	29	0	0	0	29	0	0	0.75	29	0	0	0	29	0	0	5.412		100.008	79.1836	0.043886	0	0.438826	0.0834944	17.2327	1		0.0088623	12.0705	44.5352	0	0	0	
2024-06-15 22:05:05	1817	3923	9	0	0	0	1	0	0	0	1	0	0	5	1	0	0	0	1	0	0	4.33		100.019	85.8912	0.0506501	0	0.506406	0.353241	15.9092	1		0.0088623	12.0616	49.3432	0	0	0	
2024-06-15 22:04:58	1816	3924	1	0	0	0	1	0	0	0	1	0	0	3.75	1	0	0	0	1	0	0	3.247		100.019	86.238	0.0621807	0	0.621692	0.285751	14.6483	1		0.0088623	12.0705	49.6031	0	0	0	
2024-06-15 22:24:31	1969	3925	9	0	0	7.5	31	0	0	0	31	0	0	6.25	31	0	0	0	31	0	0	1.082		100.008	77.5105	0.189343	0	1.89328	0.797892	14.8698	1		0.0088623	12.0616	44.5352	0	0	0	
2024-06-15 22:21:41	1947	3926	9	0	0	6.25	26	0	0	0	26	0	0	7.5	26	0	0	0	26	0	0	1.082		100.013	78.0219	0.19016	0	1.90136	0.130903	14.9332	1		0	12.0705	44.6651	0	0	0	
2024-06-15 22:14:56	1894	3927	5	0	0	6	25	0	0	0	25	0	0	7.25	25	0	0	0	25	0	0	1.082		100.014	78.8895	0.223149	0	2.23118	0.26524	17.5237	2		0	12.0616	44.6651	0	0	0	
2024-06-15 22:18:40	1923	3928	5	0	0	7.75	32	0	0	0	32	0	0	1.5	32	0	0	0	32	0	0	5.412		100.009	78.7105	0.0390701	0	0.390666	0.0919694	15.3414	1		0.0088623	12.0705	44.7951	0	0	0	
2024-06-15 22:13:21	1881	3929	9	0	0	5	21	0	0	0	21	0	0	5.75	21	0	0	0	21	0	0	0.649		100.012	80.2795	0.338364	0	3.38323	0.244073	15.9431	1		0.0088623	12.0616	45.1849	0	0	0	
2024-06-15 22:13:28	1882	3930	5	0	0	5	21	0	0	0	21	0	0	4.5	21	0	0	0	21	0	0	0.433		100.012	79.9016	0.478416	0	4.78361	0.329902	15.0282	1		0.0088623	12.0616	44.925	0	0	0	
2024-06-15 22:10:13	1857	3931	1	0	0	3	13	0	0	0	13	0	0	1.25	13	0	0	0	13	0	0	1.515		100.024	81.4631	0.120616	0	1.20588	0.154564	13.2593	1		0	12.0616	46.0945	0	0	0	
2024-06-15 22:07:32	1836	3932	1	0	0	1	5	0	0	0	5	0	0	2.25	5	0	0	0	5	0	0	1.082		100.02	81.7091	0.172415	0	1.7238	0.179073	13.5387	1		0.0088623	12.0616	47.0042	0	0	0	
2024-06-15 22:20:25	1937	3933	1	0	0	0.5	3	0	0	0	3	0	0	1.25	3	0	0	0	3	0	0	0.649		100.012	79.6389	0.313667	0	3.13629	0.851297	14.7794	1		0.0088623	12.0616	44.6651	0	0	0	
2024-06-15 22:19:17	1928	3934	9	0	0	2.5	11	0	0	0	11	0	0	5.25	11	0	0	0	11	0	0	2.381		100.007	78.3429	0.0928143	0	0.928074	0.0447872	16.036	1		0	12.0616	44.6651	0	0	0	
2024-06-15 22:18:10	1919	3935	5	0	0	7.75	32	0	0	0	32	0	0	7.5	32	0	0	0	32	0	0	0.216		100.011	78.699	0.844221	0	8.44126	0.248257	13.2595	1		0.0088623	12.0616	44.6651	0	0	0	
2024-06-15 22:17:48	1916	3936	5	0	0	7.75	32	0	0	0	32	0	0	6.25	32	0	0	0	32	0	0	1.299		100.01	79.1749	0.157787	0	1.57771	0.148769	14.8696	1		0.0088623	12.0705	44.7951	0	0	0	
2024-06-15 22:21:48	1948	3937	1	0	0	4.25	18	0	0	0	18	0	0	3.5	18	0	0	0	18	0	0	0.649		100.008	77.7775	0.335118	0	3.3509	0.184652	15.7907	1		0.0088623	12.0616	44.6651	0	0	0	
2024-06-15 22:14:19	1889	3938	1	0	0	6	25	0	0	0	25	0	0	2.25	25	0	0	0	25	0	0	3.247		100.013	80.6421	0.0640584	0	0.640503	0.364937	15.0915	1		0	12.0616	45.055	0	0	0	
2024-06-15 22:24:02	1965	3939	9	0	0	5.25	22	0	0	0	22	0	0	4.5	22	0	0	0	22	0	0	0.649		100.013	77.7136	0.331977	0	3.31933	0.252204	15.642	1		0.0088623	11.9464	44.6651	0	0	0	
2024-06-15 22:11:12	1865	3940	9	0	0	4	17	0	0	0	17	0	0	5.75	17	0	0	0	17	0	0	1.515		100.02	80.1291	0.131835	0	1.31809	0.0677304	14.4931	1		0	12.0705	45.5748	0	0	0	
2024-06-15 22:11:35	1868	3941	9	0	0	4	17	0	0	0	17	0	0	4.5	17	0	0	0	17	0	0	0.433		100.019	80.2046	0.516272	0	5.16177	0.0339179	16.2162	1		0	12.0705	45.5748	0	0	0	
2024-06-15 22:05:27	1820	3942	1	0	0	0	1	0	0	0	1	0	0	2	1	0	0	0	1	0	0	1.732		100.021	86.1324	0.13201	0	1.31982	0.333639	16.5854	1		0.0088623	12.0705	48.9533	0	0	0	
2024-06-15 22:08:01	1840	3943	5	0	0	2	9	0	0	0	9	0	0	7.5	9	0	0	0	9	0	0	4.762		100.022	81.8587	0.0461297	0	0.461196	0.22192	15.9378	1		0.0088623	12.0705	46.8742	0	0	0	
2024-06-15 22:08:20	1842	3944	9	0	0	2	9	0	0	0	9	0	0	6.25	9	0	0	0	9	0	0	3.68		100.021	81.3452	0.0584575	0	0.584451	0.0570166	15.6069	1		0	12.0616	46.8742	0	0	0	
2024-06-15 22:16:25	1905	3945	5	0	0	7	29	0	0	0	29	0	0	5.25	29	0	0	0	29	0	0	1.515		100.015	79.0795	0.132337	0	1.32317	0.211007	14.549	1		0.0088623	12.0616	44.7951	0	0	0	
2024-06-15 22:16:33	1906	3946	5	0	0	7	29	0	0	0	29	0	0	4	29	0	0	0	29	0	0	2.598		100.007	78.9087	0.076035	0	0.760296	0.0692331	14.3312	1		0	12.0616	44.7951	0	0	0	
2024-06-15 22:06:47	1830	3947	1	0	0	1	5	0	0	0	5	0	0	3.5	5	0	0	0	5	0	0	2.165		100.021	82.3578	0.0852094	0	0.851918	0.126967	13.3819	1		0.0088623	12.0705	47.7838	0	0	0	
2024-06-15 22:15:30	1898	3948	5	0	0	6	25	0	0	0	25	0	0	2.5	25	0	0	0	25	0	0	3.031		100.017	79.2139	0.0722533	0	0.722411	0.504819	15.8867	1		0	12.0705	44.7951	0	0	0	
2024-06-15 22:23:55	1964	3949	1	0	0	3.75	16	0	0	0	16	0	0	2	16	0	0	0	16	0	0	1.515		100.012	77.7166	0.128675	0	1.2866	0.163858	14.1469	1		0	12.0616	44.6651	0	0	0	
2024-06-15 22:13:03	1879	3950	1	0	0	5	21	0	0	0	21	0	0	2	21	0	0	0	21	0	0	2.598		100.01	79.5161	0.0767153	0	0.767075	0.0834629	14.459	2		0	12.0616	45.055	0	0	0	
2024-06-15 22:09:10	1849	3951	1	0	0	2	9	0	0	0	9	0	0	1.75	9	0	0	0	9	0	0	0.216		100.022	81.1329	0.741171	0	7.41011	0.185993	11.6398	1		0.0088623	12.0616	46.3544	0	0	0	
2024-06-15 22:16:10	1903	3952	1	0	0	7	29	0	0	0	29	0	0	0	29	0	0	0	29	0	0	6.061		100.011	79.3724	0.0400073	0	0.40003	0.441895	17.5942	1		0.0088623	12.0705	44.7951	0	0	0	
2024-06-15 22:05:13	1818	3953	1	0	0	0	1	0	0	0	1	0	0	3	1	0	0	0	1	0	0	2.598		100.015	85.2696	0.0760592	0	0.760477	0.17531	14.3346	1		0.0088623	12.0705	48.9533	0	0	0	
2024-06-15 22:09:48	1854	3954	9	0	0	3	13	0	0	0	13	0	0	7	13	0	0	0	13	0	0	3.464		100.019	81.4928	0.0595037	0	0.594927	0.136894	14.9521	1		0.0088623	12.0616	46.0945	0	0	0	
2024-06-15 22:14:34	1891	3955	5	0	0	6	25	0	0	0	25	0	0	7.75	25	0	0	0	25	0	0	1.515		100.013	80.532	0.136239	0	1.36222	0.0878803	14.9784	1		0.0088623	12.0616	44.6651	0	0	0	
2024-06-15 22:14:49	1893	3956	9	0	0	6	25	0	0	0	25	0	0	6.5	25	0	0	0	25	0	0	0.433		100.014	79.6165	0.520291	0	5.20217	0.397712	16.3431	1		0.0088623	12.0616	45.055	0	0	0	
2024-06-15 22:18:17	1920	3957	5	0	0	7.75	32	0	0	0	32	0	0	0.75	32	0	0	0	32	0	0	6.061		100.01	78.4553	0.0365139	0	0.365105	0.0896959	16.0581	1		0.0088623	12.0705	44.6651	0	0	0	
2024-06-15 22:13:57	1886	3958	5	0	0	5	21	0	0	0	21	0	0	3.75	21	0	0	0	21	0	0	1.082		100.01	80.0415	0.188719	0	1.88699	0.249164	14.8204	1		0.0088623	12.0616	44.925	0	0	0	
2024-06-15 22:10:27	1859	3959	1	0	0	3	13	0	0	0	13	0	0	0.5	13	0	0	0	13	0	0	2.165		100.021	81.159	0.087144	0	0.871257	0.215532	13.6857	1		0.0088623	12.0705	45.8346	0	0	0	
2024-06-15 22:07:25	1835	3960	5	0	0	1	5	0	0	0	5	0	0	1.5	5	0	0	0	5	0	0	0.433		100.022	82.2221	0.458704	0	4.58602	0.173697	14.4074	1		0	12.0616	47.264	0	0	0	
2024-06-15 22:25:35	1977	3961	1	0	0	2	9	0	0	5.75	9	0	0	3.25	9	0	0	4.5	9	0	0	0.649		100.013	19.8759	0.172535	0	1.72513	0.148312	13.5491	2		0	12.0705	44.5352	0	0	0	
2024-06-15 22:11:56	1871	3962	1	0	0	4	17	0	0	0	17	0	0	1.75	17	0	0	0	17	0	0	1.948		100.021	80.2877	0.0961255	0	0.961052	0.00802186	13.5866	1		0	12.0616	45.5748	0	0	0	
2024-06-15 22:20:47	1940	3963	1	0	0	2.5	11	0	0	0	11	0	0	3.25	11	0	0	0	11	0	0	0.649		100.013	77.806	0.312111	0	3.12069	0.525702	14.7059	1		0	12.0616	44.5352	0	0	0	
2024-06-15 22:17:32	1914	3964	9	0	0	7.75	32	0	0	0	32	0	0	5.5	32	0	0	0	32	0	0	1.948		100.009	78.9919	0.0999546	0	0.999457	0.147193	14.1295	1		0.0088623	12.0616	44.7951	0	0	0	
2024-06-15 22:17:25	1913	3965	5	0	0	7.75	32	0	0	0	32	0	0	4.25	32	0	0	0	32	0	0	3.031		100.005	78.7772	0.0636479	0	0.636445	0.109873	13.9962	1		0	12.0705	44.6651	0	0	0	
2024-06-15 22:14:11	1888	3966	1	0	0	6	25	0	0	0	25	0	0	1.5	25	0	0	0	25	0	0	3.897		100.013	79.5417	0.0564341	0	0.56427	0.138529	15.9543	1		0.0088623	11.9464	45.055	0	0	0	
2024-06-15 22:11:42	1869	3967	9	0	0	4	17	0	0	0	17	0	0	5	17	0	0	0	17	0	0	0.866		100.016	79.8827	0.249266	0	2.49226	0.160054	15.6593	1		0.0088623	12.0616	45.5748	0	0	0	
2024-06-15 22:10:57	1863	3968	1	0	0	4	17	0	0	0	17	0	0	3.75	17	0	0	0	17	0	0	0.216		100.019	80.3755	0.839006	0	8.38845	0.443276	13.1766	1		0.0088623	12.0616	45.5748	0	0	0	
2024-06-15 22:05:42	1822	3969	1	0	0	0	1	0	0	0	1	0	0	1.25	1	0	0	0	1	0	0	1.082		100.02	83.4813	0.174325	0	1.74291	0.02424	13.6888	2		0.0088623	12.0616	48.4336	0	0	0	
2024-06-15 22:08:09	1841	3970	5	0	0	2	9	0	0	0	9	0	0	5.5	9	0	0	0	9	0	0	3.031		100.021	81.2945	0.106521	0	1.06498	0.249216	23.4202	2		0.0088623	12.0705	46.8742	0	0	0	
2024-06-15 22:08:41	1845	3971	5	0	0	2	9	0	0	0	9	0	0	4.25	9	0	0	0	9	0	0	1.948		100.021	81.3245	0.0990074	0	0.989869	0.0140884	13.9939	1		0	11.9464	46.6143	0	0	0	
2024-06-15 22:16:17	1904	3972	1	0	0	7	29	0	0	0	29	0	0	3.25	29	0	0	0	29	0	0	3.247		100.013	79.531	0.0618	0	0.617921	0.00727979	14.5594	1		0	12.0705	44.7951	0	0	0	
2024-06-15 22:07:03	1832	3973	1	0	0	1	5	0	0	0	5	0	0	2.75	5	0	0	0	5	0	0	1.515		100.021	82.5063	0.12037	0	1.20344	0.0672949	13.2325	1		0.0088623	12.0705	47.6539	0	0	0	
2024-06-15 22:05:27	1820	3974	9	0	0	0	1	0	0	0	1	0	0	7	1	0	0	0	1	0	0	6.061		100.021	86.1324	0.0397179	0	0.397096	0.110461	17.4652	1		0.0088623	12.0705	48.9533	0	0	0	
2024-06-15 22:13:21	1881	3975	1	0	0	5	21	0	0	0	21	0	0	1.25	21	0	0	0	21	0	0	3.247		100.012	80.2795	0.0670214	0	0.670134	0.159422	15.7897	1		0.0088623	12.0616	45.1849	0	0	0	
2024-06-15 22:08:41	1845	3976	1	0	0	2	9	0	0	0	9	0	0	1	9	0	0	0	9	0	0	0.866		100.021	81.3245	0.219116	0	2.19071	0.236662	13.7646	1		0	11.9464	46.6143	0	0	0	
2024-06-15 22:10:05	1856	3977	5	0	0	3	13	0	0	0	13	0	0	7.5	13	0	0	0	13	0	0	3.897		100.022	81.0784	0.053181	0	0.53169	0.48935	15.0332	1		0.0088623	12.0616	46.0945	0	0	0	
2024-06-15 22:10:13	1857	3978	5	0	0	3	13	0	0	0	13	0	0	6.25	13	0	0	0	13	0	0	2.814		100.024	81.4631	0.0726561	0	0.72639	0.078078	14.8331	1		0	12.0616	46.0945	0	0	0	
2024-06-15 22:15:44	1900	3979	9	0	0	7	29	0	0	0	29	0	0	7.25	29	0	0	0	29	0	0	0.216		100.014	78.3761	0.735478	0	7.35376	0.444212	11.5513	2		0	12.0705	44.7951	0	0	0	
2024-06-15 22:07:10	1833	3980	9	0	0	1	5	0	0	0	5	0	0	6.75	5	0	0	0	5	0	0	4.979		100.019	82.1106	0.0501633	0	0.501537	0.00275534	18.1197	1		0	12.0705	47.394	0	0	0	
2024-06-15 22:14:27	1890	3981	5	0	0	6	25	0	0	0	25	0	0	5.75	25	0	0	0	25	0	0	0.216		100.016	79.9403	0.822446	0	8.22312	0.428282	12.9168	1		0	12.0616	45.055	0	0	0	
2024-06-15 22:14:41	1892	3982	9	0	0	6	25	0	0	0	25	0	0	4.5	25	0	0	0	25	0	0	1.299		100.014	80.5294	0.157246	0	1.57223	0.301186	14.8179	1		0.0088623	12.0616	44.925	0	0	0	
2024-06-15 22:18:32	1922	3983	1	0	0	7.75	32	0	0	0	32	0	0	0	32	0	0	0	32	0	0	6.711		100.009	79.0487	0.0339089	0	0.33906	0.633857	16.5104	1		0	12.0616	44.6651	0	0	0	
2024-06-15 22:13:42	1884	3984	5	0	0	5	21	0	0	0	21	0	0	3	21	0	0	0	21	0	0	1.732		100.012	79.8183	0.109215	0	1.09202	0.0375109	13.7227	1		0.0088623	12.0705	45.055	0	0	0	
2024-06-15 22:06:39	1829	3985	1	0	0	1	5	0	0	0	5	0	0	0.75	5	0	0	0	5	0	0	0.216		100.018	82.2373	0.768359	0	7.68217	0.232162	12.0671	1		0	12.0616	47.7838	0	0	0	
2024-06-15 22:22:35	1953	3986	1	0	0	5.75	24	0	0	0	24	0	0	2	24	0	0	0	24	0	0	3.247		100.01	77.8263	0.0660397	0	0.660333	0.180284	15.5587	1		0	11.9552	44.6651	0	0	0	
2024-06-15 22:12:10	1873	3987	1	0	0	4	17	0	0	0	17	0	0	1	17	0	0	0	17	0	0	2.598		100.018	80.0563	0.0734971	0	0.734836	0.30444	13.8513	1		0	12.0705	45.3149	0	0	0	
2024-06-15 22:17:55	1917	3988	1	0	0	7.75	32	0	0	0	32	0	0	3.5	32	0	0	0	32	0	0	3.68		100.011	78.8211	0.0524816	0	0.524759	0.0197823	14.0129	1		0.0088623	12.0616	44.6651	0	0	0	
2024-06-15 22:14:27	1890	3989	1	0	0	6	25	0	0	0	25	0	0	0.75	25	0	0	0	25	0	0	4.546		100.016	79.9403	0.052042	0	0.520335	0.124687	17.1642	1		0	12.0616	45.055	0	0	0	
2024-06-15 22:11:26	1867	3990	1	0	0	4	17	0	0	0	17	0	0	3	17	0	0	0	17	0	0	0.866		100.018	79.9911	0.238223	0	2.38179	0.290155	14.9652	1		0	12.0616	45.5748	0	0	0	
2024-06-15 22:06:07	1825	3991	1	0	0	0	1	0	0	0	1	0	0	0.5	1	0	0	0	1	0	0	0.433		100.019	83.8164	0.453381	0	4.53297	0.078217	14.2407	1		0.0088623	12.0616	48.1737	0	0	0	
2024-06-15 22:24:45	1971	3992	1	0	0	3.5	15	0	0	4.25	15	0	0	2.75	15	0	0	5	15	0	0	0.389		100.018	19.1259	0.328995	0	3.28935	0.116122	15.5007	1		0	12.0616	44.5352	0	0	0	
2024-06-15 22:09:04	1848	3993	5	0	0	2	9	0	0	0	9	0	0	3.5	9	0	0	0	9	0	0	1.299		100.018	80.8842	0.149064	0	1.49037	0.0708445	14.0464	1		0.0088623	12.0616	46.4844	0	0	0	
2024-06-15 22:17:10	1911	3994	1	0	0	7	29	0	0	0	29	0	0	2.5	29	0	0	0	29	0	0	3.897		100.01	78.942	0.0554672	0	0.554619	0.2959	15.6815	1		0.0088623	12.0705	44.5352	0	0	0	
2024-06-15 22:15:44	1900	3995	1	0	0	7	29	0	0	0	29	0	0	2	29	0	0	0	29	0	0	4.33		100.014	78.3761	0.0503827	0	0.503758	0.176664	15.826	2		0	12.0705	44.7951	0	0	0	
2024-06-15 22:05:42	1822	3996	5	0	0	0	1	0	0	0	1	0	0	7.5	1	0	0	0	1	0	0	6.494		100.02	83.4813	0.0370519	0	0.370446	0.0738428	17.4569	2		0.0088623	12.0616	48.4336	0	0	0	
2024-06-15 22:05:13	1818	3997	5	0	0	0	1	0	0	0	1	0	0	6.25	1	0	0	0	1	0	0	5.412		100.015	85.2696	0.0435292	0	0.435226	0.048809	17.0913	1		0.0088623	12.0705	48.9533	0	0	0	
2024-06-15 22:14:04	1887	3998	1	0	0	5	21	0	0	0	21	0	0	0.5	21	0	0	0	21	0	0	3.897		100.009	80.0097	0.0599903	0	0.599849	0.272396	16.9603	1		0	12.0705	45.055	0	0	0	
2024-06-15 22:23:19	1959	3999	1	0	0	1.25	6	0	0	0	6	0	0	0.5	6	0	0	0	6	0	0	0.649		100.011	77.6034	0.315746	0	3.15712	0.279838	14.8776	1		0	12.0705	44.5352	0	0	0	
2024-06-15 22:12:55	1878	4000	5	0	0	5	21	0	0	0	21	0	0	7	21	0	0	0	21	0	0	1.732		100.015	80.5745	0.115689	0	1.15672	0.152244	14.5357	1		0.0088623	12.0705	45.3149	0	0	0	
2024-06-15 22:08:09	1841	4001	1	0	0	2	9	0	0	0	9	0	0	0.25	9	0	0	0	9	0	0	1.515		100.021	81.2945	0.125549	0	1.25522	0.00848066	13.8019	2		0.0088623	12.0705	46.8742	0	0	0	
2024-06-15 22:11:04	1864	4002	5	0	0	4	17	0	0	0	17	0	0	7	17	0	0	0	17	0	0	2.598		100.018	80.2719	0.0770132	0	0.769995	0.0170753	14.5141	1		0	12.0616	45.7047	0	0	0	
2024-06-15 22:09:40	1853	4003	9	0	0	3	13	0	0	0	13	0	0	5.5	13	0	0	0	13	0	0	2.165		100.021	81.976	0.0922717	0	0.922523	0.1633	14.491	1		0.0088623	12.0616	46.2245	0	0	0	
2024-06-15 22:10:05	1856	4004	9	0	0	3	13	0	0	0	13	0	0	4.25	13	0	0	0	13	0	0	1.082		100.022	81.0784	0.184378	0	1.84337	0.12257	14.4778	1		0.0088623	12.0616	46.0945	0	0	0	
2024-06-15 22:16:02	1902	4005	5	0	0	7	29	0	0	0	29	0	0	7.75	29	0	0	0	29	0	0	0.649		100.012	79.9163	0.34345	0	3.4341	0.502079	16.1828	1		0	12.0705	44.7951	0	0	0	
2024-06-15 22:16:25	1905	4006	9	0	0	7	29	0	0	0	29	0	0	6.5	29	0	0	0	29	0	0	0.433		100.015	79.0795	0.494756	0	4.94681	0.403674	15.5409	1		0.0088623	12.0616	44.7951	0	0	0	
2024-06-15 22:06:47	1830	4007	9	0	0	1	5	0	0	0	5	0	0	6	5	0	0	0	5	0	0	4.33		100.021	82.3578	0.0561498	0	0.561383	0.225153	17.6364	1		0.0088623	12.0705	47.7838	0	0	0	
2024-06-15 22:06:39	1829	4008	9	0	0	1	5	0	0	0	5	0	0	4.75	5	0	0	0	5	0	0	3.247		100.018	82.2373	0.0678336	0	0.678211	0.0361054	15.98	1		0	12.0616	47.7838	0	0	0	
2024-06-15 22:21:01	1942	4009	9	0	0	4.75	20	0	0	0	20	0	0	5	20	0	0	0	20	0	0	0.216		100.012	77.7988	0.782559	0	7.82463	0.374151	12.2909	1		0	12.0705	44.2753	0	0	0	
2024-06-15 22:14:34	1891	4010	9	0	0	6	25	0	0	0	25	0	0	5	25	0	0	0	25	0	0	0.866		100.013	80.532	0.247827	0	2.47795	0.564293	15.5694	1		0.0088623	12.0616	44.6651	0	0	0	
2024-06-15 22:15:15	1896	4011	5	0	0	6	25	0	0	0	25	0	0	3.75	25	0	0	0	25	0	0	1.948		100.016	80.3746	0.101355	0	1.01339	0.0495343	14.3265	1		0	12.0616	44.7951	0	0	0	
2024-06-15 22:07:47	1838	4012	1	0	0	1	5	0	0	0	5	0	0	0	5	0	0	0	5	0	0	0.866		100.021	81.4901	0.226405	0	2.26357	0.0476037	14.2224	1		0	12.0616	47.1341	0	0	0	
2024-06-15 22:19:53	1933	4013	9	0	0	0.75	4	0	0	0	4	0	0	7	4	0	0	0	4	0	0	5.412		100.01	78.0566	0.043091	0	0.430868	0.010108	16.9201	1		0.0088623	11.9464	44.4052	0	0	0	
2024-06-15 22:12:18	1874	4014	5	0	0	4	17	0	0	0	17	0	0	0.25	17	0	0	0	17	0	0	3.247		100.016	79.7925	0.0605241	0	0.605145	0.0839173	14.2584	1		0.0088623	12.0616	45.3149	0	0	0	
2024-06-15 22:17:32	1914	4015	1	0	0	7.75	32	0	0	0	32	0	0	2.75	32	0	0	0	32	0	0	4.33		100.009	78.9919	0.0464422	0	0.464381	0.0379001	14.5889	1		0.0088623	12.0616	44.7951	0	0	0	
2024-06-15 22:14:41	1892	4016	1	0	0	6	25	0	0	0	25	0	0	0	25	0	0	0	25	0	0	5.195		100.014	80.5294	0.0491545	0	0.491474	0.28088	18.5281	1		0.0088623	12.0616	44.925	0	0	0	
2024-06-15 22:08:48	1846	4017	1	0	0	2	9	0	0	0	9	0	0	2.75	9	0	0	0	9	0	0	0.649		100.018	81.3117	0.316409	0	3.16352	0.265231	14.9077	1		0.0088623	12.0705	46.3544	0	0	0	
2024-06-15 22:16:41	1907	4018	1	0	0	7	29	0	0	0	29	0	0	1.25	29	0	0	0	29	0	0	4.979		100.009	79.5185	0.0478417	0	0.478375	0.244181	17.2829	1		0.0088623	12.0705	44.5352	0	0	0	
2024-06-15 22:05:20	1819	4019	9	0	0	0	1	0	0	0	1	0	0	5.5	1	0	0	0	1	0	0	4.762		100.015	84.973	0.0639996	0	0.639897	0.418787	22.1132	1		0.0088623	12.0705	49.0833	0	0	0	
2024-06-15 22:05:05	1817	4020	5	0	0	0	1	0	0	0	1	0	0	4.25	1	0	0	0	1	0	0	3.68		100.019	85.8912	0.0563237	0	0.563131	0.535793	15.0376	1		0.0088623	12.0616	49.3432	0	0	0	
