Time	MeasID	DPID	Channel	A(x)	A(y)	A(z)	A(adr)	B(x)	B(y)	B(z)	B(adr)	M(x)	M(y)	M(z)	M(adr)	N(x)	N(y)	N(z)	N(adr)	F(x)	F(y)	F(z)	Note	I(mA)	Uout(V)	U(V)	SP(V)	R(Ohm)	Var(%)	Rho-a(Ohm-m)	Cycles	IP Delay Window(mV/V)	Pint(V)	Pext(V)	T int(deg C)	T log(deg C)	Latitude	Longitude
2024-06-24 00:56:01	104	1	1	0	0	7.75	32	0	0	0	32	0	0	2	32	0	0	0	32	0	0	4.979		99.9344	41.2235	0.041652	0	0.416794	0.134882	15.0581	1		0	12.0439	38.0379	0	0	0	
2024-06-24 00:50:11	64	2	5	0	0	5	21	0	0	0	21	0	0	7.5	21	0	0	0	21	0	0	2.165		99.9327	41.3381	0.0887424	0	0.888022	0.0912042	13.949	1		0	12.0439	38.5577	0	0	0	
2024-06-24 00:50:37	67	3	9	0	0	5	21	0	0	0	21	0	0	6.25	21	0	0	0	21	0	0	1.082		99.9362	41.3028	0.182534	0	1.8265	0.0204537	14.3453	1		0	12.0439	38.5577	0	0	0	
2024-06-24 00:47:56	48	4	1	0	0	3	13	0	0	0	13	0	0	1.75	13	0	0	0	13	0	0	1.082		99.94	41.5597	0.166575	0	1.66675	0.057756	13.0906	1		0	12.0439	38.9475	0	0	0	
2024-06-24 00:55:18	99	5	5	0	0	7.75	32	0	0	0	32	0	0	6.75	32	0	0	0	32	0	0	0.866		99.9313	41.2806	0.234262	0	2.34423	0.0603433	14.7292	1		0	12.0439	38.0379	0	0	0	
2024-06-24 01:02:18	149	6	1	0	0	3.25	14	0	0	0	14	0	0	2.5	14	0	0	0	14	0	0	0.649		99.9411	41.5544	0.2844	0	2.84567	0.142432	13.4099	1		0	12.0439	38.1678	0	0	0	
2024-06-24 00:48:22	51	7	9	0	0	4	17	0	0	0	17	0	0	7.5	17	0	0	0	17	0	0	3.031		99.9381	40.9182	0.0652654	0	0.653059	0.0337955	14.3615	1		0	12.0439	38.9475	0	0	0	
2024-06-24 00:48:38	53	8	5	0	0	4	17	0	0	0	17	0	0	6.25	17	0	0	0	17	0	0	1.948		99.9446	41.0656	0.0992851	0	0.993401	0.212574	14.0439	1		0.0088623	12.0439	38.9475	0	0	0	
2024-06-24 00:46:49	40	9	1	0	0	3	13	0	0	0	13	0	0	3.5	13	0	0	0	13	0	0	0.433		99.9399	41.4967	0.434807	0	4.35068	0.15502	13.6681	1		0	12.0439	39.4673	0	0	0	
2024-06-24 00:45:42	32	10	9	0	0	2	9	0	0	0	9	0	0	6.75	9	0	0	0	9	0	0	4.113		99.9398	40.8401	0.0526241	0	0.526557	0.11663	15.7152	1		0	12.0439	39.8571	0	0	0	
2024-06-24 00:54:11	91	11	5	0	0	7	29	0	0	0	29	0	0	5.75	29	0	0	0	29	0	0	1.082		99.9368	41.2016	0.183547	0	1.83663	0.114791	14.4248	1		0	12.0439	38.1678	0	0	0	
2024-06-24 00:54:19	92	12	9	0	0	7	29	0	0	0	29	0	0	4.5	29	0	0	0	29	0	0	2.165		99.9402	41.1824	0.0894033	0	0.894568	0.0689999	14.0518	1		0	12.0439	38.1678	0	0	0	
2024-06-24 00:43:53	19	13	9	0	0	1	5	0	0	0	5	0	0	5.25	5	0	0	0	5	0	0	3.68		99.9544	40.4067	0.0603124	0	0.6034	0.426767	16.1129	1		0	12.0439	40.8967	0	0	0	
2024-06-24 00:43:19	15	14	5	0	0	1	5	0	0	0	5	0	0	4	5	0	0	0	5	0	0	2.598		99.9561	40.4132	0.0723711	0	0.724029	0.0484781	13.6476	1		0	12.0439	41.1566	0	0	0	
2024-06-24 01:00:39	137	15	1	0	0	4.75	20	0	0	0	20	0	0	3	20	0	0	0	20	0	0	1.515		99.938	41.5168	0.120793	0	1.20868	0.0102652	13.2902	1		0	12.0439	38.2978	0	0	0	
2024-06-24 00:52:50	82	16	5	0	0	6	25	0	0	0	25	0	0	3	25	0	0	0	25	0	0	2.598		99.9399	41.2098	0.0764973	0	0.765432	0.0828819	14.4281	2		0	12.0439	38.2978	0	0	0	
2024-06-24 00:45:42	32	17	1	0	0	2	9	0	0	0	9	0	0	2.25	9	0	0	0	9	0	0	0.216		99.9398	40.8401	0.717046	0	7.17478	0.129751	11.2701	1		0	12.0439	39.8571	0	0	0	
2024-06-24 00:55:01	97	18	5	0	0	7	29	0	0	0	29	0	0	0.5	29	0	0	0	29	0	0	5.628		99.9334	41.1611	0.0429343	0	0.429629	0.309285	17.5464	1		0	12.0439	38.1678	0	0	0	
2024-06-24 00:42:19	8	19	1	0	0	0	1	0	0	0	1	0	0	3.5	1	0	0	0	1	0	0	3.031		99.9564	40.595	0.0679969	0	0.680266	0.472542	14.9598	1		0	12.0439	41.9363	0	0	0	
2024-06-24 01:02:09	148	20	1	0	0	1.75	8	0	0	0	8	0	0	0	8	0	0	0	8	0	0	1.515		99.9366	41.5809	0.117043	0	1.17118	0.31065	12.8778	1		0	12.0439	38.2978	0	0	0	
2024-06-24 00:52:15	78	21	5	0	0	6	25	0	0	0	25	0	0	7	25	0	0	0	25	0	0	0.866		99.9403	41.1984	0.237496	0	2.37637	0.103516	14.9312	1		0	12.0439	38.2978	0	0	0	
2024-06-24 01:01:20	142	22	1	0	0	6.5	27	0	0	0	27	0	0	1.25	27	0	0	0	27	0	0	4.546		99.9412	41.5917	0.0531991	0	0.532304	0.520795	17.559	1		0	12.0439	38.2978	0	0	0	
2024-06-24 00:56:16	106	23	5	0	0	7.75	32	0	0	0	32	0	0	1.25	32	0	0	0	32	0	0	5.628		99.9355	41.361	0.0390444	0	0.390695	0.384339	15.9563	1		0	12.0439	38.1678	0	0	0	
2024-06-24 00:50:45	68	24	5	0	0	5	21	0	0	0	21	0	0	5.5	21	0	0	0	21	0	0	0.433		99.9375	41.2737	0.453775	0	4.54059	0.208446	14.2647	1		0	12.0439	38.5577	0	0	0	
2024-06-24 00:50:11	64	25	9	0	0	5	21	0	0	0	21	0	0	4.25	21	0	0	0	21	0	0	0.649		99.9327	41.3381	0.303023	0	3.03227	0.221501	14.2892	1		0	12.0439	38.5577	0	0	0	
2024-06-24 00:46:41	39	26	1	0	0	3	13	0	0	0	13	0	0	1	13	0	0	0	13	0	0	1.732		99.9423	41.5068	0.103109	0	1.03169	0.0432953	12.9645	1		0	12.0439	39.4673	0	0	0	
2024-06-24 00:43:19	15	27	1	0	0	1	5	0	0	0	5	0	0	2	5	0	0	0	5	0	0	0.866		99.9561	40.4132	0.205006	0	2.05096	0.017485	12.8866	1		0	12.0439	41.1566	0	0	0	
2024-06-24 00:57:50	117	28	9	0	0	1.75	8	0	0	0	8	0	0	6	8	0	0	0	8	0	0	3.68		99.9402	41.48	0.0608184	0	0.608548	0.690241	16.2504	1		0	11.9375	38.1678	0	0	0	
2024-06-24 00:49:37	60	29	1	0	0	4	17	0	0	0	17	0	0	2.25	17	0	0	0	17	0	0	1.515		99.9343	40.8671	0.118347	0	1.18424	0.110597	13.0214	1		0	12.0439	38.6876	0	0	0	
2024-06-24 00:56:09	105	30	5	0	0	7.75	32	0	0	0	32	0	0	6	32	0	0	0	32	0	0	1.515		99.9406	41.2036	0.128382	0	1.28459	0.0972756	14.1248	1		0	12.0439	38.0379	0	0	0	
2024-06-24 00:55:27	100	31	5	0	0	7.75	32	0	0	0	32	0	0	4.75	32	0	0	0	32	0	0	2.598		99.9354	41.2684	0.0734009	0	0.734483	0.0784101	13.8447	1		0	12.0439	38.1678	0	0	0	
2024-06-24 00:53:10	84	32	5	0	0	6	25	0	0	0	25	0	0	2	25	0	0	0	25	0	0	3.464		99.939	41.2207	0.064174	0	0.642131	0.0578819	16.1385	1		0	12.0439	38.2978	0	0	0	
2024-06-24 00:48:47	54	33	9	0	0	4	17	0	0	0	17	0	0	5.5	17	0	0	0	17	0	0	1.299		99.9372	40.9662	0.150107	0	1.50202	0.113274	14.1562	1		0	12.0439	38.9475	0	0	0	
2024-06-24 00:48:47	54	34	5	0	0	4	17	0	0	0	17	0	0	4.25	17	0	0	0	17	0	0	0.216		99.9372	40.9662	0.81974	0	8.20256	0.0849208	12.8845	1		0	12.0439	38.9475	0	0	0	
2024-06-24 00:41:55	5	35	1	0	0	0	1	0	0	0	1	0	0	1.75	1	0	0	0	1	0	0	1.515		99.9516	40.6352	0.117733	0	1.1779	0.0135898	12.9517	1		0	12.0439	42.3261	0	0	0	
2024-06-24 01:03:23	157	36	1	0	0	3.75	16	0	0	4	16	0	0	3.5	16	0	0	4.25	16	0	0	0.13		99.94	18.1344	0.562008	0	5.62345	0.100953	8.8333	1		0	12.0439	38.2978	0	0	0	
2024-06-24 00:47:07	42	37	1	0	0	3	13	0	0	0	13	0	0	2.75	13	0	0	0	13	0	0	0.216		99.9408	41.4939	0.713007	0	7.13429	0.241052	11.2065	1		0	12.0439	39.3374	0	0	0	
2024-06-24 00:45:34	31	38	9	0	0	2	9	0	0	0	9	0	0	6	9	0	0	0	9	0	0	3.464		99.941	40.8547	0.063361	0	0.633984	0.190127	15.9338	1		0	12.0439	39.9871	0	0	0	
2024-06-24 00:45:18	29	39	5	0	0	2	9	0	0	0	9	0	0	4.75	9	0	0	0	9	0	0	2.381		99.9464	40.8203	0.0812292	0	0.812727	0.0294567	14.0429	1		0.0088623	12.0439	40.117	0	0	0	
2024-06-24 00:53:53	89	40	5	0	0	7	29	0	0	0	29	0	0	5	29	0	0	0	29	0	0	1.732		99.9372	41.2158	0.110575	0	1.10644	0.0175144	13.904	1		0	12.0439	38.1678	0	0	0	
2024-06-24 00:53:53	89	41	1	0	0	7	29	0	0	0	29	0	0	3.75	29	0	0	0	29	0	0	2.814		99.9372	41.2158	0.0703221	0	0.703663	0.00814056	14.369	1		0	12.0439	38.1678	0	0	0	
2024-06-24 00:44:00	20	42	1	0	0	1	5	0	0	0	5	0	0	3.25	5	0	0	0	5	0	0	1.948		99.9577	40.5438	0.0923417	0	0.923808	0.0119429	13.06	1		0	12.0439	40.7668	0	0	0	
2024-06-24 00:57:22	114	43	9	0	0	2.75	12	0	0	0	12	0	0	5	12	0	0	0	12	0	0	1.948		99.9361	41.3003	0.093776	0	0.93836	0.108846	13.2657	1		0.0088623	12.0439	38.0379	0	0	0	
2024-06-24 00:51:00	70	44	5	0	0	5	21	0	0	0	21	0	0	1.75	21	0	0	0	21	0	0	2.814		99.9349	41.3336	0.0733968	0	0.734446	0.19018	14.9976	2		0	12.0439	38.5577	0	0	0	
2024-06-24 00:46:16	36	45	1	0	0	2	9	0	0	0	9	0	0	1.5	9	0	0	0	9	0	0	0.433		99.9456	40.8094	0.416291	0	4.16517	0.0637564	13.0853	1		0	12.0439	39.5972	0	0	0	
2024-06-24 00:42:51	12	46	1	0	0	0	1	0	0	0	1	0	0	2.75	1	0	0	0	1	0	0	2.381		99.9549	40.5661	0.120317	0	1.20371	0.0629908	20.7987	2		0.0088623	12.0439	41.5464	0	0	0	
2024-06-24 00:57:14	113	47	9	0	0	3.25	14	0	0	0	14	0	0	4.5	14	0	0	0	14	0	0	1.082		99.9371	41.6403	0.171241	0	1.71348	0.0256531	13.4577	1		0	11.9375	38.1678	0	0	0	
2024-06-24 00:46:33	38	48	1	0	0	3	13	0	0	0	13	0	0	6.75	13	0	0	0	13	0	0	3.247		99.9456	41.5364	0.0638659	0	0.639007	0.310313	15.0562	1		0	12.0439	39.4673	0	0	0	
2024-06-24 00:43:44	18	49	5	0	0	1	5	0	0	0	5	0	0	7.25	5	0	0	0	5	0	0	5.412		99.9501	40.4284	0.0572546	0	0.572832	0.795818	22.4951	1		0	12.0439	40.8967	0	0	0	
2024-06-24 00:51:55	76	50	9	0	0	6	25	0	0	0	25	0	0	7.5	25	0	0	0	25	0	0	1.299		99.9341	41.1896	0.150123	0	1.50222	0.0273609	14.158	2		0	12.0439	38.4277	0	0	0	
2024-06-24 00:52:32	80	51	5	0	0	6	25	0	0	0	25	0	0	6.25	25	0	0	0	25	0	0	0.216		99.9339	41.1805	0.791499	0	7.92022	0.18591	12.4411	1		0	12.0439	38.2978	0	0	0	
2024-06-24 00:56:33	108	52	5	0	0	7.75	32	0	0	0	32	0	0	0.5	32	0	0	0	32	0	0	6.278		99.9414	41.372	0.0360613	0	0.360825	0.0175434	16.4367	1		0	12.0439	38.0379	0	0	0	
2024-06-24 00:50:28	66	53	1	0	0	5	21	0	0	0	21	0	0	3.5	21	0	0	0	21	0	0	1.299		99.9354	41.2994	0.141533	0	1.41625	0.0585771	13.3478	1		0	12.0439	38.5577	0	0	0	
2024-06-24 00:47:15	43	54	1	0	0	3	13	0	0	0	13	0	0	0.25	13	0	0	0	13	0	0	2.381		99.9421	41.4926	0.0766794	0	0.767239	0.151521	13.2569	1		0	12.0439	39.2074	0	0	0	
2024-06-24 00:43:35	17	55	1	0	0	1	5	0	0	0	5	0	0	1.25	5	0	0	0	5	0	0	0.216		99.9541	40.5278	0.720444	0	7.20775	0.0734268	11.3219	1		0	12.0439	41.1566	0	0	0	
2024-06-24 00:49:28	59	56	5	0	0	4	17	0	0	0	17	0	0	1.5	17	0	0	0	17	0	0	2.165		99.9411	40.9832	0.0841366	0	0.841862	0.0772352	13.2239	1		0	12.0439	38.8176	0	0	0	
2024-06-24 00:57:58	118	57	9	0	0	1.5	7	0	0	0	7	0	0	6.25	7	0	0	0	7	0	0	4.113		99.9351	40.6665	0.0604391	0	0.604783	0.756993	18.0498	2		0	12.0439	38.1678	0	0	0	
2024-06-24 00:55:44	102	58	9	0	0	7.75	32	0	0	0	32	0	0	5.25	32	0	0	0	32	0	0	2.165		99.9386	41.2601	0.0873012	0	0.873548	0.170484	13.7217	1		0	12.0439	38.1678	0	0	0	
2024-06-24 00:55:10	98	59	5	0	0	7.75	32	0	0	0	32	0	0	4	32	0	0	0	32	0	0	3.247		99.9356	41.2725	0.059468	0	0.595063	0.0637417	14.0208	1		0	12.0439	38.1678	0	0	0	
2024-06-24 00:53:01	83	60	5	0	0	6	25	0	0	0	25	0	0	1.25	25	0	0	0	25	0	0	4.113		99.9388	41.3082	0.0586623	0	0.586983	0.990523	17.5186	1		0	12.0439	38.2978	0	0	0	
2024-06-24 00:49:05	56	61	1	0	0	4	17	0	0	0	17	0	0	3.5	17	0	0	0	17	0	0	0.433		99.937	40.8777	0.464512	0	4.64805	0.134477	14.6023	1		0	12.0439	38.8176	0	0	0	
2024-06-24 00:42:11	7	62	1	0	0	0	1	0	0	0	1	0	0	1	1	0	0	0	1	0	0	0.866		99.9548	40.6115	0.210336	0	2.10431	0.0238785	13.2218	1		0	12.0439	42.0662	0	0	0	
2024-06-24 00:45:34	31	63	5	0	0	2	9	0	0	0	9	0	0	5.25	9	0	0	0	9	0	0	2.814		99.941	40.8547	0.0768626	0	0.769079	0.175592	15.7049	1		0	12.0439	39.9871	0	0	0	
2024-06-24 00:44:53	26	64	9	0	0	2	9	0	0	0	9	0	0	4	9	0	0	0	9	0	0	1.732		99.9511	40.8755	0.105212	0	1.05263	0.0494302	13.2278	1		0	12.0439	40.247	0	0	0	
2024-06-24 01:02:27	150	65	1	0	0	3.5	15	0	0	0	15	0	0	2.25	15	0	0	0	15	0	0	1.082		99.9413	40.7613	0.166782	0	1.6688	0.0322469	13.1067	1		0	12.0439	38.1678	0	0	0	
2024-06-24 00:54:44	95	66	5	0	0	7	29	0	0	0	29	0	0	3	29	0	0	0	29	0	0	3.464		99.9375	41.2084	0.0585085	0	0.585451	0.12055	14.714	1		0	12.0439	38.0379	0	0	0	
2024-06-24 00:43:02	13	67	1	0	0	1	5	0	0	0	5	0	0	2.5	5	0	0	0	5	0	0	1.299		99.954	40.3934	0.140996	0	1.4106	0.295515	13.2946	1		0	12.0439	41.4165	0	0	0	
2024-06-24 00:42:03	6	68	9	0	0	0	1	0	0	0	1	0	0	6.75	1	0	0	0	1	0	0	5.845		99.9575	40.6141	0.0404096	0	0.404268	0.170534	17.1456	1		0	12.0439	42.1962	0	0	0	
2024-06-24 00:59:10	126	69	1	0	0	2.75	12	0	0	0	12	0	0	3	12	0	0	0	12	0	0	0.216		99.9335	41.0856	0.715036	0	7.15512	0.162618	11.2392	1		0	12.0439	38.0379	0	0	0	
2024-06-24 00:49:54	62	70	1	0	0	5	21	0	0	0	21	0	0	1	21	0	0	0	21	0	0	3.464		99.9356	41.3631	0.0612503	0	0.612898	0.312906	15.4038	1		0.0088623	12.0439	38.5577	0	0	0	
2024-06-24 01:04:43	166	71	1	0	0	0.5	3	0	0	7.25	3	0	0	2.75	3	0	0	5	3	0	0	1.168		99.9379	19.6166	0.0710687	0	0.711128	0.0148944	10.0533	2		0	12.0439	38.2978	0	0	0	
2024-06-24 00:59:59	132	72	9	0	0	6.75	28	0	0	0	28	0	0	7	28	0	0	0	28	0	0	0.216		99.936	41.2592	0.772111	0	7.72605	0.19603	12.1361	1		0	12.0439	38.0379	0	0	0	
2024-06-24 00:46:00	34	73	5	0	0	2	9	0	0	0	9	0	0	0.75	9	0	0	0	9	0	0	1.082		99.9443	40.8245	0.162715	0	1.62806	0.0300554	12.7868	1		0	12.0439	39.7272	0	0	0	
2024-06-24 00:47:23	44	74	9	0	0	3	13	0	0	0	13	0	0	6	13	0	0	0	13	0	0	2.598		99.9393	41.522	0.075892	0	0.759381	0.0582149	14.314	1		0	12.0439	39.2074	0	0	0	
2024-06-24 00:46:24	37	75	5	0	0	3	13	0	0	0	13	0	0	4.75	13	0	0	0	13	0	0	1.515		99.9418	41.5383	0.122148	0	1.2222	0.133967	13.4387	1		0	12.0439	39.5972	0	0	0	
2024-06-24 00:43:02	13	76	9	0	0	1	5	0	0	0	5	0	0	7.75	5	0	0	0	5	0	0	5.845		99.954	40.3934	0.0384917	0	0.385094	0.00744406	16.3324	1		0	12.0439	41.4165	0	0	0	
2024-06-24 00:43:27	16	77	5	0	0	1	5	0	0	0	5	0	0	6.5	5	0	0	0	5	0	0	4.762		99.9545	40.3991	0.0504447	0	0.504676	0.517348	17.4404	1		0	12.0439	41.1566	0	0	0	
2024-06-24 00:52:24	79	78	5	0	0	6	25	0	0	0	25	0	0	5.5	25	0	0	0	25	0	0	0.433		99.9346	41.1454	0.465214	0	4.65518	0.182584	14.6247	1		0	12.0439	38.2978	0	0	0	
2024-06-24 00:51:29	73	79	5	0	0	6	25	0	0	0	25	0	0	4.25	25	0	0	0	25	0	0	1.515		99.9354	41.2766	0.128389	0	1.28472	0.310124	14.1262	1		0	12.0439	38.4277	0	0	0	
2024-06-24 00:50:53	69	80	5	0	0	5	21	0	0	0	21	0	0	2.75	21	0	0	0	21	0	0	1.948		99.9339	41.2147	0.0943099	0	0.943723	0.0539636	13.3416	1		0	12.0439	38.5577	0	0	0	
2024-06-24 00:44:08	21	81	1	0	0	1	5	0	0	0	5	0	0	0.5	5	0	0	0	5	0	0	0.433		99.9541	40.5949	0.43412	0	4.34319	0.142758	13.6445	1		0.0088623	12.0439	40.7668	0	0	0	
2024-06-24 00:49:13	57	82	5	0	0	4	17	0	0	0	17	0	0	0.75	17	0	0	0	17	0	0	2.814		99.9398	40.8549	0.0689938	0	0.690353	0.0310327	14.0973	1		0	12.0439	38.8176	0	0	0	
2024-06-24 00:56:26	107	83	5	0	0	7.75	32	0	0	0	32	0	0	3.25	32	0	0	0	32	0	0	3.897		99.9333	41.2161	0.0502226	0	0.502561	0.281877	14.2096	1		0	12.0439	38.1678	0	0	0	
2024-06-24 01:03:55	161	84	1	0	0	2.75	12	0	0	5	12	0	0	0.5	12	0	0	7.25	12	0	0	1.168		99.9378	19.4375	0.0709213	0	0.709654	0.24405	10.0325	1		0	12.0439	38.1678	0	0	0	
2024-06-24 00:58:10	119	85	9	0	0	1.25	6	0	0	0	6	0	0	6.5	6	0	0	0	6	0	0	4.546		99.9314	41.2239	0.0512627	0	0.512979	0.699102	16.9215	1		0	12.0439	38.0379	0	0	0	
2024-06-24 00:51:29	73	86	1	0	0	6	25	0	0	0	25	0	0	0.5	25	0	0	0	25	0	0	4.762		99.9354	41.2766	0.0541123	0	0.541473	0.393455	18.712	1		0	12.0439	38.4277	0	0	0	
2024-06-24 00:48:04	49	87	1	0	0	4	17	0	0	0	17	0	0	2.75	17	0	0	0	17	0	0	1.082		99.9383	41.0148	0.16891	0	1.69014	0.0448766	13.2744	1		0	12.0439	39.0775	0	0	0	
2024-06-24 00:41:14	1	88	1	0	0	0	1	0	0	0	1	0	0	0.25	1	0	0	0	1	0	0	0.216		99.9491	40.7026	0.722619	0	7.22987	0.0688767	11.3567	2		0.0088623	12.0084	43.1058	0	0	0	
2024-06-24 00:46:08	35	89	1	0	0	2	9	0	0	0	9	0	0	3.25	9	0	0	0	9	0	0	1.082		99.9462	40.8046	0.167077	0	1.67167	0.0805835	13.1292	1		0	12.0439	39.7272	0	0	0	
2024-06-24 00:54:02	90	90	1	0	0	7	29	0	0	0	29	0	0	1.75	29	0	0	0	29	0	0	4.546		99.9385	41.2151	0.0503802	0	0.504113	0.361958	16.629	1		0	12.0439	38.1678	0	0	0	
2024-06-24 00:41:47	4	91	1	0	0	0	1	0	0	0	1	0	0	6	1	0	0	0	1	0	0	5.195		99.9559	40.6411	0.0490775	0	0.490991	0.418732	18.5099	1		0	12.0439	42.586	0	0	0	
2024-06-24 00:41:55	5	92	5	0	0	0	1	0	0	0	1	0	0	4.75	1	0	0	0	1	0	0	4.113		99.9516	40.6352	0.0517025	0	0.517276	0.182508	15.4382	1		0	12.0439	42.3261	0	0	0	
2024-06-24 01:01:36	144	93	1	0	0	7.25	30	0	0	0	30	0	0	0.5	30	0	0	0	30	0	0	5.845		99.9355	41.4638	0.0473066	0	0.473372	0.586888	20.0764	1		0	12.0439	38.1678	0	0	0	
2024-06-24 00:49:46	61	94	1	0	0	5	21	0	0	0	21	0	0	0.25	21	0	0	0	21	0	0	4.113		99.9376	41.3962	0.0508957	0	0.509275	0.160268	15.1994	1		0	12.0439	38.6876	0	0	0	
2024-06-24 00:49:54	62	95	9	0	0	5	21	0	0	0	21	0	0	6.75	21	0	0	0	21	0	0	1.515		99.9356	41.3631	0.130829	0	1.30913	0.247509	14.3946	1		0.0088623	12.0439	38.5577	0	0	0	
2024-06-24 00:47:23	44	96	1	0	0	3	13	0	0	0	13	0	0	2.25	13	0	0	0	13	0	0	0.649		99.9393	41.522	0.283439	0	2.83612	0.114179	13.3649	1		0	12.0439	39.2074	0	0	0	
2024-06-24 00:46:08	35	97	5	0	0	2	9	0	0	0	9	0	0	0	9	0	0	0	9	0	0	1.732		99.9462	40.8046	0.127385	0	1.27453	0.570121	16.0162	1		0	12.0439	39.7272	0	0	0	
2024-06-24 01:00:06	133	98	9	0	0	6.5	27	0	0	0	27	0	0	7.25	27	0	0	0	27	0	0	0.649		99.9392	41.6279	0.3099	0	3.10088	0.121173	14.6126	1		0	11.9375	38.0379	0	0	0	
2024-06-24 00:55:35	101	99	9	0	0	7.75	32	0	0	0	32	0	0	7.25	32	0	0	0	32	0	0	0.433		99.9356	41.2401	0.455163	0	4.55457	0.303774	14.3086	1		0	12.0439	38.1678	0	0	0	
2024-06-24 01:01:45	145	100	1	0	0	7.5	31	0	0	0	31	0	0	0.25	31	0	0	0	31	0	0	6.278		99.9343	41.2919	0.0359628	0	0.359864	0.324437	16.3929	1		0	12.0439	38.1678	0	0	0	
2024-06-24 00:58:44	123	101	1	0	0	0.75	4	0	0	0	4	0	0	1	4	0	0	0	4	0	0	0.216		99.9405	41.506	0.730181	0	7.30616	0.0585951	11.4765	1		0	11.9375	38.0379	0	0	0	
2024-06-24 01:00:55	139	102	1	0	0	5.5	23	0	0	0	23	0	0	2.25	23	0	0	0	23	0	0	2.814		99.9363	41.3049	0.0806471	0	0.806985	0.269003	16.4789	1		0	12.0439	38.1678	0	0	0	
2024-06-24 00:48:04	49	103	9	0	0	4	17	0	0	0	17	0	0	6.75	17	0	0	0	17	0	0	2.381		99.9383	41.0148	0.0825302	0	0.825812	0.382886	14.269	1		0	12.0439	39.0775	0	0	0	
2024-06-24 00:46:58	41	104	9	0	0	3	13	0	0	0	13	0	0	5.25	13	0	0	0	13	0	0	1.948		99.9413	41.5022	0.0972037	0	0.972607	0.00629764	13.7499	1		0	12.0439	39.3374	0	0	0	
2024-06-24 00:46:41	39	105	9	0	0	3	13	0	0	0	13	0	0	4	13	0	0	0	13	0	0	0.866		99.9423	41.5068	0.219809	0	2.19936	0.121668	13.819	1		0	12.0439	39.4673	0	0	0	
2024-06-24 00:44:41	25	106	5	0	0	2	9	0	0	0	9	0	0	7.25	9	0	0	0	9	0	0	4.546		99.9464	40.8828	0.0530708	0	0.530992	0.0606032	17.5157	2		0	12.0439	40.3769	0	0	0	
2024-06-24 00:53:27	86	107	9	0	0	7	29	0	0	0	29	0	0	7.5	29	0	0	0	29	0	0	0.433		99.9393	41.2421	0.444102	0	4.44371	0.395788	13.9603	1		0	12.0439	38.2978	0	0	0	
2024-06-24 00:54:02	90	108	9	0	0	7	29	0	0	0	29	0	0	6.25	29	0	0	0	29	0	0	0.649		99.9385	41.2151	0.314542	0	3.14736	0.186295	14.8316	1		0	12.0439	38.1678	0	0	0	
2024-06-24 00:43:11	14	109	9	0	0	1	5	0	0	0	5	0	0	5.75	5	0	0	0	5	0	0	4.113		99.9579	40.4239	0.0522371	0	0.522591	0.105968	15.5968	1		0	12.0439	41.1566	0	0	0	
2024-06-24 00:43:35	17	110	9	0	0	1	5	0	0	0	5	0	0	4.5	5	0	0	0	5	0	0	3.031		99.9541	40.5278	0.0689447	0	0.689764	0.318091	15.1687	1		0	12.0439	41.1566	0	0	0	
2024-06-24 00:53:10	84	111	1	0	0	6	25	0	0	0	25	0	0	3.5	25	0	0	0	25	0	0	2.165		99.939	41.2207	0.0872205	0	0.872737	0.0250409	13.7089	1		0	12.0439	38.2978	0	0	0	
2024-06-24 00:49:28	59	112	1	0	0	4	17	0	0	0	17	0	0	0	17	0	0	0	17	0	0	3.464		99.9411	40.9832	0.0601429	0	0.601783	0.0353748	15.1245	1		0	12.0439	38.8176	0	0	0	
2024-06-24 00:56:42	109	113	1	0	0	7.75	32	0	0	0	32	0	0	2.5	32	0	0	0	32	0	0	4.546		99.936	41.2588	0.0462448	0	0.462744	0.541933	15.2644	1		0	12.0439	38.0379	0	0	0	
2024-06-24 00:45:51	33	114	1	0	0	2	9	0	0	0	9	0	0	2.5	9	0	0	0	9	0	0	0.433		99.9384	40.8194	0.412691	0	4.12946	0.13719	12.9731	1		0.0088623	12.0439	39.8571	0	0	0	
2024-06-24 00:54:19	92	115	1	0	0	7	29	0	0	0	29	0	0	1	29	0	0	0	29	0	0	5.195		99.9402	41.1824	0.045197	0	0.45224	0.0689532	17.049	1		0	12.0439	38.1678	0	0	0	
2024-06-24 00:41:29	2	116	5	0	0	0	1	0	0	0	1	0	0	5.25	1	0	0	0	1	0	0	4.546		99.9548	40.6885	0.0494228	0	0.494452	0.383497	16.3103	1		0	12.0439	42.9758	0	0	0	
2024-06-24 00:41:38	3	117	9	0	0	0	1	0	0	0	1	0	0	4	1	0	0	0	1	0	0	3.464		99.9512	40.6706	0.0605002	0	0.605297	0.137173	15.2128	1		0	12.0439	42.7159	0	0	0	
2024-06-24 00:56:50	110	118	1	0	0	7.75	32	0	0	0	32	0	0	1.75	32	0	0	0	32	0	0	5.195		99.939	41.3981	0.041544	0	0.415694	0.421333	15.6713	1		0	12.0439	38.1678	0	0	0	
2024-06-24 00:50:37	67	119	5	0	0	5	21	0	0	0	21	0	0	6	21	0	0	0	21	0	0	0.866		99.9362	41.3028	0.229377	0	2.29523	0.111625	14.4214	1		0	12.0439	38.5577	0	0	0	
2024-06-24 00:50:19	65	120	9	0	0	5	21	0	0	0	21	0	0	4.75	21	0	0	0	21	0	0	0.216		99.9323	41.2945	0.743962	0	7.44466	0.184294	11.694	1		0	12.0439	38.5577	0	0	0	
2024-06-24 00:47:39	46	121	1	0	0	3	13	0	0	0	13	0	0	1.5	13	0	0	0	13	0	0	1.299		99.9428	41.6973	0.135557	0	1.35634	0.0601407	12.7832	1		0	12.0439	39.2074	0	0	0	
2024-06-24 00:55:18	99	122	1	0	0	7.75	32	0	0	0	32	0	0	6.5	32	0	0	0	32	0	0	1.082		99.9313	41.2806	0.183414	0	1.8354	0.0224987	14.4152	1		0	12.0439	38.0379	0	0	0	
2024-06-24 00:57:43	116	123	9	0	0	2.25	10	0	0	0	10	0	0	5.5	10	0	0	0	10	0	0	2.814		99.9372	41.5314	0.0799253	0	0.799755	0.0503684	16.3313	1		0	12.0439	38.0379	0	0	0	
2024-06-24 01:03:46	160	124	1	0	0	3	13	0	0	4.75	13	0	0	1.25	13	0	0	6.5	13	0	0	0.908		99.945	19.7137	0.0904909	0	0.905407	0.273811	9.95547	1		0	12.0439	38.2978	0	0	0	
2024-06-24 00:48:55	55	125	9	0	0	4	17	0	0	0	17	0	0	6	17	0	0	0	17	0	0	1.732		99.9359	40.9045	0.110304	0	1.10375	0.0102728	13.8701	1		0	12.0439	38.8176	0	0	0	
2024-06-24 00:48:13	50	126	5	0	0	4	17	0	0	0	17	0	0	4.75	17	0	0	0	17	0	0	0.649		99.94	40.9407	0.318063	0	3.18254	0.120564	14.9974	1		0	12.0439	39.0775	0	0	0	
2024-06-24 00:42:51	12	127	5	0	0	0	1	0	0	0	1	0	0	2.25	1	0	0	0	1	0	0	1.948		99.9549	40.5661	0.104367	0	1.04414	0.00434177	14.7613	2		0.0088623	12.0439	41.5464	0	0	0	
2024-06-24 01:03:38	159	128	1	0	0	3.25	14	0	0	4.5	14	0	0	2	14	0	0	5.75	14	0	0	0.649		99.9437	19.5723	0.14744	0	1.47523	0.603612	11.5864	1		0	12.0439	38.2978	0	0	0	
2024-06-24 00:47:31	45	129	1	0	0	3	13	0	0	0	13	0	0	3.25	13	0	0	0	13	0	0	0.216		99.9377	41.631	0.729532	0	7.29987	0.160912	11.4666	1		0	12.0439	39.3374	0	0	0	
2024-06-24 00:45:42	32	130	5	0	0	2	9	0	0	0	9	0	0	7.75	9	0	0	0	9	0	0	4.979		99.9398	40.8401	0.0428708	0	0.428966	0.148036	15.4978	1		0	12.0439	39.8571	0	0	0	
2024-06-24 00:45:25	30	131	5	0	0	2	9	0	0	0	9	0	0	6.5	9	0	0	0	9	0	0	3.897		99.945	40.9687	0.0546618	0	0.546919	0.0510777	15.4638	1		0	12.0439	40.117	0	0	0	
2024-06-24 00:53:53	89	132	9	0	0	7	29	0	0	0	29	0	0	5.5	29	0	0	0	29	0	0	1.299		99.9372	41.2158	0.150365	0	1.5046	0.10583	14.1805	1		0	12.0439	38.1678	0	0	0	
2024-06-24 00:54:19	92	133	5	0	0	7	29	0	0	0	29	0	0	4.25	29	0	0	0	29	0	0	2.381		99.9402	41.1824	0.082195	0	0.822442	0.0713975	14.2108	1		0	12.0439	38.1678	0	0	0	
2024-06-24 00:43:53	19	134	5	0	0	1	5	0	0	0	5	0	0	5	5	0	0	0	5	0	0	3.464		99.9544	40.4067	0.0606285	0	0.606561	0.00535191	15.2445	1		0	12.0439	40.8967	0	0	0	
2024-06-24 00:43:27	16	135	1	0	0	1	5	0	0	0	5	0	0	3.75	5	0	0	0	5	0	0	2.381		99.9545	40.3991	0.0802551	0	0.802916	0.00797684	13.8734	1		0	12.0439	41.1566	0	0	0	
2024-06-24 00:52:32	80	136	1	0	0	6	25	0	0	0	25	0	0	2.75	25	0	0	0	25	0	0	2.814		99.9339	41.1805	0.070888	0	0.709349	0.179052	14.4852	1		0	12.0439	38.2978	0	0	0	
2024-06-24 00:51:21	72	137	1	0	0	5	21	0	0	0	21	0	0	2.25	21	0	0	0	21	0	0	2.381		99.9315	41.27	0.0792134	0	0.792677	0.0923202	13.6965	1		0	12.0439	38.4277	0	0	0	
2024-06-24 00:53:35	87	138	1	0	0	7	29	0	0	0	29	0	0	0.25	29	0	0	0	29	0	0	5.845		99.9394	41.2362	0.0398899	0	0.399141	0.0492558	16.9282	1		0	12.0439	38.1678	0	0	0	
2024-06-24 00:42:35	10	139	5	0	0	0	1	0	0	0	1	0	0	3.25	1	0	0	0	1	0	0	2.814		99.9537	40.5952	0.0690194	0	0.690514	0.0847579	14.1005	1		0	12.0439	41.6764	0	0	0	
2024-06-24 00:47:07	42	140	5	0	0	3	13	0	0	0	13	0	0	7.25	13	0	0	0	13	0	0	3.68		99.9408	41.4939	0.0659775	0	0.660165	0.922647	17.6288	1		0	12.0439	39.3374	0	0	0	
2024-06-24 00:51:37	74	141	1	0	0	6	25	0	0	0	25	0	0	6.75	25	0	0	0	25	0	0	0.649		99.9351	41.2581	0.324888	0	3.25099	0.249475	15.3199	1		0	12.0439	38.4277	0	0	0	
2024-06-24 00:56:58	111	142	9	0	0	3.75	16	0	0	0	16	0	0	4	16	0	0	0	16	0	0	0.216		99.9384	41.3209	0.810277	0	8.10777	0.142726	12.7356	1		0	11.9375	38.1678	0	0	0	
2024-06-24 00:56:16	106	143	1	0	0	7.75	32	0	0	0	32	0	0	1	32	0	0	0	32	0	0	5.845		99.9355	41.361	0.0376566	0	0.376808	0.297569	15.981	1		0	12.0439	38.1678	0	0	0	
2024-06-24 00:50:28	66	144	9	0	0	5	21	0	0	0	21	0	0	5.25	21	0	0	0	21	0	0	0.216		99.9354	41.2994	0.761126	0	7.61618	0.153198	11.9635	1		0	12.0439	38.5577	0	0	0	
2024-06-24 00:50:03	63	145	9	0	0	5	21	0	0	0	21	0	0	4	21	0	0	0	21	0	0	0.866		99.9339	41.3332	0.2273	0	2.2745	0.738954	14.2911	1		0	12.0439	38.5577	0	0	0	
2024-06-24 00:47:48	47	146	5	0	0	3	13	0	0	0	13	0	0	0.75	13	0	0	0	13	0	0	1.948		99.9416	41.5983	0.0927939	0	0.928481	0.0331122	13.1261	1		0	12.0439	39.0775	0	0	0	
2024-06-24 00:44:24	23	147	5	0	0	1	5	0	0	0	5	0	0	1.75	5	0	0	0	5	0	0	0.649		99.9472	40.4242	0.285438	0	2.85589	0.085662	13.458	1		0	12.0439	40.5069	0	0	0	
2024-06-24 00:48:38	53	148	1	0	0	4	17	0	0	0	17	0	0	2	17	0	0	0	17	0	0	1.732		99.9446	41.0656	0.104702	0	1.0476	0.213286	13.1645	1		0.0088623	12.0439	38.9475	0	0	0	
2024-06-24 00:56:01	104	149	9	0	0	7.75	32	0	0	0	32	0	0	5.75	32	0	0	0	32	0	0	1.732		99.9344	41.2235	0.110808	0	1.10881	0.0522945	13.9337	1		0	12.0439	38.0379	0	0	0	
2024-06-24 00:55:27	100	150	9	0	0	7.75	32	0	0	0	32	0	0	4.5	32	0	0	0	32	0	0	2.814		99.9354	41.2684	0.0679703	0	0.680142	0.0803081	13.8887	1		0	12.0439	38.1678	0	0	0	
2024-06-24 00:59:24	128	151	1	0	0	2.25	10	0	0	0	10	0	0	3.5	10	0	0	0	10	0	0	1.082		99.9356	41.8182	0.166462	0	1.66569	0.0227098	13.0823	1		0	12.0439	38.1678	0	0	0	
2024-06-24 00:58:37	122	152	9	0	0	0.25	2	0	0	0	2	0	0	7.5	2	0	0	0	2	0	0	6.278		99.9345	40.9924	0.0374045	0	0.37429	0.0798605	17.0501	1		0	12.0439	38.0379	0	0	0	
2024-06-24 00:52:40	81	153	1	0	0	6	25	0	0	0	25	0	0	1.75	25	0	0	0	25	0	0	3.68		99.9363	41.1386	0.0655335	0	0.655753	0.0613128	17.5109	2		0	12.0439	38.2978	0	0	0	
2024-06-24 00:48:31	52	154	9	0	0	4	17	0	0	0	17	0	0	5.25	17	0	0	0	17	0	0	1.082		99.9389	40.9057	0.181715	0	1.81826	0.059527	14.2806	1		0	12.0439	38.9475	0	0	0	
2024-06-24 00:42:42	11	155	1	0	0	0	1	0	0	0	1	0	0	1.5	1	0	0	0	1	0	0	1.299		99.9565	40.6676	0.135752	0	1.35811	0.10679	12.7999	1		0	12.0439	41.6764	0	0	0	
2024-06-24 00:47:31	45	156	5	0	0	3	13	0	0	0	13	0	0	2.5	13	0	0	0	13	0	0	0.433		99.9377	41.631	0.414832	0	4.1509	0.216559	13.0405	1		0	12.0439	39.3374	0	0	0	
2024-06-24 00:45:09	28	157	9	0	0	2	9	0	0	0	9	0	0	5.75	9	0	0	0	9	0	0	3.247		99.9472	40.8516	0.0643784	0	0.644124	0.109569	15.1768	1		0	12.0439	40.117	0	0	0	
2024-06-24 00:45:01	27	158	5	0	0	2	9	0	0	0	9	0	0	4.5	9	0	0	0	9	0	0	2.165		99.9471	40.8676	0.0873363	0	0.873825	0.0436964	13.726	1		0	12.0439	40.117	0	0	0	
2024-06-24 00:55:01	97	159	1	0	0	7	29	0	0	0	29	0	0	3.5	29	0	0	0	29	0	0	3.031		99.9334	41.1611	0.0649938	0	0.650371	0.0520092	14.3024	1		0	12.0439	38.1678	0	0	0	
2024-06-24 00:44:17	22	160	1	0	0	1	5	0	0	0	5	0	0	3	5	0	0	0	5	0	0	1.732		99.9505	40.4704	0.103771	0	1.03822	0.0803452	13.0467	1		0.0088623	12.0439	40.6368	0	0	0	
2024-06-24 00:42:19	8	161	5	0	0	0	1	0	0	0	1	0	0	7.25	1	0	0	0	1	0	0	6.278		99.9564	40.595	0.0405212	0	0.405388	0.786914	18.4667	1		0	12.0439	41.9363	0	0	0	
2024-06-24 00:51:00	70	162	1	0	0	5	21	0	0	0	21	0	0	1.5	21	0	0	0	21	0	0	3.031		99.9349	41.3336	0.0668341	0	0.668776	0.398404	14.7072	2		0	12.0439	38.5577	0	0	0	
2024-06-24 00:46:00	34	163	1	0	0	2	9	0	0	0	9	0	0	1.25	9	0	0	0	9	0	0	0.649		99.9443	40.8245	0.275981	0	2.76135	0.0689101	13.0125	1		0	12.0439	39.7272	0	0	0	
2024-06-24 01:02:02	147	164	1	0	0	1.5	7	0	0	0	7	0	0	0.25	7	0	0	0	7	0	0	1.082		99.9385	40.6237	0.164066	0	1.64167	0.0887188	12.8937	1		0	12.0439	38.1678	0	0	0	
2024-06-24 00:41:38	3	165	1	0	0	0	1	0	0	0	1	0	0	2.5	1	0	0	0	1	0	0	2.165		99.9512	40.6706	0.0877796	0	0.878224	0.282816	13.7951	1		0	12.0439	42.7159	0	0	0	
2024-06-24 01:01:12	141	166	1	0	0	6.25	26	0	0	0	26	0	0	1.5	26	0	0	0	26	0	0	4.113		99.9365	41.522	0.0553469	0	0.55382	0.403834	16.5288	1		0	12.0439	38.1678	0	0	0	
2024-06-24 01:03:06	155	167	9	0	0	7.25	30	0	0	0	30	0	0	6.5	30	0	0	0	30	0	0	0.649		99.9387	41.669	0.30575	0	3.05938	0.0949964	14.417	1		0	11.9375	38.1678	0	0	0	
2024-06-24 00:46:49	40	168	5	0	0	3	13	0	0	0	13	0	0	7.75	13	0	0	0	13	0	0	4.113		99.9399	41.4967	0.0495215	0	0.495513	0.0245376	14.7887	1		0	12.0439	39.4673	0	0	0	
2024-06-24 00:47:07	42	169	9	0	0	3	13	0	0	0	13	0	0	6.5	13	0	0	0	13	0	0	3.031		99.9408	41.4939	0.0673962	0	0.674361	0.0663279	14.83	1		0	12.0439	39.3374	0	0	0	
2024-06-24 00:43:44	18	170	9	0	0	1	5	0	0	0	5	0	0	7	5	0	0	0	5	0	0	5.195		99.9501	40.4284	0.0446098	0	0.446321	0.0121975	16.8259	1		0	12.0439	40.8967	0	0	0	
2024-06-24 00:51:47	75	171	5	0	0	6	25	0	0	0	25	0	0	4.75	25	0	0	0	25	0	0	1.082		99.9369	41.2558	0.181501	0	1.81616	0.147477	14.2641	1		0	12.0439	38.1678	0	0	0	
2024-06-24 00:56:33	108	172	1	0	0	7.75	32	0	0	0	32	0	0	0.25	32	0	0	0	32	0	0	6.494		99.9414	41.372	0.0338904	0	0.339103	0.251148	15.9798	1		0	12.0439	38.0379	0	0	0	
2024-06-24 00:51:12	71	173	1	0	0	5	21	0	0	0	21	0	0	3.25	21	0	0	0	21	0	0	1.515		99.9347	41.2737	0.120224	0	1.20302	0.152694	13.2279	1		0	12.0439	38.4277	0	0	0	
2024-06-24 00:46:58	41	174	1	0	0	3	13	0	0	0	13	0	0	0	13	0	0	0	13	0	0	2.598		99.9413	41.5022	0.0745618	0	0.746056	0.486828	14.0628	1		0	12.0439	39.3374	0	0	0	
2024-06-24 00:57:07	112	175	9	0	0	3.5	15	0	0	0	15	0	0	4.25	15	0	0	0	15	0	0	0.649		99.9351	40.7345	0.303666	0	3.03863	0.0980838	14.3192	1		0	12.0439	38.0379	0	0	0	
2024-06-24 00:48:13	50	176	1	0	0	4	17	0	0	0	17	0	0	1.25	17	0	0	0	17	0	0	2.381		99.94	40.9407	0.0790976	0	0.791451	0.0106839	13.6753	1		0	12.0439	39.0775	0	0	0	
2024-06-24 00:55:44	102	177	5	0	0	7.75	32	0	0	0	32	0	0	5	32	0	0	0	32	0	0	2.381		99.9386	41.2601	0.0794186	0	0.794674	0.260868	13.731	1		0	12.0439	38.1678	0	0	0	
2024-06-24 00:55:35	101	178	1	0	0	7.75	32	0	0	0	32	0	0	3.75	32	0	0	0	32	0	0	3.464		99.9356	41.2401	0.0563401	0	0.563764	0.00194265	14.1689	1		0	12.0439	38.1678	0	0	0	
2024-06-24 01:04:34	165	179	1	0	0	1.25	6	0	0	6.5	6	0	0	3	6	0	0	4.75	6	0	0	0.908		99.9407	19.4995	0.0904543	0	0.905079	0.152173	9.95187	1		0	12.0439	38.1678	0	0	0	
2024-06-24 00:53:01	83	180	1	0	0	6	25	0	0	0	25	0	0	1	25	0	0	0	25	0	0	4.33		99.9388	41.3082	0.0557533	0	0.557874	0.624897	17.5261	1		0	12.0439	38.2978	0	0	0	
2024-06-24 00:49:21	58	181	5	0	0	4	17	0	0	0	17	0	0	3.25	17	0	0	0	17	0	0	0.649		99.938	40.8566	0.304238	0	3.04427	0.113468	14.3458	1		0	12.0439	38.6876	0	0	0	
2024-06-24 00:41:29	2	182	1	0	0	0	1	0	0	0	1	0	0	0.75	1	0	0	0	1	0	0	0.649		99.9548	40.6885	0.311794	0	3.11935	0.00772697	14.6996	1		0	12.0439	42.9758	0	0	0	
2024-06-24 01:04:04	162	183	1	0	0	3.5	15	0	0	4.25	15	0	0	3.75	15	0	0	4	15	0	0	0.13		99.9389	18.7135	0.549376	0	5.49712	0.295695	8.63486	1		0	12.0439	38.2978	0	0	0	
2024-06-24 00:45:18	29	184	9	0	0	2	9	0	0	0	9	0	0	5	9	0	0	0	9	0	0	2.598		99.9464	40.8203	0.0751404	0	0.751807	0.0483527	14.1712	1		0.0088623	12.0439	40.117	0	0	0	
2024-06-24 00:45:09	28	185	1	0	0	2	9	0	0	0	9	0	0	3.75	9	0	0	0	9	0	0	1.515		99.9472	40.8516	0.125718	0	1.25785	0.0544302	13.8308	1		0	12.0439	40.117	0	0	0	
2024-06-24 00:54:26	93	186	1	0	0	7	29	0	0	0	29	0	0	2.75	29	0	0	0	29	0	0	3.68		99.9381	41.3216	0.0557644	0	0.557989	0.0714595	14.9003	1		0	12.0439	38.1678	0	0	0	
2024-06-24 00:54:36	94	187	5	0	0	7	29	0	0	0	29	0	0	2.25	29	0	0	0	29	0	0	4.113		99.9366	41.2245	0.0514075	0	0.514401	0.0347912	15.3524	1		0	12.0439	38.1678	0	0	0	
2024-06-24 00:41:14	1	188	9	0	0	0	1	0	0	0	1	0	0	7.75	1	0	0	0	1	0	0	6.711		99.9491	40.7026	0.0349773	0	0.349951	0.00164336	17.0408	2		0.0088623	12.0084	43.1058	0	0	0	
2024-06-24 00:42:19	8	189	9	0	0	0	1	0	0	0	1	0	0	6.5	1	0	0	0	1	0	0	5.628		99.9564	40.595	0.0414124	0	0.414305	0.235205	16.9205	1		0	12.0439	41.9363	0	0	0	
2024-06-24 00:50:03	63	190	1	0	0	5	21	0	0	0	21	0	0	0.75	21	0	0	0	21	0	0	3.68		99.9339	41.3332	0.0593585	0	0.593978	0.280898	15.8613	1		0	12.0439	38.5577	0	0	0	
2024-06-24 00:49:46	61	191	5	0	0	5	21	0	0	0	21	0	0	7.25	21	0	0	0	21	0	0	1.948		99.9376	41.3962	0.11029	0	1.10358	0.0403727	15.6016	1		0	12.0439	38.6876	0	0	0	
2024-06-24 01:02:59	154	192	9	0	0	5.75	24	0	0	0	24	0	0	4	24	0	0	0	24	0	0	1.515		99.9438	41.8383	0.124175	0	1.24244	0.0551319	13.6614	1		0	12.0439	38.2978	0	0	0	
2024-06-24 00:59:41	130	193	9	0	0	4.5	19	0	0	0	19	0	0	5.25	19	0	0	0	19	0	0	0.649		99.9347	41.5574	0.307382	0	3.07583	0.109344	14.4945	1		0	12.0439	38.2978	0	0	0	
2024-06-24 01:04:11	163	194	1	0	0	2.75	12	0	0	5	12	0	0	3.5	12	0	0	4.25	12	0	0	0.389		99.944	19.4562	0.265268	0	2.65416	0.923676	12.5074	3		0	12.0439	38.2978	0	0	0	
2024-06-24 00:44:53	26	195	1	0	0	2	9	0	0	0	9	0	0	0.5	9	0	0	0	9	0	0	1.299		99.9511	40.8755	0.135787	0	1.35853	0.0352744	12.8039	1		0	12.0439	40.247	0	0	0	
2024-06-24 00:58:26	121	196	9	0	0	0.5	3	0	0	0	3	0	0	7.25	3	0	0	0	3	0	0	5.845		99.9356	41.4468	0.0563286	0	0.563649	0.447097	23.9052	2		0	12.0439	38.0379	0	0	0	
2024-06-24 00:48:22	51	197	5	0	0	4	17	0	0	0	17	0	0	7.25	17	0	0	0	17	0	0	2.814		99.9381	40.9182	0.0751495	0	0.751961	0.0500194	15.3553	1		0	12.0439	38.9475	0	0	0	
2024-06-24 00:47:15	43	198	9	0	0	3	13	0	0	0	13	0	0	5.75	13	0	0	0	13	0	0	2.381		99.9421	41.4926	0.079388	0	0.79434	0.0707831	13.7252	1		0	12.0439	39.2074	0	0	0	
2024-06-24 00:46:24	37	199	9	0	0	3	13	0	0	0	13	0	0	4.5	13	0	0	0	13	0	0	1.299		99.9418	41.5383	0.141895	0	1.41977	0.163157	13.3811	1		0	12.0439	39.5972	0	0	0	
2024-06-24 00:54:26	93	200	5	0	0	7	29	0	0	0	29	0	0	6.75	29	0	0	0	29	0	0	0.216		99.9381	41.3216	0.768107	0	7.68582	0.314918	12.0729	1		0	12.0439	38.1678	0	0	0	
2024-06-24 00:43:02	13	201	5	0	0	1	5	0	0	0	5	0	0	7.5	5	0	0	0	5	0	0	5.628		99.954	40.3934	0.0408212	0	0.4084	0.082297	16.6793	1		0	12.0439	41.4165	0	0	0	
2024-06-24 00:43:27	16	202	9	0	0	1	5	0	0	0	5	0	0	6.25	5	0	0	0	5	0	0	4.546		99.9545	40.3991	0.0531729	0	0.531971	0.368816	17.548	1		0	12.0439	41.1566	0	0	0	
2024-06-24 00:52:06	77	203	5	0	0	6	25	0	0	0	25	0	0	5.25	25	0	0	0	25	0	0	0.649		99.9363	41.207	0.309819	0	3.10016	0.209001	14.6092	1		0	12.0439	38.4277	0	0	0	
2024-06-24 00:51:29	73	204	9	0	0	6	25	0	0	0	25	0	0	4	25	0	0	0	25	0	0	1.732		99.9354	41.2766	0.109756	0	1.09827	0.00735257	13.8012	1		0	12.0439	38.4277	0	0	0	
2024-06-24 00:51:21	72	205	5	0	0	5	21	0	0	0	21	0	0	2.5	21	0	0	0	21	0	0	2.165		99.9315	41.27	0.0932231	0	0.93287	0.822532	14.6535	1		0	12.0439	38.4277	0	0	0	
2024-06-24 00:43:11	14	206	1	0	0	1	5	0	0	0	5	0	0	0.25	5	0	0	0	5	0	0	0.649		99.9579	40.4239	0.289661	0	2.89783	0.00892514	13.6557	1		0	12.0439	41.1566	0	0	0	
2024-06-24 00:48:31	52	207	1	0	0	4	17	0	0	0	17	0	0	0.5	17	0	0	0	17	0	0	3.031		99.9389	40.9057	0.0655574	0	0.655975	0.0560594	14.4257	1		0	12.0439	38.9475	0	0	0	
2024-06-24 00:56:09	105	208	1	0	0	7.75	32	0	0	0	32	0	0	3	32	0	0	0	32	0	0	4.113		99.9406	41.2036	0.0481181	0	0.481467	0.0820485	14.3695	1		0	12.0439	38.0379	0	0	0	
2024-06-24 00:53:19	85	209	1	0	0	6	25	0	0	0	25	0	0	0.25	25	0	0	0	25	0	0	4.979		99.9389	41.2081	0.0465567	0	0.465851	0.10984	16.8304	1		0	12.0439	38.2978	0	0	0	
2024-06-24 01:00:47	138	210	1	0	0	5.25	22	0	0	0	22	0	0	2.5	22	0	0	0	22	0	0	2.381		99.9361	41.53	0.0920432	0	0.92102	0.964333	15.9141	1		0	12.0439	38.0379	0	0	0	
2024-06-24 00:48:22	51	211	1	0	0	4	17	0	0	0	17	0	0	2.5	17	0	0	0	17	0	0	1.299		99.9381	40.9182	0.141711	0	1.41798	0.0944272	13.3642	1		0	12.0439	38.9475	0	0	0	
2024-06-24 00:45:25	30	212	1	0	0	2	9	0	0	0	9	0	0	3	9	0	0	0	9	0	0	0.866		99.945	40.9687	0.210523	0	2.10639	0.0263767	13.2348	1		0	12.0439	40.117	0	0	0	
2024-06-24 00:54:52	96	213	5	0	0	7	29	0	0	0	29	0	0	1.5	29	0	0	0	29	0	0	4.762		99.9362	41.1803	0.0473558	0	0.47386	0.387775	16.3754	1		0	12.0439	38.0379	0	0	0	
2024-06-24 00:42:11	7	214	5	0	0	0	1	0	0	0	1	0	0	5.75	1	0	0	0	1	0	0	4.979		99.9548	40.6115	0.0454233	0	0.454439	0.14124	16.4181	1		0	12.0439	42.0662	0	0	0	
2024-06-24 00:41:55	5	215	9	0	0	0	1	0	0	0	1	0	0	4.5	1	0	0	0	1	0	0	3.897		99.9516	40.6352	0.0535607	0	0.535867	0.172447	15.1513	1		0	12.0439	42.3261	0	0	0	
2024-06-24 00:50:19	65	216	1	0	0	5	21	0	0	0	21	0	0	0	21	0	0	0	21	0	0	4.33		99.9323	41.2945	0.049845	0	0.498788	0.376699	15.6699	1		0	12.0439	38.5577	0	0	0	
2024-06-24 00:56:42	109	217	5	0	0	7.75	32	0	0	0	32	0	0	2.25	32	0	0	0	32	0	0	4.762		99.936	41.2588	0.042883	0	0.429105	0.314495	14.8288	1		0	12.0439	38.0379	0	0	0	
2024-06-24 00:50:03	63	218	5	0	0	5	21	0	0	0	21	0	0	7.75	21	0	0	0	21	0	0	2.381		99.9339	41.3332	0.0813424	0	0.813962	0.0203566	14.0643	1		0	12.0439	38.5577	0	0	0	
2024-06-24 00:49:54	62	219	5	0	0	5	21	0	0	0	21	0	0	6.5	21	0	0	0	21	0	0	1.299		99.9356	41.3631	0.151604	0	1.51701	0.0211606	14.2975	1		0.0088623	12.0439	38.5577	0	0	0	
2024-06-24 00:47:56	48	220	5	0	0	3	13	0	0	0	13	0	0	2	13	0	0	0	13	0	0	0.866		99.94	41.5597	0.209866	0	2.09992	0.0546931	13.1942	1		0	12.0439	38.9475	0	0	0	
2024-06-24 01:00:31	136	221	1	0	0	4.5	19	0	0	0	19	0	0	3.25	19	0	0	0	19	0	0	1.082		99.9346	41.577	0.171333	0	1.71445	0.119953	13.4652	1		0	12.0439	38.0379	0	0	0	
2024-06-24 00:55:52	103	222	5	0	0	7.75	32	0	0	0	32	0	0	7	32	0	0	0	32	0	0	0.649		99.9406	41.223	0.318894	0	3.19084	0.0826001	15.0365	1		0	12.0439	38.1678	0	0	0	
2024-06-24 01:02:50	153	223	9	0	0	5.5	23	0	0	0	23	0	0	4.25	23	0	0	0	23	0	0	1.082		99.9433	41.1529	0.178576	0	1.78678	0.0669197	14.0333	1		0	12.0439	38.2978	0	0	0	
2024-06-24 01:01:28	143	224	1	0	0	6.75	28	0	0	0	28	0	0	1	28	0	0	0	28	0	0	4.979		99.9385	41.305	0.0515702	0	0.516019	0.501661	18.6429	1		0	12.0439	38.1678	0	0	0	
2024-06-24 00:59:50	131	225	9	0	0	4.25	18	0	0	0	18	0	0	5.5	18	0	0	0	18	0	0	1.082		99.9348	41.4317	0.180813	0	1.80931	0.0133117	14.2103	1		0	12.0439	38.0379	0	0	0	
2024-06-24 00:49:05	56	226	5	0	0	4	17	0	0	0	17	0	0	7.75	17	0	0	0	17	0	0	3.247		99.937	40.8777	0.060936	0	0.609744	0.0789803	14.3668	1		0	12.0439	38.8176	0	0	0	
2024-06-24 00:48:04	49	227	5	0	0	4	17	0	0	0	17	0	0	6.5	17	0	0	0	17	0	0	2.165		99.9383	41.0148	0.0897846	0	0.8984	0.344942	14.112	1		0	12.0439	39.0775	0	0	0	
2024-06-24 00:46:58	41	228	5	0	0	3	13	0	0	0	13	0	0	5	13	0	0	0	13	0	0	1.732		99.9413	41.5022	0.105993	0	1.06055	0.11159	13.3272	1		0	12.0439	39.3374	0	0	0	
2024-06-24 00:47:48	47	229	1	0	0	3	13	0	0	0	13	0	0	3.75	13	0	0	0	13	0	0	0.649		99.9416	41.5983	0.294193	0	2.94365	0.188872	13.8716	1		0	12.0439	39.0775	0	0	0	
2024-06-24 00:44:53	26	230	5	0	0	2	9	0	0	0	9	0	0	7	9	0	0	0	9	0	0	4.33		99.9511	40.8755	0.0496459	0	0.496702	0.154685	15.6043	1		0	12.0439	40.247	0	0	0	
2024-06-24 00:54:02	90	231	5	0	0	7	29	0	0	0	29	0	0	6	29	0	0	0	29	0	0	0.866		99.9385	41.2151	0.235171	0	2.35315	0.197644	14.7853	1		0	12.0439	38.1678	0	0	0	
2024-06-24 00:54:11	91	232	9	0	0	7	29	0	0	0	29	0	0	4.75	29	0	0	0	29	0	0	1.948		99.9368	41.2016	0.0989755	0	0.990381	0.0422622	14.0012	1		0	12.0439	38.1678	0	0	0	
2024-06-24 00:43:11	14	233	5	0	0	1	5	0	0	0	5	0	0	5.5	5	0	0	0	5	0	0	3.897		99.9579	40.4239	0.0617979	0	0.618239	0.280454	17.4803	1		0	12.0439	41.1566	0	0	0	
2024-06-24 00:43:19	15	234	9	0	0	1	5	0	0	0	5	0	0	4.25	5	0	0	0	5	0	0	2.814		99.9561	40.4132	0.0712302	0	0.712615	0.146132	14.5518	1		0	12.0439	41.1566	0	0	0	
2024-06-24 00:52:15	78	235	1	0	0	6	25	0	0	0	25	0	0	3.25	25	0	0	0	25	0	0	2.381		99.9403	41.1984	0.0821817	0	0.822308	0.208911	14.2085	1		0	12.0439	38.2978	0	0	0	
2024-06-24 00:59:01	125	236	1	0	0	0.25	2	0	0	0	2	0	0	1.5	2	0	0	0	2	0	0	1.082		99.9305	41.0901	0.16315	0	1.63264	0.0381216	12.8227	1		0	12.0439	38.0379	0	0	0	
2024-06-24 00:53:27	86	237	1	0	0	7	29	0	0	0	29	0	0	0.75	29	0	0	0	29	0	0	5.412		99.9393	41.2421	0.0437325	0	0.437591	0.430631	17.1842	1		0	12.0439	38.2978	0	0	0	
2024-06-24 00:42:11	7	238	9	0	0	0	1	0	0	0	1	0	0	5	1	0	0	0	1	0	0	4.33		99.9548	40.6115	0.0496741	0	0.496966	0.161332	15.6127	1		0	12.0439	42.0662	0	0	0	
2024-06-24 00:42:03	6	239	1	0	0	0	1	0	0	0	1	0	0	3.75	1	0	0	0	1	0	0	3.247		99.9575	40.6141	0.0619415	0	0.619678	0.16233	14.6008	1		0	12.0439	42.1962	0	0	0	
2024-06-24 01:03:14	156	240	9	0	0	7.5	31	0	0	0	31	0	0	6.25	31	0	0	0	31	0	0	1.082		99.9395	41.6203	0.177968	0	1.78075	0.0519427	13.986	1		0	11.9375	38.2978	0	0	0	
2024-06-24 01:00:15	134	241	9	0	0	6.25	26	0	0	0	26	0	0	7.5	26	0	0	0	26	0	0	1.082		99.934	41.598	0.179822	0	1.7994	0.0100694	14.1325	1		0	12.0439	38.0379	0	0	0	
2024-06-24 00:51:55	76	242	5	0	0	6	25	0	0	0	25	0	0	7.25	25	0	0	0	25	0	0	1.082		99.9341	41.1896	0.20623	0	2.06366	0.00357875	16.2079	2		0	12.0439	38.4277	0	0	0	
2024-06-24 00:55:10	98	243	1	0	0	7.75	32	0	0	0	32	0	0	1.5	32	0	0	0	32	0	0	5.412		99.9356	41.2725	0.0394598	0	0.394852	0.0617245	15.5058	1		0	12.0439	38.1678	0	0	0	
2024-06-24 00:50:28	66	244	5	0	0	5	21	0	0	0	21	0	0	5.75	21	0	0	0	21	0	0	0.649		99.9354	41.2994	0.309991	0	3.10191	0.144485	14.6174	1		0	12.0439	38.5577	0	0	0	
2024-06-24 00:50:19	65	245	5	0	0	5	21	0	0	0	21	0	0	4.5	21	0	0	0	21	0	0	0.433		99.9323	41.2945	0.441321	0	4.4162	0.206101	13.8739	1		0	12.0439	38.5577	0	0	0	
2024-06-24 00:47:39	46	246	5	0	0	3	13	0	0	0	13	0	0	1.25	13	0	0	0	13	0	0	1.515		99.9428	41.6973	0.116742	0	1.16809	0.0810024	12.8438	1		0	12.0439	39.2074	0	0	0	
2024-06-24 00:44:33	24	247	1	0	0	1	5	0	0	0	5	0	0	2.25	5	0	0	0	5	0	0	1.082		99.9512	40.5678	0.161857	0	1.61936	0.0558452	12.7184	1		0	12.0439	40.5069	0	0	0	
2024-06-24 00:58:52	124	248	1	0	0	0.5	3	0	0	0	3	0	0	1.25	3	0	0	0	3	0	0	0.649		99.9348	41.5661	0.287427	0	2.87615	0.188333	13.5535	1		0	12.0439	38.1678	0	0	0	
2024-06-24 00:57:31	115	249	9	0	0	2.5	11	0	0	0	11	0	0	5.25	11	0	0	0	11	0	0	2.381		99.9314	41.0887	0.0930182	0	0.930821	0.509647	16.0834	2		0	12.0439	38.0379	0	0	0	
2024-06-24 00:55:35	101	250	5	0	0	7.75	32	0	0	0	32	0	0	7.5	32	0	0	0	32	0	0	0.216		99.9356	41.2401	0.823857	0	8.24388	0.084315	12.9495	1		0	12.0439	38.1678	0	0	0	
2024-06-24 00:55:52	103	251	9	0	0	7.75	32	0	0	0	32	0	0	6.25	32	0	0	0	32	0	0	1.299		99.9406	41.223	0.151234	0	1.51324	0.02818	14.262	1		0	12.0439	38.1678	0	0	0	
2024-06-24 01:00:22	135	252	1	0	0	4.25	18	0	0	0	18	0	0	3.5	18	0	0	0	18	0	0	0.649		99.937	41.5774	0.304121	0	3.04312	0.0208997	14.3404	1		0	12.0439	38.0379	0	0	0	
2024-06-24 00:52:24	79	253	1	0	0	6	25	0	0	0	25	0	0	2.25	25	0	0	0	25	0	0	3.247		99.9346	41.1454	0.0638561	0	0.638979	0.0185644	15.0556	1		0	12.0439	38.2978	0	0	0	
2024-06-24 01:02:43	152	254	9	0	0	5.25	22	0	0	0	22	0	0	4.5	22	0	0	0	22	0	0	0.649		99.9381	41.3326	0.305619	0	3.05808	0.20198	14.4109	1		0	12.0439	38.1678	0	0	0	
2024-06-24 00:48:55	55	255	5	0	0	4	17	0	0	0	17	0	0	5.75	17	0	0	0	17	0	0	1.515		99.9359	40.9045	0.125636	0	1.25717	0.00212549	13.8233	1		0	12.0439	38.8176	0	0	0	
2024-06-24 00:48:31	52	256	5	0	0	4	17	0	0	0	17	0	0	4.5	17	0	0	0	17	0	0	0.433		99.9389	40.9057	0.477323	0	4.77615	0.105396	15.0047	1		0	12.0439	38.9475	0	0	0	
2024-06-24 00:42:42	11	257	5	0	0	0	1	0	0	0	1	0	0	2	1	0	0	0	1	0	0	1.732		99.9565	40.6676	0.133696	0	1.33755	0.55171	16.8081	1		0	12.0439	41.6764	0	0	0	
2024-06-24 00:44:41	25	258	9	0	0	2	9	0	0	0	9	0	0	7.5	9	0	0	0	9	0	0	4.762		99.9464	40.8828	0.0453245	0	0.453488	0.101934	15.6714	2		0	12.0439	40.3769	0	0	0	
2024-06-24 00:45:25	30	259	9	0	0	2	9	0	0	0	9	0	0	6.25	9	0	0	0	9	0	0	3.68		99.945	40.9687	0.0581373	0	0.581692	0.0517703	15.5332	1		0	12.0439	40.117	0	0	0	
2024-06-24 00:53:45	88	260	5	0	0	7	29	0	0	0	29	0	0	5.25	29	0	0	0	29	0	0	1.515		99.937	41.2062	0.126846	0	1.26926	0.0344673	13.9563	1		0	12.0439	38.1678	0	0	0	
2024-06-24 00:53:45	88	261	9	0	0	7	29	0	0	0	29	0	0	4	29	0	0	0	29	0	0	2.598		99.937	41.2062	0.0752776	0	0.753251	0.220566	14.1984	1		0	12.0439	38.1678	0	0	0	
2024-06-24 00:43:44	18	262	1	0	0	1	5	0	0	0	5	0	0	3.5	5	0	0	0	5	0	0	2.165		99.9501	40.4284	0.0840569	0	0.840989	0.0517968	13.2102	1		0	12.0439	40.8967	0	0	0	
2024-06-24 00:52:50	82	263	1	0	0	6	25	0	0	0	25	0	0	2.5	25	0	0	0	25	0	0	3.031		99.9399	41.2098	0.0756019	0	0.756473	0.53859	16.6357	2		0	12.0439	38.2978	0	0	0	
2024-06-24 01:02:35	151	264	1	0	0	3.75	16	0	0	0	16	0	0	2	16	0	0	0	16	0	0	1.515		99.9394	41.1123	0.123012	0	1.23087	0.0164275	13.5341	1		0	12.0439	38.1678	0	0	0	
2024-06-24 00:50:45	68	265	1	0	0	5	21	0	0	0	21	0	0	2	21	0	0	0	21	0	0	2.598		99.9375	41.2737	0.0754978	0	0.75545	0.2008	14.2399	1		0	12.0439	38.5577	0	0	0	
2024-06-24 00:45:51	33	266	5	0	0	2	9	0	0	0	9	0	0	1.75	9	0	0	0	9	0	0	0.216		99.9384	40.8194	0.704785	0	7.05219	0.0545257	11.0776	1		0.0088623	12.0439	39.8571	0	0	0	
2024-06-24 00:53:45	88	267	1	0	0	7	29	0	0	0	29	0	0	0	29	0	0	0	29	0	0	6.061		99.937	41.2062	0.0394995	0	0.395244	0.42792	17.3837	1		0	12.0439	38.1678	0	0	0	
2024-06-24 00:42:35	10	268	1	0	0	0	1	0	0	0	1	0	0	3	1	0	0	0	1	0	0	2.598		99.9537	40.5952	0.0749069	0	0.749416	0.212813	14.1262	1		0	12.0439	41.6764	0	0	0	
2024-06-24 00:46:33	38	269	5	0	0	3	13	0	0	0	13	0	0	7	13	0	0	0	13	0	0	3.464		99.9456	41.5364	0.0588734	0	0.589054	0.136671	14.8045	1		0	12.0439	39.4673	0	0	0	
2024-06-24 00:51:37	74	270	5	0	0	6	25	0	0	0	25	0	0	7.75	25	0	0	0	25	0	0	1.515		99.9351	41.2581	0.131285	0	1.3137	0.142417	14.4449	1		0	12.0439	38.4277	0	0	0	
2024-06-24 00:52:15	78	271	9	0	0	6	25	0	0	0	25	0	0	6.5	25	0	0	0	25	0	0	0.433		99.9403	41.1984	0.479106	0	4.79392	0.187747	15.0605	1		0	12.0439	38.2978	0	0	0	
2024-06-24 00:55:27	100	272	1	0	0	7.75	32	0	0	0	32	0	0	0.75	32	0	0	0	32	0	0	6.061		99.9354	41.2684	0.0367517	0	0.367754	0.158292	16.1747	1		0	12.0439	38.1678	0	0	0	
2024-06-24 00:50:11	64	273	1	0	0	5	21	0	0	0	21	0	0	3.75	21	0	0	0	21	0	0	1.082		99.9327	41.3381	0.176144	0	1.76262	0.0860319	13.8436	1		0	12.0439	38.5577	0	0	0	
2024-06-24 00:46:24	37	274	1	0	0	3	13	0	0	0	13	0	0	0.5	13	0	0	0	13	0	0	2.165		99.9418	41.5383	0.0858338	0	0.858838	0.046402	13.4906	1		0	12.0439	39.5972	0	0	0	
2024-06-24 00:44:24	23	275	1	0	0	1	5	0	0	0	5	0	0	1.5	5	0	0	0	5	0	0	0.433		99.9472	40.4242	0.427613	0	4.27839	0.120357	13.441	1		0	12.0439	40.5069	0	0	0	
2024-06-24 01:04:27	164	276	1	0	0	2	9	0	0	5.75	9	0	0	3.25	9	0	0	4.5	9	0	0	0.649		99.9422	19.3988	0.144971	0	1.45054	0.481125	11.3926	1		0	12.0439	38.1678	0	0	0	
2024-06-24 00:49:37	60	277	5	0	0	4	17	0	0	0	17	0	0	1.75	17	0	0	0	17	0	0	1.948		99.9343	40.8671	0.0939414	0	0.940031	0.0637361	13.2894	1		0	12.0439	38.6876	0	0	0	
2024-06-24 00:59:17	127	278	1	0	0	2.5	11	0	0	0	11	0	0	3.25	11	0	0	0	11	0	0	0.649		99.9402	41.3259	0.283476	0	2.83646	0.0766479	13.3665	1		0	12.0439	38.1678	0	0	0	
2024-06-24 00:56:01	104	279	5	0	0	7.75	32	0	0	0	32	0	0	5.5	32	0	0	0	32	0	0	1.948		99.9344	41.2235	0.0988489	0	0.989138	0.0287865	13.9836	1		0	12.0439	38.0379	0	0	0	
2024-06-24 00:55:10	98	280	9	0	0	7.75	32	0	0	0	32	0	0	4.25	32	0	0	0	32	0	0	3.031		99.9356	41.2725	0.0639208	0	0.639619	0.0593488	14.066	1		0	12.0439	38.1678	0	0	0	
2024-06-24 00:52:40	81	281	5	0	0	6	25	0	0	0	25	0	0	1.5	25	0	0	0	25	0	0	3.897		99.9363	41.1386	0.0590528	0	0.590905	0.0258204	16.7074	2		0	12.0439	38.2978	0	0	0	
2024-06-24 00:48:13	50	282	9	0	0	4	17	0	0	0	17	0	0	5	17	0	0	0	17	0	0	0.866		99.94	40.9407	0.229798	0	2.29936	0.0917043	14.4473	1		0	12.0439	39.0775	0	0	0	
2024-06-24 00:48:47	54	283	1	0	0	4	17	0	0	0	17	0	0	3.75	17	0	0	0	17	0	0	0.216		99.9372	40.9662	0.803974	0	8.04479	0.120687	12.6367	1		0	12.0439	38.9475	0	0	0	
2024-06-24 00:42:26	9	284	5	0	0	0	1	0	0	0	1	0	0	1.25	1	0	0	0	1	0	0	1.082		99.959	40.6573	0.163619	0	1.63686	0.0106437	12.8559	1		0	12.0439	41.8063	0	0	0	
2024-06-24 00:45:09	28	285	5	0	0	2	9	0	0	0	9	0	0	5.5	9	0	0	0	9	0	0	3.031		99.9472	40.8516	0.105229	0	1.05284	0.913118	23.1532	1		0	12.0439	40.117	0	0	0	
2024-06-24 00:45:01	27	286	9	0	0	2	9	0	0	0	9	0	0	4.25	9	0	0	0	9	0	0	1.948		99.9471	40.8676	0.0963728	0	0.964239	0.108267	13.6316	1		0	12.0439	40.117	0	0	0	
2024-06-24 00:54:11	91	287	1	0	0	7	29	0	0	0	29	0	0	3.25	29	0	0	0	29	0	0	3.247		99.9368	41.2016	0.0614576	0	0.614964	0.0459729	14.4898	1		0	12.0439	38.1678	0	0	0	
2024-06-24 00:44:17	22	288	5	0	0	1	5	0	0	0	5	0	0	2.75	5	0	0	0	5	0	0	1.515		99.9505	40.4704	0.116053	0	1.16111	0.0104304	12.767	1		0.0088623	12.0439	40.6368	0	0	0	
2024-06-24 00:42:03	6	289	5	0	0	0	1	0	0	0	1	0	0	7	1	0	0	0	1	0	0	6.061		99.9575	40.6141	0.0392225	0	0.392392	0.236779	17.2583	1		0	12.0439	42.1962	0	0	0	
2024-06-24 00:51:12	71	290	5	0	0	5	21	0	0	0	21	0	0	1.25	21	0	0	0	21	0	0	3.247		99.9347	41.2737	0.0668138	0	0.668575	0.414917	15.7529	1		0	12.0439	38.4277	0	0	0	
2024-06-24 00:44:41	25	291	1	0	0	2	9	0	0	0	9	0	0	1	9	0	0	0	9	0	0	0.866		99.9464	40.8828	0.202404	0	2.02513	0.402479	12.7243	2		0	12.0439	40.3769	0	0	0	
2024-06-24 00:46:49	40	292	9	0	0	3	13	0	0	0	13	0	0	7.5	13	0	0	0	13	0	0	3.897		99.9399	41.4967	0.0526109	0	0.526425	0.0636763	14.8843	1		0	12.0439	39.4673	0	0	0	
2024-06-24 00:47:23	44	293	5	0	0	3	13	0	0	0	13	0	0	6.25	13	0	0	0	13	0	0	2.814		99.9393	41.522	0.0722066	0	0.722504	0.0844118	14.7538	1		0	12.0439	39.2074	0	0	0	
2024-06-24 00:53:35	87	294	5	0	0	7	29	0	0	0	29	0	0	7.25	29	0	0	0	29	0	0	0.216		99.9394	41.2362	0.721588	0	7.22026	0.664358	11.3416	1		0	12.0439	38.1678	0	0	0	
2024-06-24 00:44:00	20	295	5	0	0	1	5	0	0	0	5	0	0	6.75	5	0	0	0	5	0	0	4.979		99.9577	40.5438	0.0503664	0	0.503877	0.739528	18.2042	1		0	12.0439	40.7668	0	0	0	
2024-06-24 00:52:24	79	296	9	0	0	6	25	0	0	0	25	0	0	5.75	25	0	0	0	25	0	0	0.216		99.9346	41.1454	0.780829	0	7.8134	0.20358	12.2733	1		0	12.0439	38.2978	0	0	0	
2024-06-24 00:51:47	75	297	9	0	0	6	25	0	0	0	25	0	0	4.5	25	0	0	0	25	0	0	1.299		99.9369	41.2558	0.149045	0	1.49139	0.132468	14.056	1		0	12.0439	38.1678	0	0	0	
2024-06-24 00:55:44	102	298	1	0	0	7.75	32	0	0	0	32	0	0	0	32	0	0	0	32	0	0	6.711		99.9386	41.2601	0.0340558	0	0.340767	0.425581	16.5935	1		0	12.0439	38.1678	0	0	0	
2024-06-24 00:50:53	69	299	1	0	0	5	21	0	0	0	21	0	0	3	21	0	0	0	21	0	0	1.732		99.9339	41.2147	0.105383	0	1.05453	0.0948389	13.2516	1		0	12.0439	38.5577	0	0	0	
2024-06-24 00:44:08	21	300	5	0	0	1	5	0	0	0	5	0	0	0.75	5	0	0	0	5	0	0	0.216		99.9541	40.5949	0.727944	0	7.28278	0.139012	11.4398	1		0.0088623	12.0439	40.7668	0	0	0	
2024-06-24 01:01:04	140	301	1	0	0	5.75	24	0	0	0	24	0	0	2	24	0	0	0	24	0	0	3.247		99.9342	41.7158	0.0655611	0	0.656043	0.0916456	15.4577	1		0	12.0439	38.1678	0	0	0	
2024-06-24 00:48:55	55	302	1	0	0	4	17	0	0	0	17	0	0	1	17	0	0	0	17	0	0	2.598		99.9359	40.9045	0.0723481	0	0.723945	0.135641	13.646	1		0	12.0439	38.8176	0	0	0	
2024-06-24 00:55:52	103	303	1	0	0	7.75	32	0	0	0	32	0	0	3.5	32	0	0	0	32	0	0	3.68		99.9406	41.223	0.0528124	0	0.528437	0.0543665	14.1112	1		0	12.0439	38.1678	0	0	0	
2024-06-24 00:52:06	77	304	1	0	0	6	25	0	0	0	25	0	0	0.75	25	0	0	0	25	0	0	4.546		99.9363	41.207	0.0533387	0	0.533727	0.0796644	17.6059	1		0	12.0439	38.4277	0	0	0	
2024-06-24 00:49:21	58	305	1	0	0	4	17	0	0	0	17	0	0	3	17	0	0	0	17	0	0	0.866		99.938	40.8566	0.218054	0	2.18189	0.0567881	13.7092	1		0	12.0439	38.6876	0	0	0	
2024-06-24 00:42:26	9	306	1	0	0	0	1	0	0	0	1	0	0	0.5	1	0	0	0	1	0	0	0.433		99.959	40.6573	0.418273	0	4.18445	0.0477444	13.1458	1		0	12.0439	41.8063	0	0	0	
2024-06-24 01:03:30	158	307	1	0	0	3.5	15	0	0	4.25	15	0	0	2.75	15	0	0	5	15	0	0	0.389		99.9408	18.6788	0.272041	0	2.72202	0.362277	12.8272	1		0	12.0439	38.2978	0	0	0	
2024-06-24 00:45:18	29	308	1	0	0	2	9	0	0	0	9	0	0	3.5	9	0	0	0	9	0	0	1.299		99.9464	40.8203	0.142186	0	1.42262	0.114338	13.4079	1		0.0088623	12.0439	40.117	0	0	0	
2024-06-24 00:54:44	95	309	1	0	0	7	29	0	0	0	29	0	0	2.5	29	0	0	0	29	0	0	3.897		99.9375	41.2084	0.0558551	0	0.5589	0.34098	15.8025	1		0	12.0439	38.0379	0	0	0	
2024-06-24 00:54:36	94	310	1	0	0	7	29	0	0	0	29	0	0	2	29	0	0	0	29	0	0	4.33		99.9366	41.2245	0.0499025	0	0.499342	0.0278267	15.6873	1		0	12.0439	38.1678	0	0	0	
2024-06-24 00:41:14	1	311	5	0	0	0	1	0	0	0	1	0	0	7.5	1	0	0	0	1	0	0	6.494		99.9491	40.7026	0.0363021	0	0.363205	0.0339736	17.1156	2		0.0088623	12.0084	43.1058	0	0	0	
2024-06-24 00:41:47	4	312	5	0	0	0	1	0	0	0	1	0	0	6.25	1	0	0	0	1	0	0	5.412		99.9559	40.6411	0.0431324	0	0.431514	0.0295169	16.9455	1		0	12.0439	42.586	0	0	0	
2024-06-24 00:50:37	67	313	1	0	0	5	21	0	0	0	21	0	0	0.5	21	0	0	0	21	0	0	3.897		99.9362	41.3028	0.0577281	0	0.577649	0.568759	16.3326	1		0	12.0439	38.5577	0	0	0	
2024-06-24 01:01:53	146	314	1	0	0	1.25	6	0	0	0	6	0	0	0.5	6	0	0	0	6	0	0	0.649		99.9381	41.4434	0.289545	0	2.89725	0.100581	13.653	1		0	12.0439	38.2978	0	0	0	
2024-06-24 00:49:46	61	315	9	0	0	5	21	0	0	0	21	0	0	7	21	0	0	0	21	0	0	1.732		99.9376	41.3962	0.111734	0	1.11804	0.0460588	14.0497	1		0	12.0439	38.6876	0	0	0	
2024-06-24 00:45:01	27	316	1	0	0	2	9	0	0	0	9	0	0	0.25	9	0	0	0	9	0	0	1.515		99.9471	40.8676	0.121882	0	1.21946	0.153025	13.4087	1		0	12.0439	40.117	0	0	0	
2024-06-24 00:48:38	53	317	9	0	0	4	17	0	0	0	17	0	0	7	17	0	0	0	17	0	0	2.598		99.9446	41.0656	0.0758485	0	0.758906	0.254653	14.305	1		0.0088623	12.0439	38.9475	0	0	0	
2024-06-24 00:47:15	43	318	5	0	0	3	13	0	0	0	13	0	0	5.5	13	0	0	0	13	0	0	2.165		99.9421	41.4926	0.0906996	0	0.907522	0.00301398	14.2553	1		0	12.0439	39.2074	0	0	0	
2024-06-24 00:46:41	39	319	5	0	0	3	13	0	0	0	13	0	0	4.25	13	0	0	0	13	0	0	1.082		99.9423	41.5068	0.171595	0	1.71694	0.165262	13.4848	1		0	12.0439	39.4673	0	0	0	
2024-06-24 00:53:27	86	320	5	0	0	7	29	0	0	0	29	0	0	7.75	29	0	0	0	29	0	0	0.649		99.9393	41.2421	0.322976	0	3.23172	0.352679	15.2291	1		0	12.0439	38.2978	0	0	0	
2024-06-24 00:53:35	87	321	9	0	0	7	29	0	0	0	29	0	0	6.5	29	0	0	0	29	0	0	0.433		99.9394	41.2362	0.459892	0	4.60171	0.296167	14.4567	1		0	12.0439	38.1678	0	0	0	
2024-06-24 00:44:00	20	322	9	0	0	1	5	0	0	0	5	0	0	6	5	0	0	0	5	0	0	4.33		99.9577	40.5438	0.0535402	0	0.535629	0.362167	16.8273	1		0	12.0439	40.7668	0	0	0	
2024-06-24 00:43:35	17	323	5	0	0	1	5	0	0	0	5	0	0	4.75	5	0	0	0	5	0	0	3.247		99.9541	40.5278	0.0671499	0	0.671807	0.408381	15.8291	1		0	12.0439	41.1566	0	0	0	
2024-06-24 00:59:34	129	324	9	0	0	4.75	20	0	0	0	20	0	0	5	20	0	0	0	20	0	0	0.216		99.9332	41.2463	0.747803	0	7.48303	0.148747	11.7543	1		0	12.0439	38.0379	0	0	0	
2024-06-24 00:52:06	77	325	9	0	0	6	25	0	0	0	25	0	0	5	25	0	0	0	25	0	0	0.866		99.9363	41.207	0.228341	0	2.28486	0.315021	14.3562	1		0	12.0439	38.4277	0	0	0	
2024-06-24 00:51:55	76	326	1	0	0	6	25	0	0	0	25	0	0	3.75	25	0	0	0	25	0	0	1.948		99.9341	41.1896	0.0993995	0	0.994651	0.0136384	14.0616	2		0	12.0439	38.4277	0	0	0	
2024-06-24 00:43:53	19	327	1	0	0	1	5	0	0	0	5	0	0	0	5	0	0	0	5	0	0	0.866		99.9544	40.4067	0.209898	0	2.09994	0.00935281	13.1943	1		0	12.0439	40.8967	0	0	0	
2024-06-24 00:58:17	120	328	9	0	0	0.75	4	0	0	0	4	0	0	7	4	0	0	0	4	0	0	5.412		99.9393	41.5329	0.0426437	0	0.426696	0.0426204	16.7563	1		0	12.0439	38.0379	0	0	0	
2024-06-24 00:49:13	57	329	1	0	0	4	17	0	0	0	17	0	0	0.25	17	0	0	0	17	0	0	3.247		99.9398	40.8549	0.0599029	0	0.59939	0.00572976	14.1228	1		0	12.0439	38.8176	0	0	0	
2024-06-24 00:56:26	107	330	1	0	0	7.75	32	0	0	0	32	0	0	2.75	32	0	0	0	32	0	0	4.33		99.9333	41.2161	0.0468653	0	0.468965	0.286287	14.733	1		0	12.0439	38.1678	0	0	0	
2024-06-24 00:51:47	75	331	1	0	0	6	25	0	0	0	25	0	0	0	25	0	0	0	25	0	0	5.195		99.9369	41.2558	0.0494506	0	0.494818	0.179467	18.6542	1		0	12.0439	38.1678	0	0	0	
2024-06-24 00:45:34	31	332	1	0	0	2	9	0	0	0	9	0	0	2.75	9	0	0	0	9	0	0	0.649		99.941	40.8547	0.290752	0	2.90924	0.275445	13.7095	1		0	12.0439	39.9871	0	0	0	
2024-06-24 00:54:52	96	333	1	0	0	7	29	0	0	0	29	0	0	1.25	29	0	0	0	29	0	0	4.979		99.9362	41.1803	0.0472119	0	0.472421	0.355277	17.0678	1		0	12.0439	38.0379	0	0	0	
2024-06-24 00:41:29	2	334	9	0	0	0	1	0	0	0	1	0	0	5.5	1	0	0	0	1	0	0	4.762		99.9548	40.6885	0.0575276	0	0.575536	0.294168	19.8891	1		0	12.0439	42.9758	0	0	0	
2024-06-24 00:41:38	3	335	5	0	0	0	1	0	0	0	1	0	0	4.25	1	0	0	0	1	0	0	3.68		99.9512	40.6706	0.0557339	0	0.557611	0.255332	14.8902	1		0	12.0439	42.7159	0	0	0	
