Time	MeasID	DPID	Channel	A(x)	A(y)	A(z)	A(adr)	B(x)	B(y)	B(z)	B(adr)	M(x)	M(y)	M(z)	M(adr)	N(x)	N(y)	N(z)	N(adr)	F(x)	F(y)	F(z)	Note	I(mA)	Uout(V)	U(V)	SP(V)	R(Ohm)	Var(%)	Rho-a(Ohm-m)	Cycles	IP Delay Window(mV/V)	Pint(V)	Pext(V)	T int(deg C)	T log(deg C)	Latitude	Longitude
2024-06-24 18:56:47	1596	3016	1	0	0	7.75	32	0	0	0	32	0	0	2	32	0	0	0	32	0	0	4.979		99.9624	41.919	0.0415949	0	0.416106	0.265963	15.0332	1		0	12.0439	40.117	0	0	0	
2024-06-24 18:51:14	1559	3017	9	0	0	5	21	0	0	0	21	0	0	7.5	21	0	0	0	21	0	0	2.165		99.9608	41.7913	0.0886386	0	0.886733	0.0361443	13.9288	1		0	12.0439	40.3769	0	0	0	
2024-06-24 18:51:05	1558	3018	5	0	0	5	21	0	0	0	21	0	0	6.25	21	0	0	0	21	0	0	1.082		99.9617	41.8104	0.179362	0	1.7943	0.00541246	14.0924	1		0	12.0439	40.117	0	0	0	
2024-06-24 18:47:22	1532	3019	1	0	0	3	13	0	0	0	13	0	0	1.75	13	0	0	0	13	0	0	1.082		99.9661	42.1063	0.163703	0	1.63758	0.0874073	12.8616	1		0	12.0439	41.1566	0	0	0	
2024-06-24 18:56:47	1596	3020	9	0	0	7.75	32	0	0	0	32	0	0	6.75	32	0	0	0	32	0	0	0.866		99.9624	41.919	0.230533	0	2.3062	0.0387846	14.4903	1		0	12.0439	40.117	0	0	0	
2024-06-24 19:03:20	1641	3021	1	0	0	3.25	14	0	0	0	14	0	0	2.5	14	0	0	0	14	0	0	0.649		99.9614	42.2759	0.277054	0	2.77162	0.168371	13.0609	1		0	12.0439	40.117	0	0	0	
2024-06-24 18:49:05	1544	3022	5	0	0	4	17	0	0	0	17	0	0	7.5	17	0	0	0	17	0	0	3.031		99.965	41.4826	0.065053	0	0.650758	0.120777	14.3109	1		0	12.0439	40.6368	0	0	0	
2024-06-24 18:49:14	1545	3023	5	0	0	4	17	0	0	0	17	0	0	6.25	17	0	0	0	17	0	0	1.948		99.9668	41.4696	0.0986249	0	0.986576	0.127257	13.9474	1		0.0088623	12.0439	40.7668	0	0	0	
2024-06-24 18:47:13	1531	3024	1	0	0	3	13	0	0	0	13	0	0	3.5	13	0	0	0	13	0	0	0.433		99.9675	42.1254	0.428635	0	4.28774	0.137144	13.4703	1		0	12.0439	41.1566	0	0	0	
2024-06-24 18:45:32	1519	3025	9	0	0	2	9	0	0	0	9	0	0	6.75	9	0	0	0	9	0	0	4.113		99.967	41.3413	0.0524472	0	0.524645	0.106062	15.6581	1		0	12.0439	41.9363	0	0	0	
2024-06-24 18:54:56	1583	3026	5	0	0	7	29	0	0	0	29	0	0	5.75	29	0	0	0	29	0	0	1.082		99.9597	41.7099	0.180086	0	1.80158	0.0145703	14.1496	1		0	12.0439	40.117	0	0	0	
2024-06-24 18:55:06	1584	3027	5	0	0	7	29	0	0	0	29	0	0	4.5	29	0	0	0	29	0	0	2.165		99.9558	41.6958	0.0895414	0	0.89581	0.18717	14.0713	1		0	12.0439	40.117	0	0	0	
2024-06-24 18:43:58	1508	3028	5	0	0	1	5	0	0	0	5	0	0	5.25	5	0	0	0	5	0	0	3.68		99.9742	40.8776	0.0613933	0	0.614092	0.544031	16.3984	1		0.0088623	12.0439	42.7159	0	0	0	
2024-06-24 18:44:05	1509	3029	9	0	0	1	5	0	0	0	5	0	0	4	5	0	0	0	5	0	0	2.598		99.9749	40.9581	0.0724509	0	0.724691	0.218074	13.6601	1		0.0088623	12.0439	42.7159	0	0	0	
2024-06-24 19:01:37	1629	3030	1	0	0	4.75	20	0	0	0	20	0	0	3	20	0	0	0	20	0	0	1.515		99.9622	41.8974	0.119408	0	1.19453	0.0190618	13.1345	1		0	12.0439	40.117	0	0	0	
2024-06-24 18:54:05	1577	3031	1	0	0	6	25	0	0	0	25	0	0	3	25	0	0	0	25	0	0	2.598		99.9612	41.7047	0.0765542	0	0.765839	0.213054	14.4357	1		0	12.0439	40.117	0	0	0	
2024-06-24 18:46:22	1525	3032	1	0	0	2	9	0	0	0	9	0	0	2.25	9	0	0	0	9	0	0	0.216		99.9689	41.455	0.729013	0	7.2924	0.131924	11.4549	1		0	12.0439	41.6764	0	0	0	
2024-06-24 18:54:31	1580	3033	1	0	0	7	29	0	0	0	29	0	0	0.5	29	0	0	0	29	0	0	5.628		99.9595	41.7333	0.0427349	0	0.427522	0.0120125	17.4603	1		0	12.0439	40.117	0	0	0	
2024-06-24 18:41:27	1492	3034	1	0	0	0	1	0	0	0	1	0	0	3.5	1	0	0	0	1	0	0	3.031		99.9746	41.135	0.0677295	0	0.677467	0.138617	14.8983	2		0.0088623	12.0616	44.7951	0	0	0	
2024-06-24 19:03:12	1640	3035	1	0	0	1.75	8	0	0	0	8	0	0	0	8	0	0	0	8	0	0	1.515		99.9595	42.0971	0.116042	0	1.16089	0.101206	12.7647	1		0	12.0439	40.117	0	0	0	
2024-06-24 18:52:16	1566	3036	5	0	0	6	25	0	0	0	25	0	0	7	25	0	0	0	25	0	0	0.866		99.9632	41.9036	0.232743	0	2.32829	0.252574	14.6291	1		0	12.0439	40.247	0	0	0	
2024-06-24 19:02:21	1634	3037	1	0	0	6.5	27	0	0	0	27	0	0	1.25	27	0	0	0	27	0	0	4.546		99.9606	42.1363	0.0535474	0	0.535685	0.823247	17.6705	1		0	12.0439	40.117	0	0	0	
2024-06-24 18:57:03	1598	3038	1	0	0	7.75	32	0	0	0	32	0	0	1.25	32	0	0	0	32	0	0	5.628		99.9615	41.9691	0.0389679	0	0.389829	0.146282	15.9209	1		0	12.0439	40.117	0	0	0	
2024-06-24 18:50:39	1555	3039	9	0	0	5	21	0	0	0	21	0	0	5.5	21	0	0	0	21	0	0	0.433		99.9602	41.8117	0.449542	0	4.49721	0.209938	14.1284	1		0	12.0439	40.5069	0	0	0	
2024-06-24 18:51:05	1558	3040	9	0	0	5	21	0	0	0	21	0	0	4.25	21	0	0	0	21	0	0	0.649		99.9617	41.8104	0.296068	0	2.96182	0.204974	13.9572	1		0	12.0439	40.117	0	0	0	
2024-06-24 18:48:12	1538	3041	5	0	0	3	13	0	0	0	13	0	0	1	13	0	0	0	13	0	0	1.732		99.9685	42.1761	0.102504	0	1.02536	0.0217922	12.8851	1		0	12.0439	41.0267	0	0	0	
2024-06-24 18:44:34	1512	3042	1	0	0	1	5	0	0	0	5	0	0	2	5	0	0	0	5	0	0	0.866		99.9686	40.8189	0.199539	0	1.99602	0.0945522	12.5414	1		0.0088623	12.0439	42.4561	0	0	0	
2024-06-24 18:58:43	1609	3043	9	0	0	1.75	8	0	0	0	8	0	0	6	8	0	0	0	8	0	0	3.68		99.9613	41.9897	0.0622796	0	0.623037	0.487166	16.6373	2		0	12.0439	40.117	0	0	0	
2024-06-24 18:49:56	1550	3044	5	0	0	4	17	0	0	0	17	0	0	2.25	17	0	0	0	17	0	0	1.515		99.9612	41.4347	0.116678	0	1.16724	0.0548025	12.8344	1		0	12.0439	40.6368	0	0	0	
2024-06-24 18:56:31	1594	3045	9	0	0	7.75	32	0	0	0	32	0	0	6	32	0	0	0	32	0	0	1.515		99.9564	41.8372	0.127624	0	1.2768	0.00766619	14.0391	1		0	12.0439	39.9871	0	0	0	
2024-06-24 18:56:21	1593	3046	5	0	0	7.75	32	0	0	0	32	0	0	4.75	32	0	0	0	32	0	0	2.598		99.9605	41.8599	0.073823	0	0.738522	0.151613	13.9208	1		0	12.0439	39.9871	0	0	0	
2024-06-24 18:52:16	1566	3047	1	0	0	6	25	0	0	0	25	0	0	2	25	0	0	0	25	0	0	3.464		99.9632	41.9036	0.065397	0	0.654212	0.416806	16.4421	1		0	12.0439	40.247	0	0	0	
2024-06-24 18:48:56	1543	3048	9	0	0	4	17	0	0	0	17	0	0	5.5	17	0	0	0	17	0	0	1.299		99.9673	41.4948	0.148226	0	1.48275	0.0533921	13.9745	1		0	12.0439	40.7668	0	0	0	
2024-06-24 18:48:39	1541	3049	9	0	0	4	17	0	0	0	17	0	0	4.25	17	0	0	0	17	0	0	0.216		99.9642	41.5459	0.849196	0	8.495	0.108904	13.3439	1		0	12.0439	40.8967	0	0	0	
2024-06-24 18:42:53	1501	3050	1	0	0	0	1	0	0	0	1	0	0	1.75	1	0	0	0	1	0	0	1.515		99.9735	41.0671	0.11667	0	1.16701	0.102739	12.832	1		0	12.0439	43.4956	0	0	0	
2024-06-24 19:04:28	1649	3051	1	0	0	3.75	16	0	0	4	16	0	0	3.5	16	0	0	4.25	16	0	0	0.13		99.9543	19.0741	0.597365	0	5.97638	0.0260967	9.38768	1		0	12.0439	40.117	0	0	0	
2024-06-24 18:47:30	1533	3052	1	0	0	3	13	0	0	0	13	0	0	2.75	13	0	0	0	13	0	0	0.216		99.9647	42.0939	0.726557	0	7.26814	0.203439	11.4168	1		0	12.0439	41.1566	0	0	0	
2024-06-24 18:45:23	1518	3053	9	0	0	2	9	0	0	0	9	0	0	6	9	0	0	0	9	0	0	3.464		99.9652	41.3469	0.0647742	0	0.647968	0.014924	16.2852	1		0	12.0439	41.9363	0	0	0	
2024-06-24 18:46:14	1524	3054	5	0	0	2	9	0	0	0	9	0	0	4.75	9	0	0	0	9	0	0	2.381		99.9712	41.4296	0.0812161	0	0.812395	0.301338	14.0372	1		0	12.0439	41.6764	0	0	0	
2024-06-24 18:55:13	1585	3055	5	0	0	7	29	0	0	0	29	0	0	5	29	0	0	0	29	0	0	1.732		99.9573	41.7732	0.10974	0	1.09787	0.10513	13.7962	1		0	12.0439	39.9871	0	0	0	
2024-06-24 18:54:40	1581	3056	1	0	0	7	29	0	0	0	29	0	0	3.75	29	0	0	0	29	0	0	2.814		99.9597	41.7068	0.0700618	0	0.7009	0.116791	14.3126	1		0	12.0439	40.117	0	0	0	
2024-06-24 18:44:41	1513	3057	5	0	0	1	5	0	0	0	5	0	0	3.25	5	0	0	0	5	0	0	1.948		99.9724	40.9225	0.091898	0	0.919234	0.166678	12.9954	1		0	12.0439	42.3261	0	0	0	
2024-06-24 18:58:10	1606	3058	9	0	0	2.75	12	0	0	0	12	0	0	5	12	0	0	0	12	0	0	1.948		99.9583	41.8032	0.092997	0	0.930357	0.261422	13.1526	1		0	12.0439	40.117	0	0	0	
2024-06-24 18:51:05	1558	3059	1	0	0	5	21	0	0	0	21	0	0	1.75	21	0	0	0	21	0	0	2.814		99.9617	41.8104	0.0736153	0	0.736435	0.58999	15.0383	1		0	12.0439	40.117	0	0	0	
2024-06-24 18:45:41	1520	3060	1	0	0	2	9	0	0	0	9	0	0	1.5	9	0	0	0	9	0	0	0.433		99.9711	41.3202	0.411623	0	4.11742	0.0546479	12.9353	1		0	12.0439	41.8063	0	0	0	
2024-06-24 18:41:52	1494	3061	1	0	0	0	1	0	0	0	1	0	0	2.75	1	0	0	0	1	0	0	2.381		99.9808	41.093	0.126616	0	1.26641	0.400427	21.882	1		0	12.0439	44.5352	0	0	0	
2024-06-24 18:58:02	1605	3062	9	0	0	3.25	14	0	0	0	14	0	0	4.5	14	0	0	0	14	0	0	1.082		99.9594	42.1883	0.167209	0	1.67277	0.00702213	13.1379	1		0	12.0439	40.117	0	0	0	
2024-06-24 18:47:30	1533	3063	5	0	0	3	13	0	0	0	13	0	0	6.75	13	0	0	0	13	0	0	3.247		99.9647	42.0939	0.064052	0	0.640746	0.0237834	15.0972	1		0	12.0439	41.1566	0	0	0	
2024-06-24 18:44:14	1510	3064	5	0	0	1	5	0	0	0	5	0	0	7.25	5	0	0	0	5	0	0	5.412		99.9743	40.8847	0.0600195	0	0.600349	0.506705	23.5757	1		0	12.0439	42.586	0	0	0	
2024-06-24 18:52:37	1568	3065	5	0	0	6	25	0	0	0	25	0	0	7.5	25	0	0	0	25	0	0	1.299		99.958	41.7815	0.148793	0	1.48855	0.0584957	14.0293	2		0	12.0439	40.117	0	0	0	
2024-06-24 18:52:49	1569	3066	9	0	0	6	25	0	0	0	25	0	0	6.25	25	0	0	0	25	0	0	0.216		99.957	41.792	0.80927	0	8.09618	0.18735	12.7174	1		0	12.0439	40.117	0	0	0	
2024-06-24 18:57:22	1600	3067	5	0	0	7.75	32	0	0	0	32	0	0	0.5	32	0	0	0	32	0	0	6.278		99.9582	41.8582	0.0360434	0	0.360585	0.297493	16.4258	1		0	12.0439	39.9871	0	0	0	
2024-06-24 18:51:50	1563	3068	1	0	0	5	21	0	0	0	21	0	0	3.5	21	0	0	0	21	0	0	1.299		99.9629	41.8529	0.138631	0	1.38683	0.0292266	13.0705	1		0	12.0439	40.3769	0	0	0	
2024-06-24 18:48:30	1540	3069	1	0	0	3	13	0	0	0	13	0	0	0.25	13	0	0	0	13	0	0	2.381		99.9651	42.0611	0.0764495	0	0.764762	0.0563781	13.2141	1		0	12.0439	40.8967	0	0	0	
2024-06-24 18:44:49	1514	3070	1	0	0	1	5	0	0	0	5	0	0	1.25	5	0	0	0	5	0	0	0.216		99.973	40.9625	0.735532	0	7.3573	0.134267	11.5568	1		0.0088623	12.0439	42.3261	0	0	0	
2024-06-24 18:49:48	1549	3071	5	0	0	4	17	0	0	0	17	0	0	1.5	17	0	0	0	17	0	0	2.165		99.96	41.4513	0.0836333	0	0.836668	0.153109	13.1423	1		0	12.0439	40.6368	0	0	0	
2024-06-24 18:58:55	1610	3072	9	0	0	1.5	7	0	0	0	7	0	0	6.25	7	0	0	0	7	0	0	4.113		99.9588	41.0818	0.0609179	0	0.60943	1.44423	18.1885	4		0	12.0439	40.117	0	0	0	
2024-06-24 18:56:55	1597	3073	9	0	0	7.75	32	0	0	0	32	0	0	5.25	32	0	0	0	32	0	0	2.165		99.9596	41.9463	0.0871982	0	0.872334	0.109775	13.7026	1		0	12.0439	39.9871	0	0	0	
2024-06-24 18:56:04	1591	3074	5	0	0	7.75	32	0	0	0	32	0	0	4	32	0	0	0	32	0	0	3.247		99.9556	41.9114	0.0592896	0	0.593159	0.299267	13.976	1		0	12.0439	40.117	0	0	0	
2024-06-24 18:53:56	1576	3075	5	0	0	6	25	0	0	0	25	0	0	1.25	25	0	0	0	25	0	0	4.113		99.9541	41.7055	0.0586482	0	0.586751	0.819331	17.5117	1		0	12.0439	40.117	0	0	0	
2024-06-24 18:50:14	1552	3076	1	0	0	4	17	0	0	0	17	0	0	3.5	17	0	0	0	17	0	0	0.433		99.9571	41.3793	0.459717	0	4.59914	0.0939468	14.4486	1		0	12.0439	40.5069	0	0	0	
2024-06-24 18:43:12	1503	3077	1	0	0	0	1	0	0	0	1	0	0	1	1	0	0	0	1	0	0	0.866		99.9772	41.0331	0.20522	0	2.05267	0.00475877	12.8973	1		0	12.0439	43.2357	0	0	0	
2024-06-24 18:45:15	1517	3078	9	0	0	2	9	0	0	0	9	0	0	5.25	9	0	0	0	9	0	0	2.814		99.9688	41.3833	0.0779927	0	0.780171	0.260584	15.9314	1		0	12.0439	42.0662	0	0	0	
2024-06-24 18:45:41	1520	3079	9	0	0	2	9	0	0	0	9	0	0	4	9	0	0	0	9	0	0	1.732		99.9711	41.3202	0.104027	0	1.04057	0.00215072	13.0762	1		0	12.0439	41.8063	0	0	0	
2024-06-24 19:03:29	1642	3080	1	0	0	3.5	15	0	0	0	15	0	0	2.25	15	0	0	0	15	0	0	1.082		99.952	41.3638	0.163297	0	1.63375	0.0607982	12.8315	1		0	12.0439	40.117	0	0	0	
2024-06-24 18:55:13	1585	3081	1	0	0	7	29	0	0	0	29	0	0	3	29	0	0	0	29	0	0	3.464		99.9573	41.7732	0.0584794	0	0.585044	0.0615261	14.7038	1		0	12.0439	39.9871	0	0	0	
2024-06-24 18:44:58	1515	3082	5	0	0	1	5	0	0	0	5	0	0	2.5	5	0	0	0	5	0	0	1.299		99.9751	41.0001	0.137534	0	1.37569	0.675009	12.9655	1		0.0088623	12.0439	42.1962	0	0	0	
2024-06-24 18:42:37	1499	3083	5	0	0	0	1	0	0	0	1	0	0	6.75	1	0	0	0	1	0	0	5.845		99.9776	41.1105	0.0402177	0	0.402267	0.0911188	17.0608	1		0.0088623	12.0439	43.7555	0	0	0	
2024-06-24 19:00:08	1618	3084	1	0	0	2.75	12	0	0	0	12	0	0	3	12	0	0	0	12	0	0	0.216		99.9576	41.7553	0.725046	0	7.25354	0.199489	11.3938	1		0	12.0439	40.117	0	0	0	
2024-06-24 18:50:39	1555	3085	1	0	0	5	21	0	0	0	21	0	0	1	21	0	0	0	21	0	0	3.464		99.9602	41.8117	0.0619556	0	0.619803	0.424085	15.5773	1		0	12.0439	40.5069	0	0	0	
2024-06-24 19:05:44	1658	3086	1	0	0	0.5	3	0	0	7.25	3	0	0	2.75	3	0	0	5	3	0	0	1.168		99.9576	20.5873	0.0697059	0	0.697355	0.0715757	9.85862	2		0	12.0439	40.117	0	0	0	
2024-06-24 19:00:57	1624	3087	9	0	0	6.75	28	0	0	0	28	0	0	7	28	0	0	0	28	0	0	0.216		99.9586	41.8765	0.790283	0	7.9061	0.230857	12.4189	1		0	12.0439	39.9871	0	0	0	
2024-06-24 18:45:58	1522	3088	1	0	0	2	9	0	0	0	9	0	0	0.75	9	0	0	0	9	0	0	1.082		99.9756	41.3028	0.15849	0	1.58528	0.0110822	12.4508	1		0	12.0439	41.6764	0	0	0	
2024-06-24 18:47:13	1531	3089	9	0	0	3	13	0	0	0	13	0	0	6	13	0	0	0	13	0	0	2.598		99.9675	42.1254	0.0760172	0	0.76042	0.0601752	14.3336	1		0	12.0439	41.1566	0	0	0	
2024-06-24 18:47:56	1536	3090	9	0	0	3	13	0	0	0	13	0	0	4.75	13	0	0	0	13	0	0	1.515		99.9681	42.1507	0.120084	0	1.20122	0.155695	13.2081	1		0	12.0439	41.1566	0	0	0	
2024-06-24 18:43:28	1505	3091	5	0	0	1	5	0	0	0	5	0	0	7.75	5	0	0	0	5	0	0	5.845		99.975	40.9454	0.038478	0	0.384877	0.325068	16.3232	1		0	12.0439	43.1058	0	0	0	
2024-06-24 18:43:58	1508	3092	9	0	0	1	5	0	0	0	5	0	0	6.5	5	0	0	0	5	0	0	4.762		99.9742	40.8776	0.0509973	0	0.510104	0.809206	17.6279	1		0.0088623	12.0439	42.7159	0	0	0	
2024-06-24 18:53:26	1573	3093	5	0	0	6	25	0	0	0	25	0	0	5.5	25	0	0	0	25	0	0	0.433		99.959	41.8141	0.458616	0	4.58804	0.0996469	14.4137	1		0	12.0439	40.117	0	0	0	
2024-06-24 18:53:15	1572	3094	9	0	0	6	25	0	0	0	25	0	0	4.25	25	0	0	0	25	0	0	1.515		99.9593	41.7347	0.127183	0	1.27235	0.0833974	13.9902	2		0	12.0439	40.117	0	0	0	
2024-06-24 18:51:39	1562	3095	1	0	0	5	21	0	0	0	21	0	0	2.75	21	0	0	0	21	0	0	1.948		99.9569	41.7352	0.0934677	0	0.93508	0.111327	13.2194	2		0	12.0439	40.3769	0	0	0	
2024-06-24 18:44:23	1511	3096	1	0	0	1	5	0	0	0	5	0	0	0.5	5	0	0	0	5	0	0	0.433		99.9709	40.8313	0.431387	0	4.31512	0.00832487	13.5564	2		0	12.0439	42.4561	0	0	0	
2024-06-24 18:50:05	1551	3097	1	0	0	4	17	0	0	0	17	0	0	0.75	17	0	0	0	17	0	0	2.814		99.9591	41.4069	0.0688353	0	0.688634	0.059441	14.0622	1		0.0088623	12.0439	40.3769	0	0	0	
2024-06-24 18:56:21	1593	3098	1	0	0	7.75	32	0	0	0	32	0	0	3.25	32	0	0	0	32	0	0	3.897		99.9605	41.8599	0.0503885	0	0.504084	0.217146	14.2526	1		0	12.0439	39.9871	0	0	0	
2024-06-24 19:05:01	1653	3099	1	0	0	2.75	12	0	0	5	12	0	0	0.5	12	0	0	7.25	12	0	0	1.168		99.9538	20.3752	0.0706519	0	0.706845	0.0597581	9.99279	1		0	12.0616	40.117	0	0	0	
2024-06-24 18:59:11	1611	3100	9	0	0	1.25	6	0	0	0	6	0	0	6.5	6	0	0	0	6	0	0	4.546		99.9607	41.841	0.0521664	0	0.521869	0.134982	17.2147	1		0	12.0439	39.9871	0	0	0	
2024-06-24 18:53:07	1571	3101	1	0	0	6	25	0	0	0	25	0	0	0.5	25	0	0	0	25	0	0	4.762		99.9576	41.7718	0.0535475	0	0.535702	0.87737	18.5125	1		0	12.0439	40.117	0	0	0	
2024-06-24 18:49:22	1546	3102	1	0	0	4	17	0	0	0	17	0	0	2.75	17	0	0	0	17	0	0	1.082		99.97	41.4607	0.165131	0	1.6518	0.117654	12.9732	1		0	12.0439	40.6368	0	0	0	
2024-06-24 18:42:44	1500	3103	5	0	0	0	1	0	0	0	1	0	0	0.25	1	0	0	0	1	0	0	0.216		99.978	41.1222	0.732409	0	7.3257	0.0151741	11.5072	1		0.0088623	12.0439	43.7555	0	0	0	
2024-06-24 18:46:46	1528	3104	1	0	0	2	9	0	0	0	9	0	0	3.25	9	0	0	0	9	0	0	1.082		99.9682	41.4834	0.163091	0	1.63143	0.0141549	12.8132	1		0	12.0439	41.4165	0	0	0	
2024-06-24 18:55:22	1586	3105	5	0	0	7	29	0	0	0	29	0	0	1.75	29	0	0	0	29	0	0	4.546		99.9589	41.7272	0.0500322	0	0.500528	0.139919	16.5108	1		0	12.0439	40.117	0	0	0	
2024-06-24 18:41:52	1494	3106	5	0	0	0	1	0	0	0	1	0	0	6	1	0	0	0	1	0	0	5.195		99.9808	41.093	0.0507603	0	0.507701	0.587538	19.1399	1		0	12.0439	44.5352	0	0	0	
2024-06-24 18:41:43	1493	3107	5	0	0	0	1	0	0	0	1	0	0	4.75	1	0	0	0	1	0	0	4.113		99.9795	41.0984	0.0517502	0	0.517608	0.28773	15.4481	1		0	12.0439	44.7951	0	0	0	
2024-06-24 19:02:39	1636	3108	1	0	0	7.25	30	0	0	0	30	0	0	0.5	30	0	0	0	30	0	0	5.845		99.9563	42.107	0.0478704	0	0.478913	0.511409	20.3114	1		0	12.0439	40.117	0	0	0	
2024-06-24 18:50:56	1557	3109	1	0	0	5	21	0	0	0	21	0	0	0.25	21	0	0	0	21	0	0	4.113		99.9662	41.9015	0.050926	0	0.509432	0.200566	15.2041	1		0.0088623	12.0439	40.5069	0	0	0	
2024-06-24 18:51:14	1559	3110	5	0	0	5	21	0	0	0	21	0	0	6.75	21	0	0	0	21	0	0	1.515		99.9608	41.7913	0.130069	0	1.3012	0.449608	14.3074	1		0	12.0439	40.3769	0	0	0	
2024-06-24 18:48:22	1539	3111	5	0	0	3	13	0	0	0	13	0	0	2.25	13	0	0	0	13	0	0	0.649		99.9649	42.064	0.276695	0	2.76792	0.167601	13.0435	1		0	12.0439	40.6368	0	0	0	
2024-06-24 18:46:14	1524	3112	1	0	0	2	9	0	0	0	9	0	0	0	9	0	0	0	9	0	0	1.732		99.9712	41.4296	0.132117	0	1.32155	0.352929	16.6071	1		0	12.0439	41.6764	0	0	0	
2024-06-24 19:01:04	1625	3113	9	0	0	6.5	27	0	0	0	27	0	0	7.25	27	0	0	0	27	0	0	0.649		99.9574	42.1527	0.305879	0	3.06009	0.0525892	14.4203	1		0	12.0439	40.117	0	0	0	
2024-06-24 18:56:47	1596	3114	5	0	0	7.75	32	0	0	0	32	0	0	7.25	32	0	0	0	32	0	0	0.433		99.9624	41.919	0.450668	0	4.50838	0.714388	14.1635	1		0	12.0439	40.117	0	0	0	
2024-06-24 19:02:48	1637	3115	1	0	0	7.5	31	0	0	0	31	0	0	0.25	31	0	0	0	31	0	0	6.278		99.9552	41.9186	0.0358108	0	0.358269	0.278695	16.3202	1		0	12.0439	40.117	0	0	0	
2024-06-24 18:59:44	1615	3116	1	0	0	0.75	4	0	0	0	4	0	0	1	4	0	0	0	4	0	0	0.216		99.9566	41.7908	0.74809	0	7.48415	0.0612611	11.7561	1		0	12.0439	39.9871	0	0	0	
2024-06-24 19:01:53	1631	3117	1	0	0	5.5	23	0	0	0	23	0	0	2.25	23	0	0	0	23	0	0	2.814		99.9621	41.8302	0.0809675	0	0.809982	0.173753	16.5401	1		0	12.0439	40.117	0	0	0	
2024-06-24 18:48:47	1542	3118	5	0	0	4	17	0	0	0	17	0	0	6.75	17	0	0	0	17	0	0	2.381		99.9639	41.5223	0.0824461	0	0.824758	0.057405	14.2508	1		0	12.0439	40.7668	0	0	0	
2024-06-24 18:46:55	1529	3119	9	0	0	3	13	0	0	0	13	0	0	5.25	13	0	0	0	13	0	0	1.948		99.9667	42.2269	0.0968594	0	0.968917	0.0784421	13.6977	1		0	12.0439	41.4165	0	0	0	
2024-06-24 18:46:55	1529	3120	5	0	0	3	13	0	0	0	13	0	0	4	13	0	0	0	13	0	0	0.866		99.9667	42.2269	0.213906	0	2.13978	0.194999	13.4446	1		0	12.0439	41.4165	0	0	0	
2024-06-24 18:46:06	1523	3121	5	0	0	2	9	0	0	0	9	0	0	7.25	9	0	0	0	9	0	0	4.546		99.9695	41.3861	0.0533428	0	0.533591	0.423099	17.6014	1		0	12.0439	41.6764	0	0	0	
2024-06-24 18:54:40	1581	3122	5	0	0	7	29	0	0	0	29	0	0	7.5	29	0	0	0	29	0	0	0.433		99.9597	41.7068	0.442726	0	4.42904	0.20912	13.9143	1		0	12.0439	40.117	0	0	0	
2024-06-24 18:54:22	1579	3123	1	0	0	7	29	0	0	0	29	0	0	6.25	29	0	0	0	29	0	0	0.649		99.9541	41.7412	0.307989	0	3.08131	0.196108	14.5203	1		0	12.0439	40.117	0	0	0	
2024-06-24 18:43:36	1506	3124	9	0	0	1	5	0	0	0	5	0	0	5.75	5	0	0	0	5	0	0	4.113		99.9657	40.8717	0.0521938	0	0.522117	0.270808	15.5826	2		0.0088623	12.0439	42.9758	0	0	0	
2024-06-24 18:43:28	1505	3125	9	0	0	1	5	0	0	0	5	0	0	4.5	5	0	0	0	5	0	0	3.031		99.975	40.9454	0.0704204	0	0.70438	0.0944754	15.4901	1		0	12.0439	43.1058	0	0	0	
2024-06-24 18:53:26	1573	3126	1	0	0	6	25	0	0	0	25	0	0	3.5	25	0	0	0	25	0	0	2.165		99.959	41.8141	0.0867796	0	0.868152	0.154595	13.6369	1		0	12.0439	40.117	0	0	0	
2024-06-24 18:50:14	1552	3127	5	0	0	4	17	0	0	0	17	0	0	0	17	0	0	0	17	0	0	3.464		99.9571	41.3793	0.0603814	0	0.604073	0.104371	15.182	1		0	12.0439	40.5069	0	0	0	
2024-06-24 18:56:39	1595	3128	1	0	0	7.75	32	0	0	0	32	0	0	2.5	32	0	0	0	32	0	0	4.546		99.9616	41.8262	0.0460814	0	0.460991	0.279183	15.2066	1		0	12.0439	39.9871	0	0	0	
2024-06-24 18:45:15	1517	3129	1	0	0	2	9	0	0	0	9	0	0	2.5	9	0	0	0	9	0	0	0.433		99.9688	41.3833	0.410055	0	4.10183	0.0563751	12.8863	1		0	12.0439	42.0662	0	0	0	
2024-06-24 18:54:13	1578	3130	1	0	0	7	29	0	0	0	29	0	0	1	29	0	0	0	29	0	0	5.195		99.9599	41.758	0.0450827	0	0.451008	0.135296	17.0026	1		0	12.0439	40.117	0	0	0	
2024-06-24 18:42:18	1497	3131	5	0	0	0	1	0	0	0	1	0	0	5.25	1	0	0	0	1	0	0	4.546		99.9762	41.0378	0.0496404	0	0.496522	0.0256491	16.3786	2		0.0088623	12.0439	44.0154	0	0	0	
2024-06-24 18:42:09	1496	3132	5	0	0	0	1	0	0	0	1	0	0	4	1	0	0	0	1	0	0	3.464		99.9773	41.0704	0.0607915	0	0.608053	0.089242	15.282	1		0.0088623	12.0439	44.1454	0	0	0	
2024-06-24 18:56:55	1597	3133	1	0	0	7.75	32	0	0	0	32	0	0	1.75	32	0	0	0	32	0	0	5.195		99.9596	41.9463	0.0415651	0	0.415819	0.410708	15.676	1		0	12.0439	39.9871	0	0	0	
2024-06-24 18:50:56	1557	3134	9	0	0	5	21	0	0	0	21	0	0	6	21	0	0	0	21	0	0	0.866		99.9662	41.9015	0.223575	0	2.23651	0.0588285	14.0524	1		0.0088623	12.0439	40.5069	0	0	0	
2024-06-24 18:50:22	1553	3135	9	0	0	5	21	0	0	0	21	0	0	4.75	21	0	0	0	21	0	0	0.216		99.9655	41.8431	0.76081	0	7.61073	0.347768	11.9549	1		0.0088623	12.0439	40.5069	0	0	0	
2024-06-24 18:47:48	1535	3136	1	0	0	3	13	0	0	0	13	0	0	1.5	13	0	0	0	13	0	0	1.299		99.9655	42.0731	0.133936	0	1.33982	0.0934665	12.6275	1		0	12.0439	41.1566	0	0	0	
2024-06-24 18:56:39	1595	3137	9	0	0	7.75	32	0	0	0	32	0	0	6.5	32	0	0	0	32	0	0	1.082		99.9616	41.8262	0.181299	0	1.81369	0.0397504	14.2447	1		0	12.0439	39.9871	0	0	0	
2024-06-24 18:58:35	1608	3138	9	0	0	2.25	10	0	0	0	10	0	0	5.5	10	0	0	0	10	0	0	2.814		99.9581	42.2351	0.0812845	0	0.813186	0.310321	16.6055	1		0	12.0439	39.9871	0	0	0	
2024-06-24 19:04:53	1652	3139	1	0	0	3	13	0	0	4.75	13	0	0	1.25	13	0	0	6.5	13	0	0	0.908		99.9541	20.7705	0.0865502	0	0.8659	0.031129	9.52107	1		0	12.0439	40.117	0	0	0	
2024-06-24 18:49:05	1544	3140	9	0	0	4	17	0	0	0	17	0	0	6	17	0	0	0	17	0	0	1.732		99.965	41.4826	0.109291	0	1.0933	0.1126	13.7388	1		0	12.0439	40.6368	0	0	0	
2024-06-24 18:49:31	1547	3141	5	0	0	4	17	0	0	0	17	0	0	4.75	17	0	0	0	17	0	0	0.649		99.9673	41.4463	0.309728	0	3.09829	0.0677557	14.6003	1		0	12.0439	40.6368	0	0	0	
2024-06-24 18:42:53	1501	3142	5	0	0	0	1	0	0	0	1	0	0	2.25	1	0	0	0	1	0	0	1.948		99.9735	41.0671	0.106027	0	1.06055	0.431957	14.9932	1		0	12.0439	43.4956	0	0	0	
2024-06-24 19:04:44	1651	3143	1	0	0	3.25	14	0	0	4.5	14	0	0	2	14	0	0	5.75	14	0	0	0.649		99.9615	20.5052	0.140743	0	1.40797	0.589873	11.0582	1		0	12.0439	40.117	0	0	0	
2024-06-24 18:47:39	1534	3144	1	0	0	3	13	0	0	0	13	0	0	3.25	13	0	0	0	13	0	0	0.216		99.9621	42.0758	0.746151	0	7.46434	0.117948	11.725	1		0.0088623	12.0439	41.1566	0	0	0	
2024-06-24 18:45:23	1518	3145	5	0	0	2	9	0	0	0	9	0	0	7.75	9	0	0	0	9	0	0	4.979		99.9652	41.3469	0.0428	0	0.428149	0.22677	15.4683	1		0	12.0439	41.9363	0	0	0	
2024-06-24 18:45:50	1521	3146	9	0	0	2	9	0	0	0	9	0	0	6.5	9	0	0	0	9	0	0	3.897		99.9697	41.298	0.0545744	0	0.545909	0.0886097	15.4352	1		0	12.0439	41.8063	0	0	0	
2024-06-24 18:54:56	1583	3147	9	0	0	7	29	0	0	0	29	0	0	5.5	29	0	0	0	29	0	0	1.299		99.9597	41.7099	0.148436	0	1.48496	0.0516438	13.9954	1		0	12.0439	40.117	0	0	0	
2024-06-24 18:54:48	1582	3148	9	0	0	7	29	0	0	0	29	0	0	4.25	29	0	0	0	29	0	0	2.381		99.9596	41.7183	0.0823057	0	0.823389	0.00563533	14.2271	1		0.0088623	12.0439	40.117	0	0	0	
2024-06-24 18:43:36	1506	3149	5	0	0	1	5	0	0	0	5	0	0	5	5	0	0	0	5	0	0	3.464		99.9657	40.8717	0.062105	0	0.621263	0.292647	15.614	2		0.0088623	12.0439	42.9758	0	0	0	
2024-06-24 18:44:49	1514	3150	5	0	0	1	5	0	0	0	5	0	0	3.75	5	0	0	0	5	0	0	2.381		99.973	40.9625	0.0802387	0	0.802603	0.122606	13.868	1		0.0088623	12.0439	42.3261	0	0	0	
2024-06-24 18:54:05	1577	3151	5	0	0	6	25	0	0	0	25	0	0	2.75	25	0	0	0	25	0	0	2.814		99.9612	41.7047	0.0703245	0	0.703518	0.200127	14.3661	1		0	12.0439	40.117	0	0	0	
2024-06-24 18:50:48	1556	3152	1	0	0	5	21	0	0	0	21	0	0	2.25	21	0	0	0	21	0	0	2.381		99.9587	41.7795	0.0790318	0	0.790644	0.21548	13.6614	1		0.0088623	12.0439	40.5069	0	0	0	
2024-06-24 18:55:06	1584	3153	1	0	0	7	29	0	0	0	29	0	0	0.25	29	0	0	0	29	0	0	5.845		99.9558	41.6958	0.0397127	0	0.397303	0.622696	16.8502	1		0	12.0439	40.117	0	0	0	
2024-06-24 18:43:19	1504	3154	1	0	0	0	1	0	0	0	1	0	0	3.25	1	0	0	0	1	0	0	2.814		99.9784	41.0916	0.0689199	0	0.689348	0.0714119	14.0767	1		0	12.0439	43.2357	0	0	0	
2024-06-24 18:47:39	1534	3155	9	0	0	3	13	0	0	0	13	0	0	7.25	13	0	0	0	13	0	0	3.68		99.9621	42.0758	0.0675472	0	0.675728	0.90239	18.0443	1		0.0088623	12.0439	41.1566	0	0	0	
2024-06-24 18:52:16	1566	3156	9	0	0	6	25	0	0	0	25	0	0	6.75	25	0	0	0	25	0	0	0.649		99.9632	41.9036	0.318675	0	3.18793	0.243302	15.0228	1		0	12.0439	40.247	0	0	0	
2024-06-24 18:57:45	1603	3157	9	0	0	3.75	16	0	0	0	16	0	0	4	16	0	0	0	16	0	0	0.216		99.9607	41.778	0.833696	0	8.34024	0.177185	13.1008	1		0	12.0439	39.9871	0	0	0	
2024-06-24 18:57:12	1599	3158	5	0	0	7.75	32	0	0	0	32	0	0	1	32	0	0	0	32	0	0	5.845		99.9609	41.9742	0.0376595	0	0.376743	0.168798	15.9782	1		0	12.0439	40.117	0	0	0	
2024-06-24 18:50:22	1553	3159	5	0	0	5	21	0	0	0	21	0	0	5.25	21	0	0	0	21	0	0	0.216		99.9655	41.8431	0.780353	0	7.80623	0.326054	12.262	1		0.0088623	12.0439	40.5069	0	0	0	
2024-06-24 18:51:22	1560	3160	5	0	0	5	21	0	0	0	21	0	0	4	21	0	0	0	21	0	0	0.866		99.963	41.7734	0.221603	0	2.21685	0.135063	13.9289	1		0	12.0439	40.3769	0	0	0	
2024-06-24 18:48:05	1537	3161	5	0	0	3	13	0	0	0	13	0	0	0.75	13	0	0	0	13	0	0	1.948		99.9677	42.0886	0.0923478	0	0.923777	0.193609	13.0596	1		0	12.0439	41.0267	0	0	0	
2024-06-24 18:45:07	1516	3162	1	0	0	1	5	0	0	0	5	0	0	1.75	5	0	0	0	5	0	0	0.649		99.9662	40.8936	0.279492	0	2.79587	0.0314158	13.1752	1		0	12.0439	42.0662	0	0	0	
2024-06-24 18:49:39	1548	3163	1	0	0	4	17	0	0	0	17	0	0	2	17	0	0	0	17	0	0	1.732		99.9672	41.5217	0.103644	0	1.03678	0.197584	13.0285	1		0	12.0439	40.6368	0	0	0	
2024-06-24 18:56:13	1592	3164	9	0	0	7.75	32	0	0	0	32	0	0	5.75	32	0	0	0	32	0	0	1.732		99.9556	41.8999	0.110268	0	1.10317	0.208169	13.8628	1		0	12.0439	40.117	0	0	0	
2024-06-24 18:56:21	1593	3165	9	0	0	7.75	32	0	0	0	32	0	0	4.5	32	0	0	0	32	0	0	2.814		99.9605	41.8599	0.0684631	0	0.684902	0.157768	13.9859	1		0	12.0439	39.9871	0	0	0	
2024-06-24 19:00:23	1620	3166	1	0	0	2.25	10	0	0	0	10	0	0	3.5	10	0	0	0	10	0	0	1.082		99.958	42.3571	0.16296	0	1.63028	0.0896066	12.8042	1		0	12.0439	39.9871	0	0	0	
2024-06-24 18:59:36	1614	3167	9	0	0	0.25	2	0	0	0	2	0	0	7.5	2	0	0	0	2	0	0	6.278		99.9568	41.548	0.0372265	0	0.372426	0.564456	16.9651	1		0	12.0439	39.9871	0	0	0	
2024-06-24 18:53:15	1572	3168	1	0	0	6	25	0	0	0	25	0	0	1.75	25	0	0	0	25	0	0	3.68		99.9593	41.7347	0.0658043	0	0.658311	0.0230029	17.5792	2		0	12.0439	40.117	0	0	0	
2024-06-24 18:49:14	1545	3169	9	0	0	4	17	0	0	0	17	0	0	5.25	17	0	0	0	17	0	0	1.082		99.9668	41.4696	0.177703	0	1.77762	0.128515	13.9614	1		0.0088623	12.0439	40.7668	0	0	0	
2024-06-24 18:42:29	1498	3170	1	0	0	0	1	0	0	0	1	0	0	1.5	1	0	0	0	1	0	0	1.299		99.9788	41.0955	0.13387	0	1.33899	0.126279	12.6196	1		0	12.0439	43.8855	0	0	0	
2024-06-24 18:47:04	1530	3171	1	0	0	3	13	0	0	0	13	0	0	2.5	13	0	0	0	13	0	0	0.433		99.9668	42.168	0.412443	0	4.1258	0.157811	12.9616	1		0	12.0439	41.2865	0	0	0	
2024-06-24 18:45:32	1519	3172	5	0	0	2	9	0	0	0	9	0	0	5.75	9	0	0	0	9	0	0	3.247		99.967	41.3413	0.0645443	0	0.645656	0.02997	15.2129	1		0	12.0439	41.9363	0	0	0	
2024-06-24 18:46:06	1523	3173	9	0	0	2	9	0	0	0	9	0	0	4.5	9	0	0	0	9	0	0	2.165		99.9695	41.3861	0.0868893	0	0.869158	0.0104539	13.6527	1		0	12.0439	41.6764	0	0	0	
2024-06-24 18:54:56	1583	3174	1	0	0	7	29	0	0	0	29	0	0	3.5	29	0	0	0	29	0	0	3.031		99.9597	41.7099	0.0648094	0	0.648355	0.333116	14.2581	1		0	12.0439	40.117	0	0	0	
2024-06-24 18:44:14	1510	3175	1	0	0	1	5	0	0	0	5	0	0	3	5	0	0	0	5	0	0	1.732		99.9743	40.8847	0.103629	0	1.03656	0.0368999	13.0258	1		0	12.0439	42.586	0	0	0	
2024-06-24 18:42:18	1497	3176	9	0	0	0	1	0	0	0	1	0	0	7.25	1	0	0	0	1	0	0	6.278		99.9762	41.0378	0.0400747	0	0.400842	0.0149997	18.2596	2		0.0088623	12.0439	44.0154	0	0	0	
2024-06-24 18:51:59	1564	3177	5	0	0	5	21	0	0	0	21	0	0	1.5	21	0	0	0	21	0	0	3.031		99.9605	41.7789	0.0666962	0	0.667226	0.995576	14.6731	1		0	12.0439	40.3769	0	0	0	
2024-06-24 18:46:39	1527	3178	1	0	0	2	9	0	0	0	9	0	0	1.25	9	0	0	0	9	0	0	0.649		99.9696	41.4514	0.268533	0	2.68615	0.0306547	12.6582	1		0	12.0439	41.5464	0	0	0	
2024-06-24 19:03:04	1639	3179	1	0	0	1.5	7	0	0	0	7	0	0	0.25	7	0	0	0	7	0	0	1.082		99.96	41.2236	0.160459	0	1.60523	0.263187	12.6075	1		0	12.0439	40.117	0	0	0	
2024-06-24 18:43:02	1502	3180	5	0	0	0	1	0	0	0	1	0	0	2.5	1	0	0	0	1	0	0	2.165		99.9741	41.0409	0.0875978	0	0.876205	0.0616786	13.7634	1		0	12.0439	43.3657	0	0	0	
2024-06-24 19:02:11	1633	3181	1	0	0	6.25	26	0	0	0	26	0	0	1.5	26	0	0	0	26	0	0	4.113		99.9586	42.1733	0.0579538	0	0.579778	0.134282	17.3035	2		0	12.0439	40.117	0	0	0	
2024-06-24 19:04:11	1647	3182	9	0	0	7.25	30	0	0	0	30	0	0	6.5	30	0	0	0	30	0	0	0.649		99.9533	41.9422	0.30174	0	3.01881	0.0750537	14.2258	1		0	12.0439	40.117	0	0	0	
2024-06-24 18:47:48	1535	3183	9	0	0	3	13	0	0	0	13	0	0	7.75	13	0	0	0	13	0	0	4.113		99.9655	42.0731	0.0494621	0	0.494791	0.14867	14.7671	1		0	12.0439	41.1566	0	0	0	
2024-06-24 18:47:39	1534	3184	5	0	0	3	13	0	0	0	13	0	0	6.5	13	0	0	0	13	0	0	3.031		99.9621	42.0758	0.0675505	0	0.675761	0.182208	14.8608	1		0.0088623	12.0439	41.1566	0	0	0	
2024-06-24 18:44:05	1509	3185	5	0	0	1	5	0	0	0	5	0	0	7	5	0	0	0	5	0	0	5.195		99.9749	40.9581	0.0447946	0	0.448058	0.389991	16.8914	1		0.0088623	12.0439	42.7159	0	0	0	
2024-06-24 18:52:49	1569	3186	5	0	0	6	25	0	0	0	25	0	0	4.75	25	0	0	0	25	0	0	1.082		99.957	41.792	0.178604	0	1.78681	0.182674	14.0336	1		0	12.0439	40.117	0	0	0	
2024-06-24 18:57:37	1602	3187	1	0	0	7.75	32	0	0	0	32	0	0	0.25	32	0	0	0	32	0	0	6.494		99.9638	41.9245	0.0337181	0	0.337304	0.168289	15.8951	1		0	12.0439	40.117	0	0	0	
2024-06-24 18:52:07	1565	3188	1	0	0	5	21	0	0	0	21	0	0	3.25	21	0	0	0	21	0	0	1.515		99.9674	41.8725	0.118188	0	1.18226	0.105491	12.9997	1		0	12.0439	40.117	0	0	0	
2024-06-24 18:48:05	1537	3189	1	0	0	3	13	0	0	0	13	0	0	0	13	0	0	0	13	0	0	2.598		99.9677	42.0886	0.0748414	0	0.748656	0.362698	14.1118	1		0	12.0439	41.0267	0	0	0	
2024-06-24 18:57:54	1604	3190	9	0	0	3.5	15	0	0	0	15	0	0	4.25	15	0	0	0	15	0	0	0.649		99.9576	41.2576	0.296144	0	2.96269	0.0900685	13.9614	1		0	12.0439	39.9871	0	0	0	
2024-06-24 18:49:48	1549	3191	1	0	0	4	17	0	0	0	17	0	0	1.25	17	0	0	0	17	0	0	2.381		99.96	41.4513	0.0789499	0	0.789816	0.178547	13.647	1		0	12.0439	40.6368	0	0	0	
2024-06-24 18:56:39	1595	3192	5	0	0	7.75	32	0	0	0	32	0	0	5	32	0	0	0	32	0	0	2.381		99.9616	41.8262	0.079625	0	0.796556	0.0406226	13.7635	1		0	12.0439	39.9871	0	0	0	
2024-06-24 18:56:04	1591	3193	1	0	0	7.75	32	0	0	0	32	0	0	3.75	32	0	0	0	32	0	0	3.464		99.9556	41.9114	0.056154	0	0.561789	0.378671	14.1193	1		0	12.0439	40.117	0	0	0	
2024-06-24 19:05:37	1657	3194	1	0	0	1.25	6	0	0	6.5	6	0	0	3	6	0	0	4.75	6	0	0	0.908		99.954	20.4376	0.0859454	0	0.85985	0.750695	9.45454	1		0	12.0616	40.117	0	0	0	
2024-06-24 18:52:26	1567	3195	1	0	0	6	25	0	0	0	25	0	0	1	25	0	0	0	25	0	0	4.33		99.9603	41.8291	0.0566151	0	0.566376	0.209445	17.7932	2		0	12.0439	40.117	0	0	0	
2024-06-24 18:49:05	1544	3196	1	0	0	4	17	0	0	0	17	0	0	3.25	17	0	0	0	17	0	0	0.649		99.965	41.4826	0.297101	0	2.97205	0.100776	14.0055	1		0	12.0439	40.6368	0	0	0	
2024-06-24 18:42:44	1500	3197	1	0	0	0	1	0	0	0	1	0	0	0.75	1	0	0	0	1	0	0	0.649		99.978	41.1222	0.307405	0	3.07473	0.0887231	14.4893	1		0.0088623	12.0439	43.7555	0	0	0	
2024-06-24 19:05:09	1654	3198	1	0	0	3.5	15	0	0	4.25	15	0	0	3.75	15	0	0	4	15	0	0	0.13		99.958	19.6301	0.589265	0	5.89513	0.0711733	9.26004	1		0	12.0439	40.117	0	0	0	
2024-06-24 18:45:58	1522	3199	9	0	0	2	9	0	0	0	9	0	0	5	9	0	0	0	9	0	0	2.598		99.9756	41.3028	0.0751932	0	0.752116	0.0604756	14.1771	1		0	12.0439	41.6764	0	0	0	
2024-06-24 18:46:32	1526	3200	5	0	0	2	9	0	0	0	9	0	0	3.75	9	0	0	0	9	0	0	1.515		99.9658	41.3613	0.123664	0	1.23707	0.0990986	13.6023	1		0	12.0439	41.5464	0	0	0	
2024-06-24 18:55:30	1587	3201	1	0	0	7	29	0	0	0	29	0	0	2.75	29	0	0	0	29	0	0	3.68		99.9614	41.7134	0.0555469	0	0.555683	0.0990317	14.8387	1		0	12.0439	40.117	0	0	0	
2024-06-24 18:55:47	1589	3202	5	0	0	7	29	0	0	0	29	0	0	2.25	29	0	0	0	29	0	0	4.113		99.962	41.8195	0.0513539	0	0.513735	0.416143	15.3325	1		0	12.0439	40.117	0	0	0	
2024-06-24 18:42:37	1499	3203	9	0	0	0	1	0	0	0	1	0	0	7.75	1	0	0	0	1	0	0	6.711		99.9776	41.1105	0.0349498	0	0.349576	0.0827583	17.0225	1		0.0088623	12.0439	43.7555	0	0	0	
2024-06-24 18:42:01	1495	3204	1	0	0	0	1	0	0	0	1	0	0	6.5	1	0	0	0	1	0	0	5.628		99.9779	41.0796	0.0412766	0	0.412857	0.00233642	16.8614	1		0	12.0616	44.2753	0	0	0	
2024-06-24 18:51:22	1560	3205	1	0	0	5	21	0	0	0	21	0	0	0.75	21	0	0	0	21	0	0	3.68		99.963	41.7734	0.0597096	0	0.597316	0.30178	15.9505	1		0	12.0439	40.3769	0	0	0	
2024-06-24 18:50:48	1556	3206	9	0	0	5	21	0	0	0	21	0	0	7.25	21	0	0	0	21	0	0	1.948		99.9587	41.7795	0.111221	0	1.11267	0.123592	15.7299	1		0.0088623	12.0439	40.5069	0	0	0	
2024-06-24 19:04:03	1646	3207	9	0	0	5.75	24	0	0	0	24	0	0	4	24	0	0	0	24	0	0	1.515		99.9538	42.1475	0.122621	0	1.22678	0.0851498	13.4891	1		0	12.0439	40.117	0	0	0	
2024-06-24 19:00:41	1622	3208	9	0	0	4.5	19	0	0	0	19	0	0	5.25	19	0	0	0	19	0	0	0.649		99.9531	41.8759	0.301774	0	3.01915	0.0312242	14.2274	1		0	12.0439	39.9871	0	0	0	
2024-06-24 19:05:17	1655	3209	1	0	0	2.75	12	0	0	5	12	0	0	3.5	12	0	0	4.25	12	0	0	0.389		99.9543	20.4006	0.255794	0	2.55911	0.551143	12.0595	2		0	12.0439	40.117	0	0	0	
2024-06-24 18:46:39	1527	3210	5	0	0	2	9	0	0	0	9	0	0	0.5	9	0	0	0	9	0	0	1.299		99.9696	41.4514	0.133579	0	1.33619	0.128382	12.5933	1		0	12.0439	41.5464	0	0	0	
2024-06-24 18:59:27	1613	3211	9	0	0	0.5	3	0	0	0	3	0	0	7.25	3	0	0	0	3	0	0	5.845		99.9636	41.9525	0.055703	0	0.557232	0.00827543	23.6331	1		0.0088623	12.0439	40.117	0	0	0	
2024-06-24 18:49:22	1546	3212	9	0	0	4	17	0	0	0	17	0	0	7.25	17	0	0	0	17	0	0	2.814		99.97	41.4607	0.0756256	0	0.756484	0.0618164	15.4477	1		0	12.0439	40.6368	0	0	0	
2024-06-24 18:47:22	1532	3213	5	0	0	3	13	0	0	0	13	0	0	5.75	13	0	0	0	13	0	0	2.381		99.9661	42.1063	0.0790535	0	0.790803	0.0142017	13.6641	1		0	12.0439	41.1566	0	0	0	
2024-06-24 18:47:04	1530	3214	9	0	0	3	13	0	0	0	13	0	0	4.5	13	0	0	0	13	0	0	1.299		99.9668	42.168	0.139303	0	1.39349	0.0642987	13.1333	1		0	12.0439	41.2865	0	0	0	
2024-06-24 18:54:22	1579	3215	5	0	0	7	29	0	0	0	29	0	0	6.75	29	0	0	0	29	0	0	0.216		99.9541	41.7412	0.790925	0	7.91288	0.236113	12.4295	1		0	12.0439	40.117	0	0	0	
2024-06-24 18:44:23	1511	3216	9	0	0	1	5	0	0	0	5	0	0	7.5	5	0	0	0	5	0	0	5.628		99.9709	40.8313	0.0406663	0	0.406782	0.0976932	16.6133	2		0	12.0439	42.4561	0	0	0	
2024-06-24 18:43:49	1507	3217	9	0	0	1	5	0	0	0	5	0	0	6.25	5	0	0	0	5	0	0	4.546		99.9706	40.8813	0.0541451	0	0.54161	0.512737	17.866	1		0	12.0439	42.8459	0	0	0	
2024-06-24 18:53:07	1571	3218	9	0	0	6	25	0	0	0	25	0	0	5.25	25	0	0	0	25	0	0	0.649		99.9576	41.7718	0.302816	0	3.02945	0.121796	14.2759	1		0	12.0439	40.117	0	0	0	
2024-06-24 18:53:15	1572	3219	5	0	0	6	25	0	0	0	25	0	0	4	25	0	0	0	25	0	0	1.732		99.9593	41.7347	0.108697	0	1.08741	0.10686	13.6648	2		0	12.0439	40.117	0	0	0	
2024-06-24 18:51:39	1562	3220	5	0	0	5	21	0	0	0	21	0	0	2.5	21	0	0	0	21	0	0	2.165		99.9569	41.7352	0.0917685	0	0.91808	0.263001	14.4212	2		0	12.0439	40.3769	0	0	0	
2024-06-24 18:44:58	1515	3221	1	0	0	1	5	0	0	0	5	0	0	0.25	5	0	0	0	5	0	0	0.649		99.9751	41.0001	0.281933	0	2.82003	0.0190661	13.2891	1		0.0088623	12.0439	42.1962	0	0	0	
2024-06-24 18:50:05	1551	3222	5	0	0	4	17	0	0	0	17	0	0	0.5	17	0	0	0	17	0	0	3.031		99.9591	41.4069	0.0654757	0	0.655025	0.0450748	14.4048	1		0.0088623	12.0439	40.3769	0	0	0	
2024-06-24 18:57:30	1601	3223	5	0	0	7.75	32	0	0	0	32	0	0	3	32	0	0	0	32	0	0	4.113		99.9578	41.8333	0.0481767	0	0.48197	0.0925273	14.3845	1		0	12.0439	39.9871	0	0	0	
2024-06-24 18:52:49	1569	3224	1	0	0	6	25	0	0	0	25	0	0	0.25	25	0	0	0	25	0	0	4.979		99.957	41.792	0.046736	0	0.467561	0.29964	16.8922	1		0	12.0439	40.117	0	0	0	
2024-06-24 19:01:45	1630	3225	1	0	0	5.25	22	0	0	0	22	0	0	2.5	22	0	0	0	22	0	0	2.381		99.9588	42.1402	0.0897178	0	0.897548	0.751675	15.5085	1		0	12.0439	40.117	0	0	0	
2024-06-24 18:49:31	1547	3226	1	0	0	4	17	0	0	0	17	0	0	2.5	17	0	0	0	17	0	0	1.299		99.9673	41.4463	0.138103	0	1.38148	0.00278034	13.0201	1		0	12.0439	40.6368	0	0	0	
2024-06-24 18:46:22	1525	3227	5	0	0	2	9	0	0	0	9	0	0	3	9	0	0	0	9	0	0	0.866		99.9689	41.455	0.205417	0	2.05481	0.0371518	12.9108	1		0	12.0439	41.6764	0	0	0	
2024-06-24 18:55:22	1586	3228	1	0	0	7	29	0	0	0	29	0	0	1.5	29	0	0	0	29	0	0	4.762		99.9589	41.7272	0.0468254	0	0.468446	0.268596	16.1883	1		0	12.0439	40.117	0	0	0	
2024-06-24 18:41:27	1492	3229	9	0	0	0	1	0	0	0	1	0	0	5.75	1	0	0	0	1	0	0	4.979		99.9746	41.135	0.0451054	0	0.451168	0.186782	16.3	2		0.0088623	12.0616	44.7951	0	0	0	
2024-06-24 18:41:52	1494	3230	9	0	0	0	1	0	0	0	1	0	0	4.5	1	0	0	0	1	0	0	3.897		99.9808	41.093	0.0537124	0	0.537228	0.428505	15.1898	1		0	12.0439	44.5352	0	0	0	
2024-06-24 18:50:22	1553	3231	1	0	0	5	21	0	0	0	21	0	0	0	21	0	0	0	21	0	0	4.33		99.9655	41.8431	0.0498521	0	0.498694	0.106622	15.6669	1		0.0088623	12.0439	40.5069	0	0	0	
2024-06-24 18:57:30	1601	3232	1	0	0	7.75	32	0	0	0	32	0	0	2.25	32	0	0	0	32	0	0	4.762		99.9578	41.8333	0.0428899	0	0.42908	0.0826461	14.8279	1		0	12.0439	39.9871	0	0	0	
2024-06-24 18:50:48	1556	3233	5	0	0	5	21	0	0	0	21	0	0	7.75	21	0	0	0	21	0	0	2.381		99.9587	41.7795	0.0815589	0	0.815926	0.135081	14.0982	1		0.0088623	12.0439	40.5069	0	0	0	
2024-06-24 18:50:30	1554	3234	1	0	0	5	21	0	0	0	21	0	0	6.5	21	0	0	0	21	0	0	1.299		99.9644	41.8232	0.149423	0	1.49476	0.22779	14.0878	1		0	12.0439	40.5069	0	0	0	
2024-06-24 18:47:56	1536	3235	1	0	0	3	13	0	0	0	13	0	0	2	13	0	0	0	13	0	0	0.866		99.9681	42.1507	0.204831	0	2.04896	0.0029256	12.874	1		0	12.0439	41.1566	0	0	0	
2024-06-24 19:01:30	1628	3236	1	0	0	4.5	19	0	0	0	19	0	0	3.25	19	0	0	0	19	0	0	1.082		99.9581	41.8918	0.167427	0	1.67498	0.0177358	13.1552	1		0	12.0439	40.117	0	0	0	
2024-06-24 18:56:13	1592	3237	5	0	0	7.75	32	0	0	0	32	0	0	7	32	0	0	0	32	0	0	0.649		99.9556	41.8999	0.313832	0	3.13972	0.974403	14.7956	1		0	12.0439	40.117	0	0	0	
2024-06-24 19:03:54	1645	3238	9	0	0	5.5	23	0	0	0	23	0	0	4.25	23	0	0	0	23	0	0	1.082		99.951	41.5961	0.175377	0	1.75463	0.158177	13.7809	1		0	12.0439	40.117	0	0	0	
2024-06-24 19:02:30	1635	3239	1	0	0	6.75	28	0	0	0	28	0	0	1	28	0	0	0	28	0	0	4.979		99.9595	42.0079	0.0527725	0	0.527939	0.720432	19.0735	1		0.0088623	12.0439	40.117	0	0	0	
2024-06-24 19:00:48	1623	3240	9	0	0	4.25	18	0	0	0	18	0	0	5.5	18	0	0	0	18	0	0	1.082		99.958	42.0712	0.17759	0	1.77664	0.181416	13.9537	1		0	12.0439	40.117	0	0	0	
2024-06-24 18:49:39	1548	3241	5	0	0	4	17	0	0	0	17	0	0	7.75	17	0	0	0	17	0	0	3.247		99.9672	41.5217	0.0609513	0	0.609713	0.161304	14.366	1		0	12.0439	40.6368	0	0	0	
2024-06-24 18:49:22	1546	3242	5	0	0	4	17	0	0	0	17	0	0	6.5	17	0	0	0	17	0	0	2.165		99.97	41.4607	0.0893008	0	0.893276	0.100971	14.0316	1		0	12.0439	40.6368	0	0	0	
2024-06-24 18:47:56	1536	3243	5	0	0	3	13	0	0	0	13	0	0	5	13	0	0	0	13	0	0	1.732		99.9681	42.1507	0.10495	0	1.04984	0.138134	13.1927	1		0	12.0439	41.1566	0	0	0	
2024-06-24 18:46:55	1529	3244	1	0	0	3	13	0	0	0	13	0	0	3.75	13	0	0	0	13	0	0	0.649		99.9667	42.2269	0.288234	0	2.8833	0.274566	13.5872	1		0	12.0439	41.4165	0	0	0	
2024-06-24 18:45:58	1522	3245	5	0	0	2	9	0	0	0	9	0	0	7	9	0	0	0	9	0	0	4.33		99.9756	41.3028	0.0494534	0	0.494655	0.166989	15.54	1		0	12.0439	41.6764	0	0	0	
2024-06-24 18:54:31	1580	3246	9	0	0	7	29	0	0	0	29	0	0	6	29	0	0	0	29	0	0	0.866		99.9595	41.7333	0.229884	0	2.29977	0.675213	14.4499	1		0	12.0439	40.117	0	0	0	
2024-06-24 18:55:06	1584	3247	9	0	0	7	29	0	0	0	29	0	0	4.75	29	0	0	0	29	0	0	1.948		99.9558	41.6958	0.0989102	0	0.989539	0.156183	13.9893	1		0	12.0439	40.117	0	0	0	
2024-06-24 18:44:14	1510	3248	9	0	0	1	5	0	0	0	5	0	0	5.5	5	0	0	0	5	0	0	3.897		99.9743	40.8847	0.0626574	0	0.626735	0.350817	17.7205	1		0	12.0439	42.586	0	0	0	
2024-06-24 18:43:49	1507	3249	5	0	0	1	5	0	0	0	5	0	0	4.25	5	0	0	0	5	0	0	2.814		99.9706	40.8813	0.0722009	0	0.722222	0.0178754	14.748	1		0	12.0439	42.8459	0	0	0	
2024-06-24 18:53:47	1575	3250	1	0	0	6	25	0	0	0	25	0	0	3.25	25	0	0	0	25	0	0	2.381		99.9586	41.7192	0.0815163	0	0.815501	0.174528	14.0908	1		0	12.0439	40.117	0	0	0	
2024-06-24 19:00:01	1617	3251	1	0	0	0.25	2	0	0	0	2	0	0	1.5	2	0	0	0	2	0	0	1.082		99.9568	41.5513	0.160061	0	1.6013	0.315972	12.5766	1		0	12.0439	39.9871	0	0	0	
2024-06-24 18:55:38	1588	3252	1	0	0	7	29	0	0	0	29	0	0	0.75	29	0	0	0	29	0	0	5.412		99.9616	41.7917	0.0436267	0	0.436435	0.361128	17.1388	1		0	12.0439	40.117	0	0	0	
2024-06-24 18:42:01	1495	3253	5	0	0	0	1	0	0	0	1	0	0	5	1	0	0	0	1	0	0	4.33		99.9779	41.0796	0.0496822	0	0.496933	0.136466	15.6116	1		0	12.0616	44.2753	0	0	0	
2024-06-24 18:43:02	1502	3254	1	0	0	0	1	0	0	0	1	0	0	3.75	1	0	0	0	1	0	0	3.247		99.9741	41.0409	0.0617896	0	0.618056	0.00365971	14.5626	1		0	12.0439	43.3657	0	0	0	
2024-06-24 19:04:19	1648	3255	9	0	0	7.5	31	0	0	0	31	0	0	6.25	31	0	0	0	31	0	0	1.082		99.9604	41.9016	0.175885	0	1.75954	0.0976698	13.8194	1		0	12.0439	40.117	0	0	0	
2024-06-24 19:01:12	1626	3256	9	0	0	6.25	26	0	0	0	26	0	0	7.5	26	0	0	0	26	0	0	1.082		99.9601	42.3217	0.177271	0	1.77342	0.175759	13.9284	1		0	12.0439	40.117	0	0	0	
2024-06-24 18:52:58	1570	3257	9	0	0	6	25	0	0	0	25	0	0	7.25	25	0	0	0	25	0	0	1.082		99.9606	41.7817	0.205148	0	2.05229	0.743601	16.1186	1		0	12.0439	40.117	0	0	0	
2024-06-24 18:57:12	1599	3258	1	0	0	7.75	32	0	0	0	32	0	0	1.5	32	0	0	0	32	0	0	5.412		99.9609	41.9742	0.0390941	0	0.391094	0.149214	15.3582	1		0	12.0439	40.117	0	0	0	
2024-06-24 18:50:39	1555	3259	5	0	0	5	21	0	0	0	21	0	0	5.75	21	0	0	0	21	0	0	0.649		99.9602	41.8117	0.302812	0	3.02933	0.123902	14.2754	1		0	12.0439	40.5069	0	0	0	
2024-06-24 18:50:56	1557	3260	5	0	0	5	21	0	0	0	21	0	0	4.5	21	0	0	0	21	0	0	0.433		99.9662	41.9015	0.434008	0	4.34154	0.238588	13.6394	1		0.0088623	12.0439	40.5069	0	0	0	
2024-06-24 18:48:12	1538	3261	1	0	0	3	13	0	0	0	13	0	0	1.25	13	0	0	0	13	0	0	1.515		99.9685	42.1761	0.115865	0	1.15901	0.0079372	12.744	1		0	12.0439	41.0267	0	0	0	
2024-06-24 18:43:49	1507	3262	1	0	0	1	5	0	0	0	5	0	0	2.25	5	0	0	0	5	0	0	1.082		99.9706	40.8813	0.159327	0	1.59374	0.0155837	12.5172	1		0	12.0439	42.8459	0	0	0	
2024-06-24 18:59:52	1616	3263	1	0	0	0.5	3	0	0	0	3	0	0	1.25	3	0	0	0	3	0	0	0.649		99.9576	41.8966	0.281979	0	2.82099	0.25229	13.2936	1		0	12.0439	40.117	0	0	0	
2024-06-24 18:58:18	1607	3264	9	0	0	2.5	11	0	0	0	11	0	0	5.25	11	0	0	0	11	0	0	2.381		99.958	41.6858	0.0924443	0	0.924832	1.37204	15.98	4		0	12.0439	39.9871	0	0	0	
2024-06-24 18:56:55	1597	3265	5	0	0	7.75	32	0	0	0	32	0	0	7.5	32	0	0	0	32	0	0	0.216		99.9596	41.9463	0.845523	0	8.45865	0.198566	13.2868	1		0	12.0439	39.9871	0	0	0	
2024-06-24 18:56:31	1594	3266	5	0	0	7.75	32	0	0	0	32	0	0	6.25	32	0	0	0	32	0	0	1.299		99.9564	41.8372	0.150022	0	1.50087	0.0712822	14.1454	1		0	12.0439	39.9871	0	0	0	
2024-06-24 19:01:21	1627	3267	1	0	0	4.25	18	0	0	0	18	0	0	3.5	18	0	0	0	18	0	0	0.649		99.959	42.0828	0.296036	0	2.96157	0.0301752	13.9561	1		0	12.0439	40.117	0	0	0	
2024-06-24 18:53:35	1574	3268	1	0	0	6	25	0	0	0	25	0	0	2.25	25	0	0	0	25	0	0	3.247		99.9596	41.7322	0.063682	0	0.637077	0.0449616	15.0108	2		0	12.0439	40.117	0	0	0	
2024-06-24 19:03:45	1644	3269	9	0	0	5.25	22	0	0	0	22	0	0	4.5	22	0	0	0	22	0	0	0.649		99.962	42.1013	0.299873	0	2.99987	0.0511241	14.1366	1		0.0088623	12.0439	40.117	0	0	0	
2024-06-24 18:48:56	1543	3270	5	0	0	4	17	0	0	0	17	0	0	5.75	17	0	0	0	17	0	0	1.515		99.9673	41.4948	0.124194	0	1.24235	0.0147966	13.6603	1		0	12.0439	40.7668	0	0	0	
2024-06-24 18:48:47	1542	3271	9	0	0	4	17	0	0	0	17	0	0	4.5	17	0	0	0	17	0	0	0.433		99.9639	41.5223	0.47351	0	4.73681	0.12387	14.8811	1		0	12.0439	40.7668	0	0	0	
2024-06-24 18:42:09	1496	3272	1	0	0	0	1	0	0	0	1	0	0	2	1	0	0	0	1	0	0	1.732		99.9773	41.0704	0.140575	0	1.40607	0.164241	17.6692	1		0.0088623	12.0439	44.1454	0	0	0	
2024-06-24 18:45:50	1521	3273	5	0	0	2	9	0	0	0	9	0	0	7.5	9	0	0	0	9	0	0	4.762		99.9697	41.298	0.0452961	0	0.453098	0.021274	15.6579	1		0	12.0439	41.8063	0	0	0	
2024-06-24 18:45:41	1520	3274	5	0	0	2	9	0	0	0	9	0	0	6.25	9	0	0	0	9	0	0	3.68		99.9711	41.3202	0.0581415	0	0.581583	0.042429	15.5303	1		0	12.0439	41.8063	0	0	0	
2024-06-24 18:54:40	1581	3275	9	0	0	7	29	0	0	0	29	0	0	5.25	29	0	0	0	29	0	0	1.515		99.9597	41.7068	0.125527	0	1.25577	0.144174	13.808	1		0	12.0439	40.117	0	0	0	
2024-06-24 18:54:48	1582	3276	5	0	0	7	29	0	0	0	29	0	0	4	29	0	0	0	29	0	0	2.598		99.9596	41.7183	0.075138	0	0.751683	0.141223	14.1689	1		0.0088623	12.0439	40.117	0	0	0	
2024-06-24 18:43:58	1508	3277	1	0	0	1	5	0	0	0	5	0	0	3.5	5	0	0	0	5	0	0	2.165		99.9742	40.8776	0.0837885	0	0.838102	0.066694	13.1649	1		0.0088623	12.0439	42.7159	0	0	0	
2024-06-24 18:53:35	1574	3278	5	0	0	6	25	0	0	0	25	0	0	2.5	25	0	0	0	25	0	0	3.031		99.9596	41.7322	0.0736664	0	0.736961	0.406593	16.2066	2		0	12.0439	40.117	0	0	0	
2024-06-24 19:03:37	1643	3279	1	0	0	3.75	16	0	0	0	16	0	0	2	16	0	0	0	16	0	0	1.515		99.9609	41.845	0.123651	0	1.23699	0.1314	13.6014	1		0	12.0439	40.117	0	0	0	
2024-06-24 18:51:59	1564	3280	1	0	0	5	21	0	0	0	21	0	0	2	21	0	0	0	21	0	0	2.598		99.9605	41.7789	0.0753687	0	0.753985	0.349796	14.2123	1		0	12.0439	40.3769	0	0	0	
2024-06-24 18:45:32	1519	3281	1	0	0	2	9	0	0	0	9	0	0	1.75	9	0	0	0	9	0	0	0.216		99.967	41.3413	0.719031	0	7.19268	0.0232379	11.2982	1		0	12.0439	41.9363	0	0	0	
2024-06-24 18:54:48	1582	3282	1	0	0	7	29	0	0	0	29	0	0	0	29	0	0	0	29	0	0	6.061		99.9596	41.7183	0.039382	0	0.393979	0.298662	17.3281	1		0.0088623	12.0439	40.117	0	0	0	
2024-06-24 18:43:12	1503	3283	5	0	0	0	1	0	0	0	1	0	0	3	1	0	0	0	1	0	0	2.598		99.9772	41.0331	0.0751775	0	0.751947	0.0310631	14.1739	1		0	12.0439	43.2357	0	0	0	
2024-06-24 18:47:30	1533	3284	9	0	0	3	13	0	0	0	13	0	0	7	13	0	0	0	13	0	0	3.464		99.9647	42.0939	0.0587396	0	0.587603	0.252367	14.7681	1		0	12.0439	41.1566	0	0	0	
2024-06-24 18:52:37	1568	3285	9	0	0	6	25	0	0	0	25	0	0	7.75	25	0	0	0	25	0	0	1.515		99.958	41.7815	0.130367	0	1.30422	0.0529064	14.3406	2		0	12.0439	40.117	0	0	0	
2024-06-24 18:52:58	1570	3286	5	0	0	6	25	0	0	0	25	0	0	6.5	25	0	0	0	25	0	0	0.433		99.9606	41.7817	0.474322	0	4.74509	0.162909	14.9071	1		0	12.0439	40.117	0	0	0	
2024-06-24 18:57:22	1600	3287	1	0	0	7.75	32	0	0	0	32	0	0	0.75	32	0	0	0	32	0	0	6.061		99.9582	41.8582	0.0366811	0	0.366964	0.217717	16.1399	1		0	12.0439	39.9871	0	0	0	
2024-06-24 18:51:50	1563	3288	5	0	0	5	21	0	0	0	21	0	0	3.75	21	0	0	0	21	0	0	1.082		99.9629	41.8529	0.171707	0	1.71771	0.0620795	13.4908	1		0	12.0439	40.3769	0	0	0	
2024-06-24 18:48:22	1539	3289	1	0	0	3	13	0	0	0	13	0	0	0.5	13	0	0	0	13	0	0	2.165		99.9649	42.064	0.0854096	0	0.854396	0.058923	13.4208	1		0	12.0439	40.6368	0	0	0	
2024-06-24 18:44:05	1509	3290	1	0	0	1	5	0	0	0	5	0	0	1.5	5	0	0	0	5	0	0	0.433		99.9749	40.9581	0.423812	0	4.23919	0.0515855	13.3178	1		0.0088623	12.0439	42.7159	0	0	0	
2024-06-24 19:05:28	1656	3291	1	0	0	2	9	0	0	5.75	9	0	0	3.25	9	0	0	4.5	9	0	0	0.649		99.9621	20.2982	0.138448	0	1.38501	0.282651	10.8778	1		0.0088623	11.9552	40.117	0	0	0	
2024-06-24 18:48:39	1541	3292	1	0	0	4	17	0	0	0	17	0	0	1.75	17	0	0	0	17	0	0	1.948		99.9642	41.5459	0.0932633	0	0.932967	0.108569	13.1895	1		0	12.0439	40.8967	0	0	0	
2024-06-24 19:00:16	1619	3293	1	0	0	2.5	11	0	0	0	11	0	0	3.25	11	0	0	0	11	0	0	0.649		99.9573	41.8137	0.275428	0	2.75546	0.010289	12.9848	1		0	12.0439	39.8571	0	0	0	
2024-06-24 18:57:03	1598	3294	5	0	0	7.75	32	0	0	0	32	0	0	5.5	32	0	0	0	32	0	0	1.948		99.9615	41.9691	0.098735	0	0.98773	0.0531564	13.9637	1		0	12.0439	40.117	0	0	0	
2024-06-24 18:56:04	1591	3295	9	0	0	7.75	32	0	0	0	32	0	0	4.25	32	0	0	0	32	0	0	3.031		99.9556	41.9114	0.0640267	0	0.640551	0.375831	14.0864	1		0	12.0439	40.117	0	0	0	
2024-06-24 18:52:37	1568	3296	1	0	0	6	25	0	0	0	25	0	0	1.5	25	0	0	0	25	0	0	3.897		99.958	41.7815	0.0590994	0	0.591242	0.119463	16.717	2		0	12.0439	40.117	0	0	0	
2024-06-24 18:48:39	1541	3297	5	0	0	4	17	0	0	0	17	0	0	5	17	0	0	0	17	0	0	0.866		99.9642	41.5459	0.223974	0	2.24054	0.151721	14.0777	1		0	12.0439	40.8967	0	0	0	
2024-06-24 18:48:47	1542	3298	1	0	0	4	17	0	0	0	17	0	0	3.75	17	0	0	0	17	0	0	0.216		99.9639	41.5223	0.832256	0	8.32557	0.105692	13.0778	1		0	12.0439	40.7668	0	0	0	
2024-06-24 18:42:18	1497	3299	1	0	0	0	1	0	0	0	1	0	0	1.25	1	0	0	0	1	0	0	1.082		99.9762	41.0378	0.160687	0	1.60726	0.0372951	12.6234	2		0.0088623	12.0439	44.0154	0	0	0	
2024-06-24 18:45:15	1517	3300	5	0	0	2	9	0	0	0	9	0	0	5.5	9	0	0	0	9	0	0	3.031		99.9688	41.3833	0.110116	0	1.10151	0.869801	24.2234	1		0	12.0439	42.0662	0	0	0	
2024-06-24 18:46:14	1524	3301	9	0	0	2	9	0	0	0	9	0	0	4.25	9	0	0	0	9	0	0	1.948		99.9712	41.4296	0.0955364	0	0.95564	0.00840878	13.51	1		0	12.0439	41.6764	0	0	0	
2024-06-24 18:55:30	1587	3302	5	0	0	7	29	0	0	0	29	0	0	3.25	29	0	0	0	29	0	0	3.247		99.9614	41.7134	0.0614075	0	0.614312	0.113538	14.4744	1		0	12.0439	40.117	0	0	0	
2024-06-24 18:43:28	1505	3303	1	0	0	1	5	0	0	0	5	0	0	2.75	5	0	0	0	5	0	0	1.515		99.975	40.9454	0.115125	0	1.15154	0.196775	12.6619	1		0	12.0439	43.1058	0	0	0	
2024-06-24 18:42:29	1498	3304	5	0	0	0	1	0	0	0	1	0	0	7	1	0	0	0	1	0	0	6.061		99.9788	41.0955	0.0388785	0	0.388868	0.159788	17.1033	1		0	12.0439	43.8855	0	0	0	
2024-06-24 18:51:14	1559	3305	1	0	0	5	21	0	0	0	21	0	0	1.25	21	0	0	0	21	0	0	3.247		99.9608	41.7913	0.0676767	0	0.677033	0.577749	15.9522	1		0	12.0439	40.3769	0	0	0	
2024-06-24 18:45:50	1521	3306	1	0	0	2	9	0	0	0	9	0	0	1	9	0	0	0	9	0	0	0.866		99.9697	41.298	0.198854	0	1.98914	0.178214	12.4981	1		0	12.0439	41.8063	0	0	0	
2024-06-24 18:47:48	1535	3307	5	0	0	3	13	0	0	0	13	0	0	7.5	13	0	0	0	13	0	0	3.897		99.9655	42.0731	0.0524946	0	0.525127	0.102571	14.8476	1		0	12.0439	41.1566	0	0	0	
2024-06-24 18:47:13	1531	3308	5	0	0	3	13	0	0	0	13	0	0	6.25	13	0	0	0	13	0	0	2.814		99.9675	42.1254	0.0727584	0	0.727821	0.151084	14.8624	1		0	12.0439	41.1566	0	0	0	
2024-06-24 18:54:31	1580	3309	5	0	0	7	29	0	0	0	29	0	0	7.25	29	0	0	0	29	0	0	0.216		99.9595	41.7333	0.736615	0	7.36913	0.778469	11.5754	1		0	12.0439	40.117	0	0	0	
2024-06-24 18:44:23	1511	3310	5	0	0	1	5	0	0	0	5	0	0	6.75	5	0	0	0	5	0	0	4.979		99.9709	40.8313	0.0509791	0	0.50994	0.0746072	18.4233	2		0	12.0439	42.4561	0	0	0	
2024-06-24 18:52:26	1567	3311	9	0	0	6	25	0	0	0	25	0	0	5.75	25	0	0	0	25	0	0	0.216		99.9603	41.8291	0.796718	0	7.97035	0.051185	12.5198	2		0	12.0439	40.117	0	0	0	
2024-06-24 18:53:07	1571	3312	5	0	0	6	25	0	0	0	25	0	0	4.5	25	0	0	0	25	0	0	1.299		99.9576	41.7718	0.147461	0	1.47523	0.05677	13.9037	1		0	12.0439	40.117	0	0	0	
2024-06-24 18:57:37	1602	3313	5	0	0	7.75	32	0	0	0	32	0	0	0	32	0	0	0	32	0	0	6.711		99.9638	41.9245	0.0340213	0	0.340336	0.300145	16.5726	1		0	12.0439	40.117	0	0	0	
2024-06-24 18:51:31	1561	3314	5	0	0	5	21	0	0	0	21	0	0	3	21	0	0	0	21	0	0	1.732		99.9595	41.7762	0.104609	0	1.04651	0.153354	13.1509	1		0	12.0439	40.3769	0	0	0	
2024-06-24 18:44:41	1513	3315	1	0	0	1	5	0	0	0	5	0	0	0.75	5	0	0	0	5	0	0	0.216		99.9724	40.9225	0.745747	0	7.45953	0.121889	11.7174	1		0	12.0439	42.3261	0	0	0	
2024-06-24 19:02:02	1632	3316	1	0	0	5.75	24	0	0	0	24	0	0	2	24	0	0	0	24	0	0	3.247		99.9647	42.48	0.0656492	0	0.656724	0.262183	15.4737	1		0	12.0439	40.117	0	0	0	
2024-06-24 18:48:56	1543	3317	1	0	0	4	17	0	0	0	17	0	0	1	17	0	0	0	17	0	0	2.598		99.9673	41.4948	0.0724096	0	0.724333	0.101183	13.6534	1		0	12.0439	40.7668	0	0	0	
2024-06-24 18:56:13	1592	3318	1	0	0	7.75	32	0	0	0	32	0	0	3.5	32	0	0	0	32	0	0	3.68		99.9556	41.8999	0.0526835	0	0.527069	0.303225	14.0746	1		0	12.0439	40.117	0	0	0	
2024-06-24 18:52:58	1570	3319	1	0	0	6	25	0	0	0	25	0	0	0.75	25	0	0	0	25	0	0	4.546		99.9606	41.7817	0.0532093	0	0.532303	0.307318	17.5589	1		0	12.0439	40.117	0	0	0	
2024-06-24 18:49:56	1550	3320	1	0	0	4	17	0	0	0	17	0	0	3	17	0	0	0	17	0	0	0.866		99.9612	41.4347	0.212135	0	2.12218	0.073077	13.334	1		0	12.0439	40.6368	0	0	0	
2024-06-24 18:42:37	1499	3321	1	0	0	0	1	0	0	0	1	0	0	0.5	1	0	0	0	1	0	0	0.433		99.9776	41.1105	0.4125	0	4.12592	0.0415863	12.962	1		0.0088623	12.0439	43.7555	0	0	0	
2024-06-24 19:04:36	1650	3322	1	0	0	3.5	15	0	0	4.25	15	0	0	2.75	15	0	0	5	15	0	0	0.389		99.9511	19.6325	0.261848	0	2.61976	0.112737	12.3453	1		0	12.0439	40.117	0	0	0	
2024-06-24 18:46:32	1526	3323	1	0	0	2	9	0	0	0	9	0	0	3.5	9	0	0	0	9	0	0	1.299		99.9658	41.3613	0.140274	0	1.40322	0.0437493	13.225	1		0	12.0439	41.5464	0	0	0	
2024-06-24 18:55:47	1589	3324	1	0	0	7	29	0	0	0	29	0	0	2.5	29	0	0	0	29	0	0	3.897		99.962	41.8195	0.0554479	0	0.55469	0.894888	15.6835	1		0	12.0439	40.117	0	0	0	
2024-06-24 18:55:56	1590	3325	1	0	0	7	29	0	0	0	29	0	0	2	29	0	0	0	29	0	0	4.33		99.9579	41.834	0.0496789	0	0.496998	0.142507	15.6136	1		0	12.0439	40.117	0	0	0	
2024-06-24 18:41:27	1492	3326	5	0	0	0	1	0	0	0	1	0	0	7.5	1	0	0	0	1	0	0	6.494		99.9746	41.135	0.0359655	0	0.359746	0.139884	16.9526	2		0.0088623	12.0616	44.7951	0	0	0	
2024-06-24 18:42:09	1496	3327	9	0	0	0	1	0	0	0	1	0	0	6.25	1	0	0	0	1	0	0	5.412		99.9773	41.0704	0.0430778	0	0.430876	0.118375	16.9204	1		0.0088623	12.0439	44.1454	0	0	0	
2024-06-24 18:51:31	1561	3328	1	0	0	5	21	0	0	0	21	0	0	0.5	21	0	0	0	21	0	0	3.897		99.9595	41.7762	0.0584364	0	0.584601	0.729413	16.5292	1		0	12.0439	40.3769	0	0	0	
2024-06-24 19:02:56	1638	3329	1	0	0	1.25	6	0	0	0	6	0	0	0.5	6	0	0	0	6	0	0	0.649		99.9566	41.7613	0.284394	0	2.84517	0.149029	13.4076	1		0	12.0439	40.117	0	0	0	
2024-06-24 18:50:30	1554	3330	5	0	0	5	21	0	0	0	21	0	0	7	21	0	0	0	21	0	0	1.732		99.9644	41.8232	0.110868	0	1.10908	0.221694	13.9371	1		0	12.0439	40.5069	0	0	0	
2024-06-24 18:46:06	1523	3331	1	0	0	2	9	0	0	0	9	0	0	0.25	9	0	0	0	9	0	0	1.515		99.9695	41.3861	0.12258	0	1.22617	0.0742061	13.4824	1		0	12.0439	41.6764	0	0	0	
2024-06-24 18:49:31	1547	3332	9	0	0	4	17	0	0	0	17	0	0	7	17	0	0	0	17	0	0	2.598		99.9673	41.4463	0.075583	0	0.756077	0.208219	14.2517	1		0	12.0439	40.6368	0	0	0	
2024-06-24 18:47:04	1530	3333	5	0	0	3	13	0	0	0	13	0	0	5.5	13	0	0	0	13	0	0	2.165		99.9668	42.168	0.0908454	0	0.908756	0.0898506	14.2747	1		0	12.0439	41.2865	0	0	0	
2024-06-24 18:47:22	1532	3334	9	0	0	3	13	0	0	0	13	0	0	4.25	13	0	0	0	13	0	0	1.082		99.9661	42.1063	0.167392	0	1.67449	0.116311	13.1514	1		0	12.0439	41.1566	0	0	0	
2024-06-24 18:54:13	1578	3335	5	0	0	7	29	0	0	0	29	0	0	7.75	29	0	0	0	29	0	0	0.649		99.9599	41.758	0.318538	0	3.18666	0.451446	15.0168	1		0	12.0439	40.117	0	0	0	
2024-06-24 18:54:13	1578	3336	9	0	0	7	29	0	0	0	29	0	0	6.5	29	0	0	0	29	0	0	0.433		99.9599	41.758	0.455094	0	4.55276	0.5114	14.3029	1		0	12.0439	40.117	0	0	0	
2024-06-24 18:44:34	1512	3337	9	0	0	1	5	0	0	0	5	0	0	6	5	0	0	0	5	0	0	4.33		99.9686	40.8189	0.0537359	0	0.537528	0.00484126	16.8869	1		0.0088623	12.0439	42.4561	0	0	0	
2024-06-24 18:44:34	1512	3338	5	0	0	1	5	0	0	0	5	0	0	4.75	5	0	0	0	5	0	0	3.247		99.9686	40.8189	0.0683187	0	0.683401	0.0523353	16.1023	1		0.0088623	12.0439	42.4561	0	0	0	
2024-06-24 19:00:31	1621	3339	9	0	0	4.75	20	0	0	0	20	0	0	5	20	0	0	0	20	0	0	0.216		99.9579	41.9389	0.758943	0	7.59262	0.252147	11.9265	1		0	12.0439	39.9871	0	0	0	
2024-06-24 18:52:26	1567	3340	5	0	0	6	25	0	0	0	25	0	0	5	25	0	0	0	25	0	0	0.866		99.9603	41.8291	0.222628	0	2.22716	0.0350211	13.9937	2		0	12.0439	40.117	0	0	0	
2024-06-24 18:53:47	1575	3341	5	0	0	6	25	0	0	0	25	0	0	3.75	25	0	0	0	25	0	0	1.948		99.9586	41.7192	0.0982759	0	0.983166	0.150698	13.8992	1		0	12.0439	40.117	0	0	0	
2024-06-24 18:43:36	1506	3342	1	0	0	1	5	0	0	0	5	0	0	0	5	0	0	0	5	0	0	0.866		99.9657	40.8717	0.204766	0	2.04836	0.0284226	12.8702	2		0.0088623	12.0439	42.9758	0	0	0	
2024-06-24 18:59:19	1612	3343	9	0	0	0.75	4	0	0	0	4	0	0	7	4	0	0	0	4	0	0	5.412		99.9579	41.8118	0.0424004	0	0.424183	0.00922275	16.6576	1		0	12.0439	39.8571	0	0	0	
2024-06-24 18:49:14	1545	3344	1	0	0	4	17	0	0	0	17	0	0	0.25	17	0	0	0	17	0	0	3.247		99.9668	41.4696	0.059748	0	0.597678	0.188626	14.0825	1		0.0088623	12.0439	40.7668	0	0	0	
2024-06-24 18:56:31	1594	3345	1	0	0	7.75	32	0	0	0	32	0	0	2.75	32	0	0	0	32	0	0	4.33		99.9564	41.8372	0.0469035	0	0.469239	0.153922	14.7416	1		0	12.0439	39.9871	0	0	0	
2024-06-24 18:53:56	1576	3346	1	0	0	6	25	0	0	0	25	0	0	0	25	0	0	0	25	0	0	5.195		99.9541	41.7055	0.0514125	0	0.514361	0.464304	19.391	1		0	12.0439	40.117	0	0	0	
2024-06-24 18:45:23	1518	3347	1	0	0	2	9	0	0	0	9	0	0	2.75	9	0	0	0	9	0	0	0.649		99.9652	41.3469	0.287407	0	2.87507	0.142191	13.5485	1		0	12.0439	41.9363	0	0	0	
2024-06-24 18:55:38	1588	3348	5	0	0	7	29	0	0	0	29	0	0	1.25	29	0	0	0	29	0	0	4.979		99.9616	41.7917	0.0471229	0	0.47141	0.433799	17.0312	1		0	12.0439	40.117	0	0	0	
2024-06-24 18:41:43	1493	3349	1	0	0	0	1	0	0	0	1	0	0	5.5	1	0	0	0	1	0	0	4.762		99.9795	41.0984	0.0587871	0	0.587991	0.0426086	20.3195	1		0	12.0439	44.7951	0	0	0	
2024-06-24 18:42:29	1498	3350	9	0	0	0	1	0	0	0	1	0	0	4.25	1	0	0	0	1	0	0	3.68		99.9788	41.0955	0.0556879	0	0.556997	0.0237692	14.8738	1		0	12.0439	43.8855	0	0	0	
