Time	MeasID	DPID	Channel	A(x)	A(y)	A(z)	A(adr)	B(x)	B(y)	B(z)	B(adr)	M(x)	M(y)	M(z)	M(adr)	N(x)	N(y)	N(z)	N(adr)	F(x)	F(y)	F(z)	Note	I(mA)	Uout(V)	U(V)	SP(V)	R(Ohm)	Var(%)	Rho-a(Ohm-m)	Cycles	IP Delay Window(mV/V)	Pint(V)	Pext(V)	T int(deg C)	T log(deg C)	Latitude	Longitude
2024-06-12 00:34:02	106	1	1	0	0	7.75	32	0	0	0	32	0	0	2	32	0	0	0	32	0	0	4.979		99.9135	50.4233	0.0423663	0	0.42403	0.190071	15.3195	1		0	12.0616	35.9588	0	0	0	
2024-06-12 00:28:51	66	2	9	0	0	5	21	0	0	0	21	0	0	7.5	21	0	0	0	21	0	0	2.165		99.9194	50.8503	0.102947	0	1.0303	0.252263	16.184	1		0	11.973	36.6085	0	0	0	
2024-06-12 00:28:14	62	3	9	0	0	5	21	0	0	0	21	0	0	6.25	21	0	0	0	21	0	0	1.082		99.9152	50.8371	0.265112	0	2.65337	0.128411	20.8395	2		0	12.0705	36.7384	0	0	0	
2024-06-12 00:25:51	43	4	1	0	0	3	13	0	0	0	13	0	0	1.75	13	0	0	0	13	0	0	1.082		99.9209	50.4777	0.200419	0	2.00578	0.012153	15.7533	2		0	12.0705	37.2582	0	0	0	
2024-06-12 00:33:13	99	5	5	0	0	7.75	32	0	0	0	32	0	0	6.75	32	0	0	0	32	0	0	0.866		99.9151	50.3822	0.281464	0	2.81703	0.406953	17.6999	1		0	12.0616	36.2187	0	0	0	
2024-06-12 00:39:44	147	6	1	0	0	3.25	14	0	0	0	14	0	0	2.5	14	0	0	0	14	0	0	0.649		99.9151	49.792	0.364081	0	3.6439	0.397569	17.1715	2		0	11.9641	35.9588	0	0	0	
2024-06-12 00:27:01	52	7	9	0	0	4	17	0	0	0	17	0	0	7.5	17	0	0	0	17	0	0	3.031		99.9168	49.8826	0.063938	0	0.639912	0.00681623	14.0724	1		0	12.0705	36.9983	0	0	0	
2024-06-12 00:27:22	55	8	9	0	0	4	17	0	0	0	17	0	0	6.25	17	0	0	0	17	0	0	1.948		99.9144	49.9265	0.10039	0	1.00476	0.181402	14.2045	1		0	12.0705	36.9983	0	0	0	
2024-06-12 00:25:30	40	9	1	0	0	3	13	0	0	0	13	0	0	3.5	13	0	0	0	13	0	0	0.433		99.9216	50.595	0.581776	0	5.82233	0.64539	18.2914	1		0	11.973	37.5181	0	0	0	
2024-06-12 00:23:34	25	10	5	0	0	2	9	0	0	0	9	0	0	6.75	9	0	0	0	9	0	0	4.113		99.9227	49.9857	0.0506017	0	0.506409	0.174611	15.1138	2		0	12.0616	38.2978	0	0	0	
2024-06-12 00:32:05	90	11	9	0	0	7	29	0	0	0	29	0	0	5.75	29	0	0	0	29	0	0	1.082		99.9114	50.0094	0.240179	0	2.40393	0.321512	18.8804	1		0	12.0616	36.2187	0	0	0	
2024-06-12 00:31:41	87	12	9	0	0	7	29	0	0	0	29	0	0	4.5	29	0	0	0	29	0	0	2.165		99.9144	49.932	0.0950261	0	0.951075	0.147135	14.9395	1		0	12.0705	36.2187	0	0	0	
2024-06-12 00:23:00	20	13	9	0	0	1	5	0	0	0	5	0	0	5.25	5	0	0	0	5	0	0	3.68		99.926	50.1177	0.0660105	0	0.660594	0.417157	17.6402	1		0	12.0705	38.8176	0	0	0	
2024-06-12 00:22:25	15	14	9	0	0	1	5	0	0	0	5	0	0	4	5	0	0	0	5	0	0	2.598		99.9259	50.17	0.0799716	0	0.800309	0.0917799	15.0855	1		0	12.0705	39.2074	0	0	0	
2024-06-12 00:38:06	135	15	1	0	0	4.75	20	0	0	0	20	0	0	3	20	0	0	0	20	0	0	1.515		99.9097	49.9299	0.134958	0	1.3508	0.654327	14.8528	1		0	11.973	35.9588	0	0	0	
2024-06-12 00:30:10	76	16	1	0	0	6	25	0	0	0	25	0	0	3	25	0	0	0	25	0	0	2.598		99.9159	50.25	0.0768979	0	0.769626	0.175506	14.5071	1		0	12.0705	36.3486	0	0	0	
2024-06-12 00:24:46	34	17	5	0	0	2	9	0	0	0	9	0	0	2.25	9	0	0	0	9	0	0	0.216		99.9223	50.0095	0.996993	0	9.97768	0.383301	15.6729	1		0	12.0616	37.778	0	0	0	
2024-06-12 00:31:20	85	18	1	0	0	7	29	0	0	0	29	0	0	0.5	29	0	0	0	29	0	0	5.628		99.912	49.9151	0.0413575	0	0.41394	0.552357	16.9056	2		0	12.0705	36.3486	0	0	0	
2024-06-12 00:21:20	8	19	1	0	0	0	1	0	0	0	1	0	0	3.5	1	0	0	0	1	0	0	3.031		99.9303	50.7122	0.0787481	0	0.78803	0.07462	17.3297	2		0	12.0616	40.117	0	0	0	
2024-06-12 00:39:37	146	20	1	0	0	1.75	8	0	0	0	8	0	0	0	8	0	0	0	8	0	0	1.515		99.9132	50.1107	0.131292	0	1.31406	0.436119	14.4488	1		0	12.0705	36.0887	0	0	0	
2024-06-12 00:30:10	76	21	5	0	0	6	25	0	0	0	25	0	0	7	25	0	0	0	25	0	0	0.866		99.9159	50.25	0.292401	0	2.92648	0.6621	18.3876	1		0	12.0705	36.3486	0	0	0	
2024-06-12 00:38:52	140	22	1	0	0	6.5	27	0	0	0	27	0	0	1.25	27	0	0	0	27	0	0	4.546		99.9141	49.7801	0.0598906	0	0.599421	0.0331902	19.7729	2		0	11.973	35.9588	0	0	0	
2024-06-12 00:33:27	101	23	1	0	0	7.75	32	0	0	0	32	0	0	1.25	32	0	0	0	32	0	0	5.628		99.9121	50.4075	0.0390441	0	0.390785	0.0290638	15.9599	1		0	12.0616	36.2187	0	0	0	
2024-06-12 00:28:42	65	24	9	0	0	5	21	0	0	0	21	0	0	5.5	21	0	0	0	21	0	0	0.433		99.9164	50.7779	0.923299	0	9.24072	0.159705	29.0306	2		0	12.0616	36.6085	0	0	0	
2024-06-12 00:28:04	61	25	5	0	0	5	21	0	0	0	21	0	0	4.25	21	0	0	0	21	0	0	0.649		99.9161	50.9125	0.409702	0	4.10046	0.586246	19.323	2		0	11.973	36.7384	0	0	0	
2024-06-12 00:26:09	45	26	5	0	0	3	13	0	0	0	13	0	0	1	13	0	0	0	13	0	0	1.732		99.917	50.4863	0.11657	0	1.16667	0.362117	14.6608	1		0	11.973	37.2582	0	0	0	
2024-06-12 00:23:14	22	27	5	0	0	1	5	0	0	0	5	0	0	2	5	0	0	0	5	0	0	0.866		99.9246	50.1119	0.25708	0	2.57274	0.275737	16.165	1		0	12.0705	38.5577	0	0	0	
2024-06-12 00:35:15	115	28	9	0	0	1.75	8	0	0	0	8	0	0	6	8	0	0	0	8	0	0	3.68		99.9175	50.136	0.06147	0	0.615208	0.115308	16.4282	1		0	12.0616	35.9588	0	0	0	
2024-06-12 00:27:36	57	29	5	0	0	4	17	0	0	0	17	0	0	2.25	17	0	0	0	17	0	0	1.515		99.9174	49.9047	0.12866	0	1.28766	0.0569999	14.1586	1		0	11.973	36.8684	0	0	0	
2024-06-12 00:33:34	102	30	9	0	0	7.75	32	0	0	0	32	0	0	6	32	0	0	0	32	0	0	1.515		99.9052	50.4621	0.155832	0	1.5598	0.200754	17.1509	1		0	12.0616	36.0887	0	0	0	
2024-06-12 00:33:41	103	31	9	0	0	7.75	32	0	0	0	32	0	0	4.75	32	0	0	0	32	0	0	2.598		99.9105	50.386	0.0854062	0	0.854827	0.0922083	16.1131	1		0	12.0705	36.2187	0	0	0	
2024-06-12 00:30:31	79	32	1	0	0	6	25	0	0	0	25	0	0	2	25	0	0	0	25	0	0	3.464		99.9156	50.2763	0.0623941	0	0.624469	0.334354	15.6946	1		0	12.0616	36.3486	0	0	0	
2024-06-12 00:27:08	53	33	9	0	0	4	17	0	0	0	17	0	0	5.5	17	0	0	0	17	0	0	1.299		99.9185	49.8664	0.186052	0	1.86204	0.167021	17.5493	1		0	12.0705	36.9983	0	0	0	
2024-06-12 00:26:37	49	34	9	0	0	4	17	0	0	0	17	0	0	4.25	17	0	0	0	17	0	0	0.216		99.9131	49.8354	0.871645	0	8.72403	0.213599	13.7037	2		0	12.0705	37.1283	0	0	0	
2024-06-12 00:20:45	3	35	1	0	0	0	1	0	0	0	1	0	0	1.75	1	0	0	0	1	0	0	1.515		99.933	51.1618	0.130376	0	1.30464	0.438608	14.3452	1		0	11.973	40.7668	0	0	0	
2024-06-12 00:40:53	155	36	1	0	0	3.75	16	0	0	4	16	0	0	3.5	16	0	0	4.25	16	0	0	0.13		99.9148	19.0454	0.729811	0	7.30434	0.315835	11.4736	1		0	12.0616	36.2187	0	0	0	
2024-06-12 00:25:06	37	37	1	0	0	3	13	0	0	0	13	0	0	2.75	13	0	0	0	13	0	0	0.216		99.9214	50.5179	1.00502	0	10.0581	0.434321	15.7992	2		0	12.0616	37.3882	0	0	0	
2024-06-12 00:24:01	28	38	5	0	0	2	9	0	0	0	9	0	0	6	9	0	0	0	9	0	0	3.464		99.9249	50.0818	0.0671234	0	0.671738	0.146554	16.8826	1		0	12.0616	38.1678	0	0	0	
2024-06-12 00:24:08	29	39	9	0	0	2	9	0	0	0	9	0	0	4.75	9	0	0	0	9	0	0	2.381		99.9213	50.0358	0.0901562	0	0.902272	0.204708	15.5901	1		0	12.0705	38.0379	0	0	0	
2024-06-12 00:31:57	89	40	5	0	0	7	29	0	0	0	29	0	0	5	29	0	0	0	29	0	0	1.732		99.9118	49.9645	0.135107	0	1.35226	0.213601	16.9931	1		0	12.0705	36.2187	0	0	0	
2024-06-12 00:31:30	86	41	1	0	0	7	29	0	0	0	29	0	0	3.75	29	0	0	0	29	0	0	2.814		99.914	49.9008	0.0696795	0	0.697395	0.0684565	14.2411	2		0	12.0705	36.2187	0	0	0	
2024-06-12 00:23:07	21	42	1	0	0	1	5	0	0	0	5	0	0	3.25	5	0	0	0	5	0	0	1.948		99.9271	50.1341	0.103474	0	1.03549	0.175885	14.6389	1		0	12.0705	38.5577	0	0	0	
2024-06-12 00:34:48	112	43	9	0	0	2.75	12	0	0	0	12	0	0	5	12	0	0	0	12	0	0	1.948		99.9147	49.5348	0.106613	0	1.06704	0.378018	15.085	2		0	12.0616	36.0887	0	0	0	
2024-06-12 00:28:24	63	44	1	0	0	5	21	0	0	0	21	0	0	1.75	21	0	0	0	21	0	0	2.814		99.9182	50.7843	0.073573	0	0.736333	0.0362905	15.0362	2		0	12.0705	36.7384	0	0	0	
2024-06-12 00:23:44	26	45	1	0	0	2	9	0	0	0	9	0	0	1.5	9	0	0	0	9	0	0	0.433		99.9245	50.0428	0.549551	0	5.49966	0.737326	17.2777	1		0	12.0616	38.2978	0	0	0	
2024-06-12 00:21:51	12	46	1	0	0	0	1	0	0	0	1	0	0	2.75	1	0	0	0	1	0	0	2.381		99.9309	50.5546	0.11321	0	1.13288	0.0879858	19.5748	2		0	12.0705	39.5972	0	0	0	
2024-06-12 00:34:41	111	47	9	0	0	3.25	14	0	0	0	14	0	0	4.5	14	0	0	0	14	0	0	1.082		99.9143	50.0306	0.19926	0	1.99431	0.550786	15.6632	1		0	11.973	36.0887	0	0	0	
2024-06-12 00:25:45	42	48	9	0	0	3	13	0	0	0	13	0	0	6.75	13	0	0	0	13	0	0	3.247		99.9182	50.537	0.0636309	0	0.63683	0.405289	15.005	1		0	12.0616	37.2582	0	0	0	
2024-06-12 00:22:00	13	49	9	0	0	1	5	0	0	0	5	0	0	7.25	5	0	0	0	5	0	0	5.412		99.9261	50.0233	0.0631252	0	0.631719	1.53733	24.8075	4		0	12.0705	39.4673	0	0	0	
2024-06-12 00:30:25	78	50	9	0	0	6	25	0	0	0	25	0	0	7.5	25	0	0	0	25	0	0	1.299		99.9168	50.2916	0.178245	0	1.78394	0.411539	16.8132	1		0	12.0705	36.3486	0	0	0	
2024-06-12 00:29:54	74	51	5	0	0	6	25	0	0	0	25	0	0	6.25	25	0	0	0	25	0	0	0.216		99.9116	50.1314	1.08354	0	10.845	0.214939	17.0352	2		0	12.0705	36.4785	0	0	0	
2024-06-12 00:34:17	108	52	5	0	0	7.75	32	0	0	0	32	0	0	0.5	32	0	0	0	32	0	0	6.278		99.9163	50.3947	0.0367715	0	0.368023	0.323867	16.7646	1		0	12.0616	36.0887	0	0	0	
2024-06-12 00:28:14	62	53	1	0	0	5	21	0	0	0	21	0	0	3.5	21	0	0	0	21	0	0	1.299		99.9152	50.8371	0.157837	0	1.57971	0.212172	14.8884	2		0	12.0705	36.7384	0	0	0	
2024-06-12 00:26:16	46	54	5	0	0	3	13	0	0	0	13	0	0	0.25	13	0	0	0	13	0	0	2.381		99.9187	50.5055	0.0813367	0	0.814029	0.430523	14.0654	1		0	12.0705	37.2582	0	0	0	
2024-06-12 00:22:15	14	55	1	0	0	1	5	0	0	0	5	0	0	1.25	5	0	0	0	5	0	0	0.216		99.9239	50.3357	0.974171	0	9.74913	0.319858	15.3139	2		0.0088623	12.0705	39.3374	0	0	0	
2024-06-12 00:27:57	60	56	1	0	0	4	17	0	0	0	17	0	0	1.5	17	0	0	0	17	0	0	2.165		99.9153	50.046	0.0872316	0	0.873056	0.0283697	13.7139	1		0	12.0616	36.7384	0	0	0	
2024-06-12 00:35:22	116	57	9	0	0	1.5	7	0	0	0	7	0	0	6.25	7	0	0	0	7	0	0	4.113		99.9162	49.3751	0.0516577	0	0.51701	0.304417	15.4302	1		0	11.973	35.9588	0	0	0	
2024-06-12 00:33:20	100	58	9	0	0	7.75	32	0	0	0	32	0	0	5.25	32	0	0	0	32	0	0	2.165		99.9116	50.4157	0.109064	0	1.09161	0.0440308	17.1469	1		0	12.0616	36.2187	0	0	0	
2024-06-12 00:33:27	101	59	5	0	0	7.75	32	0	0	0	32	0	0	4	32	0	0	0	32	0	0	3.247		99.9121	50.4075	0.0616985	0	0.617528	0.130113	14.5502	1		0	12.0616	36.2187	0	0	0	
2024-06-12 00:30:49	81	60	5	0	0	6	25	0	0	0	25	0	0	1.25	25	0	0	0	25	0	0	4.113		99.915	50.2059	0.05789	0	0.579392	0.598037	17.292	1		0	12.0705	36.2187	0	0	0	
2024-06-12 00:26:47	50	61	1	0	0	4	17	0	0	0	17	0	0	3.5	17	0	0	0	17	0	0	0.433		99.9181	49.8255	0.520838	0	5.21265	0.386654	16.376	1		0	12.0616	37.1283	0	0	0	
2024-06-12 00:20:59	5	62	1	0	0	0	1	0	0	0	1	0	0	1	1	0	0	0	1	0	0	0.866		99.9262	51.0073	0.252577	0	2.52763	0.656499	15.8816	1		0	12.0705	40.5069	0	0	0	
2024-06-12 00:24:15	30	63	9	0	0	2	9	0	0	0	9	0	0	5.25	9	0	0	0	9	0	0	2.814		99.9245	50.1618	0.0813436	0	0.814051	0.0400722	16.6232	1		0	11.973	38.0379	0	0	0	
2024-06-12 00:24:32	32	64	9	0	0	2	9	0	0	0	9	0	0	4	9	0	0	0	9	0	0	1.732		99.9251	49.9757	0.118291	0	1.1838	0.0547312	14.8761	1		0	12.0705	37.6481	0	0	0	
2024-06-12 00:39:54	148	65	1	0	0	3.5	15	0	0	0	15	0	0	2.25	15	0	0	0	15	0	0	1.082		99.9136	49.2713	0.201809	0	2.01983	0.575681	15.8637	1		0	12.0616	36.0887	0	0	0	
2024-06-12 00:32:05	90	66	1	0	0	7	29	0	0	0	29	0	0	3	29	0	0	0	29	0	0	3.464		99.9114	50.0094	0.0572442	0	0.57295	0.187888	14.3998	1		0	12.0616	36.2187	0	0	0	
2024-06-12 00:23:27	24	67	1	0	0	1	5	0	0	0	5	0	0	2.5	5	0	0	0	5	0	0	1.299		99.9256	50.0565	0.169357	0	1.69483	0.10261	15.9734	1		0	12.0705	38.5577	0	0	0	
2024-06-12 00:20:21	1	68	5	0	0	0	1	0	0	0	1	0	0	6.75	1	0	0	0	1	0	0	5.845		99.931	51.6656	0.0370738	0	0.370994	0.1119	15.7344	2		0	12.035	41.1566	0	0	0	
2024-06-12 00:36:34	124	69	1	0	0	2.75	12	0	0	0	12	0	0	3	12	0	0	0	12	0	0	0.216		99.914	49.4229	1.02917	0	10.3006	0.19077	16.1801	2		0	12.0705	35.9588	0	0	0	
2024-06-12 00:29:36	72	70	1	0	0	5	21	0	0	0	21	0	0	1	21	0	0	0	21	0	0	3.464		99.9154	50.8915	0.0606902	0	0.607416	0.381043	15.266	1		0	12.0616	36.4785	0	0	0	
2024-06-12 00:42:13	164	71	1	0	0	0.5	3	0	0	7.25	3	0	0	2.75	3	0	0	5	3	0	0	1.168		99.9141	20.9049	0.097194	0	0.972775	0.480312	13.7523	2		0	11.9907	36.2187	0	0	0	
2024-06-12 00:37:24	130	72	9	0	0	6.75	28	0	0	0	28	0	0	7	28	0	0	0	28	0	0	0.216		99.9102	49.6786	1.01473	0	10.1564	0.221908	15.9537	2		0.0088623	12.0705	35.9588	0	0	0	
2024-06-12 00:24:08	29	73	1	0	0	2	9	0	0	0	9	0	0	0.75	9	0	0	0	9	0	0	1.082		99.9213	50.0358	0.199059	0	1.99216	0.454089	15.6464	1		0	12.0705	38.0379	0	0	0	
2024-06-12 00:25:30	40	74	5	0	0	3	13	0	0	0	13	0	0	6	13	0	0	0	13	0	0	2.598		99.9216	50.595	0.0819628	0	0.820271	0.24915	15.4617	1		0	11.973	37.5181	0	0	0	
2024-06-12 00:25:24	39	75	9	0	0	3	13	0	0	0	13	0	0	4.75	13	0	0	0	13	0	0	1.515		99.9203	50.5338	0.141956	0	1.42069	0.479844	15.6213	1		0	12.0705	37.3882	0	0	0	
2024-06-12 00:22:25	15	76	5	0	0	1	5	0	0	0	5	0	0	7.75	5	0	0	0	5	0	0	5.845		99.9259	50.17	0.0377279	0	0.377559	0.75294	16.0129	1		0	12.0705	39.2074	0	0	0	
2024-06-12 00:22:32	16	77	5	0	0	1	5	0	0	0	5	0	0	6.5	5	0	0	0	5	0	0	4.762		99.9239	50.1738	0.0523537	0	0.523935	0.782855	18.1059	1		0	12.0705	39.0775	0	0	0	
2024-06-12 00:30:31	79	78	5	0	0	6	25	0	0	0	25	0	0	5.5	25	0	0	0	25	0	0	0.433		99.9156	50.2763	0.829984	0	8.30685	0.669518	26.0967	1		0	12.0616	36.3486	0	0	0	
2024-06-12 00:29:43	73	79	5	0	0	6	25	0	0	0	25	0	0	4.25	25	0	0	0	25	0	0	1.515		99.9126	50.198	0.140579	0	1.40702	0.478973	15.471	2		0	12.0705	36.4785	0	0	0	
2024-06-12 00:28:58	67	80	1	0	0	5	21	0	0	0	21	0	0	2.75	21	0	0	0	21	0	0	1.948		99.9183	50.8591	0.10005	0	1.00131	0.545395	14.1558	1		0	12.0705	36.4785	0	0	0	
2024-06-12 00:22:39	17	81	1	0	0	1	5	0	0	0	5	0	0	0.5	5	0	0	0	5	0	0	0.433		99.9266	50.1584	0.591892	0	5.92327	0.507914	18.6085	1		0	12.0705	39.0775	0	0	0	
2024-06-12 00:26:54	51	82	1	0	0	4	17	0	0	0	17	0	0	0.75	17	0	0	0	17	0	0	2.814		99.9137	49.8591	0.072048	0	0.721102	0.0318851	14.7252	1		0	12.0705	36.9983	0	0	0	
2024-06-12 00:33:34	102	83	1	0	0	7.75	32	0	0	0	32	0	0	3.25	32	0	0	0	32	0	0	3.897		99.9052	50.4621	0.0517993	0	0.518485	0.177599	14.6598	1		0	12.0616	36.0887	0	0	0	
2024-06-12 00:41:28	159	84	1	0	0	2.75	12	0	0	5	12	0	0	0.5	12	0	0	7.25	12	0	0	1.168		99.9161	20.7297	0.100498	0	1.00582	0.267563	14.2195	2		0	12.0616	36.2187	0	0	0	
2024-06-12 00:35:29	117	85	9	0	0	1.25	6	0	0	0	6	0	0	6.5	6	0	0	0	6	0	0	4.546		99.9133	49.9536	0.0502988	0	0.503425	0.322347	16.6063	1		0	12.0705	35.9588	0	0	0	
2024-06-12 00:29:43	73	86	1	0	0	6	25	0	0	0	25	0	0	0.5	25	0	0	0	25	0	0	4.762		99.9126	50.198	0.0576978	0	0.577483	0.762697	19.9564	2		0	12.0705	36.4785	0	0	0	
2024-06-12 00:27:36	57	87	1	0	0	4	17	0	0	0	17	0	0	2.75	17	0	0	0	17	0	0	1.082		99.9174	49.9047	0.192029	0	1.92188	0.00197759	15.0944	1		0	11.973	36.8684	0	0	0	
2024-06-12 00:21:13	7	88	1	0	0	0	1	0	0	0	1	0	0	0.25	1	0	0	0	1	0	0	0.216		99.93	50.8513	0.950396	0	9.51061	0.712432	14.9392	1		0	12.0616	40.117	0	0	0	
2024-06-12 00:24:22	31	89	1	0	0	2	9	0	0	0	9	0	0	3.25	9	0	0	0	9	0	0	1.082		99.9237	49.9591	0.202666	0	2.02821	0.0676169	15.9296	2		0	12.0705	38.0379	0	0	0	
2024-06-12 00:32:27	93	90	5	0	0	7	29	0	0	0	29	0	0	1.75	29	0	0	0	29	0	0	4.546		99.9142	50.1683	0.0477779	0	0.478189	0.128049	15.7739	1		0	12.0616	36.2187	0	0	0	
2024-06-12 00:20:36	2	91	5	0	0	0	1	0	0	0	1	0	0	6	1	0	0	0	1	0	0	5.195		99.9296	51.2438	0.0498054	0	0.498405	0.0686472	18.7894	2		0	12.0705	41.0267	0	0	0	
2024-06-12 00:21:13	7	92	9	0	0	0	1	0	0	0	1	0	0	4.75	1	0	0	0	1	0	0	4.113		99.93	50.8513	0.0537432	0	0.537808	0.104906	16.051	1		0	12.0616	40.117	0	0	0	
2024-06-12 00:39:09	142	93	1	0	0	7.25	30	0	0	0	30	0	0	0.5	30	0	0	0	30	0	0	5.845		99.9171	49.9286	0.0492807	0	0.493216	0.906072	20.918	1		0	12.0705	36.0887	0	0	0	
2024-06-12 00:28:04	61	94	1	0	0	5	21	0	0	0	21	0	0	0.25	21	0	0	0	21	0	0	4.113		99.9161	50.9125	0.0468112	0	0.468505	0.22737	13.9826	2		0	11.973	36.7384	0	0	0	
2024-06-12 00:28:34	64	95	9	0	0	5	21	0	0	0	21	0	0	6.75	21	0	0	0	21	0	0	1.515		99.9163	50.8497	0.161523	0	1.61659	0.0959403	17.7753	1		0	12.0705	36.7384	0	0	0	
2024-06-12 00:25:24	39	96	1	0	0	3	13	0	0	0	13	0	0	2.25	13	0	0	0	13	0	0	0.649		99.9203	50.5338	0.378694	0	3.78996	0.679513	17.8598	1		0	12.0705	37.3882	0	0	0	
2024-06-12 00:23:51	27	97	1	0	0	2	9	0	0	0	9	0	0	0	9	0	0	0	9	0	0	1.732		99.9222	49.9304	0.138781	0	1.38889	0.135557	17.4533	2		0	12.0705	38.1678	0	0	0	
2024-06-12 00:37:34	131	98	9	0	0	6.5	27	0	0	0	27	0	0	7.25	27	0	0	0	27	0	0	0.649		99.9119	49.8382	0.41875	0	4.19119	0.292168	19.7505	2		0	11.973	35.9588	0	0	0	
2024-06-12 00:33:34	102	99	5	0	0	7.75	32	0	0	0	32	0	0	7.25	32	0	0	0	32	0	0	0.433		99.9052	50.4621	0.572128	0	5.72671	0.93317	17.991	1		0	12.0616	36.0887	0	0	0	
2024-06-12 00:39:16	143	100	1	0	0	7.5	31	0	0	0	31	0	0	0.25	31	0	0	0	31	0	0	6.278		99.9136	50.116	0.0369023	0	0.369342	0.41937	16.8247	1		0	12.0616	35.9588	0	0	0	
2024-06-12 00:36:06	121	101	1	0	0	0.75	4	0	0	0	4	0	0	1	4	0	0	0	4	0	0	0.216		99.9154	50.5086	1.07251	0	10.7342	0.560313	16.8612	1		0	12.0616	35.9588	0	0	0	
2024-06-12 00:38:22	137	102	1	0	0	5.5	23	0	0	0	23	0	0	2.25	23	0	0	0	23	0	0	2.814		99.9101	50.1	0.110401	0	1.105	0.553963	22.5645	2		0	12.0616	35.9588	0	0	0	
2024-06-12 00:27:15	54	103	5	0	0	4	17	0	0	0	17	0	0	6.75	17	0	0	0	17	0	0	2.381		99.9195	49.9053	0.0793523	0	0.794162	0.0251805	13.7221	1		0	12.0705	36.9983	0	0	0	
2024-06-12 00:25:38	41	104	9	0	0	3	13	0	0	0	13	0	0	5.25	13	0	0	0	13	0	0	1.948		99.9232	50.5881	0.109523	0	1.09607	0.125256	15.4954	1		0	12.0705	37.5181	0	0	0	
2024-06-12 00:25:06	37	105	9	0	0	3	13	0	0	0	13	0	0	4	13	0	0	0	13	0	0	0.866		99.9214	50.5179	0.257618	0	2.5782	0.0184617	16.1993	2		0	12.0616	37.3882	0	0	0	
2024-06-12 00:23:51	27	106	9	0	0	2	9	0	0	0	9	0	0	7.25	9	0	0	0	9	0	0	4.546		99.9222	49.9304	0.0554198	0	0.55463	0.00478838	18.2954	2		0	12.0705	38.1678	0	0	0	
2024-06-12 00:31:30	86	107	9	0	0	7	29	0	0	0	29	0	0	7.5	29	0	0	0	29	0	0	0.433		99.914	49.9008	0.575999	0	5.76495	0.199209	18.1111	2		0	12.0705	36.2187	0	0	0	
2024-06-12 00:32:12	91	108	9	0	0	7	29	0	0	0	29	0	0	6.25	29	0	0	0	29	0	0	0.649		99.9086	49.9977	0.402606	0	4.02974	0.590895	18.9897	1		0	12.0705	36.2187	0	0	0	
2024-06-12 00:22:46	18	109	9	0	0	1	5	0	0	0	5	0	0	5.75	5	0	0	0	5	0	0	4.113		99.9264	50.1608	0.0528342	0	0.528731	0.04708	15.78	1		0	12.0705	38.9475	0	0	0	
2024-06-12 00:22:39	17	110	9	0	0	1	5	0	0	0	5	0	0	4.5	5	0	0	0	5	0	0	3.031		99.9266	50.1584	0.0693623	0	0.694132	0.354015	15.2648	1		0	12.0705	39.0775	0	0	0	
2024-06-12 00:30:03	75	111	1	0	0	6	25	0	0	0	25	0	0	3.5	25	0	0	0	25	0	0	2.165		99.9178	50.1924	0.0872102	0	0.87282	0.318134	13.7102	1		0	11.973	36.4785	0	0	0	
2024-06-12 00:26:37	49	112	1	0	0	4	17	0	0	0	17	0	0	0	17	0	0	0	17	0	0	3.464		99.9131	49.8354	0.0613237	0	0.61377	0.121612	15.4257	2		0	12.0705	37.1283	0	0	0	
2024-06-12 00:33:55	105	113	5	0	0	7.75	32	0	0	0	32	0	0	2.5	32	0	0	0	32	0	0	4.546		99.9139	50.4368	0.0484699	0	0.485117	0.47098	16.0024	1		0	11.973	36.0887	0	0	0	
2024-06-12 00:24:15	30	114	1	0	0	2	9	0	0	0	9	0	0	2.5	9	0	0	0	9	0	0	0.433		99.9245	50.1618	0.568682	0	5.69112	0.304291	17.8792	1		0	11.973	38.0379	0	0	0	
2024-06-12 00:32:41	95	115	1	0	0	7	29	0	0	0	29	0	0	1	29	0	0	0	29	0	0	5.195		99.91	50.0198	0.042152	0	0.421899	0.642432	15.9052	1		0	12.0705	36.2187	0	0	0	
2024-06-12 00:21:20	8	116	5	0	0	0	1	0	0	0	1	0	0	5.25	1	0	0	0	1	0	0	4.546		99.9303	50.7122	0.0504157	0	0.504509	0.0650417	16.6421	2		0	12.0616	40.117	0	0	0	
2024-06-12 00:20:59	5	117	9	0	0	0	1	0	0	0	1	0	0	4	1	0	0	0	1	0	0	3.464		99.9262	51.0073	0.0658716	0	0.659202	0.184622	16.5676	1		0	12.0705	40.5069	0	0	0	
2024-06-12 00:34:17	108	118	1	0	0	7.75	32	0	0	0	32	0	0	1.75	32	0	0	0	32	0	0	5.195		99.9163	50.3947	0.0420195	0	0.420547	0.447287	15.8542	1		0	12.0616	36.0887	0	0	0	
2024-06-12 00:28:14	62	119	5	0	0	5	21	0	0	0	21	0	0	6	21	0	0	0	21	0	0	0.866		99.9152	50.8371	0.379872	0	3.80194	0.13693	23.8883	2		0	12.0705	36.7384	0	0	0	
2024-06-12 00:28:24	63	120	5	0	0	5	21	0	0	0	21	0	0	4.75	21	0	0	0	21	0	0	0.216		99.9182	50.7843	1.20533	0	12.0632	0.107439	18.9488	2		0	12.0705	36.7384	0	0	0	
2024-06-12 00:26:09	45	121	1	0	0	3	13	0	0	0	13	0	0	1.5	13	0	0	0	13	0	0	1.299		99.917	50.4863	0.158233	0	1.58365	0.371373	14.9255	1		0	11.973	37.2582	0	0	0	
2024-06-12 00:32:55	97	122	5	0	0	7.75	32	0	0	0	32	0	0	6.5	32	0	0	0	32	0	0	1.082		99.9137	50.3619	0.217681	0	2.17869	0.56323	17.1114	2		0	12.0616	36.2187	0	0	0	
2024-06-12 00:35:08	114	123	9	0	0	2.25	10	0	0	0	10	0	0	5.5	10	0	0	0	10	0	0	2.814		99.9169	50.0932	0.090547	0	0.906224	0.752111	18.5054	1		0	11.973	35.9588	0	0	0	
2024-06-12 00:41:18	158	124	1	0	0	3	13	0	0	4.75	13	0	0	1.25	13	0	0	6.5	13	0	0	0.908		99.9166	20.8521	0.0767956	0	0.768597	0.507497	8.45117	2		0	12.0705	36.2187	0	0	0	
2024-06-12 00:27:22	55	125	5	0	0	4	17	0	0	0	17	0	0	6	17	0	0	0	17	0	0	1.732		99.9144	49.9265	0.117427	0	1.17527	0.148218	14.7689	1		0	12.0705	36.9983	0	0	0	
2024-06-12 00:26:54	51	126	9	0	0	4	17	0	0	0	17	0	0	4.75	17	0	0	0	17	0	0	0.649		99.9137	49.8591	0.37188	0	3.72202	0.339947	17.5396	1		0	12.0705	36.9983	0	0	0	
2024-06-12 00:21:44	11	127	1	0	0	0	1	0	0	0	1	0	0	2.25	1	0	0	0	1	0	0	1.948		99.9284	50.6933	0.117541	0	1.17625	0.357334	16.6288	1		0	12.0705	39.7272	0	0	0	
2024-06-12 00:41:08	157	128	1	0	0	3.25	14	0	0	4.5	14	0	0	2	14	0	0	5.75	14	0	0	0.649		99.9144	20.5709	0.256398	0	2.56618	0.0539101	20.1547	2		0	12.0616	35.9588	0	0	0	
2024-06-12 00:25:38	41	129	1	0	0	3	13	0	0	0	13	0	0	3.25	13	0	0	0	13	0	0	0.216		99.9232	50.5881	1.01306	0	10.1384	0.647184	15.9254	1		0	12.0705	37.5181	0	0	0	
2024-06-12 00:23:44	26	130	5	0	0	2	9	0	0	0	9	0	0	7.75	9	0	0	0	9	0	0	4.979		99.9245	50.0428	0.0424012	0	0.424332	0.129737	15.3304	1		0	12.0616	38.2978	0	0	0	
2024-06-12 00:23:34	25	131	9	0	0	2	9	0	0	0	9	0	0	6.5	9	0	0	0	9	0	0	3.897		99.9227	49.9857	0.0535964	0	0.536378	0.174003	15.1657	2		0	12.0616	38.2978	0	0	0	
2024-06-12 00:32:12	91	132	5	0	0	7	29	0	0	0	29	0	0	5.5	29	0	0	0	29	0	0	1.299		99.9086	49.9977	0.199422	0	1.99604	0.31313	18.8123	1		0	12.0705	36.2187	0	0	0	
2024-06-12 00:31:20	85	133	5	0	0	7	29	0	0	0	29	0	0	4.25	29	0	0	0	29	0	0	2.381		99.912	49.9151	0.0834077	0	0.834812	0.192985	14.4245	2		0	12.0705	36.3486	0	0	0	
2024-06-12 00:22:53	19	134	9	0	0	1	5	0	0	0	5	0	0	5	5	0	0	0	5	0	0	3.464		99.9276	50.1097	0.0676778	0	0.677268	0.203214	17.0216	1		0	12.0705	38.8176	0	0	0	
2024-06-12 00:23:20	23	135	1	0	0	1	5	0	0	0	5	0	0	3.75	5	0	0	0	5	0	0	2.381		99.93	50.0667	0.089787	0	0.8985	0.104183	15.525	1		0	11.973	38.5577	0	0	0	
2024-06-12 00:30:18	77	136	1	0	0	6	25	0	0	0	25	0	0	2.75	25	0	0	0	25	0	0	2.814		99.9144	50.2706	0.0705935	0	0.70654	0.0209447	14.4278	1		0	12.0705	36.4785	0	0	0	
2024-06-12 00:28:51	66	137	1	0	0	5	21	0	0	0	21	0	0	2.25	21	0	0	0	21	0	0	2.381		99.9194	50.8503	0.0804303	0	0.804952	0.498268	13.9086	1		0	11.973	36.6085	0	0	0	
2024-06-12 00:31:57	89	138	1	0	0	7	29	0	0	0	29	0	0	0.25	29	0	0	0	29	0	0	5.845		99.9118	49.9645	0.0352786	0	0.353097	0.0484167	14.9754	1		0	12.0705	36.2187	0	0	0	
2024-06-12 00:21:37	10	139	1	0	0	0	1	0	0	0	1	0	0	3.25	1	0	0	0	1	0	0	2.814		99.9267	50.7014	0.0725084	0	0.725616	0.261891	14.8173	1		0	12.0616	39.5972	0	0	0	
2024-06-12 00:25:51	43	140	9	0	0	3	13	0	0	0	13	0	0	7.25	13	0	0	0	13	0	0	3.68		99.9209	50.4777	0.0698053	0	0.698605	0.0200312	18.6552	2		0	12.0705	37.2582	0	0	0	
2024-06-12 00:30:10	76	141	9	0	0	6	25	0	0	0	25	0	0	6.75	25	0	0	0	25	0	0	0.649		99.9159	50.25	0.421065	0	4.21419	0.691663	19.8589	1		0	12.0705	36.3486	0	0	0	
2024-06-12 00:34:24	109	142	9	0	0	3.75	16	0	0	0	16	0	0	4	16	0	0	0	16	0	0	0.216		99.9139	49.8923	0.876457	0	8.77212	0.0589613	13.7792	2		0	12.0705	36.2187	0	0	0	
2024-06-12 00:33:20	100	143	1	0	0	7.75	32	0	0	0	32	0	0	1	32	0	0	0	32	0	0	5.845		99.9116	50.4157	0.0374584	0	0.374915	0.106998	15.9007	1		0	12.0616	36.2187	0	0	0	
2024-06-12 00:28:42	65	144	5	0	0	5	21	0	0	0	21	0	0	5.25	21	0	0	0	21	0	0	0.216		99.9164	50.7779	1.3961	0	13.9727	0.132405	21.9483	2		0	12.0616	36.6085	0	0	0	
2024-06-12 00:28:24	63	145	9	0	0	5	21	0	0	0	21	0	0	4	21	0	0	0	21	0	0	0.866		99.9182	50.7843	0.268962	0	2.69182	0.0813697	16.9132	2		0	12.0705	36.7384	0	0	0	
2024-06-12 00:26:30	48	146	1	0	0	3	13	0	0	0	13	0	0	0.75	13	0	0	0	13	0	0	1.948		99.9189	50.5505	0.104119	0	1.04204	0.406475	14.7315	1		0	12.0616	37.1283	0	0	0	
2024-06-12 00:23:20	23	147	5	0	0	1	5	0	0	0	5	0	0	1.75	5	0	0	0	5	0	0	0.649		99.93	50.0667	0.371094	0	3.71354	0.330081	17.4997	1		0	11.973	38.5577	0	0	0	
2024-06-12 00:27:57	60	148	5	0	0	4	17	0	0	0	17	0	0	2	17	0	0	0	17	0	0	1.732		99.9153	50.046	0.112945	0	1.13041	0.149167	14.2051	1		0	12.0616	36.7384	0	0	0	
2024-06-12 00:33:05	98	149	9	0	0	7.75	32	0	0	0	32	0	0	5.75	32	0	0	0	32	0	0	1.732		99.9157	50.3673	0.136581	0	1.36696	0.282309	17.1777	1		0	12.0616	35.9588	0	0	0	
2024-06-12 00:33:41	103	150	5	0	0	7.75	32	0	0	0	32	0	0	4.5	32	0	0	0	32	0	0	2.814		99.9105	50.386	0.0748849	0	0.74952	0.0484623	15.3055	1		0	12.0705	36.2187	0	0	0	
2024-06-12 00:36:50	126	151	1	0	0	2.25	10	0	0	0	10	0	0	3.5	10	0	0	0	10	0	0	1.082		99.9149	50.0461	0.205548	0	2.05723	0.607519	16.1575	1		0	12.0705	35.9588	0	0	0	
2024-06-12 00:35:59	120	152	9	0	0	0.25	2	0	0	0	2	0	0	7.5	2	0	0	0	2	0	0	6.278		99.9126	50.2943	0.0343287	0	0.343587	0.0801314	15.6515	1		0	12.0705	35.9588	0	0	0	
2024-06-12 00:30:49	81	153	1	0	0	6	25	0	0	0	25	0	0	1.75	25	0	0	0	25	0	0	3.68		99.915	50.2059	0.0649635	0	0.650187	0.583056	17.3623	1		0	12.0705	36.2187	0	0	0	
2024-06-12 00:27:08	53	154	5	0	0	4	17	0	0	0	17	0	0	5.25	17	0	0	0	17	0	0	1.082		99.9185	49.8664	0.222111	0	2.22292	0.22268	17.4588	1		0	12.0705	36.9983	0	0	0	
2024-06-12 00:21:29	9	155	5	0	0	0	1	0	0	0	1	0	0	1.5	1	0	0	0	1	0	0	1.299		99.9305	50.7064	0.153702	0	1.53809	0.47446	14.4961	1		0	11.973	39.8571	0	0	0	
2024-06-12 00:26:23	47	156	1	0	0	3	13	0	0	0	13	0	0	2.5	13	0	0	0	13	0	0	0.433		99.9181	50.506	0.58682	0	5.87301	0.386488	18.4506	1		0	12.0705	36.9983	0	0	0	
2024-06-12 00:24:01	28	157	9	0	0	2	9	0	0	0	9	0	0	5.75	9	0	0	0	9	0	0	3.247		99.9249	50.0818	0.0665179	0	0.665679	0.0248619	15.6847	1		0	12.0616	38.1678	0	0	0	
2024-06-12 00:24:15	30	158	5	0	0	2	9	0	0	0	9	0	0	4.5	9	0	0	0	9	0	0	2.165		99.9245	50.1618	0.0959448	0	0.960173	0.150478	15.0824	1		0	11.973	38.0379	0	0	0	
2024-06-12 00:31:48	88	159	1	0	0	7	29	0	0	0	29	0	0	3.5	29	0	0	0	29	0	0	3.031		99.9143	49.8684	0.0635872	0	0.636418	0.0409673	13.9956	2		0	12.0705	36.2187	0	0	0	
2024-06-12 00:23:00	20	160	1	0	0	1	5	0	0	0	5	0	0	3	5	0	0	0	5	0	0	1.732		99.926	50.1177	0.119234	0	1.19322	0.267596	14.9944	1		0	12.0705	38.8176	0	0	0	
2024-06-12 00:21:06	6	161	5	0	0	0	1	0	0	0	1	0	0	7.25	1	0	0	0	1	0	0	6.278		99.9311	50.9541	0.0374511	0	0.374769	0.700319	17.0719	1		0.0088623	12.0705	40.3769	0	0	0	
2024-06-12 00:29:36	72	162	5	0	0	5	21	0	0	0	21	0	0	1.5	21	0	0	0	21	0	0	3.031		99.9154	50.8915	0.0623127	0	0.623655	0.293256	13.7149	1		0	12.0616	36.4785	0	0	0	
2024-06-12 00:24:32	32	163	1	0	0	2	9	0	0	0	9	0	0	1.25	9	0	0	0	9	0	0	0.649		99.9251	49.9757	0.355056	0	3.55322	0.356698	16.7441	1		0	12.0705	37.6481	0	0	0	
2024-06-12 00:39:30	145	164	1	0	0	1.5	7	0	0	0	7	0	0	0.25	7	0	0	0	7	0	0	1.082		99.9122	49.2659	0.194703	0	1.94874	0.745361	15.3053	1		0	12.0616	35.9588	0	0	0	
2024-06-12 00:21:44	11	165	5	0	0	0	1	0	0	0	1	0	0	2.5	1	0	0	0	1	0	0	2.165		99.9284	50.6933	0.094018	0	0.940853	0.252017	14.7789	1		0	12.0705	39.7272	0	0	0	
2024-06-12 00:38:42	139	166	1	0	0	6.25	26	0	0	0	26	0	0	1.5	26	0	0	0	26	0	0	4.113		99.9139	49.9713	0.0569838	0	0.570329	0.205669	17.0215	2		0	12.0616	36.0887	0	0	0	
2024-06-12 00:40:36	153	167	9	0	0	7.25	30	0	0	0	30	0	0	6.5	30	0	0	0	30	0	0	0.649		99.9126	49.7619	0.406768	0	4.07124	0.188222	19.1853	2		0	12.0616	36.0887	0	0	0	
2024-06-12 00:26:02	44	168	5	0	0	3	13	0	0	0	13	0	0	7.75	13	0	0	0	13	0	0	4.113		99.9197	50.5139	0.0494286	0	0.494684	0.126753	14.7639	1		0	12.0616	37.2582	0	0	0	
2024-06-12 00:25:51	43	169	5	0	0	3	13	0	0	0	13	0	0	6.5	13	0	0	0	13	0	0	3.031		99.9209	50.4777	0.0696675	0	0.697227	0.0744291	15.3328	2		0	12.0705	37.2582	0	0	0	
2024-06-12 00:22:00	13	170	5	0	0	1	5	0	0	0	5	0	0	7	5	0	0	0	5	0	0	5.195		99.9261	50.0233	0.041933	0	0.419641	0.229041	15.8201	4		0	12.0705	39.4673	0	0	0	
2024-06-12 00:30:03	75	171	5	0	0	6	25	0	0	0	25	0	0	4.75	25	0	0	0	25	0	0	1.082		99.9178	50.1924	0.262535	0	2.62751	0.572454	20.6364	1		0	11.973	36.4785	0	0	0	
2024-06-12 00:33:41	103	172	1	0	0	7.75	32	0	0	0	32	0	0	0.25	32	0	0	0	32	0	0	6.494		99.9105	50.386	0.0328308	0	0.328603	0.197871	15.485	1		0	12.0705	36.2187	0	0	0	
2024-06-12 00:29:29	71	173	1	0	0	5	21	0	0	0	21	0	0	3.25	21	0	0	0	21	0	0	1.515		99.9146	50.85	0.130857	0	1.30969	0.480092	14.4008	1		0	12.0705	36.4785	0	0	0	
2024-06-12 00:26:23	47	174	5	0	0	3	13	0	0	0	13	0	0	0	13	0	0	0	13	0	0	2.598		99.9181	50.506	0.078242	0	0.783061	0.183569	14.7604	1		0	12.0705	36.9983	0	0	0	
2024-06-12 00:34:34	110	175	9	0	0	3.5	15	0	0	0	15	0	0	4.25	15	0	0	0	15	0	0	0.649		99.9138	49.5158	0.341542	0	3.41837	0.37105	16.1087	1		0	12.0705	36.0887	0	0	0	
2024-06-12 00:27:43	58	176	1	0	0	4	17	0	0	0	17	0	0	1.25	17	0	0	0	17	0	0	2.381		99.9185	49.868	0.0820655	0	0.821324	0.0212495	14.1915	1		0	12.0616	36.8684	0	0	0	
2024-06-12 00:33:49	104	177	5	0	0	7.75	32	0	0	0	32	0	0	5	32	0	0	0	32	0	0	2.381		99.9114	50.54	0.0959553	0	0.960405	0.226755	16.5946	1		0	12.0705	35.9588	0	0	0	
2024-06-12 00:34:09	107	178	5	0	0	7.75	32	0	0	0	32	0	0	3.75	32	0	0	0	32	0	0	3.464		99.9094	50.4066	0.0586312	0	0.586843	0.109382	14.749	1		0	12.0705	36.0887	0	0	0	
2024-06-12 00:42:06	163	179	1	0	0	1.25	6	0	0	6.5	6	0	0	3	6	0	0	4.75	6	0	0	0.908		99.9159	20.7905	0.128096	0	1.28204	0.834327	14.0967	1		0	12.0616	36.2187	0	0	0	
2024-06-12 00:30:56	82	180	5	0	0	6	25	0	0	0	25	0	0	1	25	0	0	0	25	0	0	4.33		99.9167	50.216	0.054545	0	0.545905	0.211926	17.1501	1		0	12.0705	36.2187	0	0	0	
2024-06-12 00:27:22	55	181	1	0	0	4	17	0	0	0	17	0	0	3.25	17	0	0	0	17	0	0	0.649		99.9144	49.9265	0.345357	0	3.45653	0.0137148	16.2885	1		0	12.0705	36.9983	0	0	0	
2024-06-12 00:21:29	9	182	1	0	0	0	1	0	0	0	1	0	0	0.75	1	0	0	0	1	0	0	0.649		99.9305	50.7064	0.363079	0	3.63332	0.539765	17.1216	1		0	11.973	39.8571	0	0	0	
2024-06-12 00:41:38	160	183	1	0	0	3.5	15	0	0	4.25	15	0	0	3.75	15	0	0	4	15	0	0	0.13		99.9212	19.7705	0.698504	0	6.99055	0.219524	10.9807	2		0	11.9907	36.2187	0	0	0	
2024-06-12 00:24:08	29	184	5	0	0	2	9	0	0	0	9	0	0	5	9	0	0	0	9	0	0	2.598		99.9213	50.0358	0.08241	0	0.824749	0.145801	15.5462	1		0	12.0705	38.0379	0	0	0	
2024-06-12 00:24:53	35	185	5	0	0	2	9	0	0	0	9	0	0	3.75	9	0	0	0	9	0	0	1.515		99.923	49.931	0.152911	0	1.53028	0.899792	16.8263	1		0.0088623	12.0705	37.778	0	0	0	
2024-06-12 00:32:34	94	186	5	0	0	7	29	0	0	0	29	0	0	2.75	29	0	0	0	29	0	0	3.68		99.911	50.087	0.0546892	0	0.547379	0.00503616	14.617	1		0	12.0705	35.9588	0	0	0	
2024-06-12 00:32:12	91	187	1	0	0	7	29	0	0	0	29	0	0	2.25	29	0	0	0	29	0	0	4.113		99.9086	49.9977	0.048663	0	0.487075	0.0740213	14.5368	1		0	12.0705	36.2187	0	0	0	
2024-06-12 00:20:45	3	188	5	0	0	0	1	0	0	0	1	0	0	7.75	1	0	0	0	1	0	0	6.711		99.933	51.1618	0.0331119	0	0.331341	0.483388	16.1346	1		0	11.973	40.7668	0	0	0	
2024-06-12 00:21:06	6	189	9	0	0	0	1	0	0	0	1	0	0	6.5	1	0	0	0	1	0	0	5.628		99.9311	50.9541	0.0387294	0	0.387561	0.188442	15.8283	1		0.0088623	12.0705	40.3769	0	0	0	
2024-06-12 00:29:22	70	190	1	0	0	5	21	0	0	0	21	0	0	0.75	21	0	0	0	21	0	0	3.68		99.9181	50.8711	0.0609553	0	0.610052	0.923733	16.2905	1		0	12.0616	36.4785	0	0	0	
2024-06-12 00:29:05	68	191	5	0	0	5	21	0	0	0	21	0	0	7.25	21	0	0	0	21	0	0	1.948		99.9189	50.7808	0.138323	0	1.38435	0.154837	19.5708	2		0	12.0616	36.6085	0	0	0	
2024-06-12 00:40:29	152	192	9	0	0	5.75	24	0	0	0	24	0	0	4	24	0	0	0	24	0	0	1.515		99.9112	50.5511	0.137724	0	1.37847	0.759444	15.157	1		0	12.0705	36.2187	0	0	0	
2024-06-12 00:37:07	128	193	9	0	0	4.5	19	0	0	0	19	0	0	5.25	19	0	0	0	19	0	0	0.649		99.9132	49.953	0.492026	0	4.92453	0.249153	23.2063	2		0	12.0705	35.9588	0	0	0	
2024-06-12 00:41:48	161	194	1	0	0	2.75	12	0	0	5	12	0	0	3.5	12	0	0	4.25	12	0	0	0.389		99.9182	20.7416	0.425361	0	4.25709	0.931615	20.0611	2		0	12.0705	36.2187	0	0	0	
2024-06-12 00:23:34	25	195	1	0	0	2	9	0	0	0	9	0	0	0.5	9	0	0	0	9	0	0	1.299		99.9227	49.9857	0.15645	0	1.56571	0.435645	14.7565	2		0	12.0616	38.2978	0	0	0	
2024-06-12 00:35:44	119	196	9	0	0	0.5	3	0	0	0	3	0	0	7.25	3	0	0	0	3	0	0	5.845		99.9134	49.9741	0.0952912	0	0.953738	1.17842	40.4494	4		0	12.0616	35.9588	0	0	0	
2024-06-12 00:26:47	50	197	5	0	0	4	17	0	0	0	17	0	0	7.25	17	0	0	0	17	0	0	2.814		99.9181	49.8255	0.0730593	0	0.731192	0.543036	14.9312	1		0	12.0616	37.1283	0	0	0	
2024-06-12 00:25:38	41	198	5	0	0	3	13	0	0	0	13	0	0	5.75	13	0	0	0	13	0	0	2.381		99.9232	50.5881	0.0849649	0	0.850302	0.11384	14.6922	1		0	12.0705	37.5181	0	0	0	
2024-06-12 00:25:17	38	199	9	0	0	3	13	0	0	0	13	0	0	4.5	13	0	0	0	13	0	0	1.299		99.9223	50.5681	0.162933	0	1.63059	0.515449	15.368	1		0	12.0705	37.5181	0	0	0	
2024-06-12 00:31:48	88	200	9	0	0	7	29	0	0	0	29	0	0	6.75	29	0	0	0	29	0	0	0.216		99.9143	49.8684	1.00835	0	10.0921	0.127892	15.8527	2		0	12.0705	36.2187	0	0	0	
2024-06-12 00:22:15	14	201	5	0	0	1	5	0	0	0	5	0	0	7.5	5	0	0	0	5	0	0	5.628		99.9239	50.3357	0.0390196	0	0.390493	0.280746	15.948	2		0.0088623	12.0705	39.3374	0	0	0	
2024-06-12 00:22:32	16	202	9	0	0	1	5	0	0	0	5	0	0	6.25	5	0	0	0	5	0	0	4.546		99.9239	50.1738	0.055413	0	0.554552	0.0961738	18.2928	1		0	12.0705	39.0775	0	0	0	
2024-06-12 00:30:18	77	203	5	0	0	6	25	0	0	0	25	0	0	5.25	25	0	0	0	25	0	0	0.649		99.9144	50.2706	0.565541	0	5.66025	0.565256	26.6733	1		0	12.0705	36.4785	0	0	0	
2024-06-12 00:29:43	73	204	9	0	0	6	25	0	0	0	25	0	0	4	25	0	0	0	25	0	0	1.732		99.9126	50.198	0.11302	0	1.13119	0.422737	14.215	2		0	12.0705	36.4785	0	0	0	
2024-06-12 00:29:15	69	205	1	0	0	5	21	0	0	0	21	0	0	2.5	21	0	0	0	21	0	0	2.165		99.915	50.8435	0.10233	0	1.02417	0.253754	16.0876	1		0	11.973	36.4785	0	0	0	
2024-06-12 00:22:25	15	206	1	0	0	1	5	0	0	0	5	0	0	0.25	5	0	0	0	5	0	0	0.649		99.9259	50.17	0.367451	0	3.67723	0.451354	17.3286	1		0	12.0705	39.2074	0	0	0	
2024-06-12 00:27:50	59	207	5	0	0	4	17	0	0	0	17	0	0	0.5	17	0	0	0	17	0	0	3.031		99.9205	49.9075	0.0672635	0	0.67317	0.124703	14.8038	1		0	11.973	36.7384	0	0	0	
2024-06-12 00:33:55	105	208	1	0	0	7.75	32	0	0	0	32	0	0	3	32	0	0	0	32	0	0	4.113		99.9139	50.4368	0.0498373	0	0.498802	0.0952339	14.8868	1		0	11.973	36.0887	0	0	0	
2024-06-12 00:31:13	84	209	1	0	0	6	25	0	0	0	25	0	0	0.25	25	0	0	0	25	0	0	4.979		99.9168	50.1589	0.0418395	0	0.418743	0.10234	15.1285	1		0	12.0705	36.3486	0	0	0	
2024-06-12 00:38:12	136	210	1	0	0	5.25	22	0	0	0	22	0	0	2.5	22	0	0	0	22	0	0	2.381		99.9114	50.352	0.190225	0	1.90394	0.64703	32.8978	2		0	11.973	35.9588	0	0	0	
2024-06-12 00:27:15	54	211	1	0	0	4	17	0	0	0	17	0	0	2.5	17	0	0	0	17	0	0	1.299		99.9195	49.9053	0.155586	0	1.55711	0.120002	14.6754	1		0	12.0705	36.9983	0	0	0	
2024-06-12 00:24:39	33	212	5	0	0	2	9	0	0	0	9	0	0	3	9	0	0	0	9	0	0	0.866		99.9236	49.9941	0.266507	0	2.66711	0.305979	16.758	1		0	12.0705	37.908	0	0	0	
2024-06-12 00:32:27	93	213	1	0	0	7	29	0	0	0	29	0	0	1.5	29	0	0	0	29	0	0	4.762		99.9142	50.1683	0.0425046	0	0.425411	0.0771094	14.7011	1		0	12.0616	36.2187	0	0	0	
2024-06-12 00:20:36	2	214	9	0	0	0	1	0	0	0	1	0	0	5.75	1	0	0	0	1	0	0	4.979		99.9296	51.2438	0.0442859	0	0.44317	0.129369	16.011	2		0	12.0705	41.0267	0	0	0	
2024-06-12 00:21:13	7	215	5	0	0	0	1	0	0	0	1	0	0	4.5	1	0	0	0	1	0	0	3.897		99.93	50.8513	0.0550198	0	0.550583	0.17324	15.5674	1		0	12.0616	40.117	0	0	0	
2024-06-12 00:29:29	71	216	5	0	0	5	21	0	0	0	21	0	0	0	21	0	0	0	21	0	0	4.33		99.9146	50.85	0.0462398	0	0.462793	0.439232	14.5391	1		0	12.0705	36.4785	0	0	0	
2024-06-12 00:34:02	106	217	5	0	0	7.75	32	0	0	0	32	0	0	2.25	32	0	0	0	32	0	0	4.762		99.9135	50.4233	0.0435885	0	0.436263	0.129478	15.0762	1		0	12.0616	35.9588	0	0	0	
2024-06-12 00:28:51	66	218	5	0	0	5	21	0	0	0	21	0	0	7.75	21	0	0	0	21	0	0	2.381		99.9194	50.8503	0.0929974	0	0.930724	0.333108	16.0818	1		0	11.973	36.6085	0	0	0	
2024-06-12 00:28:58	67	219	9	0	0	5	21	0	0	0	21	0	0	6.5	21	0	0	0	21	0	0	1.299		99.9183	50.8591	0.198853	0	1.99015	0.487791	18.7568	1		0	12.0705	36.4785	0	0	0	
2024-06-12 00:25:45	42	220	1	0	0	3	13	0	0	0	13	0	0	2	13	0	0	0	13	0	0	0.866		99.9182	50.537	0.264578	0	2.64794	0.575109	16.6375	1		0	12.0616	37.2582	0	0	0	
2024-06-12 00:37:59	134	221	1	0	0	4.5	19	0	0	0	19	0	0	3.25	19	0	0	0	19	0	0	1.082		99.9109	50.0719	0.196191	0	1.96366	0.868236	15.4226	1		0	12.0705	35.9588	0	0	0	
2024-06-12 00:33:13	99	222	9	0	0	7.75	32	0	0	0	32	0	0	7	32	0	0	0	32	0	0	0.649		99.9151	50.3822	0.387468	0	3.87797	0.855366	18.2745	1		0	12.0616	36.2187	0	0	0	
2024-06-12 00:40:19	151	223	9	0	0	5.5	23	0	0	0	23	0	0	4.25	23	0	0	0	23	0	0	1.082		99.9146	50.1215	0.235228	0	2.35429	0.0232747	18.4905	2		0	12.0705	36.2187	0	0	0	
2024-06-12 00:39:02	141	224	1	0	0	6.75	28	0	0	0	28	0	0	1	28	0	0	0	28	0	0	4.979		99.9183	49.863	0.0485517	0	0.485914	0.530303	17.5552	1		0	12.0616	35.8288	0	0	0	
2024-06-12 00:37:17	129	225	9	0	0	4.25	18	0	0	0	18	0	0	5.5	18	0	0	0	18	0	0	1.082		99.9109	50.0079	0.251778	0	2.52002	0.750914	19.7922	1		0	12.0616	35.9588	0	0	0	
2024-06-12 00:27:01	52	226	5	0	0	4	17	0	0	0	17	0	0	7.75	17	0	0	0	17	0	0	3.247		99.9168	49.8826	0.0593487	0	0.593981	0.213968	13.9953	1		0	12.0705	36.9983	0	0	0	
2024-06-12 00:27:29	56	227	5	0	0	4	17	0	0	0	17	0	0	6.5	17	0	0	0	17	0	0	2.165		99.915	49.8819	0.0879943	0	0.880691	0.216587	13.8339	1		0	12.0616	36.8684	0	0	0	
2024-06-12 00:25:24	39	228	5	0	0	3	13	0	0	0	13	0	0	5	13	0	0	0	13	0	0	1.732		99.9203	50.5338	0.122886	0	1.22984	0.419754	15.4547	1		0	12.0705	37.3882	0	0	0	
2024-06-12 00:25:17	38	229	1	0	0	3	13	0	0	0	13	0	0	3.75	13	0	0	0	13	0	0	0.649		99.9223	50.5681	0.374	0	3.74291	0.777075	17.638	1		0	12.0705	37.5181	0	0	0	
2024-06-12 00:23:51	27	230	5	0	0	2	9	0	0	0	9	0	0	7	9	0	0	0	9	0	0	4.33		99.9222	49.9304	0.0470841	0	0.471208	0.0211866	14.8034	2		0	12.0705	38.1678	0	0	0	
2024-06-12 00:32:05	90	231	5	0	0	7	29	0	0	0	29	0	0	6	29	0	0	0	29	0	0	0.866		99.9114	50.0094	0.298709	0	2.98974	0.577793	18.7851	1		0	12.0616	36.2187	0	0	0	
2024-06-12 00:31:41	87	232	5	0	0	7	29	0	0	0	29	0	0	4.75	29	0	0	0	29	0	0	1.948		99.9144	49.932	0.113389	0	1.13486	0.347963	16.0438	1		0	12.0705	36.2187	0	0	0	
2024-06-12 00:23:00	20	233	5	0	0	1	5	0	0	0	5	0	0	5.5	5	0	0	0	5	0	0	3.897		99.926	50.1177	0.0661759	0	0.662249	0.107604	18.7247	1		0	12.0705	38.8176	0	0	0	
2024-06-12 00:22:39	17	234	5	0	0	1	5	0	0	0	5	0	0	4.25	5	0	0	0	5	0	0	2.814		99.9266	50.1584	0.0749443	0	0.749994	0.351609	15.3151	1		0	12.0705	39.0775	0	0	0	
2024-06-12 00:31:03	83	235	5	0	0	6	25	0	0	0	25	0	0	3.25	25	0	0	0	25	0	0	2.381		99.9139	50.1296	0.0812583	0	0.813284	0.148957	14.0525	2		0	12.0705	36.2187	0	0	0	
2024-06-12 00:36:23	123	236	1	0	0	0.25	2	0	0	0	2	0	0	1.5	2	0	0	0	2	0	0	1.082		99.9163	49.8531	0.192435	0	1.92596	0.215425	15.1264	2		0	12.0616	35.9588	0	0	0	
2024-06-12 00:32:48	96	237	5	0	0	7	29	0	0	0	29	0	0	0.75	29	0	0	0	29	0	0	5.412		99.9124	50.0115	0.0413069	0	0.413431	0.526861	16.2354	1		0	12.0705	36.2187	0	0	0	
2024-06-12 00:21:20	8	238	9	0	0	0	1	0	0	0	1	0	0	5	1	0	0	0	1	0	0	4.33		99.9303	50.7122	0.0508559	0	0.508914	0.0878593	15.988	2		0	12.0616	40.117	0	0	0	
2024-06-12 00:21:06	6	239	1	0	0	0	1	0	0	0	1	0	0	3.75	1	0	0	0	1	0	0	3.247		99.9311	50.9541	0.0665677	0	0.666136	0.0381715	15.6955	1		0.0088623	12.0705	40.3769	0	0	0	
2024-06-12 00:40:46	154	240	9	0	0	7.5	31	0	0	0	31	0	0	6.25	31	0	0	0	31	0	0	1.082		99.9136	49.9906	0.223743	0	2.23937	0.873738	17.588	1		0	12.0616	36.2187	0	0	0	
2024-06-12 00:37:43	132	241	9	0	0	6.25	26	0	0	0	26	0	0	7.5	26	0	0	0	26	0	0	1.082		99.9116	50.1099	0.21616	0	2.16352	0.935226	16.9922	1		0	12.0616	35.9588	0	0	0	
2024-06-12 00:30:38	80	242	5	0	0	6	25	0	0	0	25	0	0	7.25	25	0	0	0	25	0	0	1.082		99.9113	50.1614	0.28048	0	2.80729	0.447026	22.0484	2		0	12.0705	36.3486	0	0	0	
2024-06-12 00:33:05	98	243	1	0	0	7.75	32	0	0	0	32	0	0	1.5	32	0	0	0	32	0	0	5.412		99.9157	50.3673	0.0383314	0	0.383637	0.304953	15.0654	1		0	12.0616	35.9588	0	0	0	
2024-06-12 00:28:58	67	244	5	0	0	5	21	0	0	0	21	0	0	5.75	21	0	0	0	21	0	0	0.649		99.9183	50.8591	0.60635	0	6.06846	0.854641	28.5969	1		0	12.0705	36.4785	0	0	0	
2024-06-12 00:28:04	61	245	9	0	0	5	21	0	0	0	21	0	0	4.5	21	0	0	0	21	0	0	0.433		99.9161	50.9125	0.681934	0	6.82507	0.535499	21.4416	2		0	11.973	36.7384	0	0	0	
2024-06-12 00:26:02	44	246	1	0	0	3	13	0	0	0	13	0	0	1.25	13	0	0	0	13	0	0	1.515		99.9197	50.5139	0.134752	0	1.3486	0.403793	14.8286	1		0	12.0616	37.2582	0	0	0	
2024-06-12 00:23:14	22	247	1	0	0	1	5	0	0	0	5	0	0	2.25	5	0	0	0	5	0	0	1.082		99.9246	50.1119	0.199169	0	1.9932	0.253409	15.6545	1		0	12.0705	38.5577	0	0	0	
2024-06-12 00:36:13	122	248	1	0	0	0.5	3	0	0	0	3	0	0	1.25	3	0	0	0	3	0	0	0.649		99.9158	50.0181	0.389985	0	3.90314	0.121394	18.3931	2		0	12.0616	35.9588	0	0	0	
2024-06-12 00:34:58	113	249	9	0	0	2.5	11	0	0	0	11	0	0	5.25	11	0	0	0	11	0	0	2.381		99.9137	49.7062	0.107438	0	1.07531	0.140783	18.58	2		0	12.0705	36.0887	0	0	0	
2024-06-12 00:33:05	98	250	5	0	0	7.75	32	0	0	0	32	0	0	7.5	32	0	0	0	32	0	0	0.216		99.9157	50.3673	1.028	0	10.2887	0.741117	16.1614	1		0	12.0616	35.9588	0	0	0	
2024-06-12 00:32:55	97	251	9	0	0	7.75	32	0	0	0	32	0	0	6.25	32	0	0	0	32	0	0	1.299		99.9137	50.3619	0.179413	0	1.79568	0.468903	16.9238	2		0	12.0616	36.2187	0	0	0	
2024-06-12 00:37:51	133	252	1	0	0	4.25	18	0	0	0	18	0	0	3.5	18	0	0	0	18	0	0	0.649		99.9114	50.0056	0.346053	0	3.4636	0.174161	16.3218	1		0	12.0705	35.9588	0	0	0	
2024-06-12 00:30:25	78	253	1	0	0	6	25	0	0	0	25	0	0	2.25	25	0	0	0	25	0	0	3.247		99.9168	50.2916	0.0621574	0	0.622092	0.0408769	14.6577	1		0	12.0705	36.3486	0	0	0	
2024-06-12 00:40:08	150	254	9	0	0	5.25	22	0	0	0	22	0	0	4.5	22	0	0	0	22	0	0	0.649		99.9121	50.3872	0.473209	0	4.73625	0.143701	22.3191	2		0	12.0705	36.0887	0	0	0	
2024-06-12 00:27:15	54	255	9	0	0	4	17	0	0	0	17	0	0	5.75	17	0	0	0	17	0	0	1.515		99.9195	49.9053	0.14566	0	1.45778	0.044069	16.0291	1		0	12.0705	36.9983	0	0	0	
2024-06-12 00:26:37	49	256	5	0	0	4	17	0	0	0	17	0	0	4.5	17	0	0	0	17	0	0	0.433		99.9131	49.8354	0.540027	0	5.40496	0.17396	16.9802	2		0	12.0705	37.1283	0	0	0	
2024-06-12 00:20:21	1	257	1	0	0	0	1	0	0	0	1	0	0	2	1	0	0	0	1	0	0	1.732		99.931	51.6656	0.153788	0	1.53894	0.23392	19.3389	2		0	12.035	41.1566	0	0	0	
2024-06-12 00:24:22	31	258	9	0	0	2	9	0	0	0	9	0	0	7.5	9	0	0	0	9	0	0	4.762		99.9237	49.9591	0.0462581	0	0.462935	0.330759	15.9979	2		0	12.0705	38.0379	0	0	0	
2024-06-12 00:23:44	26	259	9	0	0	2	9	0	0	0	9	0	0	6.25	9	0	0	0	9	0	0	3.68		99.9245	50.0428	0.0580605	0	0.581044	0.358967	15.5159	1		0	12.0616	38.2978	0	0	0	
2024-06-12 00:31:57	89	260	9	0	0	7	29	0	0	0	29	0	0	5.25	29	0	0	0	29	0	0	1.515		99.9118	49.9645	0.164822	0	1.64968	0.295057	18.1391	1		0	12.0705	36.2187	0	0	0	
2024-06-12 00:31:20	85	261	9	0	0	7	29	0	0	0	29	0	0	4	29	0	0	0	29	0	0	2.598		99.912	49.9151	0.074234	0	0.742994	0.161307	14.0051	2		0	12.0705	36.3486	0	0	0	
2024-06-12 00:22:46	18	262	1	0	0	1	5	0	0	0	5	0	0	3.5	5	0	0	0	5	0	0	2.165		99.9264	50.1608	0.093463	0	0.935319	0.216019	14.6919	1		0	12.0705	38.9475	0	0	0	
2024-06-12 00:31:03	83	263	1	0	0	6	25	0	0	0	25	0	0	2.5	25	0	0	0	25	0	0	3.031		99.9139	50.1296	0.0809067	0	0.809764	0.334328	17.8076	2		0	12.0705	36.2187	0	0	0	
2024-06-12 00:40:01	149	264	1	0	0	3.75	16	0	0	0	16	0	0	2	16	0	0	0	16	0	0	1.515		99.9138	49.9319	0.145732	0	1.45858	0.360561	16.0379	1		0	11.973	36.0887	0	0	0	
2024-06-12 00:29:15	69	265	5	0	0	5	21	0	0	0	21	0	0	2	21	0	0	0	21	0	0	2.598		99.915	50.8435	0.0759878	0	0.760524	0.442108	14.3355	1		0	11.973	36.4785	0	0	0	
2024-06-12 00:24:53	35	266	1	0	0	2	9	0	0	0	9	0	0	1.75	9	0	0	0	9	0	0	0.216		99.923	49.931	0.951505	0	9.52238	0.313241	14.9577	1		0.0088623	12.0705	37.778	0	0	0	
2024-06-12 00:31:41	87	267	1	0	0	7	29	0	0	0	29	0	0	0	29	0	0	0	29	0	0	6.061		99.9144	49.932	0.0350073	0	0.350373	0.181368	15.4102	1		0	12.0705	36.2187	0	0	0	
2024-06-12 00:21:37	10	268	5	0	0	0	1	0	0	0	1	0	0	3	1	0	0	0	1	0	0	2.598		99.9267	50.7014	0.0781694	0	0.782267	0.347178	14.7454	1		0	12.0616	39.5972	0	0	0	
2024-06-12 00:25:45	42	269	5	0	0	3	13	0	0	0	13	0	0	7	13	0	0	0	13	0	0	3.464		99.9182	50.537	0.0568359	0	0.568824	0.0134813	14.2961	1		0	12.0616	37.2582	0	0	0	
2024-06-12 00:30:25	78	270	5	0	0	6	25	0	0	0	25	0	0	7.75	25	0	0	0	25	0	0	1.515		99.9168	50.2916	0.151414	0	1.5154	0.361876	16.6627	1		0	12.0705	36.3486	0	0	0	
2024-06-12 00:30:31	79	271	9	0	0	6	25	0	0	0	25	0	0	6.5	25	0	0	0	25	0	0	0.433		99.9156	50.2763	0.643104	0	6.43647	0.765539	20.2208	1		0	12.0616	36.3486	0	0	0	
2024-06-12 00:32:55	97	272	1	0	0	7.75	32	0	0	0	32	0	0	0.75	32	0	0	0	32	0	0	6.061		99.9137	50.3619	0.0368364	0	0.368682	0.208195	16.2155	2		0	12.0616	36.2187	0	0	0	
2024-06-12 00:28:42	65	273	1	0	0	5	21	0	0	0	21	0	0	3.75	21	0	0	0	21	0	0	1.082		99.9164	50.7779	0.204452	0	2.04623	0.110396	16.0711	2		0	12.0616	36.6085	0	0	0	
2024-06-12 00:26:16	46	274	1	0	0	3	13	0	0	0	13	0	0	0.5	13	0	0	0	13	0	0	2.165		99.9187	50.5055	0.0941729	0	0.942496	0.588899	14.8047	1		0	12.0705	37.2582	0	0	0	
2024-06-12 00:22:53	19	275	1	0	0	1	5	0	0	0	5	0	0	1.5	5	0	0	0	5	0	0	0.433		99.9276	50.1097	0.572224	0	5.72639	0.491446	17.99	1		0	12.0705	38.8176	0	0	0	
2024-06-12 00:41:59	162	276	1	0	0	2	9	0	0	5.75	9	0	0	3.25	9	0	0	4.5	9	0	0	0.649		99.9191	20.7872	0.236043	0	2.36234	0.589275	18.5538	1		0	12.0705	36.2187	0	0	0	
2024-06-12 00:27:29	56	277	1	0	0	4	17	0	0	0	17	0	0	1.75	17	0	0	0	17	0	0	1.948		99.915	49.8819	0.0986048	0	0.986886	0.15015	13.9518	1		0	12.0616	36.8684	0	0	0	
2024-06-12 00:36:43	125	278	1	0	0	2.5	11	0	0	0	11	0	0	3.25	11	0	0	0	11	0	0	0.649		99.9146	49.6599	0.38919	0	3.89523	0.961822	18.3558	1		0	11.9641	35.9588	0	0	0	
2024-06-12 00:33:20	100	279	5	0	0	7.75	32	0	0	0	32	0	0	5.5	32	0	0	0	32	0	0	1.948		99.9116	50.4157	0.123396	0	1.23505	0.0187231	17.4601	1		0	12.0616	36.2187	0	0	0	
2024-06-12 00:33:27	101	280	9	0	0	7.75	32	0	0	0	32	0	0	4.25	32	0	0	0	32	0	0	3.031		99.9121	50.4075	0.0680114	0	0.680712	0.00978113	14.9696	1		0	12.0616	36.2187	0	0	0	
2024-06-12 00:30:38	80	281	1	0	0	6	25	0	0	0	25	0	0	1.5	25	0	0	0	25	0	0	3.897		99.9113	50.1614	0.051244	0	0.512895	0.158208	14.5018	2		0	12.0705	36.3486	0	0	0	
2024-06-12 00:26:54	51	282	5	0	0	4	17	0	0	0	17	0	0	5	17	0	0	0	17	0	0	0.866		99.9137	49.8591	0.281296	0	2.81539	0.282258	17.6896	1		0	12.0705	36.9983	0	0	0	
2024-06-12 00:27:50	59	283	1	0	0	4	17	0	0	0	17	0	0	3.75	17	0	0	0	17	0	0	0.216		99.9205	49.9075	0.866698	0	8.67388	0.140627	13.6249	1		0	11.973	36.7384	0	0	0	
2024-06-12 00:20:36	2	284	1	0	0	0	1	0	0	0	1	0	0	1.25	1	0	0	0	1	0	0	1.082		99.9296	51.2438	0.189871	0	1.90005	0.0431271	14.9229	2		0	12.0705	41.0267	0	0	0	
2024-06-12 00:24:22	31	285	5	0	0	2	9	0	0	0	9	0	0	5.5	9	0	0	0	9	0	0	3.031		99.9237	49.9591	0.122524	0	1.22618	0.400647	26.9651	2		0	12.0705	38.0379	0	0	0	
2024-06-12 00:24:32	32	286	5	0	0	2	9	0	0	0	9	0	0	4.25	9	0	0	0	9	0	0	1.948		99.9251	49.9757	0.10812	0	1.08202	0.339847	15.2966	1		0	12.0705	37.6481	0	0	0	
2024-06-12 00:32:48	96	287	1	0	0	7	29	0	0	0	29	0	0	3.25	29	0	0	0	29	0	0	3.247		99.9124	50.0115	0.0598168	0	0.598693	0.201713	14.1064	1		0	12.0705	36.2187	0	0	0	
2024-06-12 00:23:07	21	288	5	0	0	1	5	0	0	0	5	0	0	2.75	5	0	0	0	5	0	0	1.515		99.9271	50.1341	0.135837	0	1.35936	0.287003	14.947	1		0	12.0705	38.5577	0	0	0	
2024-06-12 00:20:21	1	289	9	0	0	0	1	0	0	0	1	0	0	7	1	0	0	0	1	0	0	6.061		99.931	51.6656	0.0356034	0	0.35628	0.0912658	15.67	2		0	12.035	41.1566	0	0	0	
2024-06-12 00:29:05	68	290	1	0	0	5	21	0	0	0	21	0	0	1.25	21	0	0	0	21	0	0	3.247		99.9189	50.7808	0.0699851	0	0.70042	0.0563746	16.5032	2		0	12.0616	36.6085	0	0	0	
2024-06-12 00:24:01	28	291	1	0	0	2	9	0	0	0	9	0	0	1	9	0	0	0	9	0	0	0.866		99.9249	50.0818	0.255211	0	2.55403	0.620493	16.0474	1		0	12.0616	38.1678	0	0	0	
2024-06-12 00:26:02	44	292	9	0	0	3	13	0	0	0	13	0	0	7.5	13	0	0	0	13	0	0	3.897		99.9197	50.5139	0.0523035	0	0.523456	0.0225385	14.8004	1		0	12.0616	37.2582	0	0	0	
2024-06-12 00:25:30	40	293	9	0	0	3	13	0	0	0	13	0	0	6.25	13	0	0	0	13	0	0	2.814		99.9216	50.595	0.074828	0	0.748867	0.290876	15.2921	1		0	11.973	37.5181	0	0	0	
2024-06-12 00:31:48	88	294	5	0	0	7	29	0	0	0	29	0	0	7.25	29	0	0	0	29	0	0	0.216		99.9143	49.8684	0.947358	0	9.48171	0.229325	14.8938	2		0	12.0705	36.2187	0	0	0	
2024-06-12 00:22:15	14	295	9	0	0	1	5	0	0	0	5	0	0	6.75	5	0	0	0	5	0	0	4.979		99.9239	50.3357	0.0508021	0	0.508408	0.127574	18.3679	2		0.0088623	12.0705	39.3374	0	0	0	
2024-06-12 00:29:54	74	296	9	0	0	6	25	0	0	0	25	0	0	5.75	25	0	0	0	25	0	0	0.216		99.9116	50.1314	1.25875	0	12.5987	0.197406	19.79	2		0	12.0705	36.4785	0	0	0	
2024-06-12 00:30:03	75	297	9	0	0	6	25	0	0	0	25	0	0	4.5	25	0	0	0	25	0	0	1.299		99.9178	50.1924	0.184756	0	1.84908	0.456128	17.4272	1		0	11.973	36.4785	0	0	0	
2024-06-12 00:33:13	99	298	1	0	0	7.75	32	0	0	0	32	0	0	0	32	0	0	0	32	0	0	6.711		99.9151	50.3822	0.0326269	0	0.326546	0.0111534	15.9011	1		0	12.0616	36.2187	0	0	0	
2024-06-12 00:28:34	64	299	1	0	0	5	21	0	0	0	21	0	0	3	21	0	0	0	21	0	0	1.732		99.9163	50.8497	0.113209	0	1.13304	0.707461	14.2382	1		0	12.0705	36.7384	0	0	0	
2024-06-12 00:22:00	13	300	1	0	0	1	5	0	0	0	5	0	0	0.75	5	0	0	0	5	0	0	0.216		99.9261	50.0233	1.06593	0	10.6671	0.417152	16.7559	4		0	12.0705	39.4673	0	0	0	
2024-06-12 00:38:32	138	301	1	0	0	5.75	24	0	0	0	24	0	0	2	24	0	0	0	24	0	0	3.247		99.9131	50.4985	0.0638241	0	0.638796	0.146037	15.0513	2		0	12.0439	35.8288	0	0	0	
2024-06-12 00:27:43	58	302	5	0	0	4	17	0	0	0	17	0	0	1	17	0	0	0	17	0	0	2.598		99.9185	49.868	0.0749942	0	0.750553	0.138141	14.1476	1		0	12.0616	36.8684	0	0	0	
2024-06-12 00:34:09	107	303	1	0	0	7.75	32	0	0	0	32	0	0	3.5	32	0	0	0	32	0	0	3.68		99.9094	50.4066	0.054782	0	0.548317	0.171375	14.642	1		0	12.0705	36.0887	0	0	0	
2024-06-12 00:30:56	82	304	1	0	0	6	25	0	0	0	25	0	0	0.75	25	0	0	0	25	0	0	4.546		99.9167	50.216	0.053555	0	0.535996	0.640808	17.6808	1		0	12.0705	36.2187	0	0	0	
2024-06-12 00:27:01	52	305	1	0	0	4	17	0	0	0	17	0	0	3	17	0	0	0	17	0	0	0.866		99.9168	49.8826	0.247412	0	2.47618	0.55313	15.5583	1		0	12.0705	36.9983	0	0	0	
2024-06-12 00:20:52	4	306	1	0	0	0	1	0	0	0	1	0	0	0.5	1	0	0	0	1	0	0	0.433		99.9334	51.0778	0.532538	0	5.32893	0.85168	16.7413	1		0	12.0705	40.6368	0	0	0	
2024-06-12 00:41:01	156	307	1	0	0	3.5	15	0	0	4.25	15	0	0	2.75	15	0	0	5	15	0	0	0.389		99.9187	19.7195	0.44477	0	4.45132	0.0416296	20.9763	1		0	12.0705	36.0887	0	0	0	
2024-06-12 00:24:46	34	308	1	0	0	2	9	0	0	0	9	0	0	3.5	9	0	0	0	9	0	0	1.299		99.9223	50.0095	0.167001	0	1.67131	0.247376	15.7517	1		0	12.0616	37.778	0	0	0	
2024-06-12 00:32:20	92	309	1	0	0	7	29	0	0	0	29	0	0	2.5	29	0	0	0	29	0	0	3.897		99.9107	50.1572	0.0556177	0	0.556674	0.460792	15.7396	1		0	12.0705	36.2187	0	0	0	
2024-06-12 00:32:34	94	310	1	0	0	7	29	0	0	0	29	0	0	2	29	0	0	0	29	0	0	4.33		99.911	50.087	0.046953	0	0.469949	0.0159726	14.7639	1		0	12.0705	35.9588	0	0	0	
2024-06-12 00:20:45	3	311	9	0	0	0	1	0	0	0	1	0	0	7.5	1	0	0	0	1	0	0	6.494		99.933	51.1618	0.0350919	0	0.351154	0.810203	16.5478	1		0	11.973	40.7668	0	0	0	
2024-06-12 00:20:52	4	312	5	0	0	0	1	0	0	0	1	0	0	6.25	1	0	0	0	1	0	0	5.412		99.9334	51.0778	0.0407826	0	0.408097	0.159347	16.026	1		0	12.0705	40.6368	0	0	0	
2024-06-12 00:29:22	70	313	5	0	0	5	21	0	0	0	21	0	0	0.5	21	0	0	0	21	0	0	3.897		99.9181	50.8711	0.0617118	0	0.617623	0.80901	17.4629	1		0	12.0616	36.4785	0	0	0	
2024-06-12 00:39:23	144	314	1	0	0	1.25	6	0	0	0	6	0	0	0.5	6	0	0	0	6	0	0	0.649		99.9122	49.7974	0.378337	0	3.7867	0.960395	17.8444	1		0	12.0616	35.9588	0	0	0	
2024-06-12 00:28:34	64	315	5	0	0	5	21	0	0	0	21	0	0	7	21	0	0	0	21	0	0	1.732		99.9163	50.8497	0.128268	0	1.28376	0.496017	16.1322	1		0	12.0705	36.7384	0	0	0	
2024-06-12 00:24:59	36	316	1	0	0	2	9	0	0	0	9	0	0	0.25	9	0	0	0	9	0	0	1.515		99.9249	49.9212	0.136195	0	1.36297	0.311621	14.9867	1		0	12.0705	37.3882	0	0	0	
2024-06-12 00:26:47	50	317	9	0	0	4	17	0	0	0	17	0	0	7	17	0	0	0	17	0	0	2.598		99.9181	49.8255	0.0715576	0	0.716163	0.0725673	13.4993	1		0	12.0616	37.1283	0	0	0	
2024-06-12 00:25:17	38	318	5	0	0	3	13	0	0	0	13	0	0	5.5	13	0	0	0	13	0	0	2.165		99.9223	50.5681	0.102066	0	1.02145	0.700528	16.0449	1		0	12.0705	37.5181	0	0	0	
2024-06-12 00:25:06	37	319	5	0	0	3	13	0	0	0	13	0	0	4.25	13	0	0	0	13	0	0	1.082		99.9214	50.5179	0.197209	0	1.97365	0.0431504	15.501	2		0	12.0616	37.3882	0	0	0	
2024-06-12 00:31:30	86	320	5	0	0	7	29	0	0	0	29	0	0	7.75	29	0	0	0	29	0	0	0.649		99.914	49.9008	0.387038	0	3.87371	0.171895	18.2544	2		0	12.0705	36.2187	0	0	0	
2024-06-12 00:32:20	92	321	5	0	0	7	29	0	0	0	29	0	0	6.5	29	0	0	0	29	0	0	0.433		99.9107	50.1572	0.604377	0	6.04917	0.562939	19.004	1		0	12.0705	36.2187	0	0	0	
2024-06-12 00:22:46	18	322	5	0	0	1	5	0	0	0	5	0	0	6	5	0	0	0	5	0	0	4.33		99.9264	50.1608	0.0595254	0	0.595693	0.201584	18.7142	1		0	12.0705	38.9475	0	0	0	
2024-06-12 00:22:53	19	323	5	0	0	1	5	0	0	0	5	0	0	4.75	5	0	0	0	5	0	0	3.247		99.9276	50.1097	0.0755613	0	0.75616	0.261797	17.8166	1		0	12.0705	38.8176	0	0	0	
2024-06-12 00:36:57	127	324	9	0	0	4.75	20	0	0	0	20	0	0	5	20	0	0	0	20	0	0	0.216		99.915	49.8716	1.23615	0	12.372	0.0906049	19.4339	2		0	12.0616	35.8288	0	0	0	
2024-06-12 00:30:18	77	325	9	0	0	6	25	0	0	0	25	0	0	5	25	0	0	0	25	0	0	0.866		99.9144	50.2706	0.381838	0	3.82165	0.605921	24.0121	1		0	12.0705	36.4785	0	0	0	
2024-06-12 00:29:54	74	326	1	0	0	6	25	0	0	0	25	0	0	3.75	25	0	0	0	25	0	0	1.948		99.9116	50.1314	0.10209	0	1.02181	0.0178264	14.4455	2		0	12.0705	36.4785	0	0	0	
2024-06-12 00:22:32	16	327	1	0	0	1	5	0	0	0	5	0	0	0	5	0	0	0	5	0	0	0.866		99.9239	50.1738	0.252771	0	2.52963	0.516944	15.8941	1		0	12.0705	39.0775	0	0	0	
2024-06-12 00:35:37	118	328	9	0	0	0.75	4	0	0	0	4	0	0	7	4	0	0	0	4	0	0	5.412		99.9162	50.4813	0.0393888	0	0.394218	0.467802	15.4809	1		0	12.0705	35.9588	0	0	0	
2024-06-12 00:27:08	53	329	1	0	0	4	17	0	0	0	17	0	0	0.25	17	0	0	0	17	0	0	3.247		99.9185	49.8664	0.0608197	0	0.608693	0.0358954	14.342	1		0	12.0705	36.9983	0	0	0	
2024-06-12 00:33:49	104	330	1	0	0	7.75	32	0	0	0	32	0	0	2.75	32	0	0	0	32	0	0	4.33		99.9114	50.54	0.0492161	0	0.492597	0.341416	15.4754	1		0	12.0705	35.9588	0	0	0	
2024-06-12 00:31:13	84	331	5	0	0	6	25	0	0	0	25	0	0	0	25	0	0	0	25	0	0	5.195		99.9168	50.1589	0.0456832	0	0.457212	0.0131613	17.2365	1		0	12.0705	36.3486	0	0	0	
2024-06-12 00:24:39	33	332	1	0	0	2	9	0	0	0	9	0	0	2.75	9	0	0	0	9	0	0	0.649		99.9236	49.9941	0.391252	0	3.91551	0.457306	18.4514	1		0	12.0705	37.908	0	0	0	
2024-06-12 00:32:41	95	333	5	0	0	7	29	0	0	0	29	0	0	1.25	29	0	0	0	29	0	0	4.979		99.91	50.0198	0.0439708	0	0.440105	0.793676	15.9002	1		0	12.0705	36.2187	0	0	0	
2024-06-12 00:20:52	4	334	9	0	0	0	1	0	0	0	1	0	0	5.5	1	0	0	0	1	0	0	4.762		99.9334	51.0778	0.062251	0	0.622924	0.276843	21.5267	1		0	12.0705	40.6368	0	0	0	
2024-06-12 00:20:59	5	335	5	0	0	0	1	0	0	0	1	0	0	4.25	1	0	0	0	1	0	0	3.68		99.9262	51.0073	0.0594813	0	0.595252	0.294363	15.8953	1		0	12.0705	40.5069	0	0	0	
