Time	MeasID	DPID	Channel	A(x)	A(y)	A(z)	A(adr)	B(x)	B(y)	B(z)	B(adr)	M(x)	M(y)	M(z)	M(adr)	N(x)	N(y)	N(z)	N(adr)	F(x)	F(y)	F(z)	Note	I(mA)	Uout(V)	U(V)	SP(V)	R(Ohm)	Var(%)	Rho-a(Ohm-m)	Cycles	IP Delay Window(mV/V)	Pint(V)	Pext(V)	T int(deg C)	T log(deg C)	Latitude	Longitude
2024-06-22 13:05:40	602	1006	5	0	0	7.75	32	0	0	0	32	0	0	2	32	0	0	0	32	0	0	4.979		99.9367	37.9927	0.0416052	0	0.416315	0.221427	15.0408	1		0	12.0439	38.5577	0	0	0	
2024-06-22 12:59:14	557	1007	9	0	0	5	21	0	0	0	21	0	0	7.5	21	0	0	0	21	0	0	2.165		99.9336	38.2261	0.0895438	0	0.896033	0.242369	14.0749	1		0	12.0439	38.9475	0	0	0	
2024-06-22 13:00:15	564	1008	5	0	0	5	21	0	0	0	21	0	0	6.25	21	0	0	0	21	0	0	1.082		99.9376	38.0272	0.19031	0	1.90429	0.218558	14.9562	1		0	12.0439	38.9475	0	0	0	
2024-06-22 12:55:59	534	1009	1	0	0	3	13	0	0	0	13	0	0	1.75	13	0	0	0	13	0	0	1.082		99.9414	38.4389	0.172603	0	1.72704	0.110291	13.5641	1		0	12.0439	39.8571	0	0	0	
2024-06-22 13:04:40	595	1010	5	0	0	7.75	32	0	0	0	32	0	0	6.75	32	0	0	0	32	0	0	0.866		99.9397	38.0512	0.241141	0	2.41286	0.0958854	15.1605	1		0	12.0439	38.5577	0	0	0	
2024-06-22 13:11:41	644	1011	1	0	0	3.25	14	0	0	0	14	0	0	2.5	14	0	0	0	14	0	0	0.649		99.9391	38.3021	0.295433	0	2.95613	0.00882729	13.9304	1		0	12.0439	38.5577	0	0	0	
2024-06-22 12:57:41	546	1012	9	0	0	4	17	0	0	0	17	0	0	7.5	17	0	0	0	17	0	0	3.031		99.9377	37.611	0.0656948	0	0.657358	0.11409	14.4561	1		0	12.0439	39.3374	0	0	0	
2024-06-22 12:57:33	545	1013	9	0	0	4	17	0	0	0	17	0	0	6.25	17	0	0	0	17	0	0	1.948		99.9424	37.6704	0.101456	0	1.01514	0.111485	14.3513	1		0	12.0439	39.2074	0	0	0	
2024-06-22 12:57:16	543	1014	1	0	0	3	13	0	0	0	13	0	0	3.5	13	0	0	0	13	0	0	0.433		99.9424	38.2599	0.44056	0	4.40814	0.153638	13.8486	1		0	12.0439	39.3374	0	0	0	
2024-06-22 12:54:43	525	1015	5	0	0	2	9	0	0	0	9	0	0	6.75	9	0	0	0	9	0	0	4.113		99.9433	37.6246	0.0526365	0	0.526663	0.0505117	15.7183	1		0	12.0439	40.3769	0	0	0	
2024-06-22 13:03:31	587	1016	5	0	0	7	29	0	0	0	29	0	0	5.75	29	0	0	0	29	0	0	1.082		99.9393	37.8787	0.191264	0	1.9138	0.123237	15.031	1		0	12.0439	38.5577	0	0	0	
2024-06-22 13:02:40	581	1017	5	0	0	7	29	0	0	0	29	0	0	4.5	29	0	0	0	29	0	0	2.165		99.9376	38.0863	0.0904481	0	0.905045	0.0296412	14.2164	1		0	12.0439	38.5577	0	0	0	
2024-06-22 12:52:38	511	1018	5	0	0	1	5	0	0	0	5	0	0	5.25	5	0	0	0	5	0	0	3.68		99.9491	37.3685	0.059349	0	0.593792	0.246078	15.8564	1		0	12.0439	41.4165	0	0	0	
2024-06-22 12:52:17	509	1019	9	0	0	1	5	0	0	0	5	0	0	4	5	0	0	0	5	0	0	2.598		99.95	37.4971	0.0729266	0	0.729631	0.0282844	13.7532	1		0	12.0439	41.6764	0	0	0	
2024-06-22 13:09:59	632	1020	1	0	0	4.75	20	0	0	0	20	0	0	3	20	0	0	0	20	0	0	1.515		99.9364	37.858	0.12431	0	1.24389	0.0549751	13.6773	1		0.0088623	12.0439	38.4277	0	0	0	
2024-06-22 13:02:31	580	1021	5	0	0	6	25	0	0	0	25	0	0	3	25	0	0	0	25	0	0	2.598		99.9428	38.1832	0.0764062	0	0.764499	0.110204	14.4105	1		0	12.0439	38.5577	0	0	0	
2024-06-22 12:55:00	527	1022	1	0	0	2	9	0	0	0	9	0	0	2.25	9	0	0	0	9	0	0	0.216		99.9469	37.8464	0.683776	0	6.84139	0.0692255	10.7464	1		0	12.0439	40.117	0	0	0	
2024-06-22 13:03:56	590	1023	5	0	0	7	29	0	0	0	29	0	0	0.5	29	0	0	0	29	0	0	5.628		99.9417	38.0236	0.0435115	0	0.435368	0.205232	17.7808	1		0	12.0439	38.6876	0	0	0	
2024-06-22 12:51:52	506	1024	5	0	0	0	1	0	0	0	1	0	0	3.5	1	0	0	0	1	0	0	3.031		99.9518	37.6399	0.0673766	0	0.674091	0.486534	14.824	1		0.0088623	12.0439	42.0662	0	0	0	
2024-06-22 13:11:33	643	1025	1	0	0	1.75	8	0	0	0	8	0	0	0	8	0	0	0	8	0	0	1.515		99.9374	38.0825	0.119672	0	1.19747	0.207923	13.1669	1		0.0088623	12.0439	38.4277	0	0	0	
2024-06-22 13:01:49	575	1026	5	0	0	6	25	0	0	0	25	0	0	7	25	0	0	0	25	0	0	0.866		99.9366	37.9299	0.247391	0	2.47548	0.115098	15.5539	1		0	12.0439	38.6876	0	0	0	
2024-06-22 13:10:44	637	1027	1	0	0	6.5	27	0	0	0	27	0	0	1.25	27	0	0	0	27	0	0	4.546		99.9346	37.8914	0.0521113	0	0.521454	0.00826749	17.2011	1		0	12.0439	38.4277	0	0	0	
2024-06-22 13:06:05	605	1028	5	0	0	7.75	32	0	0	0	32	0	0	1.25	32	0	0	0	32	0	0	5.628		99.9316	37.916	0.0389826	0	0.390093	0.437659	15.9317	1		0	12.0439	38.5577	0	0	0	
2024-06-22 13:00:06	563	1029	5	0	0	5	21	0	0	0	21	0	0	5.5	21	0	0	0	21	0	0	0.433		99.9378	38.0765	0.459444	0	4.5973	0.158902	14.4428	1		0	12.0439	38.9475	0	0	0	
2024-06-22 12:59:40	560	1030	9	0	0	5	21	0	0	0	21	0	0	4.25	21	0	0	0	21	0	0	0.649		99.9348	38.1301	0.315022	0	3.15227	0.230488	14.8547	1		0	12.0439	38.9475	0	0	0	
2024-06-22 12:56:16	536	1031	1	0	0	3	13	0	0	0	13	0	0	1	13	0	0	0	13	0	0	1.732		99.9425	38.3384	0.104589	0	1.04649	0.0482781	13.1506	1		0	12.0439	39.7272	0	0	0	
2024-06-22 12:53:23	516	1032	1	0	0	1	5	0	0	0	5	0	0	2	5	0	0	0	5	0	0	0.866		99.9549	37.5323	0.213572	0	2.13668	0.110972	13.4252	1		0	12.0439	40.8967	0	0	0	
2024-06-22 13:07:04	612	1033	9	0	0	1.75	8	0	0	0	8	0	0	6	8	0	0	0	8	0	0	3.68		99.9341	37.8604	0.0595846	0	0.596239	0.181805	15.9217	1		0	12.0439	38.4277	0	0	0	
2024-06-22 12:58:48	554	1034	5	0	0	4	17	0	0	0	17	0	0	2.25	17	0	0	0	17	0	0	1.515		99.941	37.777	0.121722	0	1.21794	0.154324	13.392	1		0	12.0439	38.9475	0	0	0	
2024-06-22 13:05:15	599	1035	9	0	0	7.75	32	0	0	0	32	0	0	6	32	0	0	0	32	0	0	1.515		99.9355	37.9686	0.130468	0	1.30552	0.123054	14.355	1		0	12.0439	38.5577	0	0	0	
2024-06-22 13:05:30	601	1036	5	0	0	7.75	32	0	0	0	32	0	0	4.75	32	0	0	0	32	0	0	2.598		99.9389	38.1312	0.073102	0	0.731467	0.13742	13.7878	1		0	12.0084	38.5577	0	0	0	
2024-06-22 13:01:22	572	1037	1	0	0	6	25	0	0	0	25	0	0	2	25	0	0	0	25	0	0	3.464		99.9399	38.0114	0.0628171	0	0.628549	0.0543779	15.7972	1		0	12.0439	38.6876	0	0	0	
2024-06-22 12:57:41	546	1038	5	0	0	4	17	0	0	0	17	0	0	5.5	17	0	0	0	17	0	0	1.299		99.9377	37.611	0.15619	0	1.56287	0.0781864	14.7297	1		0	12.0439	39.3374	0	0	0	
2024-06-22 12:58:22	551	1039	9	0	0	4	17	0	0	0	17	0	0	4.25	17	0	0	0	17	0	0	0.216		99.9409	37.8389	0.769302	0	7.69757	0.059121	12.0913	1		0	12.0439	39.2074	0	0	0	
2024-06-22 12:51:44	505	1040	5	0	0	0	1	0	0	0	1	0	0	1.75	1	0	0	0	1	0	0	1.515		99.9482	37.445	0.120319	0	1.20382	0.0922169	13.2367	1		0.0088623	12.0439	42.0662	0	0	0	
2024-06-22 13:12:47	652	1041	1	0	0	3.75	16	0	0	4	16	0	0	3.5	16	0	0	4.25	16	0	0	0.13		99.9375	16.667	0.48543	0	4.85733	0.12979	7.62988	1		0	12.0439	38.4277	0	0	0	
2024-06-22 12:57:23	544	1042	1	0	0	3	13	0	0	0	13	0	0	2.75	13	0	0	0	13	0	0	0.216		99.9455	38.4641	0.681365	0	6.81737	0.192917	10.7087	1		0	12.0439	39.4673	0	0	0	
2024-06-22 12:55:00	527	1043	5	0	0	2	9	0	0	0	9	0	0	6	9	0	0	0	9	0	0	3.464		99.9469	37.8464	0.0627822	0	0.628156	0.0282375	15.7873	1		0	12.0439	40.117	0	0	0	
2024-06-22 12:54:14	522	1044	5	0	0	2	9	0	0	0	9	0	0	4.75	9	0	0	0	9	0	0	2.381		99.9485	37.6639	0.0816442	0	0.816863	0.139376	14.1144	2		0.0088623	12.0439	40.5069	0	0	0	
2024-06-22 13:02:57	583	1045	1	0	0	7	29	0	0	0	29	0	0	5	29	0	0	0	29	0	0	1.732		99.9383	37.9812	0.113165	0	1.13235	0.155626	14.2295	1		0	12.0439	38.6876	0	0	0	
2024-06-22 13:03:14	585	1046	1	0	0	7	29	0	0	0	29	0	0	3.75	29	0	0	0	29	0	0	2.814		99.9392	37.9051	0.0706866	0	0.707296	0.0535511	14.4432	1		0	12.0439	38.5577	0	0	0	
2024-06-22 12:52:59	513	1047	1	0	0	1	5	0	0	0	5	0	0	3.25	5	0	0	0	5	0	0	1.948		99.9511	37.2867	0.093436	0	0.934817	0.121819	13.2157	1		0	12.0439	41.1566	0	0	0	
2024-06-22 13:06:39	609	1048	9	0	0	2.75	12	0	0	0	12	0	0	5	12	0	0	0	12	0	0	1.948		99.9361	37.5191	0.0957585	0	0.958198	0.162073	13.5462	1		0	12.0439	38.4277	0	0	0	
2024-06-22 13:00:47	568	1049	1	0	0	5	21	0	0	0	21	0	0	1.75	21	0	0	0	21	0	0	2.814		99.9388	38.384	0.0712587	0	0.713024	0.137616	14.5602	1		0	12.0439	38.9475	0	0	0	
2024-06-22 12:55:17	529	1050	5	0	0	2	9	0	0	0	9	0	0	1.5	9	0	0	0	9	0	0	0.433		99.9421	37.6292	0.421553	0	4.21797	0.0788593	13.2511	1		0	12.0439	39.9871	0	0	0	
2024-06-22 12:52:01	507	1051	1	0	0	0	1	0	0	0	1	0	0	2.75	1	0	0	0	1	0	0	2.381		99.9535	37.7426	0.1037	0	1.03748	0.783121	17.9264	1		0	12.0439	41.9363	0	0	0	
2024-06-22 13:06:31	608	1052	9	0	0	3.25	14	0	0	0	14	0	0	4.5	14	0	0	0	14	0	0	1.082		99.933	37.9492	0.180101	0	1.80222	0.0728509	14.1546	1		0	12.0439	38.4277	0	0	0	
2024-06-22 12:56:49	540	1053	5	0	0	3	13	0	0	0	13	0	0	6.75	13	0	0	0	13	0	0	3.247		99.9478	38.4824	0.0634645	0	0.634976	0.0129955	14.9613	1		0	12.0439	39.5972	0	0	0	
2024-06-22 12:52:47	512	1054	9	0	0	1	5	0	0	0	5	0	0	7.25	5	0	0	0	5	0	0	5.412		99.9462	37.3387	0.0539884	0	0.540174	0.312065	21.2126	2		0	12.0439	41.2865	0	0	0	
2024-06-22 13:01:05	570	1055	9	0	0	6	25	0	0	0	25	0	0	7.5	25	0	0	0	25	0	0	1.299		99.9353	38.0863	0.15444	0	1.5454	0.0077826	14.5651	1		0	12.0439	38.8176	0	0	0	
2024-06-22 13:01:31	573	1056	9	0	0	6	25	0	0	0	25	0	0	6.25	25	0	0	0	25	0	0	0.216		99.9387	37.9759	0.754804	0	7.55267	0.171251	11.8637	1		0	12.0439	38.5577	0	0	0	
2024-06-22 13:05:40	602	1057	1	0	0	7.75	32	0	0	0	32	0	0	0.5	32	0	0	0	32	0	0	6.278		99.9367	37.9927	0.0360901	0	0.361129	0.422129	16.4506	1		0	12.0439	38.5577	0	0	0	
2024-06-22 13:00:15	564	1058	1	0	0	5	21	0	0	0	21	0	0	3.5	21	0	0	0	21	0	0	1.299		99.9376	38.0272	0.147407	0	1.47499	0.169843	13.9014	1		0	12.0439	38.9475	0	0	0	
2024-06-22 12:57:07	542	1059	1	0	0	3	13	0	0	0	13	0	0	0.25	13	0	0	0	13	0	0	2.381		99.9442	38.2972	0.0772131	0	0.772562	0.0515057	13.3489	1		0.0088623	12.0439	39.4673	0	0	0	
2024-06-22 12:52:38	511	1060	1	0	0	1	5	0	0	0	5	0	0	1.25	5	0	0	0	5	0	0	0.216		99.9491	37.3685	0.686816	0	6.87166	0.122051	10.794	1		0	12.0439	41.4165	0	0	0	
2024-06-22 12:57:58	548	1061	1	0	0	4	17	0	0	0	17	0	0	1.5	17	0	0	0	17	0	0	2.165		99.9356	37.5675	0.0851955	0	0.852504	0.127906	13.3911	1		0	12.0439	39.3374	0	0	0	
2024-06-22 13:07:13	613	1062	9	0	0	1.5	7	0	0	0	7	0	0	6.25	7	0	0	0	7	0	0	4.113		99.938	37.0394	0.0564801	0	0.565151	0.701676	16.867	2		0	12.0439	38.5577	0	0	0	
2024-06-22 13:04:32	594	1063	9	0	0	7.75	32	0	0	0	32	0	0	5.25	32	0	0	0	32	0	0	2.165		99.933	37.9942	0.0879179	0	0.879768	0.0274524	13.8194	1		0.0088623	12.0439	38.5577	0	0	0	
2024-06-22 13:04:58	597	1064	9	0	0	7.75	32	0	0	0	32	0	0	4	32	0	0	0	32	0	0	3.247		99.935	38.0041	0.0592719	0	0.593104	0.115953	13.9747	1		0	12.0439	38.5577	0	0	0	
2024-06-22 13:01:39	574	1065	1	0	0	6	25	0	0	0	25	0	0	1.25	25	0	0	0	25	0	0	4.113		99.9342	37.9294	0.0565148	0	0.56552	0.0859786	16.878	1		0	12.0439	38.5577	0	0	0	
2024-06-22 12:58:40	553	1066	1	0	0	4	17	0	0	0	17	0	0	3.5	17	0	0	0	17	0	0	0.433		99.9379	37.5462	0.467076	0	4.67367	0.132499	14.6828	1		0	12.0439	39.0775	0	0	0	
2024-06-22 12:51:44	505	1067	1	0	0	0	1	0	0	0	1	0	0	1	1	0	0	0	1	0	0	0.866		99.9482	37.445	0.219592	0	2.19706	0.0611959	13.8045	1		0.0088623	12.0439	42.0662	0	0	0	
2024-06-22 12:54:51	526	1068	5	0	0	2	9	0	0	0	9	0	0	5.25	9	0	0	0	9	0	0	2.814		99.9421	37.615	0.0751108	0	0.751543	0.676671	15.3468	1		0	12.0439	40.117	0	0	0	
2024-06-22 12:54:51	526	1069	9	0	0	2	9	0	0	0	9	0	0	4	9	0	0	0	9	0	0	1.732		99.9421	37.615	0.107581	0	1.07643	0.0706052	13.5268	1		0	12.0439	40.117	0	0	0	
2024-06-22 13:11:49	645	1070	1	0	0	3.5	15	0	0	0	15	0	0	2.25	15	0	0	0	15	0	0	1.082		99.9391	37.6437	0.173434	0	1.73539	0.0859692	13.6297	1		0	12.0439	38.6876	0	0	0	
2024-06-22 13:03:31	587	1071	1	0	0	7	29	0	0	0	29	0	0	3	29	0	0	0	29	0	0	3.464		99.9393	37.8787	0.0589555	0	0.589913	0.0219014	14.8261	1		0	12.0439	38.5577	0	0	0	
2024-06-22 12:53:16	515	1072	1	0	0	1	5	0	0	0	5	0	0	2.5	5	0	0	0	5	0	0	1.299		99.9475	37.2757	0.141524	0	1.41598	0.0751263	13.3453	1		0	12.0439	40.8967	0	0	0	
2024-06-22 12:50:51	499	1073	9	0	0	0	1	0	0	0	1	0	0	6.75	1	0	0	0	1	0	0	5.845		99.9518	37.4906	0.0407935	0	0.408132	0.418256	17.3095	2		0	12.0439	42.9758	0	0	0	
2024-06-22 13:08:28	621	1074	1	0	0	2.75	12	0	0	0	12	0	0	3	12	0	0	0	12	0	0	0.216		99.9358	37.7377	0.686366	0	6.86806	0.0894503	10.7883	1		0	12.0439	38.2978	0	0	0	
2024-06-22 12:59:31	559	1075	1	0	0	5	21	0	0	0	21	0	0	1	21	0	0	0	21	0	0	3.464		99.9391	38.1472	0.060959	0	0.609961	0.158354	15.33	1		0	12.0439	38.9475	0	0	0	
2024-06-22 13:14:07	661	1076	1	0	0	0.5	3	0	0	7.25	3	0	0	2.75	3	0	0	5	3	0	0	1.168		99.9378	18.1459	0.0720804	0	0.721252	0.20032	10.1965	2		0	12.0439	38.5577	0	0	0	
2024-06-22 13:09:18	627	1077	9	0	0	6.75	28	0	0	0	28	0	0	7	28	0	0	0	28	0	0	0.216		99.9349	37.8554	0.732461	0	7.32939	0.055071	11.513	1		0	12.0439	38.4277	0	0	0	
2024-06-22 12:54:51	526	1078	1	0	0	2	9	0	0	0	9	0	0	0.75	9	0	0	0	9	0	0	1.082		99.9421	37.615	0.168717	0	1.68815	0.0371108	13.2587	1		0	12.0439	40.117	0	0	0	
2024-06-22 12:56:33	538	1079	9	0	0	3	13	0	0	0	13	0	0	6	13	0	0	0	13	0	0	2.598		99.947	38.2785	0.0768538	0	0.768945	0.24578	14.4943	1		0	12.0439	39.4673	0	0	0	
2024-06-22 12:55:59	534	1080	9	0	0	3	13	0	0	0	13	0	0	4.75	13	0	0	0	13	0	0	1.515		99.9414	38.4389	0.125527	0	1.25601	0.0228818	13.8106	1		0	12.0439	39.8571	0	0	0	
2024-06-22 12:52:59	513	1081	9	0	0	1	5	0	0	0	5	0	0	7.75	5	0	0	0	5	0	0	5.845		99.9511	37.2867	0.03881	0	0.38829	0.303895	16.4679	1		0	12.0439	41.1566	0	0	0	
2024-06-22 12:53:16	515	1082	9	0	0	1	5	0	0	0	5	0	0	6.5	5	0	0	0	5	0	0	4.762		99.9475	37.2757	0.0501959	0	0.502223	0.603175	17.3556	1		0	12.0439	40.8967	0	0	0	
2024-06-22 13:00:56	569	1083	5	0	0	6	25	0	0	0	25	0	0	5.5	25	0	0	0	25	0	0	0.433		99.9357	38.1258	0.471198	0	4.71501	0.187142	14.8126	1		0	12.0439	38.8176	0	0	0	
2024-06-22 13:01:58	576	1084	5	0	0	6	25	0	0	0	25	0	0	4.25	25	0	0	0	25	0	0	1.515		99.9384	37.9149	0.131189	0	1.3127	0.159044	14.4338	1		0	12.0439	38.5577	0	0	0	
2024-06-22 12:59:49	561	1085	1	0	0	5	21	0	0	0	21	0	0	2.75	21	0	0	0	21	0	0	1.948		99.934	38.0756	0.0956442	0	0.957073	0.233816	13.5303	1		0	12.0439	38.9475	0	0	0	
2024-06-22 12:53:40	518	1086	5	0	0	1	5	0	0	0	5	0	0	0.5	5	0	0	0	5	0	0	0.433		99.9512	37.3297	0.439359	0	4.39574	0.230207	13.8096	1		0	12.0439	40.7668	0	0	0	
2024-06-22 12:58:14	550	1087	1	0	0	4	17	0	0	0	17	0	0	0.75	17	0	0	0	17	0	0	2.814		99.9443	37.737	0.0687586	0	0.687969	0.00416879	14.0486	1		0	12.0439	39.3374	0	0	0	
2024-06-22 13:04:48	596	1088	1	0	0	7.75	32	0	0	0	32	0	0	3.25	32	0	0	0	32	0	0	3.897		99.9362	38.08	0.0501729	0	0.50205	0.442886	14.1951	1		0	12.0439	38.5577	0	0	0	
2024-06-22 13:13:19	656	1089	1	0	0	2.75	12	0	0	5	12	0	0	0.5	12	0	0	7.25	12	0	0	1.168		99.9423	17.8807	0.0727868	0	0.728288	0.171269	10.2959	1		0	12.0439	38.6876	0	0	0	
2024-06-22 13:07:23	614	1090	9	0	0	1.25	6	0	0	0	6	0	0	6.5	6	0	0	0	6	0	0	4.546		99.9392	37.9143	0.0514023	0	0.514335	0.441811	16.9662	1		0	12.0439	38.4277	0	0	0	
2024-06-22 13:02:14	578	1091	5	0	0	6	25	0	0	0	25	0	0	0.5	25	0	0	0	25	0	0	4.762		99.942	38.0641	0.0524299	0	0.524603	0.292152	18.129	1		0.0088623	12.0439	38.4277	0	0	0	
2024-06-22 12:59:04	556	1092	5	0	0	4	17	0	0	0	17	0	0	2.75	17	0	0	0	17	0	0	1.082		99.9348	37.7836	0.176438	0	1.76553	0.186303	13.8664	1		0	11.9375	39.0775	0	0	0	
2024-06-22 12:50:43	498	1093	1	0	0	0	1	0	0	0	1	0	0	0.25	1	0	0	0	1	0	0	0.216		99.9558	37.5456	0.68946	0	6.89765	0.0122816	10.8348	1		0	12.0439	43.2357	0	0	0	
2024-06-22 12:54:25	523	1094	1	0	0	2	9	0	0	0	9	0	0	3.25	9	0	0	0	9	0	0	1.082		99.9432	37.659	0.174598	0	1.74697	0.0181128	13.7207	1		0	12.0439	40.3769	0	0	0	
2024-06-22 13:04:14	592	1095	5	0	0	7	29	0	0	0	29	0	0	1.75	29	0	0	0	29	0	0	4.546		99.9373	38.0066	0.0497253	0	0.497565	0.495125	16.413	1		0	12.0439	38.2978	0	0	0	
2024-06-22 12:51:02	500	1096	9	0	0	0	1	0	0	0	1	0	0	6	1	0	0	0	1	0	0	5.195		99.9531	37.5207	0.0478513	0	0.478738	0.41804	18.048	1		0.0088623	12.0439	42.586	0	0	0	
2024-06-22 12:51:28	503	1097	9	0	0	0	1	0	0	0	1	0	0	4.75	1	0	0	0	1	0	0	4.113		99.9527	37.4771	0.051781	0	0.518055	0.433892	15.4614	1		0.0088623	12.0439	42.1962	0	0	0	
2024-06-22 13:11:00	639	1098	1	0	0	7.25	30	0	0	0	30	0	0	0.5	30	0	0	0	30	0	0	5.845		99.9389	38.1748	0.0458146	0	0.458426	0.436543	19.4425	1		0	12.0439	38.5577	0	0	0	
2024-06-22 13:00:23	565	1099	1	0	0	5	21	0	0	0	21	0	0	0.25	21	0	0	0	21	0	0	4.113		99.9433	38.2585	0.0513384	0	0.513675	0.0295512	15.3307	1		0	12.0439	38.8176	0	0	0	
2024-06-22 12:59:22	558	1100	5	0	0	5	21	0	0	0	21	0	0	6.75	21	0	0	0	21	0	0	1.515		99.9394	38.1981	0.133573	0	1.33654	0.0514215	14.696	1		0	12.0439	39.0775	0	0	0	
2024-06-22 12:57:07	542	1101	5	0	0	3	13	0	0	0	13	0	0	2.25	13	0	0	0	13	0	0	0.649		99.9442	38.2972	0.294797	0	2.94962	0.142401	13.8998	1		0.0088623	12.0439	39.4673	0	0	0	
2024-06-22 12:54:05	521	1102	1	0	0	2	9	0	0	0	9	0	0	0	9	0	0	0	9	0	0	1.732		99.9507	37.7697	0.120751	0	1.2081	0.216833	15.1815	1		0	12.0439	40.6368	0	0	0	
2024-06-22 13:09:26	628	1103	9	0	0	6.5	27	0	0	0	27	0	0	7.25	27	0	0	0	27	0	0	0.649		99.9333	37.9374	0.317611	0	3.17823	0.236466	14.977	1		0	12.0439	38.5577	0	0	0	
2024-06-22 13:05:15	599	1104	5	0	0	7.75	32	0	0	0	32	0	0	7.25	32	0	0	0	32	0	0	0.433		99.9355	37.9686	0.452815	0	4.53108	0.328766	14.2348	1		0	12.0439	38.5577	0	0	0	
2024-06-22 13:11:09	640	1105	1	0	0	7.5	31	0	0	0	31	0	0	0.25	31	0	0	0	31	0	0	6.278		99.9421	38.1943	0.0365372	0	0.365584	0.209727	16.6535	1		0	12.0439	38.5577	0	0	0	
2024-06-22 13:08:04	618	1106	1	0	0	0.75	4	0	0	0	4	0	0	1	4	0	0	0	4	0	0	0.216		99.9355	38.0373	0.694363	0	6.94811	0.044588	10.9141	1		0	12.0439	38.4277	0	0	0	
2024-06-22 13:10:19	634	1107	1	0	0	5.5	23	0	0	0	23	0	0	2.25	23	0	0	0	23	0	0	2.814		99.929	37.5983	0.077346	0	0.77401	0.281264	15.8056	1		0	12.0439	38.4277	0	0	0	
2024-06-22 12:57:50	547	1108	9	0	0	4	17	0	0	0	17	0	0	6.75	17	0	0	0	17	0	0	2.381		99.94	37.5893	0.0835027	0	0.835529	0.103144	14.4369	1		0	12.0439	39.0775	0	0	0	
2024-06-22 12:55:59	534	1109	5	0	0	3	13	0	0	0	13	0	0	5.25	13	0	0	0	13	0	0	1.948		99.9414	38.4389	0.0983539	0	0.984116	0.10235	13.9126	1		0	12.0439	39.8571	0	0	0	
2024-06-22 12:56:41	539	1110	5	0	0	3	13	0	0	0	13	0	0	4	13	0	0	0	13	0	0	0.866		99.9432	38.2625	0.230837	0	2.30968	0.117597	14.5121	1		0	12.0439	39.5972	0	0	0	
2024-06-22 12:54:05	521	1111	9	0	0	2	9	0	0	0	9	0	0	7.25	9	0	0	0	9	0	0	4.546		99.9507	37.7697	0.0524726	0	0.524985	0.317151	17.3175	1		0	12.0439	40.6368	0	0	0	
2024-06-22 13:03:39	588	1112	5	0	0	7	29	0	0	0	29	0	0	7.5	29	0	0	0	29	0	0	0.433		99.9356	37.85	0.44259	0	4.42876	0.0961411	13.9133	1		0	12.0439	38.5577	0	0	0	
2024-06-22 13:03:05	584	1113	9	0	0	7	29	0	0	0	29	0	0	6.25	29	0	0	0	29	0	0	0.649		99.9387	37.9466	0.325077	0	3.25277	0.216296	15.3283	1		0	12.0439	38.5577	0	0	0	
2024-06-22 12:53:23	516	1114	5	0	0	1	5	0	0	0	5	0	0	5.75	5	0	0	0	5	0	0	4.113		99.9549	37.5323	0.0524845	0	0.525082	0.0266387	15.6711	1		0	12.0439	40.8967	0	0	0	
2024-06-22 12:52:38	511	1115	9	0	0	1	5	0	0	0	5	0	0	4.5	5	0	0	0	5	0	0	3.031		99.9491	37.3685	0.0677623	0	0.677968	0.742712	14.9093	1		0	12.0439	41.4165	0	0	0	
2024-06-22 13:02:07	577	1116	5	0	0	6	25	0	0	0	25	0	0	3.5	25	0	0	0	25	0	0	2.165		99.9406	37.8845	0.0888485	0	0.889014	0.162633	13.9646	1		0	12.0439	38.5577	0	0	0	
2024-06-22 12:58:48	554	1117	1	0	0	4	17	0	0	0	17	0	0	0	17	0	0	0	17	0	0	3.464		99.941	37.777	0.0598811	0	0.599164	0.364496	15.0586	1		0	12.0439	38.9475	0	0	0	
2024-06-22 13:05:06	598	1118	1	0	0	7.75	32	0	0	0	32	0	0	2.5	32	0	0	0	32	0	0	4.546		99.9384	37.9717	0.0456013	0	0.456294	0.298269	15.0517	1		0	12.0439	38.4277	0	0	0	
2024-06-22 12:55:41	532	1119	1	0	0	2	9	0	0	0	9	0	0	2.5	9	0	0	0	9	0	0	0.433		99.9479	37.9175	0.419074	0	4.19293	0.0326079	13.1725	1		0	12.0439	39.9871	0	0	0	
2024-06-22 13:04:05	591	1120	5	0	0	7	29	0	0	0	29	0	0	1	29	0	0	0	29	0	0	5.195		99.9409	38.1029	0.0457818	0	0.458089	0.0571518	17.2695	1		0	12.0439	38.5577	0	0	0	
2024-06-22 12:51:02	500	1121	5	0	0	0	1	0	0	0	1	0	0	5.25	1	0	0	0	1	0	0	4.546		99.9531	37.5207	0.0491456	0	0.491687	0.0517929	16.2191	1		0.0088623	12.0439	42.586	0	0	0	
2024-06-22 12:51:36	504	1122	9	0	0	0	1	0	0	0	1	0	0	4	1	0	0	0	1	0	0	3.464		99.9492	37.4588	0.0598407	0	0.598711	0.240267	15.0472	1		0	12.0439	42.1962	0	0	0	
2024-06-22 13:04:40	595	1123	1	0	0	7.75	32	0	0	0	32	0	0	1.75	32	0	0	0	32	0	0	5.195		99.9397	38.0512	0.0412073	0	0.412322	0.543126	15.5442	1		0	12.0439	38.5577	0	0	0	
2024-06-22 12:59:49	561	1124	5	0	0	5	21	0	0	0	21	0	0	6	21	0	0	0	21	0	0	0.866		99.934	38.0756	0.240803	0	2.40962	0.258567	15.1401	1		0	12.0439	38.9475	0	0	0	
2024-06-22 12:59:49	561	1125	9	0	0	5	21	0	0	0	21	0	0	4.75	21	0	0	0	21	0	0	0.216		99.934	38.0756	0.711716	0	7.12186	0.0607473	11.187	1		0	12.0439	38.9475	0	0	0	
2024-06-22 12:56:49	540	1126	1	0	0	3	13	0	0	0	13	0	0	1.5	13	0	0	0	13	0	0	1.299		99.9478	38.4824	0.139846	0	1.39919	0.01632	13.1871	1		0	12.0439	39.5972	0	0	0	
2024-06-22 13:05:23	600	1127	9	0	0	7.75	32	0	0	0	32	0	0	6.5	32	0	0	0	32	0	0	1.082		99.9391	37.9465	0.188246	0	1.88361	0.0031977	14.7938	1		0	12.0439	38.5577	0	0	0	
2024-06-22 13:06:55	611	1128	9	0	0	2.25	10	0	0	0	10	0	0	5.5	10	0	0	0	10	0	0	2.814		99.938	38.272	0.0776361	0	0.776842	0.495911	15.8634	1		0	12.0439	38.5577	0	0	0	
2024-06-22 13:13:12	655	1129	1	0	0	3	13	0	0	4.75	13	0	0	1.25	13	0	0	6.5	13	0	0	0.908		99.9371	18.2293	0.0961643	0	0.962247	0.235411	10.5805	1		0	12.0439	38.5577	0	0	0	
2024-06-22 12:57:33	545	1130	5	0	0	4	17	0	0	0	17	0	0	6	17	0	0	0	17	0	0	1.732		99.9424	37.6704	0.11373	0	1.13796	0.0867754	14.3	1		0	12.0439	39.2074	0	0	0	
2024-06-22 12:58:31	552	1131	5	0	0	4	17	0	0	0	17	0	0	4.75	17	0	0	0	17	0	0	0.649		99.9394	37.6358	0.32836	0	3.28559	0.0901333	15.483	1		0	12.0439	39.2074	0	0	0	
2024-06-22 12:50:26	497	1132	1	0	0	0	1	0	0	0	1	0	0	2.25	1	0	0	0	1	0	0	1.948		99.9497	37.5669	0.103031	0	1.03083	0.0790876	14.573	2		0	11.9375	43.2357	0	0	0	
2024-06-22 13:13:02	654	1133	1	0	0	3.25	14	0	0	4.5	14	0	0	2	14	0	0	5.75	14	0	0	0.649		99.9399	18.0188	0.158274	0	1.5837	0.694883	12.4383	1		0	12.0439	38.6876	0	0	0	
2024-06-22 12:56:07	535	1134	1	0	0	3	13	0	0	0	13	0	0	3.25	13	0	0	0	13	0	0	0.216		99.9414	38.3774	0.702069	0	7.02481	0.0966277	11.0345	1		0	12.0439	39.7272	0	0	0	
2024-06-22 12:54:25	523	1135	5	0	0	2	9	0	0	0	9	0	0	7.75	9	0	0	0	9	0	0	4.979		99.9432	37.659	0.0428991	0	0.429235	0.377017	15.5075	1		0	12.0439	40.3769	0	0	0	
2024-06-22 12:55:09	528	1136	9	0	0	2	9	0	0	0	9	0	0	6.5	9	0	0	0	9	0	0	3.897		99.9469	37.6692	0.0549625	0	0.549917	0.070306	15.5485	1		0	12.0439	40.117	0	0	0	
2024-06-22 13:03:14	585	1137	9	0	0	7	29	0	0	0	29	0	0	5.5	29	0	0	0	29	0	0	1.299		99.9392	37.9051	0.155579	0	1.55673	0.110394	14.6719	1		0	12.0439	38.5577	0	0	0	
2024-06-22 13:02:40	581	1138	9	0	0	7	29	0	0	0	29	0	0	4.25	29	0	0	0	29	0	0	2.381		99.9376	38.0863	0.0829091	0	0.829609	0.0527274	14.3346	1		0	12.0439	38.5577	0	0	0	
2024-06-22 12:52:26	510	1139	5	0	0	1	5	0	0	0	5	0	0	5	5	0	0	0	5	0	0	3.464		99.9479	37.3899	0.0611655	0	0.611973	0.160748	15.3806	2		0	12.0439	41.5464	0	0	0	
2024-06-22 12:52:26	510	1140	1	0	0	1	5	0	0	0	5	0	0	3.75	5	0	0	0	5	0	0	2.381		99.9479	37.3899	0.080139	0	0.801808	0.146294	13.8542	2		0	12.0439	41.5464	0	0	0	
2024-06-22 13:02:23	579	1141	5	0	0	6	25	0	0	0	25	0	0	2.75	25	0	0	0	25	0	0	2.814		99.9425	38.1523	0.0709447	0	0.709856	0.204826	14.4955	1		0	12.0439	38.8176	0	0	0	
2024-06-22 13:00:32	566	1142	1	0	0	5	21	0	0	0	21	0	0	2.25	21	0	0	0	21	0	0	2.381		99.9373	38.1135	0.0796364	0	0.796864	0.0419368	13.7688	1		0	12.0439	38.8176	0	0	0	
2024-06-22 13:02:40	581	1143	1	0	0	7	29	0	0	0	29	0	0	0.25	29	0	0	0	29	0	0	5.845		99.9376	38.0863	0.0403889	0	0.404141	0.247537	17.1402	1		0	12.0439	38.5577	0	0	0	
2024-06-22 12:52:08	508	1144	1	0	0	0	1	0	0	0	1	0	0	3.25	1	0	0	0	1	0	0	2.814		99.9596	37.8431	0.0687965	0	0.688243	0.0428655	14.0542	1		0.0088623	11.9375	41.8063	0	0	0	
2024-06-22 12:56:07	535	1145	9	0	0	3	13	0	0	0	13	0	0	7.25	13	0	0	0	13	0	0	3.68		99.9414	38.3774	0.0633328	0	0.6337	0.542841	16.922	1		0	12.0439	39.7272	0	0	0	
2024-06-22 13:01:31	573	1146	5	0	0	6	25	0	0	0	25	0	0	6.75	25	0	0	0	25	0	0	0.649		99.9387	37.9759	0.33519	0	3.35395	0.147024	15.8051	1		0	12.0439	38.5577	0	0	0	
2024-06-22 13:06:13	606	1147	9	0	0	3.75	16	0	0	0	16	0	0	4	16	0	0	0	16	0	0	0.216		99.9363	37.7631	0.763829	0	7.64316	0.0237354	12.0058	1		0	12.0439	38.5577	0	0	0	
2024-06-22 13:04:58	597	1148	1	0	0	7.75	32	0	0	0	32	0	0	1	32	0	0	0	32	0	0	5.845		99.935	38.0041	0.0379368	0	0.379615	0.0130557	16.1	1		0	12.0439	38.5577	0	0	0	
2024-06-22 12:59:58	562	1149	5	0	0	5	21	0	0	0	21	0	0	5.25	21	0	0	0	21	0	0	0.216		99.9402	38.0849	0.726587	0	7.27021	0.0914513	11.42	1		0	12.0439	38.8176	0	0	0	
2024-06-22 12:59:40	560	1150	5	0	0	5	21	0	0	0	21	0	0	4	21	0	0	0	21	0	0	0.866		99.9348	38.1301	0.238297	0	2.38453	0.122719	14.9824	1		0	12.0439	38.9475	0	0	0	
2024-06-22 12:56:58	541	1151	1	0	0	3	13	0	0	0	13	0	0	0.75	13	0	0	0	13	0	0	1.948		99.9473	38.3248	0.0932985	0	0.933476	0.0560455	13.1967	1		0	12.0439	39.5972	0	0	0	
2024-06-22 12:53:32	517	1152	1	0	0	1	5	0	0	0	5	0	0	1.75	5	0	0	0	5	0	0	0.649		99.9514	37.3768	0.294041	0	2.94184	0.124285	13.8631	1		0.0088623	12.0439	40.8967	0	0	0	
2024-06-22 12:57:41	546	1153	1	0	0	4	17	0	0	0	17	0	0	2	17	0	0	0	17	0	0	1.732		99.9377	37.611	0.107283	0	1.0735	0.0158844	13.49	1		0	12.0439	39.3374	0	0	0	
2024-06-22 13:05:06	598	1154	9	0	0	7.75	32	0	0	0	32	0	0	5.75	32	0	0	0	32	0	0	1.732		99.9384	37.9717	0.112103	0	1.12172	0.0387658	14.0959	1		0	12.0439	38.4277	0	0	0	
2024-06-22 13:04:32	594	1155	5	0	0	7.75	32	0	0	0	32	0	0	4.5	32	0	0	0	32	0	0	2.814		99.933	37.9942	0.068082	0	0.681276	0.0230375	13.9119	1		0.0088623	12.0439	38.5577	0	0	0	
2024-06-22 13:08:43	623	1156	1	0	0	2.25	10	0	0	0	10	0	0	3.5	10	0	0	0	10	0	0	1.082		99.9402	38.4688	0.173524	0	1.73628	0.0449483	13.6367	1		0	12.0439	38.4277	0	0	0	
2024-06-22 13:07:55	617	1157	9	0	0	0.25	2	0	0	0	2	0	0	7.5	2	0	0	0	2	0	0	6.278		99.9404	37.8925	0.0377514	0	0.377739	0.194075	17.2072	1		0	12.0439	38.4277	0	0	0	
2024-06-22 13:01:31	573	1158	1	0	0	6	25	0	0	0	25	0	0	1.75	25	0	0	0	25	0	0	3.68		99.9387	37.9759	0.061833	0	0.618709	0.302394	16.5217	1		0	12.0439	38.5577	0	0	0	
2024-06-22 12:57:58	548	1159	9	0	0	4	17	0	0	0	17	0	0	5.25	17	0	0	0	17	0	0	1.082		99.9356	37.5675	0.189322	0	1.89444	0.126872	14.8789	1		0	12.0439	39.3374	0	0	0	
2024-06-22 12:51:11	501	1160	1	0	0	0	1	0	0	0	1	0	0	1.5	1	0	0	0	1	0	0	1.299		99.9521	37.5166	0.140564	0	1.40632	0.0401087	13.2542	1		0	12.0439	42.4561	0	0	0	
2024-06-22 12:56:24	537	1161	1	0	0	3	13	0	0	0	13	0	0	2.5	13	0	0	0	13	0	0	0.433		99.9432	38.2724	0.424393	0	4.24634	0.165355	13.3403	1		0	12.0439	39.5972	0	0	0	
2024-06-22 12:55:00	527	1162	9	0	0	2	9	0	0	0	9	0	0	5.75	9	0	0	0	9	0	0	3.247		99.9469	37.8464	0.0644351	0	0.644694	0.156692	15.1902	1		0	12.0439	40.117	0	0	0	
2024-06-22 12:54:14	522	1163	9	0	0	2	9	0	0	0	9	0	0	4.5	9	0	0	0	9	0	0	2.165		99.9485	37.6639	0.0881309	0	0.881763	0.112412	13.8507	2		0.0088623	12.0439	40.5069	0	0	0	
2024-06-22 13:04:05	591	1164	1	0	0	7	29	0	0	0	29	0	0	3.5	29	0	0	0	29	0	0	3.031		99.9409	38.1029	0.0654176	0	0.654563	0.0364172	14.3946	1		0	12.0439	38.5577	0	0	0	
2024-06-22 12:53:48	519	1165	1	0	0	1	5	0	0	0	5	0	0	3	5	0	0	0	5	0	0	1.732		99.9481	37.31	0.105018	0	1.05072	0.019415	13.2038	1		0	12.0439	40.6368	0	0	0	
2024-06-22 12:51:20	502	1166	5	0	0	0	1	0	0	0	1	0	0	7.25	1	0	0	0	1	0	0	6.278		99.9478	37.4957	0.0405412	0	0.405624	0.68412	18.4774	1		0	12.0439	42.1962	0	0	0	
2024-06-22 13:00:23	565	1167	5	0	0	5	21	0	0	0	21	0	0	1.5	21	0	0	0	21	0	0	3.031		99.9433	38.2585	0.0661719	0	0.662095	0.170708	14.5602	1		0	12.0439	38.8176	0	0	0	
2024-06-22 12:55:17	529	1168	1	0	0	2	9	0	0	0	9	0	0	1.25	9	0	0	0	9	0	0	0.649		99.9421	37.6292	0.286581	0	2.86747	0.0890243	13.5126	1		0	12.0439	39.9871	0	0	0	
2024-06-22 13:11:26	642	1169	1	0	0	1.5	7	0	0	0	7	0	0	0.25	7	0	0	0	7	0	0	1.082		99.9374	37.0984	0.170806	0	1.70913	0.099509	13.4235	1		0	12.0439	38.5577	0	0	0	
2024-06-22 12:51:36	504	1170	1	0	0	0	1	0	0	0	1	0	0	2.5	1	0	0	0	1	0	0	2.165		99.9492	37.4588	0.0873529	0	0.873972	0.328599	13.7283	1		0	12.0439	42.1962	0	0	0	
2024-06-22 13:10:36	636	1171	1	0	0	6.25	26	0	0	0	26	0	0	1.5	26	0	0	0	26	0	0	4.113		99.9353	38.1319	0.0550985	0	0.551341	0.640397	16.4549	1		0	12.0439	38.4277	0	0	0	
2024-06-22 13:12:31	650	1172	9	0	0	7.25	30	0	0	0	30	0	0	6.5	30	0	0	0	30	0	0	0.649		99.9399	38.2971	0.31426	0	3.14449	0.00701908	14.8181	1		0	12.0439	38.6876	0	0	0	
2024-06-22 12:56:24	537	1173	5	0	0	3	13	0	0	0	13	0	0	7.75	13	0	0	0	13	0	0	4.113		99.9432	38.2724	0.0495097	0	0.495378	0.088603	14.7846	1		0	12.0439	39.5972	0	0	0	
2024-06-22 12:55:50	533	1174	5	0	0	3	13	0	0	0	13	0	0	6.5	13	0	0	0	13	0	0	3.031		99.9457	38.463	0.067574	0	0.676107	0.0305116	14.8684	1		0	12.0439	39.8571	0	0	0	
2024-06-22 12:53:07	514	1175	5	0	0	1	5	0	0	0	5	0	0	7	5	0	0	0	5	0	0	5.195		99.948	37.2999	0.0449074	0	0.449307	0.381003	16.9385	1		0	12.0439	41.1566	0	0	0	
2024-06-22 13:01:22	572	1176	9	0	0	6	25	0	0	0	25	0	0	4.75	25	0	0	0	25	0	0	1.082		99.9399	38.0114	0.188005	0	1.88118	0.12961	14.7747	1		0	12.0439	38.6876	0	0	0	
2024-06-22 13:06:05	605	1177	1	0	0	7.75	32	0	0	0	32	0	0	0.25	32	0	0	0	32	0	0	6.494		99.9316	37.916	0.0342176	0	0.34241	0.518118	16.1357	1		0	12.0439	38.5577	0	0	0	
2024-06-22 13:00:32	566	1178	5	0	0	5	21	0	0	0	21	0	0	3.25	21	0	0	0	21	0	0	1.515		99.9373	38.1135	0.123913	0	1.23991	0.0120206	13.6335	1		0	12.0439	38.8176	0	0	0	
2024-06-22 12:56:33	538	1179	1	0	0	3	13	0	0	0	13	0	0	0	13	0	0	0	13	0	0	2.598		99.947	38.2785	0.0745608	0	0.746003	0.146951	14.0618	1		0	12.0439	39.4673	0	0	0	
2024-06-22 13:06:23	607	1180	9	0	0	3.5	15	0	0	0	15	0	0	4.25	15	0	0	0	15	0	0	0.649		99.9365	37.275	0.316785	0	3.16986	0.0680858	14.9376	1		0	12.0439	38.2978	0	0	0	
2024-06-22 12:58:31	552	1181	1	0	0	4	17	0	0	0	17	0	0	1.25	17	0	0	0	17	0	0	2.381		99.9394	37.6358	0.0793635	0	0.794116	0.116091	13.7213	1		0	12.0439	39.2074	0	0	0	
2024-06-22 13:05:23	600	1182	5	0	0	7.75	32	0	0	0	32	0	0	5	32	0	0	0	32	0	0	2.381		99.9391	37.9465	0.0795896	0	0.796381	0.12931	13.7605	1		0	12.0439	38.5577	0	0	0	
2024-06-22 13:05:15	599	1183	1	0	0	7.75	32	0	0	0	32	0	0	3.75	32	0	0	0	32	0	0	3.464		99.9355	37.9686	0.0559406	0	0.559767	0.12961	14.0685	1		0	12.0439	38.5577	0	0	0	
2024-06-22 13:14:00	660	1184	1	0	0	1.25	6	0	0	6.5	6	0	0	3	6	0	0	4.75	6	0	0	0.908		99.9339	18.0347	0.0970583	0	0.971225	0.0123813	10.6792	1		0	12.0439	38.5577	0	0	0	
2024-06-22 13:01:49	575	1185	1	0	0	6	25	0	0	0	25	0	0	1	25	0	0	0	25	0	0	4.33		99.9366	37.9299	0.0552007	0	0.552357	0.463495	17.3528	1		0	12.0439	38.6876	0	0	0	
2024-06-22 12:58:57	555	1186	1	0	0	4	17	0	0	0	17	0	0	3.25	17	0	0	0	17	0	0	0.649		99.9374	37.59	0.315841	0	3.16039	0.120698	14.893	1		0	12.0439	39.0775	0	0	0	
2024-06-22 12:51:28	503	1187	1	0	0	0	1	0	0	0	1	0	0	0.75	1	0	0	0	1	0	0	0.649		99.9527	37.4771	0.314663	0	3.14812	0.0533499	14.8352	1		0.0088623	12.0439	42.1962	0	0	0	
2024-06-22 13:13:27	657	1188	1	0	0	3.5	15	0	0	4.25	15	0	0	3.75	15	0	0	4	15	0	0	0.13		99.9414	17.194	0.470802	0	4.71078	0.448949	7.39968	1		0	12.0439	38.5577	0	0	0	
2024-06-22 12:54:34	524	1189	9	0	0	2	9	0	0	0	9	0	0	5	9	0	0	0	9	0	0	2.598		99.9423	37.6506	0.0757539	0	0.757976	0.219984	14.2875	1		0	12.0439	40.3769	0	0	0	
2024-06-22 12:55:09	528	1190	1	0	0	2	9	0	0	0	9	0	0	3.75	9	0	0	0	9	0	0	1.515		99.9469	37.6692	0.126606	0	1.26673	0.122883	13.9284	1		0	12.0439	40.117	0	0	0	
2024-06-22 13:03:05	584	1191	1	0	0	7	29	0	0	0	29	0	0	2.75	29	0	0	0	29	0	0	3.68		99.9387	37.9466	0.0561232	0	0.561577	0.216427	14.9961	1		0	12.0439	38.5577	0	0	0	
2024-06-22 13:03:49	589	1192	5	0	0	7	29	0	0	0	29	0	0	2.25	29	0	0	0	29	0	0	4.113		99.9374	37.8195	0.0516391	0	0.516714	0.0349492	15.4214	1		0	12.0439	38.4277	0	0	0	
2024-06-22 12:50:26	497	1193	5	0	0	0	1	0	0	0	1	0	0	7.75	1	0	0	0	1	0	0	6.711		99.9497	37.5669	0.0351182	0	0.351359	0.17861	17.1093	2		0	11.9375	43.2357	0	0	0	
2024-06-22 12:51:20	502	1194	9	0	0	0	1	0	0	0	1	0	0	6.5	1	0	0	0	1	0	0	5.628		99.9478	37.4957	0.0420197	0	0.420416	0.510249	17.1701	1		0	12.0439	42.1962	0	0	0	
2024-06-22 12:59:22	558	1195	1	0	0	5	21	0	0	0	21	0	0	0.75	21	0	0	0	21	0	0	3.68		99.9394	38.1981	0.0579565	0	0.579916	0.0866698	15.4858	1		0	12.0439	39.0775	0	0	0	
2024-06-22 12:59:14	557	1196	5	0	0	5	21	0	0	0	21	0	0	7.25	21	0	0	0	21	0	0	1.948		99.9336	38.2261	0.10924	0	1.09312	0.606124	15.4536	1		0	12.0439	38.9475	0	0	0	
2024-06-22 13:12:22	649	1197	9	0	0	5.75	24	0	0	0	24	0	0	4	24	0	0	0	24	0	0	1.515		99.9417	38.4644	0.128026	0	1.28101	0.250398	14.0854	1		0	12.0439	38.6876	0	0	0	
2024-06-22 13:09:00	625	1198	9	0	0	4.5	19	0	0	0	19	0	0	5.25	19	0	0	0	19	0	0	0.649		99.9373	38.3129	0.31611	0	3.16309	0.0132918	14.9057	1		0	12.0439	38.5577	0	0	0	
2024-06-22 13:13:35	658	1199	1	0	0	2.75	12	0	0	5	12	0	0	3.5	12	0	0	4.25	12	0	0	0.389		99.9377	17.9269	0.275889	0	2.76061	0.951341	13.0091	4		0	12.0439	38.5577	0	0	0	
2024-06-22 12:55:34	531	1200	1	0	0	2	9	0	0	0	9	0	0	0.5	9	0	0	0	9	0	0	1.299		99.9451	37.6954	0.139381	0	1.39457	0.0388288	13.1435	1		0	12.0439	39.9871	0	0	0	
2024-06-22 13:07:39	616	1201	9	0	0	0.5	3	0	0	0	3	0	0	7.25	3	0	0	0	3	0	0	5.845		99.936	37.8761	0.0530182	0	0.530521	1.55773	22.5002	4		0	12.0439	38.5577	0	0	0	
2024-06-22 12:58:07	549	1202	9	0	0	4	17	0	0	0	17	0	0	7.25	17	0	0	0	17	0	0	2.814		99.9415	37.5327	0.0751702	0	0.752141	0.0372683	15.359	1		0	12.0439	39.2074	0	0	0	
2024-06-22 12:56:41	539	1203	9	0	0	3	13	0	0	0	13	0	0	5.75	13	0	0	0	13	0	0	2.381		99.9432	38.2625	0.0804881	0	0.805339	0.0939968	13.9153	1		0	12.0439	39.5972	0	0	0	
2024-06-22 12:56:16	536	1204	9	0	0	3	13	0	0	0	13	0	0	4.5	13	0	0	0	13	0	0	1.299		99.9425	38.3384	0.147203	0	1.47288	0.045047	13.8816	1		0	12.0439	39.7272	0	0	0	
2024-06-22 13:03:05	584	1205	5	0	0	7	29	0	0	0	29	0	0	6.75	29	0	0	0	29	0	0	0.216		99.9387	37.9466	0.732247	0	7.32696	0.164537	11.5092	1		0	12.0439	38.5577	0	0	0	
2024-06-22 12:52:47	512	1206	5	0	0	1	5	0	0	0	5	0	0	7.5	5	0	0	0	5	0	0	5.628		99.9462	37.3387	0.041356	0	0.413783	0.0393109	16.8992	2		0	12.0439	41.2865	0	0	0	
2024-06-22 12:53:16	515	1207	5	0	0	1	5	0	0	0	5	0	0	6.25	5	0	0	0	5	0	0	4.546		99.9475	37.2757	0.0523363	0	0.523638	0.130781	17.2731	1		0	12.0439	40.8967	0	0	0	
2024-06-22 13:00:56	569	1208	9	0	0	6	25	0	0	0	25	0	0	5.25	25	0	0	0	25	0	0	0.649		99.9357	38.1258	0.322439	0	3.22647	0.209979	15.2044	1		0	12.0439	38.8176	0	0	0	
2024-06-22 13:01:49	575	1209	9	0	0	6	25	0	0	0	25	0	0	4	25	0	0	0	25	0	0	1.732		99.9366	37.9299	0.112807	0	1.12878	0.0652155	14.1847	1		0	12.0439	38.6876	0	0	0	
2024-06-22 13:00:47	568	1210	5	0	0	5	21	0	0	0	21	0	0	2.5	21	0	0	0	21	0	0	2.165		99.9388	38.384	0.0909094	0	0.909651	0.445455	14.2888	1		0	12.0439	38.9475	0	0	0	
2024-06-22 12:52:17	509	1211	1	0	0	1	5	0	0	0	5	0	0	0.25	5	0	0	0	5	0	0	0.649		99.95	37.4971	0.300446	0	3.00596	0.0317399	14.1653	1		0	12.0439	41.6764	0	0	0	
2024-06-22 12:57:50	547	1212	1	0	0	4	17	0	0	0	17	0	0	0.5	17	0	0	0	17	0	0	3.031		99.94	37.5893	0.0653291	0	0.653684	0.0475951	14.3753	1		0	12.0439	39.0775	0	0	0	
2024-06-22 13:04:32	594	1213	1	0	0	7.75	32	0	0	0	32	0	0	3	32	0	0	0	32	0	0	4.113		99.933	37.9942	0.0482489	0	0.482813	0.0586032	14.4096	1		0.0088623	12.0439	38.5577	0	0	0	
2024-06-22 13:01:58	576	1214	1	0	0	6	25	0	0	0	25	0	0	0.25	25	0	0	0	25	0	0	4.979		99.9384	37.9149	0.0465404	0	0.46569	0.549866	16.8246	1		0	12.0439	38.5577	0	0	0	
2024-06-22 13:10:06	633	1215	1	0	0	5.25	22	0	0	0	22	0	0	2.5	22	0	0	0	22	0	0	2.381		99.9349	38.1406	0.0903907	0	0.904496	0.12495	15.6286	2		0	12.0439	38.5577	0	0	0	
2024-06-22 12:59:04	556	1216	1	0	0	4	17	0	0	0	17	0	0	2.5	17	0	0	0	17	0	0	1.299		99.9348	37.7836	0.145174	0	1.45269	0.42275	13.6913	1		0	11.9375	39.0775	0	0	0	
2024-06-22 12:55:25	530	1217	5	0	0	2	9	0	0	0	9	0	0	3	9	0	0	0	9	0	0	0.866		99.9505	37.8714	0.219834	0	2.19943	0.0145397	13.8194	1		0	12.0439	39.9871	0	0	0	
2024-06-22 13:04:23	593	1218	1	0	0	7	29	0	0	0	29	0	0	1.5	29	0	0	0	29	0	0	4.762		99.9393	37.8854	0.0477075	0	0.477365	0.369276	16.4965	1		0	12.0439	38.5577	0	0	0	
2024-06-22 12:50:43	498	1219	5	0	0	0	1	0	0	0	1	0	0	5.75	1	0	0	0	1	0	0	4.979		99.9558	37.5456	0.0455026	0	0.455228	0.40993	16.4466	1		0	12.0439	43.2357	0	0	0	
2024-06-22 12:51:11	501	1220	9	0	0	0	1	0	0	0	1	0	0	4.5	1	0	0	0	1	0	0	3.897		99.9521	37.5166	0.0536816	0	0.537073	0.149674	15.1854	1		0	12.0439	42.4561	0	0	0	
2024-06-22 13:00:39	567	1221	1	0	0	5	21	0	0	0	21	0	0	0	21	0	0	0	21	0	0	4.33		99.9424	38.3089	0.0502483	0	0.502772	0.519171	15.7951	1		0	12.0439	38.6876	0	0	0	
2024-06-22 13:05:56	604	1222	5	0	0	7.75	32	0	0	0	32	0	0	2.25	32	0	0	0	32	0	0	4.762		99.9383	38.1321	0.0429416	0	0.429681	0.405382	14.8487	1		0	12.0439	38.5577	0	0	0	
2024-06-22 12:59:58	562	1223	9	0	0	5	21	0	0	0	21	0	0	7.75	21	0	0	0	21	0	0	2.381		99.9402	38.0849	0.0814451	0	0.814939	0.043989	14.0811	1		0	12.0439	38.8176	0	0	0	
2024-06-22 12:59:31	559	1224	5	0	0	5	21	0	0	0	21	0	0	6.5	21	0	0	0	21	0	0	1.299		99.9391	38.1472	0.15717	0	1.57266	0.00373937	14.822	1		0	12.0439	38.9475	0	0	0	
2024-06-22 12:56:41	539	1225	1	0	0	3	13	0	0	0	13	0	0	2	13	0	0	0	13	0	0	0.866		99.9432	38.2625	0.219671	0	2.19796	0.0987313	13.8102	1		0	12.0439	39.5972	0	0	0	
2024-06-22 13:09:50	631	1226	1	0	0	4.5	19	0	0	0	19	0	0	3.25	19	0	0	0	19	0	0	1.082		99.9379	38.2494	0.179508	0	1.79619	0.140365	14.1073	1		0	12.0439	38.5577	0	0	0	
2024-06-22 13:05:06	598	1227	5	0	0	7.75	32	0	0	0	32	0	0	7	32	0	0	0	32	0	0	0.649		99.9384	37.9717	0.324518	0	3.24718	0.0465137	15.302	1		0	12.0439	38.4277	0	0	0	
2024-06-22 13:12:14	648	1228	9	0	0	5.5	23	0	0	0	23	0	0	4.25	23	0	0	0	23	0	0	1.082		99.9397	37.8644	0.185319	0	1.85431	0.0766586	14.5637	1		0	12.0439	38.6876	0	0	0	
2024-06-22 13:10:52	638	1229	1	0	0	6.75	28	0	0	0	28	0	0	1	28	0	0	0	28	0	0	4.979		99.9377	37.7392	0.0505683	0	0.505998	0.691747	18.2809	1		0	12.0439	38.5577	0	0	0	
2024-06-22 13:09:09	626	1230	9	0	0	4.25	18	0	0	0	18	0	0	5.5	18	0	0	0	18	0	0	1.082		99.9333	38.1348	0.186897	0	1.87022	0.185178	14.6887	1		0	12.0439	38.4277	0	0	0	
2024-06-22 12:58:07	549	1231	5	0	0	4	17	0	0	0	17	0	0	7.75	17	0	0	0	17	0	0	3.247		99.9415	37.5327	0.0610843	0	0.6112	0.152224	14.4011	1		0	12.0439	39.2074	0	0	0	
2024-06-22 12:57:50	547	1232	5	0	0	4	17	0	0	0	17	0	0	6.5	17	0	0	0	17	0	0	2.165		99.94	37.5893	0.0913317	0	0.913865	0.0925885	14.355	1		0	12.0439	39.0775	0	0	0	
2024-06-22 12:56:33	538	1233	5	0	0	3	13	0	0	0	13	0	0	5	13	0	0	0	13	0	0	1.732		99.947	38.2785	0.108884	0	1.08941	0.121061	13.69	1		0	12.0439	39.4673	0	0	0	
2024-06-22 12:56:58	541	1234	5	0	0	3	13	0	0	0	13	0	0	3.75	13	0	0	0	13	0	0	0.649		99.9473	38.3248	0.306867	0	3.07028	0.171166	14.4684	1		0	12.0439	39.5972	0	0	0	
2024-06-22 12:54:05	521	1235	5	0	0	2	9	0	0	0	9	0	0	7	9	0	0	0	9	0	0	4.33		99.9507	37.7697	0.0498354	0	0.498599	0.100832	15.664	1		0	12.0439	40.6368	0	0	0	
2024-06-22 13:02:48	582	1236	5	0	0	7	29	0	0	0	29	0	0	6	29	0	0	0	29	0	0	0.866		99.94	38.0725	0.244658	0	2.44805	0.969139	15.3815	1		0	12.0439	38.5577	0	0	0	
2024-06-22 13:02:57	583	1237	5	0	0	7	29	0	0	0	29	0	0	4.75	29	0	0	0	29	0	0	1.948		99.9383	37.9812	0.100681	0	1.00743	0.0111139	14.2423	1		0	12.0439	38.6876	0	0	0	
2024-06-22 12:52:59	513	1238	5	0	0	1	5	0	0	0	5	0	0	5.5	5	0	0	0	5	0	0	3.897		99.9511	37.2867	0.0598751	0	0.599044	0.642456	16.9376	1		0	12.0439	41.1566	0	0	0	
2024-06-22 12:52:17	509	1239	5	0	0	1	5	0	0	0	5	0	0	4.25	5	0	0	0	5	0	0	2.814		99.95	37.4971	0.0708221	0	0.708576	0.19713	14.4694	1		0	12.0439	41.6764	0	0	0	
2024-06-22 13:02:31	580	1240	1	0	0	6	25	0	0	0	25	0	0	3.25	25	0	0	0	25	0	0	2.381		99.9428	38.1832	0.081838	0	0.818848	0.141848	14.1487	1		0	12.0439	38.5577	0	0	0	
2024-06-22 13:08:19	620	1241	1	0	0	0.25	2	0	0	0	2	0	0	1.5	2	0	0	0	2	0	0	1.082		99.9401	37.9243	0.169421	0	1.69522	0.029434	13.3143	1		0	12.0439	38.4277	0	0	0	
2024-06-22 13:03:56	590	1242	1	0	0	7	29	0	0	0	29	0	0	0.75	29	0	0	0	29	0	0	5.412		99.9417	38.0236	0.0439547	0	0.439803	0.0687827	17.271	1		0	12.0439	38.6876	0	0	0	
2024-06-22 12:51:36	504	1243	5	0	0	0	1	0	0	0	1	0	0	5	1	0	0	0	1	0	0	4.33		99.9492	37.4588	0.0498226	0	0.498479	0.348685	15.6602	1		0	12.0439	42.1962	0	0	0	
2024-06-22 12:51:52	506	1244	1	0	0	0	1	0	0	0	1	0	0	3.75	1	0	0	0	1	0	0	3.247		99.9518	37.6399	0.0616431	0	0.616729	0.280696	14.5313	1		0.0088623	12.0439	42.0662	0	0	0	
2024-06-22 13:12:38	651	1245	9	0	0	7.5	31	0	0	0	31	0	0	6.25	31	0	0	0	31	0	0	1.082		99.9383	38.2695	0.182463	0	1.82575	0.0601958	14.3394	1		0.0088623	12.0439	38.6876	0	0	0	
2024-06-22 13:09:34	629	1246	9	0	0	6.25	26	0	0	0	26	0	0	7.5	26	0	0	0	26	0	0	1.082		99.9396	38.3085	0.184551	0	1.84662	0.154939	14.5034	1		0	12.0439	38.5577	0	0	0	
2024-06-22 13:01:39	574	1247	5	0	0	6	25	0	0	0	25	0	0	7.25	25	0	0	0	25	0	0	1.082		99.9342	37.9294	0.204309	0	2.04443	0.565679	16.0569	1		0	12.0439	38.5577	0	0	0	
2024-06-22 13:05:23	600	1248	1	0	0	7.75	32	0	0	0	32	0	0	1.5	32	0	0	0	32	0	0	5.412		99.9391	37.9465	0.0395002	0	0.395243	0.0250178	15.5211	1		0	12.0439	38.5577	0	0	0	
2024-06-22 13:00:06	563	1249	9	0	0	5	21	0	0	0	21	0	0	5.75	21	0	0	0	21	0	0	0.649		99.9378	38.0765	0.322313	0	3.22514	0.084139	15.1981	1		0	12.0439	38.9475	0	0	0	
2024-06-22 12:59:22	558	1250	9	0	0	5	21	0	0	0	21	0	0	4.5	21	0	0	0	21	0	0	0.433		99.9394	38.1981	0.449033	0	4.49305	0.133116	14.1153	1		0	12.0439	39.0775	0	0	0	
2024-06-22 12:57:16	543	1251	5	0	0	3	13	0	0	0	13	0	0	1.25	13	0	0	0	13	0	0	1.515		99.9424	38.2599	0.119393	0	1.19461	0.148975	13.1355	1		0	12.0439	39.3374	0	0	0	
2024-06-22 12:53:32	517	1252	5	0	0	1	5	0	0	0	5	0	0	2.25	5	0	0	0	5	0	0	1.082		99.9514	37.3768	0.168635	0	1.68717	0.0462341	13.251	1		0.0088623	12.0439	40.8967	0	0	0	
2024-06-22 13:08:11	619	1253	1	0	0	0.5	3	0	0	0	3	0	0	1.25	3	0	0	0	3	0	0	0.649		99.9356	38.1708	0.295673	0	2.95864	0.033396	13.9423	1		0	12.0439	38.5577	0	0	0	
2024-06-22 13:06:47	610	1254	9	0	0	2.5	11	0	0	0	11	0	0	5.25	11	0	0	0	11	0	0	2.381		99.9355	37.6023	0.0884153	0	0.884724	0.553249	15.2869	1		0	12.0439	38.5577	0	0	0	
2024-06-22 13:04:58	597	1255	5	0	0	7.75	32	0	0	0	32	0	0	7.5	32	0	0	0	32	0	0	0.216		99.935	38.0041	0.771243	0	7.71745	0.0200171	12.1225	1		0	12.0439	38.5577	0	0	0	
2024-06-22 13:04:48	596	1256	9	0	0	7.75	32	0	0	0	32	0	0	6.25	32	0	0	0	32	0	0	1.299		99.9362	38.08	0.154454	0	1.54553	0.206482	14.5663	1		0	12.0439	38.5577	0	0	0	
2024-06-22 13:09:42	630	1257	1	0	0	4.25	18	0	0	0	18	0	0	3.5	18	0	0	0	18	0	0	0.649		99.9329	38.254	0.316409	0	3.16621	0.0394545	14.9204	1		0	12.0439	38.5577	0	0	0	
2024-06-22 13:02:23	579	1258	1	0	0	6	25	0	0	0	25	0	0	2.25	25	0	0	0	25	0	0	3.247		99.9425	38.1523	0.0636061	0	0.636427	0.169579	14.9955	1		0	12.0439	38.8176	0	0	0	
2024-06-22 13:12:07	647	1259	9	0	0	5.25	22	0	0	0	22	0	0	4.5	22	0	0	0	22	0	0	0.649		99.9365	38.0636	0.314854	0	3.15054	0.0319173	14.8466	1		0	12.0439	38.5577	0	0	0	
2024-06-22 12:58:14	550	1260	9	0	0	4	17	0	0	0	17	0	0	5.75	17	0	0	0	17	0	0	1.515		99.9443	37.737	0.129792	0	1.29864	0.113649	14.2793	1		0	12.0439	39.3374	0	0	0	
2024-06-22 12:58:22	551	1261	5	0	0	4	17	0	0	0	17	0	0	4.5	17	0	0	0	17	0	0	0.433		99.9409	37.8389	0.477941	0	4.78224	0.0483335	15.0238	1		0	12.0439	39.2074	0	0	0	
2024-06-22 12:50:51	499	1262	1	0	0	0	1	0	0	0	1	0	0	2	1	0	0	0	1	0	0	1.732		99.9518	37.4906	0.126234	0	1.26295	0.135836	15.8707	2		0	12.0439	42.9758	0	0	0	
2024-06-22 12:54:43	525	1263	9	0	0	2	9	0	0	0	9	0	0	7.5	9	0	0	0	9	0	0	4.762		99.9433	37.6246	0.0455284	0	0.455542	0.104463	15.7424	1		0	12.0439	40.3769	0	0	0	
2024-06-22 12:54:25	523	1264	9	0	0	2	9	0	0	0	9	0	0	6.25	9	0	0	0	9	0	0	3.68		99.9432	37.659	0.0581836	0	0.582166	0.266542	15.5459	1		0	12.0439	40.3769	0	0	0	
2024-06-22 13:03:14	585	1265	5	0	0	7	29	0	0	0	29	0	0	5.25	29	0	0	0	29	0	0	1.515		99.9392	37.9051	0.130395	0	1.30475	0.0969576	14.3464	1		0	12.0439	38.5577	0	0	0	
2024-06-22 13:02:48	582	1266	9	0	0	7	29	0	0	0	29	0	0	4	29	0	0	0	29	0	0	2.598		99.94	38.0725	0.0759573	0	0.760029	0.239979	14.3262	1		0	12.0439	38.5577	0	0	0	
2024-06-22 12:52:47	512	1267	1	0	0	1	5	0	0	0	5	0	0	3.5	5	0	0	0	5	0	0	2.165		99.9462	37.3387	0.0849475	0	0.849932	0.0143946	13.3507	2		0	12.0439	41.2865	0	0	0	
2024-06-22 13:01:05	570	1268	1	0	0	6	25	0	0	0	25	0	0	2.5	25	0	0	0	25	0	0	3.031		99.9353	38.0863	0.0723195	0	0.723663	0.924105	15.9142	1		0	12.0439	38.8176	0	0	0	
2024-06-22 13:11:58	646	1269	1	0	0	3.75	16	0	0	0	16	0	0	2	16	0	0	0	16	0	0	1.515		99.9426	38.1628	0.124955	0	1.25027	0.0977793	13.7474	1		0	12.0439	38.6876	0	0	0	
2024-06-22 13:00:06	563	1270	1	0	0	5	21	0	0	0	21	0	0	2	21	0	0	0	21	0	0	2.598		99.9378	38.0765	0.0754933	0	0.755403	0.264268	14.239	1		0	12.0439	38.9475	0	0	0	
2024-06-22 12:55:34	531	1271	5	0	0	2	9	0	0	0	9	0	0	1.75	9	0	0	0	9	0	0	0.216		99.9451	37.6954	0.675041	0	6.75412	0.113514	10.6093	1		0	12.0439	39.9871	0	0	0	
2024-06-22 13:04:14	592	1272	1	0	0	7	29	0	0	0	29	0	0	0	29	0	0	0	29	0	0	6.061		99.9373	38.0066	0.0400859	0	0.40111	0.463767	17.6418	1		0	12.0439	38.2978	0	0	0	
2024-06-22 12:52:01	507	1273	5	0	0	0	1	0	0	0	1	0	0	3	1	0	0	0	1	0	0	2.598		99.9535	37.7426	0.0744685	0	0.745031	0.358767	14.0435	1		0	12.0439	41.9363	0	0	0	
2024-06-22 12:56:07	535	1274	5	0	0	3	13	0	0	0	13	0	0	7	13	0	0	0	13	0	0	3.464		99.9414	38.3774	0.0591695	0	0.592042	0.129762	14.8796	1		0	12.0439	39.7272	0	0	0	
2024-06-22 13:01:05	570	1275	5	0	0	6	25	0	0	0	25	0	0	7.75	25	0	0	0	25	0	0	1.515		99.9353	38.0863	0.134077	0	1.34164	0.00565963	14.7521	1		0	12.0439	38.8176	0	0	0	
2024-06-22 13:01:22	572	1276	5	0	0	6	25	0	0	0	25	0	0	6.5	25	0	0	0	25	0	0	0.433		99.9399	38.0114	0.483129	0	4.83419	0.194848	15.1871	1		0	12.0439	38.6876	0	0	0	
2024-06-22 13:05:49	603	1277	1	0	0	7.75	32	0	0	0	32	0	0	0.75	32	0	0	0	32	0	0	6.061		99.9347	37.9436	0.0366754	0	0.366994	0.0784307	16.1412	1		0	12.0439	38.4277	0	0	0	
2024-06-22 12:59:58	562	1278	1	0	0	5	21	0	0	0	21	0	0	3.75	21	0	0	0	21	0	0	1.082		99.9402	38.0849	0.183397	0	1.83506	0.139218	14.4126	1		0	12.0439	38.8176	0	0	0	
2024-06-22 12:55:50	533	1279	1	0	0	3	13	0	0	0	13	0	0	0.5	13	0	0	0	13	0	0	2.165		99.9457	38.463	0.0855034	0	0.855498	0.0901094	13.4381	1		0	12.0439	39.8571	0	0	0	
2024-06-22 12:53:56	520	1280	1	0	0	1	5	0	0	0	5	0	0	1.5	5	0	0	0	5	0	0	0.433		99.9528	37.5304	0.429676	0	4.29878	0.00530124	13.505	1		0	12.0439	40.7668	0	0	0	
2024-06-22 13:13:51	659	1281	1	0	0	2	9	0	0	5.75	9	0	0	3.25	9	0	0	4.5	9	0	0	0.649		99.9397	17.7834	0.155464	0	1.55558	0.354835	12.2175	1		0	12.0439	38.6876	0	0	0	
2024-06-22 12:58:07	549	1282	1	0	0	4	17	0	0	0	17	0	0	1.75	17	0	0	0	17	0	0	1.948		99.9415	37.5327	0.0951463	0	0.95202	0.00699102	13.4589	1		0	12.0439	39.2074	0	0	0	
2024-06-22 13:08:35	622	1283	1	0	0	2.5	11	0	0	0	11	0	0	3.25	11	0	0	0	11	0	0	0.649		99.936	37.9826	0.295357	0	2.95546	0.0833474	13.9273	1		0.0088623	12.0439	38.5577	0	0	0	
2024-06-22 13:04:48	596	1284	5	0	0	7.75	32	0	0	0	32	0	0	5.5	32	0	0	0	32	0	0	1.948		99.9362	38.08	0.0993925	0	0.994559	0.34113	14.0602	1		0	12.0439	38.5577	0	0	0	
2024-06-22 13:04:40	595	1285	9	0	0	7.75	32	0	0	0	32	0	0	4.25	32	0	0	0	32	0	0	3.031		99.9397	38.0512	0.0638046	0	0.638432	0.319931	14.0398	1		0	12.0439	38.5577	0	0	0	
2024-06-22 13:02:14	578	1286	1	0	0	6	25	0	0	0	25	0	0	1.5	25	0	0	0	25	0	0	3.897		99.942	38.0641	0.0582272	0	0.58261	0.608082	16.4729	1		0.0088623	12.0439	38.4277	0	0	0	
2024-06-22 12:58:14	550	1287	5	0	0	4	17	0	0	0	17	0	0	5	17	0	0	0	17	0	0	0.866		99.9443	37.737	0.239835	0	2.39969	0.00773772	15.0777	1		0	12.0439	39.3374	0	0	0	
2024-06-22 12:58:40	553	1288	5	0	0	4	17	0	0	0	17	0	0	3.75	17	0	0	0	17	0	0	0.216		99.9379	37.5462	0.75682	0	7.57291	0.124886	11.8955	1		0	12.0439	39.0775	0	0	0	
2024-06-22 12:51:02	500	1289	1	0	0	0	1	0	0	0	1	0	0	1.25	1	0	0	0	1	0	0	1.082		99.9531	37.5207	0.170601	0	1.70681	0.0135028	13.4053	1		0.0088623	12.0439	42.586	0	0	0	
2024-06-22 12:55:09	528	1290	5	0	0	2	9	0	0	0	9	0	0	5.5	9	0	0	0	9	0	0	3.031		99.9469	37.6692	0.0972274	0	0.972791	0.178961	21.3928	1		0	12.0439	40.117	0	0	0	
2024-06-22 12:54:34	524	1291	5	0	0	2	9	0	0	0	9	0	0	4.25	9	0	0	0	9	0	0	1.948		99.9423	37.6506	0.0974836	0	0.975399	0.0306376	13.7894	1		0	12.0439	40.3769	0	0	0	
2024-06-22 13:02:48	582	1292	1	0	0	7	29	0	0	0	29	0	0	3.25	29	0	0	0	29	0	0	3.247		99.94	38.0725	0.0617966	0	0.618337	0.1078	14.5692	1		0	12.0439	38.5577	0	0	0	
2024-06-22 12:53:07	514	1293	1	0	0	1	5	0	0	0	5	0	0	2.75	5	0	0	0	5	0	0	1.515		99.948	37.2999	0.118822	0	1.18883	0.16299	13.0719	1		0	12.0439	41.1566	0	0	0	
2024-06-22 12:50:51	499	1294	5	0	0	0	1	0	0	0	1	0	0	7	1	0	0	0	1	0	0	6.061		99.9518	37.4906	0.0396699	0	0.396891	0.428367	17.4562	2		0	12.0439	42.9758	0	0	0	
2024-06-22 12:59:40	560	1295	1	0	0	5	21	0	0	0	21	0	0	1.25	21	0	0	0	21	0	0	3.247		99.9348	38.1301	0.0650271	0	0.650696	0.258013	15.3317	1		0	12.0439	38.9475	0	0	0	
2024-06-22 12:54:14	522	1296	1	0	0	2	9	0	0	0	9	0	0	1	9	0	0	0	9	0	0	0.866		99.9485	37.6639	0.212731	0	2.12841	0.0462474	13.3732	2		0.0088623	12.0439	40.5069	0	0	0	
2024-06-22 12:56:49	540	1297	9	0	0	3	13	0	0	0	13	0	0	7.5	13	0	0	0	13	0	0	3.897		99.9478	38.4824	0.0527848	0	0.528123	0.00869923	14.9323	1		0	12.0439	39.5972	0	0	0	
2024-06-22 12:55:50	533	1298	9	0	0	3	13	0	0	0	13	0	0	6.25	13	0	0	0	13	0	0	2.814		99.9457	38.463	0.0721003	0	0.721395	0.219719	14.7311	1		0	12.0439	39.8571	0	0	0	
2024-06-22 13:03:23	586	1299	9	0	0	7	29	0	0	0	29	0	0	7.25	29	0	0	0	29	0	0	0.216		99.9365	37.9155	0.684151	0	6.84585	0.523138	10.7534	1		0	12.0439	38.5577	0	0	0	
2024-06-22 12:53:07	514	1300	9	0	0	1	5	0	0	0	5	0	0	6.75	5	0	0	0	5	0	0	4.979		99.948	37.2999	0.0488785	0	0.489039	0.722896	17.6682	1		0	12.0439	41.1566	0	0	0	
2024-06-22 13:01:14	571	1301	5	0	0	6	25	0	0	0	25	0	0	5.75	25	0	0	0	25	0	0	0.216		99.9361	38.0307	0.74742	0	7.47898	0.148243	11.748	1		0	12.0439	38.8176	0	0	0	
2024-06-22 13:01:39	574	1302	9	0	0	6	25	0	0	0	25	0	0	4.5	25	0	0	0	25	0	0	1.299		99.9342	37.9294	0.153504	0	1.53606	0.167015	14.477	1		0	12.0439	38.5577	0	0	0	
2024-06-22 13:05:56	604	1303	1	0	0	7.75	32	0	0	0	32	0	0	0	32	0	0	0	32	0	0	6.711		99.9383	38.1321	0.034343	0	0.343642	0.519425	16.7336	1		0	12.0439	38.5577	0	0	0	
2024-06-22 13:00:39	567	1304	5	0	0	5	21	0	0	0	21	0	0	3	21	0	0	0	21	0	0	1.732		99.9424	38.3089	0.107536	0	1.07598	0.208993	13.5211	1		0	12.0439	38.6876	0	0	0	
2024-06-22 12:53:40	518	1305	1	0	0	1	5	0	0	0	5	0	0	0.75	5	0	0	0	5	0	0	0.216		99.9512	37.3297	0.695198	0	6.95537	0.133349	10.9255	1		0	12.0439	40.7668	0	0	0	
2024-06-22 13:10:27	635	1306	1	0	0	5.75	24	0	0	0	24	0	0	2	24	0	0	0	24	0	0	3.247		99.9366	38.4057	0.0652528	0	0.652942	0.0183008	15.3846	1		0	12.0439	38.4277	0	0	0	
2024-06-22 12:58:22	551	1307	1	0	0	4	17	0	0	0	17	0	0	1	17	0	0	0	17	0	0	2.598		99.9409	37.8389	0.0729017	0	0.729448	0.0513876	13.7498	1		0	12.0439	39.2074	0	0	0	
2024-06-22 13:05:49	603	1308	5	0	0	7.75	32	0	0	0	32	0	0	3.5	32	0	0	0	32	0	0	3.68		99.9347	37.9436	0.0526067	0	0.52641	0.00346989	14.057	1		0	12.0439	38.4277	0	0	0	
2024-06-22 13:00:56	569	1309	1	0	0	6	25	0	0	0	25	0	0	0.75	25	0	0	0	25	0	0	4.546		99.9357	38.1258	0.0516901	0	0.517233	0.33661	17.0618	1		0	12.0439	38.8176	0	0	0	
2024-06-22 12:58:57	555	1310	5	0	0	4	17	0	0	0	17	0	0	3	17	0	0	0	17	0	0	0.866		99.9374	37.59	0.228726	0	2.28869	0.050142	14.3803	1		0	12.0439	39.0775	0	0	0	
2024-06-22 12:51:20	502	1311	1	0	0	0	1	0	0	0	1	0	0	0.5	1	0	0	0	1	0	0	0.433		99.9478	37.4957	0.425863	0	4.26085	0.146836	13.3859	1		0	12.0439	42.1962	0	0	0	
2024-06-22 13:12:54	653	1312	1	0	0	3.5	15	0	0	4.25	15	0	0	2.75	15	0	0	5	15	0	0	0.389		99.9416	17.1948	0.282627	0	2.82792	0.418947	13.3263	1		0	12.0439	38.6876	0	0	0	
2024-06-22 12:55:25	530	1313	1	0	0	2	9	0	0	0	9	0	0	3.5	9	0	0	0	9	0	0	1.299		99.9505	37.8714	0.145764	0	1.45836	0.109381	13.7447	1		0	12.0439	39.9871	0	0	0	
2024-06-22 13:03:49	589	1314	1	0	0	7	29	0	0	0	29	0	0	2.5	29	0	0	0	29	0	0	3.897		99.9374	37.8195	0.0554772	0	0.555119	0.228444	15.6956	1		0	12.0439	38.4277	0	0	0	
2024-06-22 13:03:23	586	1315	1	0	0	7	29	0	0	0	29	0	0	2	29	0	0	0	29	0	0	4.33		99.9365	37.9155	0.0500986	0	0.501304	0.22682	15.7489	1		0	12.0439	38.5577	0	0	0	
2024-06-22 12:51:11	501	1316	5	0	0	0	1	0	0	0	1	0	0	7.5	1	0	0	0	1	0	0	6.494		99.9521	37.5166	0.0368407	0	0.368584	0.402837	17.3691	1		0	12.0439	42.4561	0	0	0	
2024-06-22 12:50:26	497	1317	9	0	0	0	1	0	0	0	1	0	0	6.25	1	0	0	0	1	0	0	5.412		99.9497	37.5669	0.0432868	0	0.433086	0.0353675	17.0072	2		0	11.9375	43.2357	0	0	0	
2024-06-22 12:59:14	557	1318	1	0	0	5	21	0	0	0	21	0	0	0.5	21	0	0	0	21	0	0	3.897		99.9336	38.2261	0.0565213	0	0.565589	0.335376	15.9916	1		0	12.0439	38.9475	0	0	0	
2024-06-22 13:11:18	641	1319	1	0	0	1.25	6	0	0	0	6	0	0	0.5	6	0	0	0	6	0	0	0.649		99.9386	37.8761	0.299539	0	2.99723	0.0133681	14.1241	1		0.0088623	12.0439	38.5577	0	0	0	
2024-06-22 12:59:31	559	1320	9	0	0	5	21	0	0	0	21	0	0	7	21	0	0	0	21	0	0	1.732		99.9391	38.1472	0.114306	0	1.14375	0.00356092	14.3728	1		0	12.0439	38.9475	0	0	0	
2024-06-22 12:54:34	524	1321	1	0	0	2	9	0	0	0	9	0	0	0.25	9	0	0	0	9	0	0	1.515		99.9423	37.6506	0.122195	0	1.22265	0.0587359	13.4437	1		0	12.0439	40.3769	0	0	0	
2024-06-22 12:57:58	548	1322	5	0	0	4	17	0	0	0	17	0	0	7	17	0	0	0	17	0	0	2.598		99.9356	37.5675	0.076504	0	0.765533	0.0915911	14.43	1		0	12.0439	39.3374	0	0	0	
2024-06-22 12:56:16	536	1323	5	0	0	3	13	0	0	0	13	0	0	5.5	13	0	0	0	13	0	0	2.165		99.9425	38.3384	0.0909097	0	0.90962	0.245401	14.2883	1		0	12.0439	39.7272	0	0	0	
2024-06-22 12:56:24	537	1324	9	0	0	3	13	0	0	0	13	0	0	4.25	13	0	0	0	13	0	0	1.082		99.9432	38.2724	0.179572	0	1.79674	0.126302	14.1115	1		0	12.0439	39.5972	0	0	0	
2024-06-22 13:03:23	586	1325	5	0	0	7	29	0	0	0	29	0	0	7.75	29	0	0	0	29	0	0	0.649		99.9365	37.9155	0.328847	0	3.29056	0.0990864	15.5064	1		0	12.0439	38.5577	0	0	0	
2024-06-22 13:03:31	587	1326	9	0	0	7	29	0	0	0	29	0	0	6.5	29	0	0	0	29	0	0	0.433		99.9393	37.8787	0.462365	0	4.62646	0.15942	14.5345	1		0	12.0439	38.5577	0	0	0	
2024-06-22 12:53:23	516	1327	9	0	0	1	5	0	0	0	5	0	0	6	5	0	0	0	5	0	0	4.33		99.9549	37.5323	0.0540545	0	0.540788	0.152395	16.9894	1		0	12.0439	40.8967	0	0	0	
2024-06-22 12:52:26	510	1328	9	0	0	1	5	0	0	0	5	0	0	4.75	5	0	0	0	5	0	0	3.247		99.9479	37.3899	0.0655723	0	0.656065	0.159005	15.4582	2		0	12.0439	41.5464	0	0	0	
2024-06-22 13:08:52	624	1329	9	0	0	4.75	20	0	0	0	20	0	0	5	20	0	0	0	20	0	0	0.216		99.9385	38.1219	0.712172	0	7.12611	0.108812	11.1937	1		0	12.0439	38.5577	0	0	0	
2024-06-22 13:01:14	571	1330	9	0	0	6	25	0	0	0	25	0	0	5	25	0	0	0	25	0	0	0.866		99.9361	38.0307	0.23903	0	2.39183	0.474162	15.0283	1		0	12.0439	38.8176	0	0	0	
2024-06-22 13:02:07	577	1331	1	0	0	6	25	0	0	0	25	0	0	3.75	25	0	0	0	25	0	0	1.948		99.9406	37.8845	0.100703	0	1.00763	0.150314	14.245	1		0	12.0439	38.5577	0	0	0	
2024-06-22 12:53:48	519	1332	5	0	0	1	5	0	0	0	5	0	0	0	5	0	0	0	5	0	0	0.866		99.9481	37.31	0.219051	0	2.19165	0.128526	13.7705	1		0	12.0439	40.6368	0	0	0	
2024-06-22 13:07:32	615	1333	9	0	0	0.75	4	0	0	0	4	0	0	7	4	0	0	0	4	0	0	5.412		99.9373	37.9497	0.0432128	0	0.432399	0.208637	16.9803	1		0	12.0439	38.5577	0	0	0	
2024-06-22 12:57:33	545	1334	1	0	0	4	17	0	0	0	17	0	0	0.25	17	0	0	0	17	0	0	3.247		99.9424	37.6704	0.0602742	0	0.603089	0.0686572	14.2099	1		0	12.0439	39.2074	0	0	0	
2024-06-22 13:05:30	601	1335	1	0	0	7.75	32	0	0	0	32	0	0	2.75	32	0	0	0	32	0	0	4.33		99.9389	38.1312	0.0464264	0	0.464548	0.0555663	14.5942	1		0	12.0084	38.5577	0	0	0	
2024-06-22 13:01:14	571	1336	1	0	0	6	25	0	0	0	25	0	0	0	25	0	0	0	25	0	0	5.195		99.9361	38.0307	0.0482864	0	0.483173	0.122655	18.2152	1		0	12.0439	38.8176	0	0	0	
2024-06-22 12:54:43	525	1337	1	0	0	2	9	0	0	0	9	0	0	2.75	9	0	0	0	9	0	0	0.649		99.9433	37.6246	0.298166	0	2.98335	0.140201	14.0587	1		0	12.0439	40.3769	0	0	0	
2024-06-22 13:03:39	588	1338	1	0	0	7	29	0	0	0	29	0	0	1.25	29	0	0	0	29	0	0	4.979		99.9356	37.85	0.0473219	0	0.473524	0.539959	17.1076	1		0	12.0439	38.5577	0	0	0	
2024-06-22 12:50:43	498	1339	9	0	0	0	1	0	0	0	1	0	0	5.5	1	0	0	0	1	0	0	4.762		99.9558	37.5456	0.0552416	0	0.552661	0.471928	19.0986	1		0	12.0439	43.2357	0	0	0	
2024-06-22 12:51:28	503	1340	5	0	0	0	1	0	0	0	1	0	0	4.25	1	0	0	0	1	0	0	3.68		99.9527	37.4771	0.0559388	0	0.559653	0.371939	14.9447	1		0.0088623	12.0439	42.1962	0	0	0	
