Time	MeasID	DPID	Channel	A(x)	A(y)	A(z)	A(adr)	B(x)	B(y)	B(z)	B(adr)	M(x)	M(y)	M(z)	M(adr)	N(x)	N(y)	N(z)	N(adr)	F(x)	F(y)	F(z)	Note	I(mA)	Uout(V)	U(V)	SP(V)	R(Ohm)	Var(%)	Rho-a(Ohm-m)	Cycles	IP Delay Window(mV/V)	Pint(V)	Pext(V)	T int(deg C)	T log(deg C)	Latitude	Longitude
2024-06-28 03:48:47	271	336	1	0	0	7.75	32	0	0	0	32	0	0	2	32	0	0	0	32	0	0	4.979		99.9567	41.5389	0.0423501	0	0.423684	0.171786	15.307	1		0	12.0439	40.117	0	0	0	
2024-06-28 03:42:55	227	337	5	0	0	5	21	0	0	0	21	0	0	7.5	21	0	0	0	21	0	0	2.165		99.9599	42.6649	0.090954	0	0.909905	0.323341	14.2928	1		0	12.0439	40.8967	0	0	0	
2024-06-28 03:42:55	227	338	1	0	0	5	21	0	0	0	21	0	0	6.25	21	0	0	0	21	0	0	1.082		99.9599	42.6649	0.190083	0	1.90159	0.0669452	14.9351	1		0	12.0439	40.8967	0	0	0	
2024-06-28 03:41:07	212	339	5	0	0	3	13	0	0	0	13	0	0	1.75	13	0	0	0	13	0	0	1.082		99.9642	42.8987	0.172852	0	1.72914	0.16071	13.5806	1		0	11.9552	41.2865	0	0	0	
2024-06-28 03:47:51	264	340	5	0	0	7.75	32	0	0	0	32	0	0	6.75	32	0	0	0	32	0	0	0.866		99.9579	41.5584	0.247537	0	2.47642	0.399378	15.5598	2		0	12.0616	40.117	0	0	0	
2024-06-28 03:54:21	314	341	1	0	0	3.25	14	0	0	0	14	0	0	2.5	14	0	0	0	14	0	0	0.649		99.962	42.9337	0.294631	0	2.94743	0.32769	13.8894	1		0.0088623	12.0439	40.117	0	0	0	
2024-06-28 03:41:58	219	342	9	0	0	4	17	0	0	0	17	0	0	7.5	17	0	0	0	17	0	0	3.031		99.9616	42.6511	0.0664391	0	0.664646	0.428016	14.6163	1		0	12.0439	40.8967	0	0	0	
2024-06-28 03:41:58	219	343	5	0	0	4	17	0	0	0	17	0	0	6.25	17	0	0	0	17	0	0	1.948		99.9616	42.6511	0.101787	0	1.01827	0.443332	14.3954	1		0	12.0439	40.8967	0	0	0	
2024-06-28 03:41:01	211	344	1	0	0	3	13	0	0	0	13	0	0	3.5	13	0	0	0	13	0	0	0.433		99.9651	42.8992	0.475681	0	4.75847	0.133363	14.9492	1		0	12.0616	41.2865	0	0	0	
2024-06-28 03:38:35	192	345	5	0	0	2	9	0	0	0	9	0	0	6.75	9	0	0	0	9	0	0	4.113		99.9639	42.2858	0.0539669	0	0.539864	0.112997	16.1123	1		0	12.0616	42.4561	0	0	0	
2024-06-28 03:47:05	258	346	9	0	0	7	29	0	0	0	29	0	0	5.75	29	0	0	0	29	0	0	1.082		99.9549	41.7924	0.185502	0	1.85585	0.00370947	14.5758	1		0	12.0616	40.247	0	0	0	
2024-06-28 03:46:35	254	347	9	0	0	7	29	0	0	0	29	0	0	4.5	29	0	0	0	29	0	0	2.165		99.9596	41.8237	0.0912213	0	0.912582	0.0517559	14.3348	1		0	12.0616	40.247	0	0	0	
2024-06-28 03:36:59	180	348	5	0	0	1	5	0	0	0	5	0	0	5.25	5	0	0	0	5	0	0	3.68		99.9734	41.8294	0.0665451	0	0.665629	0.397873	17.7746	1		0.0088623	12.0616	43.3657	0	0	0	
2024-06-28 03:37:13	182	349	9	0	0	1	5	0	0	0	5	0	0	4	5	0	0	0	5	0	0	2.598		99.9724	41.8437	0.0735916	0	0.73612	0.135621	13.8755	1		0	12.0439	43.2357	0	0	0	
2024-06-28 03:52:46	302	350	1	0	0	4.75	20	0	0	0	20	0	0	3	20	0	0	0	20	0	0	1.515		99.9596	42.5862	0.124485	0	1.24536	0.0248093	13.6934	1		0	12.0616	40.117	0	0	0	
2024-06-28 03:46:07	251	351	1	0	0	6	25	0	0	0	25	0	0	3	25	0	0	0	25	0	0	2.598		99.9567	42.5568	0.0781246	0	0.781585	0.141572	14.7325	2		0.0088623	12.0616	40.3769	0	0	0	
2024-06-28 03:38:52	194	352	1	0	0	2	9	0	0	0	9	0	0	2.25	9	0	0	0	9	0	0	0.216		99.9665	42.2226	0.88349	0	8.83786	0.112297	13.8825	1		0.0088623	11.9552	42.1962	0	0	0	
2024-06-28 03:47:20	260	353	5	0	0	7	29	0	0	0	29	0	0	0.5	29	0	0	0	29	0	0	5.628		99.9557	41.8102	0.0430032	0	0.430222	0.227585	17.5706	1		0	12.0439	40.247	0	0	0	
2024-06-28 03:35:45	171	354	1	0	0	0	1	0	0	0	1	0	0	3.5	1	0	0	0	1	0	0	3.031		99.9743	42.1408	0.0706183	0	0.706364	0.179233	15.5338	2		0.0088623	12.0616	44.5352	0	0	0	
2024-06-28 03:54:13	313	355	1	0	0	1.75	8	0	0	0	8	0	0	0	8	0	0	0	8	0	0	1.515		99.9644	42.8511	0.123135	0	1.23179	0.0389013	13.5443	1		0.0088623	12.0616	40.117	0	0	0	
2024-06-28 03:45:00	243	356	5	0	0	6	25	0	0	0	25	0	0	7	25	0	0	0	25	0	0	0.866		99.9535	42.6262	0.245592	0	2.45706	0.113621	15.4382	1		0	12.0616	40.3769	0	0	0	
2024-06-28 03:53:30	307	357	1	0	0	6.5	27	0	0	0	27	0	0	1.25	27	0	0	0	27	0	0	4.546		99.9554	42.2709	0.0571064	0	0.571319	0.733309	18.8459	1		0	12.0616	40.117	0	0	0	
2024-06-28 03:48:11	266	358	1	0	0	7.75	32	0	0	0	32	0	0	1.25	32	0	0	0	32	0	0	5.628		99.9626	41.548	0.0401377	0	0.401527	0.490488	16.3986	1		0	12.0439	40.117	0	0	0	
2024-06-28 03:43:27	231	359	5	0	0	5	21	0	0	0	21	0	0	5.5	21	0	0	0	21	0	0	0.433		99.9599	42.6577	0.504044	0	5.04247	0.204954	15.8414	1		0.0088623	12.0439	40.6368	0	0	0	
2024-06-28 03:43:27	231	360	9	0	0	5	21	0	0	0	21	0	0	4.25	21	0	0	0	21	0	0	0.649		99.9599	42.6577	0.313223	0	3.13349	0.160451	14.7662	1		0.0088623	12.0439	40.6368	0	0	0	
2024-06-28 03:40:17	205	361	1	0	0	3	13	0	0	0	13	0	0	1	13	0	0	0	13	0	0	1.732		99.9667	42.8884	0.107865	0	1.07901	0.38199	13.5592	1		0	12.0616	41.5464	0	0	0	
2024-06-28 03:37:45	186	362	1	0	0	1	5	0	0	0	5	0	0	2	5	0	0	0	5	0	0	0.866		99.9738	41.8194	0.207333	0	2.07388	0.139016	13.0306	1		0	12.0616	42.8459	0	0	0	
2024-06-28 03:50:13	282	363	9	0	0	1.75	8	0	0	0	8	0	0	6	8	0	0	0	8	0	0	3.68		99.9615	42.8033	0.0617359	0	0.617596	0.060921	16.492	2		0	12.0616	40.117	0	0	0	
2024-06-28 03:41:36	216	364	1	0	0	4	17	0	0	0	17	0	0	2.25	17	0	0	0	17	0	0	1.515		99.9618	42.6789	0.119221	0	1.19266	0.250942	13.114	1		0	12.0616	41.1566	0	0	0	
2024-06-28 03:48:32	269	365	9	0	0	7.75	32	0	0	0	32	0	0	6	32	0	0	0	32	0	0	1.515		99.9559	41.5366	0.131218	0	1.31276	0.223346	14.4346	1		0	12.0616	39.9871	0	0	0	
2024-06-28 03:48:25	268	366	9	0	0	7.75	32	0	0	0	32	0	0	4.75	32	0	0	0	32	0	0	2.598		99.9595	41.535	0.0759587	0	0.759895	0.197719	14.3237	1		0	12.0616	40.117	0	0	0	
2024-06-28 03:45:50	249	367	1	0	0	6	25	0	0	0	25	0	0	2	25	0	0	0	25	0	0	3.464		99.9543	42.5504	0.0694534	0	0.694852	0.0429769	17.4635	2		0	12.0616	40.3769	0	0	0	
2024-06-28 03:42:20	222	368	5	0	0	4	17	0	0	0	17	0	0	5.5	17	0	0	0	17	0	0	1.299		99.961	42.6585	0.153136	0	1.53196	0.15215	14.4384	1		0	12.0616	41.0267	0	0	0	
2024-06-28 03:41:36	216	369	9	0	0	4	17	0	0	0	17	0	0	4.25	17	0	0	0	17	0	0	0.216		99.9618	42.6789	1.01109	0	10.1147	0.0423987	15.8882	1		0	12.0616	41.1566	0	0	0	
2024-06-28 03:36:12	174	370	1	0	0	0	1	0	0	0	1	0	0	1.75	1	0	0	0	1	0	0	1.515		99.9765	42.1634	0.119999	0	1.20028	0.0172104	13.1977	1		0	12.0616	44.0154	0	0	0	
2024-06-28 03:55:19	322	371	1	0	0	3.75	16	0	0	4	16	0	0	3.5	16	0	0	4.25	16	0	0	0.13		99.9627	21.0428	0.755527	0	7.55809	0.100059	11.8722	1		0	12.0616	40.117	0	0	0	
2024-06-28 03:41:15	213	372	5	0	0	3	13	0	0	0	13	0	0	2.75	13	0	0	0	13	0	0	0.216		99.9635	42.8979	0.864567	0	8.64883	0.201988	13.5855	1		0	12.0616	41.2865	0	0	0	
2024-06-28 03:38:59	195	373	9	0	0	2	9	0	0	0	9	0	0	6	9	0	0	0	9	0	0	3.464		99.9667	42.2319	0.0683986	0	0.684213	0.489906	17.1962	1		0	12.0616	42.1962	0	0	0	
2024-06-28 03:39:07	196	374	9	0	0	2	9	0	0	0	9	0	0	4.75	9	0	0	0	9	0	0	2.381		99.9665	42.2249	0.0843111	0	0.843393	0.105913	14.5728	1		0	12.0616	42.1962	0	0	0	
2024-06-28 03:46:51	256	375	5	0	0	7	29	0	0	0	29	0	0	5	29	0	0	0	29	0	0	1.732		99.955	41.7894	0.111546	0	1.11597	0.152992	14.0236	1		0	11.9552	40.117	0	0	0	
2024-06-28 03:46:58	257	376	1	0	0	7	29	0	0	0	29	0	0	3.75	29	0	0	0	29	0	0	2.814		99.955	41.7773	0.0711123	0	0.711443	0.010655	14.5279	1		0	12.0616	40.247	0	0	0	
2024-06-28 03:36:59	180	377	1	0	0	1	5	0	0	0	5	0	0	3.25	5	0	0	0	5	0	0	1.948		99.9734	41.8294	0.0948722	0	0.948975	0.253761	13.4158	1		0.0088623	12.0616	43.3657	0	0	0	
2024-06-28 03:49:45	279	378	9	0	0	2.75	12	0	0	0	12	0	0	5	12	0	0	0	12	0	0	1.948		99.9573	42.4205	0.0950489	0	0.950895	0.167162	13.443	1		0	11.9464	40.117	0	0	0	
2024-06-28 03:43:34	232	379	1	0	0	5	21	0	0	0	21	0	0	1.75	21	0	0	0	21	0	0	2.814		99.9606	42.6671	0.0823908	0	0.824233	0.502023	16.8311	1		0	12.0616	40.6368	0	0	0	
2024-06-28 03:39:14	197	380	1	0	0	2	9	0	0	0	9	0	0	1.5	9	0	0	0	9	0	0	0.433		99.9684	42.2318	0.459061	0	4.59206	0.118218	14.4264	1		0	12.0616	42.0662	0	0	0	
2024-06-28 03:35:38	170	381	1	0	0	0	1	0	0	0	1	0	0	2.75	1	0	0	0	1	0	0	2.381		99.9768	42.1615	0.178431	0	1.78472	0.475271	30.8377	1		0	12.0616	44.7951	0	0	0	
2024-06-28 03:49:38	278	382	9	0	0	3.25	14	0	0	0	14	0	0	4.5	14	0	0	0	14	0	0	1.082		99.9595	42.8822	0.171867	0	1.71937	0.315311	13.5039	1		0	12.0439	40.117	0	0	0	
2024-06-28 03:40:07	204	383	5	0	0	3	13	0	0	0	13	0	0	6.75	13	0	0	0	13	0	0	3.247		99.9669	42.8937	0.0674052	0	0.674275	0.014946	15.8872	2		0	12.0616	41.6764	0	0	0	
2024-06-28 03:36:52	179	384	9	0	0	1	5	0	0	0	5	0	0	7.25	5	0	0	0	5	0	0	5.412		99.9746	41.8197	0.0659118	0	0.659286	0.660231	25.8901	1		0.0088623	12.0616	43.4956	0	0	0	
2024-06-28 03:44:38	240	385	5	0	0	6	25	0	0	0	25	0	0	7.5	25	0	0	0	25	0	0	1.299		99.9544	42.6053	0.154141	0	1.54211	0.200142	14.5341	1		0	12.0616	40.5069	0	0	0	
2024-06-28 03:45:00	243	386	9	0	0	6	25	0	0	0	25	0	0	6.25	25	0	0	0	25	0	0	0.216		99.9535	42.6262	0.968242	0	9.68693	0.0899884	15.2162	1		0	12.0616	40.3769	0	0	0	
2024-06-28 03:49:03	273	387	1	0	0	7.75	32	0	0	0	32	0	0	0.5	32	0	0	0	32	0	0	6.278		99.9609	41.5521	0.0364012	0	0.364155	0.164428	16.5884	1		0	12.0439	40.117	0	0	0	
2024-06-28 03:44:11	237	388	1	0	0	5	21	0	0	0	21	0	0	3.5	21	0	0	0	21	0	0	1.299		99.957	42.6939	0.141489	0	1.41549	0.0084082	13.3407	2		0	12.0616	40.5069	0	0	0	
2024-06-28 03:40:32	207	389	1	0	0	3	13	0	0	0	13	0	0	0.25	13	0	0	0	13	0	0	2.381		99.9679	42.8995	0.0786484	0	0.786736	0.0743649	13.5938	1		0	12.0616	41.5464	0	0	0	
2024-06-28 03:38:13	190	390	1	0	0	1	5	0	0	0	5	0	0	1.25	5	0	0	0	5	0	0	0.216		99.9724	41.831	0.872144	0	8.72385	0.190664	13.7034	1		0	12.0616	42.586	0	0	0	
2024-06-28 03:42:26	223	391	1	0	0	4	17	0	0	0	17	0	0	1.5	17	0	0	0	17	0	0	2.165		99.9601	42.6699	0.0865636	0	0.865981	0.092951	13.6028	1		0	11.9464	40.8967	0	0	0	
2024-06-28 03:50:23	283	392	9	0	0	1.5	7	0	0	0	7	0	0	6.25	7	0	0	0	7	0	0	4.113		99.9597	41.9878	0.0699976	0	0.700258	1.49461	20.8993	4		0	12.0439	40.117	0	0	0	
2024-06-28 03:48:47	271	393	5	0	0	7.75	32	0	0	0	32	0	0	5.25	32	0	0	0	32	0	0	2.165		99.9567	41.5389	0.0900312	0	0.900702	0.0643042	14.1482	1		0	12.0439	40.117	0	0	0	
2024-06-28 03:48:11	266	394	9	0	0	7.75	32	0	0	0	32	0	0	4	32	0	0	0	32	0	0	3.247		99.9626	41.548	0.0605749	0	0.605976	0.283176	14.278	1		0	12.0439	40.117	0	0	0	
2024-06-28 03:46:07	251	395	5	0	0	6	25	0	0	0	25	0	0	1.25	25	0	0	0	25	0	0	4.113		99.9567	42.5568	0.0587306	0	0.58756	0.206051	17.5358	2		0.0088623	12.0616	40.3769	0	0	0	
2024-06-28 03:42:34	224	396	5	0	0	4	17	0	0	0	17	0	0	3.5	17	0	0	0	17	0	0	0.433		99.9585	42.6509	0.513564	0	5.13778	0.103221	16.1408	1		0	12.0616	40.8967	0	0	0	
2024-06-28 03:35:55	172	397	1	0	0	0	1	0	0	0	1	0	0	1	1	0	0	0	1	0	0	0.866		99.9727	42.1434	0.212708	0	2.12766	0.0340304	13.3685	1		0.0088623	12.0616	44.1454	0	0	0	
2024-06-28 03:38:20	191	398	5	0	0	2	9	0	0	0	9	0	0	5.25	9	0	0	0	9	0	0	2.814		99.9672	42.1801	0.0844682	0	0.84496	0.0403067	17.2544	4		0.0088623	11.9552	42.586	0	0	0	
2024-06-28 03:39:07	196	399	5	0	0	2	9	0	0	0	9	0	0	4	9	0	0	0	9	0	0	1.732		99.9665	42.2249	0.107291	0	1.07327	0.0413744	13.4871	1		0	12.0616	42.1962	0	0	0	
2024-06-28 03:54:28	315	400	1	0	0	3.5	15	0	0	0	15	0	0	2.25	15	0	0	0	15	0	0	1.082		99.962	42.2555	0.168173	0	1.68237	0.136191	13.2133	1		0	12.0616	40.117	0	0	0	
2024-06-28 03:47:12	259	401	1	0	0	7	29	0	0	0	29	0	0	3	29	0	0	0	29	0	0	3.464		99.9555	41.8654	0.0591478	0	0.591741	0.146365	14.8721	1		0	12.0439	40.117	0	0	0	
2024-06-28 03:37:13	182	402	1	0	0	1	5	0	0	0	5	0	0	2.5	5	0	0	0	5	0	0	1.299		99.9724	41.8437	0.146637	0	1.46678	0.0376372	13.8241	1		0	12.0439	43.2357	0	0	0	
2024-06-28 03:36:12	174	403	5	0	0	0	1	0	0	0	1	0	0	6.75	1	0	0	0	1	0	0	5.845		99.9765	42.1634	0.0401465	0	0.401559	0.212786	17.0307	1		0	12.0616	44.0154	0	0	0	
2024-06-28 03:51:29	291	404	1	0	0	2.75	12	0	0	0	12	0	0	3	12	0	0	0	12	0	0	0.216		99.9622	42.3845	0.869713	0	8.70042	0.174982	13.6666	1		0	12.0616	40.117	0	0	0	
2024-06-28 03:44:03	236	405	1	0	0	5	21	0	0	0	21	0	0	1	21	0	0	0	21	0	0	3.464		99.9564	42.7132	0.066583	0	0.66612	0.867487	16.7414	1		0.0088623	12.0616	40.6368	0	0	0	
2024-06-28 03:56:39	331	406	1	0	0	0.5	3	0	0	7.25	3	0	0	2.75	3	0	0	5	3	0	0	1.168		99.9661	22.2015	0.0720358	0	0.720603	0.205103	10.1873	2		0.0088623	12.0616	40.117	0	0	0	
2024-06-28 03:52:10	297	407	9	0	0	6.75	28	0	0	0	28	0	0	7	28	0	0	0	28	0	0	0.216		99.9552	41.9109	0.935469	0	9.35888	0.431679	14.7009	1		0	12.0616	40.117	0	0	0	
2024-06-28 03:39:42	201	408	1	0	0	2	9	0	0	0	9	0	0	0.75	9	0	0	0	9	0	0	1.082		99.967	42.235	0.167148	0	1.67203	0.200336	13.1321	1		0.0088623	12.0616	41.8063	0	0	0	
2024-06-28 03:40:00	203	409	5	0	0	3	13	0	0	0	13	0	0	6	13	0	0	0	13	0	0	2.598		99.9683	42.8861	0.0779562	0	0.779809	0.337076	14.699	1		0.0088623	12.0616	41.8063	0	0	0	
2024-06-28 03:40:53	210	410	9	0	0	3	13	0	0	0	13	0	0	4.75	13	0	0	0	13	0	0	1.515		99.9655	42.9116	0.124798	0	1.24842	0.0857948	13.727	1		0	12.0439	41.4165	0	0	0	
2024-06-28 03:37:45	186	411	5	0	0	1	5	0	0	0	5	0	0	7.75	5	0	0	0	5	0	0	5.845		99.9738	41.8194	0.039118	0	0.391283	0.0228776	16.5949	1		0	12.0616	42.8459	0	0	0	
2024-06-28 03:37:28	184	412	5	0	0	1	5	0	0	0	5	0	0	6.5	5	0	0	0	5	0	0	4.762		99.972	41.8187	0.0525476	0	0.525623	0.212421	18.1642	2		0	12.0616	43.1058	0	0	0	
2024-06-28 03:45:25	246	413	5	0	0	6	25	0	0	0	25	0	0	5.5	25	0	0	0	25	0	0	0.433		99.9597	42.5956	0.515748	0	5.15956	0.0769442	16.2092	1		0	12.0616	40.3769	0	0	0	
2024-06-28 03:44:38	240	414	9	0	0	6	25	0	0	0	25	0	0	4.25	25	0	0	0	25	0	0	1.515		99.9544	42.6053	0.128347	0	1.28405	0.432602	14.1189	1		0	12.0616	40.5069	0	0	0	
2024-06-28 03:43:20	230	415	1	0	0	5	21	0	0	0	21	0	0	2.75	21	0	0	0	21	0	0	1.948		99.9593	42.6529	0.0957804	0	0.958194	0.091105	13.5461	1		0	12.0616	40.7668	0	0	0	
2024-06-28 03:37:59	188	416	1	0	0	1	5	0	0	0	5	0	0	0.5	5	0	0	0	5	0	0	0.433		99.9729	41.8294	0.479612	0	4.79742	0.220117	15.0716	1		0	12.0616	42.7159	0	0	0	
2024-06-28 03:42:05	220	417	1	0	0	4	17	0	0	0	17	0	0	0.75	17	0	0	0	17	0	0	2.814		99.9579	42.6418	0.0732464	0	0.732772	0.225534	14.9635	1		0	12.0439	41.0267	0	0	0	
2024-06-28 03:48:18	267	418	1	0	0	7.75	32	0	0	0	32	0	0	3.25	32	0	0	0	32	0	0	3.897		99.9582	41.5514	0.0512854	0	0.513069	0.00902474	14.5067	1		0.0088623	12.0616	40.117	0	0	0	
2024-06-28 03:55:51	326	419	1	0	0	2.75	12	0	0	5	12	0	0	0.5	12	0	0	7.25	12	0	0	1.168		99.9631	22.1994	0.0716974	0	0.717238	0.118504	10.1397	1		0	12.0616	40.117	0	0	0	
2024-06-28 03:50:38	284	420	9	0	0	1.25	6	0	0	0	6	0	0	6.5	6	0	0	0	6	0	0	4.546		99.9618	42.6487	0.0545069	0	0.545278	0.477013	17.9869	1		0.0088623	12.0616	40.117	0	0	0	
2024-06-28 03:45:08	244	421	1	0	0	6	25	0	0	0	25	0	0	0.5	25	0	0	0	25	0	0	4.762		99.9562	42.5889	0.0527399	0	0.52763	0.0695944	18.2336	2		0	12.0616	40.117	0	0	0	
2024-06-28 03:42:13	221	422	1	0	0	4	17	0	0	0	17	0	0	2.75	17	0	0	0	17	0	0	1.082		99.9585	42.6407	0.168861	0	1.68931	0.180172	13.2678	1		0	12.0616	41.0267	0	0	0	
2024-06-28 03:35:31	169	423	1	0	0	0	1	0	0	0	1	0	0	0.25	1	0	0	0	1	0	0	0.216		99.9756	42.1716	0.876337	0	8.7655	0.165599	13.7688	1		0	12.0616	44.7951	0	0	0	
2024-06-28 03:38:43	193	424	1	0	0	2	9	0	0	0	9	0	0	3.25	9	0	0	0	9	0	0	1.082		99.9662	42.2406	0.169376	0	1.69433	0.022108	13.3073	2		0	12.0616	42.1962	0	0	0	
2024-06-28 03:47:20	260	425	1	0	0	7	29	0	0	0	29	0	0	1.75	29	0	0	0	29	0	0	4.546		99.9557	41.8102	0.0534948	0	0.535185	0.00461943	17.654	1		0	12.0439	40.247	0	0	0	
2024-06-28 03:35:38	170	426	9	0	0	0	1	0	0	0	1	0	0	6	1	0	0	0	1	0	0	5.195		99.9768	42.1615	0.0591507	0	0.591644	0.447979	22.3044	1		0	12.0616	44.7951	0	0	0	
2024-06-28 03:35:31	169	427	9	0	0	0	1	0	0	0	1	0	0	4.75	1	0	0	0	1	0	0	4.113		99.9756	42.1716	0.0530214	0	0.530343	0.347153	15.8282	1		0	12.0616	44.7951	0	0	0	
2024-06-28 03:53:45	309	428	1	0	0	7.25	30	0	0	0	30	0	0	0.5	30	0	0	0	30	0	0	5.845		99.9593	41.9648	0.0537514	0	0.537733	0.42569	22.8061	1		0	12.0616	40.117	0	0	0	
2024-06-28 03:43:57	235	429	1	0	0	5	21	0	0	0	21	0	0	0.25	21	0	0	0	21	0	0	4.113		99.9563	42.6897	0.0519975	0	0.520203	0.51103	15.5255	1		0	12.0616	40.6368	0	0	0	
2024-06-28 03:43:02	228	430	9	0	0	5	21	0	0	0	21	0	0	6.75	21	0	0	0	21	0	0	1.515		99.9592	42.6872	0.138175	0	1.38232	0.725356	15.1994	1		0	12.0616	40.7668	0	0	0	
2024-06-28 03:41:21	214	431	1	0	0	3	13	0	0	0	13	0	0	2.25	13	0	0	0	13	0	0	0.649		99.9629	42.9142	0.295927	0	2.96037	0.199329	13.9504	1		0	12.0616	41.1566	0	0	0	
2024-06-28 03:39:50	202	432	1	0	0	2	9	0	0	0	9	0	0	0	9	0	0	0	9	0	0	1.732		99.969	42.215	0.171349	0	1.71402	0.465865	21.5391	2		0	12.0616	41.8063	0	0	0	
2024-06-28 03:52:18	298	433	9	0	0	6.5	27	0	0	0	27	0	0	7.25	27	0	0	0	27	0	0	0.649		99.9559	42.3737	0.33855	0	3.38699	0.195122	15.9608	1		0	12.0616	40.117	0	0	0	
2024-06-28 03:48:11	266	434	5	0	0	7.75	32	0	0	0	32	0	0	7.25	32	0	0	0	32	0	0	0.433		99.9626	41.548	0.52532	0	5.25516	0.159366	16.5096	1		0	12.0439	40.117	0	0	0	
2024-06-28 03:53:52	310	435	1	0	0	7.5	31	0	0	0	31	0	0	0.25	31	0	0	0	31	0	0	6.278		99.9645	41.5441	0.0356455	0	0.356581	0.265124	16.2434	1		0	12.0616	40.117	0	0	0	
2024-06-28 03:51:07	288	436	1	0	0	0.75	4	0	0	0	4	0	0	1	4	0	0	0	4	0	0	0.216		99.9635	42.7772	0.889005	0	8.8933	0.135038	13.9696	1		0	12.0616	40.117	0	0	0	
2024-06-28 03:53:04	304	437	1	0	0	5.5	23	0	0	0	23	0	0	2.25	23	0	0	0	23	0	0	2.814		99.9607	42.2325	0.0924215	0	0.924579	0.365533	18.8802	2		0.0088623	12.0439	40.117	0	0	0	
2024-06-28 03:41:51	218	438	5	0	0	4	17	0	0	0	17	0	0	6.75	17	0	0	0	17	0	0	2.381		99.9635	42.6659	0.0846707	0	0.847017	0.179724	14.6354	1		0	12.0616	41.1566	0	0	0	
2024-06-28 03:40:53	210	439	5	0	0	3	13	0	0	0	13	0	0	5.25	13	0	0	0	13	0	0	1.948		99.9655	42.9116	0.10228	0	1.02316	0.161771	14.4645	1		0	12.0439	41.4165	0	0	0	
2024-06-28 03:40:46	209	440	5	0	0	3	13	0	0	0	13	0	0	4	13	0	0	0	13	0	0	0.866		99.9667	42.8942	0.222394	0	2.22468	0.178718	13.9781	1		0.0088623	12.0616	41.4165	0	0	0	
2024-06-28 03:38:52	194	441	5	0	0	2	9	0	0	0	9	0	0	7.25	9	0	0	0	9	0	0	4.546		99.9665	42.2226	0.0547101	0	0.547285	0.183347	18.0531	1		0.0088623	11.9552	42.1962	0	0	0	
2024-06-28 03:47:12	259	442	5	0	0	7	29	0	0	0	29	0	0	7.5	29	0	0	0	29	0	0	0.433		99.9555	41.8654	0.499138	0	4.99361	0.108819	15.6879	1		0	12.0439	40.117	0	0	0	
2024-06-28 03:46:44	255	443	5	0	0	7	29	0	0	0	29	0	0	6.25	29	0	0	0	29	0	0	0.649		99.96	41.8108	0.334151	0	3.34285	0.327902	15.7528	1		0	12.0616	40.247	0	0	0	
2024-06-28 03:37:20	183	444	9	0	0	1	5	0	0	0	5	0	0	5.75	5	0	0	0	5	0	0	4.113		99.9719	41.839	0.052214	0	0.522287	0.0179479	15.5877	1		0.0088623	12.0616	43.2357	0	0	0	
2024-06-28 03:36:52	179	445	5	0	0	1	5	0	0	0	5	0	0	4.5	5	0	0	0	5	0	0	3.031		99.9746	41.8197	0.0749482	0	0.749673	0.0365311	16.4862	1		0.0088623	12.0616	43.4956	0	0	0	
2024-06-28 03:46:00	250	446	1	0	0	6	25	0	0	0	25	0	0	3.5	25	0	0	0	25	0	0	2.165		99.9578	42.5595	0.0876885	0	0.877255	0.0948465	13.7799	1		0	12.0439	40.3769	0	0	0	
2024-06-28 03:42:26	223	447	5	0	0	4	17	0	0	0	17	0	0	0	17	0	0	0	17	0	0	3.464		99.9601	42.6699	0.0656532	0	0.656794	0.279613	16.507	1		0	11.9464	40.8967	0	0	0	
2024-06-28 03:48:32	269	448	1	0	0	7.75	32	0	0	0	32	0	0	2.5	32	0	0	0	32	0	0	4.546		99.9559	41.5366	0.0485404	0	0.485618	0.0164206	16.0189	1		0	12.0616	39.9871	0	0	0	
2024-06-28 03:38:59	195	449	1	0	0	2	9	0	0	0	9	0	0	2.5	9	0	0	0	9	0	0	0.433		99.9667	42.2319	0.452946	0	4.53097	0.13097	14.2345	1		0	12.0616	42.1962	0	0	0	
2024-06-28 03:46:51	256	450	1	0	0	7	29	0	0	0	29	0	0	1	29	0	0	0	29	0	0	5.195		99.955	41.7894	0.0464896	0	0.465105	0.303994	17.534	1		0	11.9552	40.117	0	0	0	
2024-06-28 03:35:12	167	451	9	0	0	0	1	0	0	0	1	0	0	5.25	1	0	0	0	1	0	0	4.546		99.9766	42.2275	0.0508661	0	0.50878	0.152991	16.783	1		0	12.0261	45.055	0	0	0	
2024-06-28 03:36:03	173	452	5	0	0	0	1	0	0	0	1	0	0	4	1	0	0	0	1	0	0	3.464		99.9757	42.1425	0.0661541	0	0.661702	0.0605822	16.6304	2		0.0088623	12.0616	44.2753	0	0	0	
2024-06-28 03:47:51	264	453	1	0	0	7.75	32	0	0	0	32	0	0	1.75	32	0	0	0	32	0	0	5.195		99.9579	41.5584	0.0441319	0	0.441505	0.0122184	16.6443	2		0	12.0616	40.117	0	0	0	
2024-06-28 03:43:02	228	454	5	0	0	5	21	0	0	0	21	0	0	6	21	0	0	0	21	0	0	0.866		99.9592	42.6872	0.235926	0	2.36022	0.245744	14.8297	1		0	12.0616	40.7668	0	0	0	
2024-06-28 03:43:34	232	455	9	0	0	5	21	0	0	0	21	0	0	4.75	21	0	0	0	21	0	0	0.216		99.9606	42.6671	0.904957	0	9.05314	0.157689	14.2206	1		0	12.0616	40.6368	0	0	0	
2024-06-28 03:40:00	203	456	1	0	0	3	13	0	0	0	13	0	0	1.5	13	0	0	0	13	0	0	1.299		99.9683	42.8861	0.140838	0	1.40882	0.477676	13.2778	1		0.0088623	12.0616	41.8063	0	0	0	
2024-06-28 03:48:40	270	457	5	0	0	7.75	32	0	0	0	32	0	0	6.5	32	0	0	0	32	0	0	1.082		99.9589	41.5222	0.192466	0	1.92545	0.17745	15.1224	1		0	12.0616	40.117	0	0	0	
2024-06-28 03:50:03	281	458	9	0	0	2.25	10	0	0	0	10	0	0	5.5	10	0	0	0	10	0	0	2.814		99.9594	42.8935	0.0948918	0	0.949303	0.192789	19.3851	2		0	11.9552	40.117	0	0	0	
2024-06-28 03:55:40	325	459	1	0	0	3	13	0	0	4.75	13	0	0	1.25	13	0	0	6.5	13	0	0	0.908		99.9586	22.7021	0.0787054	0	0.78738	0.101481	8.65769	2		0	12.0616	40.117	0	0	0	
2024-06-28 03:41:43	217	460	9	0	0	4	17	0	0	0	17	0	0	6	17	0	0	0	17	0	0	1.732		99.9612	42.6774	0.111524	0	1.11567	0.144942	14.0199	1		0.0088623	12.0616	41.1566	0	0	0	
2024-06-28 03:42:05	220	461	9	0	0	4	17	0	0	0	17	0	0	4.75	17	0	0	0	17	0	0	0.649		99.9579	42.6418	0.3246	0	3.24736	0.0229696	15.3028	1		0	12.0439	41.0267	0	0	0	
2024-06-28 03:36:20	175	462	1	0	0	0	1	0	0	0	1	0	0	2.25	1	0	0	0	1	0	0	1.948		99.9738	42.1573	0.1184	0	1.18431	0.473938	16.7428	1		0	12.0616	44.0154	0	0	0	
2024-06-28 03:55:32	324	463	1	0	0	3.25	14	0	0	4.5	14	0	0	2	14	0	0	5.75	14	0	0	0.649		99.9642	22.6341	0.143192	0	1.43243	0.377805	11.2503	1		0	11.973	40.117	0	0	0	
2024-06-28 03:41:15	213	464	1	0	0	3	13	0	0	0	13	0	0	3.25	13	0	0	0	13	0	0	0.216		99.9635	42.8979	0.891248	0	8.91574	0.118989	14.0048	1		0	12.0616	41.2865	0	0	0	
2024-06-28 03:39:21	198	465	5	0	0	2	9	0	0	0	9	0	0	7.75	9	0	0	0	9	0	0	4.979		99.9655	42.2202	0.043513	0	0.43528	0.199298	15.7259	1		0	12.0616	42.0662	0	0	0	
2024-06-28 03:39:21	198	466	9	0	0	2	9	0	0	0	9	0	0	6.5	9	0	0	0	9	0	0	3.897		99.9655	42.2202	0.0552579	0	0.552769	0.17906	15.6292	1		0	12.0616	42.0662	0	0	0	
2024-06-28 03:46:28	253	467	5	0	0	7	29	0	0	0	29	0	0	5.5	29	0	0	0	29	0	0	1.299		99.9568	41.7896	0.153704	0	1.5377	0.252513	14.4925	1		0.0088623	12.0616	40.247	0	0	0	
2024-06-28 03:46:51	256	468	9	0	0	7	29	0	0	0	29	0	0	4.25	29	0	0	0	29	0	0	2.381		99.955	41.7894	0.0832797	0	0.833171	0.153432	14.3962	1		0	11.9552	40.117	0	0	0	
2024-06-28 03:37:06	181	469	9	0	0	1	5	0	0	0	5	0	0	5	5	0	0	0	5	0	0	3.464		99.9754	41.8473	0.0625017	0	0.625171	0.5066	15.7123	1		0.0088623	12.0616	43.3657	0	0	0	
2024-06-28 03:36:52	179	470	1	0	0	1	5	0	0	0	5	0	0	3.75	5	0	0	0	5	0	0	2.381		99.9746	41.8197	0.0840328	0	0.840541	0.264615	14.5235	1		0.0088623	12.0616	43.4956	0	0	0	
2024-06-28 03:45:00	243	471	1	0	0	6	25	0	0	0	25	0	0	2.75	25	0	0	0	25	0	0	2.814		99.9535	42.6262	0.0719881	0	0.720216	0.0411972	14.7071	1		0	12.0616	40.3769	0	0	0	
2024-06-28 03:44:31	239	472	1	0	0	5	21	0	0	0	21	0	0	2.25	21	0	0	0	21	0	0	2.381		99.9555	42.6452	0.0808171	0	0.808531	0.200016	13.9704	1		0.0088623	12.0439	40.3769	0	0	0	
2024-06-28 03:47:36	262	473	1	0	0	7	29	0	0	0	29	0	0	0.25	29	0	0	0	29	0	0	5.845		99.956	41.8118	0.0388047	0	0.388218	0.350583	16.4649	1		0	12.0616	40.117	0	0	0	
2024-06-28 03:36:34	177	474	5	0	0	0	1	0	0	0	1	0	0	3.25	1	0	0	0	1	0	0	2.814		99.9719	42.1746	0.0707281	0	0.707479	0.308609	14.447	1		0.0088623	11.9552	43.7555	0	0	0	
2024-06-28 03:40:24	206	475	5	0	0	3	13	0	0	0	13	0	0	7.25	13	0	0	0	13	0	0	3.68		99.9678	42.8974	0.069799	0	0.698214	0.439564	18.6448	1		0	12.0439	41.5464	0	0	0	
2024-06-28 03:45:18	245	476	5	0	0	6	25	0	0	0	25	0	0	6.75	25	0	0	0	25	0	0	0.649		99.9574	42.5977	0.344213	0	3.4436	0.0247184	16.2276	1		0	12.0439	40.5069	0	0	0	
2024-06-28 03:49:24	276	477	9	0	0	3.75	16	0	0	0	16	0	0	4	16	0	0	0	16	0	0	0.216		99.9552	42.5102	1.00644	0	10.0689	0.39491	15.8162	1		0	11.9552	40.117	0	0	0	
2024-06-28 03:49:17	275	478	5	0	0	7.75	32	0	0	0	32	0	0	1	32	0	0	0	32	0	0	5.845		99.9566	41.5551	0.0388329	0	0.388498	0.138905	16.4768	1		0	12.0439	40.117	0	0	0	
2024-06-28 03:43:49	234	479	5	0	0	5	21	0	0	0	21	0	0	5.25	21	0	0	0	21	0	0	0.216		99.9576	42.6687	0.922733	0	9.23125	0.0977749	14.5004	1		0	12.0616	40.6368	0	0	0	
2024-06-28 03:43:10	229	480	5	0	0	5	21	0	0	0	21	0	0	4	21	0	0	0	21	0	0	0.866		99.9549	42.6502	0.229017	0	2.2912	0.0357587	14.396	2		0	12.0616	40.7668	0	0	0	
2024-06-28 03:40:46	209	481	1	0	0	3	13	0	0	0	13	0	0	0.75	13	0	0	0	13	0	0	1.948		99.9667	42.8942	0.0984949	0	0.985277	0.456419	13.929	1		0.0088623	12.0616	41.4165	0	0	0	
2024-06-28 03:37:38	185	482	1	0	0	1	5	0	0	0	5	0	0	1.75	5	0	0	0	5	0	0	0.649		99.9734	41.8193	0.30229	0	3.0237	0.134044	14.2489	1		0.0088623	12.0616	42.7159	0	0	0	
2024-06-28 03:42:41	225	483	5	0	0	4	17	0	0	0	17	0	0	2	17	0	0	0	17	0	0	1.732		99.9567	42.6417	0.107048	0	1.07094	0.16521	13.4579	1		0	11.9552	40.8967	0	0	0	
2024-06-28 03:48:00	265	484	9	0	0	7.75	32	0	0	0	32	0	0	5.75	32	0	0	0	32	0	0	1.732		99.9593	41.5335	0.113206	0	1.13252	0.0317428	14.2317	2		0.0088623	12.0616	40.117	0	0	0	
2024-06-28 03:48:32	269	485	5	0	0	7.75	32	0	0	0	32	0	0	4.5	32	0	0	0	32	0	0	2.814		99.9559	41.5366	0.0702445	0	0.702755	0.326078	14.3505	1		0	12.0616	39.9871	0	0	0	
2024-06-28 03:51:42	293	486	1	0	0	2.25	10	0	0	0	10	0	0	3.5	10	0	0	0	10	0	0	1.082		99.9596	42.9187	0.169125	0	1.69193	0.137544	13.2884	1		0	12.0616	40.117	0	0	0	
2024-06-28 03:51:00	287	487	9	0	0	0.25	2	0	0	0	2	0	0	7.5	2	0	0	0	2	0	0	6.278		99.9567	42.6862	0.0365244	0	0.365402	0.923262	16.6452	1		0	12.0616	40.117	0	0	0	
2024-06-28 03:44:38	240	488	1	0	0	6	25	0	0	0	25	0	0	1.75	25	0	0	0	25	0	0	3.68		99.9544	42.6053	0.069553	0	0.695848	0.0790183	18.5816	1		0	12.0616	40.5069	0	0	0	
2024-06-28 03:42:13	221	489	5	0	0	4	17	0	0	0	17	0	0	5.25	17	0	0	0	17	0	0	1.082		99.9585	42.6407	0.183777	0	1.83853	0.204256	14.4398	1		0	12.0616	41.0267	0	0	0	
2024-06-28 03:36:41	178	490	1	0	0	0	1	0	0	0	1	0	0	1.5	1	0	0	0	1	0	0	1.299		99.9731	42.1696	0.13736	0	1.37397	0.00613821	12.9494	2		0	12.0616	43.6256	0	0	0	
2024-06-28 03:40:53	210	491	1	0	0	3	13	0	0	0	13	0	0	2.5	13	0	0	0	13	0	0	0.433		99.9655	42.9116	0.457805	0	4.57963	0.243023	14.3873	1		0	12.0439	41.4165	0	0	0	
2024-06-28 03:38:43	193	492	9	0	0	2	9	0	0	0	9	0	0	5.75	9	0	0	0	9	0	0	3.247		99.9662	42.2406	0.065719	0	0.657412	0.0620145	15.4899	2		0	12.0616	42.1962	0	0	0	
2024-06-28 03:38:35	192	493	9	0	0	2	9	0	0	0	9	0	0	4.5	9	0	0	0	9	0	0	2.165		99.9639	42.2858	0.0908009	0	0.908337	0.1172	14.2681	1		0	12.0616	42.4561	0	0	0	
2024-06-28 03:47:28	261	494	5	0	0	7	29	0	0	0	29	0	0	3.5	29	0	0	0	29	0	0	3.031		99.9599	41.8051	0.0651992	0	0.652254	0.082349	14.3438	1		0	12.0616	40.117	0	0	0	
2024-06-28 03:37:28	184	495	1	0	0	1	5	0	0	0	5	0	0	3	5	0	0	0	5	0	0	1.732		99.972	41.8187	0.108592	0	1.08623	0.147791	13.65	2		0	12.0616	43.1058	0	0	0	
2024-06-28 03:35:45	171	496	9	0	0	0	1	0	0	0	1	0	0	7.25	1	0	0	0	1	0	0	6.278		99.9743	42.1408	0.0408792	0	0.408897	0.307217	18.6265	2		0.0088623	12.0616	44.5352	0	0	0	
2024-06-28 03:44:21	238	497	5	0	0	5	21	0	0	0	21	0	0	1.5	21	0	0	0	21	0	0	3.031		99.9548	42.6534	0.0715414	0	0.715737	0.26512	15.7399	2		0.0088623	12.0616	40.5069	0	0	0	
2024-06-28 03:39:07	196	498	1	0	0	2	9	0	0	0	9	0	0	1.25	9	0	0	0	9	0	0	0.649		99.9665	42.2249	0.288751	0	2.88848	0.194741	13.6116	1		0	12.0616	42.1962	0	0	0	
2024-06-28 03:54:06	312	499	1	0	0	1.5	7	0	0	0	7	0	0	0.25	7	0	0	0	7	0	0	1.082		99.9645	42.1526	0.164971	0	1.65029	0.00877036	12.9614	1		0	12.0616	40.117	0	0	0	
2024-06-28 03:36:34	177	500	1	0	0	0	1	0	0	0	1	0	0	2.5	1	0	0	0	1	0	0	2.165		99.9719	42.1746	0.0914713	0	0.91497	0.243882	14.3723	1		0.0088623	11.9552	43.7555	0	0	0	
2024-06-28 03:53:24	306	501	1	0	0	6.25	26	0	0	0	26	0	0	1.5	26	0	0	0	26	0	0	4.113		99.961	42.5543	0.0619921	0	0.620163	0.750216	18.5089	1		0	12.0616	40.117	0	0	0	
2024-06-28 03:55:05	320	502	9	0	0	7.25	30	0	0	0	30	0	0	6.5	30	0	0	0	30	0	0	0.649		99.9639	41.9924	0.334404	0	3.34525	0.19965	15.7641	1		0	12.0616	40.117	0	0	0	
2024-06-28 03:40:07	204	503	9	0	0	3	13	0	0	0	13	0	0	7.75	13	0	0	0	13	0	0	4.113		99.9669	42.8937	0.0505587	0	0.505754	0.121028	15.0943	2		0	12.0616	41.6764	0	0	0	
2024-06-28 03:40:32	207	504	9	0	0	3	13	0	0	0	13	0	0	6.5	13	0	0	0	13	0	0	3.031		99.9679	42.8995	0.0698296	0	0.69852	0.571293	15.3613	1		0	12.0616	41.5464	0	0	0	
2024-06-28 03:37:38	185	505	9	0	0	1	5	0	0	0	5	0	0	7	5	0	0	0	5	0	0	5.195		99.9734	41.8193	0.0445858	0	0.445976	0.0208553	16.8129	1		0.0088623	12.0616	42.7159	0	0	0	
2024-06-28 03:44:53	242	506	9	0	0	6	25	0	0	0	25	0	0	4.75	25	0	0	0	25	0	0	1.082		99.9558	42.6282	0.184467	0	1.84548	0.10349	14.4944	1		0.0088623	12.0439	40.5069	0	0	0	
2024-06-28 03:48:40	270	507	1	0	0	7.75	32	0	0	0	32	0	0	0.25	32	0	0	0	32	0	0	6.494		99.9589	41.5222	0.033775	0	0.337889	0.108543	15.9226	1		0	12.0616	40.117	0	0	0	
2024-06-28 03:43:57	235	508	5	0	0	5	21	0	0	0	21	0	0	3.25	21	0	0	0	21	0	0	1.515		99.9563	42.6897	0.121368	0	1.21421	0.0863591	13.351	1		0	12.0616	40.6368	0	0	0	
2024-06-28 03:41:07	212	509	1	0	0	3	13	0	0	0	13	0	0	0	13	0	0	0	13	0	0	2.598		99.9642	42.8987	0.0820552	0	0.820845	0.711155	15.4726	1		0	11.9552	41.2865	0	0	0	
2024-06-28 03:49:31	277	510	9	0	0	3.5	15	0	0	0	15	0	0	4.25	15	0	0	0	15	0	0	0.649		99.9564	42.209	0.314773	0	3.1491	0.270587	14.8398	1		0	12.0439	40.117	0	0	0	
2024-06-28 03:41:29	215	511	1	0	0	4	17	0	0	0	17	0	0	1.25	17	0	0	0	17	0	0	2.381		99.9624	42.6657	0.0817175	0	0.817482	0.658885	14.1251	1		0.0088623	12.0616	41.1566	0	0	0	
2024-06-28 03:48:18	267	512	9	0	0	7.75	32	0	0	0	32	0	0	5	32	0	0	0	32	0	0	2.381		99.9582	41.5514	0.0813967	0	0.814308	0.0865061	14.0702	1		0.0088623	12.0616	40.117	0	0	0	
2024-06-28 03:48:00	265	513	1	0	0	7.75	32	0	0	0	32	0	0	3.75	32	0	0	0	32	0	0	3.464		99.9593	41.5335	0.0576384	0	0.576619	0.0786043	14.492	2		0.0088623	12.0616	40.117	0	0	0	
2024-06-28 03:56:30	330	514	1	0	0	1.25	6	0	0	6.5	6	0	0	3	6	0	0	4.75	6	0	0	0.908		99.9639	22.2672	0.0853702	0	0.854011	0.459546	9.39034	2		0	12.0439	40.117	0	0	0	
2024-06-28 03:44:53	242	515	1	0	0	6	25	0	0	0	25	0	0	1	25	0	0	0	25	0	0	4.33		99.9558	42.6282	0.0565752	0	0.566002	0.386388	17.7815	1		0.0088623	12.0439	40.5069	0	0	0	
2024-06-28 03:41:58	219	516	1	0	0	4	17	0	0	0	17	0	0	3.25	17	0	0	0	17	0	0	0.649		99.9616	42.6511	0.315815	0	3.15937	0.237587	14.8882	1		0	12.0439	40.8967	0	0	0	
2024-06-28 03:36:41	178	517	5	0	0	0	1	0	0	0	1	0	0	0.75	1	0	0	0	1	0	0	0.649		99.9731	42.1696	0.357369	0	3.57465	0.305161	16.8451	2		0	12.0616	43.6256	0	0	0	
2024-06-28 03:55:57	327	518	1	0	0	3.5	15	0	0	4.25	15	0	0	3.75	15	0	0	4	15	0	0	0.13		99.9656	21.8065	0.739336	0	7.3959	0.0993256	11.6175	1		0.0088623	12.0616	40.117	0	0	0	
2024-06-28 03:38:20	191	519	9	0	0	2	9	0	0	0	9	0	0	5	9	0	0	0	9	0	0	2.598		99.9672	42.1801	0.0764474	0	0.764725	0.137558	14.4147	4		0.0088623	11.9552	42.586	0	0	0	
2024-06-28 03:38:20	191	520	1	0	0	2	9	0	0	0	9	0	0	3.75	9	0	0	0	9	0	0	1.515		99.9672	42.1801	0.136803	0	1.36848	1.41023	15.0472	4		0.0088623	11.9552	42.586	0	0	0	
2024-06-28 03:46:18	252	521	1	0	0	7	29	0	0	0	29	0	0	2.75	29	0	0	0	29	0	0	3.68		99.9565	41.7722	0.0557175	0	0.557417	0.0737415	14.885	2		0	12.0439	40.3769	0	0	0	
2024-06-28 03:47:05	258	522	1	0	0	7	29	0	0	0	29	0	0	2.25	29	0	0	0	29	0	0	4.113		99.9549	41.7924	0.051098	0	0.511211	0.466847	15.2572	1		0	12.0616	40.247	0	0	0	
2024-06-28 03:35:24	168	523	5	0	0	0	1	0	0	0	1	0	0	7.75	1	0	0	0	1	0	0	6.711		99.9772	42.1778	0.0356102	0	0.356183	0.761822	17.3442	1		0	12.0616	45.055	0	0	0	
2024-06-28 03:36:03	173	524	9	0	0	0	1	0	0	0	1	0	0	6.5	1	0	0	0	1	0	0	5.628		99.9757	42.1425	0.0411293	0	0.411393	0.256709	16.8016	2		0.0088623	12.0616	44.2753	0	0	0	
2024-06-28 03:43:02	228	525	1	0	0	5	21	0	0	0	21	0	0	0.75	21	0	0	0	21	0	0	3.68		99.9592	42.6872	0.0674293	0	0.674568	0.197749	18.0134	1		0	12.0616	40.7668	0	0	0	
2024-06-28 03:43:42	233	526	5	0	0	5	21	0	0	0	21	0	0	7.25	21	0	0	0	21	0	0	1.948		99.9556	42.6631	0.114272	0	1.14323	0.277803	16.162	1		0	12.0439	40.6368	0	0	0	
2024-06-28 03:54:56	319	527	9	0	0	5.75	24	0	0	0	24	0	0	4	24	0	0	0	24	0	0	1.515		99.967	42.7934	0.126225	0	1.26267	0.0629567	13.8838	1		0.0088623	11.9552	40.117	0	0	0	
2024-06-28 03:51:57	295	528	9	0	0	4.5	19	0	0	0	19	0	0	5.25	19	0	0	0	19	0	0	0.649		99.9553	42.8323	0.332831	0	3.3298	0.250419	15.6913	1		0	12.0616	40.117	0	0	0	
2024-06-28 03:56:04	328	529	1	0	0	2.75	12	0	0	5	12	0	0	3.5	12	0	0	4.25	12	0	0	0.389		99.9615	22.2257	0.276022	0	2.76128	1.14484	13.0122	4		0	12.0616	40.117	0	0	0	
2024-06-28 03:39:21	198	530	1	0	0	2	9	0	0	0	9	0	0	0.5	9	0	0	0	9	0	0	1.299		99.9655	42.2202	0.139271	0	1.39319	0.163212	13.1305	1		0	12.0616	42.0662	0	0	0	
2024-06-28 03:50:53	286	531	9	0	0	0.5	3	0	0	0	3	0	0	7.25	3	0	0	0	3	0	0	5.845		99.9623	42.6954	0.0613013	0	0.613244	0.0382288	26.0086	1		0	12.0616	40.117	0	0	0	
2024-06-28 03:41:36	216	532	5	0	0	4	17	0	0	0	17	0	0	7.25	17	0	0	0	17	0	0	2.814		99.9618	42.6789	0.0766158	0	0.76645	0.114002	15.6512	1		0	12.0616	41.1566	0	0	0	
2024-06-28 03:40:39	208	533	5	0	0	3	13	0	0	0	13	0	0	5.75	13	0	0	0	13	0	0	2.381		99.9695	42.8944	0.0806303	0	0.806548	0.172999	13.9362	1		0	12.0439	41.4165	0	0	0	
2024-06-28 03:40:17	205	534	5	0	0	3	13	0	0	0	13	0	0	4.5	13	0	0	0	13	0	0	1.299		99.9667	42.8884	0.143653	0	1.43701	0.264073	13.5435	1		0	12.0616	41.5464	0	0	0	
2024-06-28 03:46:44	255	535	9	0	0	7	29	0	0	0	29	0	0	6.75	29	0	0	0	29	0	0	0.216		99.96	41.8108	0.926584	0	9.26955	0.166611	14.5606	1		0	12.0616	40.247	0	0	0	
2024-06-28 03:37:45	186	536	9	0	0	1	5	0	0	0	5	0	0	7.5	5	0	0	0	5	0	0	5.628		99.9738	41.8194	0.0409064	0	0.409171	0.0761583	16.7108	1		0	12.0616	42.8459	0	0	0	
2024-06-28 03:37:20	183	537	5	0	0	1	5	0	0	0	5	0	0	6.25	5	0	0	0	5	0	0	4.546		99.9719	41.839	0.059464	0	0.594807	0.0146861	19.6207	1		0.0088623	12.0616	43.2357	0	0	0	
2024-06-28 03:44:45	241	538	9	0	0	6	25	0	0	0	25	0	0	5.25	25	0	0	0	25	0	0	0.649		99.9573	42.6509	0.326948	0	3.27088	0.322945	15.4137	1		0	12.0439	40.5069	0	0	0	
2024-06-28 03:45:25	246	539	9	0	0	6	25	0	0	0	25	0	0	4	25	0	0	0	25	0	0	1.732		99.9597	42.5956	0.110509	0	1.10554	0.129115	13.8926	1		0	12.0616	40.3769	0	0	0	
2024-06-28 03:43:10	229	540	1	0	0	5	21	0	0	0	21	0	0	2.5	21	0	0	0	21	0	0	2.165		99.9549	42.6502	0.101139	0	1.01185	0.283448	15.8941	2		0	12.0616	40.7668	0	0	0	
2024-06-28 03:38:07	189	541	5	0	0	1	5	0	0	0	5	0	0	0.25	5	0	0	0	5	0	0	0.649		99.9723	41.8455	0.300144	0	3.00227	0.0426295	14.1479	1		0.0088623	11.9552	42.7159	0	0	0	
2024-06-28 03:41:43	217	542	1	0	0	4	17	0	0	0	17	0	0	0.5	17	0	0	0	17	0	0	3.031		99.9612	42.6774	0.0670725	0	0.670985	0.145178	14.7557	1		0.0088623	12.0616	41.1566	0	0	0	
2024-06-28 03:48:56	272	543	1	0	0	7.75	32	0	0	0	32	0	0	3	32	0	0	0	32	0	0	4.113		99.9558	41.5483	0.0491735	0	0.491952	0.270102	14.6824	1		0	12.0439	40.117	0	0	0	
2024-06-28 03:44:45	241	544	1	0	0	6	25	0	0	0	25	0	0	0.25	25	0	0	0	25	0	0	4.979		99.9573	42.6509	0.0476241	0	0.476444	0.156164	17.2131	1		0	12.0439	40.5069	0	0	0	
2024-06-28 03:52:53	303	545	1	0	0	5.25	22	0	0	0	22	0	0	2.5	22	0	0	0	22	0	0	2.381		99.9573	42.7332	0.103239	0	1.03283	0.933486	17.846	2		0	12.0439	40.117	0	0	0	
2024-06-28 03:42:48	226	546	1	0	0	4	17	0	0	0	17	0	0	2.5	17	0	0	0	17	0	0	1.299		99.9592	42.656	0.14319	0	1.43248	0.265532	13.5009	1		0	12.0616	40.8967	0	0	0	
2024-06-28 03:38:35	192	547	1	0	0	2	9	0	0	0	9	0	0	3	9	0	0	0	9	0	0	0.866		99.9639	42.2858	0.215806	0	2.15884	0.180804	13.5644	1		0	12.0616	42.4561	0	0	0	
2024-06-28 03:46:35	254	548	1	0	0	7	29	0	0	0	29	0	0	1.5	29	0	0	0	29	0	0	4.762		99.9596	41.8237	0.0478758	0	0.478951	0.353874	16.5514	1		0	12.0616	40.247	0	0	0	
2024-06-28 03:35:31	169	549	5	0	0	0	1	0	0	0	1	0	0	5.75	1	0	0	0	1	0	0	4.979		99.9756	42.1716	0.0456417	0	0.456528	0.601663	16.4936	1		0	12.0616	44.7951	0	0	0	
2024-06-28 03:35:38	170	550	5	0	0	0	1	0	0	0	1	0	0	4.5	1	0	0	0	1	0	0	3.897		99.9768	42.1615	0.0549452	0	0.54958	0.174207	15.539	1		0	12.0616	44.7951	0	0	0	
2024-06-28 03:44:21	238	551	1	0	0	5	21	0	0	0	21	0	0	0	21	0	0	0	21	0	0	4.33		99.9548	42.6534	0.0512928	0	0.51316	0.185916	16.1214	2		0.0088623	12.0616	40.5069	0	0	0	
2024-06-28 03:49:10	274	552	5	0	0	7.75	32	0	0	0	32	0	0	2.25	32	0	0	0	32	0	0	4.762		99.9548	41.5531	0.0434069	0	0.434265	0.134899	15.0071	1		0	12.0616	40.117	0	0	0	
2024-06-28 03:43:34	232	553	5	0	0	5	21	0	0	0	21	0	0	7.75	21	0	0	0	21	0	0	2.381		99.9606	42.6671	0.084031	0	0.840642	0.101716	14.5252	1		0	12.0616	40.6368	0	0	0	
2024-06-28 03:43:42	233	554	9	0	0	5	21	0	0	0	21	0	0	6.5	21	0	0	0	21	0	0	1.299		99.9556	42.6631	0.154322	0	1.5439	0.00441822	14.5509	1		0	12.0439	40.6368	0	0	0	
2024-06-28 03:40:07	204	555	1	0	0	3	13	0	0	0	13	0	0	2	13	0	0	0	13	0	0	0.866		99.9669	42.8937	0.214032	0	2.14103	0.0765447	13.4525	2		0	12.0616	41.6764	0	0	0	
2024-06-28 03:52:39	301	556	1	0	0	4.5	19	0	0	0	19	0	0	3.25	19	0	0	0	19	0	0	1.082		99.958	42.8305	0.175157	0	1.75231	0.41972	13.7626	1		0.0088623	12.0616	40.117	0	0	0	
2024-06-28 03:48:00	265	557	5	0	0	7.75	32	0	0	0	32	0	0	7	32	0	0	0	32	0	0	0.649		99.9593	41.5335	0.347415	0	3.47556	0.0437852	16.3782	2		0.0088623	12.0616	40.117	0	0	0	
2024-06-28 03:54:49	318	558	9	0	0	5.5	23	0	0	0	23	0	0	4.25	23	0	0	0	23	0	0	1.082		99.9584	42.2994	0.183981	0	1.84057	0.332265	14.4558	1		0.0088623	12.0616	40.117	0	0	0	
2024-06-28 03:53:38	308	559	1	0	0	6.75	28	0	0	0	28	0	0	1	28	0	0	0	28	0	0	4.979		99.9573	41.8315	0.0582877	0	0.583126	0.120343	21.0674	1		0	12.0616	40.117	0	0	0	
2024-06-28 03:52:04	296	560	9	0	0	4.25	18	0	0	0	18	0	0	5.5	18	0	0	0	18	0	0	1.082		99.9595	42.9381	0.187258	0	1.87334	0.419531	14.7132	1		0	12.0439	40.117	0	0	0	
2024-06-28 03:41:43	217	561	5	0	0	4	17	0	0	0	17	0	0	7.75	17	0	0	0	17	0	0	3.247		99.9612	42.6774	0.062501	0	0.625253	0.0776335	14.7322	1		0.0088623	12.0616	41.1566	0	0	0	
2024-06-28 03:42:13	221	562	9	0	0	4	17	0	0	0	17	0	0	6.5	17	0	0	0	17	0	0	2.165		99.9585	42.6407	0.090849	0	0.908867	0.152425	14.2765	1		0	12.0616	41.0267	0	0	0	
2024-06-28 03:40:00	203	563	9	0	0	3	13	0	0	0	13	0	0	5	13	0	0	0	13	0	0	1.732		99.9683	42.8861	0.10633	0	1.06364	0.367166	13.3661	1		0.0088623	12.0616	41.8063	0	0	0	
2024-06-28 03:41:01	211	564	5	0	0	3	13	0	0	0	13	0	0	3.75	13	0	0	0	13	0	0	0.649		99.9651	42.8992	0.30686	0	3.06967	0.185726	14.4655	1		0	12.0616	41.2865	0	0	0	
2024-06-28 03:39:14	197	565	5	0	0	2	9	0	0	0	9	0	0	7	9	0	0	0	9	0	0	4.33		99.9684	42.2318	0.0499265	0	0.499423	0.057509	15.6898	1		0	12.0616	42.0662	0	0	0	
2024-06-28 03:46:18	252	566	9	0	0	7	29	0	0	0	29	0	0	6	29	0	0	0	29	0	0	0.866		99.9565	41.7722	0.238486	0	2.3859	0.900187	14.9911	2		0	12.0439	40.3769	0	0	0	
2024-06-28 03:46:58	257	567	5	0	0	7	29	0	0	0	29	0	0	4.75	29	0	0	0	29	0	0	1.948		99.955	41.7773	0.101138	0	1.01184	0.150524	14.3045	1		0	12.0616	40.247	0	0	0	
2024-06-28 03:37:06	181	568	5	0	0	1	5	0	0	0	5	0	0	5.5	5	0	0	0	5	0	0	3.897		99.9754	41.8473	0.0719167	0	0.719344	0.711263	20.339	1		0.0088623	12.0616	43.3657	0	0	0	
2024-06-28 03:36:59	180	569	9	0	0	1	5	0	0	0	5	0	0	4.25	5	0	0	0	5	0	0	2.814		99.9734	41.8294	0.0741496	0	0.741694	0.0249091	15.1456	1		0.0088623	12.0616	43.3657	0	0	0	
2024-06-28 03:46:00	250	570	5	0	0	6	25	0	0	0	25	0	0	3.25	25	0	0	0	25	0	0	2.381		99.9578	42.5595	0.0826738	0	0.827087	0.0358942	14.291	1		0	12.0439	40.3769	0	0	0	
2024-06-28 03:51:21	290	571	1	0	0	0.25	2	0	0	0	2	0	0	1.5	2	0	0	0	2	0	0	1.082		99.9618	42.6656	0.164691	0	1.64754	0.488903	12.9397	1		0	12.0616	40.117	0	0	0	
2024-06-28 03:47:43	263	572	5	0	0	7	29	0	0	0	29	0	0	0.75	29	0	0	0	29	0	0	5.412		99.9569	41.8312	0.0457191	0	0.457388	0.326776	17.9616	1		0	12.0439	40.117	0	0	0	
2024-06-28 03:35:24	168	573	1	0	0	0	1	0	0	0	1	0	0	5	1	0	0	0	1	0	0	4.33		99.9772	42.1778	0.0498464	0	0.498578	0.591397	15.6633	1		0	12.0616	45.055	0	0	0	
2024-06-28 03:36:20	175	574	5	0	0	0	1	0	0	0	1	0	0	3.75	1	0	0	0	1	0	0	3.247		99.9738	42.1573	0.0638842	0	0.63901	0.0441711	15.0563	1		0	12.0616	44.0154	0	0	0	
2024-06-28 03:55:12	321	575	9	0	0	7.5	31	0	0	0	31	0	0	6.25	31	0	0	0	31	0	0	1.082		99.9599	41.5574	0.18544	0	1.85514	0.367034	14.5703	1		0.0088623	12.0616	40.117	0	0	0	
2024-06-28 03:52:25	299	576	9	0	0	6.25	26	0	0	0	26	0	0	7.5	26	0	0	0	26	0	0	1.082		99.9587	42.6444	0.187342	0	1.87419	0.172091	14.7199	1		0	12.0616	40.117	0	0	0	
2024-06-28 03:44:53	242	577	5	0	0	6	25	0	0	0	25	0	0	7.25	25	0	0	0	25	0	0	1.082		99.9558	42.6282	0.202199	0	2.02288	0.192755	15.8877	1		0.0088623	12.0439	40.5069	0	0	0	
2024-06-28 03:49:10	274	578	1	0	0	7.75	32	0	0	0	32	0	0	1.5	32	0	0	0	32	0	0	5.412		99.9548	41.5531	0.0398676	0	0.398856	0.163195	15.663	1		0	12.0616	40.117	0	0	0	
2024-06-28 03:43:20	230	579	9	0	0	5	21	0	0	0	21	0	0	5.75	21	0	0	0	21	0	0	0.649		99.9593	42.6529	0.326936	0	3.27069	0.157018	15.4128	1		0	12.0616	40.7668	0	0	0	
2024-06-28 03:43:20	230	580	5	0	0	5	21	0	0	0	21	0	0	4.5	21	0	0	0	21	0	0	0.433		99.9593	42.6529	0.482595	0	4.82792	0.177106	15.1673	1		0	12.0616	40.7668	0	0	0	
2024-06-28 03:40:24	206	581	1	0	0	3	13	0	0	0	13	0	0	1.25	13	0	0	0	13	0	0	1.515		99.9678	42.8974	0.121365	0	1.21404	0.35721	13.3491	1		0	12.0439	41.5464	0	0	0	
2024-06-28 03:37:52	187	582	1	0	0	1	5	0	0	0	5	0	0	2.25	5	0	0	0	5	0	0	1.082		99.9712	41.8244	0.163997	0	1.64045	0.172639	12.884	1		0	11.9552	42.8459	0	0	0	
2024-06-28 03:51:14	289	583	1	0	0	0.5	3	0	0	0	3	0	0	1.25	3	0	0	0	3	0	0	0.649		99.9594	42.6979	0.305569	0	3.05694	0.530787	14.4055	1		0	12.0616	40.117	0	0	0	
2024-06-28 03:49:53	280	584	9	0	0	2.5	11	0	0	0	11	0	0	5.25	11	0	0	0	11	0	0	2.381		99.9544	42.4876	0.10966	0	1.0971	0.991354	18.9565	2		0	12.0616	40.117	0	0	0	
2024-06-28 03:47:51	264	585	9	0	0	7.75	32	0	0	0	32	0	0	7.5	32	0	0	0	32	0	0	0.216		99.9579	41.5584	0.984244	0	9.84658	0.297292	15.467	2		0	12.0616	40.117	0	0	0	
2024-06-28 03:48:25	268	586	5	0	0	7.75	32	0	0	0	32	0	0	6.25	32	0	0	0	32	0	0	1.299		99.9595	41.535	0.156922	0	1.56986	0.243063	14.7956	1		0	12.0616	40.117	0	0	0	
2024-06-28 03:52:32	300	587	1	0	0	4.25	18	0	0	0	18	0	0	3.5	18	0	0	0	18	0	0	0.649		99.9565	42.8361	0.316851	0	3.16989	0.0599317	14.9378	1		0	12.0439	40.117	0	0	0	
2024-06-28 03:45:18	245	588	1	0	0	6	25	0	0	0	25	0	0	2.25	25	0	0	0	25	0	0	3.247		99.9574	42.5977	0.0638788	0	0.63906	0.0927807	15.0575	1		0	12.0439	40.5069	0	0	0	
2024-06-28 03:54:42	317	589	9	0	0	5.25	22	0	0	0	22	0	0	4.5	22	0	0	0	22	0	0	0.649		99.9608	42.7448	0.325346	0	3.25473	0.0911589	15.3376	1		0	12.0616	40.117	0	0	0	
2024-06-28 03:41:29	215	590	5	0	0	4	17	0	0	0	17	0	0	5.75	17	0	0	0	17	0	0	1.515		99.9624	42.6657	0.126571	0	1.26619	0.373685	13.9225	1		0.0088623	12.0616	41.1566	0	0	0	
2024-06-28 03:42:05	220	591	5	0	0	4	17	0	0	0	17	0	0	4.5	17	0	0	0	17	0	0	0.433		99.9579	42.6418	0.520576	0	5.20796	0.0161267	16.3613	1		0	12.0439	41.0267	0	0	0	
2024-06-28 03:36:28	176	592	5	0	0	0	1	0	0	0	1	0	0	2	1	0	0	0	1	0	0	1.732		99.976	42.1762	0.174084	0	1.74125	0.248354	21.8813	1		0	12.0616	43.7555	0	0	0	
2024-06-28 03:39:14	197	593	9	0	0	2	9	0	0	0	9	0	0	7.5	9	0	0	0	9	0	0	4.762		99.9684	42.2318	0.0455202	0	0.455346	0.0506252	15.7356	1		0	12.0616	42.0662	0	0	0	
2024-06-28 03:38:59	195	594	5	0	0	2	9	0	0	0	9	0	0	6.25	9	0	0	0	9	0	0	3.68		99.9667	42.2319	0.0608094	0	0.608297	0.402975	16.2437	1		0	12.0616	42.1962	0	0	0	
2024-06-28 03:46:28	253	595	9	0	0	7	29	0	0	0	29	0	0	5.25	29	0	0	0	29	0	0	1.515		99.9568	41.7896	0.128991	0	1.29047	0.16521	14.1895	1		0.0088623	12.0616	40.247	0	0	0	
2024-06-28 03:47:05	258	596	5	0	0	7	29	0	0	0	29	0	0	4	29	0	0	0	29	0	0	2.598		99.9549	41.7924	0.0757012	0	0.757353	0.323149	14.2758	1		0	12.0616	40.247	0	0	0	
2024-06-28 03:37:06	181	597	1	0	0	1	5	0	0	0	5	0	0	3.5	5	0	0	0	5	0	0	2.165		99.9754	41.8473	0.0856165	0	0.856375	0.336482	13.4519	1		0.0088623	12.0616	43.3657	0	0	0	
2024-06-28 03:45:50	249	598	5	0	0	6	25	0	0	0	25	0	0	2.5	25	0	0	0	25	0	0	3.031		99.9543	42.5504	0.0757401	0	0.757748	0.0586696	16.6637	2		0	12.0616	40.3769	0	0	0	
2024-06-28 03:54:35	316	599	1	0	0	3.75	16	0	0	0	16	0	0	2	16	0	0	0	16	0	0	1.515		99.9639	42.5512	0.135045	0	1.35094	0.536563	14.8543	1		0	12.0616	40.117	0	0	0	
2024-06-28 03:43:27	231	600	1	0	0	5	21	0	0	0	21	0	0	2	21	0	0	0	21	0	0	2.598		99.9599	42.6577	0.0790315	0	0.790632	0.0335525	14.9031	1		0.0088623	12.0439	40.6368	0	0	0	
2024-06-28 03:39:35	200	601	1	0	0	2	9	0	0	0	9	0	0	1.75	9	0	0	0	9	0	0	0.216		99.965	42.2334	0.856761	0	8.57061	0.00790462	13.4627	1		0	11.9552	41.9363	0	0	0	
2024-06-28 03:46:44	255	602	1	0	0	7	29	0	0	0	29	0	0	0	29	0	0	0	29	0	0	6.061		99.96	41.8108	0.039465	0	0.394808	0.0986455	17.3646	1		0	12.0616	40.247	0	0	0	
2024-06-28 03:36:03	173	603	1	0	0	0	1	0	0	0	1	0	0	3	1	0	0	0	1	0	0	2.598		99.9757	42.1425	0.0785256	0	0.785447	0.16332	14.8053	2		0.0088623	12.0616	44.2753	0	0	0	
2024-06-28 03:40:24	206	604	9	0	0	3	13	0	0	0	13	0	0	7	13	0	0	0	13	0	0	3.464		99.9678	42.8974	0.0593327	0	0.593518	0.0526847	14.9167	1		0	12.0439	41.5464	0	0	0	
2024-06-28 03:45:33	247	605	5	0	0	6	25	0	0	0	25	0	0	7.75	25	0	0	0	25	0	0	1.515		99.9572	42.561	0.135262	0	1.3532	0.0236977	14.8792	2		0	12.0616	40.3769	0	0	0	
2024-06-28 03:45:18	245	606	9	0	0	6	25	0	0	0	25	0	0	6.5	25	0	0	0	25	0	0	0.433		99.9574	42.5977	0.53157	0	5.31797	0.103003	16.7069	1		0	12.0439	40.5069	0	0	0	
2024-06-28 03:48:25	268	607	1	0	0	7.75	32	0	0	0	32	0	0	0.75	32	0	0	0	32	0	0	6.061		99.9595	41.535	0.0389669	0	0.389827	0.276647	17.1455	1		0	12.0616	40.117	0	0	0	
2024-06-28 03:43:49	234	608	1	0	0	5	21	0	0	0	21	0	0	3.75	21	0	0	0	21	0	0	1.082		99.9576	42.6687	0.178648	0	1.78723	0.0781128	14.0369	1		0	12.0616	40.6368	0	0	0	
2024-06-28 03:40:39	208	609	1	0	0	3	13	0	0	0	13	0	0	0.5	13	0	0	0	13	0	0	2.165		99.9695	42.8944	0.0890469	0	0.890741	0.0322835	13.9917	1		0	12.0439	41.4165	0	0	0	
2024-06-28 03:38:07	189	610	1	0	0	1	5	0	0	0	5	0	0	1.5	5	0	0	0	5	0	0	0.433		99.9723	41.8455	0.472973	0	4.73104	0.136014	14.863	1		0.0088623	11.9552	42.7159	0	0	0	
2024-06-28 03:56:19	329	611	1	0	0	2	9	0	0	5.75	9	0	0	3.25	9	0	0	4.5	9	0	0	0.649		99.9627	22.2358	0.141682	0	1.41735	0.084485	11.1319	2		0.0088623	12.0616	40.117	0	0	0	
2024-06-28 03:41:51	218	612	1	0	0	4	17	0	0	0	17	0	0	1.75	17	0	0	0	17	0	0	1.948		99.9635	42.6659	0.0968691	0	0.969045	0.0654663	13.6995	1		0	12.0616	41.1566	0	0	0	
2024-06-28 03:51:35	292	613	1	0	0	2.5	11	0	0	0	11	0	0	3.25	11	0	0	0	11	0	0	0.649		99.9616	42.4977	0.300353	0	3.00468	0.367378	14.1592	1		0	11.9552	40.117	0	0	0	
2024-06-28 03:48:18	267	614	5	0	0	7.75	32	0	0	0	32	0	0	5.5	32	0	0	0	32	0	0	1.948		99.9582	41.5514	0.103274	0	1.03318	0.240943	14.6062	1		0.0088623	12.0616	40.117	0	0	0	
2024-06-28 03:48:40	270	615	9	0	0	7.75	32	0	0	0	32	0	0	4.25	32	0	0	0	32	0	0	3.031		99.9589	41.5222	0.0654082	0	0.654351	0.186933	14.3899	1		0	12.0616	40.117	0	0	0	
2024-06-28 03:45:33	247	616	1	0	0	6	25	0	0	0	25	0	0	1.5	25	0	0	0	25	0	0	3.897		99.9572	42.561	0.0591905	0	0.592158	0.475537	16.7429	2		0	12.0616	40.3769	0	0	0	
2024-06-28 03:41:51	218	617	9	0	0	4	17	0	0	0	17	0	0	5	17	0	0	0	17	0	0	0.866		99.9635	42.6659	0.230778	0	2.30862	0.0306756	14.5055	1		0	12.0616	41.1566	0	0	0	
2024-06-28 03:42:34	224	618	1	0	0	4	17	0	0	0	17	0	0	3.75	17	0	0	0	17	0	0	0.216		99.9585	42.6509	0.994559	0	9.94972	0.117953	15.629	1		0	12.0616	40.8967	0	0	0	
2024-06-28 03:35:12	167	619	1	0	0	0	1	0	0	0	1	0	0	1.25	1	0	0	0	1	0	0	1.082		99.9766	42.2275	0.16431	0	1.64348	0.638841	12.9079	1		0	12.0261	45.055	0	0	0	
2024-06-28 03:38:43	193	620	5	0	0	2	9	0	0	0	9	0	0	5.5	9	0	0	0	9	0	0	3.031		99.9662	42.2406	0.140798	0	1.40846	0.617913	30.9736	2		0	12.0616	42.1962	0	0	0	
2024-06-28 03:38:52	194	621	9	0	0	2	9	0	0	0	9	0	0	4.25	9	0	0	0	9	0	0	1.948		99.9665	42.2226	0.100018	0	1.00051	0.169789	14.1444	1		0.0088623	11.9552	42.1962	0	0	0	
2024-06-28 03:47:43	263	622	1	0	0	7	29	0	0	0	29	0	0	3.25	29	0	0	0	29	0	0	3.247		99.9569	41.8312	0.0618442	0	0.618708	0.0797229	14.578	1		0	12.0439	40.117	0	0	0	
2024-06-28 03:37:20	183	623	1	0	0	1	5	0	0	0	5	0	0	2.75	5	0	0	0	5	0	0	1.515		99.9719	41.839	0.118306	0	1.1834	0.131889	13.0121	1		0.0088623	12.0616	43.2357	0	0	0	
2024-06-28 03:35:45	171	624	5	0	0	0	1	0	0	0	1	0	0	7	1	0	0	0	1	0	0	6.061		99.9743	42.1408	0.0389218	0	0.389318	0.218696	17.1231	2		0.0088623	12.0616	44.5352	0	0	0	
2024-06-28 03:43:42	233	625	1	0	0	5	21	0	0	0	21	0	0	1.25	21	0	0	0	21	0	0	3.247		99.9556	42.6631	0.0735673	0	0.735999	0.546171	17.3416	1		0	12.0439	40.6368	0	0	0	
2024-06-28 03:39:28	199	626	1	0	0	2	9	0	0	0	9	0	0	1	9	0	0	0	9	0	0	0.866		99.9669	42.2421	0.207736	0	2.07805	0.24344	13.0568	1		0	12.0616	41.9363	0	0	0	
2024-06-28 03:40:39	208	627	9	0	0	3	13	0	0	0	13	0	0	7.5	13	0	0	0	13	0	0	3.897		99.9695	42.8944	0.0530829	0	0.53099	0.170371	15.0134	1		0	12.0439	41.4165	0	0	0	
2024-06-28 03:40:17	205	628	9	0	0	3	13	0	0	0	13	0	0	6.25	13	0	0	0	13	0	0	2.814		99.9667	42.8884	0.0783866	0	0.784127	0.262419	16.0122	1		0	12.0616	41.5464	0	0	0	
2024-06-28 03:46:18	252	629	5	0	0	7	29	0	0	0	29	0	0	7.25	29	0	0	0	29	0	0	0.216		99.9565	41.7722	0.859314	0	8.59688	0.319847	13.504	2		0	12.0439	40.3769	0	0	0	
2024-06-28 03:37:28	184	630	9	0	0	1	5	0	0	0	5	0	0	6.75	5	0	0	0	5	0	0	4.979		99.972	41.8187	0.0552459	0	0.552614	0.0638304	19.965	2		0	12.0616	43.1058	0	0	0	
2024-06-28 03:44:45	241	631	5	0	0	6	25	0	0	0	25	0	0	5.75	25	0	0	0	25	0	0	0.216		99.9573	42.6509	0.963839	0	9.64251	0.336793	15.1464	1		0	12.0439	40.5069	0	0	0	
2024-06-28 03:45:08	244	632	9	0	0	6	25	0	0	0	25	0	0	4.5	25	0	0	0	25	0	0	1.299		99.9562	42.5889	0.150812	0	1.50878	0.0288812	14.2199	2		0	12.0616	40.117	0	0	0	
2024-06-28 03:49:03	273	633	5	0	0	7.75	32	0	0	0	32	0	0	0	32	0	0	0	32	0	0	6.711		99.9609	41.5521	0.0349247	0	0.349384	0.0158892	17.0131	1		0	12.0439	40.117	0	0	0	
2024-06-28 03:44:03	236	634	5	0	0	5	21	0	0	0	21	0	0	3	21	0	0	0	21	0	0	1.732		99.9564	42.7132	0.108216	0	1.08263	0.181406	13.6048	1		0.0088623	12.0616	40.6368	0	0	0	
2024-06-28 03:37:52	187	635	5	0	0	1	5	0	0	0	5	0	0	0.75	5	0	0	0	5	0	0	0.216		99.9712	41.8244	0.882879	0	8.83134	0.248169	13.8722	1		0	11.9552	42.8459	0	0	0	
2024-06-28 03:53:14	305	636	1	0	0	5.75	24	0	0	0	24	0	0	2	24	0	0	0	24	0	0	3.247		99.9586	42.7414	0.0705712	0	0.706005	0.151643	16.6348	2		0	11.9464	40.117	0	0	0	
2024-06-28 03:42:48	226	637	5	0	0	4	17	0	0	0	17	0	0	1	17	0	0	0	17	0	0	2.598		99.9592	42.656	0.0743692	0	0.743996	0.185596	14.024	1		0	12.0616	40.8967	0	0	0	
2024-06-28 03:49:17	275	638	1	0	0	7.75	32	0	0	0	32	0	0	3.5	32	0	0	0	32	0	0	3.68		99.9566	41.5551	0.0531295	0	0.531526	0.0031795	14.1936	1		0	12.0439	40.117	0	0	0	
2024-06-28 03:45:25	246	639	1	0	0	6	25	0	0	0	25	0	0	0.75	25	0	0	0	25	0	0	4.546		99.9597	42.5956	0.0551557	0	0.551779	0.321257	18.2014	1		0	12.0616	40.3769	0	0	0	
2024-06-28 03:42:20	222	640	1	0	0	4	17	0	0	0	17	0	0	3	17	0	0	0	17	0	0	0.866		99.961	42.6585	0.219975	0	2.20061	0.286403	13.8268	1		0	12.0616	41.0267	0	0	0	
2024-06-28 03:36:28	176	641	1	0	0	0	1	0	0	0	1	0	0	0.5	1	0	0	0	1	0	0	0.433		99.976	42.1762	0.455703	0	4.55812	0.0641783	14.3198	1		0	12.0616	43.7555	0	0	0	
2024-06-28 03:55:26	323	642	1	0	0	3.5	15	0	0	4.25	15	0	0	2.75	15	0	0	5	15	0	0	0.389		99.9621	21.7882	0.279723	0	2.79829	0.0333276	13.1866	1		0	12.0616	40.117	0	0	0	
2024-06-28 03:39:42	201	643	5	0	0	2	9	0	0	0	9	0	0	3.5	9	0	0	0	9	0	0	1.299		99.967	42.235	0.148154	0	1.48203	0.0708939	13.9678	1		0.0088623	12.0616	41.8063	0	0	0	
2024-06-28 03:47:28	261	644	1	0	0	7	29	0	0	0	29	0	0	2.5	29	0	0	0	29	0	0	3.897		99.9599	41.8051	0.0576449	0	0.576681	0.026359	16.3053	1		0	12.0616	40.117	0	0	0	
2024-06-28 03:47:36	262	645	5	0	0	7	29	0	0	0	29	0	0	2	29	0	0	0	29	0	0	4.33		99.956	41.8118	0.0501191	0	0.501412	0.260336	15.7523	1		0	12.0616	40.117	0	0	0	
2024-06-28 03:36:12	174	646	9	0	0	0	1	0	0	0	1	0	0	7.5	1	0	0	0	1	0	0	6.494		99.9765	42.1634	0.0361464	0	0.361549	0.0388399	17.0376	1		0	12.0616	44.0154	0	0	0	
2024-06-28 03:35:55	172	647	5	0	0	0	1	0	0	0	1	0	0	6.25	1	0	0	0	1	0	0	5.412		99.9727	42.1434	0.0439441	0	0.439561	0.646314	17.2615	1		0.0088623	12.0616	44.1454	0	0	0	
2024-06-28 03:44:11	237	648	5	0	0	5	21	0	0	0	21	0	0	0.5	21	0	0	0	21	0	0	3.897		99.957	42.6939	0.0622689	0	0.622957	0.204703	17.6137	2		0	12.0616	40.5069	0	0	0	
2024-06-28 03:53:59	311	649	1	0	0	1.25	6	0	0	0	6	0	0	0.5	6	0	0	0	6	0	0	0.649		99.9602	42.6136	0.305269	0	3.0539	0.168766	14.3912	1		0	12.0616	40.117	0	0	0	
2024-06-28 03:43:10	229	650	9	0	0	5	21	0	0	0	21	0	0	7	21	0	0	0	21	0	0	1.732		99.9549	42.6502	0.113413	0	1.13464	0.0975787	14.2583	2		0	12.0616	40.7668	0	0	0	
2024-06-28 03:39:35	200	651	5	0	0	2	9	0	0	0	9	0	0	0.25	9	0	0	0	9	0	0	1.515		99.965	42.2334	0.129352	0	1.29397	0.34406	14.2279	1		0	11.9552	41.9363	0	0	0	
2024-06-28 03:41:29	215	652	9	0	0	4	17	0	0	0	17	0	0	7	17	0	0	0	17	0	0	2.598		99.9624	42.6657	0.0768202	0	0.768491	0.0713504	14.4857	1		0.0088623	12.0616	41.1566	0	0	0	
2024-06-28 03:40:46	209	653	9	0	0	3	13	0	0	0	13	0	0	5.5	13	0	0	0	13	0	0	2.165		99.9667	42.8942	0.0988019	0	0.988348	0.608067	15.5249	1		0.0088623	12.0616	41.4165	0	0	0	
2024-06-28 03:40:32	207	654	5	0	0	3	13	0	0	0	13	0	0	4.25	13	0	0	0	13	0	0	1.082		99.9679	42.8995	0.172711	0	1.72767	0.123538	13.5691	1		0	12.0616	41.5464	0	0	0	
2024-06-28 03:46:35	254	655	5	0	0	7	29	0	0	0	29	0	0	7.75	29	0	0	0	29	0	0	0.649		99.9596	41.8237	0.352763	0	3.52905	0.185315	16.6303	1		0	12.0616	40.247	0	0	0	
2024-06-28 03:46:58	257	656	9	0	0	7	29	0	0	0	29	0	0	6.5	29	0	0	0	29	0	0	0.433		99.955	41.7773	0.520132	0	5.20367	0.171632	16.3478	1		0	12.0616	40.247	0	0	0	
2024-06-28 03:37:13	182	657	5	0	0	1	5	0	0	0	5	0	0	6	5	0	0	0	5	0	0	4.33		99.9724	41.8437	0.0546686	0	0.546837	0.39553	17.1794	1		0	12.0439	43.2357	0	0	0	
2024-06-28 03:37:38	185	658	5	0	0	1	5	0	0	0	5	0	0	4.75	5	0	0	0	5	0	0	3.247		99.9734	41.8193	0.0747963	0	0.748163	0.052583	17.6282	1		0.0088623	12.0616	42.7159	0	0	0	
2024-06-28 03:51:49	294	659	9	0	0	4.75	20	0	0	0	20	0	0	5	20	0	0	0	20	0	0	0.216		99.9607	42.6055	0.91166	0	9.12018	0.328904	14.3259	1		0	12.0616	40.117	0	0	0	
2024-06-28 03:45:08	244	660	5	0	0	6	25	0	0	0	25	0	0	5	25	0	0	0	25	0	0	0.866		99.9562	42.5889	0.233308	0	2.3341	0.00149194	14.6656	2		0	12.0616	40.117	0	0	0	
2024-06-28 03:45:43	248	661	5	0	0	6	25	0	0	0	25	0	0	3.75	25	0	0	0	25	0	0	1.948		99.9526	42.5818	0.100195	0	1.00243	0.138856	14.1715	1		0.0088623	12.0616	40.3769	0	0	0	
2024-06-28 03:37:59	188	662	5	0	0	1	5	0	0	0	5	0	0	0	5	0	0	0	5	0	0	0.866		99.9729	41.8294	0.21316	0	2.13218	0.123518	13.3969	1		0	12.0616	42.7159	0	0	0	
2024-06-28 03:50:46	285	663	9	0	0	0.75	4	0	0	0	4	0	0	7	4	0	0	0	4	0	0	5.412		99.9636	42.8012	0.042602	0	0.426175	0.377072	16.7359	1		0	12.0616	39.9871	0	0	0	
2024-06-28 03:42:41	225	664	1	0	0	4	17	0	0	0	17	0	0	0.25	17	0	0	0	17	0	0	3.247		99.9567	42.6417	0.0605958	0	0.60622	0.0316616	14.2837	1		0	11.9552	40.8967	0	0	0	
2024-06-28 03:48:56	272	665	5	0	0	7.75	32	0	0	0	32	0	0	2.75	32	0	0	0	32	0	0	4.33		99.9558	41.5483	0.0479069	0	0.479281	0.232955	15.057	1		0	12.0439	40.117	0	0	0	
2024-06-28 03:45:43	248	666	1	0	0	6	25	0	0	0	25	0	0	0	25	0	0	0	25	0	0	5.195		99.9526	42.5818	0.059332	0	0.593601	0.184534	22.3782	1		0.0088623	12.0616	40.3769	0	0	0	
2024-06-28 03:39:28	199	667	5	0	0	2	9	0	0	0	9	0	0	2.75	9	0	0	0	9	0	0	0.649		99.9669	42.2421	0.311738	0	3.11841	0.335546	14.6952	1		0	12.0616	41.9363	0	0	0	
2024-06-28 03:46:28	253	668	1	0	0	7	29	0	0	0	29	0	0	1.25	29	0	0	0	29	0	0	4.979		99.9568	41.7896	0.0481324	0	0.481532	0.147775	17.3969	1		0.0088623	12.0616	40.247	0	0	0	
2024-06-28 03:35:12	167	669	5	0	0	0	1	0	0	0	1	0	0	5.5	1	0	0	0	1	0	0	4.762		99.9766	42.2275	0.0709471	0	0.709637	0.915193	24.5233	1		0	12.0261	45.055	0	0	0	
2024-06-28 03:35:55	172	670	9	0	0	0	1	0	0	0	1	0	0	4.25	1	0	0	0	1	0	0	3.68		99.9727	42.1434	0.0569899	0	0.570055	0.393629	15.2225	1		0.0088623	12.0616	44.1454	0	0	0	
