Time	MeasID	DPID	Channel	A(x)	A(y)	A(z)	A(adr)	B(x)	B(y)	B(z)	B(adr)	M(x)	M(y)	M(z)	M(adr)	N(x)	N(y)	N(z)	N(adr)	F(x)	F(y)	F(z)	Note	I(mA)	Uout(V)	U(V)	SP(V)	R(Ohm)	Var(%)	Rho-a(Ohm-m)	Cycles	IP Delay Window(mV/V)	Pint(V)	Pext(V)	T int(deg C)	T log(deg C)	Latitude	Longitude
2024-06-27 23:47:59	101	1	1	0	0	7.75	32	0	0	0	32	0	0	2	32	0	0	0	32	0	0	4.979		99.9728	40.9402	0.0425031	0	0.425147	0.149231	15.3598	1		0	12.0616	41.4165	0	0	0	
2024-06-27 23:43:17	65	2	5	0	0	5	21	0	0	0	21	0	0	7.5	21	0	0	0	21	0	0	2.165		99.9747	42.029	0.0910107	0	0.910338	0.0515856	14.2995	2		0	12.0616	41.9363	0	0	0	
2024-06-27 23:42:46	61	3	5	0	0	5	21	0	0	0	21	0	0	6.25	21	0	0	0	21	0	0	1.082		99.9798	42.0805	0.190248	0	1.90287	0.368998	14.9451	1		0	12.0439	42.0662	0	0	0	
2024-06-27 23:41:07	47	4	5	0	0	3	13	0	0	0	13	0	0	1.75	13	0	0	0	13	0	0	1.082		99.9838	42.2881	0.173113	0	1.73141	0.206502	13.5985	1		0	12.0616	42.4561	0	0	0	
2024-06-27 23:47:42	99	5	9	0	0	7.75	32	0	0	0	32	0	0	6.75	32	0	0	0	32	0	0	0.866		99.9748	40.9155	0.247032	0	2.47094	0.447102	15.5254	2		0	11.9552	41.4165	0	0	0	
2024-06-27 23:54:03	149	6	1	0	0	3.25	14	0	0	0	14	0	0	2.5	14	0	0	0	14	0	0	0.649		99.9756	42.2209	0.294108	0	2.9418	0.389465	13.8629	1		0.0088623	11.9552	41.2865	0	0	0	
2024-06-27 23:41:56	54	7	9	0	0	4	17	0	0	0	17	0	0	7.5	17	0	0	0	17	0	0	3.031		99.9791	42.0698	0.0664078	0	0.664216	0.0965948	14.6069	1		0	12.0616	42.1962	0	0	0	
2024-06-27 23:42:11	56	8	5	0	0	4	17	0	0	0	17	0	0	6.25	17	0	0	0	17	0	0	1.948		99.9771	42.0495	0.101716	0	1.01739	0.0957092	14.3831	1		0	12.0439	42.1962	0	0	0	
2024-06-27 23:40:52	45	9	5	0	0	3	13	0	0	0	13	0	0	3.5	13	0	0	0	13	0	0	0.433		99.9785	42.3012	0.474347	0	4.74449	0.113828	14.9053	1		0	12.0439	42.586	0	0	0	
2024-06-27 23:38:21	25	10	5	0	0	2	9	0	0	0	9	0	0	6.75	9	0	0	0	9	0	0	4.113		99.9791	41.6417	0.053681	0	0.536922	0.212979	16.0245	1		0.0088623	12.0616	43.4956	0	0	0	
2024-06-27 23:46:30	89	11	9	0	0	7	29	0	0	0	29	0	0	5.75	29	0	0	0	29	0	0	1.082		99.9742	41.2232	0.185325	0	1.85373	0.179869	14.5592	1		0	12.0616	41.2865	0	0	0	
2024-06-27 23:46:45	91	12	9	0	0	7	29	0	0	0	29	0	0	4.5	29	0	0	0	29	0	0	2.165		99.9731	41.227	0.0912502	0	0.912747	0.147296	14.3374	1		0.0088623	12.0616	41.4165	0	0	0	
2024-06-27 23:37:22	17	13	9	0	0	1	5	0	0	0	5	0	0	5.25	5	0	0	0	5	0	0	3.68		99.9843	41.276	0.0670033	0	0.670138	0.28127	17.8951	1		0.0088623	12.0616	44.2753	0	0	0	
2024-06-27 23:37:46	20	14	9	0	0	1	5	0	0	0	5	0	0	4	5	0	0	0	5	0	0	2.598		99.9833	41.2523	0.0734797	0	0.73492	0.0274179	13.8529	1		0.0088623	12.0616	44.0154	0	0	0	
2024-06-27 23:52:25	137	15	1	0	0	4.75	20	0	0	0	20	0	0	3	20	0	0	0	20	0	0	1.515		99.9764	42.0305	0.124383	0	1.24413	0.179498	13.6799	1		0	12.0616	41.2865	0	0	0	
2024-06-27 23:45:16	80	16	1	0	0	6	25	0	0	0	25	0	0	3	25	0	0	0	25	0	0	2.598		99.9738	41.9578	0.0779955	0	0.78016	0.649298	14.7057	1		0.0088623	12.0616	41.6764	0	0	0	
2024-06-27 23:39:27	33	17	1	0	0	2	9	0	0	0	9	0	0	2.25	9	0	0	0	9	0	0	0.216		99.9809	41.5815	0.880451	0	8.80619	0.0790356	13.8327	1		0	12.0616	43.1058	0	0	0	
2024-06-27 23:46:30	89	18	1	0	0	7	29	0	0	0	29	0	0	0.5	29	0	0	0	29	0	0	5.628		99.9742	41.2232	0.0430711	0	0.430823	0.0296108	17.5951	1		0	12.0616	41.2865	0	0	0	
2024-06-27 23:36:05	7	19	1	0	0	0	1	0	0	0	1	0	0	3.5	1	0	0	0	1	0	0	3.031		99.9836	41.5659	0.0713523	0	0.71364	0.852536	15.6938	1		0	12.0616	45.3149	0	0	0	
2024-06-27 23:53:56	148	20	1	0	0	1.75	8	0	0	0	8	0	0	0	8	0	0	0	8	0	0	1.515		99.9734	42.1741	0.123236	0	1.23269	0.0463768	13.5541	1		0	12.0616	41.2865	0	0	0	
2024-06-27 23:44:55	77	21	5	0	0	6	25	0	0	0	25	0	0	7	25	0	0	0	25	0	0	0.866		99.9724	41.9679	0.244906	0	2.44973	0.0319388	15.3921	1		0	11.9552	41.6764	0	0	0	
2024-06-27 23:53:10	142	22	1	0	0	6.5	27	0	0	0	27	0	0	1.25	27	0	0	0	27	0	0	4.546		99.9687	41.6677	0.0569101	0	0.569279	0.263049	18.7786	1		0	12.0616	41.2865	0	0	0	
2024-06-27 23:48:13	103	23	1	0	0	7.75	32	0	0	0	32	0	0	1.25	32	0	0	0	32	0	0	5.628		99.9782	40.9401	0.0398129	0	0.398216	0.186108	16.2634	1		0	12.0616	41.4165	0	0	0	
2024-06-27 23:43:28	66	24	9	0	0	5	21	0	0	0	21	0	0	5.5	21	0	0	0	21	0	0	0.433		99.9739	42.0378	0.502643	0	5.02774	0.159744	15.7951	1		0.0088623	12.0616	41.9363	0	0	0	
2024-06-27 23:43:03	63	25	9	0	0	5	21	0	0	0	21	0	0	4.25	21	0	0	0	21	0	0	0.649		99.975	42.0608	0.312687	0	3.12765	0.134627	14.7387	1		0	12.0439	41.9363	0	0	0	
2024-06-27 23:40:16	40	26	1	0	0	3	13	0	0	0	13	0	0	1	13	0	0	0	13	0	0	1.732		99.9845	42.275	0.107619	0	1.07636	0.582143	13.5259	1		0	12.0616	42.8459	0	0	0	
2024-06-27 23:37:22	17	27	1	0	0	1	5	0	0	0	5	0	0	2	5	0	0	0	5	0	0	0.866		99.9843	41.276	0.2069	0	2.06933	0.206493	13.002	1		0.0088623	12.0616	44.2753	0	0	0	
2024-06-27 23:49:57	117	28	9	0	0	1.75	8	0	0	0	8	0	0	6	8	0	0	0	8	0	0	3.68		99.9736	42.2283	0.0618334	0	0.618498	0.616829	16.5161	1		0.0088623	12.0616	41.2865	0	0	0	
2024-06-27 23:42:25	58	29	5	0	0	4	17	0	0	0	17	0	0	2.25	17	0	0	0	17	0	0	1.515		99.9779	42.0402	0.119137	0	1.19164	0.253323	13.1027	1		0	12.0616	42.0662	0	0	0	
2024-06-27 23:47:59	101	30	9	0	0	7.75	32	0	0	0	32	0	0	6	32	0	0	0	32	0	0	1.515		99.9728	40.9402	0.131257	0	1.31293	0.256095	14.4364	1		0	12.0616	41.4165	0	0	0	
2024-06-27 23:47:52	100	31	5	0	0	7.75	32	0	0	0	32	0	0	4.75	32	0	0	0	32	0	0	2.598		99.974	40.9456	0.0759654	0	0.759852	0.655074	14.3229	1		0	12.0616	41.4165	0	0	0	
2024-06-27 23:45:23	81	32	5	0	0	6	25	0	0	0	25	0	0	2	25	0	0	0	25	0	0	3.464		99.9753	41.9608	0.0699668	0	0.699841	0.0981896	17.5889	1		0	12.0616	41.6764	0	0	0	
2024-06-27 23:41:56	54	33	5	0	0	4	17	0	0	0	17	0	0	5.5	17	0	0	0	17	0	0	1.299		99.9791	42.0698	0.153386	0	1.53418	0.203627	14.4593	1		0	12.0616	42.1962	0	0	0	
2024-06-27 23:41:21	49	34	9	0	0	4	17	0	0	0	17	0	0	4.25	17	0	0	0	17	0	0	0.216		99.9796	42.0732	1.0053	0	10.055	0.395844	15.7944	1		0.0088623	11.9552	42.4561	0	0	0	
2024-06-27 23:36:26	10	35	1	0	0	0	1	0	0	0	1	0	0	1.75	1	0	0	0	1	0	0	1.515		99.9864	41.5734	0.11999	0	1.20006	0.00287838	13.1953	1		0.0088623	12.0616	45.055	0	0	0	
2024-06-27 23:55:01	157	36	1	0	0	3.75	16	0	0	4	16	0	0	3.5	16	0	0	4.25	16	0	0	0.13		99.9726	20.9817	0.748782	0	7.48987	0.0873169	11.7651	1		0	12.0616	41.2865	0	0	0	
2024-06-27 23:40:59	46	37	1	0	0	3	13	0	0	0	13	0	0	2.75	13	0	0	0	13	0	0	0.216		99.9789	42.2867	0.861119	0	8.61301	0.219369	13.5293	1		0	12.0616	42.4561	0	0	0	
2024-06-27 23:39:10	31	38	9	0	0	2	9	0	0	0	9	0	0	6	9	0	0	0	9	0	0	3.464		99.98	41.577	0.0687735	0	0.687872	0.188025	17.2881	2		0	12.0616	43.2357	0	0	0	
2024-06-27 23:39:10	31	39	5	0	0	2	9	0	0	0	9	0	0	4.75	9	0	0	0	9	0	0	2.381		99.98	41.577	0.0841079	0	0.841247	0.184965	14.5357	2		0	12.0616	43.2357	0	0	0	
2024-06-27 23:46:23	88	40	1	0	0	7	29	0	0	0	29	0	0	5	29	0	0	0	29	0	0	1.732		99.9741	41.2603	0.111331	0	1.1136	0.236941	13.9939	1		0	12.0616	41.5464	0	0	0	
2024-06-27 23:47:06	94	41	5	0	0	7	29	0	0	0	29	0	0	3.75	29	0	0	0	29	0	0	2.814		99.9757	41.2339	0.0710959	0	0.711131	0.235417	14.5216	1		0	11.9552	41.4165	0	0	0	
2024-06-27 23:38:00	22	42	5	0	0	1	5	0	0	0	5	0	0	3.25	5	0	0	0	5	0	0	1.948		99.9839	41.2622	0.0949017	0	0.949171	0.00281136	13.4186	1		0	12.0616	44.0154	0	0	0	
2024-06-27 23:49:32	114	43	9	0	0	2.75	12	0	0	0	12	0	0	5	12	0	0	0	12	0	0	1.948		99.9731	41.7736	0.0950712	0	0.950968	0.132647	13.444	1		0	12.0439	41.4165	0	0	0	
2024-06-27 23:44:06	71	44	1	0	0	5	21	0	0	0	21	0	0	1.75	21	0	0	0	21	0	0	2.814		99.9739	41.992	0.0829855	0	0.830072	0.264679	16.9504	2		0	12.0616	41.8063	0	0	0	
2024-06-27 23:39:41	35	45	5	0	0	2	9	0	0	0	9	0	0	1.5	9	0	0	0	9	0	0	0.433		99.9791	41.5804	0.459679	0	4.59775	0.0845521	14.4442	1		0	12.0616	42.9758	0	0	0	
2024-06-27 23:35:38	4	46	1	0	0	0	1	0	0	0	1	0	0	2.75	1	0	0	0	1	0	0	2.381		99.9883	41.5602	0.179138	0	1.79159	0.0827821	30.9564	2		0.0088623	12.0616	45.8346	0	0	0	
2024-06-27 23:49:25	113	47	9	0	0	3.25	14	0	0	0	14	0	0	4.5	14	0	0	0	14	0	0	1.082		99.9678	42.2606	0.171778	0	1.71833	0.225445	13.4958	1		0.0088623	12.0616	41.2865	0	0	0	
2024-06-27 23:40:09	39	48	9	0	0	3	13	0	0	0	13	0	0	6.75	13	0	0	0	13	0	0	3.247		99.9784	42.2835	0.0674709	0	0.674854	0.628633	15.9009	1		0	12.0616	42.8459	0	0	0	
2024-06-27 23:36:46	13	49	5	0	0	1	5	0	0	0	5	0	0	7.25	5	0	0	0	5	0	0	5.412		99.9866	41.1909	0.0634439	0	0.634524	0.899249	24.9177	4		0	11.9552	44.7951	0	0	0	
2024-06-27 23:44:31	74	50	5	0	0	6	25	0	0	0	25	0	0	7.5	25	0	0	0	25	0	0	1.299		99.9721	42.0529	0.154113	0	1.54156	0.0511308	14.5289	1		0	12.0616	41.6764	0	0	0	
2024-06-27 23:44:38	75	51	9	0	0	6	25	0	0	0	25	0	0	6.25	25	0	0	0	25	0	0	0.216		99.9741	41.9742	0.965472	0	9.65723	0.00773839	15.1695	2		0.0088623	12.0616	41.6764	0	0	0	
2024-06-27 23:47:42	99	52	1	0	0	7.75	32	0	0	0	32	0	0	0.5	32	0	0	0	32	0	0	6.278		99.9748	40.9155	0.0364523	0	0.364614	0.174577	16.6093	2		0	11.9552	41.4165	0	0	0	
2024-06-27 23:42:46	61	53	1	0	0	5	21	0	0	0	21	0	0	3.5	21	0	0	0	21	0	0	1.299		99.9798	42.0805	0.140824	0	1.40852	0.635891	13.275	1		0	12.0439	42.0662	0	0	0	
2024-06-27 23:40:59	46	54	5	0	0	3	13	0	0	0	13	0	0	0.25	13	0	0	0	13	0	0	2.381		99.9789	42.2867	0.0787392	0	0.787559	0.0688722	13.608	1		0	12.0616	42.4561	0	0	0	
2024-06-27 23:37:39	19	55	1	0	0	1	5	0	0	0	5	0	0	1.25	5	0	0	0	5	0	0	0.216		99.9882	41.255	0.86896	0	8.69062	0.207093	13.6512	1		0	12.0616	44.1454	0	0	0	
2024-06-27 23:42:31	59	56	1	0	0	4	17	0	0	0	17	0	0	1.5	17	0	0	0	17	0	0	2.165		99.977	42.0339	0.0855882	0	0.856079	0.201563	13.4473	1		0	11.9552	42.0662	0	0	0	
2024-06-27 23:50:03	118	57	9	0	0	1.5	7	0	0	0	7	0	0	6.25	7	0	0	0	7	0	0	4.113		99.9764	41.3794	0.0685902	0	0.686064	1.0566	20.4757	4		0	12.0616	41.2865	0	0	0	
2024-06-27 23:47:52	100	58	9	0	0	7.75	32	0	0	0	32	0	0	5.25	32	0	0	0	32	0	0	2.165		99.974	40.9456	0.0902418	0	0.902653	0.617715	14.1788	1		0	12.0616	41.4165	0	0	0	
2024-06-27 23:48:13	103	59	9	0	0	7.75	32	0	0	0	32	0	0	4	32	0	0	0	32	0	0	3.247		99.9782	40.9401	0.060408	0	0.604211	0.153568	14.2364	1		0	12.0616	41.4165	0	0	0	
2024-06-27 23:45:47	84	60	1	0	0	6	25	0	0	0	25	0	0	1.25	25	0	0	0	25	0	0	4.113		99.9739	41.9644	0.057952	0	0.579671	0.827626	17.3003	1		0	12.0616	41.5464	0	0	0	
2024-06-27 23:41:49	53	61	1	0	0	4	17	0	0	0	17	0	0	3.5	17	0	0	0	17	0	0	0.433		99.9808	42.0899	0.512095	0	5.12194	0.135783	16.091	1		0.0088623	12.0616	42.1962	0	0	0	
2024-06-27 23:36:40	12	62	1	0	0	0	1	0	0	0	1	0	0	1	1	0	0	0	1	0	0	0.866		99.9836	41.5622	0.212647	0	2.12682	0.215915	13.3632	1		0	11.9552	44.7951	0	0	0	
2024-06-27 23:39:03	30	63	9	0	0	2	9	0	0	0	9	0	0	5.25	9	0	0	0	9	0	0	2.814		99.9799	41.5927	0.0846758	0	0.846929	0.590656	17.2946	1		0.0088623	12.0616	43.3657	0	0	0	
2024-06-27 23:38:56	29	64	5	0	0	2	9	0	0	0	9	0	0	4	9	0	0	0	9	0	0	1.732		99.9814	41.5884	0.107143	0	1.07163	0.0326814	13.4665	1		0	11.9552	43.4956	0	0	0	
2024-06-27 23:54:10	150	65	1	0	0	3.5	15	0	0	0	15	0	0	2.25	15	0	0	0	15	0	0	1.082		99.975	41.5744	0.167983	0	1.68025	0.172003	13.1966	1		0	12.0439	41.4165	0	0	0	
2024-06-27 23:47:35	98	66	1	0	0	7	29	0	0	0	29	0	0	3	29	0	0	0	29	0	0	3.464		99.9737	41.2197	0.0591837	0	0.591993	0.0834894	14.8784	1		0	12.0616	41.4165	0	0	0	
2024-06-27 23:37:15	16	67	1	0	0	1	5	0	0	0	5	0	0	2.5	5	0	0	0	5	0	0	1.299		99.9848	41.2835	0.147414	0	1.47437	0.169158	13.8956	1		0	11.9552	44.2753	0	0	0	
2024-06-27 23:35:25	2	68	9	0	0	0	1	0	0	0	1	0	0	6.75	1	0	0	0	1	0	0	5.845		99.9857	41.5616	0.0400346	0	0.400403	0.17179	16.9817	1		0.0088623	12.0616	46.2245	0	0	0	
2024-06-27 23:51:07	126	69	1	0	0	2.75	12	0	0	0	12	0	0	3	12	0	0	0	12	0	0	0.216		99.975	41.81	0.866808	0	8.67025	0.175623	13.6192	1		0	12.0616	41.2865	0	0	0	
2024-06-27 23:43:35	67	70	1	0	0	5	21	0	0	0	21	0	0	1	21	0	0	0	21	0	0	3.464		99.9696	42.0434	0.0658775	0	0.658975	0.854535	16.5619	1		0	12.0439	41.8063	0	0	0	
2024-06-27 23:56:21	166	71	1	0	0	0.5	3	0	0	7.25	3	0	0	2.75	3	0	0	5	3	0	0	1.168		99.9725	22.1454	0.071653	0	0.716727	0.223529	10.1325	2		0.0088623	12.0616	41.4165	0	0	0	
2024-06-27 23:51:50	132	72	9	0	0	6.75	28	0	0	0	28	0	0	7	28	0	0	0	28	0	0	0.216		99.9742	41.2428	0.932899	0	9.33139	0.417771	14.6577	1		0	12.0616	41.2865	0	0	0	
2024-06-27 23:39:41	35	73	1	0	0	2	9	0	0	0	9	0	0	0.75	9	0	0	0	9	0	0	1.082		99.9791	41.5804	0.166835	0	1.66869	0.223332	13.1059	1		0	12.0616	42.9758	0	0	0	
2024-06-27 23:40:16	40	74	9	0	0	3	13	0	0	0	13	0	0	6	13	0	0	0	13	0	0	2.598		99.9845	42.275	0.0782311	0	0.782432	0.458193	14.7485	1		0	12.0616	42.8459	0	0	0	
2024-06-27 23:40:30	42	75	9	0	0	3	13	0	0	0	13	0	0	4.75	13	0	0	0	13	0	0	1.515		99.9789	42.264	0.12497	0	1.24996	0.354724	13.7441	1		0	12.0616	42.7159	0	0	0	
2024-06-27 23:37:15	16	76	5	0	0	1	5	0	0	0	5	0	0	7.75	5	0	0	0	5	0	0	5.845		99.9848	41.2835	0.0391075	0	0.391134	0.00716323	16.5886	1		0	11.9552	44.2753	0	0	0	
2024-06-27 23:37:39	19	77	9	0	0	1	5	0	0	0	5	0	0	6.5	5	0	0	0	5	0	0	4.762		99.9882	41.255	0.0527415	0	0.527478	0.335088	18.2283	1		0	12.0616	44.1454	0	0	0	
2024-06-27 23:44:48	76	78	5	0	0	6	25	0	0	0	25	0	0	5.5	25	0	0	0	25	0	0	0.433		99.9755	41.9693	0.515341	0	5.15468	0.0922889	16.1939	1		0	12.0439	41.6764	0	0	0	
2024-06-27 23:44:48	76	79	9	0	0	6	25	0	0	0	25	0	0	4.25	25	0	0	0	25	0	0	1.515		99.9755	41.9693	0.128799	0	1.2883	0.0590847	14.1656	1		0	12.0439	41.6764	0	0	0	
2024-06-27 23:44:17	72	80	5	0	0	5	21	0	0	0	21	0	0	2.75	21	0	0	0	21	0	0	1.948		99.9729	41.9994	0.0956911	0	0.957171	0.091381	13.5317	1		0	12.0439	41.8063	0	0	0	
2024-06-27 23:37:46	20	81	1	0	0	1	5	0	0	0	5	0	0	0.5	5	0	0	0	5	0	0	0.433		99.9833	41.2523	0.47802	0	4.78099	0.236092	15.0199	1		0.0088623	12.0616	44.0154	0	0	0	
2024-06-27 23:41:27	50	82	1	0	0	4	17	0	0	0	17	0	0	0.75	17	0	0	0	17	0	0	2.814		99.978	42.0713	0.0736387	0	0.736549	0.621113	15.0406	1		0.0088623	12.0616	42.4561	0	0	0	
2024-06-27 23:48:57	109	83	5	0	0	7.75	32	0	0	0	32	0	0	3.25	32	0	0	0	32	0	0	3.897		99.9741	40.9379	0.0510216	0	0.510348	0.420517	14.4297	1		0	12.0616	41.4165	0	0	0	
2024-06-27 23:55:32	161	84	1	0	0	2.75	12	0	0	5	12	0	0	0.5	12	0	0	7.25	12	0	0	1.168		99.9734	22.1366	0.0715614	0	0.715805	0.0628293	10.1194	1		0.0088623	12.0616	41.4165	0	0	0	
2024-06-27 23:50:18	119	85	9	0	0	1.25	6	0	0	0	6	0	0	6.5	6	0	0	0	6	0	0	4.546		99.9755	42.0755	0.0543638	0	0.543771	0.929506	17.9372	1		0	12.0616	41.0267	0	0	0	
2024-06-27 23:44:23	73	86	1	0	0	6	25	0	0	0	25	0	0	0.5	25	0	0	0	25	0	0	4.762		99.9761	41.9831	0.0530432	0	0.530558	0.0978241	18.3348	1		0.0088623	11.9552	41.6764	0	0	0	
2024-06-27 23:41:56	54	87	1	0	0	4	17	0	0	0	17	0	0	2.75	17	0	0	0	17	0	0	1.082		99.9791	42.0698	0.16876	0	1.68795	0.199658	13.2571	1		0	12.0616	42.1962	0	0	0	
2024-06-27 23:35:31	3	88	1	0	0	0	1	0	0	0	1	0	0	0.25	1	0	0	0	1	0	0	0.216		99.9869	41.5568	0.873708	0	8.73823	0.112885	13.726	1		0.0088623	11.9552	46.0945	0	0	0	
2024-06-27 23:39:34	34	89	1	0	0	2	9	0	0	0	9	0	0	3.25	9	0	0	0	9	0	0	1.082		99.981	41.5845	0.169511	0	1.69544	0.254165	13.3159	1		0	12.0616	43.1058	0	0	0	
2024-06-27 23:47:21	96	90	1	0	0	7	29	0	0	0	29	0	0	1.75	29	0	0	0	29	0	0	4.546		99.9706	41.2204	0.0537266	0	0.537424	0.391014	17.7279	1		0	12.0616	41.4165	0	0	0	
2024-06-27 23:35:48	5	91	5	0	0	0	1	0	0	0	1	0	0	6	1	0	0	0	1	0	0	5.195		99.9881	41.5509	0.0596345	0	0.596416	0.372584	22.4844	2		0.0088623	12.0616	45.7047	0	0	0	
2024-06-27 23:35:31	3	92	9	0	0	0	1	0	0	0	1	0	0	4.75	1	0	0	0	1	0	0	4.113		99.9869	41.5568	0.0530678	0	0.530748	0.0833754	15.8402	1		0.0088623	11.9552	46.0945	0	0	0	
2024-06-27 23:53:24	144	93	1	0	0	7.25	30	0	0	0	30	0	0	0.5	30	0	0	0	30	0	0	5.845		99.9704	41.3508	0.053211	0	0.532268	0.425955	22.5743	2		0	12.0616	41.2865	0	0	0	
2024-06-27 23:43:28	66	94	1	0	0	5	21	0	0	0	21	0	0	0.25	21	0	0	0	21	0	0	4.113		99.9739	42.0378	0.0521538	0	0.521674	0.733564	15.5694	1		0.0088623	12.0616	41.9363	0	0	0	
2024-06-27 23:43:28	66	95	5	0	0	5	21	0	0	0	21	0	0	6.75	21	0	0	0	21	0	0	1.515		99.9739	42.0378	0.138758	0	1.38794	0.983375	15.2612	1		0.0088623	12.0616	41.9363	0	0	0	
2024-06-27 23:39:55	37	96	1	0	0	3	13	0	0	0	13	0	0	2.25	13	0	0	0	13	0	0	0.649		99.98	42.2473	0.293607	0	2.93666	0.728654	13.8387	1		0	12.0616	42.7159	0	0	0	
2024-06-27 23:39:10	31	97	1	0	0	2	9	0	0	0	9	0	0	0	9	0	0	0	9	0	0	1.732		99.98	41.577	0.171497	0	1.71531	0.360602	21.5552	2		0	12.0616	43.2357	0	0	0	
2024-06-27 23:51:57	133	98	9	0	0	6.5	27	0	0	0	27	0	0	7.25	27	0	0	0	27	0	0	0.649		99.974	41.7267	0.338324	0	3.38412	0.225095	15.9473	1		0.0088623	12.0616	41.2865	0	0	0	
2024-06-27 23:48:28	105	99	5	0	0	7.75	32	0	0	0	32	0	0	7.25	32	0	0	0	32	0	0	0.433		99.973	40.9518	0.523453	0	5.23595	0.086366	16.4492	1		0	12.0616	41.2865	0	0	0	
2024-06-27 23:53:34	145	100	1	0	0	7.5	31	0	0	0	31	0	0	0.25	31	0	0	0	31	0	0	6.278		99.9695	41.0054	0.0355428	0	0.355536	0.389447	16.1958	1		0	12.0616	41.2865	0	0	0	
2024-06-27 23:50:47	123	101	1	0	0	0.75	4	0	0	0	4	0	0	1	4	0	0	0	4	0	0	0.216		99.9781	42.1584	0.886327	0	8.86522	0.107514	13.9254	1		0	12.0616	41.2865	0	0	0	
2024-06-27 23:52:43	139	102	1	0	0	5.5	23	0	0	0	23	0	0	2.25	23	0	0	0	23	0	0	2.814		99.973	41.6772	0.0914381	0	0.914629	0.270791	18.677	2		0.0088623	12.0439	41.2865	0	0	0	
2024-06-27 23:41:34	51	103	9	0	0	4	17	0	0	0	17	0	0	6.75	17	0	0	0	17	0	0	2.381		99.9806	42.0733	0.084742	0	0.847585	0.13793	14.6452	1		0	12.0616	42.1962	0	0	0	
2024-06-27 23:40:23	41	104	9	0	0	3	13	0	0	0	13	0	0	5.25	13	0	0	0	13	0	0	1.948		99.9782	42.2659	0.102618	0	1.0264	0.0797054	14.5104	1		0.0088623	12.0616	42.7159	0	0	0	
2024-06-27 23:39:55	37	105	9	0	0	3	13	0	0	0	13	0	0	4	13	0	0	0	13	0	0	0.866		99.98	42.2473	0.221421	0	2.21466	0.457367	13.9151	1		0	12.0616	42.7159	0	0	0	
2024-06-27 23:39:03	30	106	5	0	0	2	9	0	0	0	9	0	0	7.25	9	0	0	0	9	0	0	4.546		99.9799	41.5927	0.0541803	0	0.541912	0.131613	17.8759	1		0.0088623	12.0616	43.3657	0	0	0	
2024-06-27 23:46:16	87	107	9	0	0	7	29	0	0	0	29	0	0	7.5	29	0	0	0	29	0	0	0.433		99.9739	41.2613	0.497326	0	4.97456	0.430491	15.628	1		0.0088623	12.0439	41.5464	0	0	0	
2024-06-27 23:46:02	86	108	5	0	0	7	29	0	0	0	29	0	0	6.25	29	0	0	0	29	0	0	0.649		99.9733	41.1519	0.332845	0	3.32934	0.247905	15.6891	4		0	12.0616	41.5464	0	0	0	
2024-06-27 23:37:01	14	109	9	0	0	1	5	0	0	0	5	0	0	5.75	5	0	0	0	5	0	0	4.113		99.9864	41.291	0.05218	0	0.521871	0.266735	15.5753	1		0.0088623	12.0616	44.5352	0	0	0	
2024-06-27 23:37:39	19	110	5	0	0	1	5	0	0	0	5	0	0	4.5	5	0	0	0	5	0	0	3.031		99.9882	41.255	0.074793	0	0.748019	0.150971	16.4498	1		0	12.0616	44.1454	0	0	0	
2024-06-27 23:45:30	82	111	5	0	0	6	25	0	0	0	25	0	0	3.5	25	0	0	0	25	0	0	2.165		99.9752	41.9379	0.0877648	0	0.877866	0.0496657	13.7895	2		0	12.0616	41.4165	0	0	0	
2024-06-27 23:42:31	59	112	5	0	0	4	17	0	0	0	17	0	0	0	17	0	0	0	17	0	0	3.464		99.977	42.0339	0.0655978	0	0.656129	0.889988	16.4903	1		0	11.9552	42.0662	0	0	0	
2024-06-27 23:48:42	107	113	5	0	0	7.75	32	0	0	0	32	0	0	2.5	32	0	0	0	32	0	0	4.546		99.9755	40.9575	0.0489073	0	0.489193	0.0726103	16.1369	1		0.0088623	12.0616	41.2865	0	0	0	
2024-06-27 23:39:27	33	114	5	0	0	2	9	0	0	0	9	0	0	2.5	9	0	0	0	9	0	0	0.433		99.9809	41.5815	0.451144	0	4.5123	0.050286	14.1758	1		0	12.0616	43.1058	0	0	0	
2024-06-27 23:47:27	97	115	1	0	0	7	29	0	0	0	29	0	0	1	29	0	0	0	29	0	0	5.195		99.9709	41.2064	0.0462988	0	0.463123	0.227457	17.4593	1		0	11.9552	41.4165	0	0	0	
2024-06-27 23:35:10	1	116	5	0	0	0	1	0	0	0	1	0	0	5.25	1	0	0	0	1	0	0	4.546		99.9875	41.5991	0.0510345	0	0.510409	0.0621122	16.8367	2		0	11.9552	46.2245	0	0	0	
2024-06-27 23:35:48	5	117	9	0	0	0	1	0	0	0	1	0	0	4	1	0	0	0	1	0	0	3.464		99.9881	41.5509	0.0663098	0	0.663176	0.259312	16.6674	2		0.0088623	12.0616	45.7047	0	0	0	
2024-06-27 23:48:42	107	118	1	0	0	7.75	32	0	0	0	32	0	0	1.75	32	0	0	0	32	0	0	5.195		99.9755	40.9575	0.0442828	0	0.442937	0.308368	16.6983	1		0.0088623	12.0616	41.2865	0	0	0	
2024-06-27 23:42:53	62	119	9	0	0	5	21	0	0	0	21	0	0	6	21	0	0	0	21	0	0	0.866		99.9731	42.0718	0.235696	0	2.3576	0.00866694	14.8132	2		0	12.0616	41.8063	0	0	0	
2024-06-27 23:42:46	61	120	9	0	0	5	21	0	0	0	21	0	0	4.75	21	0	0	0	21	0	0	0.216		99.9798	42.0805	0.901488	0	9.01671	0.758907	14.1634	1		0	12.0439	42.0662	0	0	0	
2024-06-27 23:40:03	38	121	1	0	0	3	13	0	0	0	13	0	0	1.5	13	0	0	0	13	0	0	1.299		99.9818	42.2774	0.138924	0	1.38949	0.179062	13.0957	1		0	12.0616	42.8459	0	0	0	
2024-06-27 23:48:13	103	122	5	0	0	7.75	32	0	0	0	32	0	0	6.5	32	0	0	0	32	0	0	1.082		99.9782	40.9401	0.19214	0	1.92182	0.145693	15.0939	1		0	12.0616	41.4165	0	0	0	
2024-06-27 23:49:49	116	123	9	0	0	2.25	10	0	0	0	10	0	0	5.5	10	0	0	0	10	0	0	2.814		99.9722	42.3778	0.0948653	0	0.948917	0.833956	19.3772	1		0	12.0439	41.2865	0	0	0	
2024-06-27 23:55:22	160	124	1	0	0	3	13	0	0	4.75	13	0	0	1.25	13	0	0	6.5	13	0	0	0.908		99.9708	22.6756	0.07869	0	0.78713	0.0701632	8.65494	2		0	12.0616	41.1566	0	0	0	
2024-06-27 23:41:49	53	125	9	0	0	4	17	0	0	0	17	0	0	6	17	0	0	0	17	0	0	1.732		99.9808	42.0899	0.111436	0	1.11457	0.0248556	14.0062	1		0.0088623	12.0616	42.1962	0	0	0	
2024-06-27 23:41:27	50	126	5	0	0	4	17	0	0	0	17	0	0	4.75	17	0	0	0	17	0	0	0.649		99.978	42.0713	0.324891	0	3.24962	0.315773	15.3135	1		0.0088623	12.0616	42.4561	0	0	0	
2024-06-27 23:36:19	9	127	5	0	0	0	1	0	0	0	1	0	0	2.25	1	0	0	0	1	0	0	1.948		99.9873	41.5829	0.119086	0	1.19101	0.368005	16.8375	1		0.0088623	12.0616	45.1849	0	0	0	
2024-06-27 23:55:15	159	128	1	0	0	3.25	14	0	0	4.5	14	0	0	2	14	0	0	5.75	14	0	0	0.649		99.9704	22.5655	0.142315	0	1.42358	0.374336	11.1807	1		0.0088623	12.0616	41.4165	0	0	0	
2024-06-27 23:40:23	41	129	1	0	0	3	13	0	0	0	13	0	0	3.25	13	0	0	0	13	0	0	0.216		99.9782	42.2659	0.88813	0	8.88324	0.169746	13.9538	1		0.0088623	12.0616	42.7159	0	0	0	
2024-06-27 23:38:38	27	130	9	0	0	2	9	0	0	0	9	0	0	7.75	9	0	0	0	9	0	0	4.979		99.981	41.5992	0.0433406	0	0.433488	0.0207417	15.6612	1		0	12.0616	43.4956	0	0	0	
2024-06-27 23:38:46	28	131	5	0	0	2	9	0	0	0	9	0	0	6.5	9	0	0	0	9	0	0	3.897		99.9795	41.5828	0.055267	0	0.552784	0.0316079	15.6296	2		0	12.0616	43.4956	0	0	0	
2024-06-27 23:46:52	92	132	9	0	0	7	29	0	0	0	29	0	0	5.5	29	0	0	0	29	0	0	1.299		99.9755	41.2317	0.153761	0	1.53799	0.168575	14.4952	1		0	12.0439	41.5464	0	0	0	
2024-06-27 23:46:59	93	133	5	0	0	7	29	0	0	0	29	0	0	4.25	29	0	0	0	29	0	0	2.381		99.9743	41.2179	0.0831889	0	0.832103	0.046392	14.3777	1		0	12.0439	41.4165	0	0	0	
2024-06-27 23:37:08	15	134	1	0	0	1	5	0	0	0	5	0	0	5	5	0	0	0	5	0	0	3.464		99.9833	41.3096	0.0614408	0	0.61451	0.0496193	15.4443	1		0	12.0616	44.5352	0	0	0	
2024-06-27 23:38:14	24	135	1	0	0	1	5	0	0	0	5	0	0	3.75	5	0	0	0	5	0	0	2.381		99.9795	41.2547	0.0838856	0	0.839028	0.0312224	14.4974	1		0.0088623	12.0616	43.7555	0	0	0	
2024-06-27 23:45:47	84	136	5	0	0	6	25	0	0	0	25	0	0	2.75	25	0	0	0	25	0	0	2.814		99.9739	41.9644	0.0718838	0	0.719025	0.146201	14.6828	1		0	12.0616	41.5464	0	0	0	
2024-06-27 23:43:49	69	137	1	0	0	5	21	0	0	0	21	0	0	2.25	21	0	0	0	21	0	0	2.381		99.9733	42.0457	0.0807971	0	0.808187	0.0238076	13.9645	1		0	12.0439	41.8063	0	0	0	
2024-06-27 23:46:45	91	138	1	0	0	7	29	0	0	0	29	0	0	0.25	29	0	0	0	29	0	0	5.845		99.9731	41.227	0.0390466	0	0.390571	0.27388	16.5647	1		0.0088623	12.0616	41.4165	0	0	0	
2024-06-27 23:35:25	2	139	1	0	0	0	1	0	0	0	1	0	0	3.25	1	0	0	0	1	0	0	2.814		99.9857	41.5616	0.0705566	0	0.705666	0.00600131	14.41	1		0.0088623	12.0616	46.2245	0	0	0	
2024-06-27 23:40:23	41	140	5	0	0	3	13	0	0	0	13	0	0	7.25	13	0	0	0	13	0	0	3.68		99.9782	42.2659	0.0699278	0	0.69943	0.541209	18.6773	1		0.0088623	12.0616	42.7159	0	0	0	
2024-06-27 23:45:02	78	141	5	0	0	6	25	0	0	0	25	0	0	6.75	25	0	0	0	25	0	0	0.649		99.9711	41.9729	0.343179	0	3.43278	0.117008	16.1766	1		0	12.0616	41.6764	0	0	0	
2024-06-27 23:49:11	111	142	9	0	0	3.75	16	0	0	0	16	0	0	4	16	0	0	0	16	0	0	0.216		99.9739	41.8979	1.00314	0	10.034	0.390766	15.7614	1		0	12.0616	41.2865	0	0	0	
2024-06-27 23:48:28	105	143	1	0	0	7.75	32	0	0	0	32	0	0	1	32	0	0	0	32	0	0	5.845		99.973	40.9518	0.0386677	0	0.386782	0.380894	16.404	1		0	12.0616	41.2865	0	0	0	
2024-06-27 23:43:35	67	144	5	0	0	5	21	0	0	0	21	0	0	5.25	21	0	0	0	21	0	0	0.216		99.9696	42.0434	0.919237	0	9.19517	0.124518	14.4437	1		0	12.0439	41.8063	0	0	0	
2024-06-27 23:43:17	65	145	9	0	0	5	21	0	0	0	21	0	0	4	21	0	0	0	21	0	0	0.866		99.9747	42.029	0.228819	0	2.28877	0.016735	14.3807	2		0	12.0616	41.9363	0	0	0	
2024-06-27 23:41:14	48	146	1	0	0	3	13	0	0	0	13	0	0	0.75	13	0	0	0	13	0	0	1.948		99.9812	42.2984	0.0987728	0	0.987914	0.368438	13.9663	1		0.0088623	12.0616	42.4561	0	0	0	
2024-06-27 23:37:29	18	147	1	0	0	1	5	0	0	0	5	0	0	1.75	5	0	0	0	5	0	0	0.649		99.9837	41.2391	0.301607	0	3.01657	0.0280292	14.2152	2		0.0088623	12.0616	44.2753	0	0	0	
2024-06-27 23:42:11	56	148	1	0	0	4	17	0	0	0	17	0	0	2	17	0	0	0	17	0	0	1.732		99.9771	42.0495	0.107222	0	1.07247	0.11706	13.477	1		0	12.0439	42.1962	0	0	0	
2024-06-27 23:48:06	102	149	5	0	0	7.75	32	0	0	0	32	0	0	5.75	32	0	0	0	32	0	0	1.732		99.9747	40.9379	0.113535	0	1.13564	0.0511497	14.2708	1		0.0088623	12.0616	41.4165	0	0	0	
2024-06-27 23:48:06	102	150	9	0	0	7.75	32	0	0	0	32	0	0	4.5	32	0	0	0	32	0	0	2.814		99.9747	40.9379	0.0704423	0	0.704601	0.180862	14.3882	1		0.0088623	12.0616	41.4165	0	0	0	
2024-06-27 23:51:22	128	151	1	0	0	2.25	10	0	0	0	10	0	0	3.5	10	0	0	0	10	0	0	1.082		99.9776	42.3235	0.168941	0	1.68979	0.235272	13.2716	1		0	12.0616	41.2865	0	0	0	
2024-06-27 23:50:40	122	152	9	0	0	0.25	2	0	0	0	2	0	0	7.5	2	0	0	0	2	0	0	6.278		99.9768	42.0679	0.0364982	0	0.365067	0.189103	16.6299	1		0	12.0616	41.4165	0	0	0	
2024-06-27 23:45:10	79	153	1	0	0	6	25	0	0	0	25	0	0	1.75	25	0	0	0	25	0	0	3.68		99.9743	41.96	0.0689836	0	0.690013	0.818106	18.4258	1		0	12.0616	41.6764	0	0	0	
2024-06-27 23:41:42	52	154	9	0	0	4	17	0	0	0	17	0	0	5.25	17	0	0	0	17	0	0	1.082		99.9809	42.054	0.184113	0	1.84149	0.153131	14.463	1		0	12.0616	42.3261	0	0	0	
2024-06-27 23:36:33	11	155	5	0	0	0	1	0	0	0	1	0	0	1.5	1	0	0	0	1	0	0	1.299		99.9858	41.5646	0.137227	0	1.37246	0.183429	12.9351	1		0.0088623	12.0616	44.925	0	0	0	
2024-06-27 23:41:07	47	156	1	0	0	3	13	0	0	0	13	0	0	2.5	13	0	0	0	13	0	0	0.433		99.9838	42.2881	0.456452	0	4.56525	0.302739	14.3422	1		0	12.0616	42.4561	0	0	0	
2024-06-27 23:38:29	26	157	5	0	0	2	9	0	0	0	9	0	0	5.75	9	0	0	0	9	0	0	3.247		99.9787	41.6117	0.0656775	0	0.656915	0.1119	15.4782	2		0	12.0616	43.4956	0	0	0	
2024-06-27 23:39:20	32	158	9	0	0	2	9	0	0	0	9	0	0	4.5	9	0	0	0	9	0	0	2.165		99.9813	41.5779	0.0904603	0	0.904772	0.681335	14.2121	1		0	12.0616	43.2357	0	0	0	
2024-06-27 23:47:21	96	159	5	0	0	7	29	0	0	0	29	0	0	3.5	29	0	0	0	29	0	0	3.031		99.9706	41.2204	0.0652094	0	0.652286	0.0522785	14.3445	1		0	12.0616	41.4165	0	0	0	
2024-06-27 23:38:07	23	160	5	0	0	1	5	0	0	0	5	0	0	3	5	0	0	0	5	0	0	1.732		99.9813	41.2401	0.108694	0	1.08715	0.141204	13.6615	1		0	11.9552	43.8855	0	0	0	
2024-06-27 23:35:38	4	161	5	0	0	0	1	0	0	0	1	0	0	7.25	1	0	0	0	1	0	0	6.278		99.9883	41.5602	0.0404856	0	0.404903	0.117551	18.4446	2		0.0088623	12.0616	45.8346	0	0	0	
2024-06-27 23:43:17	65	162	1	0	0	5	21	0	0	0	21	0	0	1.5	21	0	0	0	21	0	0	3.031		99.9747	42.029	0.0708783	0	0.708963	0.459347	15.5909	2		0	12.0616	41.9363	0	0	0	
2024-06-27 23:38:38	27	163	1	0	0	2	9	0	0	0	9	0	0	1.25	9	0	0	0	9	0	0	0.649		99.981	41.5992	0.287926	0	2.8798	0.197222	13.5708	1		0	12.0616	43.4956	0	0	0	
2024-06-27 23:53:49	147	164	1	0	0	1.5	7	0	0	0	7	0	0	0.25	7	0	0	0	7	0	0	1.082		99.9707	41.3961	0.164807	0	1.64855	0.0180968	12.9477	1		0	12.0616	41.4165	0	0	0	
2024-06-27 23:36:12	8	165	1	0	0	0	1	0	0	0	1	0	0	2.5	1	0	0	0	1	0	0	2.165		99.9868	41.5666	0.0916011	0	0.916132	0.0392838	14.3906	1		0	11.9552	45.1849	0	0	0	
2024-06-27 23:53:02	141	166	1	0	0	6.25	26	0	0	0	26	0	0	1.5	26	0	0	0	26	0	0	4.113		99.969	41.9406	0.0623572	0	0.623766	0.738178	18.6164	1		0	12.0616	41.1566	0	0	0	
2024-06-27 23:54:47	155	167	9	0	0	7.25	30	0	0	0	30	0	0	6.5	30	0	0	0	30	0	0	0.649		99.9707	41.2794	0.333446	0	3.33543	0.258942	15.7178	1		0	12.0439	41.4165	0	0	0	
2024-06-27 23:40:38	43	168	5	0	0	3	13	0	0	0	13	0	0	7.75	13	0	0	0	13	0	0	4.113		99.9791	42.278	0.0505908	0	0.506014	0.184776	15.1021	1		0	12.0616	42.7159	0	0	0	
2024-06-27 23:40:45	44	169	5	0	0	3	13	0	0	0	13	0	0	6.5	13	0	0	0	13	0	0	3.031		99.9786	42.2865	0.0701195	0	0.701345	0.37579	15.4234	1		0.0088623	11.9552	42.586	0	0	0	
2024-06-27 23:37:01	14	170	5	0	0	1	5	0	0	0	5	0	0	7	5	0	0	0	5	0	0	5.195		99.9864	41.291	0.0444644	0	0.444704	0.0686704	16.765	1		0.0088623	12.0616	44.5352	0	0	0	
2024-06-27 23:44:31	74	171	1	0	0	6	25	0	0	0	25	0	0	4.75	25	0	0	0	25	0	0	1.082		99.9721	42.0529	0.184273	0	1.84325	0.0435865	14.4768	1		0	12.0616	41.6764	0	0	0	
2024-06-27 23:48:50	108	172	1	0	0	7.75	32	0	0	0	32	0	0	0.25	32	0	0	0	32	0	0	6.494		99.9748	40.9514	0.0339332	0	0.339417	0.496737	15.9947	1		0	11.9552	41.4165	0	0	0	
2024-06-27 23:44:17	72	173	1	0	0	5	21	0	0	0	21	0	0	3.25	21	0	0	0	21	0	0	1.515		99.9729	41.9994	0.121226	0	1.21259	0.105567	13.3331	1		0	12.0439	41.8063	0	0	0	
2024-06-27 23:40:45	44	174	1	0	0	3	13	0	0	0	13	0	0	0	13	0	0	0	13	0	0	2.598		99.9786	42.2865	0.0819482	0	0.819658	0.781417	15.4502	1		0.0088623	11.9552	42.586	0	0	0	
2024-06-27 23:49:19	112	175	9	0	0	3.5	15	0	0	0	15	0	0	4.25	15	0	0	0	15	0	0	0.649		99.9723	41.5837	0.314145	0	3.14232	0.349436	14.8079	1		0	12.0616	41.4165	0	0	0	
2024-06-27 23:42:38	60	176	5	0	0	4	17	0	0	0	17	0	0	1.25	17	0	0	0	17	0	0	2.381		99.9755	42.0365	0.0815597	0	0.815797	0.226339	14.096	1		0	12.0616	42.0662	0	0	0	
2024-06-27 23:48:28	105	177	9	0	0	7.75	32	0	0	0	32	0	0	5	32	0	0	0	32	0	0	2.381		99.973	40.9518	0.0811543	0	0.811763	0.235697	14.0263	1		0	12.0616	41.2865	0	0	0	
2024-06-27 23:49:04	110	178	1	0	0	7.75	32	0	0	0	32	0	0	3.75	32	0	0	0	32	0	0	3.464		99.9771	40.9641	0.0575045	0	0.575177	0.134754	14.4558	1		0	12.0616	41.4165	0	0	0	
2024-06-27 23:56:11	165	179	1	0	0	1.25	6	0	0	6.5	6	0	0	3	6	0	0	4.75	6	0	0	0.908		99.9675	22.2036	0.0846451	0	0.846726	0.4504	9.31024	2		0	12.0616	41.4165	0	0	0	
2024-06-27 23:45:23	81	180	1	0	0	6	25	0	0	0	25	0	0	1	25	0	0	0	25	0	0	4.33		99.9753	41.9608	0.056048	0	0.560618	0.380539	17.6123	1		0	12.0616	41.6764	0	0	0	
2024-06-27 23:41:34	51	181	1	0	0	4	17	0	0	0	17	0	0	3.25	17	0	0	0	17	0	0	0.649		99.9806	42.0733	0.315224	0	3.15286	0.231826	14.8575	1		0	12.0616	42.1962	0	0	0	
2024-06-27 23:35:10	1	182	1	0	0	0	1	0	0	0	1	0	0	0.75	1	0	0	0	1	0	0	0.649		99.9875	41.5991	0.350529	0	3.50573	0.462289	16.5204	2		0	11.9552	46.2245	0	0	0	
2024-06-27 23:55:39	162	183	1	0	0	3.5	15	0	0	4.25	15	0	0	3.75	15	0	0	4	15	0	0	0.13		99.972	21.7399	0.73352	0	7.33725	0.089147	11.5253	1		0	11.973	41.4165	0	0	0	
2024-06-27 23:38:56	29	184	9	0	0	2	9	0	0	0	9	0	0	5	9	0	0	0	9	0	0	2.598		99.9814	41.5884	0.0763211	0	0.763353	0.0471677	14.3889	1		0	11.9552	43.4956	0	0	0	
2024-06-27 23:39:03	30	185	1	0	0	2	9	0	0	0	9	0	0	3.75	9	0	0	0	9	0	0	1.515		99.9799	41.5927	0.137908	0	1.37935	0.941684	15.1668	1		0.0088623	12.0616	43.3657	0	0	0	
2024-06-27 23:46:02	86	186	1	0	0	7	29	0	0	0	29	0	0	2.75	29	0	0	0	29	0	0	3.68		99.9733	41.1519	0.0558035	0	0.558184	0.190392	14.9055	4		0	12.0616	41.5464	0	0	0	
2024-06-27 23:47:06	94	187	1	0	0	7	29	0	0	0	29	0	0	2.25	29	0	0	0	29	0	0	4.113		99.9757	41.2339	0.0512802	0	0.512926	0.150632	15.3084	1		0	11.9552	41.4165	0	0	0	
2024-06-27 23:35:25	2	188	5	0	0	0	1	0	0	0	1	0	0	7.75	1	0	0	0	1	0	0	6.711		99.9857	41.5616	0.0355365	0	0.355416	0.0708563	17.3069	1		0.0088623	12.0616	46.2245	0	0	0	
2024-06-27 23:36:05	7	189	5	0	0	0	1	0	0	0	1	0	0	6.5	1	0	0	0	1	0	0	5.628		99.9836	41.5659	0.0410683	0	0.41075	0.269822	16.7753	1		0	12.0616	45.3149	0	0	0	
2024-06-27 23:43:10	64	190	1	0	0	5	21	0	0	0	21	0	0	0.75	21	0	0	0	21	0	0	3.68		99.9752	42.0513	0.0676749	0	0.676916	0.135467	18.0761	1		0	12.0616	41.9363	0	0	0	
2024-06-27 23:43:35	67	191	9	0	0	5	21	0	0	0	21	0	0	7.25	21	0	0	0	21	0	0	1.948		99.9696	42.0434	0.114534	0	1.14569	0.616207	16.1968	1		0	12.0439	41.8063	0	0	0	
2024-06-27 23:54:39	154	192	9	0	0	5.75	24	0	0	0	24	0	0	4	24	0	0	0	24	0	0	1.515		99.9701	42.083	0.126	0	1.26038	0.221286	13.8586	1		0	12.0439	41.4165	0	0	0	
2024-06-27 23:51:36	130	193	9	0	0	4.5	19	0	0	0	19	0	0	5.25	19	0	0	0	19	0	0	0.649		99.9766	42.2152	0.332681	0	3.32758	0.150406	15.6809	1		0.0088623	12.0616	41.2865	0	0	0	
2024-06-27 23:55:46	163	194	1	0	0	2.75	12	0	0	5	12	0	0	3.5	12	0	0	4.25	12	0	0	0.389		99.9709	22.1667	0.273538	0	2.73618	1.48142	12.8939	4		0	12.0616	41.4165	0	0	0	
2024-06-27 23:38:56	29	195	1	0	0	2	9	0	0	0	9	0	0	0.5	9	0	0	0	9	0	0	1.299		99.9814	41.5884	0.139079	0	1.39105	0.26893	13.1103	1		0	11.9552	43.4956	0	0	0	
2024-06-27 23:50:32	121	196	9	0	0	0.5	3	0	0	0	3	0	0	7.25	3	0	0	0	3	0	0	5.845		99.976	42.0821	0.0621802	0	0.621951	0.462609	26.3779	1		0	12.0439	41.4165	0	0	0	
2024-06-27 23:41:42	52	197	5	0	0	4	17	0	0	0	17	0	0	7.25	17	0	0	0	17	0	0	2.814		99.9809	42.054	0.0767508	0	0.767655	0.0673517	15.6758	1		0	12.0616	42.3261	0	0	0	
2024-06-27 23:40:03	38	198	5	0	0	3	13	0	0	0	13	0	0	5.75	13	0	0	0	13	0	0	2.381		99.9818	42.2774	0.0807042	0	0.807188	0.184123	13.9472	1		0	12.0616	42.8459	0	0	0	
2024-06-27 23:40:16	40	199	5	0	0	3	13	0	0	0	13	0	0	4.5	13	0	0	0	13	0	0	1.299		99.9845	42.275	0.14376	0	1.43783	0.453914	13.5512	1		0	12.0616	42.8459	0	0	0	
2024-06-27 23:46:23	88	200	5	0	0	7	29	0	0	0	29	0	0	6.75	29	0	0	0	29	0	0	0.216		99.9741	41.2603	0.922708	0	9.22946	0.174967	14.4976	1		0	12.0616	41.5464	0	0	0	
2024-06-27 23:36:46	13	201	9	0	0	1	5	0	0	0	5	0	0	7.5	5	0	0	0	5	0	0	5.628		99.9866	41.1909	0.0409455	0	0.40951	0.40686	16.7247	4		0	11.9552	44.7951	0	0	0	
2024-06-27 23:37:29	18	202	9	0	0	1	5	0	0	0	5	0	0	6.25	5	0	0	0	5	0	0	4.546		99.9837	41.2391	0.0593368	0	0.593465	0.075845	19.5765	2		0.0088623	12.0616	44.2753	0	0	0	
2024-06-27 23:44:23	73	203	9	0	0	6	25	0	0	0	25	0	0	5.25	25	0	0	0	25	0	0	0.649		99.9761	41.9831	0.325184	0	3.25262	0.836678	15.3276	1		0.0088623	11.9552	41.6764	0	0	0	
2024-06-27 23:45:02	78	204	9	0	0	6	25	0	0	0	25	0	0	4	25	0	0	0	25	0	0	1.732		99.9711	41.9729	0.110448	0	1.1048	0.185139	13.8833	1		0	12.0616	41.6764	0	0	0	
2024-06-27 23:44:06	71	205	5	0	0	5	21	0	0	0	21	0	0	2.5	21	0	0	0	21	0	0	2.165		99.9739	41.992	0.103095	0	1.03122	0.342683	16.1984	2		0	12.0616	41.8063	0	0	0	
2024-06-27 23:37:54	21	206	1	0	0	1	5	0	0	0	5	0	0	0.25	5	0	0	0	5	0	0	0.649		99.9846	41.2434	0.299597	0	2.99643	0.149985	14.1204	1		0.0088623	12.0616	44.0154	0	0	0	
2024-06-27 23:41:21	49	207	1	0	0	4	17	0	0	0	17	0	0	0.5	17	0	0	0	17	0	0	3.031		99.9796	42.0732	0.0670683	0	0.67082	0.173392	14.7521	1		0.0088623	11.9552	42.4561	0	0	0	
2024-06-27 23:48:57	109	208	1	0	0	7.75	32	0	0	0	32	0	0	3	32	0	0	0	32	0	0	4.113		99.9741	40.9379	0.0490417	0	0.490544	0.400903	14.6403	1		0	12.0616	41.4165	0	0	0	
2024-06-27 23:44:38	75	209	1	0	0	6	25	0	0	0	25	0	0	0.25	25	0	0	0	25	0	0	4.979		99.9741	41.9742	0.0479622	0	0.479747	0.217022	17.3324	2		0.0088623	12.0616	41.6764	0	0	0	
2024-06-27 23:52:33	138	210	1	0	0	5.25	22	0	0	0	22	0	0	2.5	22	0	0	0	22	0	0	2.381		99.9745	42.1139	0.101057	0	1.01083	0.752528	17.4659	2		0	12.0616	41.2865	0	0	0	
2024-06-27 23:42:03	55	211	1	0	0	4	17	0	0	0	17	0	0	2.5	17	0	0	0	17	0	0	1.299		99.979	42.0463	0.143665	0	1.43695	0.27138	13.543	1		0	11.9552	42.1962	0	0	0	
2024-06-27 23:39:34	34	212	5	0	0	2	9	0	0	0	9	0	0	3	9	0	0	0	9	0	0	0.866		99.981	41.5845	0.21602	0	2.16061	0.288538	13.5755	1		0	12.0616	43.1058	0	0	0	
2024-06-27 23:46:52	92	213	1	0	0	7	29	0	0	0	29	0	0	1.5	29	0	0	0	29	0	0	4.762		99.9755	41.2317	0.0475478	0	0.475594	0.450961	16.4354	1		0	12.0439	41.5464	0	0	0	
2024-06-27 23:36:12	8	214	5	0	0	0	1	0	0	0	1	0	0	5.75	1	0	0	0	1	0	0	4.979		99.9868	41.5666	0.0458233	0	0.458293	0.460829	16.5574	1		0	11.9552	45.1849	0	0	0	
2024-06-27 23:36:05	7	215	9	0	0	0	1	0	0	0	1	0	0	4.5	1	0	0	0	1	0	0	3.897		99.9836	41.5659	0.0547624	0	0.547714	0.238188	15.4863	1		0	12.0616	45.3149	0	0	0	
2024-06-27 23:43:03	63	216	1	0	0	5	21	0	0	0	21	0	0	0	21	0	0	0	21	0	0	4.33		99.975	42.0608	0.0513614	0	0.513742	0.51016	16.1397	1		0	12.0439	41.9363	0	0	0	
2024-06-27 23:47:52	100	217	1	0	0	7.75	32	0	0	0	32	0	0	2.25	32	0	0	0	32	0	0	4.762		99.974	40.9456	0.0435775	0	0.435888	0.805253	15.0632	1		0	12.0616	41.4165	0	0	0	
2024-06-27 23:42:53	62	218	5	0	0	5	21	0	0	0	21	0	0	7.75	21	0	0	0	21	0	0	2.381		99.9731	42.0718	0.084108	0	0.841306	0.00962869	14.5367	2		0	12.0616	41.8063	0	0	0	
2024-06-27 23:43:10	64	219	9	0	0	5	21	0	0	0	21	0	0	6.5	21	0	0	0	21	0	0	1.299		99.9752	42.0513	0.154568	0	1.54606	0.170574	14.5713	1		0	12.0616	41.9363	0	0	0	
2024-06-27 23:40:38	43	220	1	0	0	3	13	0	0	0	13	0	0	2	13	0	0	0	13	0	0	0.866		99.9791	42.278	0.214549	0	2.14594	0.311194	13.4833	1		0	12.0616	42.7159	0	0	0	
2024-06-27 23:52:18	136	221	1	0	0	4.5	19	0	0	0	19	0	0	3.25	19	0	0	0	19	0	0	1.082		99.974	42.2011	0.175153	0	1.75198	0.431491	13.7601	1		0	12.0616	41.2865	0	0	0	
2024-06-27 23:48:35	106	222	5	0	0	7.75	32	0	0	0	32	0	0	7	32	0	0	0	32	0	0	0.649		99.975	40.9495	0.347259	0	3.47346	0.22784	16.3683	1		0.0088623	12.0439	41.4165	0	0	0	
2024-06-27 23:54:32	153	223	9	0	0	5.5	23	0	0	0	23	0	0	4.25	23	0	0	0	23	0	0	1.082		99.9712	41.5806	0.184053	0	1.84106	0.365292	14.4596	1		0.0088623	11.9552	41.4165	0	0	0	
2024-06-27 23:53:18	143	224	1	0	0	6.75	28	0	0	0	28	0	0	1	28	0	0	0	28	0	0	4.979		99.971	41.1921	0.0575641	0	0.575808	0.142507	20.803	1		0	12.0439	41.2865	0	0	0	
2024-06-27 23:51:42	131	225	9	0	0	4.25	18	0	0	0	18	0	0	5.5	18	0	0	0	18	0	0	1.082		99.9792	42.2291	0.187733	0	1.87772	0.526224	14.7476	1		0	11.9552	41.2865	0	0	0	
2024-06-27 23:42:03	55	226	9	0	0	4	17	0	0	0	17	0	0	7.75	17	0	0	0	17	0	0	3.247		99.979	42.0463	0.0625254	0	0.625385	0.0683788	14.7353	1		0	11.9552	42.1962	0	0	0	
2024-06-27 23:42:03	55	227	5	0	0	4	17	0	0	0	17	0	0	6.5	17	0	0	0	17	0	0	2.165		99.979	42.0463	0.0910238	0	0.91043	0.083534	14.301	1		0	11.9552	42.1962	0	0	0	
2024-06-27 23:40:38	43	228	9	0	0	3	13	0	0	0	13	0	0	5	13	0	0	0	13	0	0	1.732		99.9791	42.278	0.106441	0	1.06464	0.00746545	13.3786	1		0	12.0616	42.7159	0	0	0	
2024-06-27 23:40:09	39	229	1	0	0	3	13	0	0	0	13	0	0	3.75	13	0	0	0	13	0	0	0.649		99.9784	42.2835	0.306137	0	3.06203	0.301878	14.4295	1		0	12.0616	42.8459	0	0	0	
2024-06-27 23:38:21	25	230	9	0	0	2	9	0	0	0	9	0	0	7	9	0	0	0	9	0	0	4.33		99.9791	41.6417	0.0498109	0	0.498213	0.221763	15.6518	1		0.0088623	12.0616	43.4956	0	0	0	
2024-06-27 23:46:02	86	231	9	0	0	7	29	0	0	0	29	0	0	6	29	0	0	0	29	0	0	0.866		99.9733	41.1519	0.238295	0	2.38359	1.51076	14.9765	4		0	12.0616	41.5464	0	0	0	
2024-06-27 23:46:38	90	232	5	0	0	7	29	0	0	0	29	0	0	4.75	29	0	0	0	29	0	0	1.948		99.9735	41.2432	0.101226	0	1.01253	0.218982	14.3143	1		0	12.0616	41.5464	0	0	0	
2024-06-27 23:37:15	16	233	9	0	0	1	5	0	0	0	5	0	0	5.5	5	0	0	0	5	0	0	3.897		99.9848	41.2835	0.0717193	0	0.717302	0.411093	20.2812	1		0	11.9552	44.2753	0	0	0	
2024-06-27 23:37:46	20	234	5	0	0	1	5	0	0	0	5	0	0	4.25	5	0	0	0	5	0	0	2.814		99.9833	41.2523	0.0741527	0	0.741651	0.115278	15.1448	1		0.0088623	12.0616	44.0154	0	0	0	
2024-06-27 23:44:48	76	235	1	0	0	6	25	0	0	0	25	0	0	3.25	25	0	0	0	25	0	0	2.381		99.9755	41.9693	0.0832002	0	0.832206	0.209006	14.3795	1		0	12.0439	41.6764	0	0	0	
2024-06-27 23:51:01	125	236	1	0	0	0.25	2	0	0	0	2	0	0	1.5	2	0	0	0	2	0	0	1.082		99.9764	42.0687	0.164515	0	1.64553	0.359099	12.924	1		0	12.0616	41.2865	0	0	0	
2024-06-27 23:46:59	93	237	1	0	0	7	29	0	0	0	29	0	0	0.75	29	0	0	0	29	0	0	5.412		99.9743	41.2179	0.0456655	0	0.456773	0.0269176	17.9374	1		0	12.0439	41.4165	0	0	0	
2024-06-27 23:35:10	1	238	9	0	0	0	1	0	0	0	1	0	0	5	1	0	0	0	1	0	0	4.33		99.9875	41.5991	0.0496328	0	0.496391	0.0141552	15.5946	2		0	11.9552	46.2245	0	0	0	
2024-06-27 23:36:33	11	239	1	0	0	0	1	0	0	0	1	0	0	3.75	1	0	0	0	1	0	0	3.247		99.9858	41.5646	0.0638222	0	0.638313	0.325005	15.0399	1		0.0088623	12.0616	44.925	0	0	0	
2024-06-27 23:54:54	156	240	9	0	0	7.5	31	0	0	0	31	0	0	6.25	31	0	0	0	31	0	0	1.082		99.9697	40.8407	0.185149	0	1.85205	0.361681	14.546	1		0.0088623	11.9552	41.4165	0	0	0	
2024-06-27 23:52:04	134	241	9	0	0	6.25	26	0	0	0	26	0	0	7.5	26	0	0	0	26	0	0	1.082		99.9739	41.9797	0.187073	0	1.87121	0.0757266	14.6965	1		0	12.0439	41.2865	0	0	0	
2024-06-27 23:45:10	79	242	9	0	0	6	25	0	0	0	25	0	0	7.25	25	0	0	0	25	0	0	1.082		99.9743	41.96	0.20096	0	2.01012	0.415165	15.7874	1		0	12.0616	41.6764	0	0	0	
2024-06-27 23:48:06	102	243	1	0	0	7.75	32	0	0	0	32	0	0	1.5	32	0	0	0	32	0	0	5.412		99.9747	40.9379	0.0398431	0	0.398532	0.621971	15.6503	1		0.0088623	12.0616	41.4165	0	0	0	
2024-06-27 23:43:42	68	244	5	0	0	5	21	0	0	0	21	0	0	5.75	21	0	0	0	21	0	0	0.649		99.9743	42.0545	0.325917	0	3.26001	0.181805	15.3624	1		0	12.0439	41.8063	0	0	0	
2024-06-27 23:43:10	64	245	5	0	0	5	21	0	0	0	21	0	0	4.5	21	0	0	0	21	0	0	0.433		99.9752	42.0513	0.480874	0	4.80993	0.1966	15.1108	1		0	12.0616	41.9363	0	0	0	
2024-06-27 23:40:52	45	246	1	0	0	3	13	0	0	0	13	0	0	1.25	13	0	0	0	13	0	0	1.515		99.9785	42.3012	0.121162	0	1.21189	0.106465	13.3254	1		0	12.0439	42.586	0	0	0	
2024-06-27 23:38:14	24	247	5	0	0	1	5	0	0	0	5	0	0	2.25	5	0	0	0	5	0	0	1.082		99.9795	41.2547	0.163972	0	1.64005	0.0271647	12.881	1		0.0088623	12.0616	43.7555	0	0	0	
2024-06-27 23:50:54	124	248	1	0	0	0.5	3	0	0	0	3	0	0	1.25	3	0	0	0	3	0	0	0.649		99.9779	42.0733	0.304711	0	3.04778	0.550271	14.3623	1		0	12.0616	41.2865	0	0	0	
2024-06-27 23:49:39	115	249	9	0	0	2.5	11	0	0	0	11	0	0	5.25	11	0	0	0	11	0	0	2.381		99.9738	41.8824	0.108397	0	1.08426	0.833341	18.7346	2		0	12.0439	41.2865	0	0	0	
2024-06-27 23:47:59	101	250	5	0	0	7.75	32	0	0	0	32	0	0	7.5	32	0	0	0	32	0	0	0.216		99.9728	40.9402	0.983815	0	9.84083	0.318607	15.4579	1		0	12.0616	41.4165	0	0	0	
2024-06-27 23:48:21	104	251	9	0	0	7.75	32	0	0	0	32	0	0	6.25	32	0	0	0	32	0	0	1.299		99.9732	40.9422	0.156628	0	1.5667	0.27318	14.7658	1		0	12.0616	41.4165	0	0	0	
2024-06-27 23:52:11	135	252	1	0	0	4.25	18	0	0	0	18	0	0	3.5	18	0	0	0	18	0	0	0.649		99.9759	42.2037	0.316183	0	3.16259	0.0467443	14.9034	1		0	11.9552	41.2865	0	0	0	
2024-06-27 23:44:55	77	253	1	0	0	6	25	0	0	0	25	0	0	2.25	25	0	0	0	25	0	0	3.247		99.9724	41.9679	0.0638367	0	0.638543	0.413675	15.0453	1		0	11.9552	41.6764	0	0	0	
2024-06-27 23:54:25	152	254	9	0	0	5.25	22	0	0	0	22	0	0	4.5	22	0	0	0	22	0	0	0.649		99.9746	42.0187	0.32608	0	3.26163	0.09582	15.3701	1		0	12.0616	41.2865	0	0	0	
2024-06-27 23:41:27	50	255	9	0	0	4	17	0	0	0	17	0	0	5.75	17	0	0	0	17	0	0	1.515		99.978	42.0713	0.12669	0	1.26718	0.257313	13.9334	1		0.0088623	12.0616	42.4561	0	0	0	
2024-06-27 23:41:21	49	256	5	0	0	4	17	0	0	0	17	0	0	4.5	17	0	0	0	17	0	0	0.433		99.9796	42.0732	0.519252	0	5.19358	0.594727	16.3161	1		0.0088623	11.9552	42.4561	0	0	0	
2024-06-27 23:36:19	9	257	1	0	0	0	1	0	0	0	1	0	0	2	1	0	0	0	1	0	0	1.732		99.9873	41.5829	0.174164	0	1.74187	0.102559	21.8889	1		0.0088623	12.0616	45.1849	0	0	0	
2024-06-27 23:38:38	27	258	5	0	0	2	9	0	0	0	9	0	0	7.5	9	0	0	0	9	0	0	4.762		99.981	41.5992	0.0452893	0	0.452979	0.102939	15.6538	1		0	12.0616	43.4956	0	0	0	
2024-06-27 23:38:29	26	259	9	0	0	2	9	0	0	0	9	0	0	6.25	9	0	0	0	9	0	0	3.68		99.9787	41.6117	0.0606277	0	0.606406	0.133102	16.1932	2		0	12.0616	43.4956	0	0	0	
2024-06-27 23:46:45	91	260	5	0	0	7	29	0	0	0	29	0	0	5.25	29	0	0	0	29	0	0	1.515		99.9731	41.227	0.129142	0	1.29177	0.165961	14.2037	1		0.0088623	12.0616	41.4165	0	0	0	
2024-06-27 23:46:16	87	261	5	0	0	7	29	0	0	0	29	0	0	4	29	0	0	0	29	0	0	2.598		99.9739	41.2613	0.0756537	0	0.756735	0.428451	14.2641	1		0.0088623	12.0439	41.5464	0	0	0	
2024-06-27 23:38:00	22	262	1	0	0	1	5	0	0	0	5	0	0	3.5	5	0	0	0	5	0	0	2.165		99.9839	41.2622	0.0854342	0	0.85448	0.0423108	13.4221	1		0	12.0616	44.0154	0	0	0	
2024-06-27 23:45:40	83	263	5	0	0	6	25	0	0	0	25	0	0	2.5	25	0	0	0	25	0	0	3.031		99.9716	41.9333	0.076436	0	0.764577	0.915961	16.8139	1		0	12.0616	41.5464	0	0	0	
2024-06-27 23:54:18	151	264	1	0	0	3.75	16	0	0	0	16	0	0	2	16	0	0	0	16	0	0	1.515		99.9766	41.8638	0.135154	0	1.35185	0.326751	14.8644	1		0	12.0616	41.4165	0	0	0	
2024-06-27 23:43:42	68	265	1	0	0	5	21	0	0	0	21	0	0	2	21	0	0	0	21	0	0	2.598		99.9743	42.0545	0.0790828	0	0.791031	0.0359873	14.9106	1		0	12.0439	41.8063	0	0	0	
2024-06-27 23:38:21	25	266	1	0	0	2	9	0	0	0	9	0	0	1.75	9	0	0	0	9	0	0	0.216		99.9791	41.6417	0.853831	0	8.5401	0.229247	13.4147	1		0.0088623	12.0616	43.4956	0	0	0	
2024-06-27 23:47:14	95	267	1	0	0	7	29	0	0	0	29	0	0	0	29	0	0	0	29	0	0	6.061		99.9741	41.2416	0.0396029	0	0.396132	0.343956	17.4228	1		0	12.0616	41.4165	0	0	0	
2024-06-27 23:36:26	10	268	5	0	0	0	1	0	0	0	1	0	0	3	1	0	0	0	1	0	0	2.598		99.9864	41.5734	0.0784574	0	0.784681	0.251772	14.7909	1		0.0088623	12.0616	45.055	0	0	0	
2024-06-27 23:40:45	44	269	9	0	0	3	13	0	0	0	13	0	0	7	13	0	0	0	13	0	0	3.464		99.9786	42.2865	0.0593238	0	0.593365	0.0193111	14.9129	1		0.0088623	11.9552	42.586	0	0	0	
2024-06-27 23:45:10	79	270	5	0	0	6	25	0	0	0	25	0	0	7.75	25	0	0	0	25	0	0	1.515		99.9743	41.96	0.135134	0	1.35169	0.0406683	14.8626	1		0	12.0616	41.6764	0	0	0	
2024-06-27 23:45:16	80	271	5	0	0	6	25	0	0	0	25	0	0	6.5	25	0	0	0	25	0	0	0.433		99.9738	41.9578	0.530093	0	5.30232	0.100033	16.6577	1		0.0088623	12.0616	41.6764	0	0	0	
2024-06-27 23:48:21	104	272	1	0	0	7.75	32	0	0	0	32	0	0	0.75	32	0	0	0	32	0	0	6.061		99.9732	40.9422	0.0389741	0	0.389845	0.343	17.1463	1		0	12.0616	41.4165	0	0	0	
2024-06-27 23:43:49	69	273	5	0	0	5	21	0	0	0	21	0	0	3.75	21	0	0	0	21	0	0	1.082		99.9733	42.0457	0.177739	0	1.77787	0.0256641	13.9633	1		0	12.0439	41.8063	0	0	0	
2024-06-27 23:40:30	42	274	1	0	0	3	13	0	0	0	13	0	0	0.5	13	0	0	0	13	0	0	2.165		99.9789	42.264	0.0893391	0	0.893579	0.154479	14.0363	1		0	12.0616	42.7159	0	0	0	
2024-06-27 23:37:54	21	275	5	0	0	1	5	0	0	0	5	0	0	1.5	5	0	0	0	5	0	0	0.433		99.9846	41.2434	0.47033	0	4.70402	0.178693	14.7781	1		0.0088623	12.0616	44.0154	0	0	0	
2024-06-27 23:56:01	164	276	1	0	0	2	9	0	0	5.75	9	0	0	3.25	9	0	0	4.5	9	0	0	0.649		99.9677	22.1749	0.141135	0	1.41181	0.0682901	11.0883	2		0	12.0616	41.2865	0	0	0	
2024-06-27 23:42:17	57	277	1	0	0	4	17	0	0	0	17	0	0	1.75	17	0	0	0	17	0	0	1.948		99.9754	42.0349	0.0969999	0	0.970237	0.0954284	13.7164	1		0.0088623	11.9552	42.1962	0	0	0	
2024-06-27 23:51:15	127	278	1	0	0	2.5	11	0	0	0	11	0	0	3.25	11	0	0	0	11	0	0	0.649		99.9755	41.9178	0.299696	0	2.9977	0.264409	14.1263	1		0	12.0616	41.2865	0	0	0	
2024-06-27 23:47:42	99	279	5	0	0	7.75	32	0	0	0	32	0	0	5.5	32	0	0	0	32	0	0	1.948		99.9748	40.9155	0.10299	0	1.03016	0.272008	14.5636	2		0	11.9552	41.4165	0	0	0	
2024-06-27 23:48:21	104	280	5	0	0	7.75	32	0	0	0	32	0	0	4.25	32	0	0	0	32	0	0	3.031		99.9732	40.9422	0.0654505	0	0.654681	0.214582	14.3972	1		0	12.0616	41.4165	0	0	0	
2024-06-27 23:45:30	82	281	1	0	0	6	25	0	0	0	25	0	0	1.5	25	0	0	0	25	0	0	3.897		99.9752	41.9379	0.0583039	0	0.583183	0.00351435	16.4891	2		0	12.0616	41.4165	0	0	0	
2024-06-27 23:41:49	53	282	5	0	0	4	17	0	0	0	17	0	0	5	17	0	0	0	17	0	0	0.866		99.9808	42.0899	0.230261	0	2.30305	0.0426397	14.4705	1		0.0088623	12.0616	42.1962	0	0	0	
2024-06-27 23:42:25	58	283	1	0	0	4	17	0	0	0	17	0	0	3.75	17	0	0	0	17	0	0	0.216		99.9779	42.0402	0.991921	0	9.9214	0.155308	15.5845	1		0	12.0616	42.0662	0	0	0	
2024-06-27 23:35:48	5	284	1	0	0	0	1	0	0	0	1	0	0	1.25	1	0	0	0	1	0	0	1.082		99.9881	41.5509	0.164833	0	1.64853	0.10009	12.9475	2		0.0088623	12.0616	45.7047	0	0	0	
2024-06-27 23:38:46	28	285	9	0	0	2	9	0	0	0	9	0	0	5.5	9	0	0	0	9	0	0	3.031		99.9795	41.5828	0.145268	0	1.45298	0.267458	31.9527	2		0	12.0616	43.4956	0	0	0	
2024-06-27 23:39:20	32	286	5	0	0	2	9	0	0	0	9	0	0	4.25	9	0	0	0	9	0	0	1.948		99.9813	41.5779	0.0998259	0	0.998445	0.644172	14.1152	1		0	12.0616	43.2357	0	0	0	
2024-06-27 23:46:38	90	287	1	0	0	7	29	0	0	0	29	0	0	3.25	29	0	0	0	29	0	0	3.247		99.9735	41.2432	0.0620112	0	0.620276	0.0053489	14.6149	1		0	12.0616	41.5464	0	0	0	
2024-06-27 23:38:07	23	288	1	0	0	1	5	0	0	0	5	0	0	2.75	5	0	0	0	5	0	0	1.515		99.9813	41.2401	0.118198	0	1.1822	0.175505	12.999	1		0	11.9552	43.8855	0	0	0	
2024-06-27 23:35:38	4	289	9	0	0	0	1	0	0	0	1	0	0	7	1	0	0	0	1	0	0	6.061		99.9883	41.5602	0.0389388	0	0.389434	0.0640171	17.1282	2		0.0088623	12.0616	45.8346	0	0	0	
2024-06-27 23:42:53	62	290	1	0	0	5	21	0	0	0	21	0	0	1.25	21	0	0	0	21	0	0	3.247		99.9731	42.0718	0.0731323	0	0.73152	0.149983	17.236	2		0	12.0616	41.8063	0	0	0	
2024-06-27 23:38:29	26	291	1	0	0	2	9	0	0	0	9	0	0	1	9	0	0	0	9	0	0	0.866		99.9787	41.6117	0.206828	0	2.06872	0.116486	12.9981	2		0	12.0616	43.4956	0	0	0	
2024-06-27 23:40:30	42	292	5	0	0	3	13	0	0	0	13	0	0	7.5	13	0	0	0	13	0	0	3.897		99.9789	42.264	0.0532718	0	0.53283	0.363832	15.0654	1		0	12.0616	42.7159	0	0	0	
2024-06-27 23:39:55	37	293	5	0	0	3	13	0	0	0	13	0	0	6.25	13	0	0	0	13	0	0	2.814		99.98	42.2473	0.0782159	0	0.782315	0.0518135	15.9752	1		0	12.0616	42.7159	0	0	0	
2024-06-27 23:46:38	90	294	9	0	0	7	29	0	0	0	29	0	0	7.25	29	0	0	0	29	0	0	0.216		99.9735	41.2432	0.855444	0	8.5567	0.397738	13.4408	1		0	12.0616	41.5464	0	0	0	
2024-06-27 23:37:29	18	295	5	0	0	1	5	0	0	0	5	0	0	6.75	5	0	0	0	5	0	0	4.979		99.9837	41.2391	0.0551756	0	0.551846	0.265539	19.9373	2		0.0088623	12.0616	44.2753	0	0	0	
2024-06-27 23:44:55	77	296	9	0	0	6	25	0	0	0	25	0	0	5.75	25	0	0	0	25	0	0	0.216		99.9724	41.9679	0.959609	0	9.59874	0.175675	15.0777	1		0	11.9552	41.6764	0	0	0	
2024-06-27 23:44:23	73	297	5	0	0	6	25	0	0	0	25	0	0	4.5	25	0	0	0	25	0	0	1.299		99.9761	41.9831	0.150361	0	1.50397	0.759858	14.1745	1		0.0088623	11.9552	41.6764	0	0	0	
2024-06-27 23:48:35	106	298	1	0	0	7.75	32	0	0	0	32	0	0	0	32	0	0	0	32	0	0	6.711		99.975	40.9495	0.0349655	0	0.349742	0.189976	17.0306	1		0.0088623	12.0439	41.4165	0	0	0	
2024-06-27 23:43:57	70	299	5	0	0	5	21	0	0	0	21	0	0	3	21	0	0	0	21	0	0	1.732		99.9749	42.0222	0.108116	0	1.08143	0.0679093	13.5897	2		0	12.0616	41.8063	0	0	0	
2024-06-27 23:37:01	14	300	1	0	0	1	5	0	0	0	5	0	0	0.75	5	0	0	0	5	0	0	0.216		99.9864	41.291	0.877835	0	8.77955	0.406099	13.7909	1		0.0088623	12.0616	44.5352	0	0	0	
2024-06-27 23:52:52	140	301	1	0	0	5.75	24	0	0	0	24	0	0	2	24	0	0	0	24	0	0	3.247		99.9712	42.1423	0.0707715	0	0.707918	0.156384	16.6799	2		0.0088623	12.0439	41.2865	0	0	0	
2024-06-27 23:41:42	52	302	1	0	0	4	17	0	0	0	17	0	0	1	17	0	0	0	17	0	0	2.598		99.9809	42.054	0.0741717	0	0.741859	0.141304	13.9837	1		0	12.0616	42.3261	0	0	0	
2024-06-27 23:48:50	108	303	5	0	0	7.75	32	0	0	0	32	0	0	3.5	32	0	0	0	32	0	0	3.68		99.9748	40.9514	0.0533342	0	0.533476	0.267461	14.2457	1		0	11.9552	41.4165	0	0	0	
2024-06-27 23:45:55	85	304	1	0	0	6	25	0	0	0	25	0	0	0.75	25	0	0	0	25	0	0	4.546		99.973	41.9452	0.0551194	0	0.551343	0.334808	18.187	1		0	12.0616	41.5464	0	0	0	
2024-06-27 23:42:38	60	305	1	0	0	4	17	0	0	0	17	0	0	3	17	0	0	0	17	0	0	0.866		99.9755	42.0365	0.219764	0	2.19818	0.193348	13.8116	1		0	12.0616	42.0662	0	0	0	
2024-06-27 23:35:58	6	306	1	0	0	0	1	0	0	0	1	0	0	0.5	1	0	0	0	1	0	0	0.433		99.9903	41.5612	0.454086	0	4.5413	0.0984525	14.2669	1		0.0088623	12.0616	45.4448	0	0	0	
2024-06-27 23:55:07	158	307	1	0	0	3.5	15	0	0	4.25	15	0	0	2.75	15	0	0	5	15	0	0	0.389		99.9713	21.7243	0.277929	0	2.78009	0.0541515	13.1009	1		0	12.0616	41.1566	0	0	0	
2024-06-27 23:39:20	32	308	1	0	0	2	9	0	0	0	9	0	0	3.5	9	0	0	0	9	0	0	1.299		99.9813	41.5779	0.147862	0	1.4789	0.484447	13.9383	1		0	12.0616	43.2357	0	0	0	
2024-06-27 23:47:14	95	309	5	0	0	7	29	0	0	0	29	0	0	2.5	29	0	0	0	29	0	0	3.897		99.9741	41.2416	0.0582052	0	0.582203	0.294291	16.4614	1		0	12.0616	41.4165	0	0	0	
2024-06-27 23:47:27	97	310	5	0	0	7	29	0	0	0	29	0	0	2	29	0	0	0	29	0	0	4.33		99.9709	41.2064	0.0503632	0	0.503778	0.131511	15.8267	1		0	11.9552	41.4165	0	0	0	
2024-06-27 23:35:58	6	311	5	0	0	0	1	0	0	0	1	0	0	7.5	1	0	0	0	1	0	0	6.494		99.9903	41.5612	0.036036	0	0.360395	0.252151	16.9832	1		0.0088623	12.0616	45.4448	0	0	0	
2024-06-27 23:36:12	8	312	9	0	0	0	1	0	0	0	1	0	0	6.25	1	0	0	0	1	0	0	5.412		99.9868	41.5666	0.0440718	0	0.440776	0.364639	17.3092	1		0	11.9552	45.1849	0	0	0	
2024-06-27 23:43:57	70	313	1	0	0	5	21	0	0	0	21	0	0	0.5	21	0	0	0	21	0	0	3.897		99.9749	42.0222	0.0621765	0	0.621922	0.230843	17.5844	2		0	12.0616	41.8063	0	0	0	
2024-06-27 23:53:42	146	314	1	0	0	1.25	6	0	0	0	6	0	0	0.5	6	0	0	0	6	0	0	0.649		99.9717	41.9294	0.304515	0	3.04601	0.19876	14.354	1		0	12.0616	41.4165	0	0	0	
2024-06-27 23:43:03	63	315	5	0	0	5	21	0	0	0	21	0	0	7	21	0	0	0	21	0	0	1.732		99.975	42.0608	0.113501	0	1.13529	0.168589	14.2665	1		0	12.0439	41.9363	0	0	0	
2024-06-27 23:38:46	28	316	1	0	0	2	9	0	0	0	9	0	0	0.25	9	0	0	0	9	0	0	1.515		99.9795	41.5828	0.130252	0	1.30279	0.0488334	14.3249	2		0	12.0616	43.4956	0	0	0	
2024-06-27 23:41:34	51	317	5	0	0	4	17	0	0	0	17	0	0	7	17	0	0	0	17	0	0	2.598		99.9806	42.0733	0.0768837	0	0.768986	0.137952	14.495	1		0	12.0616	42.1962	0	0	0	
2024-06-27 23:40:09	39	318	5	0	0	3	13	0	0	0	13	0	0	5.5	13	0	0	0	13	0	0	2.165		99.9784	42.2835	0.09907	0	0.990914	0.467763	15.5652	1		0	12.0616	42.8459	0	0	0	
2024-06-27 23:40:03	38	319	9	0	0	3	13	0	0	0	13	0	0	4.25	13	0	0	0	13	0	0	1.082		99.9818	42.2774	0.17266	0	1.72691	0.29904	13.5631	1		0	12.0616	42.8459	0	0	0	
2024-06-27 23:46:52	92	320	5	0	0	7	29	0	0	0	29	0	0	7.75	29	0	0	0	29	0	0	0.649		99.9755	41.2317	0.351387	0	3.51473	0.107731	16.5628	1		0	12.0439	41.5464	0	0	0	
2024-06-27 23:46:30	89	321	5	0	0	7	29	0	0	0	29	0	0	6.5	29	0	0	0	29	0	0	0.433		99.9742	41.2232	0.518016	0	5.1815	0.238365	16.2782	1		0	12.0616	41.2865	0	0	0	
2024-06-27 23:37:22	17	322	5	0	0	1	5	0	0	0	5	0	0	6	5	0	0	0	5	0	0	4.33		99.9843	41.276	0.0546952	0	0.547038	0.0450876	17.1857	1		0.0088623	12.0616	44.2753	0	0	0	
2024-06-27 23:37:08	15	323	5	0	0	1	5	0	0	0	5	0	0	4.75	5	0	0	0	5	0	0	3.247		99.9833	41.3096	0.0747824	0	0.747949	0.129417	17.6231	1		0	12.0616	44.5352	0	0	0	
2024-06-27 23:51:29	129	324	9	0	0	4.75	20	0	0	0	20	0	0	5	20	0	0	0	20	0	0	0.216		99.9755	42.0484	0.908526	0	9.08749	0.28097	14.2746	1		0	12.0616	41.2865	0	0	0	
2024-06-27 23:44:38	75	325	5	0	0	6	25	0	0	0	25	0	0	5	25	0	0	0	25	0	0	0.866		99.9741	41.9742	0.232938	0	2.32999	0.02505	14.6397	2		0.0088623	12.0616	41.6764	0	0	0	
2024-06-27 23:45:02	78	326	1	0	0	6	25	0	0	0	25	0	0	3.75	25	0	0	0	25	0	0	1.948		99.9711	41.9729	0.0997964	0	0.998252	0.107629	14.1125	1		0	12.0616	41.6764	0	0	0	
2024-06-27 23:36:46	13	327	1	0	0	1	5	0	0	0	5	0	0	0	5	0	0	0	5	0	0	0.866		99.9866	41.1909	0.209462	0	2.0949	2.15227	13.1626	4		0	11.9552	44.7951	0	0	0	
2024-06-27 23:50:25	120	328	9	0	0	0.75	4	0	0	0	4	0	0	7	4	0	0	0	4	0	0	5.412		99.9746	42.1894	0.0425807	0	0.425915	0.401314	16.7256	1		0	12.0616	41.2865	0	0	0	
2024-06-27 23:42:17	57	329	5	0	0	4	17	0	0	0	17	0	0	0.25	17	0	0	0	17	0	0	3.247		99.9754	42.0349	0.060545	0	0.605598	0.274103	14.2691	1		0.0088623	11.9552	42.1962	0	0	0	
2024-06-27 23:49:04	110	330	5	0	0	7.75	32	0	0	0	32	0	0	2.75	32	0	0	0	32	0	0	4.33		99.9771	40.9641	0.0478732	0	0.478842	0.0321827	15.0433	1		0	12.0616	41.4165	0	0	0	
2024-06-27 23:45:40	83	331	1	0	0	6	25	0	0	0	25	0	0	0	25	0	0	0	25	0	0	5.195		99.9716	41.9333	0.0601054	0	0.601225	0.613571	22.6656	1		0	12.0616	41.5464	0	0	0	
2024-06-27 23:39:48	36	332	1	0	0	2	9	0	0	0	9	0	0	2.75	9	0	0	0	9	0	0	0.649		99.9804	41.5807	0.31296	0	3.13022	0.326635	14.7508	1		0	11.9552	42.9758	0	0	0	
2024-06-27 23:46:16	87	333	1	0	0	7	29	0	0	0	29	0	0	1.25	29	0	0	0	29	0	0	4.979		99.9739	41.2613	0.0477965	0	0.47809	0.613566	17.2726	1		0.0088623	12.0439	41.5464	0	0	0	
2024-06-27 23:35:31	3	334	5	0	0	0	1	0	0	0	1	0	0	5.5	1	0	0	0	1	0	0	4.762		99.9869	41.5568	0.0730904	0	0.731	0.64038	25.2615	1		0.0088623	11.9552	46.0945	0	0	0	
2024-06-27 23:35:58	6	335	9	0	0	0	1	0	0	0	1	0	0	4.25	1	0	0	0	1	0	0	3.68		99.9903	41.5612	0.0568278	0	0.568333	0.0791692	15.1765	1		0.0088623	12.0616	45.4448	0	0	0	
