Time	MeasID	DPID	Channel	A(x)	A(y)	A(z)	A(adr)	B(x)	B(y)	B(z)	B(adr)	M(x)	M(y)	M(z)	M(adr)	N(x)	N(y)	N(z)	N(adr)	F(x)	F(y)	F(z)	Note	I(mA)	Uout(V)	U(V)	SP(V)	R(Ohm)	Var(%)	Rho-a(Ohm-m)	Cycles	IP Delay Window(mV/V)	Pint(V)	Pext(V)	T int(deg C)	T log(deg C)	Latitude	Longitude
2024-06-14 10:18:17	936	1676	1	0	0	7.75	32	0	0	0	32	0	0	2	32	0	0	0	32	0	0	4.979		99.968	68.4538	0.0418199	0	0.418333	0.0528719	15.1137	1		0	12.0616	40.6368	0	0	0	
2024-06-14 10:12:45	894	1677	5	0	0	5	21	0	0	0	21	0	0	7.5	21	0	0	0	21	0	0	2.165		99.9658	69.284	0.0906966	0	0.907276	0.10745	14.2515	1		0	12.0616	41.1566	0	0	0	
2024-06-14 10:12:26	892	1678	9	0	0	5	21	0	0	0	21	0	0	6.25	21	0	0	0	21	0	0	1.082		99.9642	69.6478	0.198246	0	1.98317	0.412216	15.5758	1		0.0088623	12.0616	41.1566	0	0	0	
2024-06-14 10:09:04	865	1679	1	0	0	3	13	0	0	0	13	0	0	1.75	13	0	0	0	13	0	0	1.082		99.9726	70.5561	0.17848	0	1.78529	0.274525	14.0216	2		0	12.0616	42.1962	0	0	0	
2024-06-14 10:17:14	928	1680	5	0	0	7.75	32	0	0	0	32	0	0	6.75	32	0	0	0	32	0	0	0.866		99.966	68.6079	0.250256	0	2.50341	0.442556	15.7294	1		0	12.0616	40.6368	0	0	0	
2024-06-14 10:23:27	976	1681	1	0	0	3.25	14	0	0	0	14	0	0	2.5	14	0	0	0	14	0	0	0.649		99.966	67.9253	0.311437	0	3.11543	0.803224	14.6811	1		0	12.0616	40.5069	0	0	0	
2024-06-14 10:10:58	880	1682	9	0	0	4	17	0	0	0	17	0	0	7.5	17	0	0	0	17	0	0	3.031		99.9655	69.7183	0.0663748	0	0.663977	0.208613	14.6016	1		0	12.0616	41.4165	0	0	0	
2024-06-14 10:11:12	882	1683	5	0	0	4	17	0	0	0	17	0	0	6.25	17	0	0	0	17	0	0	1.948		99.9703	69.346	0.102396	0	1.02427	0.214645	14.4802	1		0	12.0616	41.2865	0	0	0	
2024-06-14 10:10:14	874	1684	1	0	0	3	13	0	0	0	13	0	0	3.5	13	0	0	0	13	0	0	0.433		99.9736	70.6646	0.486346	0	4.86474	0.416733	15.283	1		0	11.9552	41.5464	0	0	0	
2024-06-14 10:07:58	856	1685	1	0	0	2	9	0	0	0	9	0	0	6.75	9	0	0	0	9	0	0	4.113		99.9692	70.8775	0.0532839	0	0.533004	0.145025	15.9076	1		0.0088623	12.0616	42.586	0	0	0	
2024-06-14 10:15:19	914	1686	9	0	0	7	29	0	0	0	29	0	0	5.75	29	0	0	0	29	0	0	1.082		99.9644	67.7555	0.19684	0	1.9691	0.403757	15.4653	4		0	12.0616	40.6368	0	0	0	
2024-06-14 10:16:06	919	1687	5	0	0	7	29	0	0	0	29	0	0	4.5	29	0	0	0	29	0	0	2.165		99.9667	68.4161	0.0914397	0	0.914701	0.0462366	14.3681	1		0	12.0616	40.6368	0	0	0	
2024-06-14 10:06:56	848	1688	5	0	0	1	5	0	0	0	5	0	0	5.25	5	0	0	0	5	0	0	3.68		99.9722	70.9844	0.0606975	0	0.607144	0.0798595	16.2129	1		0.0088623	12.0616	42.9758	0	0	0	
2024-06-14 10:06:41	846	1689	5	0	0	1	5	0	0	0	5	0	0	4	5	0	0	0	5	0	0	2.598		99.9764	70.9943	0.073416	0	0.734333	0.0345165	13.8419	1		0.0088623	12.0616	43.1058	0	0	0	
2024-06-14 10:21:54	964	1690	1	0	0	4.75	20	0	0	0	20	0	0	3	20	0	0	0	20	0	0	1.515		99.9685	67.7538	0.127546	0	1.27586	0.232811	14.0288	1		0	12.0616	40.6368	0	0	0	
2024-06-14 10:15:04	912	1691	5	0	0	6	25	0	0	0	25	0	0	3	25	0	0	0	25	0	0	2.598		99.9622	68.6293	0.0782329	0	0.782624	0.0759878	14.7521	1		0	12.0616	40.8967	0	0	0	
2024-06-14 10:07:33	853	1692	1	0	0	2	9	0	0	0	9	0	0	2.25	9	0	0	0	9	0	0	0.216		99.9731	70.8944	0.781077	0	7.81288	0.737433	12.2724	1		0	12.0616	42.9758	0	0	0	
2024-06-14 10:16:44	924	1693	1	0	0	7	29	0	0	0	29	0	0	0.5	29	0	0	0	29	0	0	5.628		99.9633	68.8252	0.0442615	0	0.442778	0.0316258	18.0834	1		0.0088623	12.0616	40.5069	0	0	0	
2024-06-14 10:05:36	838	1694	1	0	0	0	1	0	0	0	1	0	0	3.5	1	0	0	0	1	0	0	3.031		99.9705	72.477	0.0706788	0	0.706997	0.832898	15.5477	1		0.0088623	12.0616	44.2753	0	0	0	
2024-06-14 10:23:20	975	1695	1	0	0	1.75	8	0	0	0	8	0	0	0	8	0	0	0	8	0	0	1.515		99.9654	67.4946	0.123483	0	1.23525	0.067873	13.5823	1		0	12.0616	40.6368	0	0	0	
2024-06-14 10:14:27	907	1696	9	0	0	6	25	0	0	0	25	0	0	7	25	0	0	0	25	0	0	0.866		99.9639	68.5477	0.261085	0	2.61179	0.357281	16.4104	1		0	11.9552	40.8967	0	0	0	
2024-06-14 10:22:37	969	1697	1	0	0	6.5	27	0	0	0	27	0	0	1.25	27	0	0	0	27	0	0	4.546		99.9699	67.5375	0.057834	0	0.578514	0.754321	19.0833	1		0	12.0616	40.6368	0	0	0	
2024-06-14 10:18:09	935	1698	1	0	0	7.75	32	0	0	0	32	0	0	1.25	32	0	0	0	32	0	0	5.628		99.9642	68.4988	0.039101	0	0.391151	0.0395672	15.9749	1		0	12.0616	40.6368	0	0	0	
2024-06-14 10:12:52	895	1699	5	0	0	5	21	0	0	0	21	0	0	5.5	21	0	0	0	21	0	0	0.433		99.9625	69.1655	0.507129	0	5.07319	0.438118	15.9379	1		0	12.0616	41.1566	0	0	0	
2024-06-14 10:12:52	895	1700	9	0	0	5	21	0	0	0	21	0	0	4.25	21	0	0	0	21	0	0	0.649		99.9625	69.1655	0.338849	0	3.38976	0.440677	15.9739	1		0	12.0616	41.1566	0	0	0	
2024-06-14 10:10:07	873	1701	1	0	0	3	13	0	0	0	13	0	0	1	13	0	0	0	13	0	0	1.732		99.9769	70.9025	0.10649	0	1.06514	0.231985	13.385	1		0	12.0616	41.6764	0	0	0	
2024-06-14 10:07:03	849	1702	5	0	0	1	5	0	0	0	5	0	0	2	5	0	0	0	5	0	0	0.866		99.9729	70.6924	0.223667	0	2.23727	0.21644	14.0572	1		0	12.0616	43.1058	0	0	0	
2024-06-14 10:19:19	944	1703	9	0	0	1.75	8	0	0	0	8	0	0	6	8	0	0	0	8	0	0	3.68		99.9679	68.0426	0.0619913	0	0.620112	0.11181	16.5592	1		0	12.0616	40.6368	0	0	0	
2024-06-14 10:11:12	882	1704	1	0	0	4	17	0	0	0	17	0	0	2.25	17	0	0	0	17	0	0	1.515		99.9703	69.346	0.124408	0	1.24445	0.258567	13.6835	1		0	12.0616	41.2865	0	0	0	
2024-06-14 10:16:59	926	1705	9	0	0	7.75	32	0	0	0	32	0	0	6	32	0	0	0	32	0	0	1.515		99.9666	68.892	0.132161	0	1.32205	0.637114	14.5367	1		0	12.0705	40.6368	0	0	0	
2024-06-14 10:17:48	932	1706	5	0	0	7.75	32	0	0	0	32	0	0	4.75	32	0	0	0	32	0	0	2.598		99.9695	68.6054	0.0738766	0	0.738991	0.245423	13.9297	1		0	12.0616	40.6368	0	0	0	
2024-06-14 10:14:27	907	1707	1	0	0	6	25	0	0	0	25	0	0	2	25	0	0	0	25	0	0	3.464		99.9639	68.5477	0.0653984	0	0.65422	0.0070553	16.4424	1		0	11.9552	40.8967	0	0	0	
2024-06-14 10:11:20	883	1708	5	0	0	4	17	0	0	0	17	0	0	5.5	17	0	0	0	17	0	0	1.299		99.9673	69.3714	0.160141	0	1.60193	0.152545	15.0979	1		0	12.0616	41.2865	0	0	0	
2024-06-14 10:10:43	878	1709	9	0	0	4	17	0	0	0	17	0	0	4.25	17	0	0	0	17	0	0	0.216		99.9673	69.62	0.890644	0	8.90935	0.504453	13.9948	1		0	12.0616	41.6764	0	0	0	
2024-06-14 10:05:36	838	1710	5	0	0	0	1	0	0	0	1	0	0	1.75	1	0	0	0	1	0	0	1.515		99.9705	72.477	0.122977	0	1.23014	0.0544458	13.526	1		0.0088623	12.0616	44.2753	0	0	0	
2024-06-14 10:24:29	984	1711	1	0	0	3.75	16	0	0	4	16	0	0	3.5	16	0	0	4.25	16	0	0	0.13		99.9737	18.298	0.627105	0	6.2727	0.153552	9.85314	1		0	12.0616	40.7668	0	0	0	
2024-06-14 10:10:28	876	1712	5	0	0	3	13	0	0	0	13	0	0	2.75	13	0	0	0	13	0	0	0.216		99.9686	70.6608	0.775034	0	7.75278	0.374615	12.178	1		0.0088623	12.0616	41.6764	0	0	0	
2024-06-14 10:07:40	854	1713	5	0	0	2	9	0	0	0	9	0	0	6	9	0	0	0	9	0	0	3.464		99.9723	70.7162	0.0656277	0	0.656459	0.0934602	16.4986	1		0	12.0616	42.8459	0	0	0	
2024-06-14 10:08:06	857	1714	9	0	0	2	9	0	0	0	9	0	0	4.75	9	0	0	0	9	0	0	2.381		99.9728	70.6314	0.0837466	0	0.837694	0.00455563	14.4743	1		0.0088623	12.0616	42.4561	0	0	0	
2024-06-14 10:16:22	921	1715	5	0	0	7	29	0	0	0	29	0	0	5	29	0	0	0	29	0	0	1.732		99.9653	68.7276	0.114768	0	1.14808	0.10553	14.4272	1		0	12.0616	40.6368	0	0	0	
2024-06-14 10:16:36	923	1716	5	0	0	7	29	0	0	0	29	0	0	3.75	29	0	0	0	29	0	0	2.814		99.9655	68.4992	0.0708197	0	0.708442	0.158857	14.4666	1		0	12.0616	40.6368	0	0	0	
2024-06-14 10:07:10	850	1717	5	0	0	1	5	0	0	0	5	0	0	3.25	5	0	0	0	5	0	0	1.948		99.975	70.506	0.0942174	0	0.94241	0.126319	13.323	1		0	12.0616	43.1058	0	0	0	
2024-06-14 10:18:55	941	1718	9	0	0	2.75	12	0	0	0	12	0	0	5	12	0	0	0	12	0	0	1.948		99.9647	69.1168	0.0972921	0	0.973264	0.0977979	13.7592	1		0	12.0616	40.6368	0	0	0	
2024-06-14 10:13:00	896	1719	1	0	0	5	21	0	0	0	21	0	0	1.75	21	0	0	0	21	0	0	2.814		99.9631	69.1076	0.0730208	0	0.730478	0.455377	14.9166	1		0	12.0616	41.1566	0	0	0	
2024-06-14 10:07:48	855	1720	1	0	0	2	9	0	0	0	9	0	0	1.5	9	0	0	0	9	0	0	0.433		99.9743	70.4312	0.466119	0	4.66238	0.0310755	14.6473	2		0	12.0616	42.7159	0	0	0	
2024-06-14 10:05:06	834	1721	1	0	0	0	1	0	0	0	1	0	0	2.75	1	0	0	0	1	0	0	2.381		99.9726	73.2099	0.113532	0	1.13563	0.0911832	19.6222	1		0	12.0705	44.6651	0	0	0	
2024-06-14 10:18:47	940	1722	9	0	0	3.25	14	0	0	0	14	0	0	4.5	14	0	0	0	14	0	0	1.082		99.9662	68.756	0.186735	0	1.86798	0.325016	14.6711	1		0	12.0616	40.6368	0	0	0	
2024-06-14 10:09:45	870	1723	9	0	0	3	13	0	0	0	13	0	0	6.75	13	0	0	0	13	0	0	3.247		99.9712	71.0634	0.0647458	0	0.647644	0.388203	15.2598	1		0.0088623	12.0616	41.8063	0	0	0	
2024-06-14 10:05:57	841	1724	9	0	0	1	5	0	0	0	5	0	0	7.25	5	0	0	0	5	0	0	5.412		99.973	70.5754	0.0608036	0	0.6082	0.980388	23.884	4		0.0088623	12.0616	43.7555	0	0	0	
2024-06-14 10:14:16	906	1725	9	0	0	6	25	0	0	0	25	0	0	7.5	25	0	0	0	25	0	0	1.299		99.9619	68.2902	0.158508	0	1.58569	0.0235005	14.9448	2		0	12.0616	40.8967	0	0	0	
2024-06-14 10:14:35	908	1726	9	0	0	6	25	0	0	0	25	0	0	6.25	25	0	0	0	25	0	0	0.216		99.9643	68.847	0.869817	0	8.70128	0.436635	13.6679	1		0	12.0616	40.7668	0	0	0	
2024-06-14 10:18:09	935	1727	5	0	0	7.75	32	0	0	0	32	0	0	0.5	32	0	0	0	32	0	0	6.278		99.9642	68.4988	0.036278	0	0.36291	0.242502	16.5317	1		0	12.0616	40.6368	0	0	0	
2024-06-14 10:13:36	901	1728	1	0	0	5	21	0	0	0	21	0	0	3.5	21	0	0	0	21	0	0	1.299		99.9636	69.0083	0.15118	0	1.51235	0.284134	14.2535	1		0	12.0616	41.0267	0	0	0	
2024-06-14 10:09:52	871	1729	1	0	0	3	13	0	0	0	13	0	0	0.25	13	0	0	0	13	0	0	2.381		99.9707	70.8286	0.0779585	0	0.779813	0.0047827	13.4742	1		0	12.0616	41.9363	0	0	0	
2024-06-14 10:06:12	842	1730	1	0	0	1	5	0	0	0	5	0	0	1.25	5	0	0	0	5	0	0	0.216		99.9756	73.0598	0.783118	0	7.83309	0.391256	12.3042	1		0.0088623	12.0616	43.7555	0	0	0	
2024-06-14 10:11:28	884	1731	1	0	0	4	17	0	0	0	17	0	0	1.5	17	0	0	0	17	0	0	2.165		99.9672	69.3085	0.0858758	0	0.859039	0.0676462	13.4938	1		0.0088623	12.0616	41.4165	0	0	0	
2024-06-14 10:19:26	945	1732	9	0	0	1.5	7	0	0	0	7	0	0	6.25	7	0	0	0	7	0	0	4.113		99.9695	67.5664	0.0536896	0	0.53706	0.555351	16.0286	1		0	12.0616	40.3769	0	0	0	
2024-06-14 10:17:40	931	1733	5	0	0	7.75	32	0	0	0	32	0	0	5.25	32	0	0	0	32	0	0	2.165		99.9655	68.4485	0.0880158	0	0.880461	0.366465	13.8303	1		0	12.0616	40.6368	0	0	0	
2024-06-14 10:17:22	929	1734	9	0	0	7.75	32	0	0	0	32	0	0	4	32	0	0	0	32	0	0	3.247		99.968	68.1146	0.0591237	0	0.591426	0.217119	13.9351	2		0	12.0616	40.6368	0	0	0	
2024-06-14 10:14:42	909	1735	1	0	0	6	25	0	0	0	25	0	0	1.25	25	0	0	0	25	0	0	4.113		99.9635	68.7786	0.0590232	0	0.590448	0.157058	17.622	1		0.0088623	12.0616	40.6368	0	0	0	
2024-06-14 10:10:50	879	1736	1	0	0	4	17	0	0	0	17	0	0	3.5	17	0	0	0	17	0	0	0.433		99.9682	69.6801	0.518436	0	5.18601	0.537359	16.2923	1		0	12.0616	41.6764	0	0	0	
2024-06-14 10:04:37	830	1737	1	0	0	0	1	0	0	0	1	0	0	1	1	0	0	0	1	0	0	0.866		99.9775	74.9151	0.230717	0	2.30769	0.395077	14.4996	1		0.0088623	12.0616	45.1849	0	0	0	
2024-06-14 10:07:48	855	1738	9	0	0	2	9	0	0	0	9	0	0	5.25	9	0	0	0	9	0	0	2.814		99.9743	70.4312	0.0780432	0	0.780633	0.00783699	15.9408	2		0	12.0616	42.7159	0	0	0	
2024-06-14 10:07:33	853	1739	5	0	0	2	9	0	0	0	9	0	0	4	9	0	0	0	9	0	0	1.732		99.9731	70.8944	0.109642	0	1.09672	0.676592	13.7818	1		0	12.0616	42.9758	0	0	0	
2024-06-14 10:23:35	977	1740	1	0	0	3.5	15	0	0	0	15	0	0	2.25	15	0	0	0	15	0	0	1.082		99.9679	67.3267	0.180286	0	1.80344	0.615881	14.1642	1		0	12.0705	40.7668	0	0	0	
2024-06-14 10:16:52	925	1741	1	0	0	7	29	0	0	0	29	0	0	3	29	0	0	0	29	0	0	3.464		99.9639	68.4906	0.0590231	0	0.590445	0.120692	14.8395	1		0.0088623	12.0616	40.6368	0	0	0	
2024-06-14 10:06:49	847	1742	1	0	0	1	5	0	0	0	5	0	0	2.5	5	0	0	0	5	0	0	1.299		99.9737	70.862	0.145246	0	1.45284	0.0243413	13.6927	1		0	12.0616	43.2357	0	0	0	
2024-06-14 10:04:44	831	1743	5	0	0	0	1	0	0	0	1	0	0	6.75	1	0	0	0	1	0	0	5.845		99.9766	74.1957	0.0409531	0	0.409627	0.158611	17.3729	1		0	12.0705	44.925	0	0	0	
2024-06-14 10:20:31	953	1744	1	0	0	2.75	12	0	0	0	12	0	0	3	12	0	0	0	12	0	0	0.216		99.9671	68.6562	0.775968	0	7.76224	0.561581	12.1929	1		0	12.0616	40.6368	0	0	0	
2024-06-14 10:13:29	900	1745	1	0	0	5	21	0	0	0	21	0	0	1	21	0	0	0	21	0	0	3.464		99.9673	69.2601	0.0630607	0	0.630813	0.191786	15.8541	1		0	12.0616	41.0267	0	0	0	
2024-06-14 10:25:57	993	1746	1	0	0	0.5	3	0	0	7.25	3	0	0	2.75	3	0	0	5	3	0	0	1.168		99.9697	20.3989	0.0782947	0	0.783184	0.0206779	11.072	2		0	12.0705	40.6368	0	0	0	
2024-06-14 10:21:14	959	1747	9	0	0	6.75	28	0	0	0	28	0	0	7	28	0	0	0	28	0	0	0.216		99.9652	68.4035	0.82406	0	8.24348	0.831039	12.9488	1		0	11.9552	40.6368	0	0	0	
2024-06-14 10:08:06	857	1748	1	0	0	2	9	0	0	0	9	0	0	0.75	9	0	0	0	9	0	0	1.082		99.9728	70.6314	0.174001	0	1.74048	0.218832	13.6697	1		0.0088623	12.0616	42.4561	0	0	0	
2024-06-14 10:09:16	866	1749	5	0	0	3	13	0	0	0	13	0	0	6	13	0	0	0	13	0	0	2.598		99.9719	70.8682	0.0796569	0	0.796793	0.240737	15.0192	1		0.0088623	12.0616	41.9363	0	0	0	
2024-06-14 10:09:23	867	1750	1	0	0	3	13	0	0	0	13	0	0	4.75	13	0	0	0	13	0	0	1.515		99.969	70.8407	0.129045	0	1.29085	0.267418	14.1937	1		0	12.0616	41.9363	0	0	0	
2024-06-14 10:06:20	843	1751	5	0	0	1	5	0	0	0	5	0	0	7.75	5	0	0	0	5	0	0	5.845		99.9754	71.9101	0.0394244	0	0.394341	0.438547	16.7246	1		0	12.0616	43.7555	0	0	0	
2024-06-14 10:06:12	842	1752	9	0	0	1	5	0	0	0	5	0	0	6.5	5	0	0	0	5	0	0	4.762		99.9756	73.0598	0.0522646	0	0.522774	0.409152	18.0658	1		0.0088623	12.0616	43.7555	0	0	0	
2024-06-14 10:14:35	908	1753	5	0	0	6	25	0	0	0	25	0	0	5.5	25	0	0	0	25	0	0	0.433		99.9643	68.847	0.520258	0	5.20444	0.494554	16.3502	1		0	12.0616	40.7668	0	0	0	
2024-06-14 10:13:44	902	1754	5	0	0	6	25	0	0	0	25	0	0	4.25	25	0	0	0	25	0	0	1.515		99.9664	69.2905	0.134279	0	1.34324	0.547963	14.7697	1		0	12.0616	41.0267	0	0	0	
2024-06-14 10:13:22	899	1755	1	0	0	5	21	0	0	0	21	0	0	2.75	21	0	0	0	21	0	0	1.948		99.9637	69.2704	0.0969682	0	0.970034	0.112344	13.7135	1		0	12.0616	41.0267	0	0	0	
2024-06-14 10:06:34	845	1756	1	0	0	1	5	0	0	0	5	0	0	0.5	5	0	0	0	5	0	0	0.433		99.9783	71.3118	0.486402	0	4.86507	0.41311	15.2841	1		0	12.0616	43.4956	0	0	0	
2024-06-14 10:11:42	886	1757	5	0	0	4	17	0	0	0	17	0	0	0.75	17	0	0	0	17	0	0	2.814		99.9681	69.9138	0.0691682	0	0.691902	0.253503	14.1289	1		0	12.0705	41.1566	0	0	0	
2024-06-14 10:18:03	934	1758	5	0	0	7.75	32	0	0	0	32	0	0	3.25	32	0	0	0	32	0	0	3.897		99.9675	68.6317	0.0498308	0	0.49847	0.00277142	14.0939	1		0.0088623	12.0616	40.6368	0	0	0	
2024-06-14 10:25:07	988	1759	1	0	0	2.75	12	0	0	5	12	0	0	0.5	12	0	0	7.25	12	0	0	1.168		99.9748	20.7469	0.0814524	0	0.81473	0.823665	11.518	1		0	12.0616	40.7668	0	0	0	
2024-06-14 10:19:33	946	1760	9	0	0	1.25	6	0	0	0	6	0	0	6.5	6	0	0	0	6	0	0	4.546		99.9669	67.8012	0.0518893	0	0.519064	0.319801	17.1222	1		0.0088623	12.0616	40.6368	0	0	0	
2024-06-14 10:14:57	911	1761	5	0	0	6	25	0	0	0	25	0	0	0.5	25	0	0	0	25	0	0	4.762		99.9639	68.7039	0.0552811	0	0.553011	0.924944	19.1107	1		0	12.0616	40.8967	0	0	0	
2024-06-14 10:12:04	889	1762	1	0	0	4	17	0	0	0	17	0	0	2.75	17	0	0	0	17	0	0	1.082		99.9678	68.9677	0.183938	0	1.83998	0.296239	14.4511	1		0	12.0616	41.2865	0	0	0	
2024-06-14 10:05:43	839	1763	1	0	0	0	1	0	0	0	1	0	0	0.25	1	0	0	0	1	0	0	0.216		99.9735	72.1407	0.788233	0	7.88441	0.205515	12.3848	1		0.0088623	12.0616	44.1454	0	0	0	
2024-06-14 10:08:43	862	1764	5	0	0	2	9	0	0	0	9	0	0	3.25	9	0	0	0	9	0	0	1.082		99.9737	70.3815	0.181297	0	1.81344	0.172032	14.2428	1		0	12.0616	42.1962	0	0	0	
2024-06-14 10:16:29	922	1765	1	0	0	7	29	0	0	0	29	0	0	1.75	29	0	0	0	29	0	0	4.546		99.9667	68.695	0.0504049	0	0.504217	0.131132	16.6325	1		0	12.0616	40.6368	0	0	0	
2024-06-14 10:05:21	836	1766	5	0	0	0	1	0	0	0	1	0	0	6	1	0	0	0	1	0	0	5.195		99.975	72.8818	0.0499727	0	0.499852	0.14216	18.844	1		0.0088623	12.0616	44.4052	0	0	0	
2024-06-14 10:04:51	832	1767	9	0	0	0	1	0	0	0	1	0	0	4.75	1	0	0	0	1	0	0	4.113		99.9735	73.7079	0.0527587	0	0.527727	0.168995	15.7501	1		0	12.0616	45.055	0	0	0	
2024-06-14 10:22:52	971	1768	1	0	0	7.25	30	0	0	0	30	0	0	0.5	30	0	0	0	30	0	0	5.845		99.965	67.9444	0.0533401	0	0.533588	0.198048	22.6303	1		0	12.0705	40.6368	0	0	0	
2024-06-14 10:13:07	897	1769	1	0	0	5	21	0	0	0	21	0	0	0.25	21	0	0	0	21	0	0	4.113		99.9673	69.0337	0.0518134	0	0.518304	0.0660219	15.4688	1		0	12.0616	40.8967	0	0	0	
2024-06-14 10:12:26	892	1770	5	0	0	5	21	0	0	0	21	0	0	6.75	21	0	0	0	21	0	0	1.515		99.9642	69.6478	0.138392	0	1.38442	0.191421	15.2224	1		0.0088623	12.0616	41.1566	0	0	0	
2024-06-14 10:10:21	875	1771	5	0	0	3	13	0	0	0	13	0	0	2.25	13	0	0	0	13	0	0	0.649		99.9693	70.9337	0.319623	0	3.19721	0.369758	15.0665	1		0.0088623	12.0616	41.6764	0	0	0	
2024-06-14 10:07:40	854	1772	1	0	0	2	9	0	0	0	9	0	0	0	9	0	0	0	9	0	0	1.732		99.9723	70.7162	0.131224	0	1.3126	0.312491	16.4947	1		0	12.0616	42.8459	0	0	0	
2024-06-14 10:21:21	960	1773	9	0	0	6.5	27	0	0	0	27	0	0	7.25	27	0	0	0	27	0	0	0.649		99.9658	67.5034	0.361259	0	3.61383	0.131787	17.0298	2		0.0088623	12.0616	40.5069	0	0	0	
2024-06-14 10:17:22	929	1774	5	0	0	7.75	32	0	0	0	32	0	0	7.25	32	0	0	0	32	0	0	0.433		99.968	68.1146	0.475698	0	4.7585	0.225441	14.9493	2		0	12.0616	40.6368	0	0	0	
2024-06-14 10:22:59	972	1775	1	0	0	7.5	31	0	0	0	31	0	0	0.25	31	0	0	0	31	0	0	6.278		99.9657	67.938	0.037583	0	0.375959	0.828695	17.1261	1		0	12.0616	40.6368	0	0	0	
2024-06-14 10:20:06	950	1776	1	0	0	0.75	4	0	0	0	4	0	0	1	4	0	0	0	4	0	0	0.216		99.9669	67.8015	0.797326	0	7.9759	0.358761	12.5285	1		0.0088623	12.0616	40.6368	0	0	0	
2024-06-14 10:22:11	966	1777	1	0	0	5.5	23	0	0	0	23	0	0	2.25	23	0	0	0	23	0	0	2.814		99.9659	66.7562	0.103424	0	1.03459	0.0893395	21.1267	2		0.0088623	11.9552	40.6368	0	0	0	
2024-06-14 10:10:50	879	1778	5	0	0	4	17	0	0	0	17	0	0	6.75	17	0	0	0	17	0	0	2.381		99.9682	69.6801	0.084615	0	0.846419	0.248258	14.6251	1		0	12.0616	41.6764	0	0	0	
2024-06-14 10:09:52	871	1779	9	0	0	3	13	0	0	0	13	0	0	5.25	13	0	0	0	13	0	0	1.948		99.9707	70.8286	0.0996732	0	0.997024	0.0243569	14.0951	1		0	12.0616	41.9363	0	0	0	
2024-06-14 10:09:59	872	1780	5	0	0	3	13	0	0	0	13	0	0	4	13	0	0	0	13	0	0	0.866		99.9722	70.9903	0.243789	0	2.43856	0.260834	15.322	1		0	12.0616	41.6764	0	0	0	
2024-06-14 10:08:28	860	1781	5	0	0	2	9	0	0	0	9	0	0	7.25	9	0	0	0	9	0	0	4.546		99.9757	70.4127	0.0575852	0	0.575992	0.288887	19.0001	1		0.0088623	12.0616	42.4561	0	0	0	
2024-06-14 10:15:56	918	1782	9	0	0	7	29	0	0	0	29	0	0	7.5	29	0	0	0	29	0	0	0.433		99.9662	68.246	0.478481	0	4.78643	0.060569	15.037	2		0	12.0616	40.5069	0	0	0	
2024-06-14 10:15:41	916	1783	9	0	0	7	29	0	0	0	29	0	0	6.25	29	0	0	0	29	0	0	0.649		99.965	69.383	0.347839	0	3.4796	0.617589	16.3973	1		0	12.0439	40.7668	0	0	0	
2024-06-14 10:06:49	847	1784	5	0	0	1	5	0	0	0	5	0	0	5.75	5	0	0	0	5	0	0	4.113		99.9737	70.862	0.052772	0	0.527858	0.225052	15.754	1		0	12.0616	43.2357	0	0	0	
2024-06-14 10:06:27	844	1785	9	0	0	1	5	0	0	0	5	0	0	4.5	5	0	0	0	5	0	0	3.031		99.9795	71.5341	0.0702971	0	0.703116	0.115814	15.4623	1		0	12.0705	43.4956	0	0	0	
2024-06-14 10:14:02	904	1786	1	0	0	6	25	0	0	0	25	0	0	3.5	25	0	0	0	25	0	0	2.165		99.9616	68.9064	0.0892394	0	0.892736	0.109502	14.0231	1		0	12.0616	40.8967	0	0	0	
2024-06-14 10:12:04	889	1787	5	0	0	4	17	0	0	0	17	0	0	0	17	0	0	0	17	0	0	3.464		99.9678	68.9677	0.0610992	0	0.611188	0.0804588	15.3608	1		0	12.0616	41.2865	0	0	0	
2024-06-14 10:18:17	936	1788	5	0	0	7.75	32	0	0	0	32	0	0	2.5	32	0	0	0	32	0	0	4.546		99.968	68.4538	0.04555	0	0.455646	0.179733	15.0303	1		0	12.0616	40.6368	0	0	0	
2024-06-14 10:08:57	864	1789	5	0	0	2	9	0	0	0	9	0	0	2.5	9	0	0	0	9	0	0	0.433		99.9748	70.1683	0.464473	0	4.6459	0.275139	14.5955	1		0	12.0705	42.1962	0	0	0	
2024-06-14 10:15:41	916	1790	1	0	0	7	29	0	0	0	29	0	0	1	29	0	0	0	29	0	0	5.195		99.965	69.383	0.0464748	0	0.46491	0.488876	17.5267	1		0	12.0439	40.7668	0	0	0	
2024-06-14 10:04:51	832	1791	5	0	0	0	1	0	0	0	1	0	0	5.25	1	0	0	0	1	0	0	4.546		99.9735	73.7079	0.0509791	0	0.509926	0.383837	16.8208	1		0	12.0616	45.055	0	0	0	
2024-06-14 10:04:59	833	1792	5	0	0	0	1	0	0	0	1	0	0	4	1	0	0	0	1	0	0	3.464		99.9762	74.0053	0.0607436	0	0.60758	0.188758	15.2702	1		0	12.0705	44.7951	0	0	0	
2024-06-14 10:16:59	926	1793	1	0	0	7.75	32	0	0	0	32	0	0	1.75	32	0	0	0	32	0	0	5.195		99.9666	68.892	0.041311	0	0.413249	0.577246	15.5791	1		0	12.0705	40.6368	0	0	0	
2024-06-14 10:12:12	890	1794	5	0	0	5	21	0	0	0	21	0	0	6	21	0	0	0	21	0	0	0.866		99.9647	69.4826	0.254211	0	2.54301	0.857103	15.9782	1		0	12.0616	41.2865	0	0	0	
2024-06-14 10:12:19	891	1795	5	0	0	5	21	0	0	0	21	0	0	4.75	21	0	0	0	21	0	0	0.216		99.9667	69.6519	0.809062	0	8.09332	0.659037	12.713	1		0	12.0616	41.0267	0	0	0	
2024-06-14 10:10:07	873	1796	5	0	0	3	13	0	0	0	13	0	0	1.5	13	0	0	0	13	0	0	1.299		99.9769	70.9025	0.143337	0	1.43371	0.261453	13.5124	1		0	12.0616	41.6764	0	0	0	
2024-06-14 10:17:06	927	1797	5	0	0	7.75	32	0	0	0	32	0	0	6.5	32	0	0	0	32	0	0	1.082		99.9661	68.6125	0.193496	0	1.93562	0.578566	15.2023	1		0	12.0616	40.5069	0	0	0	
2024-06-14 10:19:12	943	1798	9	0	0	2.25	10	0	0	0	10	0	0	5.5	10	0	0	0	10	0	0	2.814		99.9631	68.9316	0.082269	0	0.822993	0.267399	16.8058	1		0	11.9464	40.5069	0	0	0	
2024-06-14 10:24:53	987	1799	1	0	0	3	13	0	0	4.75	13	0	0	1.25	13	0	0	6.5	13	0	0	0.908		99.9726	20.7374	0.0802174	0	0.802394	2.02524	8.82278	4		0	12.0616	40.7668	0	0	0	
2024-06-14 10:11:35	885	1800	5	0	0	4	17	0	0	0	17	0	0	6	17	0	0	0	17	0	0	1.732		99.9685	69.133	0.115522	0	1.15559	0.291349	14.5215	1		0	12.0616	41.4165	0	0	0	
2024-06-14 10:11:20	883	1801	9	0	0	4	17	0	0	0	17	0	0	4.75	17	0	0	0	17	0	0	0.649		99.9673	69.3714	0.354281	0	3.54397	0.341616	16.7006	1		0	12.0616	41.2865	0	0	0	
2024-06-14 10:05:43	839	1802	5	0	0	0	1	0	0	0	1	0	0	2.25	1	0	0	0	1	0	0	1.948		99.9735	72.1407	0.107443	0	1.07472	0.224677	15.1935	1		0.0088623	12.0616	44.1454	0	0	0	
2024-06-14 10:24:42	986	1803	1	0	0	3.25	14	0	0	4.5	14	0	0	2	14	0	0	5.75	14	0	0	0.649		99.9728	20.2335	0.179307	0	1.79356	0.0107428	14.0866	2		0	11.973	40.5069	0	0	0	
2024-06-14 10:10:28	876	1804	1	0	0	3	13	0	0	0	13	0	0	3.25	13	0	0	0	13	0	0	0.216		99.9686	70.6608	0.797186	0	7.97436	0.333626	12.5261	1		0.0088623	12.0616	41.6764	0	0	0	
2024-06-14 10:07:33	853	1805	9	0	0	2	9	0	0	0	9	0	0	7.75	9	0	0	0	9	0	0	4.979		99.9731	70.8944	0.0434589	0	0.434706	0.595727	15.7052	1		0	12.0616	42.9758	0	0	0	
2024-06-14 10:08:20	859	1806	9	0	0	2	9	0	0	0	9	0	0	6.5	9	0	0	0	9	0	0	3.897		99.9711	70.5767	0.055727	0	0.557431	0.0901566	15.761	1		0	12.0616	42.4561	0	0	0	
2024-06-14 10:16:14	920	1807	5	0	0	7	29	0	0	0	29	0	0	5.5	29	0	0	0	29	0	0	1.299		99.9646	68.6182	0.159438	0	1.59494	0.361519	15.032	1		0	12.0616	40.6368	0	0	0	
2024-06-14 10:15:34	915	1808	9	0	0	7	29	0	0	0	29	0	0	4.25	29	0	0	0	29	0	0	2.381		99.9633	70.5506	0.0832372	0	0.832678	0.0646373	14.3876	1		0.0088623	12.0616	40.6368	0	0	0	
2024-06-14 10:06:34	845	1809	9	0	0	1	5	0	0	0	5	0	0	5	5	0	0	0	5	0	0	3.464		99.9783	71.3118	0.063336	0	0.633497	0.0234097	15.9215	1		0	12.0616	43.4956	0	0	0	
2024-06-14 10:06:56	848	1810	1	0	0	1	5	0	0	0	5	0	0	3.75	5	0	0	0	5	0	0	2.381		99.9722	70.9844	0.080559	0	0.805813	0.107787	13.9235	1		0.0088623	12.0616	42.9758	0	0	0	
2024-06-14 10:14:09	905	1811	1	0	0	6	25	0	0	0	25	0	0	2.75	25	0	0	0	25	0	0	2.814		99.9598	68.9975	0.0716229	0	0.716517	0.305009	14.6315	1		0.0088623	12.0616	40.7668	0	0	0	
2024-06-14 10:12:19	891	1812	1	0	0	5	21	0	0	0	21	0	0	2.25	21	0	0	0	21	0	0	2.381		99.9667	69.6519	0.0806598	0	0.806866	0.166184	13.9416	1		0	12.0616	41.0267	0	0	0	
2024-06-14 10:15:56	918	1813	1	0	0	7	29	0	0	0	29	0	0	0.25	29	0	0	0	29	0	0	5.845		99.9662	68.246	0.0404002	0	0.404139	0.0961428	17.1401	2		0	12.0616	40.5069	0	0	0	
2024-06-14 10:04:21	829	1814	1	0	0	0	1	0	0	0	1	0	0	3.25	1	0	0	0	1	0	0	2.814		99.9732	76.3123	0.0694372	0	0.694558	0.0961623	14.1831	2		0.0088623	12.0793	45.3149	0	0	0	
2024-06-14 10:09:04	865	1815	9	0	0	3	13	0	0	0	13	0	0	7.25	13	0	0	0	13	0	0	3.68		99.9726	70.5561	0.0727798	0	0.727998	0.304822	19.4401	2		0	12.0616	42.1962	0	0	0	
2024-06-14 10:14:09	905	1816	5	0	0	6	25	0	0	0	25	0	0	6.75	25	0	0	0	25	0	0	0.649		99.9598	68.9975	0.363006	0	3.63152	0.552616	17.1131	1		0.0088623	12.0616	40.7668	0	0	0	
2024-06-14 10:18:32	938	1817	9	0	0	3.75	16	0	0	0	16	0	0	4	16	0	0	0	16	0	0	0.216		99.9647	68.1705	0.875587	0	8.75895	0.633964	13.7585	1		0	12.0616	40.5069	0	0	0	
2024-06-14 10:17:14	928	1818	1	0	0	7.75	32	0	0	0	32	0	0	1	32	0	0	0	32	0	0	5.845		99.966	68.6079	0.0379722	0	0.379851	0.31924	16.1101	1		0	12.0616	40.6368	0	0	0	
2024-06-14 10:13:00	896	1819	5	0	0	5	21	0	0	0	21	0	0	5.25	21	0	0	0	21	0	0	0.216		99.9631	69.1076	0.827734	0	8.2804	0.316822	13.0068	1		0	12.0616	41.1566	0	0	0	
2024-06-14 10:13:07	897	1820	5	0	0	5	21	0	0	0	21	0	0	4	21	0	0	0	21	0	0	0.866		99.9673	69.0337	0.251685	0	2.51768	0.387301	15.819	1		0	12.0616	40.8967	0	0	0	
2024-06-14 10:09:16	866	1821	1	0	0	3	13	0	0	0	13	0	0	0.75	13	0	0	0	13	0	0	1.948		99.9719	70.8682	0.094379	0	0.944056	0.363923	13.3463	1		0.0088623	12.0616	41.9363	0	0	0	
2024-06-14 10:07:03	849	1822	1	0	0	1	5	0	0	0	5	0	0	1.75	5	0	0	0	5	0	0	0.649		99.9729	70.6924	0.315478	0	3.15564	0.242703	14.8706	1		0	12.0616	43.1058	0	0	0	
2024-06-14 10:11:50	887	1823	5	0	0	4	17	0	0	0	17	0	0	2	17	0	0	0	17	0	0	1.732		99.9657	69.2847	0.109253	0	1.0929	0.11827	13.7338	1		0.0088623	12.0616	41.1566	0	0	0	
2024-06-14 10:17:54	933	1824	5	0	0	7.75	32	0	0	0	32	0	0	5.75	32	0	0	0	32	0	0	1.732		99.9685	68.4788	0.113168	0	1.13204	0.155447	14.2256	1		0	12.0616	40.6368	0	0	0	
2024-06-14 10:17:32	930	1825	9	0	0	7.75	32	0	0	0	32	0	0	4.5	32	0	0	0	32	0	0	2.814		99.9681	68.1824	0.0679741	0	0.679958	0.219208	13.885	1		0	12.0616	40.5069	0	0	0	
2024-06-14 10:20:45	955	1826	1	0	0	2.25	10	0	0	0	10	0	0	3.5	10	0	0	0	10	0	0	1.082		99.9661	68.8453	0.180985	0	1.81046	0.290101	14.2194	1		0	12.0616	40.6368	0	0	0	
2024-06-14 10:19:58	949	1827	9	0	0	0.25	2	0	0	0	2	0	0	7.5	2	0	0	0	2	0	0	6.278		99.967	68.215	0.0377668	0	0.377792	0.512003	17.2096	1		0	12.0616	40.5069	0	0	0	
2024-06-14 10:14:35	908	1828	1	0	0	6	25	0	0	0	25	0	0	1.75	25	0	0	0	25	0	0	3.68		99.9643	68.847	0.0638671	0	0.6389	0.935837	17.0609	1		0	12.0616	40.7668	0	0	0	
2024-06-14 10:11:28	884	1829	9	0	0	4	17	0	0	0	17	0	0	5.25	17	0	0	0	17	0	0	1.082		99.9672	69.3085	0.196223	0	1.96288	0.289068	15.4164	1		0.0088623	12.0616	41.4165	0	0	0	
2024-06-14 10:05:50	840	1830	1	0	0	0	1	0	0	0	1	0	0	1.5	1	0	0	0	1	0	0	1.299		99.9721	72.2705	0.14397	0	1.4401	0.171921	13.5726	1		0	12.0616	44.0154	0	0	0	
2024-06-14 10:10:35	877	1831	1	0	0	3	13	0	0	0	13	0	0	2.5	13	0	0	0	13	0	0	0.433		99.9686	70.74	0.465554	0	4.657	0.32	14.6304	1		0.0088623	12.0705	41.6764	0	0	0	
2024-06-14 10:08:20	859	1832	5	0	0	2	9	0	0	0	9	0	0	5.75	9	0	0	0	9	0	0	3.247		99.9711	70.5767	0.0657554	0	0.657743	0.0743554	15.4977	1		0	12.0616	42.4561	0	0	0	
2024-06-14 10:08:28	860	1833	9	0	0	2	9	0	0	0	9	0	0	4.5	9	0	0	0	9	0	0	2.165		99.9757	70.4127	0.0899515	0	0.899734	0.135129	14.133	1		0.0088623	12.0616	42.4561	0	0	0	
2024-06-14 10:16:22	921	1834	1	0	0	7	29	0	0	0	29	0	0	3.5	29	0	0	0	29	0	0	3.031		99.9653	68.7276	0.0653219	0	0.653446	0.0983459	14.37	1		0	12.0616	40.6368	0	0	0	
2024-06-14 10:07:26	852	1835	1	0	0	1	5	0	0	0	5	0	0	3	5	0	0	0	5	0	0	1.732		99.9771	70.4297	0.106706	0	1.0673	0.338133	13.4121	1		0	12.0616	42.9758	0	0	0	
2024-06-14 10:04:21	829	1836	9	0	0	0	1	0	0	0	1	0	0	7.25	1	0	0	0	1	0	0	6.278		99.9732	76.3123	0.0408886	0	0.408996	0.304969	18.631	2		0.0088623	12.0793	45.3149	0	0	0	
2024-06-14 10:12:34	893	1837	1	0	0	5	21	0	0	0	21	0	0	1.5	21	0	0	0	21	0	0	3.031		99.9651	68.866	0.0661249	0	0.66148	0.00419562	14.5467	2		0	12.0616	41.1566	0	0	0	
2024-06-14 10:08:36	861	1838	1	0	0	2	9	0	0	0	9	0	0	1.25	9	0	0	0	9	0	0	0.649		99.9734	70.4846	0.3064	0	3.06482	0.258361	14.4426	1		0.0088623	12.0616	42.4561	0	0	0	
2024-06-14 10:23:13	974	1839	1	0	0	1.5	7	0	0	0	7	0	0	0.25	7	0	0	0	7	0	0	1.082		99.9697	66.8506	0.177972	0	1.78026	0.202911	13.9821	1		0	12.0616	40.7668	0	0	0	
2024-06-14 10:05:13	835	1840	1	0	0	0	1	0	0	0	1	0	0	2.5	1	0	0	0	1	0	0	2.165		99.9767	73.2172	0.0890375	0	0.890582	0.00410729	13.9892	1		0.0088623	12.0616	44.5352	0	0	0	
2024-06-14 10:22:30	968	1841	1	0	0	6.25	26	0	0	0	26	0	0	1.5	26	0	0	0	26	0	0	4.113		99.9691	67.7758	0.0567798	0	0.567974	0.824124	16.9513	1		0	12.0616	40.6368	0	0	0	
2024-06-14 10:24:11	982	1842	9	0	0	7.25	30	0	0	0	30	0	0	6.5	30	0	0	0	30	0	0	0.649		99.9664	67.8186	0.33863	0	3.38744	0.756607	15.9629	1		0.0088623	12.0616	40.7668	0	0	0	
2024-06-14 10:09:23	867	1843	5	0	0	3	13	0	0	0	13	0	0	7.75	13	0	0	0	13	0	0	4.113		99.969	70.8407	0.0501601	0	0.501757	0.14405	14.975	1		0	12.0616	41.9363	0	0	0	
2024-06-14 10:09:30	868	1844	5	0	0	3	13	0	0	0	13	0	0	6.5	13	0	0	0	13	0	0	3.031		99.9714	70.8789	0.0691476	0	0.691674	0.405056	15.2107	1		0.0088623	11.9552	42.0662	0	0	0	
2024-06-14 10:05:57	841	1845	5	0	0	1	5	0	0	0	5	0	0	7	5	0	0	0	5	0	0	5.195		99.973	70.5754	0.04566	0	0.456723	0.111668	17.2181	4		0.0088623	12.0616	43.7555	0	0	0	
2024-06-14 10:14:27	907	1846	5	0	0	6	25	0	0	0	25	0	0	4.75	25	0	0	0	25	0	0	1.082		99.9639	68.5477	0.198313	0	1.98385	0.355759	15.5811	1		0	11.9552	40.8967	0	0	0	
2024-06-14 10:17:32	930	1847	1	0	0	7.75	32	0	0	0	32	0	0	0.25	32	0	0	0	32	0	0	6.494		99.9681	68.1824	0.0339245	0	0.339354	0.297491	15.9917	1		0	12.0616	40.5069	0	0	0	
2024-06-14 10:13:36	901	1848	5	0	0	5	21	0	0	0	21	0	0	3.25	21	0	0	0	21	0	0	1.515		99.9636	69.0083	0.126379	0	1.26425	0.255557	13.9012	1		0	12.0616	41.0267	0	0	0	
2024-06-14 10:09:30	868	1849	1	0	0	3	13	0	0	0	13	0	0	0	13	0	0	0	13	0	0	2.598		99.9714	70.8789	0.0769946	0	0.770167	0.109388	14.5173	1		0.0088623	11.9552	42.0662	0	0	0	
2024-06-14 10:18:40	939	1850	9	0	0	3.5	15	0	0	0	15	0	0	4.25	15	0	0	0	15	0	0	0.649		99.9654	68.4754	0.340586	0	3.40704	0.424923	16.0553	1		0	12.0616	40.6368	0	0	0	
2024-06-14 10:11:50	887	1851	1	0	0	4	17	0	0	0	17	0	0	1.25	17	0	0	0	17	0	0	2.381		99.9657	69.2847	0.0802815	0	0.80309	0.243783	13.8764	1		0.0088623	12.0616	41.1566	0	0	0	
2024-06-14 10:17:48	932	1852	9	0	0	7.75	32	0	0	0	32	0	0	5	32	0	0	0	32	0	0	2.381		99.9695	68.6054	0.0797873	0	0.798116	0.210762	13.7905	1		0	12.0616	40.6368	0	0	0	
2024-06-14 10:17:48	932	1853	1	0	0	7.75	32	0	0	0	32	0	0	3.75	32	0	0	0	32	0	0	3.464		99.9695	68.6054	0.0557482	0	0.557652	0.224285	14.0153	1		0	12.0616	40.6368	0	0	0	
2024-06-14 10:25:46	992	1854	1	0	0	1.25	6	0	0	6.5	6	0	0	3	6	0	0	4.75	6	0	0	0.908		99.9691	20.1119	0.099439	0	0.994697	0.21648	10.9373	2		0	12.0616	40.6368	0	0	0	
2024-06-14 10:14:49	910	1855	5	0	0	6	25	0	0	0	25	0	0	1	25	0	0	0	25	0	0	4.33		99.9638	68.8338	0.0574471	0	0.57468	0.1664	18.0541	1		0	12.0616	40.8967	0	0	0	
2024-06-14 10:11:05	881	1856	1	0	0	4	17	0	0	0	17	0	0	3.25	17	0	0	0	17	0	0	0.649		99.9693	69.3979	0.341171	0	3.41275	0.336928	16.0822	1		0	11.9552	41.5464	0	0	0	
2024-06-14 10:05:28	837	1857	1	0	0	0	1	0	0	0	1	0	0	0.75	1	0	0	0	1	0	0	0.649		99.9713	72.9149	0.322219	0	3.22311	0.195875	15.1886	1		0	12.0616	44.2753	0	0	0	
2024-06-14 10:25:15	989	1858	1	0	0	3.5	15	0	0	4.25	15	0	0	3.75	15	0	0	4	15	0	0	0.13		99.9707	19.3058	0.572939	0	5.73107	0.34843	9.00235	2		0	12.0616	40.7668	0	0	0	
2024-06-14 10:08:06	857	1859	5	0	0	2	9	0	0	0	9	0	0	5	9	0	0	0	9	0	0	2.598		99.9728	70.6314	0.0776176	0	0.776387	0.133336	14.6346	1		0.0088623	12.0616	42.4561	0	0	0	
2024-06-14 10:08:13	858	1860	1	0	0	2	9	0	0	0	9	0	0	3.75	9	0	0	0	9	0	0	1.515		99.9719	70.6831	0.131235	0	1.31272	0.295043	14.4341	1		0	12.0616	42.4561	0	0	0	
2024-06-14 10:16:14	920	1861	1	0	0	7	29	0	0	0	29	0	0	2.75	29	0	0	0	29	0	0	3.68		99.9646	68.6182	0.0558173	0	0.55837	0.0402793	14.9105	1		0	12.0616	40.6368	0	0	0	
2024-06-14 10:16:29	922	1862	5	0	0	7	29	0	0	0	29	0	0	2.25	29	0	0	0	29	0	0	4.113		99.9667	68.695	0.0516318	0	0.51649	0.153237	15.4147	1		0	12.0616	40.6368	0	0	0	
2024-06-14 10:04:37	830	1863	9	0	0	0	1	0	0	0	1	0	0	7.75	1	0	0	0	1	0	0	6.711		99.9775	74.9151	0.0352881	0	0.35296	0.754433	17.1873	1		0.0088623	12.0616	45.1849	0	0	0	
2024-06-14 10:05:13	835	1864	5	0	0	0	1	0	0	0	1	0	0	6.5	1	0	0	0	1	0	0	5.628		99.9767	73.2172	0.0419324	0	0.419421	0.31737	17.1295	1		0.0088623	12.0616	44.5352	0	0	0	
2024-06-14 10:12:52	895	1865	1	0	0	5	21	0	0	0	21	0	0	0.75	21	0	0	0	21	0	0	3.68		99.9625	69.1655	0.0590259	0	0.59048	0.0733023	15.7679	1		0	12.0616	41.1566	0	0	0	
2024-06-14 10:12:34	893	1866	9	0	0	5	21	0	0	0	21	0	0	7.25	21	0	0	0	21	0	0	1.948		99.9651	68.866	0.125018	0	1.25061	0.230184	17.6802	2		0	12.0616	41.1566	0	0	0	
2024-06-14 10:24:04	981	1867	9	0	0	5.75	24	0	0	0	24	0	0	4	24	0	0	0	24	0	0	1.515		99.9657	67.7553	0.131337	0	1.31382	0.355168	14.4462	1		0	12.0616	40.6368	0	0	0	
2024-06-14 10:20:59	957	1868	9	0	0	4.5	19	0	0	0	19	0	0	5.25	19	0	0	0	19	0	0	0.649		99.9672	68.0331	0.339765	0	3.39877	0.406634	16.0163	1		0	12.0616	40.5069	0	0	0	
2024-06-14 10:25:25	990	1869	1	0	0	2.75	12	0	0	5	12	0	0	3.5	12	0	0	4.25	12	0	0	0.389		99.9721	20.7544	0.330043	0	3.30135	1.11427	15.5572	4		0	12.0616	40.7668	0	0	0	
2024-06-14 10:08:50	863	1870	1	0	0	2	9	0	0	0	9	0	0	0.5	9	0	0	0	9	0	0	1.299		99.9711	70.2262	0.143939	0	1.43981	0.244934	13.5698	1		0	12.0616	42.1962	0	0	0	
2024-06-14 10:19:47	948	1871	9	0	0	0.5	3	0	0	0	3	0	0	7.25	3	0	0	0	3	0	0	5.845		99.9667	67.5403	0.100867	0	1.00901	0.212824	42.7936	2		0	11.9464	40.3769	0	0	0	
2024-06-14 10:10:58	880	1872	5	0	0	4	17	0	0	0	17	0	0	7.25	17	0	0	0	17	0	0	2.814		99.9655	69.7183	0.0816963	0	0.817245	0.800169	16.6884	1		0	12.0616	41.4165	0	0	0	
2024-06-14 10:09:30	868	1873	9	0	0	3	13	0	0	0	13	0	0	5.75	13	0	0	0	13	0	0	2.381		99.9714	70.8789	0.0813252	0	0.813485	0.0477448	14.056	1		0.0088623	11.9552	42.0662	0	0	0	
2024-06-14 10:09:37	869	1874	5	0	0	3	13	0	0	0	13	0	0	4.5	13	0	0	0	13	0	0	1.299		99.9726	70.862	0.151578	0	1.51619	0.231895	14.2898	1		0	12.0616	41.6764	0	0	0	
2024-06-14 10:15:34	915	1875	5	0	0	7	29	0	0	0	29	0	0	6.75	29	0	0	0	29	0	0	0.216		99.9633	70.5506	0.820881	0	8.21183	0.899018	12.8991	1		0.0088623	12.0616	40.6368	0	0	0	
2024-06-14 10:06:12	842	1876	5	0	0	1	5	0	0	0	5	0	0	7.5	5	0	0	0	5	0	0	5.628		99.9756	73.0598	0.0422437	0	0.422541	0.272065	17.2569	1		0.0088623	12.0616	43.7555	0	0	0	
2024-06-14 10:06:20	843	1877	9	0	0	1	5	0	0	0	5	0	0	6.25	5	0	0	0	5	0	0	4.546		99.9754	71.9101	0.053365	0	0.533781	0.448697	17.6077	1		0	12.0616	43.7555	0	0	0	
2024-06-14 10:14:09	905	1878	9	0	0	6	25	0	0	0	25	0	0	5.25	25	0	0	0	25	0	0	0.649		99.9598	68.9975	0.34647	0	3.4661	0.600086	16.3336	1		0.0088623	12.0616	40.7668	0	0	0	
2024-06-14 10:13:44	902	1879	9	0	0	6	25	0	0	0	25	0	0	4	25	0	0	0	25	0	0	1.732		99.9664	69.2905	0.113792	0	1.13831	0.539204	14.3044	1		0	12.0616	41.0267	0	0	0	
2024-06-14 10:13:14	898	1880	5	0	0	5	21	0	0	0	21	0	0	2.5	21	0	0	0	21	0	0	2.165		99.962	69.1051	0.0941879	0	0.942238	0.117512	14.8006	1		0	12.0616	41.0267	0	0	0	
2024-06-14 10:06:27	844	1881	1	0	0	1	5	0	0	0	5	0	0	0.25	5	0	0	0	5	0	0	0.649		99.9795	71.5341	0.323325	0	3.23391	0.30434	15.2395	1		0	12.0705	43.4956	0	0	0	
2024-06-14 10:11:57	888	1882	5	0	0	4	17	0	0	0	17	0	0	0.5	17	0	0	0	17	0	0	3.031		99.9694	69.0193	0.0667891	0	0.668096	0.432022	14.6922	1		0	12.0616	41.2865	0	0	0	
2024-06-14 10:18:25	937	1883	1	0	0	7.75	32	0	0	0	32	0	0	3	32	0	0	0	32	0	0	4.113		99.9676	68.449	0.0480094	0	0.48025	0.239452	14.3331	1		0	12.0616	40.6368	0	0	0	
2024-06-14 10:15:12	913	1884	1	0	0	6	25	0	0	0	25	0	0	0.25	25	0	0	0	25	0	0	4.979		99.961	68.5684	0.0468938	0	0.469121	0.198091	16.9486	1		0	12.0705	40.6368	0	0	0	
2024-06-14 10:22:02	965	1885	1	0	0	5.25	22	0	0	0	22	0	0	2.5	22	0	0	0	22	0	0	2.381		99.9663	67.4384	0.128386	0	1.28429	0.141182	22.191	2		0	12.0616	40.6368	0	0	0	
2024-06-14 10:11:20	883	1886	1	0	0	4	17	0	0	0	17	0	0	2.5	17	0	0	0	17	0	0	1.299		99.9673	69.3714	0.150119	0	1.50168	0.507335	14.153	1		0	12.0616	41.2865	0	0	0	
2024-06-14 10:08:43	862	1887	1	0	0	2	9	0	0	0	9	0	0	3	9	0	0	0	9	0	0	0.866		99.9737	70.3815	0.232915	0	2.32976	0.231546	14.6383	1		0	12.0616	42.1962	0	0	0	
2024-06-14 10:15:49	917	1888	1	0	0	7	29	0	0	0	29	0	0	1.5	29	0	0	0	29	0	0	4.762		99.9639	68.8519	0.047729	0	0.477462	0.10818	16.4999	1		0	12.0616	40.7668	0	0	0	
2024-06-14 10:05:06	834	1889	5	0	0	0	1	0	0	0	1	0	0	5.75	1	0	0	0	1	0	0	4.979		99.9726	73.2099	0.0464485	0	0.464613	0.0964336	16.7857	1		0	12.0705	44.6651	0	0	0	
2024-06-14 10:04:37	830	1890	5	0	0	0	1	0	0	0	1	0	0	4.5	1	0	0	0	1	0	0	3.897		99.9775	74.9151	0.0544426	0	0.544549	0.510087	15.3967	1		0.0088623	12.0616	45.1849	0	0	0	
2024-06-14 10:13:14	898	1891	1	0	0	5	21	0	0	0	21	0	0	0	21	0	0	0	21	0	0	4.33		99.962	69.1051	0.0512811	0	0.513006	0.0213903	16.1165	1		0	12.0616	41.0267	0	0	0	
2024-06-14 10:17:54	933	1892	1	0	0	7.75	32	0	0	0	32	0	0	2.25	32	0	0	0	32	0	0	4.762		99.9685	68.4788	0.0425819	0	0.425953	0.129951	14.7199	1		0	12.0616	40.6368	0	0	0	
2024-06-14 10:13:00	896	1893	9	0	0	5	21	0	0	0	21	0	0	7.75	21	0	0	0	21	0	0	2.381		99.9631	69.1076	0.0824256	0	0.82456	0.162592	14.2474	1		0	12.0616	41.1566	0	0	0	
2024-06-14 10:12:19	891	1894	9	0	0	5	21	0	0	0	21	0	0	6.5	21	0	0	0	21	0	0	1.299		99.9667	69.6519	0.162514	0	1.62568	0.226768	15.3216	1		0	12.0616	41.0267	0	0	0	
2024-06-14 10:09:45	870	1895	1	0	0	3	13	0	0	0	13	0	0	2	13	0	0	0	13	0	0	0.866		99.9712	71.0634	0.231486	0	2.31553	0.390548	14.5489	1		0.0088623	12.0616	41.8063	0	0	0	
2024-06-14 10:21:46	963	1896	1	0	0	4.5	19	0	0	0	19	0	0	3.25	19	0	0	0	19	0	0	1.082		99.9695	67.9572	0.190279	0	1.90338	0.571083	14.9491	1		0.0088623	12.0616	40.6368	0	0	0	
2024-06-14 10:17:14	928	1897	9	0	0	7.75	32	0	0	0	32	0	0	7	32	0	0	0	32	0	0	0.649		99.966	68.6079	0.342026	0	3.42142	0.841451	16.1231	1		0	12.0616	40.6368	0	0	0	
2024-06-14 10:23:57	980	1898	9	0	0	5.5	23	0	0	0	23	0	0	4.25	23	0	0	0	23	0	0	1.082		99.965	67.5065	0.194987	0	1.95055	0.408341	15.3196	1		0	12.0616	40.6368	0	0	0	
2024-06-14 10:22:44	970	1899	1	0	0	6.75	28	0	0	0	28	0	0	1	28	0	0	0	28	0	0	4.979		99.963	67.7494	0.0517042	0	0.517234	0.479643	18.6868	1		0.0088623	12.0705	40.6368	0	0	0	
2024-06-14 10:21:07	958	1900	9	0	0	4.25	18	0	0	0	18	0	0	5.5	18	0	0	0	18	0	0	1.082		99.9646	68.1058	0.195572	0	1.95642	0.238366	15.3657	1		0.0088623	12.0616	40.6368	0	0	0	
2024-06-14 10:11:12	882	1901	9	0	0	4	17	0	0	0	17	0	0	7.75	17	0	0	0	17	0	0	3.247		99.9703	69.346	0.0615877	0	0.61606	0.0173491	14.5156	1		0	12.0616	41.2865	0	0	0	
2024-06-14 10:10:43	878	1902	5	0	0	4	17	0	0	0	17	0	0	6.5	17	0	0	0	17	0	0	2.165		99.9673	69.62	0.092377	0	0.924072	0.218365	14.5153	1		0	12.0616	41.6764	0	0	0	
2024-06-14 10:09:37	869	1903	1	0	0	3	13	0	0	0	13	0	0	5	13	0	0	0	13	0	0	1.732		99.9726	70.862	0.111218	0	1.11249	0.140878	13.9799	1		0	12.0616	41.6764	0	0	0	
2024-06-14 10:10:14	874	1904	5	0	0	3	13	0	0	0	13	0	0	3.75	13	0	0	0	13	0	0	0.649		99.9736	70.6646	0.33026	0	3.30347	0.42925	15.5673	1		0	11.9552	41.5464	0	0	0	
2024-06-14 10:07:58	856	1905	5	0	0	2	9	0	0	0	9	0	0	7	9	0	0	0	9	0	0	4.33		99.9692	70.8775	0.0505256	0	0.505412	0.167921	15.878	1		0.0088623	12.0616	42.586	0	0	0	
2024-06-14 10:15:19	914	1906	5	0	0	7	29	0	0	0	29	0	0	6	29	0	0	0	29	0	0	0.866		99.9644	67.7555	0.253647	0	2.53738	2.08998	15.9428	4		0	12.0616	40.6368	0	0	0	
2024-06-14 10:16:14	920	1907	9	0	0	7	29	0	0	0	29	0	0	4.75	29	0	0	0	29	0	0	1.948		99.9646	68.6182	0.102143	0	1.02179	0.209091	14.4452	1		0	12.0616	40.6368	0	0	0	
2024-06-14 10:06:49	847	1908	9	0	0	1	5	0	0	0	5	0	0	5.5	5	0	0	0	5	0	0	3.897		99.9737	70.862	0.0612474	0	0.612635	0.134831	17.3218	1		0	12.0616	43.2357	0	0	0	
2024-06-14 10:06:41	846	1909	9	0	0	1	5	0	0	0	5	0	0	4.25	5	0	0	0	5	0	0	2.814		99.9764	70.9943	0.072476	0	0.724932	0.118847	14.8034	1		0.0088623	12.0616	43.1058	0	0	0	
2024-06-14 10:13:44	902	1910	1	0	0	6	25	0	0	0	25	0	0	3.25	25	0	0	0	25	0	0	2.381		99.9664	69.2905	0.0826388	0	0.826666	0.387006	14.2838	1		0	12.0616	41.0267	0	0	0	
2024-06-14 10:20:23	952	1911	1	0	0	0.25	2	0	0	0	2	0	0	1.5	2	0	0	0	2	0	0	1.082		99.9648	67.5159	0.175712	0	1.75774	0.876466	13.8052	1		0	12.0616	40.5069	0	0	0	
2024-06-14 10:16:06	919	1912	1	0	0	7	29	0	0	0	29	0	0	0.75	29	0	0	0	29	0	0	5.412		99.9667	68.4161	0.043997	0	0.440116	0.468686	17.2833	1		0	12.0616	40.6368	0	0	0	
2024-06-14 10:05:13	835	1913	9	0	0	0	1	0	0	0	1	0	0	5	1	0	0	0	1	0	0	4.33		99.9767	73.2172	0.0508785	0	0.508904	0.196827	15.9877	1		0.0088623	12.0616	44.5352	0	0	0	
2024-06-14 10:04:59	833	1914	1	0	0	0	1	0	0	0	1	0	0	3.75	1	0	0	0	1	0	0	3.247		99.9762	74.0053	0.0625112	0	0.625261	0.224126	14.7324	1		0	12.0705	44.7951	0	0	0	
2024-06-14 10:24:18	983	1915	9	0	0	7.5	31	0	0	0	31	0	0	6.25	31	0	0	0	31	0	0	1.082		99.9708	67.3854	0.191891	0	1.91947	0.0621255	15.0755	2		0	11.9552	40.6368	0	0	0	
2024-06-14 10:21:32	961	1916	9	0	0	6.25	26	0	0	0	26	0	0	7.5	26	0	0	0	26	0	0	1.082		99.9647	67.8274	0.191503	0	1.9157	0.260076	15.0459	1		0	12.0616	40.6368	0	0	0	
2024-06-14 10:14:16	906	1917	5	0	0	6	25	0	0	0	25	0	0	7.25	25	0	0	0	25	0	0	1.082		99.9619	68.2902	0.25169	0	2.51786	0.626533	19.7753	2		0	12.0616	40.8967	0	0	0	
2024-06-14 10:17:06	927	1918	1	0	0	7.75	32	0	0	0	32	0	0	1.5	32	0	0	0	32	0	0	5.412		99.9661	68.6125	0.0391444	0	0.391576	0.186142	15.3772	1		0	12.0616	40.5069	0	0	0	
2024-06-14 10:12:12	890	1919	9	0	0	5	21	0	0	0	21	0	0	5.75	21	0	0	0	21	0	0	0.649		99.9647	69.4826	0.345711	0	3.45833	0.834615	16.297	1		0	12.0616	41.2865	0	0	0	
2024-06-14 10:12:34	893	1920	5	0	0	5	21	0	0	0	21	0	0	4.5	21	0	0	0	21	0	0	0.433		99.9651	68.866	0.493807	0	4.93979	0.0489699	15.5188	2		0	12.0616	41.1566	0	0	0	
2024-06-14 10:09:59	872	1921	1	0	0	3	13	0	0	0	13	0	0	1.25	13	0	0	0	13	0	0	1.515		99.9722	70.9903	0.12144	0	1.21474	0.125424	13.3568	1		0	12.0616	41.6764	0	0	0	
2024-06-14 10:07:18	851	1922	5	0	0	1	5	0	0	0	5	0	0	2.25	5	0	0	0	5	0	0	1.082		99.9729	70.5428	0.174407	0	1.74455	0.208802	13.7016	1		0.0088623	12.0616	42.9758	0	0	0	
2024-06-14 10:20:13	951	1923	1	0	0	0.5	3	0	0	0	3	0	0	1.25	3	0	0	0	3	0	0	0.649		99.9672	67.5374	0.327644	0	3.27751	0.0302752	15.4449	2		0	11.9552	40.6368	0	0	0	
2024-06-14 10:19:02	942	1924	9	0	0	2.5	11	0	0	0	11	0	0	5.25	11	0	0	0	11	0	0	2.381		99.9657	68.3373	0.09309	0	0.93122	0.517782	16.0903	2		0	12.0616	40.6368	0	0	0	
2024-06-14 10:17:32	930	1925	5	0	0	7.75	32	0	0	0	32	0	0	7.5	32	0	0	0	32	0	0	0.216		99.9681	68.1824	0.870939	0	8.71217	0.452321	13.685	1		0	12.0616	40.5069	0	0	0	
2024-06-14 10:16:59	926	1926	5	0	0	7.75	32	0	0	0	32	0	0	6.25	32	0	0	0	32	0	0	1.299		99.9666	68.892	0.157057	0	1.5711	0.760749	14.8072	1		0	12.0705	40.6368	0	0	0	
2024-06-14 10:21:38	962	1927	1	0	0	4.25	18	0	0	0	18	0	0	3.5	18	0	0	0	18	0	0	0.649		99.9685	67.6958	0.342617	0	3.42725	0.309203	16.1505	1		0	11.9552	40.6368	0	0	0	
2024-06-14 10:15:04	912	1928	1	0	0	6	25	0	0	0	25	0	0	2.25	25	0	0	0	25	0	0	3.247		99.9622	68.6293	0.0643489	0	0.643733	0.132739	15.1676	1		0	12.0616	40.8967	0	0	0	
2024-06-14 10:23:49	979	1929	9	0	0	5.25	22	0	0	0	22	0	0	4.5	22	0	0	0	22	0	0	0.649		99.9682	67.6717	0.338392	0	3.38499	0.526771	15.9514	1		0	12.0705	40.6368	0	0	0	
2024-06-14 10:11:05	881	1930	9	0	0	4	17	0	0	0	17	0	0	5.75	17	0	0	0	17	0	0	1.515		99.9693	69.3979	0.132355	0	1.32395	0.146506	14.5576	1		0	11.9552	41.5464	0	0	0	
2024-06-14 10:10:50	879	1931	9	0	0	4	17	0	0	0	17	0	0	4.5	17	0	0	0	17	0	0	0.433		99.9682	69.6801	0.532506	0	5.32675	0.363353	16.7345	1		0	12.0616	41.6764	0	0	0	
2024-06-14 10:05:21	836	1932	1	0	0	0	1	0	0	0	1	0	0	2	1	0	0	0	1	0	0	1.732		99.975	72.8818	0.136177	0	1.36211	0.16143	17.1167	1		0.0088623	12.0616	44.4052	0	0	0	
2024-06-14 10:08:13	858	1933	5	0	0	2	9	0	0	0	9	0	0	7.5	9	0	0	0	9	0	0	4.762		99.9719	70.6831	0.0470918	0	0.471051	0.532625	16.2783	1		0	12.0616	42.4561	0	0	0	
2024-06-14 10:07:40	854	1934	9	0	0	2	9	0	0	0	9	0	0	6.25	9	0	0	0	9	0	0	3.68		99.9723	70.7162	0.0588385	0	0.588548	0.0422762	15.7163	1		0	12.0616	42.8459	0	0	0	
2024-06-14 10:16:06	919	1935	9	0	0	7	29	0	0	0	29	0	0	5.25	29	0	0	0	29	0	0	1.515		99.9667	68.4161	0.133057	0	1.33101	0.183747	14.6352	1		0	12.0616	40.6368	0	0	0	
2024-06-14 10:15:49	917	1936	9	0	0	7	29	0	0	0	29	0	0	4	29	0	0	0	29	0	0	2.598		99.9639	68.8519	0.0761058	0	0.761333	0.111821	14.3508	1		0	12.0616	40.7668	0	0	0	
2024-06-14 10:07:10	850	1937	1	0	0	1	5	0	0	0	5	0	0	3.5	5	0	0	0	5	0	0	2.165		99.975	70.506	0.0853854	0	0.854068	0.145154	13.4157	1		0	12.0616	43.1058	0	0	0	
2024-06-14 10:14:16	906	1938	1	0	0	6	25	0	0	0	25	0	0	2.5	25	0	0	0	25	0	0	3.031		99.9619	68.2902	0.0747481	0	0.747766	0.00836997	16.4442	2		0	12.0616	40.8967	0	0	0	
2024-06-14 10:23:42	978	1939	1	0	0	3.75	16	0	0	0	16	0	0	2	16	0	0	0	16	0	0	1.515		99.9696	67.7063	0.130419	0	1.30459	0.114688	14.3447	1		0	12.0616	40.7668	0	0	0	
2024-06-14 10:12:12	890	1940	1	0	0	5	21	0	0	0	21	0	0	2	21	0	0	0	21	0	0	2.598		99.9647	69.4826	0.0773209	0	0.773482	0.409331	14.5798	1		0	12.0616	41.2865	0	0	0	
2024-06-14 10:08:36	861	1941	5	0	0	2	9	0	0	0	9	0	0	1.75	9	0	0	0	9	0	0	0.216		99.9734	70.4846	0.773734	0	7.7394	0.234155	12.157	1		0.0088623	12.0616	42.4561	0	0	0	
2024-06-14 10:15:19	914	1942	1	0	0	7	29	0	0	0	29	0	0	0	29	0	0	0	29	0	0	6.061		99.9644	67.7555	0.0402934	0	0.403078	0.181506	17.7283	4		0	12.0616	40.6368	0	0	0	
2024-06-14 10:04:44	831	1943	1	0	0	0	1	0	0	0	1	0	0	3	1	0	0	0	1	0	0	2.598		99.9766	74.1957	0.0762027	0	0.762205	0.446343	14.3672	1		0	12.0705	44.925	0	0	0	
2024-06-14 10:09:04	865	1944	5	0	0	3	13	0	0	0	13	0	0	7	13	0	0	0	13	0	0	3.464		99.9726	70.5561	0.0600001	0	0.600166	0.00553343	15.0838	2		0	12.0616	42.1962	0	0	0	
2024-06-14 10:14:42	909	1945	5	0	0	6	25	0	0	0	25	0	0	7.75	25	0	0	0	25	0	0	1.515		99.9635	68.7786	0.136759	0	1.36809	0.121705	15.0429	1		0.0088623	12.0616	40.6368	0	0	0	
2024-06-14 10:14:02	904	1946	9	0	0	6	25	0	0	0	25	0	0	6.5	25	0	0	0	25	0	0	0.433		99.9616	68.9064	0.537452	0	5.37658	0.561046	16.891	1		0	12.0616	40.8967	0	0	0	
2024-06-14 10:17:22	929	1947	1	0	0	7.75	32	0	0	0	32	0	0	0.75	32	0	0	0	32	0	0	6.061		99.968	68.1146	0.0364574	0	0.36469	0.325877	16.0399	2		0	12.0616	40.6368	0	0	0	
2024-06-14 10:13:22	899	1948	5	0	0	5	21	0	0	0	21	0	0	3.75	21	0	0	0	21	0	0	1.082		99.9637	69.2704	0.190752	0	1.90821	0.266786	14.987	1		0	12.0616	41.0267	0	0	0	
2024-06-14 10:10:21	875	1949	1	0	0	3	13	0	0	0	13	0	0	0.5	13	0	0	0	13	0	0	2.165		99.9693	70.9337	0.0874927	0	0.875196	0.0836615	13.7475	1		0.0088623	12.0616	41.6764	0	0	0	
2024-06-14 10:06:20	843	1950	1	0	0	1	5	0	0	0	5	0	0	1.5	5	0	0	0	5	0	0	0.433		99.9754	71.9101	0.473876	0	4.73993	0.270008	14.8909	1		0	12.0616	43.7555	0	0	0	
2024-06-14 10:25:40	991	1951	1	0	0	2	9	0	0	5.75	9	0	0	3.25	9	0	0	4.5	9	0	0	0.649		99.9712	20.2355	0.174304	0	1.74354	0.979476	13.6938	1		0.0088623	12.0616	40.6368	0	0	0	
2024-06-14 10:11:35	885	1952	1	0	0	4	17	0	0	0	17	0	0	1.75	17	0	0	0	17	0	0	1.948		99.9685	69.133	0.0964594	0	0.964897	0.255562	13.6409	1		0	12.0616	41.4165	0	0	0	
2024-06-14 10:20:38	954	1953	1	0	0	2.5	11	0	0	0	11	0	0	3.25	11	0	0	0	11	0	0	0.649		99.9647	68.5706	0.319113	0	3.19226	0.564847	15.0432	1		0.0088623	12.0616	40.6368	0	0	0	
2024-06-14 10:17:40	931	1954	9	0	0	7.75	32	0	0	0	32	0	0	5.5	32	0	0	0	32	0	0	1.948		99.9655	68.4485	0.0998838	0	0.999183	0.363151	14.1256	1		0	12.0616	40.6368	0	0	0	
2024-06-14 10:17:06	927	1955	9	0	0	7.75	32	0	0	0	32	0	0	4.25	32	0	0	0	32	0	0	3.031		99.9661	68.6125	0.0636357	0	0.636572	0.302444	13.999	1		0	12.0616	40.5069	0	0	0	
2024-06-14 10:14:49	910	1956	1	0	0	6	25	0	0	0	25	0	0	1.5	25	0	0	0	25	0	0	3.897		99.9638	68.8338	0.0565041	0	0.565246	0.313533	15.982	1		0	12.0616	40.8967	0	0	0	
2024-06-14 10:11:28	884	1957	5	0	0	4	17	0	0	0	17	0	0	5	17	0	0	0	17	0	0	0.866		99.9672	69.3085	0.253215	0	2.53298	0.257935	15.9152	1		0.0088623	12.0616	41.4165	0	0	0	
2024-06-14 10:10:43	878	1958	1	0	0	4	17	0	0	0	17	0	0	3.75	17	0	0	0	17	0	0	0.216		99.9673	69.62	0.870734	0	8.71019	0.859555	13.6819	1		0	12.0616	41.6764	0	0	0	
2024-06-14 10:05:28	837	1959	5	0	0	0	1	0	0	0	1	0	0	1.25	1	0	0	0	1	0	0	1.082		99.9713	72.9149	0.176516	0	1.76567	0.153794	13.8675	1		0	12.0616	44.2753	0	0	0	
2024-06-14 10:07:48	855	1960	5	0	0	2	9	0	0	0	9	0	0	5.5	9	0	0	0	9	0	0	3.031		99.9743	70.4312	0.112737	0	1.12766	0.36634	24.7985	2		0	12.0616	42.7159	0	0	0	
2024-06-14 10:08:13	858	1961	9	0	0	2	9	0	0	0	9	0	0	4.25	9	0	0	0	9	0	0	1.948		99.9719	70.6831	0.100574	0	1.00602	0.107796	14.2223	1		0	12.0616	42.4561	0	0	0	
2024-06-14 10:16:36	923	1962	1	0	0	7	29	0	0	0	29	0	0	3.25	29	0	0	0	29	0	0	3.247		99.9655	68.4992	0.0617149	0	0.617362	0.123213	14.5463	1		0	12.0616	40.6368	0	0	0	
2024-06-14 10:06:41	846	1963	1	0	0	1	5	0	0	0	5	0	0	2.75	5	0	0	0	5	0	0	1.515		99.9764	70.9943	0.120962	0	1.20991	0.190834	13.3036	1		0.0088623	12.0616	43.1058	0	0	0	
2024-06-14 10:04:21	829	1964	5	0	0	0	1	0	0	0	1	0	0	7	1	0	0	0	1	0	0	6.061		99.9732	76.3123	0.0398738	0	0.398845	0.380931	17.5421	2		0.0088623	12.0793	45.3149	0	0	0	
2024-06-14 10:12:26	892	1965	1	0	0	5	21	0	0	0	21	0	0	1.25	21	0	0	0	21	0	0	3.247		99.9642	69.6478	0.0674814	0	0.675056	0.0325729	15.9056	1		0.0088623	12.0616	41.1566	0	0	0	
2024-06-14 10:08:50	863	1966	5	0	0	2	9	0	0	0	9	0	0	1	9	0	0	0	9	0	0	0.866		99.9711	70.2262	0.223091	0	2.23156	0.253003	14.0213	1		0	12.0616	42.1962	0	0	0	
2024-06-14 10:09:45	870	1967	5	0	0	3	13	0	0	0	13	0	0	7.5	13	0	0	0	13	0	0	3.897		99.9712	71.0634	0.0536524	0	0.536679	0.5176	15.1742	1		0.0088623	12.0616	41.8063	0	0	0	
2024-06-14 10:09:16	866	1968	9	0	0	3	13	0	0	0	13	0	0	6.25	13	0	0	0	13	0	0	2.814		99.9719	70.8682	0.0730678	0	0.730884	0.188527	14.9249	1		0.0088623	12.0616	41.9363	0	0	0	
2024-06-14 10:15:56	918	1969	5	0	0	7	29	0	0	0	29	0	0	7.25	29	0	0	0	29	0	0	0.216		99.9662	68.246	0.736646	0	7.36895	0.305443	11.5751	2		0	12.0616	40.5069	0	0	0	
2024-06-14 10:06:27	844	1970	5	0	0	1	5	0	0	0	5	0	0	6.75	5	0	0	0	5	0	0	4.979		99.9795	71.5341	0.0506012	0	0.506116	0.322464	18.2851	1		0	12.0705	43.4956	0	0	0	
2024-06-14 10:13:51	903	1971	5	0	0	6	25	0	0	0	25	0	0	5.75	25	0	0	0	25	0	0	0.216		99.962	68.5709	0.856249	0	8.56575	0.129488	13.4551	2		0	12.0616	41.0267	0	0	0	
2024-06-14 10:14:02	904	1972	5	0	0	6	25	0	0	0	25	0	0	4.5	25	0	0	0	25	0	0	1.299		99.9616	68.9064	0.15957	0	1.59631	0.138918	15.0449	1		0	12.0616	40.8967	0	0	0	
2024-06-14 10:17:40	931	1973	1	0	0	7.75	32	0	0	0	32	0	0	0	32	0	0	0	32	0	0	6.711		99.9655	68.4485	0.0341832	0	0.34195	0.302716	16.6512	1		0	12.0616	40.6368	0	0	0	
2024-06-14 10:13:29	900	1974	5	0	0	5	21	0	0	0	21	0	0	3	21	0	0	0	21	0	0	1.732		99.9673	69.2601	0.109886	0	1.09922	0.288758	13.8132	1		0	12.0616	41.0267	0	0	0	
2024-06-14 10:07:18	851	1975	1	0	0	1	5	0	0	0	5	0	0	0.75	5	0	0	0	5	0	0	0.216		99.9729	70.5428	0.800863	0	8.0108	0.278053	12.5833	1		0.0088623	12.0616	42.9758	0	0	0	
2024-06-14 10:22:23	967	1976	1	0	0	5.75	24	0	0	0	24	0	0	2	24	0	0	0	24	0	0	3.247		99.9692	67.7503	0.067024	0	0.670446	0.0323298	15.797	1		0	12.0616	40.6368	0	0	0	
2024-06-14 10:11:42	886	1977	1	0	0	4	17	0	0	0	17	0	0	1	17	0	0	0	17	0	0	2.598		99.9681	69.9138	0.0737278	0	0.737513	0.217032	13.9018	1		0	12.0705	41.1566	0	0	0	
2024-06-14 10:18:03	934	1978	1	0	0	7.75	32	0	0	0	32	0	0	3.5	32	0	0	0	32	0	0	3.68		99.9675	68.6317	0.0522961	0	0.523131	0.0223089	13.9694	1		0.0088623	12.0616	40.6368	0	0	0	
2024-06-14 10:14:57	911	1979	1	0	0	6	25	0	0	0	25	0	0	0.75	25	0	0	0	25	0	0	4.546		99.9639	68.7039	0.0522894	0	0.523083	0.351227	17.2548	1		0	12.0616	40.8967	0	0	0	
2024-06-14 10:10:58	880	1980	1	0	0	4	17	0	0	0	17	0	0	3	17	0	0	0	17	0	0	0.866		99.9655	69.7183	0.240907	0	2.4099	0.868643	15.1419	1		0	12.0616	41.4165	0	0	0	
2024-06-14 10:04:51	832	1981	1	0	0	0	1	0	0	0	1	0	0	0.5	1	0	0	0	1	0	0	0.433		99.9735	73.7079	0.468618	0	4.68742	0.246617	14.726	1		0	12.0616	45.055	0	0	0	
2024-06-14 10:24:36	985	1982	1	0	0	3.5	15	0	0	4.25	15	0	0	2.75	15	0	0	5	15	0	0	0.389		99.9739	19.2367	0.337371	0	3.3746	0.0497946	15.9024	1		0	12.0616	40.6368	0	0	0	
2024-06-14 10:08:28	860	1983	1	0	0	2	9	0	0	0	9	0	0	3.5	9	0	0	0	9	0	0	1.299		99.9757	70.4127	0.150585	0	1.50622	0.0912556	14.1957	1		0.0088623	12.0616	42.4561	0	0	0	
2024-06-14 10:16:52	925	1984	5	0	0	7	29	0	0	0	29	0	0	2.5	29	0	0	0	29	0	0	3.897		99.9639	68.4906	0.0558241	0	0.558443	0.109614	15.7896	1		0.0088623	12.0616	40.6368	0	0	0	
2024-06-14 10:15:34	915	1985	1	0	0	7	29	0	0	0	29	0	0	2	29	0	0	0	29	0	0	4.33		99.9633	70.5506	0.0505767	0	0.505952	0.342325	15.895	1		0.0088623	12.0616	40.6368	0	0	0	
2024-06-14 10:04:44	831	1986	9	0	0	0	1	0	0	0	1	0	0	7.5	1	0	0	0	1	0	0	6.494		99.9766	74.1957	0.0374398	0	0.374485	0.224065	17.6472	1		0	12.0705	44.925	0	0	0	
2024-06-14 10:05:06	834	1987	9	0	0	0	1	0	0	0	1	0	0	6.25	1	0	0	0	1	0	0	5.412		99.9726	73.2099	0.0436385	0	0.436504	0.0228067	17.1415	1		0	12.0705	44.6651	0	0	0	
2024-06-14 10:12:45	894	1988	1	0	0	5	21	0	0	0	21	0	0	0.5	21	0	0	0	21	0	0	3.897		99.9658	69.284	0.0600315	0	0.600521	0.606467	16.9793	1		0	12.0616	41.1566	0	0	0	
2024-06-14 10:23:06	973	1989	1	0	0	1.25	6	0	0	0	6	0	0	0.5	6	0	0	0	6	0	0	0.649		99.968	67.7246	0.32373	0	3.23834	0.388394	15.2603	1		0.0088623	12.0616	40.6368	0	0	0	
2024-06-14 10:12:45	894	1990	9	0	0	5	21	0	0	0	21	0	0	7	21	0	0	0	21	0	0	1.732		99.9658	69.284	0.116307	0	1.16346	0.210372	14.6205	1		0	12.0616	41.1566	0	0	0	
2024-06-14 10:08:20	859	1991	1	0	0	2	9	0	0	0	9	0	0	0.25	9	0	0	0	9	0	0	1.515		99.9711	70.5767	0.125841	0	1.25877	0.170265	13.8409	1		0	12.0616	42.4561	0	0	0	
2024-06-14 10:11:05	881	1992	5	0	0	4	17	0	0	0	17	0	0	7	17	0	0	0	17	0	0	2.598		99.9693	69.3979	0.0773543	0	0.77378	0.050329	14.5854	1		0	11.9552	41.5464	0	0	0	
2024-06-14 10:09:59	872	1993	9	0	0	3	13	0	0	0	13	0	0	5.5	13	0	0	0	13	0	0	2.165		99.9722	70.9903	0.0933164	0	0.933423	0.0225668	14.6622	1		0	12.0616	41.6764	0	0	0	
2024-06-14 10:09:52	871	1994	5	0	0	3	13	0	0	0	13	0	0	4.25	13	0	0	0	13	0	0	1.082		99.9707	70.8286	0.186776	0	1.8683	0.27219	14.6736	1		0	12.0616	41.9363	0	0	0	
2024-06-14 10:15:49	917	1995	5	0	0	7	29	0	0	0	29	0	0	7.75	29	0	0	0	29	0	0	0.649		99.9639	68.8519	0.346659	0	3.46784	0.611965	16.3418	1		0	12.0616	40.7668	0	0	0	
2024-06-14 10:15:41	916	1996	5	0	0	7	29	0	0	0	29	0	0	6.5	29	0	0	0	29	0	0	0.433		99.965	69.383	0.506944	0	5.07122	0.63013	15.9317	1		0	12.0439	40.7668	0	0	0	
2024-06-14 10:06:56	848	1997	9	0	0	1	5	0	0	0	5	0	0	6	5	0	0	0	5	0	0	4.33		99.9722	70.9844	0.0572065	0	0.572223	0.109035	17.9769	1		0.0088623	12.0616	42.9758	0	0	0	
2024-06-14 10:06:34	845	1998	5	0	0	1	5	0	0	0	5	0	0	4.75	5	0	0	0	5	0	0	3.247		99.9783	71.3118	0.0694568	0	0.694719	0.313833	16.3689	1		0	12.0616	43.4956	0	0	0	
2024-06-14 10:20:52	956	1999	9	0	0	4.75	20	0	0	0	20	0	0	5	20	0	0	0	20	0	0	0.216		99.9662	67.6978	0.814622	0	8.14897	0.600661	12.8004	1		0	12.0705	40.5069	0	0	0	
2024-06-14 10:13:51	903	2000	9	0	0	6	25	0	0	0	25	0	0	5	25	0	0	0	25	0	0	0.866		99.962	68.5709	0.252471	0	2.52567	0.0828398	15.8693	2		0	12.0616	41.0267	0	0	0	
2024-06-14 10:13:51	903	2001	1	0	0	6	25	0	0	0	25	0	0	3.75	25	0	0	0	25	0	0	1.948		99.962	68.5709	0.10159	0	1.01628	0.0211443	14.3674	2		0	12.0616	41.0267	0	0	0	
2024-06-14 10:05:57	841	2002	1	0	0	1	5	0	0	0	5	0	0	0	5	0	0	0	5	0	0	0.866		99.973	70.5754	0.227008	0	2.27069	1.61727	14.2672	4		0.0088623	12.0616	43.7555	0	0	0	
2024-06-14 10:19:41	947	2003	9	0	0	0.75	4	0	0	0	4	0	0	7	4	0	0	0	4	0	0	5.412		99.9689	68.1747	0.0435873	0	0.436009	0.147681	17.122	1		0	12.0616	40.5069	0	0	0	
2024-06-14 10:11:57	888	2004	1	0	0	4	17	0	0	0	17	0	0	0.25	17	0	0	0	17	0	0	3.247		99.9694	69.0193	0.0606815	0	0.607001	0.303432	14.3021	1		0	12.0616	41.2865	0	0	0	
2024-06-14 10:18:25	937	2005	5	0	0	7.75	32	0	0	0	32	0	0	2.75	32	0	0	0	32	0	0	4.33		99.9676	68.449	0.0465817	0	0.465968	0.264125	14.6388	1		0	12.0616	40.6368	0	0	0	
2024-06-14 10:15:12	913	2006	5	0	0	6	25	0	0	0	25	0	0	0	25	0	0	0	25	0	0	5.195		99.961	68.5684	0.0502254	0	0.50245	0.149263	18.9419	1		0	12.0705	40.6368	0	0	0	
2024-06-14 10:08:57	864	2007	1	0	0	2	9	0	0	0	9	0	0	2.75	9	0	0	0	9	0	0	0.649		99.9748	70.1683	0.325655	0	3.25737	0.420141	15.35	1		0	12.0705	42.1962	0	0	0	
2024-06-14 10:16:44	924	2008	5	0	0	7	29	0	0	0	29	0	0	1.25	29	0	0	0	29	0	0	4.979		99.9633	68.8252	0.0483074	0	0.483251	0.19726	17.459	1		0.0088623	12.0616	40.5069	0	0	0	
2024-06-14 10:05:21	836	2009	9	0	0	0	1	0	0	0	1	0	0	5.5	1	0	0	0	1	0	0	4.762		99.975	72.8818	0.0651625	0	0.651788	0.170103	22.5242	1		0.0088623	12.0616	44.4052	0	0	0	
2024-06-14 10:04:59	833	2010	9	0	0	0	1	0	0	0	1	0	0	4.25	1	0	0	0	1	0	0	3.68		99.9762	74.0053	0.0566347	0	0.566481	0.310295	15.1271	1		0	12.0705	44.7951	0	0	0	
