Time	MeasID	DPID	Channel	A(x)	A(y)	A(z)	A(adr)	B(x)	B(y)	B(z)	B(adr)	M(x)	M(y)	M(z)	M(adr)	N(x)	N(y)	N(z)	N(adr)	F(x)	F(y)	F(z)	Note	I(mA)	Uout(V)	U(V)	SP(V)	R(Ohm)	Var(%)	Rho-a(Ohm-m)	Cycles	IP Delay Window(mV/V)	Pint(V)	Pext(V)	T int(deg C)	T log(deg C)	Latitude	Longitude
2024-06-14 00:18:21	110	1	5	0	0	7.75	32	0	0	0	32	0	0	2	32	0	0	0	32	0	0	4.979		99.973	63.9041	0.0418902	0	0.419015	0.166573	15.1383	1		0	11.9552	41.6764	0	0	0	
2024-06-14 00:12:46	66	2	5	0	0	5	21	0	0	0	21	0	0	7.5	21	0	0	0	21	0	0	2.165		99.9793	64.3248	0.0908435	0	0.908623	0.0892224	14.2726	1		0.0088623	12.0616	41.9363	0	0	0	
2024-06-14 00:12:08	62	3	5	0	0	5	21	0	0	0	21	0	0	6.25	21	0	0	0	21	0	0	1.082		99.9738	64.2438	0.19882	0	1.98872	0.159444	15.6193	2		0	12.0616	42.1962	0	0	0	
2024-06-14 00:10:03	45	4	1	0	0	3	13	0	0	0	13	0	0	1.75	13	0	0	0	13	0	0	1.082		99.983	65.6453	0.179664	0	1.79694	0.504826	14.1132	1		0	12.0616	42.8459	0	0	0	
2024-06-14 00:17:16	101	5	9	0	0	7.75	32	0	0	0	32	0	0	6.75	32	0	0	0	32	0	0	0.866		99.9764	64.0996	0.250139	0	2.50198	0.364057	15.7204	1		0	12.0616	41.6764	0	0	0	
2024-06-14 00:23:30	149	6	1	0	0	3.25	14	0	0	0	14	0	0	2.5	14	0	0	0	14	0	0	0.649		99.9772	63.7807	0.313102	0	3.13173	0.811095	14.7579	1		0.0088623	12.0616	41.6764	0	0	0	
2024-06-14 00:11:18	55	7	9	0	0	4	17	0	0	0	17	0	0	7.5	17	0	0	0	17	0	0	3.031		99.9816	64.2711	0.066526	0	0.665383	0.215157	14.6325	1		0.0088623	12.0616	42.4561	0	0	0	
2024-06-14 00:10:39	50	8	5	0	0	4	17	0	0	0	17	0	0	6.25	17	0	0	0	17	0	0	1.948		99.9831	64.6636	0.10235	0	1.02367	0.12807	14.4719	1		0.0088623	12.0616	42.4561	0	0	0	
2024-06-14 00:09:10	38	9	1	0	0	3	13	0	0	0	13	0	0	3.5	13	0	0	0	13	0	0	0.433		99.9839	66.4249	0.489523	0	4.89602	0.782119	15.3813	1		0.0088623	12.0616	43.1058	0	0	0	
2024-06-14 00:07:32	26	10	5	0	0	2	9	0	0	0	9	0	0	6.75	9	0	0	0	9	0	0	4.113		99.9861	65.8003	0.0535171	0	0.535246	0.155262	15.9745	1		0	12.0705	44.0154	0	0	0	
2024-06-14 00:16:00	91	11	9	0	0	7	29	0	0	0	29	0	0	5.75	29	0	0	0	29	0	0	1.082		99.9759	64.1396	0.197906	0	1.97954	0.464846	15.5473	1		0	11.9552	41.8063	0	0	0	
2024-06-14 00:15:45	89	12	5	0	0	7	29	0	0	0	29	0	0	4.5	29	0	0	0	29	0	0	2.165		99.9807	63.8756	0.0912756	0	0.912932	0.0227706	14.3403	1		0.0088623	11.9552	41.8063	0	0	0	
2024-06-14 00:06:43	19	13	5	0	0	1	5	0	0	0	5	0	0	5.25	5	0	0	0	5	0	0	3.68		99.9909	65.4887	0.0609943	0	0.609999	0.0177696	16.2891	1		0.0088623	12.0705	44.4052	0	0	0	
2024-06-14 00:06:29	17	14	5	0	0	1	5	0	0	0	5	0	0	4	5	0	0	0	5	0	0	2.598		99.9889	65.7663	0.0736806	0	0.736887	0.148221	13.89	1		0.0088623	12.0616	44.2753	0	0	0	
2024-06-14 00:21:52	137	15	1	0	0	4.75	20	0	0	0	20	0	0	3	20	0	0	0	20	0	0	1.515		99.9748	63.2491	0.127989	0	1.28021	0.461129	14.0767	1		0	12.0705	41.6764	0	0	0	
2024-06-14 00:15:03	84	16	5	0	0	6	25	0	0	0	25	0	0	3	25	0	0	0	25	0	0	2.598		99.9787	64.2802	0.0784254	0	0.784421	0.13436	14.786	1		0	12.0616	41.9363	0	0	0	
2024-06-14 00:08:56	36	17	1	0	0	2	9	0	0	0	9	0	0	2.25	9	0	0	0	9	0	0	0.216		99.9815	64.9935	0.793543	0	7.9369	0.323852	12.4673	1		0	11.9552	43.2357	0	0	0	
2024-06-14 00:16:36	96	18	1	0	0	7	29	0	0	0	29	0	0	0.5	29	0	0	0	29	0	0	5.628		99.9735	64.1008	0.0442232	0	0.442349	0.606733	18.0658	1		0	12.0616	41.6764	0	0	0	
2024-06-14 00:04:15	1	19	1	0	0	0	1	0	0	0	1	0	0	3.5	1	0	0	0	1	0	0	3.031		99.9899	70.2848	0.0702973	0	0.703044	1.43405	15.4607	4		0.0088623	12.0793	46.4844	0	0	0	
2024-06-14 00:23:23	148	20	1	0	0	1.75	8	0	0	0	8	0	0	0	8	0	0	0	8	0	0	1.515		99.9745	63.3192	0.123461	0	1.23492	0.26837	13.5787	1		0	11.9552	41.6764	0	0	0	
2024-06-14 00:13:45	74	21	9	0	0	6	25	0	0	0	25	0	0	7	25	0	0	0	25	0	0	0.866		99.9762	63.9796	0.261626	0	2.61689	0.158348	16.4424	2		0	12.0616	42.0662	0	0	0	
2024-06-14 00:22:37	142	22	1	0	0	6.5	27	0	0	0	27	0	0	1.25	27	0	0	0	27	0	0	4.546		99.9738	63.2657	0.0587448	0	0.587602	0.593718	19.3831	1		0.0088623	12.0616	41.5464	0	0	0	
2024-06-14 00:18:14	109	23	1	0	0	7.75	32	0	0	0	32	0	0	1.25	32	0	0	0	32	0	0	5.628		99.9779	63.9368	0.0391811	0	0.391898	0.422918	16.0054	1		0	12.0616	41.6764	0	0	0	
2024-06-14 00:13:02	68	24	5	0	0	5	21	0	0	0	21	0	0	5.5	21	0	0	0	21	0	0	0.433		99.9803	64.5151	0.512132	0	5.12233	0.443324	16.0923	1		0	12.0616	41.9363	0	0	0	
2024-06-14 00:12:08	62	25	9	0	0	5	21	0	0	0	21	0	0	4.25	21	0	0	0	21	0	0	0.649		99.9738	64.2438	0.339747	0	3.39836	0.288793	16.0144	2		0	12.0616	42.1962	0	0	0	
2024-06-14 00:09:17	39	26	1	0	0	3	13	0	0	0	13	0	0	1	13	0	0	0	13	0	0	1.732		99.9801	66.1235	0.106318	0	1.06339	0.124323	13.363	1		0.0088623	12.0616	43.1058	0	0	0	
2024-06-14 00:06:50	20	27	1	0	0	1	5	0	0	0	5	0	0	2	5	0	0	0	5	0	0	0.866		99.9886	65.7563	0.22477	0	2.24795	0.231696	14.1243	1		0	12.0616	44.2753	0	0	0	
2024-06-14 00:19:16	117	28	9	0	0	1.75	8	0	0	0	8	0	0	6	8	0	0	0	8	0	0	3.68		99.974	63.7529	0.0619054	0	0.619215	0.311669	16.5352	1		0	12.0616	41.6764	0	0	0	
2024-06-14 00:12:01	61	29	1	0	0	4	17	0	0	0	17	0	0	2.25	17	0	0	0	17	0	0	1.515		99.9771	64.1166	0.124529	0	1.24558	0.194315	13.6958	1		0	12.0705	42.1962	0	0	0	
2024-06-14 00:17:16	101	30	5	0	0	7.75	32	0	0	0	32	0	0	6	32	0	0	0	32	0	0	1.515		99.9764	64.0996	0.1321	0	1.32131	0.239956	14.5286	1		0	12.0616	41.6764	0	0	0	
2024-06-14 00:17:08	100	31	5	0	0	7.75	32	0	0	0	32	0	0	4.75	32	0	0	0	32	0	0	2.598		99.9795	63.9566	0.0735795	0	0.735945	0.389989	13.8722	1		0	12.0616	41.6764	0	0	0	
2024-06-14 00:15:10	85	32	1	0	0	6	25	0	0	0	25	0	0	2	25	0	0	0	25	0	0	3.464		99.98	64.1818	0.0655721	0	0.655853	0.0456602	16.4834	1		0	12.0616	41.8063	0	0	0	
2024-06-14 00:11:03	53	33	5	0	0	4	17	0	0	0	17	0	0	5.5	17	0	0	0	17	0	0	1.299		99.98	64.1427	0.16086	0	1.60892	0.18318	15.1637	1		0	12.0616	42.4561	0	0	0	
2024-06-14 00:11:25	56	34	5	0	0	4	17	0	0	0	17	0	0	4.25	17	0	0	0	17	0	0	0.216		99.9774	64.2449	0.904481	0	9.04686	0.0945896	14.2108	1		0.0088623	12.0616	42.4561	0	0	0	
2024-06-14 00:05:37	10	35	5	0	0	0	1	0	0	0	1	0	0	1.75	1	0	0	0	1	0	0	1.515		99.9899	66.8637	0.122936	0	1.22948	0.0801171	13.5189	1		0	12.0616	45.3149	0	0	0	
2024-06-14 00:24:31	157	36	1	0	0	3.75	16	0	0	4	16	0	0	3.5	16	0	0	4.25	16	0	0	0.13		99.9797	18.3066	0.636418	0	6.36547	0.187741	9.99886	1		0	12.0616	41.6764	0	0	0	
2024-06-14 00:09:24	40	37	1	0	0	3	13	0	0	0	13	0	0	2.75	13	0	0	0	13	0	0	0.216		99.9811	65.9247	0.785938	0	7.86087	0.569028	12.3478	1		0	12.0616	43.1058	0	0	0	
2024-06-14 00:08:28	32	38	9	0	0	2	9	0	0	0	9	0	0	6	9	0	0	0	9	0	0	3.464		99.9863	65.0632	0.0656942	0	0.657032	0.0247404	16.513	1		0	12.0616	43.4956	0	0	0	
2024-06-14 00:07:40	27	39	5	0	0	2	9	0	0	0	9	0	0	4.75	9	0	0	0	9	0	0	2.381		99.9864	65.2459	0.0836579	0	0.836693	0.0746149	14.457	2		0	12.0616	43.7555	0	0	0	
2024-06-14 00:16:00	91	40	5	0	0	7	29	0	0	0	29	0	0	5	29	0	0	0	29	0	0	1.732		99.9759	64.1396	0.114691	0	1.14719	0.346195	14.416	1		0	11.9552	41.8063	0	0	0	
2024-06-14 00:15:45	89	41	1	0	0	7	29	0	0	0	29	0	0	3.75	29	0	0	0	29	0	0	2.814		99.9807	63.8756	0.0707054	0	0.70719	0.0949353	14.4411	1		0.0088623	11.9552	41.8063	0	0	0	
2024-06-14 00:06:57	21	42	1	0	0	1	5	0	0	0	5	0	0	3.25	5	0	0	0	5	0	0	1.948		99.9852	65.4606	0.0941253	0	0.941393	0.0116098	13.3086	1		0.0088623	12.0705	44.2753	0	0	0	
2024-06-14 00:18:51	114	43	9	0	0	2.75	12	0	0	0	12	0	0	5	12	0	0	0	12	0	0	1.948		99.9731	64.328	0.0972572	0	0.972834	0.423697	13.7531	1		0	12.0616	41.6764	0	0	0	
2024-06-14 00:13:23	71	44	1	0	0	5	21	0	0	0	21	0	0	1.75	21	0	0	0	21	0	0	2.814		99.9749	64.4129	0.0733262	0	0.733446	0.130239	14.9772	1		0	12.0616	41.9363	0	0	0	
2024-06-14 00:08:49	35	45	5	0	0	2	9	0	0	0	9	0	0	1.5	9	0	0	0	9	0	0	0.433		99.9821	65.0198	0.471092	0	4.71176	0.318862	14.8024	1		0.0088623	11.9552	43.1058	0	0	0	
2024-06-14 00:04:42	3	46	1	0	0	0	1	0	0	0	1	0	0	2.75	1	0	0	0	1	0	0	2.381		99.9882	68.773	0.112272	0	1.12285	0.276888	19.4015	2		0.0088623	12.0705	46.2245	0	0	0	
2024-06-14 00:18:43	113	47	9	0	0	3.25	14	0	0	0	14	0	0	4.5	14	0	0	0	14	0	0	1.082		99.9723	64.0594	0.187234	0	1.87286	0.325905	14.7094	1		0.0088623	12.0705	41.4165	0	0	0	
2024-06-14 00:09:56	44	48	9	0	0	3	13	0	0	0	13	0	0	6.75	13	0	0	0	13	0	0	3.247		99.9816	65.6611	0.0648439	0	0.648558	0.0788032	15.2813	1		0	12.0616	42.8459	0	0	0	
2024-06-14 00:06:05	14	49	9	0	0	1	5	0	0	0	5	0	0	7.25	5	0	0	0	5	0	0	5.412		99.9902	65.6648	0.0625432	0	0.625494	0.459116	24.5631	2		0	11.9552	44.6651	0	0	0	
2024-06-14 00:14:10	77	50	9	0	0	6	25	0	0	0	25	0	0	7.5	25	0	0	0	25	0	0	1.299		99.9766	63.8215	0.158553	0	1.58591	0.00974992	14.9468	2		0	12.0616	41.6764	0	0	0	
2024-06-14 00:14:34	80	51	9	0	0	6	25	0	0	0	25	0	0	6.25	25	0	0	0	25	0	0	0.216		99.9742	64.0571	0.881762	0	8.81989	0.48044	13.8543	1		0	12.0616	41.8063	0	0	0	
2024-06-14 00:17:59	107	52	1	0	0	7.75	32	0	0	0	32	0	0	0.5	32	0	0	0	32	0	0	6.278		99.9737	64.2001	0.0362784	0	0.36288	0.797378	16.5303	1		0	12.0616	41.4165	0	0	0	
2024-06-14 00:12:18	63	53	1	0	0	5	21	0	0	0	21	0	0	3.5	21	0	0	0	21	0	0	1.299		99.9761	64.5264	0.150946	0	1.50982	0.411383	14.2297	1		0.0088623	12.0616	42.1962	0	0	0	
2024-06-14 00:09:03	37	54	1	0	0	3	13	0	0	0	13	0	0	0.25	13	0	0	0	13	0	0	2.381		99.9808	65.7873	0.0778343	0	0.778492	0.483271	13.4514	1		0	12.0616	43.2357	0	0	0	
2024-06-14 00:07:04	22	55	1	0	0	1	5	0	0	0	5	0	0	1.25	5	0	0	0	5	0	0	0.216		99.9902	65.4752	0.795611	0	7.95689	0.319086	12.4987	1		0.0088623	12.0705	44.2753	0	0	0	
2024-06-14 00:10:46	51	56	1	0	0	4	17	0	0	0	17	0	0	1.5	17	0	0	0	17	0	0	2.165		99.9873	64.4617	0.0859816	0	0.859925	0.139875	13.5077	1		0.0088623	12.0616	42.4561	0	0	0	
2024-06-14 00:19:22	118	57	9	0	0	1.5	7	0	0	0	7	0	0	6.25	7	0	0	0	7	0	0	4.113		99.9727	62.767	0.0547704	0	0.547853	0.790473	16.3508	1		0	12.0705	41.6764	0	0	0	
2024-06-14 00:17:23	102	58	1	0	0	7.75	32	0	0	0	32	0	0	5.25	32	0	0	0	32	0	0	2.165		99.9755	63.9819	0.087608	0	0.876295	0.289813	13.7648	1		0	12.0616	41.6764	0	0	0	
2024-06-14 00:17:23	102	59	5	0	0	7.75	32	0	0	0	32	0	0	4	32	0	0	0	32	0	0	3.247		99.9755	63.9819	0.0589211	0	0.589355	0.140417	13.8864	1		0	12.0616	41.6764	0	0	0	
2024-06-14 00:14:27	79	60	1	0	0	6	25	0	0	0	25	0	0	1.25	25	0	0	0	25	0	0	4.113		99.9744	64.1031	0.0596582	0	0.596735	0.280065	17.8096	1		0.0088623	12.0705	41.9363	0	0	0	
2024-06-14 00:11:39	58	61	5	0	0	4	17	0	0	0	17	0	0	3.5	17	0	0	0	17	0	0	0.433		99.9802	64.3481	0.524649	0	5.24753	0.332537	16.4856	1		0	12.0616	42.4561	0	0	0	
2024-06-14 00:05:44	11	62	5	0	0	0	1	0	0	0	1	0	0	1	1	0	0	0	1	0	0	0.866		99.987	66.9603	0.231787	0	2.31817	0.340369	14.5655	1		0.0088623	12.0616	45.055	0	0	0	
2024-06-14 00:08:00	29	63	9	0	0	2	9	0	0	0	9	0	0	5.25	9	0	0	0	9	0	0	2.814		99.9869	64.8171	0.0779305	0	0.779407	0.00322846	15.9158	2		0	11.9552	43.7555	0	0	0	
2024-06-14 00:07:25	25	64	9	0	0	2	9	0	0	0	9	0	0	4	9	0	0	0	9	0	0	1.732		99.9877	65.9486	0.109891	0	1.09904	0.371816	13.811	1		0.0088623	12.0616	44.0154	0	0	0	
2024-06-14 00:23:39	150	65	1	0	0	3.5	15	0	0	0	15	0	0	2.25	15	0	0	0	15	0	0	1.082		99.9734	62.9647	0.180627	0	1.80675	0.502377	14.1902	1		0	12.0616	41.6764	0	0	0	
2024-06-14 00:16:00	91	66	1	0	0	7	29	0	0	0	29	0	0	3	29	0	0	0	29	0	0	3.464		99.9759	64.1396	0.0591005	0	0.591147	0.228613	14.8572	1		0	11.9552	41.8063	0	0	0	
2024-06-14 00:07:18	24	67	1	0	0	1	5	0	0	0	5	0	0	2.5	5	0	0	0	5	0	0	1.299		99.99	65.2932	0.145815	0	1.45829	0.10078	13.7441	1		0	12.0705	44.0154	0	0	0	
2024-06-14 00:05:06	6	68	5	0	0	0	1	0	0	0	1	0	0	6.75	1	0	0	0	1	0	0	5.845		99.9957	67.9167	0.0410581	0	0.410598	0.692658	17.4141	1		0.0088623	12.0616	45.5748	0	0	0	
2024-06-14 00:20:30	126	69	1	0	0	2.75	12	0	0	0	12	0	0	3	12	0	0	0	12	0	0	0.216		99.9761	64.0894	0.787971	0	7.88159	0.626231	12.3804	1		0.0088623	12.0616	41.5464	0	0	0	
2024-06-14 00:13:02	68	70	1	0	0	5	21	0	0	0	21	0	0	1	21	0	0	0	21	0	0	3.464		99.9803	64.5151	0.0634596	0	0.634721	0.155984	15.9523	1		0	12.0616	41.9363	0	0	0	
2024-06-14 00:26:02	166	71	1	0	0	0.5	3	0	0	7.25	3	0	0	2.75	3	0	0	5	3	0	0	1.168		99.9799	20.4315	0.0791884	0	0.792043	0.0708502	11.1972	2		0.0088623	12.0616	41.6764	0	0	0	
2024-06-14 00:21:13	132	72	9	0	0	6.75	28	0	0	0	28	0	0	7	28	0	0	0	28	0	0	0.216		99.9748	63.5541	0.834313	0	8.34523	0.802102	13.1087	1		0	12.0616	41.4165	0	0	0	
2024-06-14 00:08:35	33	73	5	0	0	2	9	0	0	0	9	0	0	0.75	9	0	0	0	9	0	0	1.082		99.982	65.3842	0.174778	0	1.74809	0.310156	13.7295	1		0	12.0616	43.3657	0	0	0	
2024-06-14 00:09:32	41	74	5	0	0	3	13	0	0	0	13	0	0	6	13	0	0	0	13	0	0	2.598		99.9789	65.8703	0.0798509	0	0.798678	0.1675	15.0547	1		0	12.0616	42.9758	0	0	0	
2024-06-14 00:09:03	37	75	9	0	0	3	13	0	0	0	13	0	0	4.75	13	0	0	0	13	0	0	1.515		99.9808	65.7873	0.128788	0	1.28812	0.554509	14.1637	1		0	12.0616	43.2357	0	0	0	
2024-06-14 00:05:58	13	76	5	0	0	1	5	0	0	0	5	0	0	7.75	5	0	0	0	5	0	0	5.845		99.9888	66.5031	0.0395716	0	0.39576	0.00828323	16.7848	1		0	12.0616	44.925	0	0	0	
2024-06-14 00:06:22	16	77	5	0	0	1	5	0	0	0	5	0	0	6.5	5	0	0	0	5	0	0	4.762		99.9891	65.8221	0.0519899	0	0.519956	0.584083	17.9684	1		0	12.0616	44.6651	0	0	0	
2024-06-14 00:14:03	76	78	9	0	0	6	25	0	0	0	25	0	0	5.5	25	0	0	0	25	0	0	0.433		99.9759	64.6433	0.524164	0	5.2429	0.6843	16.4711	1		0	12.0616	41.6764	0	0	0	
2024-06-14 00:14:27	79	79	5	0	0	6	25	0	0	0	25	0	0	4.25	25	0	0	0	25	0	0	1.515		99.9744	64.1031	0.135351	0	1.35386	0.0271048	14.8865	1		0.0088623	12.0705	41.9363	0	0	0	
2024-06-14 00:13:16	70	80	5	0	0	5	21	0	0	0	21	0	0	2.75	21	0	0	0	21	0	0	1.948		99.9785	64.5359	0.0971392	0	0.971601	0.121808	13.7357	1		0	12.0616	42.0662	0	0	0	
2024-06-14 00:05:58	13	81	1	0	0	1	5	0	0	0	5	0	0	0.5	5	0	0	0	5	0	0	0.433		99.9888	66.5031	0.490029	0	4.90084	0.972497	15.3964	1		0	12.0616	44.925	0	0	0	
2024-06-14 00:11:54	60	82	5	0	0	4	17	0	0	0	17	0	0	0.75	17	0	0	0	17	0	0	2.814		99.9813	64.308	0.06933	0	0.693429	0.216554	14.1601	1		0.0088623	12.0616	42.3261	0	0	0	
2024-06-14 00:16:58	99	83	1	0	0	7.75	32	0	0	0	32	0	0	3.25	32	0	0	0	32	0	0	3.897		99.9736	63.8337	0.0497264	0	0.497395	0.0247651	14.0635	2		0	12.0616	41.6764	0	0	0	
2024-06-14 00:25:10	161	84	1	0	0	2.75	12	0	0	5	12	0	0	0.5	12	0	0	7.25	12	0	0	1.168		99.9824	20.7447	0.0834327	0	0.834473	0.40296	11.7971	2		0	12.0616	41.4165	0	0	0	
2024-06-14 00:19:29	119	85	9	0	0	1.25	6	0	0	0	6	0	0	6.5	6	0	0	0	6	0	0	4.546		99.9711	63.3528	0.052153	0	0.521681	0.652995	17.2085	1		0	12.0616	41.6764	0	0	0	
2024-06-14 00:14:19	78	86	1	0	0	6	25	0	0	0	25	0	0	0.5	25	0	0	0	25	0	0	4.762		99.9765	63.9706	0.0557566	0	0.557698	0.750491	19.2726	1		0	12.0616	41.6764	0	0	0	
2024-06-14 00:11:39	58	87	1	0	0	4	17	0	0	0	17	0	0	2.75	17	0	0	0	17	0	0	1.082		99.9802	64.3481	0.184626	0	1.84663	0.234732	14.5034	1		0	12.0616	42.4561	0	0	0	
2024-06-14 00:05:44	11	88	1	0	0	0	1	0	0	0	1	0	0	0.25	1	0	0	0	1	0	0	0.216		99.987	66.9603	0.799893	0	7.99997	0.279915	12.5663	1		0.0088623	12.0616	45.055	0	0	0	
2024-06-14 00:08:10	30	89	1	0	0	2	9	0	0	0	9	0	0	3.25	9	0	0	0	9	0	0	1.082		99.9876	65.3396	0.181841	0	1.81864	0.354092	14.2836	1		0.0088623	12.0616	43.6256	0	0	0	
2024-06-14 00:16:07	92	90	1	0	0	7	29	0	0	0	29	0	0	1.75	29	0	0	0	29	0	0	4.546		99.9799	64.2621	0.0504951	0	0.505053	0.566397	16.66	1		0	12.0616	41.6764	0	0	0	
2024-06-14 00:04:52	4	91	9	0	0	0	1	0	0	0	1	0	0	6	1	0	0	0	1	0	0	5.195		99.9902	68.2121	0.0505339	0	0.505388	0.0257875	19.0527	1		0	12.0616	45.9646	0	0	0	
2024-06-14 00:04:42	3	92	5	0	0	0	1	0	0	0	1	0	0	4.75	1	0	0	0	1	0	0	4.113		99.9882	68.773	0.0527858	0	0.527921	0.118172	15.7559	2		0.0088623	12.0705	46.2245	0	0	0	
2024-06-14 00:22:51	144	93	1	0	0	7.25	30	0	0	0	30	0	0	0.5	30	0	0	0	30	0	0	5.845		99.9736	63.5682	0.0532276	0	0.532416	0.335927	22.5806	1		0	12.0616	41.6764	0	0	0	
2024-06-14 00:13:16	70	94	1	0	0	5	21	0	0	0	21	0	0	0.25	21	0	0	0	21	0	0	4.113		99.9785	64.5359	0.0519287	0	0.519398	0.652576	15.5015	1		0	12.0616	42.0662	0	0	0	
2024-06-14 00:12:26	64	95	9	0	0	5	21	0	0	0	21	0	0	6.75	21	0	0	0	21	0	0	1.515		99.9781	64.1361	0.138739	0	1.38769	0.0667968	15.2585	2		0.0088623	12.0705	42.1962	0	0	0	
2024-06-14 00:09:38	42	96	1	0	0	3	13	0	0	0	13	0	0	2.25	13	0	0	0	13	0	0	0.649		99.9813	65.5062	0.321682	0	3.21742	0.0719806	15.1617	2		0	12.0616	42.9758	0	0	0	
2024-06-14 00:08:18	31	97	1	0	0	2	9	0	0	0	9	0	0	0	9	0	0	0	9	0	0	1.732		99.9844	64.9186	0.130432	0	1.30453	0.14772	16.3932	2		0	12.0616	43.3657	0	0	0	
2024-06-14 00:21:20	133	98	9	0	0	6.5	27	0	0	0	27	0	0	7.25	27	0	0	0	27	0	0	0.649		99.9765	63.1329	0.365479	0	3.65565	0.119452	17.2268	2		0	12.0616	41.4165	0	0	0	
2024-06-14 00:16:58	99	99	5	0	0	7.75	32	0	0	0	32	0	0	7.25	32	0	0	0	32	0	0	0.433		99.9736	63.8337	0.476778	0	4.76904	0.25487	14.9824	2		0	12.0616	41.6764	0	0	0	
2024-06-14 00:22:59	145	100	1	0	0	7.5	31	0	0	0	31	0	0	0.25	31	0	0	0	31	0	0	6.278		99.9728	63.163	0.0388275	0	0.38838	0.0530755	17.6919	2		0.0088623	12.0616	41.6764	0	0	0	
2024-06-14 00:20:01	123	101	1	0	0	0.75	4	0	0	0	4	0	0	1	4	0	0	0	4	0	0	0.216		99.9744	63.6027	0.808679	0	8.08886	0.435008	12.706	1		0	12.0616	41.5464	0	0	0	
2024-06-14 00:22:09	139	102	1	0	0	5.5	23	0	0	0	23	0	0	2.25	23	0	0	0	23	0	0	2.814		99.9718	62.6044	0.105916	0	1.05946	0.0451634	21.6345	2		0	12.0705	41.5464	0	0	0	
2024-06-14 00:11:11	54	103	9	0	0	4	17	0	0	0	17	0	0	6.75	17	0	0	0	17	0	0	2.381		99.9809	64.2823	0.0846063	0	0.846224	0.14635	14.6217	1		0	12.0705	42.4561	0	0	0	
2024-06-14 00:09:17	39	104	9	0	0	3	13	0	0	0	13	0	0	5.25	13	0	0	0	13	0	0	1.948		99.9801	66.1235	0.099738	0	0.997579	0.094861	14.1029	1		0.0088623	12.0616	43.1058	0	0	0	
2024-06-14 00:09:24	40	105	9	0	0	3	13	0	0	0	13	0	0	4	13	0	0	0	13	0	0	0.866		99.9811	65.9247	0.24466	0	2.44707	0.474611	15.3754	1		0	12.0616	43.1058	0	0	0	
2024-06-14 00:07:50	28	106	9	0	0	2	9	0	0	0	9	0	0	7.25	9	0	0	0	9	0	0	4.546		99.9868	65.0055	0.0583855	0	0.583932	0.165296	19.262	2		0.0088623	12.0616	43.7555	0	0	0	
2024-06-14 00:16:07	92	107	9	0	0	7	29	0	0	0	29	0	0	7.5	29	0	0	0	29	0	0	0.433		99.9799	64.2621	0.480155	0	4.80252	0.49853	15.0875	1		0	12.0616	41.6764	0	0	0	
2024-06-14 00:15:35	88	108	5	0	0	7	29	0	0	0	29	0	0	6.25	29	0	0	0	29	0	0	0.649		99.9822	63.7105	0.350116	0	3.50179	0.134277	16.5018	2		0	12.0616	41.8063	0	0	0	
2024-06-14 00:06:50	20	109	9	0	0	1	5	0	0	0	5	0	0	5.75	5	0	0	0	5	0	0	4.113		99.9886	65.7563	0.0529804	0	0.529865	0.13495	15.8139	1		0	12.0616	44.2753	0	0	0	
2024-06-14 00:06:15	15	110	9	0	0	1	5	0	0	0	5	0	0	4.5	5	0	0	0	5	0	0	3.031		99.9889	65.7177	0.070487	0	0.704948	0.303497	15.5026	1		0	12.0616	44.6651	0	0	0	
2024-06-14 00:14:03	76	111	1	0	0	6	25	0	0	0	25	0	0	3.5	25	0	0	0	25	0	0	2.165		99.9759	64.6433	0.0892253	0	0.892468	0.0414894	14.0189	1		0	12.0616	41.6764	0	0	0	
2024-06-14 00:11:18	55	112	1	0	0	4	17	0	0	0	17	0	0	0	17	0	0	0	17	0	0	3.464		99.9816	64.2711	0.0611326	0	0.611438	0.222934	15.3671	1		0.0088623	12.0616	42.4561	0	0	0	
2024-06-14 00:17:16	101	113	1	0	0	7.75	32	0	0	0	32	0	0	2.5	32	0	0	0	32	0	0	4.546		99.9764	64.0996	0.0454928	0	0.455035	0.42943	15.0101	1		0	12.0616	41.6764	0	0	0	
2024-06-14 00:08:42	34	114	5	0	0	2	9	0	0	0	9	0	0	2.5	9	0	0	0	9	0	0	0.433		99.984	65.0187	0.469734	0	4.69809	0.268188	14.7595	1		0.0088623	12.0616	43.3657	0	0	0	
2024-06-14 00:16:21	94	115	1	0	0	7	29	0	0	0	29	0	0	1	29	0	0	0	29	0	0	5.195		99.9789	64.2564	0.046666	0	0.466758	0.170971	17.5964	1		0.0088623	12.0616	41.6764	0	0	0	
2024-06-14 00:04:35	2	116	9	0	0	0	1	0	0	0	1	0	0	5.25	1	0	0	0	1	0	0	4.546		99.9904	71.2052	0.051247	0	0.512519	0.180231	16.9063	1		0	11.9552	46.3544	0	0	0	
2024-06-14 00:04:15	1	117	9	0	0	0	1	0	0	0	1	0	0	4	1	0	0	0	1	0	0	3.464		99.9899	70.2848	0.0608975	0	0.609037	0.168471	15.3068	4		0.0088623	12.0793	46.4844	0	0	0	
2024-06-14 00:17:30	103	118	1	0	0	7.75	32	0	0	0	32	0	0	1.75	32	0	0	0	32	0	0	5.195		99.9764	64.0644	0.0409164	0	0.409261	0.00245484	15.4288	1		0	12.0616	41.6764	0	0	0	
2024-06-14 00:13:09	69	119	5	0	0	5	21	0	0	0	21	0	0	6	21	0	0	0	21	0	0	0.866		99.98	64.6258	0.255871	0	2.55923	0.466129	16.0801	1		0	12.0616	42.0662	0	0	0	
2024-06-14 00:12:54	67	120	9	0	0	5	21	0	0	0	21	0	0	4.75	21	0	0	0	21	0	0	0.216		99.983	64.6417	0.821954	0	8.22094	0.416184	12.9134	1		0	12.0705	42.0662	0	0	0	
2024-06-14 00:09:56	44	121	1	0	0	3	13	0	0	0	13	0	0	1.5	13	0	0	0	13	0	0	1.299		99.9816	65.6611	0.143406	0	1.43432	0.287205	13.5181	1		0	12.0616	42.8459	0	0	0	
2024-06-14 00:16:58	99	122	9	0	0	7.75	32	0	0	0	32	0	0	6.5	32	0	0	0	32	0	0	1.082		99.9736	63.8337	0.193023	0	1.93074	0.119015	15.164	2		0	12.0616	41.6764	0	0	0	
2024-06-14 00:19:08	116	123	9	0	0	2.25	10	0	0	0	10	0	0	5.5	10	0	0	0	10	0	0	2.814		99.9751	64.7618	0.0827566	0	0.827772	0.74248	16.9034	1		0	12.0616	41.6764	0	0	0	
2024-06-14 00:24:56	160	124	1	0	0	3	13	0	0	4.75	13	0	0	1.25	13	0	0	6.5	13	0	0	0.908		99.9819	20.7277	0.0704399	0	0.704526	2.22816	7.74667	4		0	12.0616	41.4165	0	0	0	
2024-06-14 00:10:46	51	125	5	0	0	4	17	0	0	0	17	0	0	6	17	0	0	0	17	0	0	1.732		99.9873	64.4617	0.115782	0	1.15796	0.286968	14.5514	1		0.0088623	12.0616	42.4561	0	0	0	
2024-06-14 00:11:03	53	126	9	0	0	4	17	0	0	0	17	0	0	4.75	17	0	0	0	17	0	0	0.649		99.98	64.1427	0.357186	0	3.57258	0.391821	16.8354	1		0	12.0616	42.4561	0	0	0	
2024-06-14 00:05:37	10	127	1	0	0	0	1	0	0	0	1	0	0	2.25	1	0	0	0	1	0	0	1.948		99.9899	66.8637	0.107263	0	1.07274	0.0077181	15.1655	1		0	12.0616	45.3149	0	0	0	
2024-06-14 00:24:46	159	128	1	0	0	3.25	14	0	0	4.5	14	0	0	2	14	0	0	5.75	14	0	0	0.649		99.98	20.2284	0.179362	0	1.79398	0.0116642	14.0899	2		0	12.0705	41.6764	0	0	0	
2024-06-14 00:10:24	48	129	1	0	0	3	13	0	0	0	13	0	0	3.25	13	0	0	0	13	0	0	0.216		99.9876	65.5305	0.80879	0	8.0889	0.376559	12.706	1		0	12.0616	42.7159	0	0	0	
2024-06-14 00:08:10	30	130	5	0	0	2	9	0	0	0	9	0	0	7.75	9	0	0	0	9	0	0	4.979		99.9876	65.3396	0.0437979	0	0.438033	0.100829	15.8254	1		0.0088623	12.0616	43.6256	0	0	0	
2024-06-14 00:07:32	26	131	9	0	0	2	9	0	0	0	9	0	0	6.5	9	0	0	0	9	0	0	3.897		99.9861	65.8003	0.0557809	0	0.557886	0.192813	15.7739	1		0	12.0705	44.0154	0	0	0	
2024-06-14 00:15:18	86	132	9	0	0	7	29	0	0	0	29	0	0	5.5	29	0	0	0	29	0	0	1.299		99.9766	63.9323	0.158464	0	1.58501	0.359616	14.9384	2		0	12.0616	41.8063	0	0	0	
2024-06-14 00:15:18	86	133	5	0	0	7	29	0	0	0	29	0	0	4.25	29	0	0	0	29	0	0	2.381		99.9766	63.9323	0.083184	0	0.832035	0.17137	14.3765	2		0	12.0616	41.8063	0	0	0	
2024-06-14 00:06:29	17	134	1	0	0	1	5	0	0	0	5	0	0	5	5	0	0	0	5	0	0	3.464		99.9889	65.7663	0.063273	0	0.6328	0.516403	15.904	1		0.0088623	12.0616	44.2753	0	0	0	
2024-06-14 00:06:43	19	135	1	0	0	1	5	0	0	0	5	0	0	3.75	5	0	0	0	5	0	0	2.381		99.9909	65.4887	0.0806779	0	0.806853	0.164002	13.9414	1		0.0088623	12.0705	44.4052	0	0	0	
2024-06-14 00:15:10	85	136	5	0	0	6	25	0	0	0	25	0	0	2.75	25	0	0	0	25	0	0	2.814		99.98	64.1818	0.0720203	0	0.720347	0.0476051	14.7097	1		0	12.0616	41.8063	0	0	0	
2024-06-14 00:13:37	73	137	5	0	0	5	21	0	0	0	21	0	0	2.25	21	0	0	0	21	0	0	2.381		99.9749	64.6105	0.0808244	0	0.808447	0.10569	13.969	1		0	12.0616	41.9363	0	0	0	
2024-06-14 00:15:35	88	138	1	0	0	7	29	0	0	0	29	0	0	0.25	29	0	0	0	29	0	0	5.845		99.9822	63.7105	0.0405224	0	0.405296	0.397618	17.1892	2		0	12.0616	41.8063	0	0	0	
2024-06-14 00:04:52	4	139	1	0	0	0	1	0	0	0	1	0	0	3.25	1	0	0	0	1	0	0	2.814		99.9902	68.2121	0.0696	0	0.696068	0.00558722	14.2139	1		0	12.0616	45.9646	0	0	0	
2024-06-14 00:09:38	42	140	9	0	0	3	13	0	0	0	13	0	0	7.25	13	0	0	0	13	0	0	3.68		99.9813	65.5062	0.074558	0	0.74572	0.24309	19.9134	2		0	12.0616	42.9758	0	0	0	
2024-06-14 00:13:45	74	141	5	0	0	6	25	0	0	0	25	0	0	6.75	25	0	0	0	25	0	0	0.649		99.9762	63.9796	0.36505	0	3.65137	0.234213	17.2067	2		0	12.0616	42.0662	0	0	0	
2024-06-14 00:18:29	111	142	9	0	0	3.75	16	0	0	0	16	0	0	4	16	0	0	0	16	0	0	0.216		99.9775	64.4232	0.886291	0	8.86491	0.804107	13.925	1		0.0088623	12.0616	41.6764	0	0	0	
2024-06-14 00:17:45	105	143	1	0	0	7.75	32	0	0	0	32	0	0	1	32	0	0	0	32	0	0	5.845		99.9744	63.9954	0.0380112	0	0.380209	0.840129	16.1252	1		0.0088623	12.0616	41.4165	0	0	0	
2024-06-14 00:12:54	67	144	5	0	0	5	21	0	0	0	21	0	0	5.25	21	0	0	0	21	0	0	0.216		99.983	64.6417	0.838853	0	8.38996	0.350834	13.1789	1		0	12.0705	42.0662	0	0	0	
2024-06-14 00:12:26	64	145	5	0	0	5	21	0	0	0	21	0	0	4	21	0	0	0	21	0	0	0.866		99.9781	64.1361	0.252281	0	2.52336	0.0923634	15.8547	2		0.0088623	12.0705	42.1962	0	0	0	
2024-06-14 00:10:17	47	146	5	0	0	3	13	0	0	0	13	0	0	0.75	13	0	0	0	13	0	0	1.948		99.9833	65.6052	0.0945578	0	0.945735	0.255254	13.37	1		0	12.0616	42.586	0	0	0	
2024-06-14 00:07:12	23	147	5	0	0	1	5	0	0	0	5	0	0	1.75	5	0	0	0	5	0	0	0.649		99.9894	65.363	0.318203	0	3.18237	0.313592	14.9965	1		0.0088623	12.0616	44.1454	0	0	0	
2024-06-14 00:11:32	57	148	5	0	0	4	17	0	0	0	17	0	0	2	17	0	0	0	17	0	0	1.732		99.9803	64.1535	0.109677	0	1.09698	0.281544	13.7851	1		0	12.0616	42.4561	0	0	0	
2024-06-14 00:17:38	104	149	9	0	0	7.75	32	0	0	0	32	0	0	5.75	32	0	0	0	32	0	0	1.732		99.9759	64.0215	0.112699	0	1.12727	0.35655	14.1656	1		0	12.0616	41.5464	0	0	0	
2024-06-14 00:16:50	98	150	5	0	0	7.75	32	0	0	0	32	0	0	4.5	32	0	0	0	32	0	0	2.814		99.9758	64.0306	0.0676882	0	0.677046	0.753426	13.8255	1		0	12.0616	41.6764	0	0	0	
2024-06-14 00:20:44	128	151	1	0	0	2.25	10	0	0	0	10	0	0	3.5	10	0	0	0	10	0	0	1.082		99.9765	65.1709	0.181323	0	1.81365	0.423023	14.2444	1		0.0088623	12.0616	41.4165	0	0	0	
2024-06-14 00:19:54	122	152	9	0	0	0.25	2	0	0	0	2	0	0	7.5	2	0	0	0	2	0	0	6.278		99.9792	64.0115	0.0383748	0	0.383828	0.544278	17.4845	1		0	12.0616	41.5464	0	0	0	
2024-06-14 00:14:34	80	153	1	0	0	6	25	0	0	0	25	0	0	1.75	25	0	0	0	25	0	0	3.68		99.9742	64.0571	0.0639809	0	0.639974	0.475422	17.0896	1		0	12.0616	41.8063	0	0	0	
2024-06-14 00:10:31	49	154	5	0	0	4	17	0	0	0	17	0	0	5.25	17	0	0	0	17	0	0	1.082		99.9863	64.9698	0.196702	0	1.96729	0.714561	15.4511	1		0	12.0616	42.7159	0	0	0	
2024-06-14 00:05:51	12	155	1	0	0	0	1	0	0	0	1	0	0	1.5	1	0	0	0	1	0	0	1.299		99.9916	66.7874	0.144223	0	1.44235	0.215241	13.5939	1		0	11.9552	45.055	0	0	0	
2024-06-14 00:09:49	43	156	1	0	0	3	13	0	0	0	13	0	0	2.5	13	0	0	0	13	0	0	0.433		99.9814	65.6469	0.470503	0	4.7059	0.43271	14.784	1		0.0088623	12.0705	42.9758	0	0	0	
2024-06-14 00:08:18	31	157	9	0	0	2	9	0	0	0	9	0	0	5.75	9	0	0	0	9	0	0	3.247		99.9844	64.9186	0.0656102	0	0.656205	0.119153	15.4615	2		0	12.0616	43.3657	0	0	0	
2024-06-14 00:07:40	27	158	9	0	0	2	9	0	0	0	9	0	0	4.5	9	0	0	0	9	0	0	2.165		99.9864	65.2459	0.0900931	0	0.901054	0.0585696	14.1537	2		0	12.0616	43.7555	0	0	0	
2024-06-14 00:16:29	95	159	1	0	0	7	29	0	0	0	29	0	0	3.5	29	0	0	0	29	0	0	3.031		99.9754	64.1787	0.0651799	0	0.651959	0.0975825	14.3373	1		0	12.0616	41.8063	0	0	0	
2024-06-14 00:06:57	21	160	5	0	0	1	5	0	0	0	5	0	0	3	5	0	0	0	5	0	0	1.732		99.9852	65.4606	0.10681	0	1.06826	0.148651	13.4242	1		0.0088623	12.0705	44.2753	0	0	0	
2024-06-14 00:05:12	7	161	9	0	0	0	1	0	0	0	1	0	0	7.25	1	0	0	0	1	0	0	6.278		99.9896	67.0102	0.0418864	0	0.418908	0.227165	19.0825	2		0	12.0705	45.5748	0	0	0	
2024-06-14 00:12:08	62	162	1	0	0	5	21	0	0	0	21	0	0	1.5	21	0	0	0	21	0	0	3.031		99.9738	64.2438	0.0661115	0	0.661289	0.0280766	14.5425	2		0	12.0616	42.1962	0	0	0	
2024-06-14 00:08:49	35	163	1	0	0	2	9	0	0	0	9	0	0	1.25	9	0	0	0	9	0	0	0.649		99.9821	65.0198	0.308771	0	3.08826	0.328356	14.5531	1		0.0088623	11.9552	43.1058	0	0	0	
2024-06-14 00:23:16	147	164	1	0	0	1.5	7	0	0	0	7	0	0	0.25	7	0	0	0	7	0	0	1.082		99.977	62.4713	0.17865	0	1.78691	0.264538	14.0344	1		0	12.0616	41.6764	0	0	0	
2024-06-14 00:05:23	8	165	1	0	0	0	1	0	0	0	1	0	0	2.5	1	0	0	0	1	0	0	2.165		99.996	67.0416	0.0887143	0	0.887178	0.0604144	13.9358	1		0.0088623	12.0616	45.3149	0	0	0	
2024-06-14 00:22:27	141	166	1	0	0	6.25	26	0	0	0	26	0	0	1.5	26	0	0	0	26	0	0	4.113		99.9738	63.185	0.0587009	0	0.587163	0.0523794	17.524	2		0	12.0616	41.5464	0	0	0	
2024-06-14 00:24:14	155	167	9	0	0	7.25	30	0	0	0	30	0	0	6.5	30	0	0	0	30	0	0	0.649		99.9763	63.5635	0.340346	0	3.40426	0.73518	16.0422	1		0	11.9552	41.6764	0	0	0	
2024-06-14 00:09:24	40	168	5	0	0	3	13	0	0	0	13	0	0	7.75	13	0	0	0	13	0	0	4.113		99.9811	65.9247	0.0502933	0	0.503028	0.0390451	15.0129	1		0	12.0616	43.1058	0	0	0	
2024-06-14 00:09:56	44	169	5	0	0	3	13	0	0	0	13	0	0	6.5	13	0	0	0	13	0	0	3.031		99.9816	65.6611	0.0690586	0	0.690713	0.322968	15.1896	1		0	12.0616	42.8459	0	0	0	
2024-06-14 00:06:36	18	170	5	0	0	1	5	0	0	0	5	0	0	7	5	0	0	0	5	0	0	5.195		99.991	65.8603	0.0459379	0	0.459421	0.322939	17.3197	1		0.0088623	12.0616	44.5352	0	0	0	
2024-06-14 00:14:41	81	171	5	0	0	6	25	0	0	0	25	0	0	4.75	25	0	0	0	25	0	0	1.082		99.9771	64.7648	0.198767	0	1.98813	0.225819	15.6147	1		0	12.0616	41.8063	0	0	0	
2024-06-14 00:16:50	98	172	1	0	0	7.75	32	0	0	0	32	0	0	0.25	32	0	0	0	32	0	0	6.494		99.9758	64.0306	0.0340047	0	0.34013	0.594155	16.0282	1		0	12.0616	41.6764	0	0	0	
2024-06-14 00:13:30	72	173	1	0	0	5	21	0	0	0	21	0	0	3.25	21	0	0	0	21	0	0	1.515		99.9748	64.4999	0.126464	0	1.26496	0.245113	13.909	1		0	11.9552	42.0662	0	0	0	
2024-06-14 00:09:32	41	174	1	0	0	3	13	0	0	0	13	0	0	0	13	0	0	0	13	0	0	2.598		99.9789	65.8703	0.0767639	0	0.767801	0.0625833	14.4727	1		0	12.0616	42.9758	0	0	0	
2024-06-14 00:18:36	112	175	9	0	0	3.5	15	0	0	0	15	0	0	4.25	15	0	0	0	15	0	0	0.649		99.9728	63.4687	0.343003	0	3.43096	0.497062	16.168	1		0	11.9552	41.6764	0	0	0	
2024-06-14 00:11:32	57	176	1	0	0	4	17	0	0	0	17	0	0	1.25	17	0	0	0	17	0	0	2.381		99.9803	64.1535	0.0807935	0	0.808094	0.468816	13.9629	1		0	12.0616	42.4561	0	0	0	
2024-06-14 00:17:08	100	177	1	0	0	7.75	32	0	0	0	32	0	0	5	32	0	0	0	32	0	0	2.381		99.9795	63.9566	0.0794412	0	0.794575	0.361407	13.7293	1		0	12.0616	41.6764	0	0	0	
2024-06-14 00:17:38	104	178	1	0	0	7.75	32	0	0	0	32	0	0	3.75	32	0	0	0	32	0	0	3.464		99.9759	64.0215	0.0555601	0	0.555735	0.341969	13.9671	1		0	12.0616	41.5464	0	0	0	
2024-06-14 00:25:52	165	179	1	0	0	1.25	6	0	0	6.5	6	0	0	3	6	0	0	4.75	6	0	0	0.908		99.9823	20.1165	0.0961867	0	0.962037	0.294081	10.5782	2		0.0088623	12.0616	41.6764	0	0	0	
2024-06-14 00:14:49	82	180	1	0	0	6	25	0	0	0	25	0	0	1	25	0	0	0	25	0	0	4.33		99.9824	64.3389	0.0577705	0	0.577807	0.159263	18.1523	1		0	12.0616	41.9363	0	0	0	
2024-06-14 00:11:25	56	181	1	0	0	4	17	0	0	0	17	0	0	3.25	17	0	0	0	17	0	0	0.649		99.9774	64.2449	0.343919	0	3.43996	0.332137	16.2105	1		0.0088623	12.0616	42.4561	0	0	0	
2024-06-14 00:05:30	9	182	5	0	0	0	1	0	0	0	1	0	0	0.75	1	0	0	0	1	0	0	0.649		99.9944	67.2014	0.324737	0	3.24755	0.227557	15.3037	1		0	12.0616	45.3149	0	0	0	
2024-06-14 00:25:21	162	183	1	0	0	3.5	15	0	0	4.25	15	0	0	3.75	15	0	0	4	15	0	0	0.13		99.9838	19.3257	0.58527	0	5.85365	0.992629	9.19489	1		0	12.0616	41.6764	0	0	0	
2024-06-14 00:08:00	29	184	5	0	0	2	9	0	0	0	9	0	0	5	9	0	0	0	9	0	0	2.598		99.9869	64.8171	0.0774983	0	0.775084	0.0400767	14.61	2		0	11.9552	43.7555	0	0	0	
2024-06-14 00:07:32	26	185	1	0	0	2	9	0	0	0	9	0	0	3.75	9	0	0	0	9	0	0	1.515		99.9861	65.8003	0.131715	0	1.31733	0.467445	14.4848	1		0	12.0705	44.0154	0	0	0	
2024-06-14 00:15:27	87	186	1	0	0	7	29	0	0	0	29	0	0	2.75	29	0	0	0	29	0	0	3.68		99.9752	64.2386	0.0560762	0	0.560901	0.00651957	14.978	1		0	12.0705	41.6764	0	0	0	
2024-06-14 00:16:29	95	187	5	0	0	7	29	0	0	0	29	0	0	2.25	29	0	0	0	29	0	0	4.113		99.9754	64.1787	0.0516025	0	0.516152	0.00557689	15.4046	1		0	12.0616	41.8063	0	0	0	
2024-06-14 00:05:23	8	188	9	0	0	0	1	0	0	0	1	0	0	7.75	1	0	0	0	1	0	0	6.711		99.996	67.0416	0.0355348	0	0.355363	0.496818	17.3043	1		0.0088623	12.0616	45.3149	0	0	0	
2024-06-14 00:05:06	6	189	9	0	0	0	1	0	0	0	1	0	0	6.5	1	0	0	0	1	0	0	5.628		99.9957	67.9167	0.0421547	0	0.421565	0.373624	17.217	1		0.0088623	12.0616	45.5748	0	0	0	
2024-06-14 00:12:26	64	190	1	0	0	5	21	0	0	0	21	0	0	0.75	21	0	0	0	21	0	0	3.68		99.9781	64.1361	0.0592538	0	0.592668	0.119972	15.8263	2		0.0088623	12.0705	42.1962	0	0	0	
2024-06-14 00:12:36	65	191	9	0	0	5	21	0	0	0	21	0	0	7.25	21	0	0	0	21	0	0	1.948		99.9798	63.952	0.128068	0	1.28094	0.256483	18.1089	2		0.0088623	12.0616	42.1962	0	0	0	
2024-06-14 00:24:07	154	192	9	0	0	5.75	24	0	0	0	24	0	0	4	24	0	0	0	24	0	0	1.515		99.9764	63.8396	0.131336	0	1.31367	0.37738	14.4445	1		0	12.0705	41.6764	0	0	0	
2024-06-14 00:20:58	130	193	9	0	0	4.5	19	0	0	0	19	0	0	5.25	19	0	0	0	19	0	0	0.649		99.9736	63.5357	0.34241	0	3.425	0.470872	16.1399	1		0	12.0616	41.6764	0	0	0	
2024-06-14 00:25:28	163	194	1	0	0	2.75	12	0	0	5	12	0	0	3.5	12	0	0	4.25	12	0	0	0.389		99.9828	20.7473	0.332662	0	3.3272	0.91827	15.679	3		0	12.0705	41.6764	0	0	0	
2024-06-14 00:08:35	33	195	1	0	0	2	9	0	0	0	9	0	0	0.5	9	0	0	0	9	0	0	1.299		99.982	65.3842	0.144296	0	1.44322	0.365244	13.6021	1		0	12.0616	43.3657	0	0	0	
2024-06-14 00:19:44	121	196	9	0	0	0.5	3	0	0	0	3	0	0	7.25	3	0	0	0	3	0	0	5.845		99.9707	63.4055	0.10323	0	1.03261	0.490998	43.7944	2		0.0088623	12.0616	41.4165	0	0	0	
2024-06-14 00:10:53	52	197	5	0	0	4	17	0	0	0	17	0	0	7.25	17	0	0	0	17	0	0	2.814		99.9832	64.0246	0.0828105	0	0.828244	0.0551467	16.913	2		0	12.0616	42.4561	0	0	0	
2024-06-14 00:09:32	41	198	9	0	0	3	13	0	0	0	13	0	0	5.75	13	0	0	0	13	0	0	2.381		99.9789	65.8703	0.0814478	0	0.81465	0.197823	14.0761	1		0	12.0616	42.9758	0	0	0	
2024-06-14 00:09:49	43	199	5	0	0	3	13	0	0	0	13	0	0	4.5	13	0	0	0	13	0	0	1.299		99.9814	65.6469	0.151724	0	1.51752	0.150342	14.3023	1		0.0088623	12.0705	42.9758	0	0	0	
2024-06-14 00:15:27	87	200	5	0	0	7	29	0	0	0	29	0	0	6.75	29	0	0	0	29	0	0	0.216		99.9752	64.2386	0.834221	0	8.34428	0.834331	13.1072	1		0	12.0705	41.6764	0	0	0	
2024-06-14 00:06:05	14	201	5	0	0	1	5	0	0	0	5	0	0	7.5	5	0	0	0	5	0	0	5.628		99.9902	65.6648	0.0422906	0	0.422947	0.0666076	17.2735	2		0	11.9552	44.6651	0	0	0	
2024-06-14 00:06:36	18	202	9	0	0	1	5	0	0	0	5	0	0	6.25	5	0	0	0	5	0	0	4.546		99.991	65.8603	0.053422	0	0.534268	0.200599	17.6238	1		0.0088623	12.0616	44.5352	0	0	0	
2024-06-14 00:13:55	75	203	5	0	0	6	25	0	0	0	25	0	0	5.25	25	0	0	0	25	0	0	0.649		99.9759	64.2337	0.348624	0	3.48708	0.729157	16.4325	1		0	12.0705	41.9363	0	0	0	
2024-06-14 00:13:55	75	204	9	0	0	6	25	0	0	0	25	0	0	4	25	0	0	0	25	0	0	1.732		99.9759	64.2337	0.114218	0	1.14245	0.271299	14.3565	1		0	12.0705	41.9363	0	0	0	
2024-06-14 00:12:54	67	205	1	0	0	5	21	0	0	0	21	0	0	2.5	21	0	0	0	21	0	0	2.165		99.983	64.6417	0.0941063	0	0.941223	0.569668	14.7847	1		0	12.0705	42.0662	0	0	0	
2024-06-14 00:06:15	15	206	1	0	0	1	5	0	0	0	5	0	0	0.25	5	0	0	0	5	0	0	0.649		99.9889	65.7177	0.325883	0	3.25919	0.388352	15.3586	1		0	12.0616	44.6651	0	0	0	
2024-06-14 00:11:03	53	207	1	0	0	4	17	0	0	0	17	0	0	0.5	17	0	0	0	17	0	0	3.031		99.98	64.1427	0.0668346	0	0.66848	0.472297	14.7006	1		0	12.0616	42.4561	0	0	0	
2024-06-14 00:17:52	106	208	5	0	0	7.75	32	0	0	0	32	0	0	3	32	0	0	0	32	0	0	4.113		99.9741	63.9356	0.0476228	0	0.476351	0.412366	14.2168	1		0	12.0616	41.6764	0	0	0	
2024-06-14 00:14:41	81	209	1	0	0	6	25	0	0	0	25	0	0	0.25	25	0	0	0	25	0	0	4.979		99.9771	64.7648	0.0471347	0	0.471456	0.337993	17.0329	1		0	12.0616	41.8063	0	0	0	
2024-06-14 00:21:59	138	210	1	0	0	5.25	22	0	0	0	22	0	0	2.5	22	0	0	0	22	0	0	2.381		99.976	63.2757	0.130986	0	1.31017	0.782981	22.6382	2		0	12.0616	41.6764	0	0	0	
2024-06-14 00:10:39	50	211	1	0	0	4	17	0	0	0	17	0	0	2.5	17	0	0	0	17	0	0	1.299		99.9831	64.6636	0.149915	0	1.4994	0.576924	14.1315	1		0.0088623	12.0616	42.4561	0	0	0	
2024-06-14 00:08:28	32	212	1	0	0	2	9	0	0	0	9	0	0	3	9	0	0	0	9	0	0	0.866		99.9863	65.0632	0.234016	0	2.34049	0.287152	14.7057	1		0	12.0616	43.4956	0	0	0	
2024-06-14 00:16:43	97	213	5	0	0	7	29	0	0	0	29	0	0	1.5	29	0	0	0	29	0	0	4.762		99.9745	64.0191	0.0478966	0	0.479088	0.00251537	16.5561	1		0	12.0616	41.6764	0	0	0	
2024-06-14 00:04:52	4	214	5	0	0	0	1	0	0	0	1	0	0	5.75	1	0	0	0	1	0	0	4.979		99.9902	68.2121	0.0466307	0	0.466353	0.159652	16.8485	1		0	12.0616	45.9646	0	0	0	
2024-06-14 00:04:42	3	215	9	0	0	0	1	0	0	0	1	0	0	4.5	1	0	0	0	1	0	0	3.897		99.9882	68.773	0.0545395	0	0.54546	0.114961	15.4225	2		0.0088623	12.0705	46.2245	0	0	0	
2024-06-14 00:12:46	66	216	1	0	0	5	21	0	0	0	21	0	0	0	21	0	0	0	21	0	0	4.33		99.9793	64.3248	0.0512896	0	0.513002	0.364778	16.1164	1		0.0088623	12.0616	41.9363	0	0	0	
2024-06-14 00:18:07	108	217	5	0	0	7.75	32	0	0	0	32	0	0	2.25	32	0	0	0	32	0	0	4.762		99.9749	64.0131	0.0426054	0	0.426161	0.250641	14.7271	1		0.0088623	12.0616	41.6764	0	0	0	
2024-06-14 00:12:36	65	218	5	0	0	5	21	0	0	0	21	0	0	7.75	21	0	0	0	21	0	0	2.381		99.9798	63.952	0.0827728	0	0.827895	0.0984688	14.305	2		0.0088623	12.0616	42.1962	0	0	0	
2024-06-14 00:12:18	63	219	9	0	0	5	21	0	0	0	21	0	0	6.5	21	0	0	0	21	0	0	1.299		99.9761	64.5264	0.162914	0	1.62953	0.215683	15.3579	1		0.0088623	12.0616	42.1962	0	0	0	
2024-06-14 00:10:10	46	220	5	0	0	3	13	0	0	0	13	0	0	2	13	0	0	0	13	0	0	0.866		99.9823	65.5407	0.232791	0	2.32832	0.436098	14.6293	1		0	12.0616	42.7159	0	0	0	
2024-06-14 00:21:45	136	221	1	0	0	4.5	19	0	0	0	19	0	0	3.25	19	0	0	0	19	0	0	1.082		99.9751	63.4076	0.191321	0	1.91369	0.61988	15.0301	1		0	12.0616	41.6764	0	0	0	
2024-06-14 00:17:45	105	222	5	0	0	7.75	32	0	0	0	32	0	0	7	32	0	0	0	32	0	0	0.649		99.9744	63.9954	0.343105	0	3.43193	0.241964	16.1726	1		0.0088623	12.0616	41.4165	0	0	0	
2024-06-14 00:23:59	153	223	9	0	0	5.5	23	0	0	0	23	0	0	4.25	23	0	0	0	23	0	0	1.082		99.9795	63.2467	0.196032	0	1.96072	0.425268	15.3995	1		0	11.9552	41.6764	0	0	0	
2024-06-14 00:22:44	143	224	1	0	0	6.75	28	0	0	0	28	0	0	1	28	0	0	0	28	0	0	4.979		99.9741	63.224	0.0520785	0	0.52092	0.443435	18.82	1		0	12.0616	41.6764	0	0	0	
2024-06-14 00:21:05	131	225	9	0	0	4.25	18	0	0	0	18	0	0	5.5	18	0	0	0	18	0	0	1.082		99.9729	63.5474	0.196394	0	1.96447	0.446759	15.4289	1		0	12.0616	41.6764	0	0	0	
2024-06-14 00:11:11	54	226	5	0	0	4	17	0	0	0	17	0	0	7.75	17	0	0	0	17	0	0	3.247		99.9809	64.2823	0.0616399	0	0.616517	0.0184826	14.5263	1		0	12.0705	42.4561	0	0	0	
2024-06-14 00:10:39	50	227	9	0	0	4	17	0	0	0	17	0	0	6.5	17	0	0	0	17	0	0	2.165		99.9831	64.6636	0.0922407	0	0.922563	0.0418982	14.4916	1		0.0088623	12.0616	42.4561	0	0	0	
2024-06-14 00:09:03	37	228	5	0	0	3	13	0	0	0	13	0	0	5	13	0	0	0	13	0	0	1.732		99.9808	65.7873	0.110943	0	1.10964	0.399287	13.9442	1		0	12.0616	43.2357	0	0	0	
2024-06-14 00:10:03	45	229	5	0	0	3	13	0	0	0	13	0	0	3.75	13	0	0	0	13	0	0	0.649		99.983	65.6453	0.332042	0	3.32099	0.515514	15.6498	1		0	12.0616	42.8459	0	0	0	
2024-06-14 00:08:10	30	230	9	0	0	2	9	0	0	0	9	0	0	7	9	0	0	0	9	0	0	4.33		99.9876	65.3396	0.0507128	0	0.50719	0.159497	15.9339	1		0.0088623	12.0616	43.6256	0	0	0	
2024-06-14 00:16:07	92	231	5	0	0	7	29	0	0	0	29	0	0	6	29	0	0	0	29	0	0	0.866		99.9799	64.2621	0.257976	0	2.58028	0.454907	16.2124	1		0	12.0616	41.6764	0	0	0	
2024-06-14 00:15:45	89	232	9	0	0	7	29	0	0	0	29	0	0	4.75	29	0	0	0	29	0	0	1.948		99.9807	63.8756	0.102116	0	1.02135	0.123429	14.439	1		0.0088623	11.9552	41.8063	0	0	0	
2024-06-14 00:06:43	19	233	9	0	0	1	5	0	0	0	5	0	0	5.5	5	0	0	0	5	0	0	3.897		99.9909	65.4887	0.061568	0	0.615736	0.251603	17.4095	1		0.0088623	12.0705	44.4052	0	0	0	
2024-06-14 00:05:58	13	234	9	0	0	1	5	0	0	0	5	0	0	4.25	5	0	0	0	5	0	0	2.814		99.9888	66.5031	0.0729999	0	0.730081	0.42007	14.9085	1		0	12.0616	44.925	0	0	0	
2024-06-14 00:13:45	74	235	1	0	0	6	25	0	0	0	25	0	0	3.25	25	0	0	0	25	0	0	2.381		99.9762	63.9796	0.0827048	0	0.827245	0.126993	14.2938	2		0	12.0616	42.0662	0	0	0	
2024-06-14 00:20:19	125	236	1	0	0	0.25	2	0	0	0	2	0	0	1.5	2	0	0	0	2	0	0	1.082		99.976	63.2368	0.176307	0	1.76349	0.0140751	13.8504	2		0	12.0616	41.4165	0	0	0	
2024-06-14 00:16:21	94	237	5	0	0	7	29	0	0	0	29	0	0	0.75	29	0	0	0	29	0	0	5.412		99.9789	64.2564	0.0440434	0	0.440527	0.165846	17.2994	1		0.0088623	12.0616	41.6764	0	0	0	
2024-06-14 00:04:35	2	238	5	0	0	0	1	0	0	0	1	0	0	5	1	0	0	0	1	0	0	4.33		99.9904	71.2052	0.0511163	0	0.511212	0.402198	16.0602	1		0	11.9552	46.3544	0	0	0	
2024-06-14 00:04:35	2	239	1	0	0	0	1	0	0	0	1	0	0	3.75	1	0	0	0	1	0	0	3.247		99.9904	71.2052	0.0625873	0	0.625933	0.238468	14.7482	1		0	11.9552	46.3544	0	0	0	
2024-06-14 00:24:21	156	240	9	0	0	7.5	31	0	0	0	31	0	0	6.25	31	0	0	0	31	0	0	1.082		99.9741	63.0837	0.190805	0	1.90854	0.0183627	14.9896	2		0	12.0616	41.6764	0	0	0	
2024-06-14 00:21:30	134	241	9	0	0	6.25	26	0	0	0	26	0	0	7.5	26	0	0	0	26	0	0	1.082		99.9743	63.4683	0.191714	0	1.91763	0.275355	15.0611	1		0	12.0616	41.6764	0	0	0	
2024-06-14 00:14:10	77	242	5	0	0	6	25	0	0	0	25	0	0	7.25	25	0	0	0	25	0	0	1.082		99.9766	63.8215	0.256636	0	2.56696	0.560384	20.1609	2		0	12.0616	41.6764	0	0	0	
2024-06-14 00:18:07	108	243	1	0	0	7.75	32	0	0	0	32	0	0	1.5	32	0	0	0	32	0	0	5.412		99.9749	64.0131	0.0390402	0	0.3905	0.212036	15.3349	1		0.0088623	12.0616	41.6764	0	0	0	
2024-06-14 00:12:46	66	244	9	0	0	5	21	0	0	0	21	0	0	5.75	21	0	0	0	21	0	0	0.649		99.9793	64.3248	0.348901	0	3.48973	0.314945	16.445	1		0.0088623	12.0616	41.9363	0	0	0	
2024-06-14 00:13:02	68	245	9	0	0	5	21	0	0	0	21	0	0	4.5	21	0	0	0	21	0	0	0.433		99.9803	64.5151	0.499252	0	4.9935	0.470393	15.6875	1		0	12.0616	41.9363	0	0	0	
2024-06-14 00:10:17	47	246	1	0	0	3	13	0	0	0	13	0	0	1.25	13	0	0	0	13	0	0	1.515		99.9833	65.6052	0.121647	0	1.21667	0.350173	13.378	1		0	12.0616	42.586	0	0	0	
2024-06-14 00:07:18	24	247	5	0	0	1	5	0	0	0	5	0	0	2.25	5	0	0	0	5	0	0	1.082		99.99	65.2932	0.174962	0	1.7498	0.222053	13.7429	1		0	12.0705	44.0154	0	0	0	
2024-06-14 00:20:09	124	248	1	0	0	0.5	3	0	0	0	3	0	0	1.25	3	0	0	0	3	0	0	0.649		99.9728	63.6636	0.332042	0	3.32133	0.125579	15.6514	2		0	12.0616	41.6764	0	0	0	
2024-06-14 00:18:58	115	249	9	0	0	2.5	11	0	0	0	11	0	0	5.25	11	0	0	0	11	0	0	2.381		99.9735	64.3625	0.0937261	0	0.93751	0.3758	16.199	2		0.0088623	12.0616	41.6764	0	0	0	
2024-06-14 00:17:30	103	250	5	0	0	7.75	32	0	0	0	32	0	0	7.5	32	0	0	0	32	0	0	0.216		99.9764	64.0644	0.879491	0	8.79699	0.478637	13.8183	1		0	12.0616	41.6764	0	0	0	
2024-06-14 00:17:30	103	251	9	0	0	7.75	32	0	0	0	32	0	0	6.25	32	0	0	0	32	0	0	1.299		99.9764	64.0644	0.157376	0	1.57413	0.353699	14.8358	1		0	12.0616	41.6764	0	0	0	
2024-06-14 00:21:38	135	252	1	0	0	4.25	18	0	0	0	18	0	0	3.5	18	0	0	0	18	0	0	0.649		99.9761	63.3934	0.345222	0	3.45305	0.318791	16.2721	1		0	12.0616	41.5464	0	0	0	
2024-06-14 00:15:03	84	253	1	0	0	6	25	0	0	0	25	0	0	2.25	25	0	0	0	25	0	0	3.247		99.9787	64.2802	0.064532	0	0.645458	0.172253	15.2082	1		0	12.0616	41.9363	0	0	0	
2024-06-14 00:23:53	152	254	9	0	0	5.25	22	0	0	0	22	0	0	4.5	22	0	0	0	22	0	0	0.649		99.977	63.3426	0.341714	0	3.41793	0.554942	16.1066	1		0	12.0616	41.6764	0	0	0	
2024-06-14 00:10:46	51	255	9	0	0	4	17	0	0	0	17	0	0	5.75	17	0	0	0	17	0	0	1.515		99.9873	64.4617	0.132556	0	1.32573	0.205815	14.5772	1		0.0088623	12.0616	42.4561	0	0	0	
2024-06-14 00:11:18	55	256	5	0	0	4	17	0	0	0	17	0	0	4.5	17	0	0	0	17	0	0	0.433		99.9816	64.2711	0.538347	0	5.38446	0.184599	16.9158	1		0.0088623	12.0616	42.4561	0	0	0	
2024-06-14 00:04:59	5	257	1	0	0	0	1	0	0	0	1	0	0	2	1	0	0	0	1	0	0	1.732		99.9949	68.1615	0.135466	0	1.35472	0.471039	17.024	1		0	12.0616	45.8346	0	0	0	
2024-06-14 00:07:50	28	258	5	0	0	2	9	0	0	0	9	0	0	7.5	9	0	0	0	9	0	0	4.762		99.9868	65.0055	0.0482187	0	0.482251	0.100657	16.6654	2		0.0088623	12.0616	43.7555	0	0	0	
2024-06-14 00:08:28	32	259	5	0	0	2	9	0	0	0	9	0	0	6.25	9	0	0	0	9	0	0	3.68		99.9863	65.0632	0.0588112	0	0.588192	0.0964811	15.7068	1		0	12.0616	43.4956	0	0	0	
2024-06-14 00:15:53	90	260	9	0	0	7	29	0	0	0	29	0	0	5.25	29	0	0	0	29	0	0	1.515		99.9782	64.2785	0.132825	0	1.32854	0.209742	14.6081	1		0	12.0616	41.8063	0	0	0	
2024-06-14 00:15:27	87	261	9	0	0	7	29	0	0	0	29	0	0	4	29	0	0	0	29	0	0	2.598		99.9752	64.2386	0.0759975	0	0.760164	0.0723138	14.3287	1		0	12.0705	41.6764	0	0	0	
2024-06-14 00:06:22	16	262	1	0	0	1	5	0	0	0	5	0	0	3.5	5	0	0	0	5	0	0	2.165		99.9891	65.8221	0.0853987	0	0.85408	0.23412	13.4159	1		0	12.0616	44.6651	0	0	0	
2024-06-14 00:14:56	83	263	5	0	0	6	25	0	0	0	25	0	0	2.5	25	0	0	0	25	0	0	3.031		99.9779	64.2604	0.07479	0	0.748065	0.861499	16.4508	1		0.0088623	12.0616	41.8063	0	0	0	
2024-06-14 00:23:46	151	264	1	0	0	3.75	16	0	0	0	16	0	0	2	16	0	0	0	16	0	0	1.515		99.979	63.2756	0.130907	0	1.30935	0.140901	14.3971	1		0	12.0616	41.6764	0	0	0	
2024-06-14 00:13:09	69	265	1	0	0	5	21	0	0	0	21	0	0	2	21	0	0	0	21	0	0	2.598		99.98	64.6258	0.0776449	0	0.776604	0.386943	14.6386	1		0	12.0616	42.0662	0	0	0	
2024-06-14 00:07:25	25	266	1	0	0	2	9	0	0	0	9	0	0	1.75	9	0	0	0	9	0	0	0.216		99.9877	65.9486	0.783141	0	7.83237	0.76612	12.3031	1		0.0088623	12.0616	44.0154	0	0	0	
2024-06-14 00:16:36	96	267	5	0	0	7	29	0	0	0	29	0	0	0	29	0	0	0	29	0	0	6.061		99.9735	64.1008	0.0402933	0	0.403039	0.609902	17.7266	1		0	12.0616	41.6764	0	0	0	
2024-06-14 00:05:06	6	268	1	0	0	0	1	0	0	0	1	0	0	3	1	0	0	0	1	0	0	2.598		99.9957	67.9167	0.0758856	0	0.758889	0.14204	14.3047	1		0.0088623	12.0616	45.5748	0	0	0	
2024-06-14 00:09:10	38	269	9	0	0	3	13	0	0	0	13	0	0	7	13	0	0	0	13	0	0	3.464		99.9839	66.4249	0.0600422	0	0.600519	0.282443	15.0927	1		0.0088623	12.0616	43.1058	0	0	0	
2024-06-14 00:14:03	76	270	5	0	0	6	25	0	0	0	25	0	0	7.75	25	0	0	0	25	0	0	1.515		99.9759	64.6433	0.136709	0	1.36742	0.169946	15.0355	1		0	12.0616	41.6764	0	0	0	
2024-06-14 00:14:34	80	271	5	0	0	6	25	0	0	0	25	0	0	6.5	25	0	0	0	25	0	0	0.433		99.9742	64.0571	0.542709	0	5.42848	0.489958	17.0541	1		0	12.0616	41.8063	0	0	0	
2024-06-14 00:18:21	110	272	1	0	0	7.75	32	0	0	0	32	0	0	0.75	32	0	0	0	32	0	0	6.061		99.973	63.9041	0.0364277	0	0.364375	0.0793785	16.0261	1		0	11.9552	41.6764	0	0	0	
2024-06-14 00:13:23	71	273	5	0	0	5	21	0	0	0	21	0	0	3.75	21	0	0	0	21	0	0	1.082		99.9749	64.4129	0.191283	0	1.91331	0.400825	15.0271	1		0	12.0616	41.9363	0	0	0	
2024-06-14 00:10:10	46	274	1	0	0	3	13	0	0	0	13	0	0	0.5	13	0	0	0	13	0	0	2.165		99.9823	65.5407	0.0874568	0	0.874723	0.201069	13.7401	1		0	12.0616	42.7159	0	0	0	
2024-06-14 00:07:12	23	275	1	0	0	1	5	0	0	0	5	0	0	1.5	5	0	0	0	5	0	0	0.433		99.9894	65.363	0.479365	0	4.79416	0.297552	15.0613	1		0.0088623	12.0616	44.1454	0	0	0	
2024-06-14 00:25:41	164	276	1	0	0	2	9	0	0	5.75	9	0	0	3.25	9	0	0	4.5	9	0	0	0.649		99.982	20.2361	0.174296	0	1.74327	0.244852	13.6916	2		0.0088623	11.973	41.6764	0	0	0	
2024-06-14 00:11:47	59	277	5	0	0	4	17	0	0	0	17	0	0	1.75	17	0	0	0	17	0	0	1.948		99.9841	64.8887	0.0966247	0	0.966401	0.182797	13.6622	1		0	12.0616	42.3261	0	0	0	
2024-06-14 00:20:37	127	278	1	0	0	2.5	11	0	0	0	11	0	0	3.25	11	0	0	0	11	0	0	0.649		99.9715	64.1908	0.321646	0	3.21737	0.650338	15.1615	1		0	12.0616	41.6764	0	0	0	
2024-06-14 00:17:38	104	279	5	0	0	7.75	32	0	0	0	32	0	0	5.5	32	0	0	0	32	0	0	1.948		99.9759	64.0215	0.0994466	0	0.994706	0.348341	14.0623	1		0	12.0616	41.5464	0	0	0	
2024-06-14 00:16:50	98	280	9	0	0	7.75	32	0	0	0	32	0	0	4.25	32	0	0	0	32	0	0	3.031		99.9758	64.0306	0.0633529	0	0.633683	0.785456	13.9354	1		0	12.0616	41.6764	0	0	0	
2024-06-14 00:14:56	83	281	1	0	0	6	25	0	0	0	25	0	0	1.5	25	0	0	0	25	0	0	3.897		99.9779	64.2604	0.0566605	0	0.56673	0.347322	16.0239	1		0.0088623	12.0616	41.8063	0	0	0	
2024-06-14 00:10:31	49	282	9	0	0	4	17	0	0	0	17	0	0	5	17	0	0	0	17	0	0	0.866		99.9863	64.9698	0.25395	0	2.53985	0.73346	15.9584	1		0	12.0616	42.7159	0	0	0	
2024-06-14 00:11:11	54	283	1	0	0	4	17	0	0	0	17	0	0	3.75	17	0	0	0	17	0	0	0.216		99.9809	64.2823	0.885802	0	8.85971	0.339659	13.9168	1		0	12.0705	42.4561	0	0	0	
2024-06-14 00:05:12	7	284	1	0	0	0	1	0	0	0	1	0	0	1.25	1	0	0	0	1	0	0	1.082		99.9896	67.0102	0.177014	0	1.77032	0.0523312	13.9041	2		0	12.0705	45.5748	0	0	0	
2024-06-14 00:08:18	31	285	5	0	0	2	9	0	0	0	9	0	0	5.5	9	0	0	0	9	0	0	3.031		99.9844	64.9186	0.115036	0	1.15054	0.346868	25.3016	2		0	12.0616	43.3657	0	0	0	
2024-06-14 00:07:25	25	286	5	0	0	2	9	0	0	0	9	0	0	4.25	9	0	0	0	9	0	0	1.948		99.9877	65.9486	0.101042	0	1.01055	0.391067	14.2863	1		0.0088623	12.0616	44.0154	0	0	0	
2024-06-14 00:15:18	86	287	1	0	0	7	29	0	0	0	29	0	0	3.25	29	0	0	0	29	0	0	3.247		99.9766	63.9323	0.0615932	0	0.616076	0.00701425	14.5159	2		0	12.0616	41.8063	0	0	0	
2024-06-14 00:06:36	18	288	1	0	0	1	5	0	0	0	5	0	0	2.75	5	0	0	0	5	0	0	1.515		99.991	65.8603	0.121145	0	1.21156	0.108971	13.3218	1		0.0088623	12.0616	44.5352	0	0	0	
2024-06-14 00:05:12	7	289	5	0	0	0	1	0	0	0	1	0	0	7	1	0	0	0	1	0	0	6.061		99.9896	67.0102	0.0400181	0	0.400222	0.176356	17.6027	2		0	12.0705	45.5748	0	0	0	
2024-06-14 00:13:37	73	290	1	0	0	5	21	0	0	0	21	0	0	1.25	21	0	0	0	21	0	0	3.247		99.9749	64.6105	0.0679411	0	0.679581	0.0892505	16.0122	1		0	12.0616	41.9363	0	0	0	
2024-06-14 00:07:40	27	291	1	0	0	2	9	0	0	0	9	0	0	1	9	0	0	0	9	0	0	0.866		99.9864	65.2459	0.223761	0	2.23792	0.0685149	14.0612	2		0	12.0616	43.7555	0	0	0	
2024-06-14 00:09:38	42	292	5	0	0	3	13	0	0	0	13	0	0	7.5	13	0	0	0	13	0	0	3.897		99.9813	65.5062	0.0538975	0	0.539075	0.00201902	15.242	2		0	12.0616	42.9758	0	0	0	
2024-06-14 00:09:49	43	293	9	0	0	3	13	0	0	0	13	0	0	6.25	13	0	0	0	13	0	0	2.814		99.9814	65.6469	0.0732214	0	0.732349	0.211875	14.9548	1		0.0088623	12.0705	42.9758	0	0	0	
2024-06-14 00:15:35	88	294	9	0	0	7	29	0	0	0	29	0	0	7.25	29	0	0	0	29	0	0	0.216		99.9822	63.7105	0.741783	0	7.41915	0.331376	11.654	2		0	12.0616	41.8063	0	0	0	
2024-06-14 00:06:22	16	295	9	0	0	1	5	0	0	0	5	0	0	6.75	5	0	0	0	5	0	0	4.979		99.9891	65.8221	0.0508777	0	0.508832	0.297139	18.3832	1		0	12.0616	44.6651	0	0	0	
2024-06-14 00:14:19	78	296	5	0	0	6	25	0	0	0	25	0	0	5.75	25	0	0	0	25	0	0	0.216		99.9765	63.9706	0.869142	0	8.69347	0.493046	13.6557	1		0	12.0616	41.6764	0	0	0	
2024-06-14 00:14:27	79	297	9	0	0	6	25	0	0	0	25	0	0	4.5	25	0	0	0	25	0	0	1.299		99.9744	64.1031	0.160119	0	1.6016	0.157017	15.0947	1		0.0088623	12.0705	41.9363	0	0	0	
2024-06-14 00:17:59	107	298	5	0	0	7.75	32	0	0	0	32	0	0	0	32	0	0	0	32	0	0	6.711		99.9737	64.2001	0.0340978	0	0.341068	0.738745	16.6082	1		0	12.0616	41.4165	0	0	0	
2024-06-14 00:12:36	65	299	1	0	0	5	21	0	0	0	21	0	0	3	21	0	0	0	21	0	0	1.732		99.9798	63.952	0.109917	0	1.0994	0.10201	13.8154	2		0.0088623	12.0616	42.1962	0	0	0	
2024-06-14 00:07:04	22	300	5	0	0	1	5	0	0	0	5	0	0	0.75	5	0	0	0	5	0	0	0.216		99.9902	65.4752	0.812936	0	8.13015	0.33054	12.7708	1		0.0088623	12.0705	44.2753	0	0	0	
2024-06-14 00:22:20	140	301	1	0	0	5.75	24	0	0	0	24	0	0	2	24	0	0	0	24	0	0	3.247		99.9759	63.6823	0.0671804	0	0.671966	0.277091	15.8328	1		0	12.0616	41.5464	0	0	0	
2024-06-14 00:10:31	49	302	1	0	0	4	17	0	0	0	17	0	0	1	17	0	0	0	17	0	0	2.598		99.9863	64.9698	0.0737558	0	0.737659	0.397151	13.9045	1		0	12.0616	42.7159	0	0	0	
2024-06-14 00:17:52	106	303	1	0	0	7.75	32	0	0	0	32	0	0	3.5	32	0	0	0	32	0	0	3.68		99.9741	63.9356	0.0519574	0	0.519709	0.343592	13.8781	1		0	12.0616	41.6764	0	0	0	
2024-06-14 00:13:55	75	304	1	0	0	6	25	0	0	0	25	0	0	0.75	25	0	0	0	25	0	0	4.546		99.9759	64.2337	0.0527547	0	0.527674	0.236039	17.4062	1		0	12.0705	41.9363	0	0	0	
2024-06-14 00:11:54	60	305	1	0	0	4	17	0	0	0	17	0	0	3	17	0	0	0	17	0	0	0.866		99.9813	64.308	0.242636	0	2.42681	0.272318	15.2481	1		0.0088623	12.0616	42.3261	0	0	0	
2024-06-14 00:05:30	9	306	1	0	0	0	1	0	0	0	1	0	0	0.5	1	0	0	0	1	0	0	0.433		99.9944	67.2014	0.473947	0	4.73973	0.209373	14.8903	1		0	12.0616	45.3149	0	0	0	
2024-06-14 00:24:38	158	307	1	0	0	3.5	15	0	0	4.25	15	0	0	2.75	15	0	0	5	15	0	0	0.389		99.9818	19.2487	0.33916	0	3.39221	0.00367354	15.9854	1		0	12.0616	41.6764	0	0	0	
2024-06-14 00:07:50	28	308	1	0	0	2	9	0	0	0	9	0	0	3.5	9	0	0	0	9	0	0	1.299		99.9868	65.0055	0.150995	0	1.51015	0.0439392	14.2329	2		0.0088623	12.0616	43.7555	0	0	0	
2024-06-14 00:15:53	90	309	1	0	0	7	29	0	0	0	29	0	0	2.5	29	0	0	0	29	0	0	3.897		99.9782	64.2785	0.0558196	0	0.558317	0.465253	15.786	1		0	12.0616	41.8063	0	0	0	
2024-06-14 00:16:14	93	310	1	0	0	7	29	0	0	0	29	0	0	2	29	0	0	0	29	0	0	4.33		99.9778	64.2359	0.0506031	0	0.506144	0.628976	15.901	1		0	12.0616	41.6764	0	0	0	
2024-06-14 00:05:23	8	311	5	0	0	0	1	0	0	0	1	0	0	7.5	1	0	0	0	1	0	0	6.494		99.996	67.0416	0.0377655	0	0.377671	0.649615	17.7973	1		0.0088623	12.0616	45.3149	0	0	0	
2024-06-14 00:04:59	5	312	5	0	0	0	1	0	0	0	1	0	0	6.25	1	0	0	0	1	0	0	5.412		99.9949	68.1615	0.0436439	0	0.436462	0.408569	17.1398	1		0	12.0616	45.8346	0	0	0	
2024-06-14 00:13:30	72	313	5	0	0	5	21	0	0	0	21	0	0	0.5	21	0	0	0	21	0	0	3.897		99.9748	64.4999	0.0602227	0	0.602378	0.435681	17.0318	1		0	11.9552	42.0662	0	0	0	
2024-06-14 00:23:10	146	314	1	0	0	1.25	6	0	0	0	6	0	0	0.5	6	0	0	0	6	0	0	0.649		99.9739	63.0962	0.326155	0	3.2624	0.416081	15.3737	1		0	12.0616	41.5464	0	0	0	
2024-06-14 00:12:18	63	315	5	0	0	5	21	0	0	0	21	0	0	7	21	0	0	0	21	0	0	1.732		99.9761	64.5264	0.116445	0	1.16473	0.21092	14.6364	1		0.0088623	12.0616	42.1962	0	0	0	
2024-06-14 00:08:00	29	316	1	0	0	2	9	0	0	0	9	0	0	0.25	9	0	0	0	9	0	0	1.515		99.9869	64.8171	0.126065	0	1.26081	0.00894556	13.8633	2		0	11.9552	43.7555	0	0	0	
2024-06-14 00:10:53	52	317	1	0	0	4	17	0	0	0	17	0	0	7	17	0	0	0	17	0	0	2.598		99.9832	64.0246	0.0774813	0	0.774943	0.0170343	14.6073	2		0	12.0616	42.4561	0	0	0	
2024-06-14 00:09:17	39	318	5	0	0	3	13	0	0	0	13	0	0	5.5	13	0	0	0	13	0	0	2.165		99.9801	66.1235	0.0934637	0	0.934823	0.122437	14.6842	1		0.0088623	12.0616	43.1058	0	0	0	
2024-06-14 00:09:10	38	319	5	0	0	3	13	0	0	0	13	0	0	4.25	13	0	0	0	13	0	0	1.082		99.9839	66.4249	0.187045	0	1.87075	0.550465	14.6928	1		0.0088623	12.0616	43.1058	0	0	0	
2024-06-14 00:16:14	93	320	5	0	0	7	29	0	0	0	29	0	0	7.75	29	0	0	0	29	0	0	0.649		99.9778	64.2359	0.346983	0	3.47061	0.460831	16.3548	1		0	12.0616	41.6764	0	0	0	
2024-06-14 00:15:53	90	321	5	0	0	7	29	0	0	0	29	0	0	6.5	29	0	0	0	29	0	0	0.433		99.9782	64.2785	0.511745	0	5.11856	0.557285	16.0804	1		0	12.0616	41.8063	0	0	0	
2024-06-14 00:06:50	20	322	5	0	0	1	5	0	0	0	5	0	0	6	5	0	0	0	5	0	0	4.33		99.9886	65.7563	0.0576065	0	0.576131	0.0590425	18.0997	1		0	12.0616	44.2753	0	0	0	
2024-06-14 00:06:15	15	323	5	0	0	1	5	0	0	0	5	0	0	4.75	5	0	0	0	5	0	0	3.247		99.9889	65.7177	0.0691842	0	0.691919	0.58545	16.303	1		0	12.0616	44.6651	0	0	0	
2024-06-14 00:20:51	129	324	9	0	0	4.75	20	0	0	0	20	0	0	5	20	0	0	0	20	0	0	0.216		99.9743	63.4747	0.826595	0	8.26807	0.683415	12.9875	1		0	12.0439	41.4165	0	0	0	
2024-06-14 00:14:19	78	325	9	0	0	6	25	0	0	0	25	0	0	5	25	0	0	0	25	0	0	0.866		99.9765	63.9706	0.253973	0	2.54033	0.58469	15.9614	1		0	12.0616	41.6764	0	0	0	
2024-06-14 00:14:49	82	326	5	0	0	6	25	0	0	0	25	0	0	3.75	25	0	0	0	25	0	0	1.948		99.9824	64.3389	0.101704	0	1.01722	0.188775	14.3806	1		0	12.0616	41.9363	0	0	0	
2024-06-14 00:06:05	14	327	1	0	0	1	5	0	0	0	5	0	0	0	5	0	0	0	5	0	0	0.866		99.9902	65.6648	0.230383	0	2.30406	0.162288	14.4768	2		0	11.9552	44.6651	0	0	0	
2024-06-14 00:19:37	120	328	9	0	0	0.75	4	0	0	0	4	0	0	7	4	0	0	0	4	0	0	5.412		99.972	63.6114	0.0437923	0	0.438046	0.50012	17.202	1		0	12.0616	41.6764	0	0	0	
2024-06-14 00:11:47	59	329	1	0	0	4	17	0	0	0	17	0	0	0.25	17	0	0	0	17	0	0	3.247		99.9841	64.8887	0.0607851	0	0.607948	0.0351145	14.3244	1		0	12.0616	42.3261	0	0	0	
2024-06-14 00:18:14	109	330	5	0	0	7.75	32	0	0	0	32	0	0	2.75	32	0	0	0	32	0	0	4.33		99.9779	63.9368	0.0466293	0	0.466396	0.441846	14.6523	1		0	12.0616	41.6764	0	0	0	
2024-06-14 00:14:10	77	331	1	0	0	6	25	0	0	0	25	0	0	0	25	0	0	0	25	0	0	5.195		99.9766	63.8215	0.0503102	0	0.50322	0.0604653	18.9709	2		0	12.0616	41.6764	0	0	0	
2024-06-14 00:08:42	34	332	1	0	0	2	9	0	0	0	9	0	0	2.75	9	0	0	0	9	0	0	0.649		99.984	65.0187	0.329189	0	3.29242	0.449354	15.5152	1		0.0088623	12.0616	43.3657	0	0	0	
2024-06-14 00:16:43	97	333	1	0	0	7	29	0	0	0	29	0	0	1.25	29	0	0	0	29	0	0	4.979		99.9745	64.0191	0.0484711	0	0.484835	0.0601642	17.5163	1		0	12.0616	41.6764	0	0	0	
2024-06-14 00:04:59	5	334	9	0	0	0	1	0	0	0	1	0	0	5.5	1	0	0	0	1	0	0	4.762		99.9949	68.1615	0.0659302	0	0.659336	0.207778	22.785	1		0	12.0616	45.8346	0	0	0	
2024-06-14 00:04:15	1	335	5	0	0	0	1	0	0	0	1	0	0	4.25	1	0	0	0	1	0	0	3.68		99.9899	70.2848	0.0567054	0	0.567111	0.138258	15.1439	4		0.0088623	12.0793	46.4844	0	0	0	
