Time	MeasID	DPID	Channel	A(x)	A(y)	A(z)	A(adr)	B(x)	B(y)	B(z)	B(adr)	M(x)	M(y)	M(z)	M(adr)	N(x)	N(y)	N(z)	N(adr)	F(x)	F(y)	F(z)	Note	I(mA)	Uout(V)	U(V)	SP(V)	R(Ohm)	Var(%)	Rho-a(Ohm-m)	Cycles	IP Delay Window(mV/V)	Pint(V)	Pext(V)	T int(deg C)	T log(deg C)	Latitude	Longitude
2024-06-14 06:17:19	597	1006	1	0	0	7.75	32	0	0	0	32	0	0	2	32	0	0	0	32	0	0	4.979		99.9613	66.6389	0.0416653	0	0.416815	0.558884	15.0588	1		0	12.0616	40.117	0	0	0	
2024-06-14 06:12:13	559	1007	5	0	0	5	21	0	0	0	21	0	0	7.5	21	0	0	0	21	0	0	2.165		99.9627	66.3379	0.0907042	0	0.90738	0.0727303	14.2531	4		0	12.0616	40.8967	0	0	0	
2024-06-14 06:12:43	562	1008	5	0	0	5	21	0	0	0	21	0	0	6.25	21	0	0	0	21	0	0	1.082		99.9604	67.3733	0.198794	0	1.98873	0.287835	15.6194	1		0	12.0616	40.7668	0	0	0	
2024-06-14 06:10:09	542	1009	1	0	0	3	13	0	0	0	13	0	0	1.75	13	0	0	0	13	0	0	1.082		99.9658	68.7385	0.17956	0	1.79621	0.344187	14.1074	1		0	12.0616	41.4165	0	0	0	
2024-06-14 06:17:52	601	1010	9	0	0	7.75	32	0	0	0	32	0	0	6.75	32	0	0	0	32	0	0	0.866		99.9588	66.6829	0.251021	0	2.51125	0.287408	15.7786	1		0	12.0616	40.247	0	0	0	
2024-06-14 06:23:55	647	1011	1	0	0	3.25	14	0	0	0	14	0	0	2.5	14	0	0	0	14	0	0	0.649		99.9605	66.082	0.311669	0	3.11792	0.841295	14.6929	1		0	12.0616	40.117	0	0	0	
2024-06-14 06:11:07	550	1012	5	0	0	4	17	0	0	0	17	0	0	7.5	17	0	0	0	17	0	0	3.031		99.9627	67.1198	0.0663624	0	0.663872	0.216684	14.5993	1		0	12.0616	41.0267	0	0	0	
2024-06-14 06:10:53	548	1013	9	0	0	4	17	0	0	0	17	0	0	6.25	17	0	0	0	17	0	0	1.948		99.9626	67.39	0.102421	0	1.0246	0.371925	14.4849	1		0	12.0616	41.1566	0	0	0	
2024-06-14 06:09:53	540	1014	1	0	0	3	13	0	0	0	13	0	0	3.5	13	0	0	0	13	0	0	0.433		99.9678	68.857	0.487619	0	4.87776	0.418142	15.3239	1		0.0088623	12.0616	41.4165	0	0	0	
2024-06-14 06:08:05	527	1015	5	0	0	2	9	0	0	0	9	0	0	6.75	9	0	0	0	9	0	0	4.113		99.9768	68.6112	0.0534031	0	0.534155	0.0532745	15.9419	1		0	12.0616	42.1962	0	0	0	
2024-06-14 06:15:47	585	1016	5	0	0	7	29	0	0	0	29	0	0	5.75	29	0	0	0	29	0	0	1.082		99.9597	66.9842	0.197312	0	1.97392	0.451636	15.5031	1		0	12.0616	40.117	0	0	0	
2024-06-14 06:16:16	589	1017	5	0	0	7	29	0	0	0	29	0	0	4.5	29	0	0	0	29	0	0	2.165		99.9618	66.7363	0.0913435	0	0.913784	0.0496198	14.3537	1		0	12.0616	40.3769	0	0	0	
2024-06-14 06:06:18	513	1018	5	0	0	1	5	0	0	0	5	0	0	5.25	5	0	0	0	5	0	0	3.68		99.9772	68.4014	0.0608372	0	0.608511	0.114168	16.2494	1		0	11.9552	43.2357	0	0	0	
2024-06-14 06:06:41	516	1019	5	0	0	1	5	0	0	0	5	0	0	4	5	0	0	0	5	0	0	2.598		99.9756	68.5747	0.0735883	0	0.736062	0.0421368	13.8745	1		0.0088623	11.9552	42.9758	0	0	0	
2024-06-14 06:22:15	635	1020	1	0	0	4.75	20	0	0	0	20	0	0	3	20	0	0	0	20	0	0	1.515		99.9592	65.6801	0.127626	0	1.27678	0.318908	14.0389	1		0	12.0616	39.9871	0	0	0	
2024-06-14 06:15:14	581	1021	1	0	0	6	25	0	0	0	25	0	0	3	25	0	0	0	25	0	0	2.598		99.9588	66.9727	0.0782684	0	0.783006	0.170464	14.7593	1		0.0088623	12.0616	40.3769	0	0	0	
2024-06-14 06:08:45	532	1022	1	0	0	2	9	0	0	0	9	0	0	2.25	9	0	0	0	9	0	0	0.216		99.9684	67.9727	0.786043	0	7.86291	0.28784	12.351	1		0	12.0616	41.9363	0	0	0	
2024-06-14 06:16:46	593	1023	1	0	0	7	29	0	0	0	29	0	0	0.5	29	0	0	0	29	0	0	5.628		99.9609	66.8564	0.0442623	0	0.442796	0.848477	18.0841	1		0.0088623	12.0616	40.247	0	0	0	
2024-06-14 06:04:49	502	1024	1	0	0	0	1	0	0	0	1	0	0	3.5	1	0	0	0	1	0	0	3.031		99.9755	71.9837	0.070595	0	0.706123	0.672812	15.5285	1		0	12.0616	44.6651	0	0	0	
2024-06-14 06:23:48	646	1025	1	0	0	1.75	8	0	0	0	8	0	0	0	8	0	0	0	8	0	0	1.515		99.9568	65.719	0.123403	0	1.23456	0.207638	13.5747	1		0	12.0439	40.117	0	0	0	
2024-06-14 06:14:51	578	1026	5	0	0	6	25	0	0	0	25	0	0	7	25	0	0	0	25	0	0	0.866		99.9624	66.5808	0.261337	0	2.61435	0.41376	16.4265	1		0	12.0616	40.247	0	0	0	
2024-06-14 06:23:00	640	1027	1	0	0	6.5	27	0	0	0	27	0	0	1.25	27	0	0	0	27	0	0	4.546		99.9591	65.5109	0.0578701	0	0.578938	0.488987	19.0973	1		0	12.0616	40.117	0	0	0	
2024-06-14 06:17:37	599	1028	1	0	0	7.75	32	0	0	0	32	0	0	1.25	32	0	0	0	32	0	0	5.628		99.9584	66.5513	0.0390265	0	0.390428	0.0924886	15.9453	1		0	12.0616	40.247	0	0	0	
2024-06-14 06:12:51	563	1029	9	0	0	5	21	0	0	0	21	0	0	5.5	21	0	0	0	21	0	0	0.433		99.9608	67.5001	0.508226	0	5.08425	0.490476	15.9727	1		0	12.0616	40.6368	0	0	0	
2024-06-14 06:12:28	560	1030	9	0	0	5	21	0	0	0	21	0	0	4.25	21	0	0	0	21	0	0	0.649		99.9609	68.5335	0.338043	0	3.38175	0.629357	15.9361	1		0	12.0616	40.7668	0	0	0	
2024-06-14 06:10:37	546	1031	1	0	0	3	13	0	0	0	13	0	0	1	13	0	0	0	13	0	0	1.732		99.9647	68.3529	0.106449	0	1.06487	0.189213	13.3815	1		0	12.0705	41.0267	0	0	0	
2024-06-14 06:07:25	522	1032	5	0	0	1	5	0	0	0	5	0	0	2	5	0	0	0	5	0	0	0.866		99.9745	68.2204	0.224093	0	2.2415	0.196813	14.0838	1		0	12.0616	42.586	0	0	0	
2024-06-14 06:19:38	615	1033	9	0	0	1.75	8	0	0	0	8	0	0	6	8	0	0	0	8	0	0	3.68		99.9597	66.3678	0.0617341	0	0.61759	0.257191	16.4918	1		0	12.0616	40.117	0	0	0	
2024-06-14 06:11:58	557	1034	5	0	0	4	17	0	0	0	17	0	0	2.25	17	0	0	0	17	0	0	1.515		99.9627	66.8289	0.124572	0	1.24619	0.291671	13.7026	1		0	12.0616	40.8967	0	0	0	
2024-06-14 06:17:27	598	1035	5	0	0	7.75	32	0	0	0	32	0	0	6	32	0	0	0	32	0	0	1.515		99.9604	66.1102	0.132594	0	1.32646	0.0378175	14.5852	2		0	12.0616	40.117	0	0	0	
2024-06-14 06:17:01	595	1036	9	0	0	7.75	32	0	0	0	32	0	0	4.75	32	0	0	0	32	0	0	2.598		99.9623	66.2981	0.0737076	0	0.737354	0.0404436	13.8988	2		0	11.9552	40.3769	0	0	0	
2024-06-14 06:14:59	579	1037	1	0	0	6	25	0	0	0	25	0	0	2	25	0	0	0	25	0	0	3.464		99.9555	67.1402	0.0655048	0	0.65534	0.173564	16.4705	1		0	12.0616	40.3769	0	0	0	
2024-06-14 06:10:44	547	1038	9	0	0	4	17	0	0	0	17	0	0	5.5	17	0	0	0	17	0	0	1.299		99.9622	67.9783	0.160815	0	1.60876	0.304211	15.1622	1		0.0088623	12.0616	40.8967	0	0	0	
2024-06-14 06:10:53	548	1039	5	0	0	4	17	0	0	0	17	0	0	4.25	17	0	0	0	17	0	0	0.216		99.9626	67.39	0.895965	0	8.963	0.296294	14.0791	1		0	12.0616	41.1566	0	0	0	
2024-06-14 06:05:25	506	1040	1	0	0	0	1	0	0	0	1	0	0	1.75	1	0	0	0	1	0	0	1.515		99.9756	70.0518	0.122887	0	1.22917	0.0411352	13.5155	1		0	12.0616	43.8855	0	0	0	
2024-06-14 06:24:56	655	1041	1	0	0	3.75	16	0	0	4	16	0	0	3.5	16	0	0	4.25	16	0	0	0.13		99.9623	18.2758	0.631253	0	6.31492	0.168058	9.91945	1		0	12.0616	40.247	0	0	0	
2024-06-14 06:09:46	539	1042	1	0	0	3	13	0	0	0	13	0	0	2.75	13	0	0	0	13	0	0	0.216		99.9669	68.6045	0.77799	0	7.78247	0.469926	12.2247	1		0	12.0616	41.5464	0	0	0	
2024-06-14 06:07:50	525	1043	5	0	0	2	9	0	0	0	9	0	0	6	9	0	0	0	9	0	0	3.464		99.9747	68.6029	0.0656774	0	0.65694	0.262844	16.5107	1		0	12.0616	42.3261	0	0	0	
2024-06-14 06:08:13	528	1044	5	0	0	2	9	0	0	0	9	0	0	4.75	9	0	0	0	9	0	0	2.381		99.9709	68.2869	0.0835277	0	0.83552	0.367782	14.4368	1		0	12.0616	42.1962	0	0	0	
2024-06-14 06:15:47	585	1045	9	0	0	7	29	0	0	0	29	0	0	5	29	0	0	0	29	0	0	1.732		99.9597	66.9842	0.114463	0	1.14509	0.209802	14.3897	1		0	12.0616	40.117	0	0	0	
2024-06-14 06:16:31	591	1046	5	0	0	7	29	0	0	0	29	0	0	3.75	29	0	0	0	29	0	0	2.814		99.9601	66.8745	0.0706452	0	0.706734	0.114718	14.4318	1		0.0088623	12.0616	40.247	0	0	0	
2024-06-14 06:07:11	520	1047	5	0	0	1	5	0	0	0	5	0	0	3.25	5	0	0	0	5	0	0	1.948		99.9733	68.2588	0.0941504	0	0.941756	0.116053	13.3138	1		0	12.0616	42.7159	0	0	0	
2024-06-14 06:19:12	612	1048	9	0	0	2.75	12	0	0	0	12	0	0	5	12	0	0	0	12	0	0	1.948		99.9614	66.911	0.0972105	0	0.97248	0.244176	13.7481	1		0.0088623	11.9552	40.117	0	0	0	
2024-06-14 06:13:45	570	1049	5	0	0	5	21	0	0	0	21	0	0	1.75	21	0	0	0	21	0	0	2.814		99.9618	67.0406	0.0730576	0	0.730856	0.126967	14.9243	1		0	12.0616	40.6368	0	0	0	
2024-06-14 06:08:59	534	1050	1	0	0	2	9	0	0	0	9	0	0	1.5	9	0	0	0	9	0	0	0.433		99.9625	67.8715	0.467683	0	4.67858	0.259767	14.6982	1		0	12.0616	41.5464	0	0	0	
2024-06-14 06:05:07	504	1051	1	0	0	0	1	0	0	0	1	0	0	2.75	1	0	0	0	1	0	0	2.381		99.9771	70.111	0.116579	0	1.16605	0.322712	20.1479	2		0	12.0616	44.2753	0	0	0	
2024-06-14 06:19:05	611	1052	9	0	0	3.25	14	0	0	0	14	0	0	4.5	14	0	0	0	14	0	0	1.082		99.9584	66.635	0.186768	0	1.86846	0.461202	14.6748	1		0	12.0616	40.117	0	0	0	
2024-06-14 06:10:01	541	1053	5	0	0	3	13	0	0	0	13	0	0	6.75	13	0	0	0	13	0	0	3.247		99.9698	68.8239	0.0648543	0	0.648739	0.278247	15.2856	1		0	12.0616	41.4165	0	0	0	
2024-06-14 06:06:09	512	1054	5	0	0	1	5	0	0	0	5	0	0	7.25	5	0	0	0	5	0	0	5.412		99.9764	68.4118	0.0616248	0	0.616393	0.295329	24.2057	2		0.0088623	12.0616	43.3657	0	0	0	
2024-06-14 06:14:26	575	1055	9	0	0	6	25	0	0	0	25	0	0	7.5	25	0	0	0	25	0	0	1.299		99.9611	67.2298	0.158445	0	1.58507	0.241328	14.9389	1		0	12.0616	40.247	0	0	0	
2024-06-14 06:14:34	576	1056	9	0	0	6	25	0	0	0	25	0	0	6.25	25	0	0	0	25	0	0	0.216		99.9582	66.5625	0.874136	0	8.74501	0.0496791	13.7366	2		0	12.0616	40.5069	0	0	0	
2024-06-14 06:17:52	601	1057	1	0	0	7.75	32	0	0	0	32	0	0	0.5	32	0	0	0	32	0	0	6.278		99.9588	66.6829	0.0361531	0	0.36168	0.288824	16.4757	1		0	12.0616	40.247	0	0	0	
2024-06-14 06:13:08	565	1058	1	0	0	5	21	0	0	0	21	0	0	3.5	21	0	0	0	21	0	0	1.299		99.9581	67.2847	0.151119	0	1.51182	0.21076	14.2486	1		0.0088623	12.0616	40.6368	0	0	0	
2024-06-14 06:10:30	545	1059	1	0	0	3	13	0	0	0	13	0	0	0.25	13	0	0	0	13	0	0	2.381		99.9642	68.3025	0.077996	0	0.78024	0.121334	13.4816	1		0	12.0616	41.1566	0	0	0	
2024-06-14 06:07:03	519	1060	1	0	0	1	5	0	0	0	5	0	0	1.25	5	0	0	0	5	0	0	0.216		99.9683	68.6549	0.787967	0	7.88216	0.303732	12.3813	1		0	12.0616	42.586	0	0	0	
2024-06-14 06:11:00	549	1061	1	0	0	4	17	0	0	0	17	0	0	1.5	17	0	0	0	17	0	0	2.165		99.9644	67.4282	0.085772	0	0.858026	0.0535132	13.4778	1		0	12.0616	41.1566	0	0	0	
2024-06-14 06:19:45	616	1062	9	0	0	1.5	7	0	0	0	7	0	0	6.25	7	0	0	0	7	0	0	4.113		99.9604	65.3198	0.0544763	0	0.544979	0.946838	16.265	1		0	12.0616	40.117	0	0	0	
2024-06-14 06:17:44	600	1063	1	0	0	7.75	32	0	0	0	32	0	0	5.25	32	0	0	0	32	0	0	2.165		99.961	66.5668	0.0877977	0	0.87832	0.200453	13.7966	1		0	12.0616	40.247	0	0	0	
2024-06-14 06:17:19	597	1064	9	0	0	7.75	32	0	0	0	32	0	0	4	32	0	0	0	32	0	0	3.247		99.9613	66.6389	0.0588199	0	0.588427	0.359351	13.8645	1		0	12.0616	40.117	0	0	0	
2024-06-14 06:15:21	582	1065	5	0	0	6	25	0	0	0	25	0	0	1.25	25	0	0	0	25	0	0	4.113		99.9555	66.7429	0.0591314	0	0.591577	0.24142	17.6557	1		0	12.0616	40.3769	0	0	0	
2024-06-14 06:11:36	554	1066	1	0	0	4	17	0	0	0	17	0	0	3.5	17	0	0	0	17	0	0	0.433		99.9608	67.2957	0.520822	0	5.21026	0.377663	16.3685	1		0	12.0616	40.7668	0	0	0	
2024-06-14 06:05:39	508	1067	1	0	0	0	1	0	0	0	1	0	0	1	1	0	0	0	1	0	0	0.866		99.9747	69.7036	0.231084	0	2.31142	0.213598	14.5231	1		0	11.9464	43.7555	0	0	0	
2024-06-14 06:08:19	529	1068	9	0	0	2	9	0	0	0	9	0	0	5.25	9	0	0	0	9	0	0	2.814		99.9737	68.3862	0.0778949	0	0.779153	0.653391	15.9106	1		0.0088623	12.0616	42.1962	0	0	0	
2024-06-14 06:08:13	528	1069	9	0	0	2	9	0	0	0	9	0	0	4	9	0	0	0	9	0	0	1.732		99.9709	68.2869	0.109726	0	1.09758	0.394251	13.7926	1		0	12.0616	42.1962	0	0	0	
2024-06-14 06:24:02	648	1070	1	0	0	3.5	15	0	0	0	15	0	0	2.25	15	0	0	0	15	0	0	1.082		99.9578	65.4811	0.180257	0	1.80333	0.41478	14.1633	1		0	12.0616	40.117	0	0	0	
2024-06-14 06:15:36	584	1071	1	0	0	7	29	0	0	0	29	0	0	3	29	0	0	0	29	0	0	3.464		99.9574	66.5683	0.05898	0	0.590051	0.00188861	14.8296	2		0	12.0616	40.117	0	0	0	
2024-06-14 06:07:18	521	1072	5	0	0	1	5	0	0	0	5	0	0	2.5	5	0	0	0	5	0	0	1.299		99.9739	68.3813	0.145293	0	1.4533	0.0484669	13.6971	1		0	12.0616	42.7159	0	0	0	
2024-06-14 06:05:07	504	1073	5	0	0	0	1	0	0	0	1	0	0	6.75	1	0	0	0	1	0	0	5.845		99.9771	70.111	0.0409448	0	0.409542	0.112984	17.3693	2		0	12.0616	44.2753	0	0	0	
2024-06-14 06:20:52	624	1074	1	0	0	2.75	12	0	0	0	12	0	0	3	12	0	0	0	12	0	0	0.216		99.9575	66.3002	0.781169	0	7.81501	0.555122	12.2758	1		0	12.0616	40.117	0	0	0	
2024-06-14 06:13:38	569	1075	5	0	0	5	21	0	0	0	21	0	0	1	21	0	0	0	21	0	0	3.464		99.9609	67.0594	0.0630158	0	0.630404	0.164151	15.8438	1		0	12.0616	40.6368	0	0	0	
2024-06-14 06:26:29	664	1076	1	0	0	0.5	3	0	0	7.25	3	0	0	2.75	3	0	0	5	3	0	0	1.168		99.9606	20.4003	0.0782379	0	0.782688	0.0595495	11.065	2		0.0088623	12.0616	40.247	0	0	0	
2024-06-14 06:21:35	630	1077	9	0	0	6.75	28	0	0	0	28	0	0	7	28	0	0	0	28	0	0	0.216		99.9597	65.9053	0.828453	0	8.28787	0.782974	13.0186	1		0	12.0616	40.117	0	0	0	
2024-06-14 06:08:37	531	1078	1	0	0	2	9	0	0	0	9	0	0	0.75	9	0	0	0	9	0	0	1.082		99.9709	67.8429	0.174316	0	1.74367	0.208545	13.6947	1		0	12.0616	41.8063	0	0	0	
2024-06-14 06:09:46	539	1079	9	0	0	3	13	0	0	0	13	0	0	6	13	0	0	0	13	0	0	2.598		99.9669	68.6045	0.0796334	0	0.796597	0.0263007	15.0155	1		0	12.0616	41.5464	0	0	0	
2024-06-14 06:09:53	540	1080	9	0	0	3	13	0	0	0	13	0	0	4.75	13	0	0	0	13	0	0	1.515		99.9678	68.857	0.128833	0	1.28874	0.117001	14.1705	1		0.0088623	12.0616	41.4165	0	0	0	
2024-06-14 06:06:55	518	1081	9	0	0	1	5	0	0	0	5	0	0	7.75	5	0	0	0	5	0	0	5.845		99.9756	68.3578	0.0394068	0	0.394165	0.323105	16.7171	1		0.0088623	12.0616	42.8459	0	0	0	
2024-06-14 06:06:25	514	1082	5	0	0	1	5	0	0	0	5	0	0	6.5	5	0	0	0	5	0	0	4.762		99.9752	68.7353	0.0519856	0	0.519985	0.57004	17.9694	1		0	12.0616	43.2357	0	0	0	
2024-06-14 06:14:26	575	1083	5	0	0	6	25	0	0	0	25	0	0	5.5	25	0	0	0	25	0	0	0.433		99.9611	67.2298	0.52131	0	5.21513	0.618253	16.3838	1		0	12.0616	40.247	0	0	0	
2024-06-14 06:13:53	571	1084	5	0	0	6	25	0	0	0	25	0	0	4.25	25	0	0	0	25	0	0	1.515		99.9599	66.5519	0.13471	0	1.34764	0.388128	14.8181	2		0	12.0616	40.5069	0	0	0	
2024-06-14 06:12:43	562	1085	1	0	0	5	21	0	0	0	21	0	0	2.75	21	0	0	0	21	0	0	1.948		99.9604	67.3733	0.0971606	0	0.971991	0.0632114	13.7412	1		0	12.0616	40.7668	0	0	0	
2024-06-14 06:06:18	513	1086	1	0	0	1	5	0	0	0	5	0	0	0.5	5	0	0	0	5	0	0	0.433		99.9772	68.4014	0.488993	0	4.89104	0.434545	15.3657	1		0	11.9552	43.2357	0	0	0	
2024-06-14 06:11:58	557	1087	1	0	0	4	17	0	0	0	17	0	0	0.75	17	0	0	0	17	0	0	2.814		99.9627	66.8289	0.0691932	0	0.692189	0.332777	14.1348	1		0	12.0616	40.8967	0	0	0	
2024-06-14 06:18:14	604	1088	1	0	0	7.75	32	0	0	0	32	0	0	3.25	32	0	0	0	32	0	0	3.897		99.9562	66.7387	0.0497979	0	0.498198	0.240959	14.0862	1		0	12.0616	40.117	0	0	0	
2024-06-14 06:25:36	659	1089	1	0	0	2.75	12	0	0	5	12	0	0	0.5	12	0	0	7.25	12	0	0	1.168		99.9622	20.7333	0.0822186	0	0.822496	0.118542	11.6278	2		0	11.973	40.117	0	0	0	
2024-06-14 06:19:52	617	1090	9	0	0	1.25	6	0	0	0	6	0	0	6.5	6	0	0	0	6	0	0	4.546		99.9555	65.9714	0.051835	0	0.518581	0.590332	17.1063	1		0.0088623	12.0616	40.117	0	0	0	
2024-06-14 06:15:07	580	1091	1	0	0	6	25	0	0	0	25	0	0	0.5	25	0	0	0	25	0	0	4.762		99.9584	67.6351	0.0554483	0	0.554713	0.515022	19.1695	1		0	12.0616	40.117	0	0	0	
2024-06-14 06:11:29	553	1092	1	0	0	4	17	0	0	0	17	0	0	2.75	17	0	0	0	17	0	0	1.082		99.9598	67.0811	0.184092	0	1.84166	0.293518	14.4643	1		0.0088623	12.0616	41.0267	0	0	0	
2024-06-14 06:04:35	500	1093	1	0	0	0	1	0	0	0	1	0	0	0.25	1	0	0	0	1	0	0	0.216		99.9733	72.6009	0.793459	0	7.93671	0.287568	12.467	1		0	12.0705	44.925	0	0	0	
2024-06-14 06:08:27	530	1094	1	0	0	2	9	0	0	0	9	0	0	3.25	9	0	0	0	9	0	0	1.082		99.9725	67.7132	0.181477	0	1.81527	0.0117155	14.2571	2		0	12.0616	42.0662	0	0	0	
2024-06-14 06:16:16	589	1095	1	0	0	7	29	0	0	0	29	0	0	1.75	29	0	0	0	29	0	0	4.546		99.9618	66.7363	0.0503095	0	0.503287	0.450334	16.6018	1		0	12.0616	40.3769	0	0	0	
2024-06-14 06:04:49	502	1096	5	0	0	0	1	0	0	0	1	0	0	6	1	0	0	0	1	0	0	5.195		99.9755	71.9837	0.0500799	0	0.500921	0.404237	18.8843	1		0	12.0616	44.6651	0	0	0	
2024-06-14 06:04:57	503	1097	9	0	0	0	1	0	0	0	1	0	0	4.75	1	0	0	0	1	0	0	4.113		99.9742	70.8876	0.0527581	0	0.527717	0.160262	15.7498	2		0	12.0705	44.4052	0	0	0	
2024-06-14 06:23:15	642	1098	1	0	0	7.25	30	0	0	0	30	0	0	0.5	30	0	0	0	30	0	0	5.845		99.9585	66.1419	0.0532397	0	0.532618	0.894254	22.5891	1		0	12.0616	40.247	0	0	0	
2024-06-14 06:13:31	568	1099	1	0	0	5	21	0	0	0	21	0	0	0.25	21	0	0	0	21	0	0	4.113		99.965	67.0766	0.051797	0	0.518151	0.208318	15.4643	1		0	12.0616	40.6368	0	0	0	
2024-06-14 06:12:28	560	1100	5	0	0	5	21	0	0	0	21	0	0	6.75	21	0	0	0	21	0	0	1.515		99.9609	68.5335	0.138344	0	1.38398	0.167058	15.2177	1		0	12.0616	40.7668	0	0	0	
2024-06-14 06:09:35	538	1101	1	0	0	3	13	0	0	0	13	0	0	2.25	13	0	0	0	13	0	0	0.649		99.9649	68.2328	0.320441	0	3.20554	0.0283819	15.1057	2		0.0088623	12.0616	41.4165	0	0	0	
2024-06-14 06:07:43	524	1102	1	0	0	2	9	0	0	0	9	0	0	0	9	0	0	0	9	0	0	1.732		99.9753	68.2838	0.130716	0	1.30748	0.253112	16.4303	1		0	12.0616	42.1962	0	0	0	
2024-06-14 06:21:42	631	1103	9	0	0	6.5	27	0	0	0	27	0	0	7.25	27	0	0	0	27	0	0	0.649		99.9597	65.4669	0.363271	0	3.63418	0.185267	17.1257	2		0	12.0616	40.117	0	0	0	
2024-06-14 06:17:27	598	1104	1	0	0	7.75	32	0	0	0	32	0	0	7.25	32	0	0	0	32	0	0	0.433		99.9604	66.1102	0.477515	0	4.77704	0.11237	15.0075	2		0	12.0616	40.117	0	0	0	
2024-06-14 06:23:22	643	1105	1	0	0	7.5	31	0	0	0	31	0	0	0.25	31	0	0	0	31	0	0	6.278		99.9554	65.8056	0.03846	0	0.384772	0.128622	17.5276	2		0.0088623	12.0616	40.117	0	0	0	
2024-06-14 06:20:23	621	1106	1	0	0	0.75	4	0	0	0	4	0	0	1	4	0	0	0	4	0	0	0.216		99.9572	65.9641	0.801177	0	8.0152	0.384253	12.5903	1		0	12.0616	40.117	0	0	0	
2024-06-14 06:22:33	637	1107	1	0	0	5.5	23	0	0	0	23	0	0	2.25	23	0	0	0	23	0	0	2.814		99.9592	65.1791	0.105948	0	1.05992	0.560871	21.6439	2		0	12.0616	40.247	0	0	0	
2024-06-14 06:11:29	553	1108	9	0	0	4	17	0	0	0	17	0	0	6.75	17	0	0	0	17	0	0	2.381		99.9598	67.0811	0.0845823	0	0.846164	0.130171	14.6207	1		0.0088623	12.0616	41.0267	0	0	0	
2024-06-14 06:10:09	542	1109	9	0	0	3	13	0	0	0	13	0	0	5.25	13	0	0	0	13	0	0	1.948		99.9658	68.7385	0.0998561	0	0.998902	0.135436	14.1216	1		0	12.0616	41.4165	0	0	0	
2024-06-14 06:09:06	535	1110	5	0	0	3	13	0	0	0	13	0	0	4	13	0	0	0	13	0	0	0.866		99.9676	67.8119	0.244194	0	2.44274	0.156147	15.3482	4		0	12.0616	41.5464	0	0	0	
2024-06-14 06:07:32	523	1111	9	0	0	2	9	0	0	0	9	0	0	7.25	9	0	0	0	9	0	0	4.546		99.9721	68.2002	0.057998	0	0.580142	0.1614	19.137	2		0	12.0616	42.586	0	0	0	
2024-06-14 06:16:16	589	1112	9	0	0	7	29	0	0	0	29	0	0	7.5	29	0	0	0	29	0	0	0.433		99.9618	66.7363	0.479418	0	4.79601	0.557976	15.0671	1		0	12.0616	40.3769	0	0	0	
2024-06-14 06:16:01	587	1113	5	0	0	7	29	0	0	0	29	0	0	6.25	29	0	0	0	29	0	0	0.649		99.9614	66.896	0.349181	0	3.49316	0.614409	16.4611	1		0.0088623	12.0616	40.117	0	0	0	
2024-06-14 06:06:33	515	1114	1	0	0	1	5	0	0	0	5	0	0	5.75	5	0	0	0	5	0	0	4.113		99.9784	68.7935	0.0528934	0	0.529048	0.0319449	15.7895	1		0.0088623	12.0616	43.1058	0	0	0	
2024-06-14 06:06:18	513	1115	9	0	0	1	5	0	0	0	5	0	0	4.5	5	0	0	0	5	0	0	3.031		99.9772	68.4014	0.0703278	0	0.703439	0.447185	15.4694	1		0	11.9552	43.2357	0	0	0	
2024-06-14 06:13:53	571	1116	1	0	0	6	25	0	0	0	25	0	0	3.5	25	0	0	0	25	0	0	2.165		99.9599	66.5519	0.0890717	0	0.891075	0.186783	13.997	2		0	12.0616	40.5069	0	0	0	
2024-06-14 06:11:22	552	1117	1	0	0	4	17	0	0	0	17	0	0	0	17	0	0	0	17	0	0	3.464		99.9598	67.0193	0.0612161	0	0.612407	0.18413	15.3915	1		0	12.0616	41.0267	0	0	0	
2024-06-14 06:18:29	606	1118	1	0	0	7.75	32	0	0	0	32	0	0	2.5	32	0	0	0	32	0	0	4.546		99.9596	66.5889	0.0455165	0	0.455349	0.230283	15.0205	1		0	12.0616	40.117	0	0	0	
2024-06-14 06:08:45	532	1119	5	0	0	2	9	0	0	0	9	0	0	2.5	9	0	0	0	9	0	0	0.433		99.9684	67.9727	0.466536	0	4.66684	0.246333	14.6613	1		0	12.0616	41.9363	0	0	0	
2024-06-14 06:16:31	591	1120	1	0	0	7	29	0	0	0	29	0	0	1	29	0	0	0	29	0	0	5.195		99.9601	66.8745	0.0464693	0	0.464879	0.483795	17.5255	1		0.0088623	12.0616	40.247	0	0	0	
2024-06-14 06:05:18	505	1121	9	0	0	0	1	0	0	0	1	0	0	5.25	1	0	0	0	1	0	0	4.546		99.9704	70.2098	0.0511039	0	0.51119	0.215165	16.8625	1		0	12.0616	44.1454	0	0	0	
2024-06-14 06:04:35	500	1122	5	0	0	0	1	0	0	0	1	0	0	4	1	0	0	0	1	0	0	3.464		99.9733	72.6009	0.0607579	0	0.607741	0.0754367	15.2742	1		0	12.0705	44.925	0	0	0	
2024-06-14 06:18:29	606	1123	5	0	0	7.75	32	0	0	0	32	0	0	1.75	32	0	0	0	32	0	0	5.195		99.9596	66.5889	0.0408891	0	0.409056	0.132912	15.4211	1		0	12.0616	40.117	0	0	0	
2024-06-14 06:13:08	565	1124	5	0	0	5	21	0	0	0	21	0	0	6	21	0	0	0	21	0	0	0.866		99.9581	67.2847	0.254759	0	2.54866	0.342389	16.0137	1		0.0088623	12.0616	40.6368	0	0	0	
2024-06-14 06:12:35	561	1125	9	0	0	5	21	0	0	0	21	0	0	4.75	21	0	0	0	21	0	0	0.216		99.961	67.4426	0.813619	0	8.13936	0.509064	12.7853	1		0	12.0616	40.7668	0	0	0	
2024-06-14 06:10:01	541	1126	1	0	0	3	13	0	0	0	13	0	0	1.5	13	0	0	0	13	0	0	1.299		99.9698	68.8239	0.14335	0	1.43394	0.19654	13.5145	1		0	12.0616	41.4165	0	0	0	
2024-06-14 06:17:12	596	1127	1	0	0	7.75	32	0	0	0	32	0	0	6.5	32	0	0	0	32	0	0	1.082		99.9603	66.7763	0.193705	0	1.93782	0.616216	15.2196	1		0	12.0616	40.117	0	0	0	
2024-06-14 06:19:30	614	1128	9	0	0	2.25	10	0	0	0	10	0	0	5.5	10	0	0	0	10	0	0	2.814		99.9597	67.3059	0.0824003	0	0.824335	0.495996	16.8332	1		0	12.0616	40.117	0	0	0	
2024-06-14 06:25:21	658	1129	1	0	0	3	13	0	0	4.75	13	0	0	1.25	13	0	0	6.5	13	0	0	0.908		99.9626	20.7148	0.0770418	0	0.770707	1.88255	8.47436	4		0	12.0616	40.117	0	0	0	
2024-06-14 06:11:22	552	1130	5	0	0	4	17	0	0	0	17	0	0	6	17	0	0	0	17	0	0	1.732		99.9598	67.0193	0.115559	0	1.15605	0.210425	14.5274	1		0	12.0616	41.0267	0	0	0	
2024-06-14 06:11:36	554	1131	5	0	0	4	17	0	0	0	17	0	0	4.75	17	0	0	0	17	0	0	0.649		99.9608	67.2957	0.355263	0	3.55402	0.37201	16.7479	1		0	12.0616	40.7668	0	0	0	
2024-06-14 06:05:39	508	1132	5	0	0	0	1	0	0	0	1	0	0	2.25	1	0	0	0	1	0	0	1.948		99.9747	69.7036	0.10705	0	1.07077	0.0785765	15.1377	1		0	11.9464	43.7555	0	0	0	
2024-06-14 06:25:11	657	1133	1	0	0	3.25	14	0	0	4.5	14	0	0	2	14	0	0	5.75	14	0	0	0.649		99.9618	20.2155	0.179378	0	1.79447	0.009471	14.0937	2		0	11.973	40.247	0	0	0	
2024-06-14 06:09:21	536	1134	1	0	0	3	13	0	0	0	13	0	0	3.25	13	0	0	0	13	0	0	0.216		99.965	70.1977	0.799209	0	7.99489	0.613105	12.5583	1		0	12.0616	41.5464	0	0	0	
2024-06-14 06:07:32	523	1135	5	0	0	2	9	0	0	0	9	0	0	7.75	9	0	0	0	9	0	0	4.979		99.9721	68.2002	0.0435433	0	0.435555	0.0706978	15.7359	2		0	12.0616	42.586	0	0	0	
2024-06-14 06:07:50	525	1136	9	0	0	2	9	0	0	0	9	0	0	6.5	9	0	0	0	9	0	0	3.897		99.9747	68.6029	0.0556708	0	0.556848	0.443475	15.7445	1		0	12.0616	42.3261	0	0	0	
2024-06-14 06:16:01	587	1137	9	0	0	7	29	0	0	0	29	0	0	5.5	29	0	0	0	29	0	0	1.299		99.9614	66.896	0.159404	0	1.59465	0.486726	15.0293	1		0.0088623	12.0616	40.117	0	0	0	
2024-06-14 06:15:36	584	1138	9	0	0	7	29	0	0	0	29	0	0	4.25	29	0	0	0	29	0	0	2.381		99.9574	66.5683	0.0834093	0	0.834448	0.0448372	14.4182	2		0	12.0616	40.117	0	0	0	
2024-06-14 06:06:02	511	1139	5	0	0	1	5	0	0	0	5	0	0	5	5	0	0	0	5	0	0	3.464		99.9741	69.101	0.0630587	0	0.630751	0.112613	15.8525	1		0	12.0705	43.2357	0	0	0	
2024-06-14 06:07:03	519	1140	5	0	0	1	5	0	0	0	5	0	0	3.75	5	0	0	0	5	0	0	2.381		99.9683	68.6549	0.0804913	0	0.805168	0.134125	13.9123	1		0	12.0616	42.586	0	0	0	
2024-06-14 06:14:18	574	1141	1	0	0	6	25	0	0	0	25	0	0	2.75	25	0	0	0	25	0	0	2.814		99.9603	67.1055	0.0720484	0	0.72077	0.0195554	14.7184	1		0	12.0616	40.3769	0	0	0	
2024-06-14 06:13:38	569	1142	1	0	0	5	21	0	0	0	21	0	0	2.25	21	0	0	0	21	0	0	2.381		99.9609	67.0594	0.0806233	0	0.806548	0.228259	13.9362	1		0	12.0616	40.6368	0	0	0	
2024-06-14 06:16:39	592	1143	1	0	0	7	29	0	0	0	29	0	0	0.25	29	0	0	0	29	0	0	5.845		99.9614	67.0199	0.0404672	0	0.404829	0.317965	17.1694	1		0	12.0616	40.247	0	0	0	
2024-06-14 06:05:32	507	1144	5	0	0	0	1	0	0	0	1	0	0	3.25	1	0	0	0	1	0	0	2.814		99.9774	69.8865	0.0694626	0	0.694782	0.112674	14.1877	1		0	12.0616	43.7555	0	0	0	
2024-06-14 06:09:35	538	1145	9	0	0	3	13	0	0	0	13	0	0	7.25	13	0	0	0	13	0	0	3.68		99.9649	68.2328	0.0729265	0	0.729521	0.147013	19.4808	2		0.0088623	12.0616	41.4165	0	0	0	
2024-06-14 06:14:18	574	1146	5	0	0	6	25	0	0	0	25	0	0	6.75	25	0	0	0	25	0	0	0.649		99.9603	67.1055	0.363827	0	3.63972	0.50789	17.1518	1		0	12.0616	40.3769	0	0	0	
2024-06-14 06:18:51	609	1147	9	0	0	3.75	16	0	0	0	16	0	0	4	16	0	0	0	16	0	0	0.216		99.959	66.186	0.880235	0	8.80596	0.634947	13.8324	1		0	12.0616	40.117	0	0	0	
2024-06-14 06:18:21	605	1148	5	0	0	7.75	32	0	0	0	32	0	0	1	32	0	0	0	32	0	0	5.845		99.9614	66.6995	0.0379896	0	0.380043	0.00936993	16.1182	1		0	12.0616	40.117	0	0	0	
2024-06-14 06:12:35	561	1149	5	0	0	5	21	0	0	0	21	0	0	5.25	21	0	0	0	21	0	0	0.216		99.961	67.4426	0.830805	0	8.31129	0.452953	13.0553	1		0	12.0616	40.7668	0	0	0	
2024-06-14 06:12:13	559	1150	9	0	0	5	21	0	0	0	21	0	0	4	21	0	0	0	21	0	0	0.866		99.9627	66.3379	0.247141	0	2.47233	2.60238	15.5341	4		0	12.0616	40.8967	0	0	0	
2024-06-14 06:10:16	543	1151	1	0	0	3	13	0	0	0	13	0	0	0.75	13	0	0	0	13	0	0	1.948		99.9649	68.4924	0.0944071	0	0.944402	0.0901129	13.3512	1		0	12.0616	41.2865	0	0	0	
2024-06-14 06:06:55	518	1152	1	0	0	1	5	0	0	0	5	0	0	1.75	5	0	0	0	5	0	0	0.649		99.9756	68.3578	0.316562	0	3.16639	0.252759	14.9213	1		0.0088623	12.0616	42.8459	0	0	0	
2024-06-14 06:10:44	547	1153	1	0	0	4	17	0	0	0	17	0	0	2	17	0	0	0	17	0	0	1.732		99.9622	67.9783	0.108843	0	1.08884	0.519544	13.6828	1		0.0088623	12.0616	40.8967	0	0	0	
2024-06-14 06:17:52	601	1154	5	0	0	7.75	32	0	0	0	32	0	0	5.75	32	0	0	0	32	0	0	1.732		99.9588	66.6829	0.113014	0	1.13061	0.183206	14.2076	1		0	12.0616	40.247	0	0	0	
2024-06-14 06:17:01	595	1155	5	0	0	7.75	32	0	0	0	32	0	0	4.5	32	0	0	0	32	0	0	2.814		99.9623	66.2981	0.0679229	0	0.679485	0.0750489	13.8753	2		0	11.9552	40.3769	0	0	0	
2024-06-14 06:21:06	626	1156	1	0	0	2.25	10	0	0	0	10	0	0	3.5	10	0	0	0	10	0	0	1.082		99.9601	66.8234	0.181029	0	1.81102	0.314972	14.2237	1		0	12.0616	39.9871	0	0	0	
2024-06-14 06:20:17	620	1157	9	0	0	0.25	2	0	0	0	2	0	0	7.5	2	0	0	0	2	0	0	6.278		99.961	65.7528	0.0380886	0	0.381035	0.948706	17.3573	1		0	12.0616	40.117	0	0	0	
2024-06-14 06:14:34	576	1158	1	0	0	6	25	0	0	0	25	0	0	1.75	25	0	0	0	25	0	0	3.68		99.9582	66.5625	0.0637348	0	0.637615	0.071023	17.0266	2		0	12.0616	40.5069	0	0	0	
2024-06-14 06:11:29	553	1159	5	0	0	4	17	0	0	0	17	0	0	5.25	17	0	0	0	17	0	0	1.082		99.9598	67.0811	0.196549	0	1.96628	0.333182	15.4431	1		0.0088623	12.0616	41.0267	0	0	0	
2024-06-14 06:05:46	509	1160	1	0	0	0	1	0	0	0	1	0	0	1.5	1	0	0	0	1	0	0	1.299		99.9762	70.2573	0.143992	0	1.44026	0.136119	13.5741	1		0	12.0616	43.7555	0	0	0	
2024-06-14 06:10:23	544	1161	5	0	0	3	13	0	0	0	13	0	0	2.5	13	0	0	0	13	0	0	0.433		99.9627	68.5359	0.467328	0	4.67502	0.434419	14.687	1		0	12.0616	41.1566	0	0	0	
2024-06-14 06:08:27	530	1162	9	0	0	2	9	0	0	0	9	0	0	5.75	9	0	0	0	9	0	0	3.247		99.9725	67.7132	0.065593	0	0.656111	0.0383455	15.4592	2		0	12.0616	42.0662	0	0	0	
2024-06-14 06:07:43	524	1163	9	0	0	2	9	0	0	0	9	0	0	4.5	9	0	0	0	9	0	0	2.165		99.9753	68.2838	0.090071	0	0.900932	0.0290777	14.1518	1		0	12.0616	42.1962	0	0	0	
2024-06-14 06:16:39	592	1164	5	0	0	7	29	0	0	0	29	0	0	3.5	29	0	0	0	29	0	0	3.031		99.9614	67.0199	0.0653468	0	0.65372	0.00794124	14.3761	1		0	12.0616	40.247	0	0	0	
2024-06-14 06:06:25	514	1165	1	0	0	1	5	0	0	0	5	0	0	3	5	0	0	0	5	0	0	1.732		99.9752	68.7353	0.106923	0	1.0695	0.250665	13.4397	1		0	12.0616	43.2357	0	0	0	
2024-06-14 06:04:57	503	1166	5	0	0	0	1	0	0	0	1	0	0	7.25	1	0	0	0	1	0	0	6.278		99.9742	70.8876	0.0414742	0	0.414849	0.238851	18.8977	2		0	12.0705	44.4052	0	0	0	
2024-06-14 06:13:45	570	1167	1	0	0	5	21	0	0	0	21	0	0	1.5	21	0	0	0	21	0	0	3.031		99.9618	67.0406	0.0660145	0	0.660397	0.0884556	14.5229	1		0	12.0616	40.6368	0	0	0	
2024-06-14 06:07:57	526	1168	1	0	0	2	9	0	0	0	9	0	0	1.25	9	0	0	0	9	0	0	0.649		99.9748	68.3778	0.307195	0	3.07272	0.327042	14.4799	1		0	12.0616	42.3261	0	0	0	
2024-06-14 06:23:40	645	1169	1	0	0	1.5	7	0	0	0	7	0	0	0.25	7	0	0	0	7	0	0	1.082		99.9593	65.2073	0.17823	0	1.78303	0.208481	14.0039	1		0	12.0616	40.117	0	0	0	
2024-06-14 06:04:42	501	1170	1	0	0	0	1	0	0	0	1	0	0	2.5	1	0	0	0	1	0	0	2.165		99.9756	72.3993	0.0888264	0	0.888481	0.283978	13.9562	1		0.0088623	12.0705	44.7951	0	0	0	
2024-06-14 06:22:51	639	1171	1	0	0	6.25	26	0	0	0	26	0	0	1.5	26	0	0	0	26	0	0	4.113		99.9623	65.6707	0.0572816	0	0.573032	0.159679	17.1022	2		0	12.0616	40.117	0	0	0	
2024-06-14 06:24:39	653	1172	9	0	0	7.25	30	0	0	0	30	0	0	6.5	30	0	0	0	30	0	0	0.649		99.9626	65.79	0.339346	0	3.39473	0.798625	15.9973	1		0	12.0616	40.117	0	0	0	
2024-06-14 06:09:53	540	1173	5	0	0	3	13	0	0	0	13	0	0	7.75	13	0	0	0	13	0	0	4.113		99.9678	68.857	0.0501637	0	0.501799	0.336314	14.9763	1		0.0088623	12.0616	41.4165	0	0	0	
2024-06-14 06:09:21	536	1174	9	0	0	3	13	0	0	0	13	0	0	6.5	13	0	0	0	13	0	0	3.031		99.965	70.1977	0.0693688	0	0.69393	0.0711227	15.2603	1		0	12.0616	41.5464	0	0	0	
2024-06-14 06:06:41	516	1175	9	0	0	1	5	0	0	0	5	0	0	7	5	0	0	0	5	0	0	5.195		99.9756	68.5747	0.0458338	0	0.45845	0.187364	17.2831	1		0.0088623	11.9552	42.9758	0	0	0	
2024-06-14 06:14:04	572	1176	9	0	0	6	25	0	0	0	25	0	0	4.75	25	0	0	0	25	0	0	1.082		99.9584	66.9205	0.198055	0	1.98138	0.388953	15.5617	1		0	12.0616	40.5069	0	0	0	
2024-06-14 06:18:21	605	1177	1	0	0	7.75	32	0	0	0	32	0	0	0.25	32	0	0	0	32	0	0	6.494		99.9614	66.6995	0.0338786	0	0.338917	0.0347677	15.9711	1		0	12.0616	40.117	0	0	0	
2024-06-14 06:13:23	567	1178	1	0	0	5	21	0	0	0	21	0	0	3.25	21	0	0	0	21	0	0	1.515		99.9627	67.8009	0.126392	0	1.26439	0.0828325	13.9027	1		0	12.0616	40.6368	0	0	0	
2024-06-14 06:10:30	545	1179	5	0	0	3	13	0	0	0	13	0	0	0	13	0	0	0	13	0	0	2.598		99.9642	68.3025	0.0771206	0	0.771483	0.0211827	14.5421	1		0	12.0616	41.1566	0	0	0	
2024-06-14 06:18:58	610	1180	9	0	0	3.5	15	0	0	0	15	0	0	4.25	15	0	0	0	15	0	0	0.649		99.9555	66.0689	0.341652	0	3.41804	0.5055	16.1071	1		0.0088623	12.0616	40.117	0	0	0	
2024-06-14 06:10:53	548	1181	1	0	0	4	17	0	0	0	17	0	0	1.25	17	0	0	0	17	0	0	2.381		99.9626	67.39	0.0801668	0	0.801968	0.448155	13.857	1		0	12.0616	41.1566	0	0	0	
2024-06-14 06:17:37	599	1182	9	0	0	7.75	32	0	0	0	32	0	0	5	32	0	0	0	32	0	0	2.381		99.9584	66.5513	0.0796252	0	0.796583	0.0865807	13.764	1		0	12.0616	40.247	0	0	0	
2024-06-14 06:18:14	604	1183	5	0	0	7.75	32	0	0	0	32	0	0	3.75	32	0	0	0	32	0	0	3.464		99.9562	66.7387	0.0557117	0	0.557361	0.227799	14.008	1		0	12.0616	40.117	0	0	0	
2024-06-14 06:26:19	663	1184	1	0	0	1.25	6	0	0	6.5	6	0	0	3	6	0	0	4.75	6	0	0	0.908		99.9608	20.1017	0.0989013	0	0.9894	0.195497	10.879	2		0	12.0616	40.117	0	0	0	
2024-06-14 06:14:51	578	1185	1	0	0	6	25	0	0	0	25	0	0	1	25	0	0	0	25	0	0	4.33		99.9624	66.5808	0.0573656	0	0.573872	0.251535	18.0287	1		0	12.0616	40.247	0	0	0	
2024-06-14 06:11:51	556	1186	1	0	0	4	17	0	0	0	17	0	0	3.25	17	0	0	0	17	0	0	0.649		99.958	66.873	0.342466	0	3.42609	0.321413	16.1451	1		0	12.0616	40.8967	0	0	0	
2024-06-14 06:05:54	510	1187	1	0	0	0	1	0	0	0	1	0	0	0.75	1	0	0	0	1	0	0	0.649		99.9779	69.6715	0.323098	0	3.23169	0.160663	15.229	1		0	12.0616	43.3657	0	0	0	
2024-06-14 06:25:46	660	1188	1	0	0	3.5	15	0	0	4.25	15	0	0	3.75	15	0	0	4	15	0	0	0.13		99.9639	19.2909	0.576346	0	5.76554	0.152216	9.05649	2		0	12.0616	39.9871	0	0	0	
2024-06-14 06:08:19	529	1189	5	0	0	2	9	0	0	0	9	0	0	5	9	0	0	0	9	0	0	2.598		99.9737	68.3862	0.0773372	0	0.773575	0.0173172	14.5815	1		0.0088623	12.0616	42.1962	0	0	0	
2024-06-14 06:08:13	528	1190	1	0	0	2	9	0	0	0	9	0	0	3.75	9	0	0	0	9	0	0	1.515		99.9709	68.2869	0.130954	0	1.30992	0.486071	14.4033	1		0	12.0616	42.1962	0	0	0	
2024-06-14 06:16:54	594	1191	5	0	0	7	29	0	0	0	29	0	0	2.75	29	0	0	0	29	0	0	3.68		99.9609	66.8687	0.0560878	0	0.561098	0.00721808	14.9833	1		0	12.0616	40.117	0	0	0	
2024-06-14 06:15:54	586	1192	1	0	0	7	29	0	0	0	29	0	0	2.25	29	0	0	0	29	0	0	4.113		99.9619	66.8301	0.051587	0	0.516067	0.106866	15.4021	1		0	12.0616	40.117	0	0	0	
2024-06-14 06:04:19	499	1193	5	0	0	0	1	0	0	0	1	0	0	7.75	1	0	0	0	1	0	0	6.711		99.9726	74.1122	0.0353649	0	0.353746	0.806489	17.2256	2		0	12.0261	45.055	0	0	0	
2024-06-14 06:05:07	504	1194	9	0	0	0	1	0	0	0	1	0	0	6.5	1	0	0	0	1	0	0	5.628		99.9771	70.111	0.0420633	0	0.420729	0.112559	17.1829	2		0	12.0616	44.2753	0	0	0	
2024-06-14 06:12:13	559	1195	1	0	0	5	21	0	0	0	21	0	0	0.75	21	0	0	0	21	0	0	3.68		99.9627	66.3379	0.0589407	0	0.589627	0.146956	15.7451	4		0	12.0616	40.8967	0	0	0	
2024-06-14 06:12:59	564	1196	5	0	0	5	21	0	0	0	21	0	0	7.25	21	0	0	0	21	0	0	1.948		99.9579	66.6013	0.125221	0	1.25274	0.348873	17.7101	2		0.0088623	12.0616	40.5069	0	0	0	
2024-06-14 06:24:32	652	1197	9	0	0	5.75	24	0	0	0	24	0	0	4	24	0	0	0	24	0	0	1.515		99.9626	65.8342	0.131407	0	1.31456	0.22182	14.4544	1		0	12.0616	40.117	0	0	0	
2024-06-14 06:21:21	628	1198	9	0	0	4.5	19	0	0	0	19	0	0	5.25	19	0	0	0	19	0	0	0.649		99.9604	66.2609	0.340602	0	3.40737	0.471608	16.0568	1		0	12.0616	40.117	0	0	0	
2024-06-14 06:25:56	661	1199	1	0	0	2.75	12	0	0	5	12	0	0	3.5	12	0	0	4.25	12	0	0	0.389		99.9628	20.738	0.33122	0	3.31343	1.07107	15.6142	4		0	12.0616	40.3769	0	0	0	
2024-06-14 06:08:37	531	1200	5	0	0	2	9	0	0	0	9	0	0	0.5	9	0	0	0	9	0	0	1.299		99.9709	67.8429	0.144049	0	1.44091	0.243018	13.5803	1		0	12.0616	41.8063	0	0	0	
2024-06-14 06:20:07	619	1201	9	0	0	0.5	3	0	0	0	3	0	0	7.25	3	0	0	0	3	0	0	5.845		99.9597	65.9228	0.101224	0	1.01265	0.576791	42.948	2		0	12.0616	39.9871	0	0	0	
2024-06-14 06:11:00	549	1202	5	0	0	4	17	0	0	0	17	0	0	7.25	17	0	0	0	17	0	0	2.814		99.9644	67.4282	0.0819073	0	0.819365	0.777093	16.7317	1		0	12.0616	41.1566	0	0	0	
2024-06-14 06:09:28	537	1203	5	0	0	3	13	0	0	0	13	0	0	5.75	13	0	0	0	13	0	0	2.381		99.9701	69.1859	0.0812891	0	0.813134	0.0919966	14.0499	1		0	12.0616	41.5464	0	0	0	
2024-06-14 06:09:21	536	1204	5	0	0	3	13	0	0	0	13	0	0	4.5	13	0	0	0	13	0	0	1.299		99.965	70.1977	0.151377	0	1.5143	0.38361	14.272	1		0	12.0616	41.5464	0	0	0	
2024-06-14 06:16:09	588	1205	5	0	0	7	29	0	0	0	29	0	0	6.75	29	0	0	0	29	0	0	0.216		99.959	66.7781	0.829382	0	8.29722	0.628652	13.0332	1		0	12.0616	40.247	0	0	0	
2024-06-14 06:06:55	518	1206	5	0	0	1	5	0	0	0	5	0	0	7.5	5	0	0	0	5	0	0	5.628		99.9756	68.3578	0.0422477	0	0.42258	0.378171	17.2585	1		0.0088623	12.0616	42.8459	0	0	0	
2024-06-14 06:06:48	517	1207	9	0	0	1	5	0	0	0	5	0	0	6.25	5	0	0	0	5	0	0	4.546		99.9782	68.5902	0.0535831	0	0.535948	0.197629	17.6792	1		0	12.0616	42.9758	0	0	0	
2024-06-14 06:13:53	571	1208	9	0	0	6	25	0	0	0	25	0	0	5.25	25	0	0	0	25	0	0	0.649		99.9599	66.5519	0.345894	0	3.46033	0.35959	16.3064	2		0	12.0616	40.5069	0	0	0	
2024-06-14 06:14:11	573	1209	9	0	0	6	25	0	0	0	25	0	0	4	25	0	0	0	25	0	0	1.732		99.9606	67.1269	0.11428	0	1.14325	0.0961467	14.3665	1		0	12.0616	40.5069	0	0	0	
2024-06-14 06:13:23	567	1210	5	0	0	5	21	0	0	0	21	0	0	2.5	21	0	0	0	21	0	0	2.165		99.9627	67.8009	0.0943487	0	0.94384	0.486164	14.8258	1		0	12.0616	40.6368	0	0	0	
2024-06-14 06:07:18	521	1211	1	0	0	1	5	0	0	0	5	0	0	0.25	5	0	0	0	5	0	0	0.649		99.9739	68.3813	0.324398	0	3.24483	0.187241	15.2909	1		0	12.0616	42.7159	0	0	0	
2024-06-14 06:11:07	550	1212	1	0	0	4	17	0	0	0	17	0	0	0.5	17	0	0	0	17	0	0	3.031		99.9627	67.1198	0.0667291	0	0.66754	0.124565	14.68	1		0	12.0616	41.0267	0	0	0	
2024-06-14 06:18:43	608	1213	1	0	0	7.75	32	0	0	0	32	0	0	3	32	0	0	0	32	0	0	4.113		99.958	66.4786	0.0481358	0	0.48156	0.113415	14.3722	1		0	12.0616	39.9871	0	0	0	
2024-06-14 06:15:07	580	1214	5	0	0	6	25	0	0	0	25	0	0	0.25	25	0	0	0	25	0	0	4.979		99.9584	67.6351	0.0468958	0	0.469153	0.157054	16.9497	1		0	12.0616	40.117	0	0	0	
2024-06-14 06:22:22	636	1215	1	0	0	5.25	22	0	0	0	22	0	0	2.5	22	0	0	0	22	0	0	2.381		99.9606	66.0018	0.131608	0	1.3166	0.3523	22.7491	2		0	12.0616	40.117	0	0	0	
2024-06-14 06:12:05	558	1216	1	0	0	4	17	0	0	0	17	0	0	2.5	17	0	0	0	17	0	0	1.299		99.9592	67.6686	0.150025	0	1.50086	0.426995	14.1453	1		0	12.0616	40.8967	0	0	0	
2024-06-14 06:08:05	527	1217	1	0	0	2	9	0	0	0	9	0	0	3	9	0	0	0	9	0	0	0.866		99.9768	68.6112	0.233471	0	2.33525	0.364808	14.6728	1		0	12.0616	42.1962	0	0	0	
2024-06-14 06:16:09	588	1218	1	0	0	7	29	0	0	0	29	0	0	1.5	29	0	0	0	29	0	0	4.762		99.959	66.7781	0.0476534	0	0.47673	0.221526	16.4746	1		0	12.0616	40.247	0	0	0	
2024-06-14 06:04:49	502	1219	9	0	0	0	1	0	0	0	1	0	0	5.75	1	0	0	0	1	0	0	4.979		99.9755	71.9837	0.0463578	0	0.463692	0.201052	16.7524	1		0	12.0616	44.6651	0	0	0	
2024-06-14 06:04:42	501	1220	5	0	0	0	1	0	0	0	1	0	0	4.5	1	0	0	0	1	0	0	3.897		99.9756	72.3993	0.0544702	0	0.544835	0.482361	15.4048	1		0.0088623	12.0705	44.7951	0	0	0	
2024-06-14 06:13:31	568	1221	5	0	0	5	21	0	0	0	21	0	0	0	21	0	0	0	21	0	0	4.33		99.965	67.0766	0.0512446	0	0.512626	0.223676	16.1046	1		0	12.0616	40.6368	0	0	0	
2024-06-14 06:18:36	607	1222	1	0	0	7.75	32	0	0	0	32	0	0	2.25	32	0	0	0	32	0	0	4.762		99.9591	66.5595	0.0424476	0	0.42465	0.315055	14.6749	1		0.0088623	12.0616	39.9871	0	0	0	
2024-06-14 06:13:08	565	1223	9	0	0	5	21	0	0	0	21	0	0	7.75	21	0	0	0	21	0	0	2.381		99.9581	67.2847	0.0826093	0	0.826439	0.0113943	14.2798	1		0.0088623	12.0616	40.6368	0	0	0	
2024-06-14 06:12:59	564	1224	9	0	0	5	21	0	0	0	21	0	0	6.5	21	0	0	0	21	0	0	1.299		99.9579	66.6013	0.162638	0	1.62706	0.146622	15.3347	2		0.0088623	12.0616	40.5069	0	0	0	
2024-06-14 06:09:06	535	1225	1	0	0	3	13	0	0	0	13	0	0	2	13	0	0	0	13	0	0	0.866		99.9676	67.8119	0.228128	0	2.28202	2.32934	14.3383	4		0	12.0616	41.5464	0	0	0	
2024-06-14 06:22:08	634	1226	1	0	0	4.5	19	0	0	0	19	0	0	3.25	19	0	0	0	19	0	0	1.082		99.9558	66.0099	0.19056	0	1.90645	0.495831	14.9732	1		0.0088623	12.0616	40.117	0	0	0	
2024-06-14 06:18:00	602	1227	5	0	0	7.75	32	0	0	0	32	0	0	7	32	0	0	0	32	0	0	0.649		99.958	66.5885	0.343566	0	3.4371	0.297375	16.197	1		0.0088623	12.0616	40.247	0	0	0	
2024-06-14 06:24:24	651	1228	9	0	0	5.5	23	0	0	0	23	0	0	4.25	23	0	0	0	23	0	0	1.082		99.9593	65.4182	0.195372	0	1.95452	0.504134	15.3507	1		0	11.9552	40.117	0	0	0	
2024-06-14 06:23:08	641	1229	1	0	0	6.75	28	0	0	0	28	0	0	1	28	0	0	0	28	0	0	4.979		99.9605	65.6222	0.0515886	0	0.51609	0.747794	18.6455	1		0	12.0616	40.117	0	0	0	
2024-06-14 06:21:28	629	1230	9	0	0	4.25	18	0	0	0	18	0	0	5.5	18	0	0	0	18	0	0	1.082		99.9605	66.1246	0.19575	0	1.95827	0.438202	15.3802	1		0	12.0616	39.9871	0	0	0	
2024-06-14 06:11:14	551	1231	5	0	0	4	17	0	0	0	17	0	0	7.75	17	0	0	0	17	0	0	3.247		99.9614	67.0112	0.0614411	0	0.614648	0.194681	14.4823	1		0	12.0616	41.0267	0	0	0	
2024-06-14 06:10:44	547	1232	5	0	0	4	17	0	0	0	17	0	0	6.5	17	0	0	0	17	0	0	2.165		99.9622	67.9783	0.0923497	0	0.923846	0.372948	14.5117	1		0.0088623	12.0616	40.8967	0	0	0	
2024-06-14 06:09:06	535	1233	9	0	0	3	13	0	0	0	13	0	0	5	13	0	0	0	13	0	0	1.732		99.9676	67.8119	0.110966	0	1.11002	0.11443	13.9489	4		0	12.0616	41.5464	0	0	0	
2024-06-14 06:09:28	537	1234	1	0	0	3	13	0	0	0	13	0	0	3.75	13	0	0	0	13	0	0	0.649		99.9701	69.1859	0.330522	0	3.30621	0.472269	15.5801	1		0	12.0616	41.5464	0	0	0	
2024-06-14 06:07:57	526	1235	5	0	0	2	9	0	0	0	9	0	0	7	9	0	0	0	9	0	0	4.33		99.9748	68.3778	0.0505563	0	0.50569	0.218702	15.8867	1		0	12.0616	42.3261	0	0	0	
2024-06-14 06:16:23	590	1236	5	0	0	7	29	0	0	0	29	0	0	6	29	0	0	0	29	0	0	0.866		99.9591	66.7475	0.257771	0	2.57877	0.526495	16.2029	1		0	12.0616	40.3769	0	0	0	
2024-06-14 06:15:29	583	1237	9	0	0	7	29	0	0	0	29	0	0	4.75	29	0	0	0	29	0	0	1.948		99.9572	66.9657	0.101716	0	1.01759	0.859574	14.3859	1		0	12.0616	40.3769	0	0	0	
2024-06-14 06:06:25	514	1238	9	0	0	1	5	0	0	0	5	0	0	5.5	5	0	0	0	5	0	0	3.897		99.9752	68.7353	0.0614892	0	0.615044	0.0493921	17.39	1		0	12.0616	43.2357	0	0	0	
2024-06-14 06:06:33	515	1239	5	0	0	1	5	0	0	0	5	0	0	4.25	5	0	0	0	5	0	0	2.814		99.9784	68.7935	0.0725481	0	0.725638	0.247122	14.8178	1		0.0088623	12.0616	43.1058	0	0	0	
2024-06-14 06:14:04	572	1240	1	0	0	6	25	0	0	0	25	0	0	3.25	25	0	0	0	25	0	0	2.381		99.9584	66.9205	0.0826851	0	0.827195	0.0438115	14.2929	1		0	12.0616	40.5069	0	0	0	
2024-06-14 06:20:41	623	1241	1	0	0	0.25	2	0	0	0	2	0	0	1.5	2	0	0	0	2	0	0	1.082		99.9605	65.3531	0.176026	0	1.76096	0.0195879	13.8305	2		0.0088623	12.0616	40.117	0	0	0	
2024-06-14 06:16:23	590	1242	1	0	0	7	29	0	0	0	29	0	0	0.75	29	0	0	0	29	0	0	5.412		99.9591	66.7475	0.0438407	0	0.438586	0.01515	17.2232	1		0	12.0616	40.3769	0	0	0	
2024-06-14 06:05:25	506	1243	9	0	0	0	1	0	0	0	1	0	0	5	1	0	0	0	1	0	0	4.33		99.9756	70.0518	0.0509256	0	0.509381	0.132817	16.0027	1		0	12.0616	43.8855	0	0	0	
2024-06-14 06:05:46	509	1244	5	0	0	0	1	0	0	0	1	0	0	3.75	1	0	0	0	1	0	0	3.247		99.9762	70.2573	0.0624915	0	0.625064	0.185865	14.7277	1		0	12.0616	43.7555	0	0	0	
2024-06-14 06:24:46	654	1245	9	0	0	7.5	31	0	0	0	31	0	0	6.25	31	0	0	0	31	0	0	1.082		99.9591	65.3233	0.191051	0	1.91129	0.0358977	15.0112	2		0	12.0616	40.117	0	0	0	
2024-06-14 06:21:52	632	1246	9	0	0	6.25	26	0	0	0	26	0	0	7.5	26	0	0	0	26	0	0	1.082		99.9598	66.0565	0.191703	0	1.9178	0.226141	15.0624	1		0	12.0616	39.9871	0	0	0	
2024-06-14 06:14:34	576	1247	5	0	0	6	25	0	0	0	25	0	0	7.25	25	0	0	0	25	0	0	1.082		99.9582	66.5625	0.250666	0	2.50771	0.557375	19.6955	2		0	12.0616	40.5069	0	0	0	
2024-06-14 06:18:36	607	1248	5	0	0	7.75	32	0	0	0	32	0	0	1.5	32	0	0	0	32	0	0	5.412		99.9591	66.5595	0.0388651	0	0.38881	0.287668	15.2686	1		0.0088623	12.0616	39.9871	0	0	0	
2024-06-14 06:12:51	563	1249	5	0	0	5	21	0	0	0	21	0	0	5.75	21	0	0	0	21	0	0	0.649		99.9608	67.5001	0.346994	0	3.4713	0.394422	16.3581	1		0	12.0616	40.6368	0	0	0	
2024-06-14 06:12:43	562	1250	9	0	0	5	21	0	0	0	21	0	0	4.5	21	0	0	0	21	0	0	0.433		99.9604	67.3733	0.49529	0	4.95486	0.500898	15.5662	1		0	12.0616	40.7668	0	0	0	
2024-06-14 06:10:23	544	1251	1	0	0	3	13	0	0	0	13	0	0	1.25	13	0	0	0	13	0	0	1.515		99.9627	68.5359	0.121358	0	1.21403	0.384674	13.349	1		0	12.0616	41.1566	0	0	0	
2024-06-14 06:06:41	516	1252	1	0	0	1	5	0	0	0	5	0	0	2.25	5	0	0	0	5	0	0	1.082		99.9756	68.5747	0.17469	0	1.74732	0.223085	13.7234	1		0.0088623	11.9552	42.9758	0	0	0	
2024-06-14 06:20:31	622	1253	1	0	0	0.5	3	0	0	0	3	0	0	1.25	3	0	0	0	3	0	0	0.649		99.9585	65.7414	0.329359	0	3.29495	0.0601673	15.5271	2		0	12.0616	40.117	0	0	0	
2024-06-14 06:19:20	613	1254	9	0	0	2.5	11	0	0	0	11	0	0	5.25	11	0	0	0	11	0	0	2.381		99.9589	66.5144	0.0930395	0	0.930777	0.373066	16.0827	2		0	12.0616	40.117	0	0	0	
2024-06-14 06:17:37	599	1255	5	0	0	7.75	32	0	0	0	32	0	0	7.5	32	0	0	0	32	0	0	0.216		99.9584	66.5513	0.874506	0	8.7487	0.430818	13.7424	1		0	12.0616	40.247	0	0	0	
2024-06-14 06:17:44	600	1256	5	0	0	7.75	32	0	0	0	32	0	0	6.25	32	0	0	0	32	0	0	1.299		99.961	66.5668	0.157938	0	1.57999	0.28853	14.8911	1		0	12.0616	40.247	0	0	0	
2024-06-14 06:22:00	633	1257	1	0	0	4.25	18	0	0	0	18	0	0	3.5	18	0	0	0	18	0	0	0.649		99.96	66.1928	0.343682	0	3.4382	0.346713	16.2021	1		0	12.0616	40.117	0	0	0	
2024-06-14 06:14:44	577	1258	1	0	0	6	25	0	0	0	25	0	0	2.25	25	0	0	0	25	0	0	3.247		99.9614	66.7007	0.0644058	0	0.644307	0.107728	15.1811	1		0	12.0616	40.3769	0	0	0	
2024-06-14 06:24:17	650	1259	9	0	0	5.25	22	0	0	0	22	0	0	4.5	22	0	0	0	22	0	0	0.649		99.963	66.0171	0.339625	0	3.39751	0.647036	16.0104	1		0	12.0616	40.117	0	0	0	
2024-06-14 06:11:00	549	1260	9	0	0	4	17	0	0	0	17	0	0	5.75	17	0	0	0	17	0	0	1.515		99.9644	67.4282	0.132342	0	1.32389	0.146138	14.5569	1		0	12.0616	41.1566	0	0	0	
2024-06-14 06:11:22	552	1261	9	0	0	4	17	0	0	0	17	0	0	4.5	17	0	0	0	17	0	0	0.433		99.9598	67.0193	0.534601	0	5.34816	0.197274	16.8018	1		0	12.0616	41.0267	0	0	0	
2024-06-14 06:04:57	503	1262	1	0	0	0	1	0	0	0	1	0	0	2	1	0	0	0	1	0	0	1.732		99.9742	70.8876	0.135279	0	1.35314	0.135893	17.0041	2		0	12.0705	44.4052	0	0	0	
2024-06-14 06:08:05	527	1263	9	0	0	2	9	0	0	0	9	0	0	7.5	9	0	0	0	9	0	0	4.762		99.9768	68.6112	0.047391	0	0.47402	0.423482	16.381	1		0	12.0616	42.1962	0	0	0	
2024-06-14 06:07:43	524	1264	5	0	0	2	9	0	0	0	9	0	0	6.25	9	0	0	0	9	0	0	3.68		99.9753	68.2838	0.0589677	0	0.589823	0.0443112	15.7504	1		0	12.0616	42.1962	0	0	0	
2024-06-14 06:15:29	583	1265	5	0	0	7	29	0	0	0	29	0	0	5.25	29	0	0	0	29	0	0	1.515		99.9572	66.9657	0.132165	0	1.32222	0.856329	14.5385	1		0	12.0616	40.3769	0	0	0	
2024-06-14 06:15:54	586	1266	5	0	0	7	29	0	0	0	29	0	0	4	29	0	0	0	29	0	0	2.598		99.9619	66.8301	0.0760468	0	0.760758	0.00877273	14.34	1		0	12.0616	40.117	0	0	0	
2024-06-14 06:06:09	512	1267	1	0	0	1	5	0	0	0	5	0	0	3.5	5	0	0	0	5	0	0	2.165		99.9764	68.4118	0.0854271	0	0.854473	0.026074	13.422	2		0.0088623	12.0616	43.3657	0	0	0	
2024-06-14 06:14:11	573	1268	1	0	0	6	25	0	0	0	25	0	0	2.5	25	0	0	0	25	0	0	3.031		99.9606	67.1269	0.0748726	0	0.749021	0.530919	16.4718	1		0	12.0616	40.5069	0	0	0	
2024-06-14 06:24:09	649	1269	1	0	0	3.75	16	0	0	0	16	0	0	2	16	0	0	0	16	0	0	1.515		99.9567	65.8237	0.130069	0	1.30125	0.167853	14.308	1		0	12.0616	40.247	0	0	0	
2024-06-14 06:12:59	564	1270	1	0	0	5	21	0	0	0	21	0	0	2	21	0	0	0	21	0	0	2.598		99.9579	66.6013	0.0774035	0	0.774361	0.260484	14.5964	2		0.0088623	12.0616	40.5069	0	0	0	
2024-06-14 06:08:19	529	1271	1	0	0	2	9	0	0	0	9	0	0	1.75	9	0	0	0	9	0	0	0.216		99.9737	68.3862	0.777762	0	7.77966	0.270184	12.2203	1		0.0088623	12.0616	42.1962	0	0	0	
2024-06-14 06:15:29	583	1272	1	0	0	7	29	0	0	0	29	0	0	0	29	0	0	0	29	0	0	6.061		99.9572	66.9657	0.0403959	0	0.404132	0.240209	17.7747	1		0	12.0616	40.3769	0	0	0	
2024-06-14 06:04:19	499	1273	1	0	0	0	1	0	0	0	1	0	0	3	1	0	0	0	1	0	0	2.598		99.9726	74.1122	0.0760374	0	0.760582	0.216475	14.3366	2		0	12.0261	45.055	0	0	0	
2024-06-14 06:10:01	541	1274	9	0	0	3	13	0	0	0	13	0	0	7	13	0	0	0	13	0	0	3.464		99.9698	68.8239	0.0598772	0	0.598953	0.231576	15.0533	1		0	12.0616	41.4165	0	0	0	
2024-06-14 06:14:04	572	1275	5	0	0	6	25	0	0	0	25	0	0	7.75	25	0	0	0	25	0	0	1.515		99.9584	66.9205	0.136756	0	1.36813	0.246954	15.0434	1		0	12.0616	40.5069	0	0	0	
2024-06-14 06:14:44	577	1276	5	0	0	6	25	0	0	0	25	0	0	6.5	25	0	0	0	25	0	0	0.433		99.9614	66.7007	0.539473	0	5.39682	0.46304	16.9546	1		0	12.0616	40.3769	0	0	0	
2024-06-14 06:18:07	603	1277	5	0	0	7.75	32	0	0	0	32	0	0	0.75	32	0	0	0	32	0	0	6.061		99.9618	66.5684	0.036349	0	0.363629	0.0872761	15.9932	1		0	12.0616	40.117	0	0	0	
2024-06-14 06:12:51	563	1278	1	0	0	5	21	0	0	0	21	0	0	3.75	21	0	0	0	21	0	0	1.082		99.9608	67.5001	0.190692	0	1.90767	0.368749	14.9828	1		0	12.0616	40.6368	0	0	0	
2024-06-14 06:10:16	543	1279	5	0	0	3	13	0	0	0	13	0	0	0.5	13	0	0	0	13	0	0	2.165		99.9649	68.4924	0.0874486	0	0.874793	0.0105782	13.7412	1		0	12.0616	41.2865	0	0	0	
2024-06-14 06:06:02	511	1280	1	0	0	1	5	0	0	0	5	0	0	1.5	5	0	0	0	5	0	0	0.433		99.9741	69.101	0.475691	0	4.75815	0.576598	14.9482	1		0	12.0705	43.2357	0	0	0	
2024-06-14 06:26:11	662	1281	1	0	0	2	9	0	0	5.75	9	0	0	3.25	9	0	0	4.5	9	0	0	0.649		99.9608	20.225	0.174147	0	1.74215	0.972053	13.6828	1		0	12.0616	40.247	0	0	0	
2024-06-14 06:11:44	555	1282	1	0	0	4	17	0	0	0	17	0	0	1.75	17	0	0	0	17	0	0	1.948		99.9619	67.2064	0.0964332	0	0.964699	0.244509	13.6381	1		0	12.0616	41.0267	0	0	0	
2024-06-14 06:20:59	625	1283	1	0	0	2.5	11	0	0	0	11	0	0	3.25	11	0	0	0	11	0	0	0.649		99.9566	66.5977	0.320351	0	3.2049	0.595425	15.1027	1		0	12.0616	40.117	0	0	0	
2024-06-14 06:17:12	596	1284	5	0	0	7.75	32	0	0	0	32	0	0	5.5	32	0	0	0	32	0	0	1.948		99.9603	66.7763	0.0997127	0	0.997524	0.609212	14.1022	1		0	12.0616	40.117	0	0	0	
2024-06-14 06:17:19	597	1285	5	0	0	7.75	32	0	0	0	32	0	0	4.25	32	0	0	0	32	0	0	3.031		99.9613	66.6389	0.0633962	0	0.634208	0.26152	13.947	1		0	12.0616	40.117	0	0	0	
2024-06-14 06:14:59	579	1286	5	0	0	6	25	0	0	0	25	0	0	1.5	25	0	0	0	25	0	0	3.897		99.9555	67.1402	0.0564685	0	0.564937	0.280458	15.9732	1		0	12.0616	40.3769	0	0	0	
2024-06-14 06:11:14	551	1287	9	0	0	4	17	0	0	0	17	0	0	5	17	0	0	0	17	0	0	0.866		99.9614	67.0112	0.253521	0	2.53619	0.354555	15.9354	1		0	12.0616	41.0267	0	0	0	
2024-06-14 06:11:51	556	1288	5	0	0	4	17	0	0	0	17	0	0	3.75	17	0	0	0	17	0	0	0.216		99.958	66.873	0.877836	0	8.78205	0.29079	13.7948	1		0	12.0616	40.8967	0	0	0	
2024-06-14 06:05:18	505	1289	1	0	0	0	1	0	0	0	1	0	0	1.25	1	0	0	0	1	0	0	1.082		99.9704	70.2098	0.1768	0	1.76852	0.334321	13.8899	1		0	12.0616	44.1454	0	0	0	
2024-06-14 06:08:27	530	1290	5	0	0	2	9	0	0	0	9	0	0	5.5	9	0	0	0	9	0	0	3.031		99.9725	67.7132	0.113907	0	1.13938	0.255653	25.0562	2		0	12.0616	42.0662	0	0	0	
2024-06-14 06:07:57	526	1291	9	0	0	2	9	0	0	0	9	0	0	4.25	9	0	0	0	9	0	0	1.948		99.9748	68.3778	0.100792	0	1.00818	0.16046	14.2528	1		0	12.0616	42.3261	0	0	0	
2024-06-14 06:15:47	585	1292	1	0	0	7	29	0	0	0	29	0	0	3.25	29	0	0	0	29	0	0	3.247		99.9597	66.9842	0.0615192	0	0.61544	0.08294	14.501	1		0	12.0616	40.117	0	0	0	
2024-06-14 06:07:25	522	1293	1	0	0	1	5	0	0	0	5	0	0	2.75	5	0	0	0	5	0	0	1.515		99.9745	68.2204	0.121261	0	1.21291	0.135555	13.3367	1		0	12.0616	42.586	0	0	0	
2024-06-14 06:05:18	505	1294	5	0	0	0	1	0	0	0	1	0	0	7	1	0	0	0	1	0	0	6.061		99.9704	70.2098	0.0399773	0	0.399892	0.243976	17.5882	1		0	12.0616	44.1454	0	0	0	
2024-06-14 06:13:16	566	1295	1	0	0	5	21	0	0	0	21	0	0	1.25	21	0	0	0	21	0	0	3.247		99.9608	67.115	0.0675153	0	0.675418	0.00726584	15.9142	1		0	12.0616	40.3769	0	0	0	
2024-06-14 06:08:52	533	1296	1	0	0	2	9	0	0	0	9	0	0	1	9	0	0	0	9	0	0	0.866		99.9684	67.9157	0.223498	0	2.23569	0.257416	14.0473	1		0	12.0616	41.9363	0	0	0	
2024-06-14 06:10:09	542	1297	5	0	0	3	13	0	0	0	13	0	0	7.5	13	0	0	0	13	0	0	3.897		99.9658	68.7385	0.0538629	0	0.538813	0.0566712	15.2346	1		0	12.0616	41.4165	0	0	0	
2024-06-14 06:09:46	539	1298	5	0	0	3	13	0	0	0	13	0	0	6.25	13	0	0	0	13	0	0	2.814		99.9669	68.6045	0.0733344	0	0.733587	0.0608722	14.9801	1		0	12.0616	41.5464	0	0	0	
2024-06-14 06:15:36	584	1299	5	0	0	7	29	0	0	0	29	0	0	7.25	29	0	0	0	29	0	0	0.216		99.9574	66.5683	0.739406	0	7.39721	0.455051	11.6195	2		0	12.0616	40.117	0	0	0	
2024-06-14 06:06:48	517	1300	5	0	0	1	5	0	0	0	5	0	0	6.75	5	0	0	0	5	0	0	4.979		99.9782	68.5902	0.0508187	0	0.508298	0.442416	18.364	1		0	12.0616	42.9758	0	0	0	
2024-06-14 06:14:44	577	1301	9	0	0	6	25	0	0	0	25	0	0	5.75	25	0	0	0	25	0	0	0.216		99.9614	66.7007	0.861599	0	8.61932	0.469766	13.5392	1		0	12.0616	40.3769	0	0	0	
2024-06-14 06:14:11	573	1302	5	0	0	6	25	0	0	0	25	0	0	4.5	25	0	0	0	25	0	0	1.299		99.9606	67.1269	0.159664	0	1.59727	0.143358	15.054	1		0	12.0616	40.5069	0	0	0	
2024-06-14 06:18:07	603	1303	1	0	0	7.75	32	0	0	0	32	0	0	0	32	0	0	0	32	0	0	6.711		99.9618	66.5684	0.0340706	0	0.340836	0.0324211	16.5969	1		0	12.0616	40.117	0	0	0	
2024-06-14 06:12:28	560	1304	1	0	0	5	21	0	0	0	21	0	0	3	21	0	0	0	21	0	0	1.732		99.9609	68.5335	0.109485	0	1.09528	0.236177	13.7637	1		0	12.0616	40.7668	0	0	0	
2024-06-14 06:06:48	517	1305	1	0	0	1	5	0	0	0	5	0	0	0.75	5	0	0	0	5	0	0	0.216		99.9782	68.5902	0.805392	0	8.05568	0.303075	12.6538	1		0	12.0616	42.9758	0	0	0	
2024-06-14 06:22:43	638	1306	1	0	0	5.75	24	0	0	0	24	0	0	2	24	0	0	0	24	0	0	3.247		99.9564	65.938	0.066947	0	0.669762	0.186705	15.7809	1		0	12.0616	40.117	0	0	0	
2024-06-14 06:11:44	555	1307	5	0	0	4	17	0	0	0	17	0	0	1	17	0	0	0	17	0	0	2.598		99.9619	67.2064	0.0738028	0	0.73831	0.231758	13.9168	1		0	12.0616	41.0267	0	0	0	
2024-06-14 06:18:00	602	1308	1	0	0	7.75	32	0	0	0	32	0	0	3.5	32	0	0	0	32	0	0	3.68		99.958	66.5885	0.0522734	0	0.522953	0.0294651	13.9647	1		0.0088623	12.0616	40.247	0	0	0	
2024-06-14 06:15:21	582	1309	1	0	0	6	25	0	0	0	25	0	0	0.75	25	0	0	0	25	0	0	4.546		99.9555	66.7429	0.0524025	0	0.524259	0.0172959	17.2936	1		0	12.0616	40.3769	0	0	0	
2024-06-14 06:12:05	558	1310	5	0	0	4	17	0	0	0	17	0	0	3	17	0	0	0	17	0	0	0.866		99.9592	67.6686	0.24157	0	2.41669	0.233318	15.1845	1		0	12.0616	40.8967	0	0	0	
2024-06-14 06:05:32	507	1311	1	0	0	0	1	0	0	0	1	0	0	0.5	1	0	0	0	1	0	0	0.433		99.9774	69.8865	0.470896	0	4.71002	0.207943	14.797	1		0	12.0616	43.7555	0	0	0	
2024-06-14 06:25:03	656	1312	1	0	0	3.5	15	0	0	4.25	15	0	0	2.75	15	0	0	5	15	0	0	0.389		99.9592	19.2173	0.337699	0	3.37837	0.0946294	15.9202	1		0	11.973	40.247	0	0	0	
2024-06-14 06:07:50	525	1313	1	0	0	2	9	0	0	0	9	0	0	3.5	9	0	0	0	9	0	0	1.299		99.9747	68.6029	0.150792	0	1.5083	0.0866351	14.2154	1		0	12.0616	42.3261	0	0	0	
2024-06-14 06:16:01	587	1314	1	0	0	7	29	0	0	0	29	0	0	2.5	29	0	0	0	29	0	0	3.897		99.9614	66.896	0.0558797	0	0.559013	0.02868	15.8057	1		0.0088623	12.0616	40.117	0	0	0	
2024-06-14 06:16:54	594	1315	1	0	0	7	29	0	0	0	29	0	0	2	29	0	0	0	29	0	0	4.33		99.9609	66.8687	0.0506491	0	0.506689	0.108053	15.9181	1		0	12.0616	40.117	0	0	0	
2024-06-14 06:05:25	506	1316	5	0	0	0	1	0	0	0	1	0	0	7.5	1	0	0	0	1	0	0	6.494		99.9756	70.0518	0.0375203	0	0.375294	0.585705	17.6853	1		0	12.0616	43.8855	0	0	0	
2024-06-14 06:04:42	501	1317	9	0	0	0	1	0	0	0	1	0	0	6.25	1	0	0	0	1	0	0	5.412		99.9756	72.3993	0.043646	0	0.436567	0.215903	17.1439	1		0.0088623	12.0705	44.7951	0	0	0	
2024-06-14 06:12:35	561	1318	1	0	0	5	21	0	0	0	21	0	0	0.5	21	0	0	0	21	0	0	3.897		99.961	67.4426	0.0601787	0	0.602022	0.566697	17.0218	1		0	12.0616	40.7668	0	0	0	
2024-06-14 06:23:33	644	1319	1	0	0	1.25	6	0	0	0	6	0	0	0.5	6	0	0	0	6	0	0	0.649		99.9568	65.6287	0.324661	0	3.24801	0.40848	15.3059	1		0	12.0616	40.117	0	0	0	
2024-06-14 06:13:16	566	1320	5	0	0	5	21	0	0	0	21	0	0	7	21	0	0	0	21	0	0	1.732		99.9608	67.115	0.116338	0	1.16383	0.143415	14.6252	1		0	12.0616	40.3769	0	0	0	
2024-06-14 06:08:52	533	1321	5	0	0	2	9	0	0	0	9	0	0	0.25	9	0	0	0	9	0	0	1.515		99.9684	67.9157	0.125859	0	1.25899	0.0987149	13.8433	1		0	12.0616	41.9363	0	0	0	
2024-06-14 06:11:07	550	1322	9	0	0	4	17	0	0	0	17	0	0	7	17	0	0	0	17	0	0	2.598		99.9627	67.1198	0.0772747	0	0.773035	0.0769017	14.5714	1		0	12.0616	41.0267	0	0	0	
2024-06-14 06:09:28	537	1323	9	0	0	3	13	0	0	0	13	0	0	5.5	13	0	0	0	13	0	0	2.165		99.9701	69.1859	0.0933352	0	0.933631	0.181983	14.6654	1		0	12.0616	41.5464	0	0	0	
2024-06-14 06:09:35	538	1324	5	0	0	3	13	0	0	0	13	0	0	4.25	13	0	0	0	13	0	0	1.082		99.9649	68.2328	0.187093	0	1.87158	0.0025092	14.6994	2		0.0088623	12.0616	41.4165	0	0	0	
2024-06-14 06:15:54	586	1325	9	0	0	7	29	0	0	0	29	0	0	7.75	29	0	0	0	29	0	0	0.649		99.9619	66.8301	0.347046	0	3.47178	0.629363	16.3604	1		0	12.0616	40.117	0	0	0	
2024-06-14 06:16:09	588	1326	9	0	0	7	29	0	0	0	29	0	0	6.5	29	0	0	0	29	0	0	0.433		99.959	66.7781	0.509506	0	5.09715	0.552622	16.0132	1		0	12.0616	40.247	0	0	0	
2024-06-14 06:06:09	512	1327	9	0	0	1	5	0	0	0	5	0	0	6	5	0	0	0	5	0	0	4.33		99.9764	68.4118	0.0575299	0	0.575435	0.0668565	18.0778	2		0.0088623	12.0616	43.3657	0	0	0	
2024-06-14 06:06:02	511	1328	9	0	0	1	5	0	0	0	5	0	0	4.75	5	0	0	0	5	0	0	3.247		99.9741	69.101	0.0692002	0	0.692182	0.367139	16.3092	1		0	12.0705	43.2357	0	0	0	
2024-06-14 06:21:13	627	1329	9	0	0	4.75	20	0	0	0	20	0	0	5	20	0	0	0	20	0	0	0.216		99.9597	66.4477	0.817572	0	8.17902	0.723831	12.8476	1		0	12.0616	40.117	0	0	0	
2024-06-14 06:14:18	574	1330	9	0	0	6	25	0	0	0	25	0	0	5	25	0	0	0	25	0	0	0.866		99.9603	67.1055	0.25293	0	2.5303	0.71122	15.8983	1		0	12.0616	40.3769	0	0	0	
2024-06-14 06:14:26	575	1331	1	0	0	6	25	0	0	0	25	0	0	3.75	25	0	0	0	25	0	0	1.948		99.9611	67.2298	0.101574	0	1.01613	0.167114	14.3652	1		0	12.0616	40.247	0	0	0	
2024-06-14 06:07:11	520	1332	1	0	0	1	5	0	0	0	5	0	0	0	5	0	0	0	5	0	0	0.866		99.9733	68.2588	0.230506	0	2.30568	0.214335	14.487	1		0	12.0616	42.7159	0	0	0	
2024-06-14 06:19:59	618	1333	9	0	0	0.75	4	0	0	0	4	0	0	7	4	0	0	0	4	0	0	5.412		99.9567	66.0612	0.0435922	0	0.436111	0.472671	17.126	1		0	12.0616	39.9871	0	0	0	
2024-06-14 06:11:14	551	1334	1	0	0	4	17	0	0	0	17	0	0	0.25	17	0	0	0	17	0	0	3.247		99.9614	67.0112	0.0604817	0	0.60505	0.278278	14.2562	1		0	12.0616	41.0267	0	0	0	
2024-06-14 06:17:01	595	1335	1	0	0	7.75	32	0	0	0	32	0	0	2.75	32	0	0	0	32	0	0	4.33		99.9623	66.2981	0.046728	0	0.467456	0.215629	14.6856	2		0	11.9552	40.3769	0	0	0	
2024-06-14 06:15:14	581	1336	5	0	0	6	25	0	0	0	25	0	0	0	25	0	0	0	25	0	0	5.195		99.9588	66.9727	0.0502354	0	0.502561	0.0675594	18.9461	1		0.0088623	12.0616	40.3769	0	0	0	
2024-06-14 06:07:32	523	1337	1	0	0	2	9	0	0	0	9	0	0	2.75	9	0	0	0	9	0	0	0.649		99.9721	68.2002	0.327974	0	3.28065	0.176938	15.4597	2		0	12.0616	42.586	0	0	0	
2024-06-14 06:16:46	593	1338	5	0	0	7	29	0	0	0	29	0	0	1.25	29	0	0	0	29	0	0	4.979		99.9609	66.8564	0.0483106	0	0.483295	0.626297	17.4606	1		0.0088623	12.0616	40.247	0	0	0	
2024-06-14 06:04:35	500	1339	9	0	0	0	1	0	0	0	1	0	0	5.5	1	0	0	0	1	0	0	4.762		99.9733	72.6009	0.0654027	0	0.654201	0.31398	22.6076	1		0	12.0705	44.925	0	0	0	
2024-06-14 06:04:19	499	1340	9	0	0	0	1	0	0	0	1	0	0	4.25	1	0	0	0	1	0	0	3.68		99.9726	74.1122	0.0566258	0	0.566413	0.393062	15.1252	2		0	12.0261	45.055	0	0	0	
