Time	MeasID	DPID	Channel	A(x)	A(y)	A(z)	A(adr)	B(x)	B(y)	B(z)	B(adr)	M(x)	M(y)	M(z)	M(adr)	N(x)	N(y)	N(z)	N(adr)	F(x)	F(y)	F(z)	Note	I(mA)	Uout(V)	U(V)	SP(V)	R(Ohm)	Var(%)	Rho-a(Ohm-m)	Cycles	IP Delay Window(mV/V)	Pint(V)	Pext(V)	T int(deg C)	T log(deg C)	Latitude	Longitude
2024-06-25 15:47:36	612	1094	1	0	0	7.75	32	0	0	0	32	0	0	2	32	0	0	0	32	0	0	4.979		99.9926	40.0219	0.0425437	0	0.425468	0.0915874	15.3714	1		0.0088623	12.0616	42.9758	0	0	0	
2024-06-25 15:42:52	575	1095	9	0	0	5	21	0	0	0	21	0	0	7.5	21	0	0	0	21	0	0	2.165		99.999	40.113	0.0903513	0	0.903522	0.0502909	14.1925	2		0.0088623	12.0616	43.6256	0	0	0	
2024-06-25 15:43:17	578	1096	5	0	0	5	21	0	0	0	21	0	0	6.25	21	0	0	0	21	0	0	1.082		99.9985	40.0931	0.183235	0	1.83238	0.0434327	14.3915	1		0.0088623	12.0616	43.4956	0	0	0	
2024-06-25 15:40:30	556	1097	1	0	0	3	13	0	0	0	13	0	0	1.75	13	0	0	0	13	0	0	1.082		100.001	41.3601	0.168087	0	1.68085	0.184238	13.2014	1		0.0088623	12.0616	44.1454	0	0	0	
2024-06-25 15:48:21	618	1098	9	0	0	7.75	32	0	0	0	32	0	0	6.75	32	0	0	0	32	0	0	0.866		99.9942	39.9643	0.236236	0	2.3625	0.061362	14.844	1		0	12.0616	43.1058	0	0	0	
2024-06-25 15:54:07	663	1099	1	0	0	3.25	14	0	0	0	14	0	0	2.5	14	0	0	0	14	0	0	0.649		99.9911	40.6789	0.278803	0	2.78828	0.267189	13.1395	1		0	12.0616	43.1058	0	0	0	
2024-06-25 15:41:29	564	1100	5	0	0	4	17	0	0	0	17	0	0	7.5	17	0	0	0	17	0	0	3.031		99.9951	39.9499	0.0661332	0	0.661364	0.113009	14.5442	1		0	12.0616	44.0154	0	0	0	
2024-06-25 15:41:21	563	1101	9	0	0	4	17	0	0	0	17	0	0	6.25	17	0	0	0	17	0	0	1.948		99.9991	40.0828	0.100589	0	1.0059	0.203316	14.2206	1		0	12.0616	44.0154	0	0	0	
2024-06-25 15:40:37	557	1102	1	0	0	3	13	0	0	0	13	0	0	3.5	13	0	0	0	13	0	0	0.433		100	41.3646	0.436265	0	4.36264	0.143805	13.7057	1		0.0088623	12.0616	44.2753	0	0	0	
2024-06-25 15:38:10	538	1103	5	0	0	2	9	0	0	0	9	0	0	6.75	9	0	0	0	9	0	0	4.113		100.004	40.1153	0.0529166	0	0.529142	0.291344	15.7923	1		0.0088623	12.0616	45.3149	0	0	0	
2024-06-25 15:46:30	603	1104	5	0	0	7	29	0	0	0	29	0	0	5.75	29	0	0	0	29	0	0	1.082		99.994	39.9982	0.181831	0	1.81842	0.100061	14.2818	1		0.0088623	12.0616	43.1058	0	0	0	
2024-06-25 15:46:16	601	1105	9	0	0	7	29	0	0	0	29	0	0	4.5	29	0	0	0	29	0	0	2.165		99.9954	39.99	0.090784	0	0.907882	0.240853	14.261	1		0	12.0616	43.2357	0	0	0	
2024-06-25 15:36:36	526	1106	5	0	0	1	5	0	0	0	5	0	0	5.25	5	0	0	0	5	0	0	3.68		100.002	39.2645	0.0647596	0	0.647583	0.473316	17.2928	1		0.0088623	12.0616	46.2245	0	0	0	
2024-06-25 15:36:44	527	1107	9	0	0	1	5	0	0	0	5	0	0	4	5	0	0	0	5	0	0	2.598		100.004	39.2591	0.0730801	0	0.730772	0.0275678	13.7747	1		0.0088623	12.0616	46.2245	0	0	0	
2024-06-25 15:52:26	651	1108	1	0	0	4.75	20	0	0	0	20	0	0	3	20	0	0	0	20	0	0	1.515		99.9912	39.6941	0.123319	0	1.2333	0.311018	13.5608	1		0.0088623	12.0616	42.9758	0	0	0	
2024-06-25 15:44:32	588	1109	1	0	0	6	25	0	0	0	25	0	0	3	25	0	0	0	25	0	0	2.598		99.9992	40.0764	0.0804782	0	0.804788	0.129882	15.1699	1		0	12.0616	43.3657	0	0	0	
2024-06-25 15:38:10	538	1110	1	0	0	2	9	0	0	0	9	0	0	2.25	9	0	0	0	9	0	0	0.216		100.004	40.1153	0.777669	0	7.77635	0.186094	12.2151	1		0.0088623	12.0616	45.3149	0	0	0	
2024-06-25 15:47:15	609	1111	1	0	0	7	29	0	0	0	29	0	0	0.5	29	0	0	0	29	0	0	5.628		99.9919	39.9712	0.0428883	0	0.428918	0.198484	17.5173	1		0	12.0616	42.9758	0	0	0	
2024-06-25 15:35:49	520	1112	1	0	0	0	1	0	0	0	1	0	0	3.5	1	0	0	0	1	0	0	3.031		100.006	39.448	0.0766258	0	0.766215	0.00458387	16.85	2		0.0088623	11.9552	46.8742	0	0	0	
2024-06-25 15:53:59	662	1113	1	0	0	1.75	8	0	0	0	8	0	0	0	8	0	0	0	8	0	0	1.515		99.9943	40.097	0.120424	0	1.20431	0.0298989	13.2421	1		0	12.0616	42.9758	0	0	0	
2024-06-25 15:44:40	589	1114	9	0	0	6	25	0	0	0	25	0	0	7	25	0	0	0	25	0	0	0.866		99.9952	40.0926	0.235513	0	2.35524	0.161164	14.7984	1		0	12.0616	43.2357	0	0	0	
2024-06-25 15:53:12	656	1115	1	0	0	6.5	27	0	0	0	27	0	0	1.25	27	0	0	0	27	0	0	4.546		99.9884	39.807	0.0564727	0	0.564792	0.312695	18.6306	1		0.0088623	11.9552	42.9758	0	0	0	
2024-06-25 15:47:51	614	1116	1	0	0	7.75	32	0	0	0	32	0	0	1.25	32	0	0	0	32	0	0	5.628		99.994	40.0471	0.0401176	0	0.4012	0.0399689	16.3853	1		0	12.0616	42.9758	0	0	0	
2024-06-25 15:42:41	574	1117	9	0	0	5	21	0	0	0	21	0	0	5.5	21	0	0	0	21	0	0	0.433		99.9994	40.1342	0.458101	0	4.58103	0.137203	14.3917	2		0.0088623	12.0616	43.6256	0	0	0	
2024-06-25 15:43:41	581	1118	5	0	0	5	21	0	0	0	21	0	0	4.25	21	0	0	0	21	0	0	0.649		99.9999	40.086	0.297577	0	2.97577	0.139332	14.023	1		0.0088623	11.9552	43.4956	0	0	0	
2024-06-25 15:39:53	551	1119	1	0	0	3	13	0	0	0	13	0	0	1	13	0	0	0	13	0	0	1.732		99.9964	41.4145	0.1073	0	1.07304	0.369482	13.4843	1		0.0088623	12.0616	44.5352	0	0	0	
2024-06-25 15:37:48	535	1120	5	0	0	1	5	0	0	0	5	0	0	2	5	0	0	0	5	0	0	0.866		100.006	39.2291	0.200693	0	2.00681	0.139865	12.6092	1		0.0088623	12.0616	45.3149	0	0	0	
2024-06-25 15:49:58	631	1121	9	0	0	1.75	8	0	0	0	8	0	0	6	8	0	0	0	8	0	0	3.68		99.9933	40.1242	0.0635809	0	0.635851	0.970193	16.9795	1		0	12.0616	42.9758	0	0	0	
2024-06-25 15:42:33	573	1122	5	0	0	4	17	0	0	0	17	0	0	2.25	17	0	0	0	17	0	0	1.515		99.9984	39.9078	0.117947	0	1.17949	0.106247	12.9691	1		0	12.0616	43.6256	0	0	0	
2024-06-25 15:48:13	617	1123	5	0	0	7.75	32	0	0	0	32	0	0	6	32	0	0	0	32	0	0	1.515		99.9934	39.9651	0.130525	0	1.30534	0.0781067	14.3529	1		0	12.0616	43.1058	0	0	0	
2024-06-25 15:47:51	614	1124	5	0	0	7.75	32	0	0	0	32	0	0	4.75	32	0	0	0	32	0	0	2.598		99.994	40.0471	0.0755956	0	0.756002	0.111764	14.2503	1		0	12.0616	42.9758	0	0	0	
2024-06-25 15:44:40	589	1125	1	0	0	6	25	0	0	0	25	0	0	2	25	0	0	0	25	0	0	3.464		99.9952	40.0926	0.0696533	0	0.696566	0.049356	17.5066	1		0	12.0616	43.2357	0	0	0	
2024-06-25 15:41:58	568	1126	9	0	0	4	17	0	0	0	17	0	0	5.5	17	0	0	0	17	0	0	1.299		99.9987	39.9239	0.150177	0	1.50179	0.101349	14.154	1		0	12.0616	43.7555	0	0	0	
2024-06-25 15:41:43	566	1127	5	0	0	4	17	0	0	0	17	0	0	4.25	17	0	0	0	17	0	0	0.216		99.9968	39.9488	0.901909	0	9.01938	0.0632548	14.1676	1		0.0088623	12.0616	43.8855	0	0	0	
2024-06-25 15:36:15	523	1128	1	0	0	0	1	0	0	0	1	0	0	1.75	1	0	0	0	1	0	0	1.515		100.005	39.4604	0.118227	0	1.1822	0.0395894	12.999	1		0	12.0616	46.4844	0	0	0	
2024-06-25 15:55:04	671	1129	1	0	0	3.75	16	0	0	4	16	0	0	3.5	16	0	0	4.25	16	0	0	0.13		99.9948	20.3028	0.635822	0	6.35855	0.0569355	9.98799	1		0.0088623	12.0616	43.1058	0	0	0	
2024-06-25 15:40:00	552	1130	1	0	0	3	13	0	0	0	13	0	0	2.75	13	0	0	0	13	0	0	0.216		100.005	41.3842	0.756328	0	7.56286	0.187246	11.8797	1		0.0088623	12.0616	44.2753	0	0	0	
2024-06-25 15:38:48	543	1131	5	0	0	2	9	0	0	0	9	0	0	6	9	0	0	0	9	0	0	3.464		100.003	40.0711	0.0686691	0	0.686669	0.103002	17.2579	1		0.0088623	12.0616	44.925	0	0	0	
2024-06-25 15:38:56	544	1132	9	0	0	2	9	0	0	0	9	0	0	4.75	9	0	0	0	9	0	0	2.381		100	40.0641	0.0825529	0	0.825526	0.0595217	14.2641	2		0.0088623	12.0616	44.7951	0	0	0	
2024-06-25 15:46:30	603	1133	9	0	0	7	29	0	0	0	29	0	0	5	29	0	0	0	29	0	0	1.732		99.994	39.9982	0.111117	0	1.11124	0.0698296	13.9643	1		0.0088623	12.0616	43.1058	0	0	0	
2024-06-25 15:46:23	602	1134	1	0	0	7	29	0	0	0	29	0	0	3.75	29	0	0	0	29	0	0	2.814		99.9954	39.9971	0.0707415	0	0.707448	0.0580467	14.4463	1		0	12.0616	43.1058	0	0	0	
2024-06-25 15:37:56	536	1135	5	0	0	1	5	0	0	0	5	0	0	3.25	5	0	0	0	5	0	0	1.948		100.002	39.2225	0.0939059	0	0.939042	0.0452531	13.2754	1		0.0088623	12.0616	45.3149	0	0	0	
2024-06-25 15:49:33	628	1136	9	0	0	2.75	12	0	0	0	12	0	0	5	12	0	0	0	12	0	0	1.948		99.9946	40.7421	0.0944884	0	0.944935	0.110571	13.3587	1		0.0088623	12.0616	42.9758	0	0	0	
2024-06-25 15:43:48	582	1137	5	0	0	5	21	0	0	0	21	0	0	1.75	21	0	0	0	21	0	0	2.814		99.997	40.0861	0.0777514	0	0.777538	0.929908	15.8776	1		0.0088623	12.0616	43.4956	0	0	0	
2024-06-25 15:39:14	546	1138	1	0	0	2	9	0	0	0	9	0	0	1.5	9	0	0	0	9	0	0	0.433		100.001	40.0411	0.421382	0	4.21377	0.114595	13.238	1		0	11.9552	44.7951	0	0	0	
2024-06-25 15:36:08	522	1139	5	0	0	0	1	0	0	0	1	0	0	2.75	1	0	0	0	1	0	0	2.381		100.006	39.4505	0.154315	0	1.54306	0.417747	26.6621	1		0.0088623	12.0616	46.6143	0	0	0	
2024-06-25 15:49:26	627	1140	9	0	0	3.25	14	0	0	0	14	0	0	4.5	14	0	0	0	14	0	0	1.082		99.9904	40.7531	0.168622	0	1.68638	0.293992	13.2448	1		0	12.0616	42.9758	0	0	0	
2024-06-25 15:40:24	555	1141	5	0	0	3	13	0	0	0	13	0	0	6.75	13	0	0	0	13	0	0	3.247		99.999	41.3608	0.0666528	0	0.666535	0.615206	15.7049	1		0.0088623	12.0616	44.2753	0	0	0	
2024-06-25 15:37:16	531	1142	5	0	0	1	5	0	0	0	5	0	0	7.25	5	0	0	0	5	0	0	5.412		100.004	39.2182	0.0643657	0	0.643634	0.531475	25.2755	2		0	12.0616	45.8346	0	0	0	
2024-06-25 15:44:54	591	1143	9	0	0	6	25	0	0	0	25	0	0	7.5	25	0	0	0	25	0	0	1.299		99.9948	40.0963	0.151215	0	1.51223	0.0509923	14.2524	1		0.0088623	12.0616	43.2357	0	0	0	
2024-06-25 15:44:47	590	1144	9	0	0	6	25	0	0	0	25	0	0	6.25	25	0	0	0	25	0	0	0.216		99.9951	40.0764	0.865131	0	8.65174	0.181116	13.5901	1		0	12.0616	43.2357	0	0	0	
2024-06-25 15:48:06	616	1145	1	0	0	7.75	32	0	0	0	32	0	0	0.5	32	0	0	0	32	0	0	6.278		99.9938	39.9913	0.0366628	0	0.366651	0.0823804	16.7021	1		0	12.0616	43.1058	0	0	0	
2024-06-25 15:43:56	583	1146	1	0	0	5	21	0	0	0	21	0	0	3.5	21	0	0	0	21	0	0	1.299		99.9973	40.0703	0.139241	0	1.39245	0.0622409	13.1235	1		0	12.0616	43.3657	0	0	0	
2024-06-25 15:41:00	560	1147	1	0	0	3	13	0	0	0	13	0	0	0.25	13	0	0	0	13	0	0	2.381		100	41.3479	0.0777515	0	0.777512	0.0773746	13.4344	1		0.0088623	12.0616	44.1454	0	0	0	
2024-06-25 15:38:02	537	1148	1	0	0	1	5	0	0	0	5	0	0	1.25	5	0	0	0	5	0	0	0.216		100.001	39.2117	0.779751	0	7.79742	0.184826	12.2482	1		0.0088623	12.0616	45.3149	0	0	0	
2024-06-25 15:42:26	572	1149	1	0	0	4	17	0	0	0	17	0	0	1.5	17	0	0	0	17	0	0	2.165		99.9921	39.9005	0.0846354	0	0.846421	0.111628	13.2956	1		0.0088623	12.0616	43.7555	0	0	0	
2024-06-25 15:50:04	632	1150	9	0	0	1.5	7	0	0	0	7	0	0	6.25	7	0	0	0	7	0	0	4.113		99.9937	39.173	0.0667087	0	0.667129	0.884887	19.9106	2		0	11.9552	42.7159	0	0	0	
2024-06-25 15:47:36	612	1151	9	0	0	7.75	32	0	0	0	32	0	0	5.25	32	0	0	0	32	0	0	2.165		99.9926	40.0219	0.0895205	0	0.895271	0.370487	14.0629	1		0.0088623	12.0616	42.9758	0	0	0	
2024-06-25 15:48:21	618	1152	5	0	0	7.75	32	0	0	0	32	0	0	4	32	0	0	0	32	0	0	3.247		99.9942	39.9643	0.0605805	0	0.60584	0.157028	14.2748	1		0	12.0616	43.1058	0	0	0	
2024-06-25 15:44:54	591	1153	1	0	0	6	25	0	0	0	25	0	0	1.25	25	0	0	0	25	0	0	4.113		99.9948	40.0963	0.0618831	0	0.618864	0.724438	18.4701	1		0.0088623	12.0616	43.2357	0	0	0	
2024-06-25 15:41:50	567	1154	1	0	0	4	17	0	0	0	17	0	0	3.5	17	0	0	0	17	0	0	0.433		99.9983	39.9329	0.470876	0	4.70884	0.140636	14.7933	1		0	12.0616	43.8855	0	0	0	
2024-06-25 15:34:55	514	1155	1	0	0	0	1	0	0	0	1	0	0	1	1	0	0	0	1	0	0	0.866		100.004	39.4865	0.206625	0	2.06617	0.020834	12.9821	2		0.0088623	12.0793	47.7838	0	0	0	
2024-06-25 15:38:48	543	1156	9	0	0	2	9	0	0	0	9	0	0	5.25	9	0	0	0	9	0	0	2.814		100.003	40.0711	0.0841295	0	0.841268	0.740798	17.179	1		0.0088623	12.0616	44.925	0	0	0	
2024-06-25 15:38:10	538	1157	9	0	0	2	9	0	0	0	9	0	0	4	9	0	0	0	9	0	0	1.732		100.004	40.1153	0.105685	0	1.0568	0.125708	13.2802	1		0.0088623	12.0616	45.3149	0	0	0	
2024-06-25 15:54:13	664	1158	1	0	0	3.5	15	0	0	0	15	0	0	2.25	15	0	0	0	15	0	0	1.082		99.9862	39.5954	0.164715	0	1.64738	0.0957246	12.9385	1		0	12.0616	42.9758	0	0	0	
2024-06-25 15:46:38	604	1159	1	0	0	7	29	0	0	0	29	0	0	3	29	0	0	0	29	0	0	3.464		99.9938	39.9961	0.0594713	0	0.594749	0.132857	14.9477	1		0	12.0616	43.1058	0	0	0	
2024-06-25 15:36:58	529	1160	1	0	0	1	5	0	0	0	5	0	0	2.5	5	0	0	0	5	0	0	1.299		100.002	39.2539	0.143161	0	1.43157	0.142813	13.4923	1		0	12.0616	45.9646	0	0	0	
2024-06-25 15:35:20	516	1161	5	0	0	0	1	0	0	0	1	0	0	6.75	1	0	0	0	1	0	0	5.845		100.005	39.431	0.0400482	0	0.400463	0.714603	16.9842	1		0	12.0616	47.394	0	0	0	
2024-06-25 15:51:08	640	1162	1	0	0	2.75	12	0	0	0	12	0	0	3	12	0	0	0	12	0	0	0.216		99.9929	40.7353	0.758718	0	7.58772	0.129817	11.9188	1		0	11.9552	42.9758	0	0	0	
2024-06-25 15:43:41	581	1163	1	0	0	5	21	0	0	0	21	0	0	1	21	0	0	0	21	0	0	3.464		99.9999	40.086	0.0657219	0	0.65722	0.666608	16.5177	1		0.0088623	11.9552	43.4956	0	0	0	
2024-06-25 15:56:23	680	1164	1	0	0	0.5	3	0	0	7.25	3	0	0	2.75	3	0	0	5	3	0	0	1.168		99.9906	21.6538	0.0701923	0	0.701989	0.0710965	9.92413	2		0.0088623	12.0616	43.1058	0	0	0	
2024-06-25 15:51:51	646	1165	9	0	0	6.75	28	0	0	0	28	0	0	7	28	0	0	0	28	0	0	0.216		99.994	39.6666	0.842375	0	8.42426	0.35075	13.2328	1		0.0088623	12.0616	42.9758	0	0	0	
2024-06-25 15:39:21	547	1166	5	0	0	2	9	0	0	0	9	0	0	0.75	9	0	0	0	9	0	0	1.082		100	40.0554	0.161736	0	1.61735	0.170044	12.7027	1		0.0088623	12.0616	44.6651	0	0	0	
2024-06-25 15:39:53	551	1167	5	0	0	3	13	0	0	0	13	0	0	6	13	0	0	0	13	0	0	2.598		99.9964	41.4145	0.0789154	0	0.789182	0.121501	14.8757	1		0.0088623	12.0616	44.5352	0	0	0	
2024-06-25 15:40:30	556	1168	9	0	0	3	13	0	0	0	13	0	0	4.75	13	0	0	0	13	0	0	1.515		100.001	41.3601	0.123065	0	1.23064	0.125154	13.5316	1		0.0088623	12.0616	44.1454	0	0	0	
2024-06-25 15:37:34	533	1169	5	0	0	1	5	0	0	0	5	0	0	7.75	5	0	0	0	5	0	0	5.845		100.002	39.2282	0.0390655	0	0.390646	0.122526	16.5679	1		0	12.0616	45.5748	0	0	0	
2024-06-25 15:36:58	529	1170	9	0	0	1	5	0	0	0	5	0	0	6.5	5	0	0	0	5	0	0	4.762		100.002	39.2539	0.0526523	0	0.52651	0.942028	18.1949	1		0	12.0616	45.9646	0	0	0	
2024-06-25 15:44:32	588	1171	9	0	0	6	25	0	0	0	25	0	0	5.5	25	0	0	0	25	0	0	0.433		99.9992	40.0764	0.475305	0	4.75308	0.180663	14.9322	1		0	12.0616	43.3657	0	0	0	
2024-06-25 15:44:25	587	1172	9	0	0	6	25	0	0	0	25	0	0	4.25	25	0	0	0	25	0	0	1.515		99.9972	40.0971	0.128647	0	1.2865	0.172307	14.1458	1		0	12.0616	43.3657	0	0	0	
2024-06-25 15:44:03	584	1173	5	0	0	5	21	0	0	0	21	0	0	2.75	21	0	0	0	21	0	0	1.948		99.9983	40.0758	0.0944936	0	0.944952	0.0385451	13.3589	1		0.0088623	12.0616	43.3657	0	0	0	
2024-06-25 15:37:56	536	1174	1	0	0	1	5	0	0	0	5	0	0	0.5	5	0	0	0	5	0	0	0.433		100.002	39.2225	0.442573	0	4.42564	0.196616	13.9036	1		0.0088623	12.0616	45.3149	0	0	0	
2024-06-25 15:42:12	570	1175	5	0	0	4	17	0	0	0	17	0	0	0.75	17	0	0	0	17	0	0	2.814		99.9974	39.9202	0.07123	0	0.712319	0.116764	14.5458	1		0	12.0616	43.7555	0	0	0	
2024-06-25 15:49:05	624	1176	1	0	0	7.75	32	0	0	0	32	0	0	3.25	32	0	0	0	32	0	0	3.897		99.9933	39.9376	0.0512309	0	0.512343	0.204402	14.4862	1		0.0088623	12.0616	42.9758	0	0	0	
2024-06-25 15:55:33	675	1177	1	0	0	2.75	12	0	0	5	12	0	0	0.5	12	0	0	7.25	12	0	0	1.168		99.9949	22.5045	0.0700497	0	0.700533	0.215761	9.90355	1		0.0088623	12.0616	43.1058	0	0	0	
2024-06-25 15:50:15	633	1178	9	0	0	1.25	6	0	0	0	6	0	0	6.5	6	0	0	0	6	0	0	4.546		99.9944	39.8006	0.0525015	0	0.525044	0.495958	17.3195	1		0.0088623	12.0616	42.9758	0	0	0	
2024-06-25 15:45:12	593	1179	1	0	0	6	25	0	0	0	25	0	0	0.5	25	0	0	0	25	0	0	4.762		99.9993	40.0709	0.0550459	0	0.550463	0.896564	19.0226	1		0.0088623	12.0616	43.2357	0	0	0	
2024-06-25 15:42:19	571	1180	1	0	0	4	17	0	0	0	17	0	0	2.75	17	0	0	0	17	0	0	1.082		99.9941	39.8996	0.165424	0	1.65434	0.111088	12.9931	1		0	12.0616	43.7555	0	0	0	
2024-06-25 15:36:08	522	1181	1	0	0	0	1	0	0	0	1	0	0	0.25	1	0	0	0	1	0	0	0.216		100.006	39.4505	0.779237	0	7.7919	0.0269257	12.2395	1		0.0088623	12.0616	46.6143	0	0	0	
2024-06-25 15:38:41	542	1182	1	0	0	2	9	0	0	0	9	0	0	3.25	9	0	0	0	9	0	0	1.082		100.001	40.073	0.165262	0	1.65261	0.122473	12.9795	1		0	12.0616	45.055	0	0	0	
2024-06-25 15:46:46	605	1183	1	0	0	7	29	0	0	0	29	0	0	1.75	29	0	0	0	29	0	0	4.546		99.9957	39.9695	0.0514405	0	0.514427	0.0834691	16.9693	1		0	12.0616	43.1058	0	0	0	
2024-06-25 15:35:49	520	1184	9	0	0	0	1	0	0	0	1	0	0	6	1	0	0	0	1	0	0	5.195		100.006	39.448	0.0559302	0	0.559271	0.0039305	21.084	2		0.0088623	11.9552	46.8742	0	0	0	
2024-06-25 15:35:42	519	1185	9	0	0	0	1	0	0	0	1	0	0	4.75	1	0	0	0	1	0	0	4.113		100.008	39.4525	0.052291	0	0.52287	0.279336	15.6051	1		0	12.0616	47.0042	0	0	0	
2024-06-25 15:53:30	658	1186	1	0	0	7.25	30	0	0	0	30	0	0	0.5	30	0	0	0	30	0	0	5.845		99.9866	39.9995	0.0546036	0	0.546109	0.39181	23.1613	1		0.0088623	12.0616	42.9758	0	0	0	
2024-06-25 15:43:17	578	1187	1	0	0	5	21	0	0	0	21	0	0	0.25	21	0	0	0	21	0	0	4.113		99.9985	40.0931	0.0512646	0	0.512654	0.223405	15.3002	1		0.0088623	12.0616	43.4956	0	0	0	
2024-06-25 15:43:24	579	1188	5	0	0	5	21	0	0	0	21	0	0	6.75	21	0	0	0	21	0	0	1.515		99.995	40.0747	0.134499	0	1.34506	0.102104	14.7897	2		0.0088623	12.0616	43.4956	0	0	0	
2024-06-25 15:41:07	561	1189	1	0	0	3	13	0	0	0	13	0	0	2.25	13	0	0	0	13	0	0	0.649		99.9989	41.3561	0.28007	0	2.80074	0.171596	13.1982	1		0	12.0616	44.0154	0	0	0	
2024-06-25 15:39:28	548	1190	5	0	0	2	9	0	0	0	9	0	0	0	9	0	0	0	9	0	0	1.732		100	40.0355	0.165837	0	1.65837	0.130109	20.8396	2		0.0088623	12.0616	44.5352	0	0	0	
2024-06-25 15:51:58	647	1191	9	0	0	6.5	27	0	0	0	27	0	0	7.25	27	0	0	0	27	0	0	0.649		99.9914	39.8274	0.318189	0	3.18217	0.282948	14.9956	1		0.0088623	12.0616	42.9758	0	0	0	
2024-06-25 15:47:59	615	1192	9	0	0	7.75	32	0	0	0	32	0	0	7.25	32	0	0	0	32	0	0	0.433		99.993	39.9713	0.473347	0	4.7338	0.128263	14.8717	1		0.0088623	12.0616	42.9758	0	0	0	
2024-06-25 15:53:37	659	1193	1	0	0	7.5	31	0	0	0	31	0	0	0.25	31	0	0	0	31	0	0	6.278		99.987	39.7293	0.0357296	0	0.357343	0.197724	16.2781	1		0	12.0616	42.9758	0	0	0	
2024-06-25 15:50:46	637	1194	1	0	0	0.75	4	0	0	0	4	0	0	1	4	0	0	0	4	0	0	0.216		99.9902	39.8499	0.792367	0	7.92444	0.0638854	12.4477	1		0.0088623	11.9552	42.9758	0	0	0	
2024-06-25 15:52:42	653	1195	1	0	0	5.5	23	0	0	0	23	0	0	2.25	23	0	0	0	23	0	0	2.814		99.9915	39.6064	0.0925523	0	0.925601	0.219223	18.9011	2		0.0088623	12.0616	42.9758	0	0	0	
2024-06-25 15:41:14	562	1196	5	0	0	4	17	0	0	0	17	0	0	6.75	17	0	0	0	17	0	0	2.381		99.9976	40.0463	0.0837124	0	0.837144	0.181257	14.4648	1		0.0088623	12.0616	44.0154	0	0	0	
2024-06-25 15:40:37	557	1197	5	0	0	3	13	0	0	0	13	0	0	5.25	13	0	0	0	13	0	0	1.948		100	41.3646	0.100584	0	1.00584	0.157773	14.2197	1		0.0088623	12.0616	44.2753	0	0	0	
2024-06-25 15:40:16	554	1198	5	0	0	3	13	0	0	0	13	0	0	4	13	0	0	0	13	0	0	0.866		99.9969	41.3786	0.215011	0	2.15018	0.0708669	13.51	1		0.0088623	12.0616	44.2753	0	0	0	
2024-06-25 15:39:07	545	1199	5	0	0	2	9	0	0	0	9	0	0	7.25	9	0	0	0	9	0	0	4.546		99.9994	40.0561	0.0543032	0	0.543035	0.246864	17.913	1		0.0088623	12.0616	44.7951	0	0	0	
2024-06-25 15:46:53	606	1200	5	0	0	7	29	0	0	0	29	0	0	7.5	29	0	0	0	29	0	0	0.433		99.9915	39.9643	0.456276	0	4.56315	0.199851	14.3355	1		0	12.0616	43.1058	0	0	0	
2024-06-25 15:46:38	604	1201	5	0	0	7	29	0	0	0	29	0	0	6.25	29	0	0	0	29	0	0	0.649		99.9938	39.9961	0.313462	0	3.13481	0.242509	14.7725	1		0	12.0616	43.1058	0	0	0	
2024-06-25 15:36:51	528	1202	9	0	0	1	5	0	0	0	5	0	0	5.75	5	0	0	0	5	0	0	4.113		100.002	39.2607	0.0521117	0	0.521107	0.188966	15.5525	1		0.0088623	12.0616	46.0945	0	0	0	
2024-06-25 15:37:34	533	1203	9	0	0	1	5	0	0	0	5	0	0	4.5	5	0	0	0	5	0	0	3.031		100.002	39.2282	0.0724271	0	0.724255	0.169424	15.9272	1		0	12.0616	45.5748	0	0	0	
2024-06-25 15:45:26	595	1204	5	0	0	6	25	0	0	0	25	0	0	3.5	25	0	0	0	25	0	0	2.165		99.9932	40.0726	0.0872924	0	0.872983	0.128805	13.7128	1		0.0088623	12.0616	43.2357	0	0	0	
2024-06-25 15:41:43	566	1205	1	0	0	4	17	0	0	0	17	0	0	0	17	0	0	0	17	0	0	3.464		99.9968	39.9488	0.0636795	0	0.636816	0.177442	16.0049	1		0.0088623	12.0616	43.8855	0	0	0	
2024-06-25 15:48:57	623	1206	5	0	0	7.75	32	0	0	0	32	0	0	2.5	32	0	0	0	32	0	0	4.546		99.9884	39.9477	0.0478604	0	0.478659	0.386158	15.7894	1		0	12.0616	42.9758	0	0	0	
2024-06-25 15:39:07	545	1207	1	0	0	2	9	0	0	0	9	0	0	2.5	9	0	0	0	9	0	0	0.433		99.9994	40.0561	0.415231	0	4.15234	0.102117	13.0449	1		0.0088623	12.0616	44.7951	0	0	0	
2024-06-25 15:47:00	607	1208	1	0	0	7	29	0	0	0	29	0	0	1	29	0	0	0	29	0	0	5.195		99.9912	39.9603	0.0461698	0	0.461738	0.345159	17.4071	1		0	12.0616	43.1058	0	0	0	
2024-06-25 15:35:59	521	1209	5	0	0	0	1	0	0	0	1	0	0	5.25	1	0	0	0	1	0	0	4.546		100.009	39.4449	0.0509131	0	0.509086	0.287032	16.7931	1		0	12.0616	46.7443	0	0	0	
2024-06-25 15:35:28	517	1210	9	0	0	0	1	0	0	0	1	0	0	4	1	0	0	0	1	0	0	3.464		100.009	39.4536	0.0626565	0	0.626511	0.0418284	15.746	1		0.0088623	12.0616	47.264	0	0	0	
2024-06-25 15:48:50	622	1211	5	0	0	7.75	32	0	0	0	32	0	0	1.75	32	0	0	0	32	0	0	5.195		99.9942	39.9937	0.0426252	0	0.426277	0.209494	16.0703	1		0	12.0616	42.9758	0	0	0	
2024-06-25 15:43:02	576	1212	5	0	0	5	21	0	0	0	21	0	0	6	21	0	0	0	21	0	0	0.866		99.9973	40.0953	0.22628	0	2.26286	0.0476303	14.218	1		0	12.0616	43.4956	0	0	0	
2024-06-25 15:43:17	578	1213	9	0	0	5	21	0	0	0	21	0	0	4.75	21	0	0	0	21	0	0	0.216		99.9985	40.0931	0.797273	0	7.97285	0.155978	12.5237	1		0.0088623	12.0616	43.4956	0	0	0	
2024-06-25 15:40:53	559	1214	5	0	0	3	13	0	0	0	13	0	0	1.5	13	0	0	0	13	0	0	1.299		99.9991	41.3536	0.136717	0	1.36719	0.00141334	12.8854	1		0.0088623	12.0616	44.1454	0	0	0	
2024-06-25 15:47:44	613	1215	1	0	0	7.75	32	0	0	0	32	0	0	6.5	32	0	0	0	32	0	0	1.082		99.9934	40.033	0.18516	0	1.85172	0.166691	14.5434	1		0	12.0616	43.1058	0	0	0	
2024-06-25 15:49:51	630	1216	9	0	0	2.25	10	0	0	0	10	0	0	5.5	10	0	0	0	10	0	0	2.814		99.9927	40.8781	0.0906254	0	0.90632	0.896226	18.5074	1		0	12.0616	42.9758	0	0	0	
2024-06-25 15:55:26	674	1217	1	0	0	3	13	0	0	4.75	13	0	0	1.25	13	0	0	6.5	13	0	0	0.908		99.9929	22.8223	0.0808603	0	0.80866	0.511382	8.89169	1		0	12.0616	43.1058	0	0	0	
2024-06-25 15:41:50	567	1218	9	0	0	4	17	0	0	0	17	0	0	6	17	0	0	0	17	0	0	1.732		99.9983	39.9329	0.110512	0	1.10514	0.155051	13.8875	1		0	12.0616	43.8855	0	0	0	
2024-06-25 15:41:21	563	1219	5	0	0	4	17	0	0	0	17	0	0	4.75	17	0	0	0	17	0	0	0.649		99.9991	40.0828	0.312812	0	3.12815	0.170998	14.7411	1		0	12.0616	44.0154	0	0	0	
2024-06-25 15:35:59	521	1220	1	0	0	0	1	0	0	0	1	0	0	2.25	1	0	0	0	1	0	0	1.948		100.009	39.4449	0.116437	0	1.16426	0.275514	16.4594	1		0	12.0616	46.7443	0	0	0	
2024-06-25 15:55:18	673	1221	1	0	0	3.25	14	0	0	4.5	14	0	0	2	14	0	0	5.75	14	0	0	0.649		99.9936	22.1891	0.136716	0	1.36725	0.416993	10.7383	1		0	12.0616	42.9758	0	0	0	
2024-06-25 15:40:53	559	1222	1	0	0	3	13	0	0	0	13	0	0	3.25	13	0	0	0	13	0	0	0.216		99.9991	41.3536	0.780439	0	7.80446	0.120148	12.2592	1		0.0088623	12.0616	44.1454	0	0	0	
2024-06-25 15:38:41	542	1223	5	0	0	2	9	0	0	0	9	0	0	7.75	9	0	0	0	9	0	0	4.979		100.001	40.073	0.0434588	0	0.434585	0.0850396	15.7008	1		0	12.0616	45.055	0	0	0	
2024-06-25 15:38:34	541	1224	5	0	0	2	9	0	0	0	9	0	0	6.5	9	0	0	0	9	0	0	3.897		100.003	40.075	0.0550108	0	0.550091	0.218813	15.5535	1		0.0088623	12.0616	45.055	0	0	0	
2024-06-25 15:46:23	602	1225	9	0	0	7	29	0	0	0	29	0	0	5.5	29	0	0	0	29	0	0	1.299		99.9954	39.9971	0.150732	0	1.50739	0.17818	14.2068	1		0	12.0616	43.1058	0	0	0	
2024-06-25 15:46:09	600	1226	1	0	0	7	29	0	0	0	29	0	0	4.25	29	0	0	0	29	0	0	2.381		99.9919	39.9966	0.083238	0	0.832448	0.145312	14.3837	1		0.0088623	12.0616	43.1058	0	0	0	
2024-06-25 15:37:05	530	1227	9	0	0	1	5	0	0	0	5	0	0	5	5	0	0	0	5	0	0	3.464		100.003	39.228	0.060907	0	0.609051	0.0313074	15.3071	2		0	12.0616	45.8346	0	0	0	
2024-06-25 15:37:05	530	1228	1	0	0	1	5	0	0	0	5	0	0	3.75	5	0	0	0	5	0	0	2.381		100.003	39.228	0.0825162	0	0.825136	0.0666854	14.2573	2		0	12.0616	45.8346	0	0	0	
2024-06-25 15:44:25	587	1229	1	0	0	6	25	0	0	0	25	0	0	2.75	25	0	0	0	25	0	0	2.814		99.9972	40.0971	0.071442	0	0.71444	0.0935989	14.5891	1		0	12.0616	43.3657	0	0	0	
2024-06-25 15:44:03	584	1230	1	0	0	5	21	0	0	0	21	0	0	2.25	21	0	0	0	21	0	0	2.381		99.9983	40.0758	0.0801994	0	0.802008	0.0474371	13.8577	1		0.0088623	12.0616	43.3657	0	0	0	
2024-06-25 15:47:29	611	1231	1	0	0	7	29	0	0	0	29	0	0	0.25	29	0	0	0	29	0	0	5.845		99.9932	40.0233	0.0391229	0	0.391255	0.251041	16.5937	1		0.0088623	11.9552	43.1058	0	0	0	
2024-06-25 15:36:22	524	1232	1	0	0	0	1	0	0	0	1	0	0	3.25	1	0	0	0	1	0	0	2.814		100.004	39.4614	0.0700902	0	0.700872	0.0719966	14.3121	1		0.0088623	11.9641	46.3544	0	0	0	
2024-06-25 15:40:30	556	1233	5	0	0	3	13	0	0	0	13	0	0	7.25	13	0	0	0	13	0	0	3.68		100.001	41.3601	0.0723097	0	0.723092	0.86239	19.3091	1		0.0088623	12.0616	44.1454	0	0	0	
2024-06-25 15:45:02	592	1234	9	0	0	6	25	0	0	0	25	0	0	6.75	25	0	0	0	25	0	0	0.649		99.9954	40.0549	0.3248	0	3.24815	0.0197802	15.3066	2		0	12.0616	43.2357	0	0	0	
2024-06-25 15:49:12	625	1235	9	0	0	3.75	16	0	0	0	16	0	0	4	16	0	0	0	16	0	0	0.216		99.9906	39.7626	0.887506	0	8.87589	0.31512	13.9422	1		0	12.0616	42.9758	0	0	0	
2024-06-25 15:48:21	618	1236	1	0	0	7.75	32	0	0	0	32	0	0	1	32	0	0	0	32	0	0	5.845		99.9942	39.9643	0.0387925	0	0.387948	0.17282	16.4534	1		0	12.0616	43.1058	0	0	0	
2024-06-25 15:43:02	576	1237	9	0	0	5	21	0	0	0	21	0	0	5.25	21	0	0	0	21	0	0	0.216		99.9973	40.0953	0.819699	0	8.19721	0.114938	12.8761	1		0	12.0616	43.4956	0	0	0	
2024-06-25 15:43:34	580	1238	9	0	0	5	21	0	0	0	21	0	0	4	21	0	0	0	21	0	0	0.866		99.9979	40.0728	0.221919	0	2.21924	0.264514	13.9439	1		0	12.0616	43.4956	0	0	0	
2024-06-25 15:40:45	558	1239	1	0	0	3	13	0	0	0	13	0	0	0.75	13	0	0	0	13	0	0	1.948		100.001	41.3586	0.0965561	0	0.965552	0.170419	13.6502	1		0	12.0616	44.1454	0	0	0	
2024-06-25 15:36:51	528	1240	1	0	0	1	5	0	0	0	5	0	0	1.75	5	0	0	0	5	0	0	0.649		100.002	39.2607	0.286048	0	2.86042	0.0587383	13.4794	1		0.0088623	12.0616	46.0945	0	0	0	
2024-06-25 15:42:26	572	1241	5	0	0	4	17	0	0	0	17	0	0	2	17	0	0	0	17	0	0	1.732		99.9921	39.9005	0.1058	0	1.05809	0.156246	13.2963	1		0.0088623	12.0616	43.7555	0	0	0	
2024-06-25 15:48:13	617	1242	9	0	0	7.75	32	0	0	0	32	0	0	5.75	32	0	0	0	32	0	0	1.732		99.9934	39.9651	0.113013	0	1.13021	0.0980347	14.2026	1		0	12.0616	43.1058	0	0	0	
2024-06-25 15:47:51	614	1243	9	0	0	7.75	32	0	0	0	32	0	0	4.5	32	0	0	0	32	0	0	2.814		99.994	40.0471	0.0701462	0	0.701504	0.115261	14.325	1		0	12.0616	42.9758	0	0	0	
2024-06-25 15:51:22	642	1244	1	0	0	2.25	10	0	0	0	10	0	0	3.5	10	0	0	0	10	0	0	1.082		99.9967	40.8739	0.165254	0	1.65259	0.128045	12.9794	1		0	12.0616	42.9758	0	0	0	
2024-06-25 15:50:40	636	1245	9	0	0	0.25	2	0	0	0	2	0	0	7.5	2	0	0	0	2	0	0	6.278		99.9903	39.6725	0.0372039	0	0.372075	0.0306358	16.9491	1		0	12.0616	42.9758	0	0	0	
2024-06-25 15:45:51	598	1246	1	0	0	6	25	0	0	0	25	0	0	1.75	25	0	0	0	25	0	0	3.68		99.9902	40.0576	0.0697479	0	0.697547	0.244016	18.627	2		0	12.0616	42.9758	0	0	0	
2024-06-25 15:41:58	568	1247	5	0	0	4	17	0	0	0	17	0	0	5.25	17	0	0	0	17	0	0	1.082		99.9987	39.9239	0.179137	0	1.79139	0.134765	14.0696	1		0	12.0616	43.7555	0	0	0	
2024-06-25 15:36:22	524	1248	5	0	0	0	1	0	0	0	1	0	0	1.5	1	0	0	0	1	0	0	1.299		100.004	39.4614	0.135267	0	1.35261	0.0879674	12.7481	1		0.0088623	11.9641	46.3544	0	0	0	
2024-06-25 15:40:16	554	1249	1	0	0	3	13	0	0	0	13	0	0	2.5	13	0	0	0	13	0	0	0.433		99.9969	41.3786	0.419706	0	4.19718	0.264442	13.1858	1		0.0088623	12.0616	44.2753	0	0	0	
2024-06-25 15:39:07	545	1250	9	0	0	2	9	0	0	0	9	0	0	5.75	9	0	0	0	9	0	0	3.247		99.9994	40.0561	0.065344	0	0.653444	0.0290964	15.3964	1		0.0088623	12.0616	44.7951	0	0	0	
2024-06-25 15:38:17	539	1251	9	0	0	2	9	0	0	0	9	0	0	4.5	9	0	0	0	9	0	0	2.165		100.003	40.0865	0.0888566	0	0.888536	0.0863974	13.9571	2		0	12.0616	45.1849	0	0	0	
2024-06-25 15:47:22	610	1252	1	0	0	7	29	0	0	0	29	0	0	3.5	29	0	0	0	29	0	0	3.031		99.9919	39.9929	0.0653163	0	0.653216	0.0243371	14.365	1		0.0088623	12.0616	43.1058	0	0	0	
2024-06-25 15:36:44	527	1253	1	0	0	1	5	0	0	0	5	0	0	3	5	0	0	0	5	0	0	1.732		100.004	39.2591	0.107406	0	1.07402	0.0284338	13.4965	1		0.0088623	12.0616	46.2245	0	0	0	
2024-06-25 15:34:55	514	1254	5	0	0	0	1	0	0	0	1	0	0	7.25	1	0	0	0	1	0	0	6.278		100.004	39.4865	0.0397981	0	0.397966	0.237409	18.1286	2		0.0088623	12.0793	47.7838	0	0	0	
2024-06-25 15:43:24	579	1255	1	0	0	5	21	0	0	0	21	0	0	1.5	21	0	0	0	21	0	0	3.031		99.995	40.0747	0.0690617	0	0.690652	0.184726	15.1882	2		0.0088623	12.0616	43.4956	0	0	0	
2024-06-25 15:39:14	546	1256	5	0	0	2	9	0	0	0	9	0	0	1.25	9	0	0	0	9	0	0	0.649		100.001	40.0411	0.272824	0	2.72821	0.197275	12.8564	1		0	11.9552	44.7951	0	0	0	
2024-06-25 15:53:51	661	1257	1	0	0	1.5	7	0	0	0	7	0	0	0.25	7	0	0	0	7	0	0	1.082		99.9918	39.1349	0.161937	0	1.6195	0.130115	12.7195	1		0	12.0616	42.9758	0	0	0	
2024-06-25 15:36:29	525	1258	1	0	0	0	1	0	0	0	1	0	0	2.5	1	0	0	0	1	0	0	2.165		100.002	39.4634	0.0896622	0	0.896606	0.0783188	14.0839	1		0	12.0616	46.3544	0	0	0	
2024-06-25 15:53:02	655	1259	1	0	0	6.25	26	0	0	0	26	0	0	1.5	26	0	0	0	26	0	0	4.113		99.992	39.9468	0.0598021	0	0.598069	0.624115	17.8494	2		0	12.0616	42.9758	0	0	0	
2024-06-25 15:54:50	669	1260	9	0	0	7.25	30	0	0	0	30	0	0	6.5	30	0	0	0	30	0	0	0.649		99.9928	39.9785	0.310083	0	3.10106	0.259182	14.6134	1		0.0088623	12.0616	43.1058	0	0	0	
2024-06-25 15:39:46	550	1261	9	0	0	3	13	0	0	0	13	0	0	7.75	13	0	0	0	13	0	0	4.113		99.9978	41.3969	0.0505197	0	0.505208	0.18487	15.078	1		0	12.0616	44.5352	0	0	0	
2024-06-25 15:40:16	554	1262	9	0	0	3	13	0	0	0	13	0	0	6.5	13	0	0	0	13	0	0	3.031		99.9969	41.3786	0.0697819	0	0.69784	0.572121	15.3463	1		0.0088623	12.0616	44.2753	0	0	0	
2024-06-25 15:36:58	529	1263	5	0	0	1	5	0	0	0	5	0	0	7	5	0	0	0	5	0	0	5.195		100.002	39.2539	0.0445485	0	0.445474	0.153927	16.794	1		0	12.0616	45.9646	0	0	0	
2024-06-25 15:44:18	586	1264	1	0	0	6	25	0	0	0	25	0	0	4.75	25	0	0	0	25	0	0	1.082		99.9991	40.1057	0.180189	0	1.8019	0.557853	14.1521	1		0.0088623	12.0616	43.3657	0	0	0	
2024-06-25 15:48:28	619	1265	1	0	0	7.75	32	0	0	0	32	0	0	0.25	32	0	0	0	32	0	0	6.494		99.9925	39.9877	0.0339105	0	0.339131	0.249699	15.9812	1		0	12.0616	42.9758	0	0	0	
2024-06-25 15:44:10	585	1266	1	0	0	5	21	0	0	0	21	0	0	3.25	21	0	0	0	21	0	0	1.515		99.9977	40.0788	0.119633	0	1.19636	0.0589592	13.1546	1		0	11.9552	43.3657	0	0	0	
2024-06-25 15:40:08	553	1267	1	0	0	3	13	0	0	0	13	0	0	0	13	0	0	0	13	0	0	2.598		100.003	41.3898	0.0797309	0	0.797282	0.122917	15.0284	1		0	12.0616	44.2753	0	0	0	
2024-06-25 15:49:19	626	1268	9	0	0	3.5	15	0	0	0	15	0	0	4.25	15	0	0	0	15	0	0	0.649		99.9882	39.6599	0.298267	0	2.98302	0.17358	14.0571	1		0.0088623	12.0616	42.9758	0	0	0	
2024-06-25 15:41:29	564	1269	1	0	0	4	17	0	0	0	17	0	0	1.25	17	0	0	0	17	0	0	2.381		99.9951	39.9499	0.0808321	0	0.808361	0.12606	13.9675	1		0	12.0616	44.0154	0	0	0	
2024-06-25 15:47:36	612	1270	5	0	0	7.75	32	0	0	0	32	0	0	5	32	0	0	0	32	0	0	2.381		99.9926	40.0219	0.0812906	0	0.812966	0.329516	14.047	1		0.0088623	12.0616	42.9758	0	0	0	
2024-06-25 15:48:36	620	1271	5	0	0	7.75	32	0	0	0	32	0	0	3.75	32	0	0	0	32	0	0	3.464		99.9953	39.966	0.0575735	0	0.575762	0.00577792	14.4705	1		0	12.0616	42.9758	0	0	0	
2024-06-25 15:56:13	679	1272	1	0	0	1.25	6	0	0	6.5	6	0	0	3	6	0	0	4.75	6	0	0	0.908		99.9914	21.4988	0.0827025	0	0.827096	0.349953	9.0944	2		0	12.0616	42.9758	0	0	0	
2024-06-25 15:45:34	596	1273	5	0	0	6	25	0	0	0	25	0	0	1	25	0	0	0	25	0	0	4.33		99.9937	40.068	0.0595497	0	0.595535	0.843379	18.7093	1		0	12.0616	43.2357	0	0	0	
2024-06-25 15:42:05	569	1274	1	0	0	4	17	0	0	0	17	0	0	3.25	17	0	0	0	17	0	0	0.649		99.9961	39.9288	0.299082	0	2.99093	0.0962087	14.0944	1		0	12.0616	43.7555	0	0	0	
2024-06-25 15:35:10	515	1275	1	0	0	0	1	0	0	0	1	0	0	0.75	1	0	0	0	1	0	0	0.649		100.003	39.4231	0.335566	0	3.35557	0.160184	15.8128	2		0.0088623	12.0616	47.7838	0	0	0	
2024-06-25 15:55:40	676	1276	1	0	0	3.5	15	0	0	4.25	15	0	0	3.75	15	0	0	4	15	0	0	0.13		99.9953	21.0071	0.624482	0	6.24512	0.271597	9.8098	1		0	12.0616	43.1058	0	0	0	
2024-06-25 15:38:41	542	1277	9	0	0	2	9	0	0	0	9	0	0	5	9	0	0	0	9	0	0	2.598		100.001	40.073	0.07606	0	0.760595	0.0285071	14.3369	1		0	12.0616	45.055	0	0	0	
2024-06-25 15:38:27	540	1278	1	0	0	2	9	0	0	0	9	0	0	3.75	9	0	0	0	9	0	0	1.515		99.9997	40.0774	0.131331	0	1.31331	0.759189	14.4406	1		0.0088623	12.0616	45.1849	0	0	0	
2024-06-25 15:47:07	608	1279	5	0	0	7	29	0	0	0	29	0	0	2.75	29	0	0	0	29	0	0	3.68		99.9959	39.974	0.0556923	0	0.556946	0.0327771	14.8724	1		0	12.0616	43.1058	0	0	0	
2024-06-25 15:46:53	606	1280	1	0	0	7	29	0	0	0	29	0	0	2.25	29	0	0	0	29	0	0	4.113		99.9915	39.9643	0.0515586	0	0.51563	0.289761	15.389	1		0	12.0616	43.1058	0	0	0	
2024-06-25 15:35:10	515	1281	9	0	0	0	1	0	0	0	1	0	0	7.75	1	0	0	0	1	0	0	6.711		100.003	39.4231	0.0354951	0	0.354941	0.15595	17.2838	2		0.0088623	12.0616	47.7838	0	0	0	
2024-06-25 15:35:42	519	1282	5	0	0	0	1	0	0	0	1	0	0	6.5	1	0	0	0	1	0	0	5.628		100.008	39.4525	0.0411659	0	0.411628	0.539997	16.8112	1		0	12.0616	47.0042	0	0	0	
2024-06-25 15:43:34	580	1283	1	0	0	5	21	0	0	0	21	0	0	0.75	21	0	0	0	21	0	0	3.68		99.9979	40.0728	0.0641949	0	0.641963	0.0339167	17.1427	1		0	12.0616	43.4956	0	0	0	
2024-06-25 15:43:09	577	1284	5	0	0	5	21	0	0	0	21	0	0	7.25	21	0	0	0	21	0	0	1.948		100.002	40.0939	0.11479	0	1.14787	0.267404	16.2277	1		0.0088623	12.0616	43.4956	0	0	0	
2024-06-25 15:54:42	668	1285	9	0	0	5.75	24	0	0	0	24	0	0	4	24	0	0	0	24	0	0	1.515		99.9918	40.1215	0.124187	0	1.24197	0.218084	13.6562	1		0.0088623	12.0616	43.1058	0	0	0	
2024-06-25 15:51:36	644	1286	9	0	0	4.5	19	0	0	0	19	0	0	5.25	19	0	0	0	19	0	0	0.649		99.9939	39.7457	0.308158	0	3.08176	0.0894301	14.5225	1		0.0088623	12.0616	42.9758	0	0	0	
2024-06-25 15:55:48	677	1287	1	0	0	2.75	12	0	0	5	12	0	0	3.5	12	0	0	4.25	12	0	0	0.389		99.9951	22.5317	0.252232	0	2.52244	0.950136	11.8867	4		0.0088623	12.0616	43.1058	0	0	0	
2024-06-25 15:39:28	548	1288	1	0	0	2	9	0	0	0	9	0	0	0.5	9	0	0	0	9	0	0	1.299		100	40.0355	0.136551	0	1.3655	0.0120517	12.8696	2		0.0088623	12.0616	44.5352	0	0	0	
2024-06-25 15:50:30	635	1289	9	0	0	0.5	3	0	0	0	3	0	0	7.25	3	0	0	0	3	0	0	5.845		99.9931	39.8653	0.0655055	0	0.6551	0.588425	27.7838	2		0.0088623	12.0616	42.9758	0	0	0	
2024-06-25 15:41:50	567	1290	5	0	0	4	17	0	0	0	17	0	0	7.25	17	0	0	0	17	0	0	2.814		99.9983	39.9329	0.0767408	0	0.767421	0.219262	15.671	1		0	12.0616	43.8855	0	0	0	
2024-06-25 15:40:00	552	1291	9	0	0	3	13	0	0	0	13	0	0	5.75	13	0	0	0	13	0	0	2.381		100.005	41.3842	0.0801225	0	0.801182	0.144915	13.8434	1		0.0088623	12.0616	44.2753	0	0	0	
2024-06-25 15:40:08	553	1292	9	0	0	3	13	0	0	0	13	0	0	4.5	13	0	0	0	13	0	0	1.299		100.003	41.3898	0.141454	0	1.4145	0.135945	13.3313	1		0	12.0616	44.2753	0	0	0	
2024-06-25 15:46:46	605	1293	5	0	0	7	29	0	0	0	29	0	0	6.75	29	0	0	0	29	0	0	0.216		99.9957	39.9695	0.839048	0	8.39084	0.0713869	13.1803	1		0	12.0616	43.1058	0	0	0	
2024-06-25 15:37:16	531	1294	9	0	0	1	5	0	0	0	5	0	0	7.5	5	0	0	0	5	0	0	5.628		100.004	39.2182	0.0407766	0	0.407751	0.0675726	16.6528	2		0	12.0616	45.8346	0	0	0	
2024-06-25 15:36:44	527	1295	5	0	0	1	5	0	0	0	5	0	0	6.25	5	0	0	0	5	0	0	4.546		100.004	39.2591	0.0586094	0	0.58607	0.291827	19.3325	1		0.0088623	12.0616	46.2245	0	0	0	
2024-06-25 15:45:02	592	1296	5	0	0	6	25	0	0	0	25	0	0	5.25	25	0	0	0	25	0	0	0.649		99.9954	40.0549	0.307157	0	3.07171	0.0119399	14.4751	2		0	12.0616	43.2357	0	0	0	
2024-06-25 15:44:25	587	1297	5	0	0	6	25	0	0	0	25	0	0	4	25	0	0	0	25	0	0	1.732		99.9972	40.0971	0.109814	0	1.09817	0.144953	13.8001	1		0	12.0616	43.3657	0	0	0	
2024-06-25 15:42:52	575	1298	1	0	0	5	21	0	0	0	21	0	0	2.5	21	0	0	0	21	0	0	2.165		99.999	40.113	0.0981699	0	0.981709	0.219338	15.4206	2		0.0088623	12.0616	43.6256	0	0	0	
2024-06-25 15:37:26	532	1299	1	0	0	1	5	0	0	0	5	0	0	0.25	5	0	0	0	5	0	0	0.649		100.005	39.255	0.285337	0	2.85321	0.0890312	13.4455	1		0	12.0616	45.7047	0	0	0	
2024-06-25 15:42:12	570	1300	1	0	0	4	17	0	0	0	17	0	0	0.5	17	0	0	0	17	0	0	3.031		99.9974	39.9202	0.0662385	0	0.662402	0.123614	14.567	1		0	12.0616	43.7555	0	0	0	
2024-06-25 15:48:43	621	1301	5	0	0	7.75	32	0	0	0	32	0	0	3	32	0	0	0	32	0	0	4.113		99.9983	39.9809	0.0493339	0	0.493347	0.14936	14.724	1		0	12.0616	42.9758	0	0	0	
2024-06-25 15:45:34	596	1302	1	0	0	6	25	0	0	0	25	0	0	0.25	25	0	0	0	25	0	0	4.979		99.9937	40.068	0.0472364	0	0.472394	0.155113	17.0668	1		0	12.0616	43.2357	0	0	0	
2024-06-25 15:52:34	652	1303	1	0	0	5.25	22	0	0	0	22	0	0	2.5	22	0	0	0	22	0	0	2.381		99.9928	40.0052	0.107586	0	1.07594	0.192125	18.5908	1		0	12.0616	42.9758	0	0	0	
2024-06-25 15:42:33	573	1304	1	0	0	4	17	0	0	0	17	0	0	2.5	17	0	0	0	17	0	0	1.299		99.9984	39.9078	0.140115	0	1.40117	0.389968	13.2058	1		0	12.0616	43.6256	0	0	0	
2024-06-25 15:39:39	549	1305	1	0	0	2	9	0	0	0	9	0	0	3	9	0	0	0	9	0	0	0.866		99.9982	40.0494	0.207942	0	2.07946	0.151267	13.0656	1		0.0088623	12.0616	44.5352	0	0	0	
2024-06-25 15:47:22	610	1306	5	0	0	7	29	0	0	0	29	0	0	1.5	29	0	0	0	29	0	0	4.762		99.9919	39.9929	0.0474065	0	0.474103	0.0579574	16.3838	1		0.0088623	12.0616	43.1058	0	0	0	
2024-06-25 15:35:35	518	1307	5	0	0	0	1	0	0	0	1	0	0	5.75	1	0	0	0	1	0	0	4.979		100.005	39.4544	0.0453324	0	0.453304	0.259907	16.3771	1		0	12.0616	47.1341	0	0	0	
2024-06-25 15:35:35	518	1308	9	0	0	0	1	0	0	0	1	0	0	4.5	1	0	0	0	1	0	0	3.897		100.005	39.4544	0.0541659	0	0.541634	0.222724	15.3143	1		0	12.0616	47.1341	0	0	0	
2024-06-25 15:43:02	576	1309	1	0	0	5	21	0	0	0	21	0	0	0	21	0	0	0	21	0	0	4.33		99.9973	40.0953	0.0508649	0	0.508662	0.484562	15.9801	1		0	12.0616	43.4956	0	0	0	
2024-06-25 15:47:59	615	1310	1	0	0	7.75	32	0	0	0	32	0	0	2.25	32	0	0	0	32	0	0	4.762		99.993	39.9713	0.043812	0	0.43815	0.00775807	15.1414	1		0.0088623	12.0616	42.9758	0	0	0	
2024-06-25 15:42:52	575	1311	5	0	0	5	21	0	0	0	21	0	0	7.75	21	0	0	0	21	0	0	2.381		99.999	40.113	0.0834485	0	0.834493	0.0539004	14.419	2		0.0088623	12.0616	43.6256	0	0	0	
2024-06-25 15:43:24	579	1312	9	0	0	5	21	0	0	0	21	0	0	6.5	21	0	0	0	21	0	0	1.299		99.995	40.0747	0.151178	0	1.51186	0.00777655	14.2489	2		0.0088623	12.0616	43.4956	0	0	0	
2024-06-25 15:41:00	560	1313	5	0	0	3	13	0	0	0	13	0	0	2	13	0	0	0	13	0	0	0.866		100	41.3479	0.207322	0	2.07321	0.232013	13.0264	1		0.0088623	12.0616	44.1454	0	0	0	
2024-06-25 15:52:19	650	1314	1	0	0	4.5	19	0	0	0	19	0	0	3.25	19	0	0	0	19	0	0	1.082		99.9865	39.7396	0.169232	0	1.69255	0.253166	13.2932	1		0.0088623	12.0616	42.9758	0	0	0	
2024-06-25 15:47:59	615	1315	5	0	0	7.75	32	0	0	0	32	0	0	7	32	0	0	0	32	0	0	0.649		99.993	39.9713	0.322561	0	3.22583	0.404615	15.2014	1		0.0088623	12.0616	42.9758	0	0	0	
2024-06-25 15:54:35	667	1316	9	0	0	5.5	23	0	0	0	23	0	0	4.25	23	0	0	0	23	0	0	1.082		99.9911	39.546	0.181015	0	1.81031	0.52598	14.2181	1		0	12.0616	42.9758	0	0	0	
2024-06-25 15:53:19	657	1317	1	0	0	6.75	28	0	0	0	28	0	0	1	28	0	0	0	28	0	0	4.979		99.9902	39.616	0.0581676	0	0.581733	0.662112	21.017	2		0.0088623	12.0616	42.9758	0	0	0	
2024-06-25 15:51:44	645	1318	9	0	0	4.25	18	0	0	0	18	0	0	5.5	18	0	0	0	18	0	0	1.082		99.9932	39.7991	0.182175	0	1.82188	0.578637	14.309	1		0	12.0616	42.9758	0	0	0	
2024-06-25 15:41:29	564	1319	9	0	0	4	17	0	0	0	17	0	0	7.75	17	0	0	0	17	0	0	3.247		99.9951	39.9499	0.0622341	0	0.622372	0.0652363	14.6643	1		0	12.0616	44.0154	0	0	0	
2024-06-25 15:41:36	565	1320	5	0	0	4	17	0	0	0	17	0	0	6.5	17	0	0	0	17	0	0	2.165		99.9959	39.9252	0.0903669	0	0.903706	0.163304	14.1954	1		0.0088623	12.0616	43.8855	0	0	0	
2024-06-25 15:39:53	551	1321	9	0	0	3	13	0	0	0	13	0	0	5	13	0	0	0	13	0	0	1.732		99.9964	41.4145	0.106093	0	1.06097	0.0892153	13.3326	1		0.0088623	12.0616	44.5352	0	0	0	
2024-06-25 15:40:24	555	1322	1	0	0	3	13	0	0	0	13	0	0	3.75	13	0	0	0	13	0	0	0.649		99.999	41.3608	0.290906	0	2.90909	0.17832	13.7088	1		0.0088623	12.0616	44.2753	0	0	0	
2024-06-25 15:38:27	540	1323	9	0	0	2	9	0	0	0	9	0	0	7	9	0	0	0	9	0	0	4.33		99.9997	40.0774	0.0497284	0	0.497286	0.0871661	15.6227	1		0.0088623	12.0616	45.1849	0	0	0	
2024-06-25 15:46:38	604	1324	9	0	0	7	29	0	0	0	29	0	0	6	29	0	0	0	29	0	0	0.866		99.9938	39.9961	0.232531	0	2.32545	0.337709	14.6113	1		0	12.0616	43.1058	0	0	0	
2024-06-25 15:46:01	599	1325	5	0	0	7	29	0	0	0	29	0	0	4.75	29	0	0	0	29	0	0	1.948		99.9907	39.9901	0.100126	0	1.00135	0.579398	14.1562	1		0.0088623	12.0616	43.2357	0	0	0	
2024-06-25 15:36:36	526	1326	9	0	0	1	5	0	0	0	5	0	0	5.5	5	0	0	0	5	0	0	3.897		100.002	39.2645	0.0685965	0	0.685951	0.529269	19.3948	1		0.0088623	12.0616	46.2245	0	0	0	
2024-06-25 15:37:26	532	1327	9	0	0	1	5	0	0	0	5	0	0	4.25	5	0	0	0	5	0	0	2.814		100.005	39.255	0.0733042	0	0.733003	0.0111003	14.9682	1		0	12.0616	45.7047	0	0	0	
2024-06-25 15:45:41	597	1328	1	0	0	6	25	0	0	0	25	0	0	3.25	25	0	0	0	25	0	0	2.381		99.9922	40.0579	0.0834368	0	0.834432	0.0135156	14.418	2		0	12.0616	43.2357	0	0	0	
2024-06-25 15:51:01	639	1329	1	0	0	0.25	2	0	0	0	2	0	0	1.5	2	0	0	0	2	0	0	1.082		99.9933	39.6969	0.161466	0	1.61477	0.158099	12.6824	1		0	12.0616	42.9758	0	0	0	
2024-06-25 15:47:15	609	1330	5	0	0	7	29	0	0	0	29	0	0	0.75	29	0	0	0	29	0	0	5.412		99.9919	39.9712	0.0447685	0	0.447721	0.0110942	17.582	1		0	12.0616	42.9758	0	0	0	
2024-06-25 15:35:59	521	1331	9	0	0	0	1	0	0	0	1	0	0	5	1	0	0	0	1	0	0	4.33		100.009	39.4449	0.0498383	0	0.498339	0.186572	15.6558	1		0	12.0616	46.7443	0	0	0	
2024-06-25 15:35:35	518	1332	1	0	0	0	1	0	0	0	1	0	0	3.75	1	0	0	0	1	0	0	3.247		100.005	39.4544	0.0629768	0	0.62974	0.064543	14.8379	1		0	12.0616	47.1341	0	0	0	
2024-06-25 15:54:57	670	1333	9	0	0	7.5	31	0	0	0	31	0	0	6.25	31	0	0	0	31	0	0	1.082		99.9951	39.7175	0.17997	0	1.79978	0.353736	14.1355	1		0.0088623	12.0616	43.1058	0	0	0	
2024-06-25 15:52:06	648	1334	9	0	0	6.25	26	0	0	0	26	0	0	7.5	26	0	0	0	26	0	0	1.082		99.9953	39.9796	0.181436	0	1.81444	0.123755	14.2506	1		0	12.0616	42.9758	0	0	0	
2024-06-25 15:45:12	593	1335	5	0	0	6	25	0	0	0	25	0	0	7.25	25	0	0	0	25	0	0	1.082		99.9993	40.0709	0.210011	0	2.10013	0.398783	16.4944	1		0.0088623	12.0616	43.2357	0	0	0	
2024-06-25 15:48:13	617	1336	1	0	0	7.75	32	0	0	0	32	0	0	1.5	32	0	0	0	32	0	0	5.412		99.9934	39.9651	0.0397313	0	0.397339	0.0362453	15.6035	1		0	12.0616	43.1058	0	0	0	
2024-06-25 15:42:41	574	1337	5	0	0	5	21	0	0	0	21	0	0	5.75	21	0	0	0	21	0	0	0.649		99.9994	40.1342	0.305667	0	3.05669	0.134243	14.4043	2		0.0088623	12.0616	43.6256	0	0	0	
2024-06-25 15:43:34	580	1338	5	0	0	5	21	0	0	0	21	0	0	4.5	21	0	0	0	21	0	0	0.433		99.9979	40.0728	0.442089	0	4.42098	0.214971	13.8889	1		0	12.0616	43.4956	0	0	0	
2024-06-25 15:40:45	558	1339	5	0	0	3	13	0	0	0	13	0	0	1.25	13	0	0	0	13	0	0	1.515		100.001	41.3586	0.120187	0	1.20186	0.17433	13.2151	1		0	12.0616	44.1454	0	0	0	
2024-06-25 15:36:36	526	1340	1	0	0	1	5	0	0	0	5	0	0	2.25	5	0	0	0	5	0	0	1.082		100.002	39.2645	0.160898	0	1.60894	0.212376	12.6366	1		0.0088623	12.0616	46.2245	0	0	0	
2024-06-25 15:50:53	638	1341	1	0	0	0.5	3	0	0	0	3	0	0	1.25	3	0	0	0	3	0	0	0.649		99.9916	39.8836	0.289235	0	2.89259	0.489627	13.631	1		0	12.0616	42.9758	0	0	0	
2024-06-25 15:49:40	629	1342	9	0	0	2.5	11	0	0	0	11	0	0	5.25	11	0	0	0	11	0	0	2.381		99.9907	40.5944	0.105488	0	1.05498	0.57953	18.2287	2		0	12.0616	42.9758	0	0	0	
2024-06-25 15:48:28	619	1343	5	0	0	7.75	32	0	0	0	32	0	0	7.5	32	0	0	0	32	0	0	0.216		99.9925	39.9877	0.910507	0	9.10575	0.122696	14.3033	1		0	12.0616	42.9758	0	0	0	
2024-06-25 15:47:44	613	1344	5	0	0	7.75	32	0	0	0	32	0	0	6.25	32	0	0	0	32	0	0	1.299		99.9934	40.033	0.153768	0	1.53778	0.189335	14.4933	1		0	12.0616	43.1058	0	0	0	
2024-06-25 15:52:12	649	1345	1	0	0	4.25	18	0	0	0	18	0	0	3.5	18	0	0	0	18	0	0	0.649		99.9895	39.7974	0.29944	0	2.99471	0.0366691	14.1122	1		0.0088623	12.0616	42.9758	0	0	0	
2024-06-25 15:44:47	590	1346	1	0	0	6	25	0	0	0	25	0	0	2.25	25	0	0	0	25	0	0	3.247		99.9951	40.0764	0.064972	0	0.649752	0.0124024	15.3094	1		0	12.0616	43.2357	0	0	0	
2024-06-25 15:54:28	666	1347	9	0	0	5.25	22	0	0	0	22	0	0	4.5	22	0	0	0	22	0	0	0.649		99.9937	39.946	0.309116	0	3.09135	0.306447	14.5677	1		0.0088623	12.0616	42.9758	0	0	0	
2024-06-25 15:42:05	569	1348	5	0	0	4	17	0	0	0	17	0	0	5.75	17	0	0	0	17	0	0	1.515		99.9961	39.9288	0.125005	0	1.2501	0.00133544	13.7456	1		0	12.0616	43.7555	0	0	0	
2024-06-25 15:41:36	565	1349	9	0	0	4	17	0	0	0	17	0	0	4.5	17	0	0	0	17	0	0	0.433		99.9959	39.9252	0.483301	0	4.8332	0.08144	15.184	1		0.0088623	12.0616	43.8855	0	0	0	
2024-06-25 15:36:15	523	1350	5	0	0	0	1	0	0	0	1	0	0	2	1	0	0	0	1	0	0	1.732		100.005	39.4604	0.165585	0	1.65576	0.255012	20.8068	1		0	12.0616	46.4844	0	0	0	
2024-06-25 15:38:27	540	1351	5	0	0	2	9	0	0	0	9	0	0	7.5	9	0	0	0	9	0	0	4.762		99.9997	40.0774	0.0456076	0	0.456078	0.016276	15.7609	1		0.0088623	12.0616	45.1849	0	0	0	
2024-06-25 15:38:17	539	1352	5	0	0	2	9	0	0	0	9	0	0	6.25	9	0	0	0	9	0	0	3.68		100.003	40.0865	0.0598881	0	0.598861	0.14372	15.9917	2		0	12.0616	45.1849	0	0	0	
2024-06-25 15:46:16	601	1353	5	0	0	7	29	0	0	0	29	0	0	5.25	29	0	0	0	29	0	0	1.515		99.9954	39.99	0.127283	0	1.27289	0.227709	13.9961	1		0	12.0616	43.2357	0	0	0	
2024-06-25 15:46:01	599	1354	9	0	0	7	29	0	0	0	29	0	0	4	29	0	0	0	29	0	0	2.598		99.9907	39.9901	0.0757519	0	0.757589	0.263569	14.2802	1		0.0088623	12.0616	43.2357	0	0	0	
2024-06-25 15:37:48	535	1355	1	0	0	1	5	0	0	0	5	0	0	3.5	5	0	0	0	5	0	0	2.165		100.006	39.2291	0.0846491	0	0.84644	0.223824	13.2958	1		0.0088623	12.0616	45.3149	0	0	0	
2024-06-25 15:45:41	597	1356	5	0	0	6	25	0	0	0	25	0	0	2.5	25	0	0	0	25	0	0	3.031		99.9922	40.0579	0.0778106	0	0.778167	0.0630114	17.1128	2		0	12.0616	43.2357	0	0	0	
2024-06-25 15:54:21	665	1357	1	0	0	3.75	16	0	0	0	16	0	0	2	16	0	0	0	16	0	0	1.515		99.9893	39.6966	0.127442	0	1.27456	0.293261	14.0145	1		0	12.0616	42.9758	0	0	0	
2024-06-25 15:43:09	577	1358	1	0	0	5	21	0	0	0	21	0	0	2	21	0	0	0	21	0	0	2.598		100.002	40.0939	0.0779826	0	0.779811	0.00912878	14.6991	1		0.0088623	12.0616	43.4956	0	0	0	
2024-06-25 15:38:56	544	1359	1	0	0	2	9	0	0	0	9	0	0	1.75	9	0	0	0	9	0	0	0.216		100	40.0641	0.755621	0	7.55618	0.0458253	11.8692	2		0.0088623	12.0616	44.7951	0	0	0	
2024-06-25 15:46:16	601	1360	1	0	0	7	29	0	0	0	29	0	0	0	29	0	0	0	29	0	0	6.061		99.9954	39.99	0.03945	0	0.394518	0.00556981	17.3518	1		0	12.0616	43.2357	0	0	0	
2024-06-25 15:35:42	519	1361	1	0	0	0	1	0	0	0	1	0	0	3	1	0	0	0	1	0	0	2.598		100.008	39.4525	0.0768107	0	0.768049	0.0929019	14.4774	1		0	12.0616	47.0042	0	0	0	
2024-06-25 15:39:46	550	1362	5	0	0	3	13	0	0	0	13	0	0	7	13	0	0	0	13	0	0	3.464		99.9978	41.3969	0.0593178	0	0.59319	0.0778058	14.9085	1		0	12.0616	44.5352	0	0	0	
2024-06-25 15:44:54	591	1363	5	0	0	6	25	0	0	0	25	0	0	7.75	25	0	0	0	25	0	0	1.515		99.9948	40.0963	0.133352	0	1.33359	0.0756189	14.6636	1		0.0088623	12.0616	43.2357	0	0	0	
2024-06-25 15:44:47	590	1364	5	0	0	6	25	0	0	0	25	0	0	6.5	25	0	0	0	25	0	0	0.433		99.9951	40.0764	0.490726	0	4.90751	0.199049	15.4174	1		0	12.0616	43.2357	0	0	0	
2024-06-25 15:48:43	621	1365	1	0	0	7.75	32	0	0	0	32	0	0	0.75	32	0	0	0	32	0	0	6.061		99.9983	39.9809	0.0381156	0	0.381163	0.113765	16.7644	1		0	12.0616	42.9758	0	0	0	
2024-06-25 15:43:56	583	1366	5	0	0	5	21	0	0	0	21	0	0	3.75	21	0	0	0	21	0	0	1.082		99.9973	40.0703	0.172711	0	1.72716	0.0581027	13.5651	1		0	12.0616	43.3657	0	0	0	
2024-06-25 15:39:46	550	1367	1	0	0	3	13	0	0	0	13	0	0	0.5	13	0	0	0	13	0	0	2.165		99.9978	41.3969	0.0882385	0	0.882404	0.214169	13.8608	1		0	12.0616	44.5352	0	0	0	
2024-06-25 15:37:41	534	1368	1	0	0	1	5	0	0	0	5	0	0	1.5	5	0	0	0	5	0	0	0.433		100.004	39.2267	0.435131	0	4.35115	0.112357	13.6695	1		0.0088623	12.0616	45.5748	0	0	0	
2024-06-25 15:56:03	678	1369	1	0	0	2	9	0	0	5.75	9	0	0	3.25	9	0	0	4.5	9	0	0	0.649		99.9967	21.8487	0.135052	0	1.35057	0.0581833	10.6073	2		0	12.0616	42.9758	0	0	0	
2024-06-25 15:41:14	562	1370	1	0	0	4	17	0	0	0	17	0	0	1.75	17	0	0	0	17	0	0	1.948		99.9976	40.0463	0.0946586	0	0.946609	0.320472	13.3824	1		0.0088623	12.0616	44.0154	0	0	0	
2024-06-25 15:51:15	641	1371	1	0	0	2.5	11	0	0	0	11	0	0	3.25	11	0	0	0	11	0	0	0.649		99.9961	40.609	0.281222	0	2.81233	0.260434	13.2528	1		0	12.0616	42.9758	0	0	0	
2024-06-25 15:48:06	616	1372	9	0	0	7.75	32	0	0	0	32	0	0	5.5	32	0	0	0	32	0	0	1.948		99.9938	39.9913	0.10243	0	1.02436	0.158116	14.4816	1		0	12.0616	43.1058	0	0	0	
2024-06-25 15:48:06	616	1373	5	0	0	7.75	32	0	0	0	32	0	0	4.25	32	0	0	0	32	0	0	3.031		99.9938	39.9913	0.0656767	0	0.656807	0.101302	14.4439	1		0	12.0616	43.1058	0	0	0	
2024-06-25 15:45:02	592	1374	1	0	0	6	25	0	0	0	25	0	0	1.5	25	0	0	0	25	0	0	3.897		99.9954	40.0549	0.0615448	0	0.615476	0.464617	17.4022	2		0	12.0616	43.2357	0	0	0	
2024-06-25 15:41:43	566	1375	9	0	0	4	17	0	0	0	17	0	0	5	17	0	0	0	17	0	0	0.866		99.9968	39.9488	0.224225	0	2.24233	0.0668304	14.089	1		0.0088623	12.0616	43.8855	0	0	0	
2024-06-25 15:41:36	565	1376	1	0	0	4	17	0	0	0	17	0	0	3.75	17	0	0	0	17	0	0	0.216		99.9959	39.9252	0.88241	0	8.82446	0.128457	13.8614	1		0.0088623	12.0616	43.8855	0	0	0	
2024-06-25 15:35:28	517	1377	1	0	0	0	1	0	0	0	1	0	0	1.25	1	0	0	0	1	0	0	1.082		100.009	39.4536	0.16163	0	1.61616	0.0360405	12.6933	1		0.0088623	12.0616	47.264	0	0	0	
2024-06-25 15:38:56	544	1378	5	0	0	2	9	0	0	0	9	0	0	5.5	9	0	0	0	9	0	0	3.031		100	40.0641	0.139979	0	1.39979	0.320496	30.783	2		0.0088623	12.0616	44.7951	0	0	0	
2024-06-25 15:38:34	541	1379	9	0	0	2	9	0	0	0	9	0	0	4.25	9	0	0	0	9	0	0	1.948		100.003	40.075	0.097943	0	0.9794	0.327409	13.8459	1		0.0088623	12.0616	45.055	0	0	0	
2024-06-25 15:46:01	599	1380	1	0	0	7	29	0	0	0	29	0	0	3.25	29	0	0	0	29	0	0	3.247		99.9907	39.9901	0.0619611	0	0.619669	0.266133	14.6006	1		0.0088623	12.0616	43.2357	0	0	0	
2024-06-25 15:37:41	534	1381	5	0	0	1	5	0	0	0	5	0	0	2.75	5	0	0	0	5	0	0	1.515		100.004	39.2267	0.116883	0	1.16879	0.114566	12.8515	1		0.0088623	12.0616	45.5748	0	0	0	
2024-06-25 15:34:55	514	1382	9	0	0	0	1	0	0	0	1	0	0	7	1	0	0	0	1	0	0	6.061		100.004	39.4865	0.0386606	0	0.386592	0.0538034	17.0032	2		0.0088623	12.0793	47.7838	0	0	0	
2024-06-25 15:43:48	582	1383	1	0	0	5	21	0	0	0	21	0	0	1.25	21	0	0	0	21	0	0	3.247		99.997	40.0861	0.0724619	0	0.724641	0.906994	17.0739	1		0.0088623	12.0616	43.4956	0	0	0	
2024-06-25 15:38:17	539	1384	1	0	0	2	9	0	0	0	9	0	0	1	9	0	0	0	9	0	0	0.866		100.003	40.0865	0.20026	0	2.00254	0.0841968	12.5823	2		0	12.0616	45.1849	0	0	0	
2024-06-25 15:40:00	552	1385	5	0	0	3	13	0	0	0	13	0	0	7.5	13	0	0	0	13	0	0	3.897		100.005	41.3842	0.0531053	0	0.531024	0.118199	15.0143	1		0.0088623	12.0616	44.2753	0	0	0	
2024-06-25 15:40:08	553	1386	5	0	0	3	13	0	0	0	13	0	0	6.25	13	0	0	0	13	0	0	2.814		100.003	41.3898	0.0778939	0	0.778913	0.116921	15.9057	1		0	12.0616	44.2753	0	0	0	
2024-06-25 15:46:46	605	1387	9	0	0	7	29	0	0	0	29	0	0	7.25	29	0	0	0	29	0	0	0.216		99.9957	39.9695	0.781302	0	7.81336	0.44927	12.2732	1		0	12.0616	43.1058	0	0	0	
2024-06-25 15:37:05	530	1388	5	0	0	1	5	0	0	0	5	0	0	6.75	5	0	0	0	5	0	0	4.979		100.003	39.228	0.0540945	0	0.540927	0.12942	19.5428	2		0	12.0616	45.8346	0	0	0	
2024-06-25 15:44:32	588	1389	5	0	0	6	25	0	0	0	25	0	0	5.75	25	0	0	0	25	0	0	0.216		99.9992	40.0764	0.848685	0	8.48692	0.265212	13.3312	1		0	12.0616	43.3657	0	0	0	
2024-06-25 15:44:18	586	1390	5	0	0	6	25	0	0	0	25	0	0	4.5	25	0	0	0	25	0	0	1.299		99.9991	40.1057	0.149305	0	1.49307	0.512366	14.0718	1		0.0088623	12.0616	43.3657	0	0	0	
2024-06-25 15:48:36	620	1391	1	0	0	7.75	32	0	0	0	32	0	0	0	32	0	0	0	32	0	0	6.711		99.9953	39.966	0.0349109	0	0.349125	0.291716	17.0005	1		0	12.0616	42.9758	0	0	0	
2024-06-25 15:44:10	585	1392	5	0	0	5	21	0	0	0	21	0	0	3	21	0	0	0	21	0	0	1.732		99.9977	40.0788	0.107027	0	1.0703	0.00537966	13.4498	1		0	11.9552	43.3657	0	0	0	
2024-06-25 15:37:34	533	1393	1	0	0	1	5	0	0	0	5	0	0	0.75	5	0	0	0	5	0	0	0.216		100.002	39.2282	0.788488	0	7.88471	0.17796	12.3853	1		0	12.0616	45.5748	0	0	0	
2024-06-25 15:52:52	654	1394	1	0	0	5.75	24	0	0	0	24	0	0	2	24	0	0	0	24	0	0	3.247		99.9913	40.1568	0.0690918	0	0.690978	0.0238839	16.2808	2		0	12.0616	42.9758	0	0	0	
2024-06-25 15:41:21	563	1395	1	0	0	4	17	0	0	0	17	0	0	1	17	0	0	0	17	0	0	2.598		99.9991	40.0828	0.0736883	0	0.73689	0.199713	13.8901	1		0	12.0616	44.0154	0	0	0	
2024-06-25 15:48:57	623	1396	1	0	0	7.75	32	0	0	0	32	0	0	3.5	32	0	0	0	32	0	0	3.68		99.9884	39.9477	0.0534737	0	0.534799	0.0824153	14.281	1		0	12.0616	42.9758	0	0	0	
2024-06-25 15:45:19	594	1397	1	0	0	6	25	0	0	0	25	0	0	0.75	25	0	0	0	25	0	0	4.546		99.9935	40.0604	0.0564748	0	0.564784	0.14502	18.6304	1		0	11.9552	43.2357	0	0	0	
2024-06-25 15:42:19	571	1398	5	0	0	4	17	0	0	0	17	0	0	3	17	0	0	0	17	0	0	0.866		99.9941	39.8996	0.213032	0	2.13045	0.210674	13.386	1		0	12.0616	43.7555	0	0	0	
2024-06-25 15:35:20	516	1399	1	0	0	0	1	0	0	0	1	0	0	0.5	1	0	0	0	1	0	0	0.433		100.005	39.431	0.421695	0	4.21674	0.0888688	13.2473	1		0	12.0616	47.394	0	0	0	
2024-06-25 15:55:12	672	1400	1	0	0	3.5	15	0	0	4.25	15	0	0	2.75	15	0	0	5	15	0	0	0.389		99.9919	20.9778	0.256299	0	2.5632	0.0446902	12.0788	1		0	12.0616	43.1058	0	0	0	
2024-06-25 15:38:48	543	1401	1	0	0	2	9	0	0	0	9	0	0	3.5	9	0	0	0	9	0	0	1.299		100.003	40.0711	0.145216	0	1.45211	0.11048	13.6858	1		0.0088623	12.0616	44.925	0	0	0	
2024-06-25 15:46:30	603	1402	1	0	0	7	29	0	0	0	29	0	0	2.5	29	0	0	0	29	0	0	3.897		99.994	39.9982	0.0568648	0	0.568682	0.359989	16.0791	1		0.0088623	12.0616	43.1058	0	0	0	
2024-06-25 15:47:07	608	1403	1	0	0	7	29	0	0	0	29	0	0	2	29	0	0	0	29	0	0	4.33		99.9959	39.974	0.0502106	0	0.502127	0.126918	15.7748	1		0	12.0616	43.1058	0	0	0	
2024-06-25 15:35:10	515	1404	5	0	0	0	1	0	0	0	1	0	0	7.5	1	0	0	0	1	0	0	6.494		100.003	39.4231	0.0359969	0	0.359959	0.169994	16.9627	2		0.0088623	12.0616	47.7838	0	0	0	
2024-06-25 15:35:49	520	1405	5	0	0	0	1	0	0	0	1	0	0	6.25	1	0	0	0	1	0	0	5.412		100.006	39.448	0.0435918	0	0.435893	0.0101794	17.1175	2		0.0088623	11.9552	46.8742	0	0	0	
2024-06-25 15:42:41	574	1406	1	0	0	5	21	0	0	0	21	0	0	0.5	21	0	0	0	21	0	0	3.897		99.9994	40.1342	0.0606632	0	0.606636	0.361674	17.1522	2		0.0088623	12.0616	43.6256	0	0	0	
2024-06-25 15:53:44	660	1407	1	0	0	1.25	6	0	0	0	6	0	0	0.5	6	0	0	0	6	0	0	0.649		99.9893	39.7658	0.289575	0	2.89606	0.149578	13.6473	1		0.0088623	12.0616	42.9758	0	0	0	
2024-06-25 15:43:09	577	1408	9	0	0	5	21	0	0	0	21	0	0	7	21	0	0	0	21	0	0	1.732		100.002	40.0939	0.112217	0	1.12215	0.0244007	14.1013	1		0.0088623	12.0616	43.4956	0	0	0	
2024-06-25 15:38:34	541	1409	1	0	0	2	9	0	0	0	9	0	0	0.25	9	0	0	0	9	0	0	1.515		100.003	40.075	0.129577	0	1.29573	0.213852	14.2473	1		0.0088623	12.0616	45.055	0	0	0	
2024-06-25 15:41:14	562	1410	9	0	0	4	17	0	0	0	17	0	0	7	17	0	0	0	17	0	0	2.598		99.9976	40.0463	0.0765077	0	0.765095	0.0459496	14.4217	1		0.0088623	12.0616	44.0154	0	0	0	
2024-06-25 15:40:37	557	1411	9	0	0	3	13	0	0	0	13	0	0	5.5	13	0	0	0	13	0	0	2.165		100	41.3646	0.0966294	0	0.966293	0.450027	15.1785	1		0.0088623	12.0616	44.2753	0	0	0	
2024-06-25 15:40:24	555	1412	9	0	0	3	13	0	0	0	13	0	0	4.25	13	0	0	0	13	0	0	1.082		99.999	41.3608	0.169019	0	1.6902	0.0852768	13.2748	1		0.0088623	12.0616	44.2753	0	0	0	
2024-06-25 15:46:09	600	1413	5	0	0	7	29	0	0	0	29	0	0	7.75	29	0	0	0	29	0	0	0.649		99.9919	39.9966	0.325904	0	3.25931	0.294165	15.3591	1		0.0088623	12.0616	43.1058	0	0	0	
2024-06-25 15:46:23	602	1414	5	0	0	7	29	0	0	0	29	0	0	6.5	29	0	0	0	29	0	0	0.433		99.9954	39.9971	0.470331	0	4.70352	0.188299	14.7765	1		0	12.0616	43.1058	0	0	0	
2024-06-25 15:36:51	528	1415	5	0	0	1	5	0	0	0	5	0	0	6	5	0	0	0	5	0	0	4.33		100.002	39.2607	0.0559242	0	0.559231	0.72721	17.5688	1		0.0088623	12.0616	46.0945	0	0	0	
2024-06-25 15:37:26	532	1416	5	0	0	1	5	0	0	0	5	0	0	4.75	5	0	0	0	5	0	0	3.247		100.005	39.255	0.0711147	0	0.711109	0.336322	16.7551	1		0	12.0616	45.7047	0	0	0	
2024-06-25 15:51:30	643	1417	9	0	0	4.75	20	0	0	0	20	0	0	5	20	0	0	0	20	0	0	0.216		99.9961	39.6959	0.801278	0	8.01309	0.318698	12.5869	1		0.0088623	12.0616	42.8459	0	0	0	
2024-06-25 15:44:40	589	1418	5	0	0	6	25	0	0	0	25	0	0	5	25	0	0	0	25	0	0	0.866		99.9952	40.0926	0.224154	0	2.24165	0.760507	14.0847	1		0	12.0616	43.2357	0	0	0	
2024-06-25 15:45:19	594	1419	5	0	0	6	25	0	0	0	25	0	0	3.75	25	0	0	0	25	0	0	1.948		99.9935	40.0604	0.0992219	0	0.992283	0.0869971	14.0281	1		0	11.9552	43.2357	0	0	0	
2024-06-25 15:37:16	531	1420	1	0	0	1	5	0	0	0	5	0	0	0	5	0	0	0	5	0	0	0.866		100.004	39.2182	0.206557	0	2.0655	0.00194699	12.9779	2		0	12.0616	45.8346	0	0	0	
2024-06-25 15:50:22	634	1421	9	0	0	0.75	4	0	0	0	4	0	0	7	4	0	0	0	4	0	0	5.412		99.9945	39.8669	0.0422975	0	0.422999	0.125402	16.6111	1		0.0088623	12.0616	42.9758	0	0	0	
2024-06-25 15:41:58	568	1422	1	0	0	4	17	0	0	0	17	0	0	0.25	17	0	0	0	17	0	0	3.247		99.9987	39.9239	0.0601421	0	0.601429	0.0260048	14.1708	1		0	12.0616	43.7555	0	0	0	
2024-06-25 15:48:50	622	1423	1	0	0	7.75	32	0	0	0	32	0	0	2.75	32	0	0	0	32	0	0	4.33		99.9942	39.9937	0.0479353	0	0.479381	0.00604438	15.0602	1		0	12.0616	42.9758	0	0	0	
2024-06-25 15:45:26	595	1424	1	0	0	6	25	0	0	0	25	0	0	0	25	0	0	0	25	0	0	5.195		99.9932	40.0726	0.0565597	0	0.565635	0.300113	21.3239	1		0.0088623	12.0616	43.2357	0	0	0	
2024-06-25 15:39:21	547	1425	1	0	0	2	9	0	0	0	9	0	0	2.75	9	0	0	0	9	0	0	0.649		100	40.0554	0.294872	0	2.94871	0.185684	13.8955	1		0.0088623	12.0616	44.6651	0	0	0	
2024-06-25 15:47:00	607	1426	5	0	0	7	29	0	0	0	29	0	0	1.25	29	0	0	0	29	0	0	4.979		99.9912	39.9603	0.0479906	0	0.479948	0.125159	17.3397	1		0	12.0616	43.1058	0	0	0	
2024-06-25 15:35:20	516	1427	9	0	0	0	1	0	0	0	1	0	0	5.5	1	0	0	0	1	0	0	4.762		100.005	39.431	0.066966	0	0.669628	0.0338188	23.1407	1		0	12.0616	47.394	0	0	0	
2024-06-25 15:35:28	517	1428	5	0	0	0	1	0	0	0	1	0	0	4.25	1	0	0	0	1	0	0	3.68		100.009	39.4536	0.0562929	0	0.562881	0.140784	15.0309	1		0.0088623	12.0616	47.264	0	0	0	
