Time	MeasID	DPID	Channel	A(x)	A(y)	A(z)	A(adr)	B(x)	B(y)	B(z)	B(adr)	M(x)	M(y)	M(z)	M(adr)	N(x)	N(y)	N(z)	N(adr)	F(x)	F(y)	F(z)	Note	I(mA)	Uout(V)	U(V)	SP(V)	R(Ohm)	Var(%)	Rho-a(Ohm-m)	Cycles	IP Delay Window(mV/V)	Pint(V)	Pext(V)	T int(deg C)	T log(deg C)	Latitude	Longitude
2024-06-25 13:48:25	454	759	1	0	0	7.75	32	0	0	0	32	0	0	2	32	0	0	0	32	0	0	4.979		99.9881	39.9433	0.0424113	0	0.424163	0.0728249	15.3243	1		0.0088623	11.9552	42.4561	0	0	0	
2024-06-25 13:43:25	416	760	5	0	0	5	21	0	0	0	21	0	0	7.5	21	0	0	0	21	0	0	2.165		99.9833	40.0453	0.0901058	0	0.901208	0.00618969	14.1561	2		0.0088623	11.9552	42.9758	0	0	0	
2024-06-25 13:42:45	411	761	5	0	0	5	21	0	0	0	21	0	0	6.25	21	0	0	0	21	0	0	1.082		99.9886	40.1151	0.182898	0	1.82918	0.0482715	14.3664	1		0	12.0616	42.9758	0	0	0	
2024-06-25 13:41:04	397	762	1	0	0	3	13	0	0	0	13	0	0	1.75	13	0	0	0	13	0	0	1.082		99.9897	41.3009	0.167112	0	1.67129	0.045341	13.1263	1		0	12.0616	43.4956	0	0	0	
2024-06-25 13:47:41	448	763	5	0	0	7.75	32	0	0	0	32	0	0	6.75	32	0	0	0	32	0	0	0.866		99.9863	39.9652	0.235467	0	2.355	0.0801749	14.7969	1		0	12.0616	42.4561	0	0	0	
2024-06-25 13:53:45	496	764	1	0	0	3.25	14	0	0	0	14	0	0	2.5	14	0	0	0	14	0	0	0.649		99.9863	40.7117	0.277663	0	2.77701	0.241479	13.0864	1		0	12.0616	42.4561	0	0	0	
2024-06-25 13:41:33	401	765	9	0	0	4	17	0	0	0	17	0	0	7.5	17	0	0	0	17	0	0	3.031		99.9863	39.933	0.0659232	0	0.659322	0.0123464	14.4993	1		0.0088623	12.0616	43.3657	0	0	0	
2024-06-25 13:41:11	398	766	5	0	0	4	17	0	0	0	17	0	0	6.25	17	0	0	0	17	0	0	1.948		99.9915	39.9989	0.100353	0	1.00362	0.29842	14.1883	1		0.0088623	12.0616	43.4956	0	0	0	
2024-06-25 13:39:42	386	767	1	0	0	3	13	0	0	0	13	0	0	3.5	13	0	0	0	13	0	0	0.433		99.9889	41.3989	0.432958	0	4.33006	0.392034	13.6033	1		0	12.0616	44.0154	0	0	0	
2024-06-25 13:38:10	374	768	5	0	0	2	9	0	0	0	9	0	0	6.75	9	0	0	0	9	0	0	4.113		99.9958	40.2536	0.0529485	0	0.529507	0.28191	15.8032	1		0	12.0616	44.7951	0	0	0	
2024-06-25 13:46:33	439	769	9	0	0	7	29	0	0	0	29	0	0	5.75	29	0	0	0	29	0	0	1.082		99.9836	40.0011	0.181278	0	1.81307	0.0987146	14.2399	1		0.0088623	12.0616	42.586	0	0	0	
2024-06-25 13:46:48	441	770	5	0	0	7	29	0	0	0	29	0	0	4.5	29	0	0	0	29	0	0	2.165		99.9882	40.0039	0.0905164	0	0.905271	0.207205	14.22	1		0	12.0616	42.586	0	0	0	
2024-06-25 13:37:25	368	771	9	0	0	1	5	0	0	0	5	0	0	5.25	5	0	0	0	5	0	0	3.68		99.9992	39.224	0.0634203	0	0.634208	0.361356	16.9356	1		0	12.0616	45.1849	0	0	0	
2024-06-25 13:37:11	366	772	5	0	0	1	5	0	0	0	5	0	0	4	5	0	0	0	5	0	0	2.598		99.9982	39.2188	0.0728638	0	0.728651	0.0349916	13.7347	1		0.0088623	12.0616	45.3149	0	0	0	
2024-06-25 13:52:09	484	773	1	0	0	4.75	20	0	0	0	20	0	0	3	20	0	0	0	20	0	0	1.515		99.9847	39.6371	0.122782	0	1.22801	0.341504	13.5026	1		0	12.0616	42.4561	0	0	0	
2024-06-25 13:44:39	425	774	1	0	0	6	25	0	0	0	25	0	0	3	25	0	0	0	25	0	0	2.598		99.9801	40.0372	0.0798224	0	0.798383	0.114135	15.0492	1		0	12.0616	42.7159	0	0	0	
2024-06-25 13:39:10	382	775	5	0	0	2	9	0	0	0	9	0	0	2.25	9	0	0	0	9	0	0	0.216		99.9911	40.2034	0.763654	0	7.63723	0.104442	11.9965	1		0	12.0616	44.2753	0	0	0	
2024-06-25 13:46:18	437	776	1	0	0	7	29	0	0	0	29	0	0	0.5	29	0	0	0	29	0	0	5.628		99.9837	39.9903	0.0429495	0	0.429565	0.00173083	17.5437	1		0.0088623	12.0616	42.586	0	0	0	
2024-06-25 13:36:09	359	777	5	0	0	0	1	0	0	0	1	0	0	3.5	1	0	0	0	1	0	0	3.031		99.9989	39.4261	0.0746319	0	0.746328	0.3334	16.4126	2		0.0088623	12.0616	46.0945	0	0	0	
2024-06-25 13:53:38	495	778	1	0	0	1.75	8	0	0	0	8	0	0	0	8	0	0	0	8	0	0	1.515		99.9862	40.2501	0.119549	0	1.19565	0.0600118	13.1469	1		0	12.0616	42.4561	0	0	0	
2024-06-25 13:44:39	425	779	9	0	0	6	25	0	0	0	25	0	0	7	25	0	0	0	25	0	0	0.866		99.9801	40.0372	0.234627	0	2.34674	0.130917	14.745	1		0	12.0616	42.7159	0	0	0	
2024-06-25 13:52:54	489	780	1	0	0	6.5	27	0	0	0	27	0	0	1.25	27	0	0	0	27	0	0	4.546		99.9879	39.7849	0.0555373	0	0.55544	0.683053	18.3221	1		0	12.0616	42.4561	0	0	0	
2024-06-25 13:48:18	453	781	1	0	0	7.75	32	0	0	0	32	0	0	1.25	32	0	0	0	32	0	0	5.628		99.9873	39.9406	0.0397703	0	0.397753	0.190777	16.2445	1		0.0088623	12.0616	42.4561	0	0	0	
2024-06-25 13:42:53	412	782	9	0	0	5	21	0	0	0	21	0	0	5.5	21	0	0	0	21	0	0	0.433		99.9857	40.1074	0.456324	0	4.56389	0.230324	14.3379	1		0.0088623	12.0616	43.1058	0	0	0	
2024-06-25 13:42:53	412	783	5	0	0	5	21	0	0	0	21	0	0	4.25	21	0	0	0	21	0	0	0.649		99.9857	40.1074	0.297132	0	2.97175	0.174092	14.004	1		0.0088623	12.0616	43.1058	0	0	0	
2024-06-25 13:41:04	397	784	5	0	0	3	13	0	0	0	13	0	0	1	13	0	0	0	13	0	0	1.732		99.9897	41.3009	0.107026	0	1.07037	0.224193	13.4507	1		0	12.0616	43.4956	0	0	0	
2024-06-25 13:37:54	372	785	1	0	0	1	5	0	0	0	5	0	0	2	5	0	0	0	5	0	0	0.866		99.9998	39.2328	0.199878	0	1.99878	0.0896477	12.5587	1		0	12.0616	44.7951	0	0	0	
2024-06-25 13:49:40	464	786	9	0	0	1.75	8	0	0	0	8	0	0	6	8	0	0	0	8	0	0	3.68		99.9881	40.2642	0.0632846	0	0.632922	0.754374	16.9012	1		0	12.0616	42.4561	0	0	0	
2024-06-25 13:42:24	408	787	5	0	0	4	17	0	0	0	17	0	0	2.25	17	0	0	0	17	0	0	1.515		99.9884	39.8374	0.117606	0	1.1762	0.14395	12.933	1		0.0088623	11.9552	43.1058	0	0	0	
2024-06-25 13:48:04	451	788	5	0	0	7.75	32	0	0	0	32	0	0	6	32	0	0	0	32	0	0	1.515		99.9906	39.9426	0.130261	0	1.30273	0.00169106	14.3242	1		0	12.0616	42.4561	0	0	0	
2024-06-25 13:47:24	446	789	9	0	0	7.75	32	0	0	0	32	0	0	4.75	32	0	0	0	32	0	0	2.598		99.9864	39.9673	0.0753529	0	0.753631	0.332932	14.2056	1		0.0088623	11.9552	42.586	0	0	0	
2024-06-25 13:45:28	431	790	1	0	0	6	25	0	0	0	25	0	0	2	25	0	0	0	25	0	0	3.464		99.9831	40.0267	0.0689939	0	0.690056	0.0381914	17.343	2		0	12.0616	42.7159	0	0	0	
2024-06-25 13:41:55	404	791	5	0	0	4	17	0	0	0	17	0	0	5.5	17	0	0	0	17	0	0	1.299		99.9861	39.851	0.149682	0	1.49703	0.121075	14.1092	1		0.0088623	12.0616	43.2357	0	0	0	
2024-06-25 13:41:26	400	792	9	0	0	4	17	0	0	0	17	0	0	4.25	17	0	0	0	17	0	0	0.216		99.9863	39.9308	0.893291	0	8.93414	0.0855538	14.0337	1		0.0088623	12.0616	43.3657	0	0	0	
2024-06-25 13:35:48	356	793	1	0	0	0	1	0	0	0	1	0	0	1.75	1	0	0	0	1	0	0	1.515		99.9979	39.4368	0.11787	0	1.17872	0.0547399	12.9607	1		0	12.0616	46.3544	0	0	0	
2024-06-25 13:54:42	504	794	1	0	0	3.75	16	0	0	4	16	0	0	3.5	16	0	0	4.25	16	0	0	0.13		99.9895	20.1871	0.629087	0	6.29153	0.0696236	9.88271	1		0	12.0616	42.4561	0	0	0	
2024-06-25 13:40:43	394	795	1	0	0	3	13	0	0	0	13	0	0	2.75	13	0	0	0	13	0	0	0.216		99.992	41.3223	0.748598	0	7.48658	0.147273	11.7599	1		0	12.0616	43.6256	0	0	0	
2024-06-25 13:38:33	377	796	9	0	0	2	9	0	0	0	9	0	0	6	9	0	0	0	9	0	0	3.464		99.9917	40.2154	0.067941	0	0.679467	0.103277	17.0769	1		0	12.0616	44.5352	0	0	0	
2024-06-25 13:39:03	381	797	5	0	0	2	9	0	0	0	9	0	0	4.75	9	0	0	0	9	0	0	2.381		99.9922	40.206	0.0824051	0	0.824115	0.00516198	14.2397	1		0.0088623	12.0616	44.2753	0	0	0	
2024-06-25 13:45:53	434	798	5	0	0	7	29	0	0	0	29	0	0	5	29	0	0	0	29	0	0	1.732		99.9851	39.9994	0.110672	0	1.10688	0.534834	13.9095	1		0.0088623	12.0616	42.586	0	0	0	
2024-06-25 13:47:10	444	799	1	0	0	7	29	0	0	0	29	0	0	3.75	29	0	0	0	29	0	0	2.814		99.9889	39.999	0.0708248	0	0.708326	0.0936199	14.4643	1		0.0088623	12.0616	42.586	0	0	0	
2024-06-25 13:37:19	367	800	1	0	0	1	5	0	0	0	5	0	0	3.25	5	0	0	0	5	0	0	1.948		100.001	39.225	0.0935569	0	0.935563	0.125855	13.2262	1		0	12.0616	45.1849	0	0	0	
2024-06-25 13:49:16	461	801	9	0	0	2.75	12	0	0	0	12	0	0	5	12	0	0	0	12	0	0	1.948		99.9872	40.7991	0.0943157	0	0.943278	0.014198	13.3353	1		0	12.0616	42.4561	0	0	0	
2024-06-25 13:43:07	414	802	1	0	0	5	21	0	0	0	21	0	0	1.75	21	0	0	0	21	0	0	2.814		99.9873	40.0894	0.0768382	0	0.768479	0.928334	15.6926	1		0.0088623	12.0616	42.9758	0	0	0	
2024-06-25 13:38:41	378	803	1	0	0	2	9	0	0	0	9	0	0	1.5	9	0	0	0	9	0	0	0.433		99.99	40.2223	0.417254	0	4.17295	0.101494	13.1097	1		0.0088623	12.0616	44.4052	0	0	0	
2024-06-25 13:35:31	354	804	1	0	0	0	1	0	0	0	1	0	0	2.75	1	0	0	0	1	0	0	2.381		99.9991	39.4354	0.149884	0	1.49885	0.175115	25.8983	2		0.0088623	12.0616	46.7443	0	0	0	
2024-06-25 13:49:08	460	805	9	0	0	3.25	14	0	0	0	14	0	0	4.5	14	0	0	0	14	0	0	1.082		99.9921	40.7252	0.168085	0	1.68099	0.132285	13.2024	1		0.0088623	12.0616	42.4561	0	0	0	
2024-06-25 13:40:25	392	806	9	0	0	3	13	0	0	0	13	0	0	6.75	13	0	0	0	13	0	0	3.247		99.9897	41.3609	0.0661711	0	0.66178	0.304226	15.5928	2		0.0088623	12.0616	43.7555	0	0	0	
2024-06-25 13:36:54	364	807	5	0	0	1	5	0	0	0	5	0	0	7.25	5	0	0	0	5	0	0	5.412		99.9984	39.227	0.0633434	0	0.633444	0.388648	24.8753	2		0.0088623	12.0616	45.5748	0	0	0	
2024-06-25 13:44:53	427	808	5	0	0	6	25	0	0	0	25	0	0	7.5	25	0	0	0	25	0	0	1.299		99.9829	40.0194	0.150858	0	1.50884	0.0560773	14.2205	2		0	12.0616	42.7159	0	0	0	
2024-06-25 13:44:21	423	809	5	0	0	6	25	0	0	0	25	0	0	6.25	25	0	0	0	25	0	0	0.216		99.9819	40.0357	0.858275	0	8.5843	0.270266	13.4842	1		0.0088623	12.0616	42.8459	0	0	0	
2024-06-25 13:47:24	446	810	1	0	0	7.75	32	0	0	0	32	0	0	0.5	32	0	0	0	32	0	0	6.278		99.9864	39.9673	0.0365766	0	0.365816	0.0849298	16.6641	1		0.0088623	11.9552	42.586	0	0	0	
2024-06-25 13:43:57	420	811	1	0	0	5	21	0	0	0	21	0	0	3.5	21	0	0	0	21	0	0	1.299		99.9819	40.0677	0.139303	0	1.39328	0.00127241	13.1314	1		0	12.0616	42.8459	0	0	0	
2024-06-25 13:40:50	395	812	1	0	0	3	13	0	0	0	13	0	0	0.25	13	0	0	0	13	0	0	2.381		99.9897	41.2949	0.0776192	0	0.776272	0.0829829	13.413	1		0	12.0616	43.6256	0	0	0	
2024-06-25 13:36:36	362	813	1	0	0	1	5	0	0	0	5	0	0	1.25	5	0	0	0	5	0	0	0.216		100	39.2385	0.772672	0	7.72669	0.021155	12.1371	2		0	12.0616	45.7047	0	0	0	
2024-06-25 13:42:10	406	814	1	0	0	4	17	0	0	0	17	0	0	1.5	17	0	0	0	17	0	0	2.165		99.9886	39.8457	0.0844265	0	0.844361	0.0928768	13.2632	1		0	12.0616	43.2357	0	0	0	
2024-06-25 13:49:47	465	815	9	0	0	1.5	7	0	0	0	7	0	0	6.25	7	0	0	0	7	0	0	4.113		99.9826	39.2824	0.0658832	0	0.658947	0.580203	19.6664	2		0.0088623	12.0616	42.4561	0	0	0	
2024-06-25 13:48:18	453	816	5	0	0	7.75	32	0	0	0	32	0	0	5.25	32	0	0	0	32	0	0	2.165		99.9873	39.9406	0.0893223	0	0.893337	0.0012042	14.0325	1		0.0088623	12.0616	42.4561	0	0	0	
2024-06-25 13:47:57	450	817	9	0	0	7.75	32	0	0	0	32	0	0	4	32	0	0	0	32	0	0	3.247		99.987	39.9495	0.0604456	0	0.604534	0.0768893	14.244	1		0.0088623	12.0616	42.586	0	0	0	
2024-06-25 13:45:21	430	818	5	0	0	6	25	0	0	0	25	0	0	1.25	25	0	0	0	25	0	0	4.113		99.9845	40.0507	0.0611617	0	0.611712	0.735322	18.2566	1		0	12.0616	42.7159	0	0	0	
2024-06-25 13:41:40	402	819	1	0	0	4	17	0	0	0	17	0	0	3.5	17	0	0	0	17	0	0	0.433		99.9869	39.9144	0.467676	0	4.67738	0.0989521	14.6944	1		0.0088623	12.0616	43.3657	0	0	0	
2024-06-25 13:36:02	358	820	5	0	0	0	1	0	0	0	1	0	0	1	1	0	0	0	1	0	0	0.866		99.9997	39.4455	0.205641	0	2.05642	0.0724732	12.9208	1		0	12.0616	46.2245	0	0	0	
2024-06-25 13:38:33	377	821	5	0	0	2	9	0	0	0	9	0	0	5.25	9	0	0	0	9	0	0	2.814		99.9917	40.2154	0.0832342	0	0.832411	0.805084	16.9981	1		0	12.0616	44.5352	0	0	0	
2024-06-25 13:38:41	378	822	9	0	0	2	9	0	0	0	9	0	0	4	9	0	0	0	9	0	0	1.732		99.99	40.2223	0.105442	0	1.05453	0.160478	13.2516	1		0.0088623	12.0616	44.4052	0	0	0	
2024-06-25 13:53:52	497	823	1	0	0	3.5	15	0	0	0	15	0	0	2.25	15	0	0	0	15	0	0	1.082		99.9883	39.6066	0.164145	0	1.64164	0.137781	12.8934	1		0	12.0616	42.1962	0	0	0	
2024-06-25 13:46:56	442	824	5	0	0	7	29	0	0	0	29	0	0	3	29	0	0	0	29	0	0	3.464		99.9872	39.9897	0.0593642	0	0.593718	0.0322461	14.9218	1		0.0088623	12.0616	42.586	0	0	0	
2024-06-25 13:37:33	369	825	1	0	0	1	5	0	0	0	5	0	0	2.5	5	0	0	0	5	0	0	1.299		99.998	39.2362	0.141731	0	1.41734	0.114414	13.3581	1		0	12.0616	45.055	0	0	0	
2024-06-25 13:35:15	352	826	9	0	0	0	1	0	0	0	1	0	0	6.75	1	0	0	0	1	0	0	5.845		99.9968	39.4575	0.039993	0	0.399943	0.440991	16.9622	1		0	12.0616	47.0042	0	0	0	
2024-06-25 13:50:51	473	827	1	0	0	2.75	12	0	0	0	12	0	0	3	12	0	0	0	12	0	0	0.216		99.9849	40.7234	0.750894	0	7.51008	0.0934939	11.7968	1		0	12.0616	42.4561	0	0	0	
2024-06-25 13:43:49	419	828	1	0	0	5	21	0	0	0	21	0	0	1	21	0	0	0	21	0	0	3.464		99.9855	40.0491	0.0652895	0	0.65299	0.415069	16.4114	1		0.0088623	12.0616	42.8459	0	0	0	
2024-06-25 13:56:00	513	829	1	0	0	0.5	3	0	0	7.25	3	0	0	2.75	3	0	0	5	3	0	0	1.168		99.9882	21.5697	0.0699686	0	0.699768	0.135234	9.89274	2		0.0088623	11.973	42.586	0	0	0	
2024-06-25 13:51:34	479	830	9	0	0	6.75	28	0	0	0	28	0	0	7	28	0	0	0	28	0	0	0.216		99.9871	39.6535	0.832436	0	8.32544	0.341244	13.0776	1		0	12.0616	42.4561	0	0	0	
2024-06-25 13:39:17	383	831	1	0	0	2	9	0	0	0	9	0	0	0.75	9	0	0	0	9	0	0	1.082		99.9925	40.1943	0.160818	0	1.6083	0.132061	12.6315	1		0	12.0616	44.1454	0	0	0	
2024-06-25 13:40:18	391	832	9	0	0	3	13	0	0	0	13	0	0	6	13	0	0	0	13	0	0	2.598		99.9925	41.3702	0.0782138	0	0.782197	0.138919	14.7441	1		0.0088623	11.9552	43.7555	0	0	0	
2024-06-25 13:40:11	390	833	9	0	0	3	13	0	0	0	13	0	0	4.75	13	0	0	0	13	0	0	1.515		99.991	41.3693	0.122588	0	1.22599	0.100482	13.4804	1		0	12.0616	43.7555	0	0	0	
2024-06-25 13:37:19	367	834	9	0	0	1	5	0	0	0	5	0	0	7.75	5	0	0	0	5	0	0	5.845		100.001	39.225	0.0389776	0	0.389774	0.271933	16.5309	1		0	12.0616	45.1849	0	0	0	
2024-06-25 13:36:36	362	835	5	0	0	1	5	0	0	0	5	0	0	6.5	5	0	0	0	5	0	0	4.762		100	39.2385	0.0522326	0	0.522323	0.0229077	18.0502	2		0	12.0616	45.7047	0	0	0	
2024-06-25 13:45:03	428	836	9	0	0	6	25	0	0	0	25	0	0	5.5	25	0	0	0	25	0	0	0.433		99.9816	40.011	0.471852	0	4.71939	0.0120979	14.8264	2		0	12.0616	42.7159	0	0	0	
2024-06-25 13:44:29	424	837	5	0	0	6	25	0	0	0	25	0	0	4.25	25	0	0	0	25	0	0	1.515		99.9816	40.0306	0.12838	0	1.28404	0.0678345	14.1187	2		0.0088623	12.0616	42.7159	0	0	0	
2024-06-25 13:42:45	411	838	1	0	0	5	21	0	0	0	21	0	0	2.75	21	0	0	0	21	0	0	1.948		99.9886	40.1151	0.0944969	0	0.945076	0.0316707	13.3607	1		0	12.0616	42.9758	0	0	0	
2024-06-25 13:37:11	366	839	1	0	0	1	5	0	0	0	5	0	0	0.5	5	0	0	0	5	0	0	0.433		99.9982	39.2188	0.438856	0	4.38863	0.201351	13.7873	1		0.0088623	12.0616	45.3149	0	0	0	
2024-06-25 13:41:26	400	840	1	0	0	4	17	0	0	0	17	0	0	0.75	17	0	0	0	17	0	0	2.814		99.9863	39.9308	0.0707786	0	0.707883	0.124127	14.4552	1		0.0088623	12.0616	43.3657	0	0	0	
2024-06-25 13:48:25	454	841	5	0	0	7.75	32	0	0	0	32	0	0	3.25	32	0	0	0	32	0	0	3.897		99.9881	39.9433	0.0510905	0	0.510966	0.0118456	14.4472	1		0.0088623	11.9552	42.4561	0	0	0	
2024-06-25 13:55:11	508	842	1	0	0	2.75	12	0	0	5	12	0	0	0.5	12	0	0	7.25	12	0	0	1.168		99.9851	22.3977	0.0698787	0	0.698891	0.182178	9.88034	1		0.0088623	12.0616	42.586	0	0	0	
2024-06-25 13:49:57	466	843	9	0	0	1.25	6	0	0	0	6	0	0	6.5	6	0	0	0	6	0	0	4.546		99.9808	39.923	0.0525521	0	0.525622	0.797368	17.3385	1		0	12.0616	42.4561	0	0	0	
2024-06-25 13:45:03	428	844	1	0	0	6	25	0	0	0	25	0	0	0.5	25	0	0	0	25	0	0	4.762		99.9816	40.011	0.0548839	0	0.54894	0.103617	18.97	2		0	12.0616	42.7159	0	0	0	
2024-06-25 13:41:33	401	845	1	0	0	4	17	0	0	0	17	0	0	2.75	17	0	0	0	17	0	0	1.082		99.9863	39.933	0.16532	0	1.65343	0.112485	12.986	1		0.0088623	12.0616	43.3657	0	0	0	
2024-06-25 13:36:19	360	846	5	0	0	0	1	0	0	0	1	0	0	0.25	1	0	0	0	1	0	0	0.216		100.001	39.4207	0.769888	0	7.69878	0.0584124	12.0932	1		0.0088623	12.0616	45.9646	0	0	0	
2024-06-25 13:38:33	377	847	1	0	0	2	9	0	0	0	9	0	0	3.25	9	0	0	0	9	0	0	1.082		99.9917	40.2154	0.16475	0	1.64764	0.0851778	12.9405	1		0	12.0616	44.5352	0	0	0	
2024-06-25 13:47:17	445	848	1	0	0	7	29	0	0	0	29	0	0	1.75	29	0	0	0	29	0	0	4.546		99.9838	40.0023	0.0508097	0	0.508179	0.335588	16.7632	1		0.0088623	12.0616	42.586	0	0	0	
2024-06-25 13:35:41	355	849	5	0	0	0	1	0	0	0	1	0	0	6	1	0	0	0	1	0	0	5.195		99.9981	39.4352	0.0542254	0	0.542264	0.100253	20.4429	1		0	12.0616	46.4844	0	0	0	
2024-06-25 13:35:22	353	850	5	0	0	0	1	0	0	0	1	0	0	4.75	1	0	0	0	1	0	0	4.113		99.9978	39.4476	0.0521346	0	0.521357	0.33264	15.56	1		0.0088623	12.0616	46.6143	0	0	0	
2024-06-25 13:53:09	491	851	1	0	0	7.25	30	0	0	0	30	0	0	0.5	30	0	0	0	30	0	0	5.845		99.9863	39.9833	0.0537921	0	0.537994	0.767655	22.8171	1		0.0088623	12.0616	42.4561	0	0	0	
2024-06-25 13:43:42	418	852	1	0	0	5	21	0	0	0	21	0	0	0.25	21	0	0	0	21	0	0	4.113		99.9845	40.042	0.0511273	0	0.511353	0.188645	15.2614	1		0	12.0616	42.9758	0	0	0	
2024-06-25 13:43:01	413	853	5	0	0	5	21	0	0	0	21	0	0	6.75	21	0	0	0	21	0	0	1.515		99.9884	40.0869	0.133787	0	1.33802	0.645521	14.7123	1		0	12.0616	43.1058	0	0	0	
2024-06-25 13:40:04	389	854	1	0	0	3	13	0	0	0	13	0	0	2.25	13	0	0	0	13	0	0	0.649		99.9893	41.3549	0.278379	0	2.78408	0.168459	13.1197	1		0	12.0616	43.8855	0	0	0	
2024-06-25 13:39:25	384	855	5	0	0	2	9	0	0	0	9	0	0	0	9	0	0	0	9	0	0	1.732		99.9913	40.2002	0.163366	0	1.6338	0.280442	20.531	2		0.0088623	12.0616	44.1454	0	0	0	
2024-06-25 13:51:41	480	856	9	0	0	6.5	27	0	0	0	27	0	0	7.25	27	0	0	0	27	0	0	0.649		99.986	39.7873	0.315923	0	3.15967	0.156605	14.8896	1		0	12.0439	42.4561	0	0	0	
2024-06-25 13:47:24	446	857	5	0	0	7.75	32	0	0	0	32	0	0	7.25	32	0	0	0	32	0	0	0.433		99.9864	39.9673	0.469155	0	4.69219	0.604238	14.7409	1		0.0088623	11.9552	42.586	0	0	0	
2024-06-25 13:53:16	492	858	1	0	0	7.5	31	0	0	0	31	0	0	0.25	31	0	0	0	31	0	0	6.278		99.9871	39.734	0.0357535	0	0.357581	0.386927	16.2889	1		0.0088623	12.0616	42.1962	0	0	0	
2024-06-25 13:50:29	470	859	1	0	0	0.75	4	0	0	0	4	0	0	1	4	0	0	0	4	0	0	0.216		99.9845	39.8909	0.783235	0	7.83357	0.063941	12.3049	1		0	12.0616	42.4561	0	0	0	
2024-06-25 13:52:24	486	860	1	0	0	5.5	23	0	0	0	23	0	0	2.25	23	0	0	0	23	0	0	2.814		99.988	39.5085	0.0904621	0	0.904729	0.15074	18.4749	2		0	12.0616	42.4561	0	0	0	
2024-06-25 13:41:19	399	861	9	0	0	4	17	0	0	0	17	0	0	6.75	17	0	0	0	17	0	0	2.381		99.9915	40.0004	0.0834838	0	0.834909	0.00619851	14.4262	1		0	12.0616	43.4956	0	0	0	
2024-06-25 13:40:11	390	862	5	0	0	3	13	0	0	0	13	0	0	5.25	13	0	0	0	13	0	0	1.948		99.991	41.3693	0.0996391	0	0.99648	0.0531495	14.0874	1		0	12.0616	43.7555	0	0	0	
2024-06-25 13:39:42	386	863	9	0	0	3	13	0	0	0	13	0	0	4	13	0	0	0	13	0	0	0.866		99.9889	41.3989	0.213924	0	2.13947	0.273375	13.4427	1		0	12.0616	44.0154	0	0	0	
2024-06-25 13:38:55	380	864	5	0	0	2	9	0	0	0	9	0	0	7.25	9	0	0	0	9	0	0	4.546		99.9886	40.2361	0.0542962	0	0.543024	0.0881291	17.9126	1		0	12.0616	44.2753	0	0	0	
2024-06-25 13:46:40	440	865	5	0	0	7	29	0	0	0	29	0	0	7.5	29	0	0	0	29	0	0	0.433		99.9867	40.0047	0.45337	0	4.53431	0.16687	14.2449	1		0	12.0616	42.586	0	0	0	
2024-06-25 13:45:53	434	866	9	0	0	7	29	0	0	0	29	0	0	6.25	29	0	0	0	29	0	0	0.649		99.9851	39.9994	0.310482	0	3.10529	0.809402	14.6333	1		0.0088623	12.0616	42.586	0	0	0	
2024-06-25 13:37:19	367	867	5	0	0	1	5	0	0	0	5	0	0	5.75	5	0	0	0	5	0	0	4.113		100.001	39.225	0.052149	0	0.521486	0.127911	15.5638	1		0	12.0616	45.1849	0	0	0	
2024-06-25 13:37:25	368	868	5	0	0	1	5	0	0	0	5	0	0	4.5	5	0	0	0	5	0	0	3.031		99.9992	39.224	0.0719589	0	0.719595	0.284295	15.8247	1		0	12.0616	45.1849	0	0	0	
2024-06-25 13:45:38	432	869	1	0	0	6	25	0	0	0	25	0	0	3.5	25	0	0	0	25	0	0	2.165		99.9848	40.0397	0.0871745	0	0.871878	0.001663	13.6954	1		0	12.0616	42.586	0	0	0	
2024-06-25 13:42:31	409	870	1	0	0	4	17	0	0	0	17	0	0	0	17	0	0	0	17	0	0	3.464		99.9875	39.8334	0.0629928	0	0.630007	0.0817393	15.8338	1		0	12.0616	43.1058	0	0	0	
2024-06-25 13:48:39	456	871	1	0	0	7.75	32	0	0	0	32	0	0	2.5	32	0	0	0	32	0	0	4.546		99.9844	39.9548	0.047193	0	0.472004	0.406231	15.5699	1		0.0088623	12.0616	42.586	0	0	0	
2024-06-25 13:38:27	376	872	1	0	0	2	9	0	0	0	9	0	0	2.5	9	0	0	0	9	0	0	0.433		99.9937	40.2114	0.411969	0	4.11995	0.132796	12.9432	1		0	12.0616	44.5352	0	0	0	
2024-06-25 13:46:26	438	873	1	0	0	7	29	0	0	0	29	0	0	1	29	0	0	0	29	0	0	5.195		99.9872	40.0108	0.046165	0	0.461709	0.252356	17.406	1		0	12.0439	42.586	0	0	0	
2024-06-25 13:35:31	354	874	5	0	0	0	1	0	0	0	1	0	0	5.25	1	0	0	0	1	0	0	4.546		99.9991	39.4354	0.0502122	0	0.502126	0.0307369	16.5635	2		0.0088623	12.0616	46.7443	0	0	0	
2024-06-25 13:35:09	351	875	5	0	0	0	1	0	0	0	1	0	0	4	1	0	0	0	1	0	0	3.464		99.9987	39.4685	0.0623137	0	0.623146	0.301912	15.6614	1		0.0088623	12.0616	47.264	0	0	0	
2024-06-25 13:48:32	455	876	5	0	0	7.75	32	0	0	0	32	0	0	1.75	32	0	0	0	32	0	0	5.195		99.9864	39.9404	0.0423602	0	0.42366	0.404625	15.9716	1		0	12.0616	42.4561	0	0	0	
2024-06-25 13:43:25	416	877	9	0	0	5	21	0	0	0	21	0	0	6	21	0	0	0	21	0	0	0.866		99.9833	40.0453	0.225376	0	2.25414	0.00585875	14.1632	2		0.0088623	11.9552	42.9758	0	0	0	
2024-06-25 13:43:35	417	878	5	0	0	5	21	0	0	0	21	0	0	4.75	21	0	0	0	21	0	0	0.216		99.9873	40.0409	0.79093	0	7.91031	0.131551	12.4255	1		0	12.0616	42.9758	0	0	0	
2024-06-25 13:40:18	391	879	1	0	0	3	13	0	0	0	13	0	0	1.5	13	0	0	0	13	0	0	1.299		99.9925	41.3702	0.13625	0	1.3626	0.00498343	12.8422	1		0.0088623	11.9552	43.7555	0	0	0	
2024-06-25 13:47:49	449	880	9	0	0	7.75	32	0	0	0	32	0	0	6.5	32	0	0	0	32	0	0	1.082		99.9871	39.96	0.184951	0	1.84975	0.0515544	14.5279	1		0.0088623	12.0616	42.586	0	0	0	
2024-06-25 13:49:34	463	881	9	0	0	2.25	10	0	0	0	10	0	0	5.5	10	0	0	0	10	0	0	2.814		99.9887	41.0679	0.0885791	0	0.885892	0.681928	18.0902	1		0	12.0616	42.4561	0	0	0	
2024-06-25 13:55:04	507	882	1	0	0	3	13	0	0	4.75	13	0	0	1.25	13	0	0	6.5	13	0	0	0.908		99.9831	22.7078	0.0816673	0	0.816811	0.370539	8.98131	1		0.0088623	12.0616	42.586	0	0	0	
2024-06-25 13:41:40	402	883	9	0	0	4	17	0	0	0	17	0	0	6	17	0	0	0	17	0	0	1.732		99.9869	39.9144	0.110312	0	1.10326	0.0639296	13.864	1		0.0088623	12.0616	43.3657	0	0	0	
2024-06-25 13:41:11	398	884	9	0	0	4	17	0	0	0	17	0	0	4.75	17	0	0	0	17	0	0	0.649		99.9915	39.9989	0.311427	0	3.11454	0.29332	14.6769	1		0.0088623	12.0616	43.4956	0	0	0	
2024-06-25 13:36:09	359	885	1	0	0	0	1	0	0	0	1	0	0	2.25	1	0	0	0	1	0	0	1.948		99.9989	39.4261	0.114315	0	1.14316	0.0425548	16.161	2		0.0088623	12.0616	46.0945	0	0	0	
2024-06-25 13:54:56	506	886	1	0	0	3.25	14	0	0	4.5	14	0	0	2	14	0	0	5.75	14	0	0	0.649		99.9855	22.037	0.136686	0	1.36706	0.458321	10.7369	1		0	12.0616	42.586	0	0	0	
2024-06-25 13:39:49	387	887	1	0	0	3	13	0	0	0	13	0	0	3.25	13	0	0	0	13	0	0	0.216		99.992	41.383	0.773174	0	7.73236	0.17272	12.146	1		0	12.0616	44.0154	0	0	0	
2024-06-25 13:39:03	381	888	9	0	0	2	9	0	0	0	9	0	0	7.75	9	0	0	0	9	0	0	4.979		99.9922	40.206	0.043422	0	0.434254	0.0389346	15.6889	1		0.0088623	12.0616	44.2753	0	0	0	
2024-06-25 13:38:55	380	889	9	0	0	2	9	0	0	0	9	0	0	6.5	9	0	0	0	9	0	0	3.897		99.9886	40.2361	0.054862	0	0.548683	0.00531802	15.5136	1		0	12.0616	44.2753	0	0	0	
2024-06-25 13:46:18	437	890	5	0	0	7	29	0	0	0	29	0	0	5.5	29	0	0	0	29	0	0	1.299		99.9837	39.9903	0.150259	0	1.50283	0.193059	14.1639	1		0.0088623	12.0616	42.586	0	0	0	
2024-06-25 13:46:00	435	891	5	0	0	7	29	0	0	0	29	0	0	4.25	29	0	0	0	29	0	0	2.381		99.9846	40.0115	0.0830262	0	0.83039	0.00103141	14.3481	2		0	12.0616	42.586	0	0	0	
2024-06-25 13:37:33	369	892	5	0	0	1	5	0	0	0	5	0	0	5	5	0	0	0	5	0	0	3.464		99.998	39.2362	0.0609299	0	0.609311	0.00284038	15.3137	1		0	12.0616	45.055	0	0	0	
2024-06-25 13:37:25	368	893	1	0	0	1	5	0	0	0	5	0	0	3.75	5	0	0	0	5	0	0	2.381		99.9992	39.224	0.0820233	0	0.820239	0.271544	14.1727	1		0	12.0616	45.1849	0	0	0	
2024-06-25 13:45:38	432	894	5	0	0	6	25	0	0	0	25	0	0	2.75	25	0	0	0	25	0	0	2.814		99.9848	40.0397	0.0711327	0	0.711435	0.163365	14.5278	1		0	12.0616	42.586	0	0	0	
2024-06-25 13:44:04	421	895	5	0	0	5	21	0	0	0	21	0	0	2.25	21	0	0	0	21	0	0	2.381		99.9808	40.0364	0.0798856	0	0.799009	0.0325124	13.8059	2		0	12.0616	42.8459	0	0	0	
2024-06-25 13:46:40	440	896	1	0	0	7	29	0	0	0	29	0	0	0.25	29	0	0	0	29	0	0	5.845		99.9867	40.0047	0.0391604	0	0.391656	0.0418672	16.6107	1		0	12.0616	42.586	0	0	0	
2024-06-25 13:34:52	350	897	1	0	0	0	1	0	0	0	1	0	0	3.25	1	0	0	0	1	0	0	2.814		99.9966	39.5184	0.0695551	0	0.695575	0.144466	14.2039	2		0.0088623	12.0705	47.1341	0	0	0	
2024-06-25 13:39:49	387	898	5	0	0	3	13	0	0	0	13	0	0	7.25	13	0	0	0	13	0	0	3.68		99.992	41.383	0.071309	0	0.713147	0.938529	19.0435	1		0	12.0616	44.0154	0	0	0	
2024-06-25 13:45:14	429	899	5	0	0	6	25	0	0	0	25	0	0	6.75	25	0	0	0	25	0	0	0.649		99.9848	40.0404	0.32281	0	3.22859	0.0124194	15.2144	1		0.0088623	12.0616	42.7159	0	0	0	
2024-06-25 13:48:54	458	900	9	0	0	3.75	16	0	0	0	16	0	0	4	16	0	0	0	16	0	0	0.216		99.9851	39.7621	0.87878	0	8.7891	0.241425	13.8059	1		0	12.0616	42.4561	0	0	0	
2024-06-25 13:48:47	457	901	5	0	0	7.75	32	0	0	0	32	0	0	1	32	0	0	0	32	0	0	5.845		99.9872	39.9386	0.0386987	0	0.387037	0.02822	16.4148	1		0.0088623	12.0616	42.586	0	0	0	
2024-06-25 13:42:38	410	902	9	0	0	5	21	0	0	0	21	0	0	5.25	21	0	0	0	21	0	0	0.216		99.9911	40.1044	0.814919	0	8.14991	0.537868	12.8018	1		0	12.0616	43.1058	0	0	0	
2024-06-25 13:43:15	415	903	9	0	0	5	21	0	0	0	21	0	0	4	21	0	0	0	21	0	0	0.866		99.9831	40.0666	0.221672	0	2.21709	0.00207837	13.9304	2		0.0088623	12.0616	42.9758	0	0	0	
2024-06-25 13:40:57	396	904	1	0	0	3	13	0	0	0	13	0	0	0.75	13	0	0	0	13	0	0	1.948		99.9891	41.2994	0.0959039	0	0.959144	0.201875	13.5596	1		0	12.0616	43.4956	0	0	0	
2024-06-25 13:36:47	363	905	1	0	0	1	5	0	0	0	5	0	0	1.75	5	0	0	0	5	0	0	0.649		99.9965	39.2503	0.28395	0	2.8396	0.048103	13.3813	1		0.0088623	12.0616	45.5748	0	0	0	
2024-06-25 13:41:48	403	906	1	0	0	4	17	0	0	0	17	0	0	2	17	0	0	0	17	0	0	1.732		99.9913	39.9363	0.105572	0	1.05581	0.206462	13.2677	1		0.0088623	12.0616	43.3657	0	0	0	
2024-06-25 13:47:57	450	907	5	0	0	7.75	32	0	0	0	32	0	0	5.75	32	0	0	0	32	0	0	1.732		99.987	39.9495	0.112732	0	1.12747	0.0217194	14.1682	1		0.0088623	12.0616	42.586	0	0	0	
2024-06-25 13:48:11	452	908	5	0	0	7.75	32	0	0	0	32	0	0	4.5	32	0	0	0	32	0	0	2.814		99.9895	39.9438	0.0699812	0	0.699885	0.0212802	14.2919	1		0	12.0616	42.586	0	0	0	
2024-06-25 13:51:05	475	909	1	0	0	2.25	10	0	0	0	10	0	0	3.5	10	0	0	0	10	0	0	1.082		99.9832	40.9791	0.16456	0	1.64587	0.0726745	12.9267	1		0	12.0616	42.4561	0	0	0	
2024-06-25 13:50:22	469	910	9	0	0	0.25	2	0	0	0	2	0	0	7.5	2	0	0	0	2	0	0	6.278		99.9836	39.6961	0.0373468	0	0.373529	0.138837	17.0154	1		0	12.0616	42.4561	0	0	0	
2024-06-25 13:45:28	431	911	5	0	0	6	25	0	0	0	25	0	0	1.75	25	0	0	0	25	0	0	3.68		99.9831	40.0267	0.0691377	0	0.691494	0.0748945	18.4653	2		0	12.0616	42.7159	0	0	0	
2024-06-25 13:41:40	402	912	5	0	0	4	17	0	0	0	17	0	0	5.25	17	0	0	0	17	0	0	1.082		99.9869	39.9144	0.178592	0	1.78616	0.0764557	14.0285	1		0.0088623	12.0616	43.3657	0	0	0	
2024-06-25 13:36:02	358	913	1	0	0	0	1	0	0	0	1	0	0	1.5	1	0	0	0	1	0	0	1.299		99.9997	39.4455	0.134956	0	1.34956	0.00558158	12.7193	1		0	12.0616	46.2245	0	0	0	
2024-06-25 13:40:25	392	914	1	0	0	3	13	0	0	0	13	0	0	2.5	13	0	0	0	13	0	0	0.433		99.9897	41.3609	0.416598	0	4.16641	0.037806	13.0892	2		0.0088623	12.0616	43.7555	0	0	0	
2024-06-25 13:38:48	379	915	5	0	0	2	9	0	0	0	9	0	0	5.75	9	0	0	0	9	0	0	3.247		99.9926	40.2073	0.0654197	0	0.654245	0.0356598	15.4153	1		0.0088623	12.0616	44.2753	0	0	0	
2024-06-25 13:38:10	374	916	9	0	0	2	9	0	0	0	9	0	0	4.5	9	0	0	0	9	0	0	2.165		99.9958	40.2536	0.0885889	0	0.885926	0.272792	13.9161	1		0	12.0616	44.7951	0	0	0	
2024-06-25 13:47:10	444	917	5	0	0	7	29	0	0	0	29	0	0	3.5	29	0	0	0	29	0	0	3.031		99.9889	39.999	0.065179	0	0.651862	0.0123012	14.3352	1		0.0088623	12.0616	42.586	0	0	0	
2024-06-25 13:37:40	370	918	5	0	0	1	5	0	0	0	5	0	0	3	5	0	0	0	5	0	0	1.732		99.9946	39.2339	0.106453	0	1.06458	0.169317	13.3779	1		0.0088623	12.0616	45.055	0	0	0	
2024-06-25 13:35:31	354	919	9	0	0	0	1	0	0	0	1	0	0	7.25	1	0	0	0	1	0	0	6.278		99.9991	39.4354	0.0399547	0	0.399551	0.084941	18.2008	2		0.0088623	12.0616	46.7443	0	0	0	
2024-06-25 13:44:04	421	920	1	0	0	5	21	0	0	0	21	0	0	1.5	21	0	0	0	21	0	0	3.031		99.9808	40.0364	0.0686848	0	0.686979	0.223681	15.1075	2		0	12.0616	42.8459	0	0	0	
2024-06-25 13:39:03	381	921	1	0	0	2	9	0	0	0	9	0	0	1.25	9	0	0	0	9	0	0	0.649		99.9922	40.206	0.270832	0	2.70853	0.151248	12.7636	1		0.0088623	12.0616	44.2753	0	0	0	
2024-06-25 13:53:30	494	922	1	0	0	1.5	7	0	0	0	7	0	0	0.25	7	0	0	0	7	0	0	1.082		99.9866	39.2347	0.16146	0	1.61482	0.0534612	12.6828	1		0	12.0616	42.4561	0	0	0	
2024-06-25 13:35:09	351	923	1	0	0	0	1	0	0	0	1	0	0	2.5	1	0	0	0	1	0	0	2.165		99.9987	39.4685	0.0893069	0	0.893081	0.129156	14.0285	1		0.0088623	12.0616	47.264	0	0	0	
2024-06-25 13:52:44	488	924	1	0	0	6.25	26	0	0	0	26	0	0	1.5	26	0	0	0	26	0	0	4.113		99.9866	39.9074	0.0589288	0	0.589367	0.720525	17.5897	2		0.0088623	12.0439	42.4561	0	0	0	
2024-06-25 13:54:27	502	925	9	0	0	7.25	30	0	0	0	30	0	0	6.5	30	0	0	0	30	0	0	0.649		99.9929	39.9884	0.308209	0	3.08231	0.293535	14.525	1		0	12.0616	42.4561	0	0	0	
2024-06-25 13:40:04	389	926	5	0	0	3	13	0	0	0	13	0	0	7.75	13	0	0	0	13	0	0	4.113		99.9893	41.3549	0.0504543	0	0.504597	0.0445831	15.0598	1		0	12.0616	43.8855	0	0	0	
2024-06-25 13:39:42	386	927	5	0	0	3	13	0	0	0	13	0	0	6.5	13	0	0	0	13	0	0	3.031		99.9889	41.3989	0.0692256	0	0.692333	0.441328	15.2252	1		0	12.0616	44.0154	0	0	0	
2024-06-25 13:36:54	364	928	9	0	0	1	5	0	0	0	5	0	0	7	5	0	0	0	5	0	0	5.195		99.9984	39.227	0.0445376	0	0.445383	0.109184	16.7905	2		0.0088623	12.0616	45.5748	0	0	0	
2024-06-25 13:44:29	424	929	9	0	0	6	25	0	0	0	25	0	0	4.75	25	0	0	0	25	0	0	1.082		99.9816	40.0306	0.180351	0	1.80385	0.0521069	14.1674	2		0.0088623	12.0616	42.7159	0	0	0	
2024-06-25 13:48:39	456	930	5	0	0	7.75	32	0	0	0	32	0	0	0.25	32	0	0	0	32	0	0	6.494		99.9844	39.9548	0.0339037	0	0.33909	0.181994	15.9792	1		0.0088623	12.0616	42.586	0	0	0	
2024-06-25 13:43:57	420	931	5	0	0	5	21	0	0	0	21	0	0	3.25	21	0	0	0	21	0	0	1.515		99.9819	40.0677	0.119548	0	1.19569	0.102627	13.1473	1		0	12.0616	42.8459	0	0	0	
2024-06-25 13:40:50	395	932	5	0	0	3	13	0	0	0	13	0	0	0	13	0	0	0	13	0	0	2.598		99.9897	41.2949	0.0788168	0	0.788249	0.178781	14.8581	1		0	12.0616	43.6256	0	0	0	
2024-06-25 13:49:01	459	933	9	0	0	3.5	15	0	0	0	15	0	0	4.25	15	0	0	0	15	0	0	0.649		99.9867	39.628	0.296971	0	2.9701	0.149708	13.9963	1		0	12.0616	42.4561	0	0	0	
2024-06-25 13:42:02	405	934	1	0	0	4	17	0	0	0	17	0	0	1.25	17	0	0	0	17	0	0	2.381		99.9889	39.8423	0.0802239	0	0.802328	0.134172	13.8632	1		0	12.0616	42.9758	0	0	0	
2024-06-25 13:48:11	452	935	9	0	0	7.75	32	0	0	0	32	0	0	5	32	0	0	0	32	0	0	2.381		99.9895	39.9438	0.0812454	0	0.812539	0.00491579	14.0397	1		0	12.0616	42.586	0	0	0	
2024-06-25 13:48:11	452	936	1	0	0	7.75	32	0	0	0	32	0	0	3.75	32	0	0	0	32	0	0	3.464		99.9895	39.9438	0.0575521	0	0.575581	0.011537	14.4659	1		0	12.0616	42.586	0	0	0	
2024-06-25 13:55:50	512	937	1	0	0	1.25	6	0	0	6.5	6	0	0	3	6	0	0	4.75	6	0	0	0.908		99.9874	21.3984	0.0828037	0	0.828141	0.345237	9.10589	2		0	12.0616	42.586	0	0	0	
2024-06-25 13:45:21	430	938	1	0	0	6	25	0	0	0	25	0	0	1	25	0	0	0	25	0	0	4.33		99.9845	40.0507	0.0592815	0	0.592908	0.347531	18.6267	1		0	12.0616	42.7159	0	0	0	
2024-06-25 13:41:19	399	939	1	0	0	4	17	0	0	0	17	0	0	3.25	17	0	0	0	17	0	0	0.649		99.9915	40.0004	0.297848	0	2.97873	0.10582	14.0369	1		0	12.0616	43.4956	0	0	0	
2024-06-25 13:36:26	361	940	1	0	0	0	1	0	0	0	1	0	0	0.75	1	0	0	0	1	0	0	0.649		99.9978	39.4159	0.331153	0	3.31161	0.109319	15.6056	2		0	12.0616	45.8346	0	0	0	
2024-06-25 13:55:18	509	941	1	0	0	3.5	15	0	0	4.25	15	0	0	3.75	15	0	0	4	15	0	0	0.13		99.9867	20.8622	0.616759	0	6.16842	0.166752	9.68932	1		0.0088623	12.0616	42.586	0	0	0	
2024-06-25 13:38:16	375	942	5	0	0	2	9	0	0	0	9	0	0	5	9	0	0	0	9	0	0	2.598		99.9933	40.227	0.0761402	0	0.761454	0.0264143	14.3531	2		0	12.0616	44.6651	0	0	0	
2024-06-25 13:38:16	375	943	1	0	0	2	9	0	0	0	9	0	0	3.75	9	0	0	0	9	0	0	1.515		99.9933	40.227	0.129834	0	1.29843	0.141198	14.277	2		0	12.0616	44.6651	0	0	0	
2024-06-25 13:47:03	443	944	1	0	0	7	29	0	0	0	29	0	0	2.75	29	0	0	0	29	0	0	3.68		99.9856	40.0004	0.0556986	0	0.557066	0.0590927	14.8756	1		0.0088623	12.0616	42.586	0	0	0	
2024-06-25 13:46:33	439	945	1	0	0	7	29	0	0	0	29	0	0	2.25	29	0	0	0	29	0	0	4.113		99.9836	40.0011	0.0513942	0	0.514026	0.078604	15.3412	1		0.0088623	12.0616	42.586	0	0	0	
2024-06-25 13:35:48	356	946	9	0	0	0	1	0	0	0	1	0	0	7.75	1	0	0	0	1	0	0	6.711		99.9979	39.4368	0.035441	0	0.354418	0.176818	17.2583	1		0	12.0616	46.3544	0	0	0	
2024-06-25 13:35:15	352	947	5	0	0	0	1	0	0	0	1	0	0	6.5	1	0	0	0	1	0	0	5.628		99.9968	39.4575	0.0410933	0	0.410946	0.31979	16.7833	1		0	12.0616	47.0042	0	0	0	
2024-06-25 13:43:01	413	948	1	0	0	5	21	0	0	0	21	0	0	0.75	21	0	0	0	21	0	0	3.68		99.9884	40.0869	0.0636037	0	0.63611	0.257932	16.9864	1		0	12.0616	43.1058	0	0	0	
2024-06-25 13:43:07	414	949	5	0	0	5	21	0	0	0	21	0	0	7.25	21	0	0	0	21	0	0	1.948		99.9873	40.0894	0.114236	0	1.14251	0.0237187	16.1518	1		0.0088623	12.0616	42.9758	0	0	0	
2024-06-25 13:54:21	501	950	9	0	0	5.75	24	0	0	0	24	0	0	4	24	0	0	0	24	0	0	1.515		99.9917	40.0777	0.124017	0	1.24027	0.091528	13.6375	1		0	12.0616	42.586	0	0	0	
2024-06-25 13:51:20	477	951	9	0	0	4.5	19	0	0	0	19	0	0	5.25	19	0	0	0	19	0	0	0.649		99.9842	39.7138	0.305899	0	3.05947	0.0719187	14.4174	1		0.0088623	12.0616	42.4561	0	0	0	
2024-06-25 13:55:25	510	952	1	0	0	2.75	12	0	0	5	12	0	0	3.5	12	0	0	4.25	12	0	0	0.389		99.9851	22.413	0.249536	0	2.49573	2.0514	11.7609	4		0	11.973	42.586	0	0	0	
2024-06-25 13:39:10	382	953	1	0	0	2	9	0	0	0	9	0	0	0.5	9	0	0	0	9	0	0	1.299		99.9911	40.2034	0.136004	0	1.36016	0.239832	12.8192	1		0	12.0616	44.2753	0	0	0	
2024-06-25 13:50:11	468	954	9	0	0	0.5	3	0	0	0	3	0	0	7.25	3	0	0	0	3	0	0	5.845		99.9817	39.9207	0.0640184	0	0.640301	0.368619	27.1561	2		0	12.0616	42.4561	0	0	0	
2024-06-25 13:41:26	400	955	5	0	0	4	17	0	0	0	17	0	0	7.25	17	0	0	0	17	0	0	2.814		99.9863	39.9308	0.0766321	0	0.766426	0.165863	15.6507	1		0.0088623	12.0616	43.3657	0	0	0	
2024-06-25 13:40:25	392	956	5	0	0	3	13	0	0	0	13	0	0	5.75	13	0	0	0	13	0	0	2.381		99.9897	41.3609	0.0799403	0	0.799486	0.229419	13.8141	2		0.0088623	12.0616	43.7555	0	0	0	
2024-06-25 13:39:56	388	957	1	0	0	3	13	0	0	0	13	0	0	4.5	13	0	0	0	13	0	0	1.299		99.9955	41.372	0.14092	0	1.40927	0.157418	13.282	1		0.0088623	12.0616	43.8855	0	0	0	
2024-06-25 13:46:26	438	958	9	0	0	7	29	0	0	0	29	0	0	6.75	29	0	0	0	29	0	0	0.216		99.9872	40.0108	0.830183	0	8.30289	0.0748901	13.0421	1		0	12.0439	42.586	0	0	0	
2024-06-25 13:36:47	363	959	5	0	0	1	5	0	0	0	5	0	0	7.5	5	0	0	0	5	0	0	5.628		99.9965	39.2503	0.0408061	0	0.408076	0.0283615	16.6661	1		0.0088623	12.0616	45.5748	0	0	0	
2024-06-25 13:36:47	363	960	9	0	0	1	5	0	0	0	5	0	0	6.25	5	0	0	0	5	0	0	4.546		99.9965	39.2503	0.0578654	0	0.578674	0.369054	19.0886	1		0.0088623	12.0616	45.5748	0	0	0	
2024-06-25 13:45:03	428	961	5	0	0	6	25	0	0	0	25	0	0	5.25	25	0	0	0	25	0	0	0.649		99.9816	40.011	0.305867	0	3.05923	0.00469864	14.4163	2		0	12.0616	42.7159	0	0	0	
2024-06-25 13:44:46	426	962	5	0	0	6	25	0	0	0	25	0	0	4	25	0	0	0	25	0	0	1.732		99.9799	40.0588	0.109745	0	1.09767	0.0458551	13.7937	1		0.0088623	12.0616	42.7159	0	0	0	
2024-06-25 13:43:25	416	963	1	0	0	5	21	0	0	0	21	0	0	2.5	21	0	0	0	21	0	0	2.165		99.9833	40.0453	0.0964399	0	0.96456	0.214164	15.1513	2		0.0088623	11.9552	42.9758	0	0	0	
2024-06-25 13:36:54	364	964	1	0	0	1	5	0	0	0	5	0	0	0.25	5	0	0	0	5	0	0	0.649		99.9984	39.227	0.283757	0	2.83761	0.0252207	13.3719	2		0.0088623	12.0616	45.5748	0	0	0	
2024-06-25 13:42:17	407	965	1	0	0	4	17	0	0	0	17	0	0	0.5	17	0	0	0	17	0	0	3.031		99.9868	39.8385	0.0661145	0	0.661232	0.153814	14.5413	1		0.0088623	12.0616	43.2357	0	0	0	
2024-06-25 13:47:31	447	966	1	0	0	7.75	32	0	0	0	32	0	0	3	32	0	0	0	32	0	0	4.113		99.985	39.961	0.0493904	0	0.493978	0.0249902	14.7428	2		0.0088623	12.0616	42.586	0	0	0	
2024-06-25 13:44:14	422	967	1	0	0	6	25	0	0	0	25	0	0	0.25	25	0	0	0	25	0	0	4.979		99.9872	40.0698	0.0471638	0	0.471698	0.0327532	17.0417	1		0.0088623	12.0616	42.8459	0	0	0	
2024-06-25 13:52:17	485	968	1	0	0	5.25	22	0	0	0	22	0	0	2.5	22	0	0	0	22	0	0	2.381		99.9891	39.9239	0.102458	0	1.02469	0.0398763	17.7053	1		0	12.0616	42.4561	0	0	0	
2024-06-25 13:41:55	404	969	1	0	0	4	17	0	0	0	17	0	0	2.5	17	0	0	0	17	0	0	1.299		99.9861	39.851	0.139516	0	1.39536	0.348554	13.1509	1		0.0088623	12.0616	43.2357	0	0	0	
2024-06-25 13:39:25	384	970	1	0	0	2	9	0	0	0	9	0	0	3	9	0	0	0	9	0	0	0.866		99.9913	40.2002	0.206847	0	2.06864	0.0101022	12.9977	2		0.0088623	12.0616	44.1454	0	0	0	
2024-06-25 13:46:10	436	971	1	0	0	7	29	0	0	0	29	0	0	1.5	29	0	0	0	29	0	0	4.762		99.9841	40.0085	0.0472113	0	0.472188	0.102018	16.3177	1		0	12.0616	42.586	0	0	0	
2024-06-25 13:34:52	350	972	9	0	0	0	1	0	0	0	1	0	0	5.75	1	0	0	0	1	0	0	4.979		99.9966	39.5184	0.0451389	0	0.451404	0.130769	16.3085	2		0.0088623	12.0705	47.1341	0	0	0	
2024-06-25 13:35:22	353	973	9	0	0	0	1	0	0	0	1	0	0	4.5	1	0	0	0	1	0	0	3.897		99.9978	39.4476	0.0541226	0	0.541238	0.315859	15.3031	1		0.0088623	12.0616	46.6143	0	0	0	
2024-06-25 13:42:38	410	974	1	0	0	5	21	0	0	0	21	0	0	0	21	0	0	0	21	0	0	4.33		99.9911	40.1044	0.0506391	0	0.506436	0.140849	15.9102	1		0	12.0616	43.1058	0	0	0	
2024-06-25 13:48:04	451	975	1	0	0	7.75	32	0	0	0	32	0	0	2.25	32	0	0	0	32	0	0	4.762		99.9906	39.9426	0.043629	0	0.436331	0.0900384	15.0785	1		0	12.0616	42.4561	0	0	0	
2024-06-25 13:42:38	410	976	5	0	0	5	21	0	0	0	21	0	0	7.75	21	0	0	0	21	0	0	2.381		99.9911	40.1044	0.0833087	0	0.833161	0.21463	14.396	1		0	12.0616	43.1058	0	0	0	
2024-06-25 13:43:07	414	977	9	0	0	5	21	0	0	0	21	0	0	6.5	21	0	0	0	21	0	0	1.299		99.9873	40.0894	0.150817	0	1.50836	0.103085	14.216	1		0.0088623	12.0616	42.9758	0	0	0	
2024-06-25 13:40:43	394	978	5	0	0	3	13	0	0	0	13	0	0	2	13	0	0	0	13	0	0	0.866		99.992	41.3223	0.206455	0	2.06472	0.229602	12.973	1		0	12.0616	43.6256	0	0	0	
2024-06-25 13:52:02	483	979	1	0	0	4.5	19	0	0	0	19	0	0	3.25	19	0	0	0	19	0	0	1.082		99.9877	39.675	0.168637	0	1.68657	0.244494	13.2463	1		0	12.0439	42.4561	0	0	0	
2024-06-25 13:47:31	447	980	9	0	0	7.75	32	0	0	0	32	0	0	7	32	0	0	0	32	0	0	0.649		99.985	39.961	0.320839	0	3.20887	0.0944574	15.1214	2		0.0088623	12.0616	42.586	0	0	0	
2024-06-25 13:54:14	500	981	9	0	0	5.5	23	0	0	0	23	0	0	4.25	23	0	0	0	23	0	0	1.082		99.9879	39.5114	0.180481	0	1.80502	0.585958	14.1766	1		0.0088623	12.0616	42.586	0	0	0	
2024-06-25 13:53:02	490	982	1	0	0	6.75	28	0	0	0	28	0	0	1	28	0	0	0	28	0	0	4.979		99.988	39.6438	0.057483	0	0.574899	0.961102	20.7701	1		0.0088623	12.0616	42.4561	0	0	0	
2024-06-25 13:51:26	478	983	9	0	0	4.25	18	0	0	0	18	0	0	5.5	18	0	0	0	18	0	0	1.082		99.9839	39.7535	0.181161	0	1.8119	0.413955	14.2306	1		0	12.0616	42.4561	0	0	0	
2024-06-25 13:41:33	401	984	5	0	0	4	17	0	0	0	17	0	0	7.75	17	0	0	0	17	0	0	3.247		99.9863	39.933	0.0620564	0	0.620649	0.0608405	14.6237	1		0.0088623	12.0616	43.3657	0	0	0	
2024-06-25 13:41:48	403	985	5	0	0	4	17	0	0	0	17	0	0	6.5	17	0	0	0	17	0	0	2.165		99.9913	39.9363	0.0901401	0	0.901479	0.185774	14.1604	1		0.0088623	12.0616	43.3657	0	0	0	
2024-06-25 13:39:56	388	986	5	0	0	3	13	0	0	0	13	0	0	5	13	0	0	0	13	0	0	1.732		99.9955	41.372	0.106035	0	1.0604	0.112122	13.3254	1		0.0088623	12.0616	43.8855	0	0	0	
2024-06-25 13:40:11	390	987	1	0	0	3	13	0	0	0	13	0	0	3.75	13	0	0	0	13	0	0	0.649		99.991	41.3693	0.289375	0	2.89401	0.209027	13.6377	1		0	12.0616	43.7555	0	0	0	
2024-06-25 13:38:48	379	988	9	0	0	2	9	0	0	0	9	0	0	7	9	0	0	0	9	0	0	4.33		99.9926	40.2073	0.0496778	0	0.496814	0.00577198	15.6079	1		0.0088623	12.0616	44.2753	0	0	0	
2024-06-25 13:46:00	435	989	9	0	0	7	29	0	0	0	29	0	0	6	29	0	0	0	29	0	0	0.866		99.9846	40.0115	0.231081	0	2.31117	0.0879636	14.5215	2		0	12.0616	42.586	0	0	0	
2024-06-25 13:46:26	438	990	5	0	0	7	29	0	0	0	29	0	0	4.75	29	0	0	0	29	0	0	1.948		99.9872	40.0108	0.100124	0	1.00137	0.17607	14.1565	1		0	12.0439	42.586	0	0	0	
2024-06-25 13:37:04	365	991	9	0	0	1	5	0	0	0	5	0	0	5.5	5	0	0	0	5	0	0	3.897		99.9963	39.2231	0.0673667	0	0.673692	0.344578	19.0482	1		0.0088623	12.0616	45.3149	0	0	0	
2024-06-25 13:37:11	366	992	9	0	0	1	5	0	0	0	5	0	0	4.25	5	0	0	0	5	0	0	2.814		99.9982	39.2188	0.0729379	0	0.729392	0.317627	14.8944	1		0.0088623	12.0616	45.3149	0	0	0	
2024-06-25 13:45:46	433	993	5	0	0	6	25	0	0	0	25	0	0	3.25	25	0	0	0	25	0	0	2.381		99.9852	40.0437	0.0829744	0	0.829866	0.247221	14.3391	1		0.0088623	12.0616	42.7159	0	0	0	
2024-06-25 13:50:43	472	994	1	0	0	0.25	2	0	0	0	2	0	0	1.5	2	0	0	0	2	0	0	1.082		99.9844	39.6863	0.160901	0	1.60926	0.162892	12.6391	1		0	12.0616	42.4561	0	0	0	
2024-06-25 13:46:56	442	995	1	0	0	7	29	0	0	0	29	0	0	0.75	29	0	0	0	29	0	0	5.412		99.9872	39.9897	0.0445348	0	0.445405	0.0753646	17.491	1		0.0088623	12.0616	42.586	0	0	0	
2024-06-25 13:35:09	351	996	9	0	0	0	1	0	0	0	1	0	0	5	1	0	0	0	1	0	0	4.33		99.9987	39.4685	0.0495185	0	0.495192	0.342964	15.5569	1		0.0088623	12.0616	47.264	0	0	0	
2024-06-25 13:35:55	357	997	1	0	0	0	1	0	0	0	1	0	0	3.75	1	0	0	0	1	0	0	3.247		99.9987	39.4398	0.0627805	0	0.627813	0.0498702	14.7925	1		0	12.0616	46.2245	0	0	0	
2024-06-25 13:54:35	503	998	9	0	0	7.5	31	0	0	0	31	0	0	6.25	31	0	0	0	31	0	0	1.082		99.9906	39.7912	0.179245	0	1.79262	0.247847	14.0792	1		0	12.0616	42.586	0	0	0	
2024-06-25 13:51:48	481	999	9	0	0	6.25	26	0	0	0	26	0	0	7.5	26	0	0	0	26	0	0	1.082		99.9891	39.9163	0.180822	0	1.80841	0.115585	14.2032	1		0	12.0616	42.4561	0	0	0	
2024-06-25 13:44:39	425	1000	5	0	0	6	25	0	0	0	25	0	0	7.25	25	0	0	0	25	0	0	1.082		99.9801	40.0372	0.208527	0	2.08569	0.356493	16.381	1		0	12.0616	42.7159	0	0	0	
2024-06-25 13:47:57	450	1001	1	0	0	7.75	32	0	0	0	32	0	0	1.5	32	0	0	0	32	0	0	5.412		99.987	39.9495	0.0395085	0	0.395136	0.126709	15.517	1		0.0088623	12.0616	42.586	0	0	0	
2024-06-25 13:43:01	413	1002	9	0	0	5	21	0	0	0	21	0	0	5.75	21	0	0	0	21	0	0	0.649		99.9884	40.0869	0.304701	0	3.04736	0.170404	14.3604	1		0	12.0616	43.1058	0	0	0	
2024-06-25 13:42:45	411	1003	9	0	0	5	21	0	0	0	21	0	0	4.5	21	0	0	0	21	0	0	0.433		99.9886	40.1151	0.441273	0	4.41323	0.274416	13.8646	1		0	12.0616	42.9758	0	0	0	
2024-06-25 13:40:57	396	1004	5	0	0	3	13	0	0	0	13	0	0	1.25	13	0	0	0	13	0	0	1.515		99.9891	41.2994	0.119313	0	1.19326	0.18287	13.1206	1		0	12.0616	43.4956	0	0	0	
2024-06-25 13:37:54	372	1005	5	0	0	1	5	0	0	0	5	0	0	2.25	5	0	0	0	5	0	0	1.082		99.9998	39.2328	0.160191	0	1.60192	0.100751	12.5814	1		0	12.0616	44.7951	0	0	0	
2024-06-25 13:50:36	471	1006	1	0	0	0.5	3	0	0	0	3	0	0	1.25	3	0	0	0	3	0	0	0.649		99.9854	39.8911	0.286833	0	2.86875	0.46171	13.5187	1		0.0088623	12.0616	42.4561	0	0	0	
2024-06-25 13:49:23	462	1007	9	0	0	2.5	11	0	0	0	11	0	0	5.25	11	0	0	0	11	0	0	2.381		99.9878	40.7117	0.103375	0	1.03388	0.547657	17.8642	2		0	12.0616	42.4561	0	0	0	
2024-06-25 13:47:31	447	1008	5	0	0	7.75	32	0	0	0	32	0	0	7.5	32	0	0	0	32	0	0	0.216		99.985	39.961	0.90322	0	9.03355	0.0332949	14.1899	2		0.0088623	12.0616	42.586	0	0	0	
2024-06-25 13:48:04	451	1009	9	0	0	7.75	32	0	0	0	32	0	0	6.25	32	0	0	0	32	0	0	1.299		99.9906	39.9426	0.153411	0	1.53425	0.0724564	14.46	1		0	12.0616	42.4561	0	0	0	
2024-06-25 13:51:56	482	1010	1	0	0	4.25	18	0	0	0	18	0	0	3.5	18	0	0	0	18	0	0	0.649		99.989	39.73	0.29786	0	2.97893	0.0301172	14.0379	1		0	12.0616	42.4561	0	0	0	
2024-06-25 13:45:46	433	1011	1	0	0	6	25	0	0	0	25	0	0	2.25	25	0	0	0	25	0	0	3.247		99.9852	40.0437	0.0643895	0	0.64399	0.0756932	15.1737	1		0.0088623	12.0616	42.7159	0	0	0	
2024-06-25 13:54:06	499	1012	9	0	0	5.25	22	0	0	0	22	0	0	4.5	22	0	0	0	22	0	0	0.649		99.9896	39.9216	0.307228	0	3.0726	0.160489	14.4793	1		0	12.0616	42.586	0	0	0	
2024-06-25 13:41:55	404	1013	9	0	0	4	17	0	0	0	17	0	0	5.75	17	0	0	0	17	0	0	1.515		99.9861	39.851	0.124813	0	1.2483	0.0401267	13.7258	1		0.0088623	12.0616	43.2357	0	0	0	
2024-06-25 13:41:48	403	1014	9	0	0	4	17	0	0	0	17	0	0	4.5	17	0	0	0	17	0	0	0.433		99.9913	39.9363	0.480061	0	4.80103	0.0830711	15.0829	1		0.0088623	12.0616	43.3657	0	0	0	
2024-06-25 13:35:41	355	1015	1	0	0	0	1	0	0	0	1	0	0	2	1	0	0	0	1	0	0	1.732		99.9981	39.4352	0.161231	0	1.61235	0.181613	20.2613	1		0	12.0616	46.4844	0	0	0	
2024-06-25 13:38:27	376	1016	5	0	0	2	9	0	0	0	9	0	0	7.5	9	0	0	0	9	0	0	4.762		99.9937	40.2114	0.0456241	0	0.45627	0.117429	15.7676	1		0	12.0616	44.5352	0	0	0	
2024-06-25 13:38:41	378	1017	5	0	0	2	9	0	0	0	9	0	0	6.25	9	0	0	0	9	0	0	3.68		99.99	40.2223	0.059684	0	0.5969	0.303392	15.9393	1		0.0088623	12.0616	44.4052	0	0	0	
2024-06-25 13:46:10	436	1018	9	0	0	7	29	0	0	0	29	0	0	5.25	29	0	0	0	29	0	0	1.515		99.9841	40.0085	0.126868	0	1.26889	0.1651	13.9521	1		0	12.0616	42.586	0	0	0	
2024-06-25 13:46:40	440	1019	9	0	0	7	29	0	0	0	29	0	0	4	29	0	0	0	29	0	0	2.598		99.9867	40.0047	0.0756801	0	0.756902	0.0619648	14.2673	1		0	12.0616	42.586	0	0	0	
2024-06-25 13:37:40	370	1020	1	0	0	1	5	0	0	0	5	0	0	3.5	5	0	0	0	5	0	0	2.165		99.9946	39.2339	0.0845323	0	0.845369	0.15366	13.279	1		0.0088623	12.0616	45.055	0	0	0	
2024-06-25 13:44:53	427	1021	1	0	0	6	25	0	0	0	25	0	0	2.5	25	0	0	0	25	0	0	3.031		99.9829	40.0194	0.0767439	0	0.76757	0.0198776	16.8798	2		0	12.0616	42.7159	0	0	0	
2024-06-25 13:53:58	498	1022	1	0	0	3.75	16	0	0	0	16	0	0	2	16	0	0	0	16	0	0	1.515		99.987	39.6778	0.127292	0	1.27309	0.502253	13.9983	1		0.0088623	12.0616	42.4561	0	0	0	
2024-06-25 13:43:49	419	1023	5	0	0	5	21	0	0	0	21	0	0	2	21	0	0	0	21	0	0	2.598		99.9855	40.0491	0.0777799	0	0.777912	0.0321535	14.6633	1		0.0088623	12.0616	42.8459	0	0	0	
2024-06-25 13:39:35	385	1024	1	0	0	2	9	0	0	0	9	0	0	1.75	9	0	0	0	9	0	0	0.216		99.9899	40.1877	0.745157	0	7.45232	0.0610401	11.7061	1		0	12.0616	44.0154	0	0	0	
2024-06-25 13:46:48	441	1025	1	0	0	7	29	0	0	0	29	0	0	0	29	0	0	0	29	0	0	6.061		99.9882	40.0039	0.039264	0	0.392686	0.155003	17.2712	1		0	12.0616	42.586	0	0	0	
2024-06-25 13:35:22	353	1026	1	0	0	0	1	0	0	0	1	0	0	3	1	0	0	0	1	0	0	2.598		99.9978	39.4476	0.0765936	0	0.765953	0.121214	14.4379	1		0.0088623	12.0616	46.6143	0	0	0	
2024-06-25 13:40:35	393	1027	9	0	0	3	13	0	0	0	13	0	0	7	13	0	0	0	13	0	0	3.464		99.9942	41.352	0.0592026	0	0.592061	0.161462	14.8801	1		0	12.0616	43.4956	0	0	0	
2024-06-25 13:44:14	422	1028	5	0	0	6	25	0	0	0	25	0	0	7.75	25	0	0	0	25	0	0	1.515		99.9872	40.0698	0.133024	0	1.33042	0.357018	14.6287	1		0.0088623	12.0616	42.8459	0	0	0	
2024-06-25 13:44:21	423	1029	9	0	0	6	25	0	0	0	25	0	0	6.5	25	0	0	0	25	0	0	0.433		99.9819	40.0357	0.48787	0	4.87958	0.270208	15.3297	1		0.0088623	12.0616	42.8459	0	0	0	
2024-06-25 13:48:32	455	1030	1	0	0	7.75	32	0	0	0	32	0	0	0.75	32	0	0	0	32	0	0	6.061		99.9864	39.9404	0.0379352	0	0.379404	0.045854	16.6871	1		0	12.0616	42.4561	0	0	0	
2024-06-25 13:43:42	418	1031	5	0	0	5	21	0	0	0	21	0	0	3.75	21	0	0	0	21	0	0	1.082		99.9845	40.042	0.172872	0	1.72899	0.200082	13.5795	1		0	12.0616	42.9758	0	0	0	
2024-06-25 13:40:35	393	1032	1	0	0	3	13	0	0	0	13	0	0	0.5	13	0	0	0	13	0	0	2.165		99.9942	41.352	0.0878537	0	0.878589	0.139124	13.8008	1		0	12.0616	43.4956	0	0	0	
2024-06-25 13:37:47	371	1033	1	0	0	1	5	0	0	0	5	0	0	1.5	5	0	0	0	5	0	0	0.433		99.9948	39.2241	0.431271	0	4.31293	0.112885	13.5495	1		0.0088623	12.0616	44.925	0	0	0	
2024-06-25 13:55:40	511	1034	1	0	0	2	9	0	0	5.75	9	0	0	3.25	9	0	0	4.5	9	0	0	0.649		99.9853	21.8459	0.134897	0	1.34917	0.0446801	10.5964	2		0.0088623	12.0616	42.4561	0	0	0	
2024-06-25 13:42:10	406	1035	5	0	0	4	17	0	0	0	17	0	0	1.75	17	0	0	0	17	0	0	1.948		99.9886	39.8457	0.0945048	0	0.945155	0.0616686	13.3618	1		0	12.0616	43.2357	0	0	0	
2024-06-25 13:50:58	474	1036	1	0	0	2.5	11	0	0	0	11	0	0	3.25	11	0	0	0	11	0	0	0.649		99.9869	40.6628	0.279297	0	2.79334	0.239141	13.1633	1		0.0088623	12.0616	42.4561	0	0	0	
2024-06-25 13:47:49	449	1037	5	0	0	7.75	32	0	0	0	32	0	0	5.5	32	0	0	0	32	0	0	1.948		99.9871	39.96	0.10189	0	1.01903	0.0599938	14.4062	1		0.0088623	12.0616	42.586	0	0	0	
2024-06-25 13:47:41	448	1038	9	0	0	7.75	32	0	0	0	32	0	0	4.25	32	0	0	0	32	0	0	3.031		99.9863	39.9652	0.0655084	0	0.655174	0.0147078	14.408	1		0	12.0616	42.4561	0	0	0	
2024-06-25 13:44:29	424	1039	1	0	0	6	25	0	0	0	25	0	0	1.5	25	0	0	0	25	0	0	3.897		99.9816	40.0306	0.0614299	0	0.614412	0.363391	17.3721	2		0.0088623	12.0616	42.7159	0	0	0	
2024-06-25 13:42:02	405	1040	5	0	0	4	17	0	0	0	17	0	0	5	17	0	0	0	17	0	0	0.866		99.9889	39.8423	0.22353	0	2.23555	0.0872613	14.0464	1		0	12.0616	42.9758	0	0	0	
2024-06-25 13:41:11	398	1041	1	0	0	4	17	0	0	0	17	0	0	3.75	17	0	0	0	17	0	0	0.216		99.9915	39.9989	0.873307	0	8.73381	0.341342	13.719	1		0.0088623	12.0616	43.4956	0	0	0	
2024-06-25 13:35:15	352	1042	1	0	0	0	1	0	0	0	1	0	0	1.25	1	0	0	0	1	0	0	1.082		99.9968	39.4575	0.1612	0	1.61206	0.044386	12.6611	1		0	12.0616	47.0042	0	0	0	
2024-06-25 13:38:16	375	1043	9	0	0	2	9	0	0	0	9	0	0	5.5	9	0	0	0	9	0	0	3.031		99.9933	40.227	0.133976	0	1.33985	0.410537	29.4648	2		0	12.0616	44.6651	0	0	0	
2024-06-25 13:38:27	376	1044	9	0	0	2	9	0	0	0	9	0	0	4.25	9	0	0	0	9	0	0	1.948		99.9937	40.2114	0.0974739	0	0.9748	0.224347	13.7809	1		0	12.0616	44.5352	0	0	0	
2024-06-25 13:47:03	443	1045	5	0	0	7	29	0	0	0	29	0	0	3.25	29	0	0	0	29	0	0	3.247		99.9856	40.0004	0.0618553	0	0.618642	0.00413096	14.5764	1		0.0088623	12.0616	42.586	0	0	0	
2024-06-25 13:38:02	373	1046	1	0	0	1	5	0	0	0	5	0	0	2.75	5	0	0	0	5	0	0	1.515		99.9994	39.2292	0.116501	0	1.16502	0.063558	12.81	1		0.0088623	12.0616	44.7951	0	0	0	
2024-06-25 13:35:55	357	1047	5	0	0	0	1	0	0	0	1	0	0	7	1	0	0	0	1	0	0	6.061		99.9987	39.4398	0.0387311	0	0.387316	0.158465	17.035	1		0	12.0616	46.2245	0	0	0	
2024-06-25 13:43:35	417	1048	1	0	0	5	21	0	0	0	21	0	0	1.25	21	0	0	0	21	0	0	3.247		99.9873	40.0409	0.0715784	0	0.715875	0.736813	16.8674	1		0	12.0616	42.9758	0	0	0	
2024-06-25 13:39:17	383	1049	5	0	0	2	9	0	0	0	9	0	0	1	9	0	0	0	9	0	0	0.866		99.9925	40.1943	0.199743	0	1.99758	0.174282	12.5511	1		0	12.0616	44.1454	0	0	0	
2024-06-25 13:40:18	391	1050	5	0	0	3	13	0	0	0	13	0	0	7.5	13	0	0	0	13	0	0	3.897		99.9925	41.3702	0.0531134	0	0.531174	0.0251454	15.0186	1		0.0088623	11.9552	43.7555	0	0	0	
2024-06-25 13:40:35	393	1051	5	0	0	3	13	0	0	0	13	0	0	6.25	13	0	0	0	13	0	0	2.814		99.9942	41.352	0.0768892	0	0.768937	0.293955	15.702	1		0	12.0616	43.4956	0	0	0	
2024-06-25 13:46:10	436	1052	5	0	0	7	29	0	0	0	29	0	0	7.25	29	0	0	0	29	0	0	0.216		99.9841	40.0085	0.77466	0	7.74783	0.521929	12.1703	1		0	12.0616	42.586	0	0	0	
2024-06-25 13:36:36	362	1053	9	0	0	1	5	0	0	0	5	0	0	6.75	5	0	0	0	5	0	0	4.979		100	39.2385	0.0537999	0	0.537997	0.45181	19.4369	2		0	12.0616	45.7047	0	0	0	
2024-06-25 13:44:53	427	1054	9	0	0	6	25	0	0	0	25	0	0	5.75	25	0	0	0	25	0	0	0.216		99.9829	40.0194	0.841217	0	8.41361	0.0155102	13.2161	2		0	12.0616	42.7159	0	0	0	
2024-06-25 13:44:14	422	1055	9	0	0	6	25	0	0	0	25	0	0	4.5	25	0	0	0	25	0	0	1.299		99.9872	40.0698	0.148676	0	1.48695	0.542127	14.0141	1		0.0088623	12.0616	42.8459	0	0	0	
2024-06-25 13:47:41	448	1056	1	0	0	7.75	32	0	0	0	32	0	0	0	32	0	0	0	32	0	0	6.711		99.9863	39.9652	0.0349361	0	0.349409	0.207614	17.0144	1		0	12.0616	42.4561	0	0	0	
2024-06-25 13:42:53	412	1057	1	0	0	5	21	0	0	0	21	0	0	3	21	0	0	0	21	0	0	1.732		99.9857	40.1074	0.106989	0	1.07004	0.00961413	13.4466	1		0.0088623	12.0616	43.1058	0	0	0	
2024-06-25 13:37:04	365	1058	1	0	0	1	5	0	0	0	5	0	0	0.75	5	0	0	0	5	0	0	0.216		99.9963	39.2231	0.780573	0	7.80601	0.134469	12.2617	1		0.0088623	12.0616	45.3149	0	0	0	
2024-06-25 13:52:34	487	1059	1	0	0	5.75	24	0	0	0	24	0	0	2	24	0	0	0	24	0	0	3.247		99.9895	40.0716	0.0686692	0	0.686764	0.113047	16.1815	2		0	12.0616	42.4561	0	0	0	
2024-06-25 13:42:17	407	1060	5	0	0	4	17	0	0	0	17	0	0	1	17	0	0	0	17	0	0	2.598		99.9868	39.8385	0.0736064	0	0.736161	0.105074	13.8763	1		0.0088623	12.0616	43.2357	0	0	0	
2024-06-25 13:48:47	457	1061	1	0	0	7.75	32	0	0	0	32	0	0	3.5	32	0	0	0	32	0	0	3.68		99.9872	39.9386	0.0533403	0	0.533471	0.0377232	14.2456	1		0.0088623	12.0616	42.586	0	0	0	
2024-06-25 13:44:46	426	1062	1	0	0	6	25	0	0	0	25	0	0	0.75	25	0	0	0	25	0	0	4.546		99.9799	40.0588	0.056052	0	0.560632	0.0240951	18.4934	1		0.0088623	12.0616	42.7159	0	0	0	
2024-06-25 13:42:24	408	1063	1	0	0	4	17	0	0	0	17	0	0	3	17	0	0	0	17	0	0	0.866		99.9884	39.8374	0.212314	0	2.12339	0.209023	13.3417	1		0.0088623	11.9552	43.1058	0	0	0	
2024-06-25 13:36:19	360	1064	1	0	0	0	1	0	0	0	1	0	0	0.5	1	0	0	0	1	0	0	0.433		100.001	39.4207	0.418735	0	4.1873	0.025692	13.1548	1		0.0088623	12.0616	45.9646	0	0	0	
2024-06-25 13:54:49	505	1065	1	0	0	3.5	15	0	0	4.25	15	0	0	2.75	15	0	0	5	15	0	0	0.389		99.9894	20.8231	0.255455	0	2.55482	0.0179936	12.0393	1		0.0088623	12.0616	42.4561	0	0	0	
2024-06-25 13:38:55	380	1066	1	0	0	2	9	0	0	0	9	0	0	3.5	9	0	0	0	9	0	0	1.299		99.9886	40.2361	0.144558	0	1.44574	0.0380536	13.6258	1		0	12.0616	44.2753	0	0	0	
2024-06-25 13:47:17	445	1067	5	0	0	7	29	0	0	0	29	0	0	2.5	29	0	0	0	29	0	0	3.897		99.9838	40.0023	0.0558985	0	0.559076	0.15962	15.8075	1		0.0088623	12.0616	42.586	0	0	0	
2024-06-25 13:45:53	434	1068	1	0	0	7	29	0	0	0	29	0	0	2	29	0	0	0	29	0	0	4.33		99.9851	39.9994	0.0500773	0	0.500847	0.249779	15.7346	1		0.0088623	12.0616	42.586	0	0	0	
2024-06-25 13:35:55	357	1069	9	0	0	0	1	0	0	0	1	0	0	7.5	1	0	0	0	1	0	0	6.494		99.9987	39.4398	0.0359597	0	0.359602	0.207125	16.9458	1		0	12.0616	46.2245	0	0	0	
2024-06-25 13:35:48	356	1070	5	0	0	0	1	0	0	0	1	0	0	6.25	1	0	0	0	1	0	0	5.412		99.9979	39.4368	0.0433734	0	0.433743	0.0689792	17.0331	1		0	12.0616	46.3544	0	0	0	
2024-06-25 13:43:15	415	1071	1	0	0	5	21	0	0	0	21	0	0	0.5	21	0	0	0	21	0	0	3.897		99.9831	40.0666	0.0602994	0	0.603096	0.226371	17.0521	2		0.0088623	12.0616	42.9758	0	0	0	
2024-06-25 13:53:23	493	1072	1	0	0	1.25	6	0	0	0	6	0	0	0.5	6	0	0	0	6	0	0	0.649		99.9854	39.8586	0.287686	0	2.87728	0.131664	13.5589	1		0	12.0616	42.4561	0	0	0	
2024-06-25 13:43:15	415	1073	5	0	0	5	21	0	0	0	21	0	0	7	21	0	0	0	21	0	0	1.732		99.9831	40.0666	0.112104	0	1.12123	0.012045	14.0898	2		0.0088623	12.0616	42.9758	0	0	0	
2024-06-25 13:38:10	374	1074	1	0	0	2	9	0	0	0	9	0	0	0.25	9	0	0	0	9	0	0	1.515		99.9958	40.2536	0.128954	0	1.2896	0.104698	14.1799	1		0	12.0616	44.7951	0	0	0	
2024-06-25 13:41:19	399	1075	5	0	0	4	17	0	0	0	17	0	0	7	17	0	0	0	17	0	0	2.598		99.9915	40.0004	0.0763826	0	0.763891	0.0836632	14.399	1		0	12.0616	43.4956	0	0	0	
2024-06-25 13:40:04	389	1076	9	0	0	3	13	0	0	0	13	0	0	5.5	13	0	0	0	13	0	0	2.165		99.9893	41.3549	0.0956951	0	0.957053	0.350457	15.0334	1		0	12.0616	43.8855	0	0	0	
2024-06-25 13:39:49	387	1077	9	0	0	3	13	0	0	0	13	0	0	4.25	13	0	0	0	13	0	0	1.082		99.992	41.383	0.168477	0	1.68491	0.137921	13.2332	1		0	12.0616	44.0154	0	0	0	
2024-06-25 13:46:33	439	1078	5	0	0	7	29	0	0	0	29	0	0	7.75	29	0	0	0	29	0	0	0.649		99.9836	40.0011	0.32417	0	3.24223	0.149066	15.2787	1		0.0088623	12.0616	42.586	0	0	0	
2024-06-25 13:46:18	437	1079	9	0	0	7	29	0	0	0	29	0	0	6.5	29	0	0	0	29	0	0	0.433		99.9837	39.9903	0.466671	0	4.66747	0.167468	14.6633	1		0.0088623	12.0616	42.586	0	0	0	
2024-06-25 13:37:04	365	1080	5	0	0	1	5	0	0	0	5	0	0	6	5	0	0	0	5	0	0	4.33		99.9963	39.2231	0.0554766	0	0.554786	0.64534	17.4291	1		0.0088623	12.0616	45.3149	0	0	0	
2024-06-25 13:37:33	369	1081	9	0	0	1	5	0	0	0	5	0	0	4.75	5	0	0	0	5	0	0	3.247		99.998	39.2362	0.0706532	0	0.706546	0.681916	16.6476	1		0	12.0616	45.055	0	0	0	
2024-06-25 13:51:13	476	1082	9	0	0	4.75	20	0	0	0	20	0	0	5	20	0	0	0	20	0	0	0.216		99.9851	39.6831	0.795075	0	7.95194	0.242071	12.4909	1		0	12.0616	42.4561	0	0	0	
2024-06-25 13:44:46	426	1083	9	0	0	6	25	0	0	0	25	0	0	5	25	0	0	0	25	0	0	0.866		99.9799	40.0588	0.223874	0	2.23919	0.434465	14.0692	1		0.0088623	12.0616	42.7159	0	0	0	
2024-06-25 13:45:14	429	1084	1	0	0	6	25	0	0	0	25	0	0	3.75	25	0	0	0	25	0	0	1.948		99.9848	40.0404	0.0994113	0	0.994264	0.00675639	14.0561	1		0.0088623	12.0616	42.7159	0	0	0	
2024-06-25 13:37:47	371	1085	5	0	0	1	5	0	0	0	5	0	0	0	5	0	0	0	5	0	0	0.866		99.9948	39.2241	0.205803	0	2.05813	0.10282	12.9316	1		0.0088623	12.0616	44.925	0	0	0	
2024-06-25 13:50:05	467	1086	9	0	0	0.75	4	0	0	0	4	0	0	7	4	0	0	0	4	0	0	5.412		99.979	39.9756	0.0424219	0	0.424308	0.0371588	16.6625	1		0.0088623	12.0616	42.4561	0	0	0	
2024-06-25 13:42:31	409	1087	5	0	0	4	17	0	0	0	17	0	0	0.25	17	0	0	0	17	0	0	3.247		99.9875	39.8334	0.0600241	0	0.600316	0.0868571	14.1446	1		0	12.0616	43.1058	0	0	0	
2024-06-25 13:47:49	449	1088	1	0	0	7.75	32	0	0	0	32	0	0	2.75	32	0	0	0	32	0	0	4.33		99.9871	39.96	0.0478854	0	0.478915	0.114495	15.0456	1		0.0088623	12.0616	42.586	0	0	0	
2024-06-25 13:44:21	423	1089	1	0	0	6	25	0	0	0	25	0	0	0	25	0	0	0	25	0	0	5.195		99.9819	40.0357	0.055728	0	0.557381	0.0384886	21.0128	1		0.0088623	12.0616	42.8459	0	0	0	
2024-06-25 13:38:48	379	1090	1	0	0	2	9	0	0	0	9	0	0	2.75	9	0	0	0	9	0	0	0.649		99.9926	40.2073	0.292927	0	2.92949	0.207871	13.8049	1		0.0088623	12.0616	44.2753	0	0	0	
2024-06-25 13:46:00	435	1091	1	0	0	7	29	0	0	0	29	0	0	1.25	29	0	0	0	29	0	0	4.979		99.9846	40.0115	0.0476834	0	0.476907	0.0202066	17.2299	2		0	12.0616	42.586	0	0	0	
2024-06-25 13:34:52	350	1092	5	0	0	0	1	0	0	0	1	0	0	5.5	1	0	0	0	1	0	0	4.762		99.9966	39.5184	0.0637824	0	0.637846	0.554846	22.0424	2		0.0088623	12.0705	47.1341	0	0	0	
2024-06-25 13:35:41	355	1093	9	0	0	0	1	0	0	0	1	0	0	4.25	1	0	0	0	1	0	0	3.68		99.9981	39.4352	0.0560882	0	0.560892	0.045391	14.9778	1		0	12.0616	46.4844	0	0	0	
