Time	MeasID	DPID	Channel	A(x)	A(y)	A(z)	A(adr)	B(x)	B(y)	B(z)	B(adr)	M(x)	M(y)	M(z)	M(adr)	N(x)	N(y)	N(z)	N(adr)	F(x)	F(y)	F(z)	Note	I(mA)	Uout(V)	U(V)	SP(V)	R(Ohm)	Var(%)	Rho-a(Ohm-m)	Cycles	IP Delay Window(mV/V)	Pint(V)	Pext(V)	T int(deg C)	T log(deg C)	Latitude	Longitude
2024-06-30 08:56:17	439	1006	5	0	0	7.75	32	0	0	0	32	0	0	2	32	0	0	0	32	0	0	4.979		99.9026	46.5114	0.0423545	0	0.423957	0.0255822	15.3169	1		0	12.0439	34.5294	0	0	0	
2024-06-30 08:50:41	395	1007	9	0	0	5	21	0	0	0	21	0	0	7.5	21	0	0	0	21	0	0	2.165		99.8988	47.5837	0.0909553	0	0.910475	0.276765	14.3017	1		0	12.0439	34.9192	0	0	0	
2024-06-30 08:51:03	398	1008	5	0	0	5	21	0	0	0	21	0	0	6.25	21	0	0	0	21	0	0	1.082		99.899	47.56	0.192687	0	1.92882	0.0281718	15.1489	2		0	12.0439	34.7893	0	0	0	
2024-06-30 08:47:30	370	1009	1	0	0	3	13	0	0	0	13	0	0	1.75	13	0	0	0	13	0	0	1.082		99.9099	47.7749	0.173397	0	1.73553	0.36944	13.6308	1		0	12.0439	35.6989	0	0	0	
2024-06-30 08:55:41	434	1010	5	0	0	7.75	32	0	0	0	32	0	0	6.75	32	0	0	0	32	0	0	0.866		99.8985	46.5182	0.252311	0	2.52567	0.2704	15.8693	1		0	12.0439	34.5294	0	0	0	
2024-06-30 09:01:31	479	1011	1	0	0	3.25	14	0	0	0	14	0	0	2.5	14	0	0	0	14	0	0	0.649		99.8971	47.8478	0.300132	0	3.00441	0.371897	14.158	1		0	12.0439	34.2695	0	0	0	
2024-06-30 08:48:54	381	1012	9	0	0	4	17	0	0	0	17	0	0	7.5	17	0	0	0	17	0	0	3.031		99.9049	47.6157	0.0664778	0	0.665411	0.120679	14.6331	1		0	12.0439	35.309	0	0	0	
2024-06-30 08:49:16	384	1013	5	0	0	4	17	0	0	0	17	0	0	6.25	17	0	0	0	17	0	0	1.948		99.9041	47.6324	0.102197	0	1.02296	0.0211615	14.4617	1		0	12.0439	35.1791	0	0	0	
2024-06-30 08:48:24	377	1014	1	0	0	3	13	0	0	0	13	0	0	3.5	13	0	0	0	13	0	0	0.433		99.9047	47.7781	0.487472	0	4.87937	0.197504	15.329	1		0	11.9375	35.439	0	0	0	
2024-06-30 08:46:33	362	1015	5	0	0	2	9	0	0	0	9	0	0	6.75	9	0	0	0	9	0	0	4.113		99.9077	46.9708	0.0542498	0	0.542999	0.546929	16.2059	1		0	11.9375	35.8288	0	0	0	
2024-06-30 08:54:21	423	1016	9	0	0	7	29	0	0	0	29	0	0	5.75	29	0	0	0	29	0	0	1.082		99.897	46.6989	0.18642	0	1.86612	0.121835	14.6565	1		0	12.0439	34.6593	0	0	0	
2024-06-30 08:53:37	417	1017	5	0	0	7	29	0	0	0	29	0	0	4.5	29	0	0	0	29	0	0	2.165		99.8999	46.6873	0.090907	0	0.90998	0.604717	14.2939	1		0	12.0439	34.6593	0	0	0	
2024-06-30 08:44:51	349	1018	5	0	0	1	5	0	0	0	5	0	0	5.25	5	0	0	0	5	0	0	3.68		99.9158	46.5534	0.0669228	0	0.669792	0.121008	17.8858	1		0	12.0439	36.8684	0	0	0	
2024-06-30 08:45:08	351	1019	5	0	0	1	5	0	0	0	5	0	0	4	5	0	0	0	5	0	0	2.598		99.9117	46.5542	0.0735004	0	0.735654	0.0821784	13.8668	1		0	12.0439	36.6085	0	0	0	
2024-06-30 08:59:52	467	1020	1	0	0	4.75	20	0	0	0	20	0	0	3	20	0	0	0	20	0	0	1.515		99.8972	47.4691	0.12535	0	1.25479	0.287778	13.7971	1		0	12.0439	34.3994	0	0	0	
2024-06-30 08:53:22	415	1021	5	0	0	6	25	0	0	0	25	0	0	3	25	0	0	0	25	0	0	2.598		99.899	47.4941	0.0777411	0	0.778196	0.352743	14.6687	1		0	12.0439	34.6593	0	0	0	
2024-06-30 08:46:33	362	1022	1	0	0	2	9	0	0	0	9	0	0	2.25	9	0	0	0	9	0	0	0.216		99.9077	46.9708	0.915209	0	9.16054	0.203815	14.3893	1		0	11.9375	35.8288	0	0	0	
2024-06-30 08:54:42	426	1023	1	0	0	7	29	0	0	0	29	0	0	0.5	29	0	0	0	29	0	0	5.628		99.8921	46.7498	0.0426923	0	0.427384	0.0995138	17.4547	1		0	12.0439	34.5294	0	0	0	
2024-06-30 08:42:56	336	1024	1	0	0	0	1	0	0	0	1	0	0	3.5	1	0	0	0	1	0	0	3.031		99.9209	46.657	0.0715033	0	0.715599	0.0761237	15.7368	2		0	12.0439	38.2978	0	0	0	
2024-06-30 09:01:23	478	1025	1	0	0	1.75	8	0	0	0	8	0	0	0	8	0	0	0	8	0	0	1.515		99.8979	47.793	0.123633	0	1.2376	0.0376234	13.6081	1		0	12.0439	34.2695	0	0	0	
2024-06-30 08:52:28	408	1026	5	0	0	6	25	0	0	0	25	0	0	7	25	0	0	0	25	0	0	0.866		99.8994	47.4699	0.247771	0	2.4802	0.0654414	15.5836	1		0	12.0439	34.7893	0	0	0	
2024-06-30 09:00:40	472	1027	1	0	0	6.5	27	0	0	0	27	0	0	1.25	27	0	0	0	27	0	0	4.546		99.8957	47.0994	0.0566982	0	0.567574	0.585519	18.7224	1		0	12.0439	34.2695	0	0	0	
2024-06-30 08:55:56	436	1028	1	0	0	7.75	32	0	0	0	32	0	0	1.25	32	0	0	0	32	0	0	5.628		99.8994	46.4962	0.0400438	0	0.400841	0.270941	16.3706	1		0	12.0439	34.5294	0	0	0	
2024-06-30 08:50:48	396	1029	5	0	0	5	21	0	0	0	21	0	0	5.5	21	0	0	0	21	0	0	0.433		99.897	47.5873	0.518868	0	5.19403	0.204139	16.3175	1		0	12.0439	34.9192	0	0	0	
2024-06-30 08:50:31	394	1030	9	0	0	5	21	0	0	0	21	0	0	4.25	21	0	0	0	21	0	0	0.649		99.9009	47.5641	0.318452	0	3.18768	0.0348904	15.0216	2		0	12.0439	34.9192	0	0	0	
2024-06-30 08:48:07	375	1031	1	0	0	3	13	0	0	0	13	0	0	1	13	0	0	0	13	0	0	1.732		99.905	47.7286	0.108167	0	1.0827	0.0390973	13.6056	2		0	12.0439	35.439	0	0	0	
2024-06-30 08:44:44	348	1032	1	0	0	1	5	0	0	0	5	0	0	2	5	0	0	0	5	0	0	0.866		99.9192	46.5657	0.209457	0	2.09626	0.183536	13.1712	1		0	12.0439	36.8684	0	0	0	
2024-06-30 08:57:23	447	1033	9	0	0	1.75	8	0	0	0	8	0	0	6	8	0	0	0	8	0	0	3.68		99.9001	47.9154	0.0613585	0	0.614199	0.914589	16.4013	1		0	12.0439	34.5294	0	0	0	
2024-06-30 08:50:06	391	1034	1	0	0	4	17	0	0	0	17	0	0	2.25	17	0	0	0	17	0	0	1.515		99.8998	47.6154	0.119261	0	1.19381	0.112562	13.1266	1		0	12.0439	35.0491	0	0	0	
2024-06-30 08:55:48	435	1035	5	0	0	7.75	32	0	0	0	32	0	0	6	32	0	0	0	32	0	0	1.515		99.9023	46.5088	0.131351	0	1.3148	0.0277632	14.457	1		0	12.0439	34.3994	0	0	0	
2024-06-30 08:55:19	431	1036	5	0	0	7.75	32	0	0	0	32	0	0	4.75	32	0	0	0	32	0	0	2.598		99.8978	46.5135	0.0761248	0	0.762027	0.206396	14.3639	1		0	12.0439	34.3994	0	0	0	
2024-06-30 08:53:14	414	1037	5	0	0	6	25	0	0	0	25	0	0	2	25	0	0	0	25	0	0	3.464		99.9007	47.4966	0.070323	0	0.703929	0.0731844	17.6917	1		0	11.9375	34.6593	0	0	0	
2024-06-30 08:49:08	383	1038	9	0	0	4	17	0	0	0	17	0	0	5.5	17	0	0	0	17	0	0	1.299		99.902	47.6047	0.154185	0	1.54336	0.0810479	14.5458	1		0	12.0439	35.309	0	0	0	
2024-06-30 08:49:38	387	1039	5	0	0	4	17	0	0	0	17	0	0	4.25	17	0	0	0	17	0	0	0.216		99.9001	47.6351	1.04605	0	10.471	0.0574421	16.4478	1		0	12.0439	35.1791	0	0	0	
2024-06-30 08:43:56	343	1040	1	0	0	0	1	0	0	0	1	0	0	1.75	1	0	0	0	1	0	0	1.515		99.9137	46.7498	0.120262	0	1.20366	0.0756343	13.2349	1		0	12.0439	37.3882	0	0	0	
2024-06-30 09:02:28	487	1041	1	0	0	3.75	16	0	0	4	16	0	0	3.5	16	0	0	4.25	16	0	0	0.13		99.8955	21.4866	0.803728	0	8.04569	0.122079	12.6381	1		0	11.9375	34.3994	0	0	0	
2024-06-30 08:47:23	369	1042	1	0	0	3	13	0	0	0	13	0	0	2.75	13	0	0	0	13	0	0	0.216		99.9123	47.756	0.892497	0	8.93281	0.696866	14.0316	1		0	12.0439	35.439	0	0	0	
2024-06-30 08:46:19	360	1043	9	0	0	2	9	0	0	0	9	0	0	6	9	0	0	0	9	0	0	3.464		99.9097	46.9596	0.0689824	0	0.690448	0.228045	17.3529	1		0	12.0439	35.9588	0	0	0	
2024-06-30 08:45:51	357	1044	9	0	0	2	9	0	0	0	9	0	0	4.75	9	0	0	0	9	0	0	2.381		99.9105	46.9269	0.0835985	0	0.836734	0.0501927	14.4577	2		0	12.0439	35.9588	0	0	0	
2024-06-30 08:53:51	419	1045	5	0	0	7	29	0	0	0	29	0	0	5	29	0	0	0	29	0	0	1.732		99.8975	46.73	0.111274	0	1.11388	0.24275	13.9975	1		0	12.0439	34.6593	0	0	0	
2024-06-30 08:53:59	420	1046	1	0	0	7	29	0	0	0	29	0	0	3.75	29	0	0	0	29	0	0	2.814		99.8947	46.7159	0.0712143	0	0.712893	0.221612	14.5575	1		0	12.0439	34.6593	0	0	0	
2024-06-30 08:45:30	354	1047	1	0	0	1	5	0	0	0	5	0	0	3.25	5	0	0	0	5	0	0	1.948		99.9105	46.6094	0.0949158	0	0.950009	0.0760511	13.4304	1		0	12.0439	36.4785	0	0	0	
2024-06-30 08:56:53	444	1048	9	0	0	2.75	12	0	0	0	12	0	0	5	12	0	0	0	12	0	0	1.948		99.8989	47.3534	0.0949742	0	0.950704	0.30688	13.4403	1		0	12.0439	34.5294	0	0	0	
2024-06-30 08:50:55	397	1049	1	0	0	5	21	0	0	0	21	0	0	1.75	21	0	0	0	21	0	0	2.814		99.8958	47.6174	0.0822922	0	0.823781	0.694452	16.8219	1		0	12.0439	34.9192	0	0	0	
2024-06-30 08:47:15	368	1050	1	0	0	2	9	0	0	0	9	0	0	1.5	9	0	0	0	9	0	0	0.433		99.9097	47.0616	0.474157	0	4.74585	0.139069	14.9095	1		0	12.0439	35.6989	0	0	0	
2024-06-30 08:43:45	342	1051	1	0	0	0	1	0	0	0	1	0	0	2.75	1	0	0	0	1	0	0	2.381		99.9153	46.7311	0.169447	0	1.6959	0.0421396	29.3031	2		0	12.0439	37.5181	0	0	0	
2024-06-30 08:56:46	443	1052	9	0	0	3.25	14	0	0	0	14	0	0	4.5	14	0	0	0	14	0	0	1.082		99.9012	47.8798	0.173034	0	1.73206	0.110118	13.6035	1		0	12.0439	34.5294	0	0	0	
2024-06-30 08:48:17	376	1053	5	0	0	3	13	0	0	0	13	0	0	6.75	13	0	0	0	13	0	0	3.247		99.907	47.7408	0.0684555	0	0.685192	0.475077	16.1445	1		0	12.0439	35.1791	0	0	0	
2024-06-30 08:44:25	346	1054	9	0	0	1	5	0	0	0	5	0	0	7.25	5	0	0	0	5	0	0	5.412		99.916	46.5715	0.0572749	0	0.573231	0.751163	22.5107	2		0	12.0439	36.9983	0	0	0	
2024-06-30 08:52:49	411	1055	5	0	0	6	25	0	0	0	25	0	0	7.5	25	0	0	0	25	0	0	1.299		99.897	47.4725	0.154303	0	1.54462	0.0769207	14.5577	1		0	12.0439	34.5294	0	0	0	
2024-06-30 08:52:57	412	1056	5	0	0	6	25	0	0	0	25	0	0	6.25	25	0	0	0	25	0	0	0.216		99.8949	47.4384	0.997289	0	9.98339	0.00661422	15.6819	2		0	12.0439	34.6593	0	0	0	
2024-06-30 08:56:10	438	1057	1	0	0	7.75	32	0	0	0	32	0	0	0.5	32	0	0	0	32	0	0	6.278		99.9014	46.5219	0.0361655	0	0.362012	0.291628	16.4907	1		0	12.0439	34.5294	0	0	0	
2024-06-30 08:51:22	400	1058	1	0	0	5	21	0	0	0	21	0	0	3.5	21	0	0	0	21	0	0	1.299		99.901	47.5468	0.141816	0	1.41957	0.00579588	13.3791	1		0	12.0439	34.9192	0	0	0	
2024-06-30 08:48:31	378	1059	5	0	0	3	13	0	0	0	13	0	0	0.25	13	0	0	0	13	0	0	2.381		99.9062	47.8068	0.0789747	0	0.790488	0.0548764	13.6587	1		0.0088623	12.0439	35.439	0	0	0	
2024-06-30 08:45:44	356	1060	1	0	0	1	5	0	0	0	5	0	0	1.25	5	0	0	0	5	0	0	0.216		99.9097	46.6078	0.900524	0	9.01338	0.177035	14.1582	1		0	12.0439	36.3486	0	0	0	
2024-06-30 08:48:54	381	1061	1	0	0	4	17	0	0	0	17	0	0	1.5	17	0	0	0	17	0	0	2.165		99.9049	47.6157	0.0852196	0	0.853006	0.287088	13.399	1		0	12.0439	35.309	0	0	0	
2024-06-30 08:57:30	448	1062	9	0	0	1.5	7	0	0	0	7	0	0	6.25	7	0	0	0	7	0	0	4.113		99.8981	47.0891	0.0709086	0	0.70981	0.970756	21.1844	2		0	12.0439	34.3994	0	0	0	
2024-06-30 08:55:34	433	1063	5	0	0	7.75	32	0	0	0	32	0	0	5.25	32	0	0	0	32	0	0	2.165		99.8973	46.5188	0.090313	0	0.904059	0.224094	14.2009	1		0	12.0439	34.5294	0	0	0	
2024-06-30 08:55:04	429	1064	5	0	0	7.75	32	0	0	0	32	0	0	4	32	0	0	0	32	0	0	3.247		99.8948	46.5626	0.0604743	0	0.60538	0.383822	14.2639	1		0	12.0439	34.5294	0	0	0	
2024-06-30 08:52:20	407	1065	1	0	0	6	25	0	0	0	25	0	0	1.25	25	0	0	0	25	0	0	4.113		99.8946	47.4876	0.0582759	0	0.583374	0.750248	17.4109	1		0	12.0439	34.6593	0	0	0	
2024-06-30 08:49:59	390	1066	5	0	0	4	17	0	0	0	17	0	0	3.5	17	0	0	0	17	0	0	0.433		99.898	47.6184	0.527495	0	5.28034	0.0728758	16.5887	1		0	12.0439	35.0491	0	0	0	
2024-06-30 08:43:24	339	1067	1	0	0	0	1	0	0	0	1	0	0	1	1	0	0	0	1	0	0	0.866		99.9186	46.7258	0.214781	0	2.14956	0.134752	13.5061	1		0	12.0439	37.778	0	0	0	
2024-06-30 08:46:08	359	1068	5	0	0	2	9	0	0	0	9	0	0	5.25	9	0	0	0	9	0	0	2.814		99.9057	46.9754	0.0846612	0	0.847411	0.0902542	17.3044	2		0	12.0439	35.9588	0	0	0	
2024-06-30 08:46:02	358	1069	9	0	0	2	9	0	0	0	9	0	0	4	9	0	0	0	9	0	0	1.732		99.9102	46.962	0.107026	0	1.07122	0.000115681	13.4613	1		0	12.0439	36.2187	0	0	0	
2024-06-30 09:01:38	480	1070	1	0	0	3.5	15	0	0	0	15	0	0	2.25	15	0	0	0	15	0	0	1.082		99.8984	47.2056	0.168905	0	1.69076	0.244924	13.2792	1		0	11.9375	34.3994	0	0	0	
2024-06-30 08:54:14	422	1071	1	0	0	7	29	0	0	0	29	0	0	3	29	0	0	0	29	0	0	3.464		99.8971	46.6886	0.0594566	0	0.595178	0.051454	14.9585	1		0	12.0439	34.3994	0	0	0	
2024-06-30 08:44:25	346	1072	1	0	0	1	5	0	0	0	5	0	0	2.5	5	0	0	0	5	0	0	1.299		99.916	46.5715	0.148229	0	1.48354	0.0709959	13.982	2		0	12.0439	36.9983	0	0	0	
2024-06-30 08:43:16	338	1073	5	0	0	0	1	0	0	0	1	0	0	6.75	1	0	0	0	1	0	0	5.845		99.9194	46.6789	0.0403648	0	0.403974	0.598563	17.1331	1		0	12.0439	38.0379	0	0	0	
2024-06-30 08:58:34	456	1074	1	0	0	2.75	12	0	0	0	12	0	0	3	12	0	0	0	12	0	0	0.216		99.8964	47.3243	0.899631	0	9.00563	0.229623	14.146	1		0	12.0439	34.3994	0	0	0	
2024-06-30 08:51:14	399	1075	1	0	0	5	21	0	0	0	21	0	0	1	21	0	0	0	21	0	0	3.464		99.9004	47.5448	0.0664155	0	0.664817	0.723839	16.7087	1		0	12.0439	34.9192	0	0	0	
2024-06-30 09:03:48	496	1076	1	0	0	0.5	3	0	0	7.25	3	0	0	2.75	3	0	0	5	3	0	0	1.168		99.897	22.6449	0.07379	0	0.73866	0.139251	10.4426	2		0	12.0439	34.2695	0	0	0	
2024-06-30 08:59:17	462	1077	9	0	0	6.75	28	0	0	0	28	0	0	7	28	0	0	0	28	0	0	0.216		99.8966	46.6984	0.966581	0	9.67581	0.339454	15.1987	1		0	12.0439	34.3994	0	0	0	
2024-06-30 08:46:08	359	1078	1	0	0	2	9	0	0	0	9	0	0	0.75	9	0	0	0	9	0	0	1.082		99.9057	46.9754	0.16855	0	1.68709	0.122109	13.2504	2		0	12.0439	35.9588	0	0	0	
2024-06-30 08:47:23	369	1079	9	0	0	3	13	0	0	0	13	0	0	6	13	0	0	0	13	0	0	2.598		99.9123	47.756	0.0774189	0	0.774868	0.38171	14.6059	1		0	12.0439	35.439	0	0	0	
2024-06-30 08:47:30	370	1080	9	0	0	3	13	0	0	0	13	0	0	4.75	13	0	0	0	13	0	0	1.515		99.9099	47.7749	0.125307	0	1.2542	0.331557	13.7907	1		0	12.0439	35.6989	0	0	0	
2024-06-30 08:44:25	346	1081	5	0	0	1	5	0	0	0	5	0	0	7.75	5	0	0	0	5	0	0	5.845		99.916	46.5715	0.0392172	0	0.392502	0.165651	16.6466	2		0	12.0439	36.9983	0	0	0	
2024-06-30 08:44:51	349	1082	9	0	0	1	5	0	0	0	5	0	0	6.5	5	0	0	0	5	0	0	4.762		99.9158	46.5534	0.050952	0	0.509949	0.0766078	17.6226	1		0	12.0439	36.8684	0	0	0	
2024-06-30 08:52:42	410	1083	9	0	0	6	25	0	0	0	25	0	0	5.5	25	0	0	0	25	0	0	0.433		99.8972	47.4731	0.529055	0	5.296	0.0742313	16.6379	1		0.0088623	12.0439	34.7893	0	0	0	
2024-06-30 08:52:36	409	1084	5	0	0	6	25	0	0	0	25	0	0	4.25	25	0	0	0	25	0	0	1.515		99.9008	47.4805	0.12809	0	1.28217	0.0276105	14.0982	1		0	12.0439	34.6593	0	0	0	
2024-06-30 08:50:41	395	1085	1	0	0	5	21	0	0	0	21	0	0	2.75	21	0	0	0	21	0	0	1.948		99.8988	47.5837	0.0954327	0	0.955294	0.250296	13.5051	1		0	12.0439	34.9192	0	0	0	
2024-06-30 08:44:51	349	1086	1	0	0	1	5	0	0	0	5	0	0	0.5	5	0	0	0	5	0	0	0.433		99.9158	46.5534	0.491201	0	4.91615	0.314989	15.4445	1		0	12.0439	36.8684	0	0	0	
2024-06-30 08:49:52	389	1087	1	0	0	4	17	0	0	0	17	0	0	0.75	17	0	0	0	17	0	0	2.814		99.8987	47.6248	0.0734794	0	0.735538	0.185528	15.02	1		0	12.0439	35.1791	0	0	0	
2024-06-30 08:55:11	430	1088	1	0	0	7.75	32	0	0	0	32	0	0	3.25	32	0	0	0	32	0	0	3.897		99.8971	46.5258	0.0511576	0	0.512103	0.271277	14.4794	1		0	12.0439	34.5294	0	0	0	
2024-06-30 09:02:59	491	1089	1	0	0	2.75	12	0	0	5	12	0	0	0.5	12	0	0	7.25	12	0	0	1.168		99.8975	22.6622	0.0733248	0	0.734001	0.174789	10.3767	1		0	12.0439	34.3994	0	0	0	
2024-06-30 08:57:40	449	1090	9	0	0	1.25	6	0	0	0	6	0	0	6.5	6	0	0	0	6	0	0	4.546		99.8982	47.6277	0.053186	0	0.532402	0.3732	17.5622	1		0	12.0439	34.5294	0	0	0	
2024-06-30 08:52:36	409	1091	1	0	0	6	25	0	0	0	25	0	0	0.5	25	0	0	0	25	0	0	4.762		99.9008	47.4805	0.051267	0	0.51318	0.612442	17.7342	1		0	12.0439	34.6593	0	0	0	
2024-06-30 08:50:06	391	1092	5	0	0	4	17	0	0	0	17	0	0	2.75	17	0	0	0	17	0	0	1.082		99.8998	47.6154	0.169671	0	1.69841	0.125404	13.3393	1		0	12.0439	35.0491	0	0	0	
2024-06-30 08:42:26	333	1093	1	0	0	0	1	0	0	0	1	0	0	0.25	1	0	0	0	1	0	0	0.216		99.9187	46.6916	0.903906	0	9.04641	0.165972	14.2101	2		0	12.0793	38.6876	0	0	0	
2024-06-30 08:46:40	363	1094	1	0	0	2	9	0	0	0	9	0	0	3.25	9	0	0	0	9	0	0	1.082		99.9086	46.9834	0.170133	0	1.70289	0.0539242	13.3745	1		0	12.0439	35.6989	0	0	0	
2024-06-30 08:54:57	428	1095	5	0	0	7	29	0	0	0	29	0	0	1.75	29	0	0	0	29	0	0	4.546		99.8986	46.7023	0.0528198	0	0.528734	0.397899	17.4412	1		0	12.0439	34.5294	0	0	0	
2024-06-30 08:43:31	340	1096	9	0	0	0	1	0	0	0	1	0	0	6	1	0	0	0	1	0	0	5.195		99.9208	46.723	0.0575655	0	0.576112	0.396256	21.7189	1		0	12.0439	37.6481	0	0	0	
2024-06-30 08:42:49	335	1097	5	0	0	0	1	0	0	0	1	0	0	4.75	1	0	0	0	1	0	0	4.113		99.9229	46.6906	0.0526999	0	0.527406	0.129288	15.7405	1		0	12.0439	38.5577	0	0	0	
2024-06-30 09:00:54	474	1098	1	0	0	7.25	30	0	0	0	30	0	0	0.5	30	0	0	0	30	0	0	5.845		99.8982	46.8335	0.0537114	0	0.537661	0.683465	22.803	1		0	12.0439	34.3994	0	0	0	
2024-06-30 08:51:29	401	1099	1	0	0	5	21	0	0	0	21	0	0	0.25	21	0	0	0	21	0	0	4.113		99.8976	47.5704	0.0522377	0	0.522912	0.335426	15.6064	1		0	12.0439	34.7893	0	0	0	
2024-06-30 08:50:20	393	1100	5	0	0	5	21	0	0	0	21	0	0	6.75	21	0	0	0	21	0	0	1.515		99.8997	47.5693	0.141202	0	1.41344	0.0947544	15.5416	2		0	12.0439	35.0491	0	0	0	
2024-06-30 08:48:38	379	1101	5	0	0	3	13	0	0	0	13	0	0	2.25	13	0	0	0	13	0	0	0.649		99.9061	47.7916	0.301055	0	3.01338	0.166651	14.2002	1		0	12.0439	35.1791	0	0	0	
2024-06-30 08:45:51	357	1102	1	0	0	2	9	0	0	0	9	0	0	0	9	0	0	0	9	0	0	1.732		99.9105	46.9269	0.168114	0	1.68265	0.676947	21.1448	2		0	12.0439	35.9588	0	0	0	
2024-06-30 08:59:24	463	1103	9	0	0	6.5	27	0	0	0	27	0	0	7.25	27	0	0	0	27	0	0	0.649		99.8977	47.2207	0.339846	0	3.40195	0.193879	16.0313	1		0	12.0439	34.3994	0	0	0	
2024-06-30 08:55:11	430	1104	5	0	0	7.75	32	0	0	0	32	0	0	7.25	32	0	0	0	32	0	0	0.433		99.8971	46.5258	0.544653	0	5.45214	0.234552	17.1284	1		0	12.0439	34.5294	0	0	0	
2024-06-30 09:01:02	475	1105	1	0	0	7.5	31	0	0	0	31	0	0	0.25	31	0	0	0	31	0	0	6.278		99.8957	46.4165	0.0355928	0	0.3563	0.241226	16.2306	1		0	12.0439	34.3994	0	0	0	
2024-06-30 08:58:12	453	1106	1	0	0	0.75	4	0	0	0	4	0	0	1	4	0	0	0	4	0	0	0.216		99.8994	47.7652	0.919442	0	9.20368	0.15872	14.4571	1		0	12.0439	34.3994	0	0	0	
2024-06-30 09:00:09	469	1107	1	0	0	5.5	23	0	0	0	23	0	0	2.25	23	0	0	0	23	0	0	2.814		99.8981	47.1437	0.0906905	0	0.90783	0.224399	18.5382	2		0	12.0439	34.3994	0	0	0	
2024-06-30 08:49:01	382	1108	5	0	0	4	17	0	0	0	17	0	0	6.75	17	0	0	0	17	0	0	2.381		99.9043	47.6171	0.0851338	0	0.852153	0.0566989	14.7242	1		0	12.0439	35.1791	0	0	0	
2024-06-30 08:48:07	375	1109	5	0	0	3	13	0	0	0	13	0	0	5.25	13	0	0	0	13	0	0	1.948		99.905	47.7286	0.10321	0	1.03308	0.0236142	14.6049	2		0	12.0439	35.439	0	0	0	
2024-06-30 08:47:59	374	1110	9	0	0	3	13	0	0	0	13	0	0	4	13	0	0	0	13	0	0	0.866		99.9042	47.7543	0.224352	0	2.24567	0.075295	14.1099	1		0	12.0439	35.439	0	0	0	
2024-06-30 08:46:02	358	1111	5	0	0	2	9	0	0	0	9	0	0	7.25	9	0	0	0	9	0	0	4.546		99.9102	46.962	0.051357	0	0.514032	0.413876	16.9562	1		0	12.0439	36.2187	0	0	0	
2024-06-30 08:53:59	420	1112	5	0	0	7	29	0	0	0	29	0	0	7.5	29	0	0	0	29	0	0	0.433		99.8947	46.7159	0.511548	0	5.12087	0.180248	16.0877	1		0	12.0439	34.6593	0	0	0	
2024-06-30 08:54:28	424	1113	5	0	0	7	29	0	0	0	29	0	0	6.25	29	0	0	0	29	0	0	0.649		99.897	46.7068	0.339284	0	3.39634	0.330275	16.0049	1		0	12.0439	34.3994	0	0	0	
2024-06-30 08:44:10	345	1114	9	0	0	1	5	0	0	0	5	0	0	5.75	5	0	0	0	5	0	0	4.113		99.9175	46.4558	0.0521693	0	0.522124	0.0824733	15.5829	4		0	12.0439	36.9983	0	0	0	
2024-06-30 08:45:16	352	1115	9	0	0	1	5	0	0	0	5	0	0	4.5	5	0	0	0	5	0	0	3.031		99.9119	46.568	0.0740057	0	0.740709	0.230408	16.289	1		0	12.0439	36.6085	0	0	0	
2024-06-30 08:53:14	414	1116	1	0	0	6	25	0	0	0	25	0	0	3.5	25	0	0	0	25	0	0	2.165		99.9007	47.4966	0.0877991	0	0.878864	0.0221807	13.8052	1		0	11.9375	34.6593	0	0	0	
2024-06-30 08:49:16	384	1117	1	0	0	4	17	0	0	0	17	0	0	0	17	0	0	0	17	0	0	3.464		99.9041	47.6324	0.0667173	0	0.667814	0.00624341	16.784	1		0	12.0439	35.1791	0	0	0	
2024-06-30 08:56:10	438	1118	5	0	0	7.75	32	0	0	0	32	0	0	2.5	32	0	0	0	32	0	0	4.546		99.9014	46.5219	0.0485418	0	0.485897	0.0323664	16.0281	1		0	12.0439	34.5294	0	0	0	
2024-06-30 08:46:54	365	1119	1	0	0	2	9	0	0	0	9	0	0	2.5	9	0	0	0	9	0	0	0.433		99.9107	46.9903	0.46409	0	4.64505	0.161779	14.5929	1		0	12.0439	35.8288	0	0	0	
2024-06-30 08:53:37	417	1120	1	0	0	7	29	0	0	0	29	0	0	1	29	0	0	0	29	0	0	5.195		99.8999	46.6873	0.0461785	0	0.462248	0.656315	17.4263	1		0	12.0439	34.6593	0	0	0	
2024-06-30 08:43:06	337	1121	9	0	0	0	1	0	0	0	1	0	0	5.25	1	0	0	0	1	0	0	4.546		99.919	46.6637	0.0517338	0	0.517757	0.0921312	17.0791	2		0	12.0439	38.0379	0	0	0	
2024-06-30 08:42:26	333	1122	9	0	0	0	1	0	0	0	1	0	0	4	1	0	0	0	1	0	0	3.464		99.9187	46.6916	0.0652495	0	0.653026	0.0454307	16.4123	2		0	12.0793	38.6876	0	0	0	
2024-06-30 08:56:17	439	1123	1	0	0	7.75	32	0	0	0	32	0	0	1.75	32	0	0	0	32	0	0	5.195		99.9026	46.5114	0.0434996	0	0.43542	0.0572668	16.4149	1		0	12.0439	34.5294	0	0	0	
2024-06-30 08:51:22	400	1124	5	0	0	5	21	0	0	0	21	0	0	6	21	0	0	0	21	0	0	0.866		99.901	47.5468	0.23783	0	2.38066	0.00378953	14.9581	1		0	12.0439	34.9192	0	0	0	
2024-06-30 08:50:55	397	1125	9	0	0	5	21	0	0	0	21	0	0	4.75	21	0	0	0	21	0	0	0.216		99.8958	47.6174	0.936368	0	9.37345	0.127937	14.7238	1		0	12.0439	34.9192	0	0	0	
2024-06-30 08:47:38	371	1126	1	0	0	3	13	0	0	0	13	0	0	1.5	13	0	0	0	13	0	0	1.299		99.9117	47.7679	0.139072	0	1.39195	0.177405	13.1188	1		0	12.0439	35.6989	0	0	0	
2024-06-30 08:55:41	434	1127	9	0	0	7.75	32	0	0	0	32	0	0	6.5	32	0	0	0	32	0	0	1.082		99.8985	46.5182	0.194017	0	1.94214	0.228605	15.2535	1		0	12.0439	34.5294	0	0	0	
2024-06-30 08:57:16	446	1128	9	0	0	2.25	10	0	0	0	10	0	0	5.5	10	0	0	0	10	0	0	2.814		99.8986	48.0366	0.094157	0	0.942526	0.433636	19.2467	1		0	12.0439	34.5294	0	0	0	
2024-06-30 09:02:49	490	1129	1	0	0	3	13	0	0	4.75	13	0	0	1.25	13	0	0	6.5	13	0	0	0.908		99.897	23.1968	0.0795729	0	0.796549	0.0757479	8.75852	2		0	11.9641	34.3994	0	0	0	
2024-06-30 08:49:01	382	1130	9	0	0	4	17	0	0	0	17	0	0	6	17	0	0	0	17	0	0	1.732		99.9043	47.6171	0.111417	0	1.11524	0.0235267	14.0145	1		0	12.0439	35.1791	0	0	0	
2024-06-30 08:49:38	387	1131	9	0	0	4	17	0	0	0	17	0	0	4.75	17	0	0	0	17	0	0	0.649		99.9001	47.6351	0.330186	0	3.30516	0.144587	15.5752	1		0	12.0439	35.1791	0	0	0	
2024-06-30 08:44:03	344	1132	1	0	0	0	1	0	0	0	1	0	0	2.25	1	0	0	0	1	0	0	1.948		99.9184	46.8519	0.118402	0	1.18499	0.396018	16.7523	1		0	11.9464	37.2582	0	0	0	
2024-06-30 09:02:42	489	1133	1	0	0	3.25	14	0	0	4.5	14	0	0	2	14	0	0	5.75	14	0	0	0.649		99.8972	23.1678	0.14789	0	1.48042	0.356347	11.6272	1		0	12.0439	34.3994	0	0	0	
2024-06-30 08:48:31	378	1134	1	0	0	3	13	0	0	0	13	0	0	3.25	13	0	0	0	13	0	0	0.216		99.9062	47.8068	0.921561	0	9.22426	0.145611	14.4894	1		0.0088623	12.0439	35.439	0	0	0	
2024-06-30 08:46:47	364	1135	9	0	0	2	9	0	0	0	9	0	0	7.75	9	0	0	0	9	0	0	4.979		99.9048	47.0016	0.0436011	0	0.436426	0.185677	15.7673	1		0	12.0439	35.9588	0	0	0	
2024-06-30 08:46:33	362	1136	9	0	0	2	9	0	0	0	9	0	0	6.5	9	0	0	0	9	0	0	3.897		99.9077	46.9708	0.0548767	0	0.549274	0.638944	15.5304	1		0	11.9375	35.8288	0	0	0	
2024-06-30 08:54:21	423	1137	5	0	0	7	29	0	0	0	29	0	0	5.5	29	0	0	0	29	0	0	1.299		99.897	46.6989	0.154001	0	1.54159	0.4966	14.5292	1		0	12.0439	34.6593	0	0	0	
2024-06-30 08:54:06	421	1138	5	0	0	7	29	0	0	0	29	0	0	4.25	29	0	0	0	29	0	0	2.381		99.8985	46.6857	0.0829313	0	0.830155	0.389279	14.3441	1		0	12.0439	34.6593	0	0	0	
2024-06-30 08:44:57	350	1139	9	0	0	1	5	0	0	0	5	0	0	5	5	0	0	0	5	0	0	3.464		99.9148	46.5396	0.0609172	0	0.609692	0.0363369	15.3232	2		0	12.0439	36.4785	0	0	0	
2024-06-30 08:45:37	355	1140	5	0	0	1	5	0	0	0	5	0	0	3.75	5	0	0	0	5	0	0	2.381		99.9118	46.6105	0.0835528	0	0.836266	0.183904	14.4496	1		0	12.0439	36.3486	0	0	0	
2024-06-30 08:52:42	410	1141	1	0	0	6	25	0	0	0	25	0	0	2.75	25	0	0	0	25	0	0	2.814		99.8972	47.4731	0.0712794	0	0.713528	0.0145167	14.5705	1		0.0088623	12.0439	34.7893	0	0	0	
2024-06-30 08:51:56	404	1142	1	0	0	5	21	0	0	0	21	0	0	2.25	21	0	0	0	21	0	0	2.381		99.8967	47.5142	0.0813232	0	0.814072	0.129984	14.0662	1		0	11.9375	34.7893	0	0	0	
2024-06-30 08:54:50	427	1143	5	0	0	7	29	0	0	0	29	0	0	0.25	29	0	0	0	29	0	0	5.845		99.8964	46.7254	0.0389683	0	0.390087	0.15379	16.5442	1		0	12.0439	34.6593	0	0	0	
2024-06-30 08:43:16	338	1144	1	0	0	0	1	0	0	0	1	0	0	3.25	1	0	0	0	1	0	0	2.814		99.9194	46.6789	0.0709795	0	0.710368	0.485115	14.506	1		0	12.0439	38.0379	0	0	0	
2024-06-30 08:48:07	375	1145	9	0	0	3	13	0	0	0	13	0	0	7.25	13	0	0	0	13	0	0	3.68		99.905	47.7286	0.0642246	0	0.642857	0.237143	17.1666	2		0	12.0439	35.439	0	0	0	
2024-06-30 08:52:03	405	1146	9	0	0	6	25	0	0	0	25	0	0	6.75	25	0	0	0	25	0	0	0.649		99.9	47.4472	0.350158	0	3.50509	0.112982	16.5173	2		0	12.0439	34.7893	0	0	0	
2024-06-30 08:56:32	441	1147	9	0	0	3.75	16	0	0	0	16	0	0	4	16	0	0	0	16	0	0	0.216		99.8999	47.5498	1.04038	0	10.4143	0.442828	16.3587	1		0	12.0439	34.3994	0	0	0	
2024-06-30 08:55:04	429	1148	1	0	0	7.75	32	0	0	0	32	0	0	1	32	0	0	0	32	0	0	5.845		99.8948	46.5626	0.038812	0	0.388529	0.303787	16.4781	1		0	12.0439	34.5294	0	0	0	
2024-06-30 08:51:14	399	1149	5	0	0	5	21	0	0	0	21	0	0	5.25	21	0	0	0	21	0	0	0.216		99.9004	47.5448	0.954211	0	9.55163	0.135453	15.0037	1		0	12.0439	34.9192	0	0	0	
2024-06-30 08:50:48	396	1150	9	0	0	5	21	0	0	0	21	0	0	4	21	0	0	0	21	0	0	0.866		99.897	47.5873	0.231102	0	2.31341	0.552367	14.5356	1		0	12.0439	34.9192	0	0	0	
2024-06-30 08:47:45	372	1151	1	0	0	3	13	0	0	0	13	0	0	0.75	13	0	0	0	13	0	0	1.948		99.9109	47.7678	0.0989522	0	0.990405	0.528433	14.0015	1		0	12.0439	35.5689	0	0	0	
2024-06-30 08:45:37	355	1152	1	0	0	1	5	0	0	0	5	0	0	1.75	5	0	0	0	5	0	0	0.649		99.9118	46.6105	0.306577	0	3.06847	0.0514111	14.4598	1		0	12.0439	36.3486	0	0	0	
2024-06-30 08:49:52	389	1153	5	0	0	4	17	0	0	0	17	0	0	2	17	0	0	0	17	0	0	1.732		99.8987	47.6248	0.107201	0	1.07309	0.0241886	13.4849	1		0	12.0439	35.1791	0	0	0	
2024-06-30 08:55:11	430	1154	9	0	0	7.75	32	0	0	0	32	0	0	5.75	32	0	0	0	32	0	0	1.732		99.8971	46.5258	0.113238	0	1.13355	0.339938	14.2446	1		0	12.0439	34.5294	0	0	0	
2024-06-30 08:55:04	429	1155	9	0	0	7.75	32	0	0	0	32	0	0	4.5	32	0	0	0	32	0	0	2.814		99.8948	46.5626	0.0700859	0	0.701597	0.554336	14.3269	1		0	12.0439	34.5294	0	0	0	
2024-06-30 08:58:49	458	1156	1	0	0	2.25	10	0	0	0	10	0	0	3.5	10	0	0	0	10	0	0	1.082		99.8978	47.826	0.169935	0	1.70109	0.33776	13.3604	1		0	12.0439	34.3994	0	0	0	
2024-06-30 08:58:04	452	1157	9	0	0	0.25	2	0	0	0	2	0	0	7.5	2	0	0	0	2	0	0	6.278		99.9	47.6789	0.0364706	0	0.365071	0.447873	16.6301	1		0	12.0439	34.3994	0	0	0	
2024-06-30 08:53:22	415	1158	1	0	0	6	25	0	0	0	25	0	0	1.75	25	0	0	0	25	0	0	3.68		99.899	47.4941	0.0669414	0	0.67009	0.908957	17.8938	1		0	12.0439	34.6593	0	0	0	
2024-06-30 08:49:23	385	1159	9	0	0	4	17	0	0	0	17	0	0	5.25	17	0	0	0	17	0	0	1.082		99.9014	47.6468	0.184928	0	1.85111	0.0854149	14.5386	1		0	12.0439	35.1791	0	0	0	
2024-06-30 08:43:38	341	1160	5	0	0	0	1	0	0	0	1	0	0	1.5	1	0	0	0	1	0	0	1.299		99.918	46.7452	0.137873	0	1.37986	0.0522036	13.0049	1		0	12.0439	37.6481	0	0	0	
2024-06-30 08:48:46	380	1161	1	0	0	3	13	0	0	0	13	0	0	2.5	13	0	0	0	13	0	0	0.433		99.9054	47.8252	0.469916	0	4.70361	0.35568	14.7768	1		0	12.0439	35.309	0	0	0	
2024-06-30 08:46:26	361	1162	5	0	0	2	9	0	0	0	9	0	0	5.75	9	0	0	0	9	0	0	3.247		99.9087	46.9658	0.0653482	0	0.654079	0.425351	15.4114	1		0	11.9375	35.9588	0	0	0	
2024-06-30 08:45:51	357	1163	5	0	0	2	9	0	0	0	9	0	0	4.5	9	0	0	0	9	0	0	2.165		99.9105	46.9269	0.0901406	0	0.902214	0.0323717	14.1719	2		0	12.0439	35.9588	0	0	0	
2024-06-30 08:54:57	428	1164	1	0	0	7	29	0	0	0	29	0	0	3.5	29	0	0	0	29	0	0	3.031		99.8986	46.7023	0.0650691	0	0.651352	0.0482	14.324	1		0	12.0439	34.5294	0	0	0	
2024-06-30 08:45:23	353	1165	1	0	0	1	5	0	0	0	5	0	0	3	5	0	0	0	5	0	0	1.732		99.9146	46.5778	0.108673	0	1.08766	0.482151	13.668	1		0	12.0439	36.4785	0	0	0	
2024-06-30 08:42:56	336	1166	5	0	0	0	1	0	0	0	1	0	0	7.25	1	0	0	0	1	0	0	6.278		99.9209	46.657	0.039917	0	0.399486	0.0918876	18.1978	2		0	12.0439	38.2978	0	0	0	
2024-06-30 08:51:36	402	1167	1	0	0	5	21	0	0	0	21	0	0	1.5	21	0	0	0	21	0	0	3.031		99.899	47.5265	0.0695817	0	0.696521	0.123276	15.3173	2		0	11.9375	34.7893	0	0	0	
2024-06-30 08:46:47	364	1168	1	0	0	2	9	0	0	0	9	0	0	1.25	9	0	0	0	9	0	0	0.649		99.9048	47.0016	0.294102	0	2.94382	0.216575	13.8724	1		0	12.0439	35.9588	0	0	0	
2024-06-30 09:01:17	477	1169	1	0	0	1.5	7	0	0	0	7	0	0	0.25	7	0	0	0	7	0	0	1.082		99.8993	46.9973	0.166133	0	1.66301	0.138958	13.0612	1		0	12.0439	34.3994	0	0	0	
2024-06-30 08:43:45	342	1170	5	0	0	0	1	0	0	0	1	0	0	2.5	1	0	0	0	1	0	0	2.165		99.9153	46.7311	0.0917081	0	0.917858	0.0568882	14.4177	2		0	12.0439	37.5181	0	0	0	
2024-06-30 09:00:30	471	1171	1	0	0	6.25	26	0	0	0	26	0	0	1.5	26	0	0	0	26	0	0	4.113		99.8966	47.3951	0.0587233	0	0.587841	0.734016	17.5442	2		0.0088623	12.0439	34.3994	0	0	0	
2024-06-30 09:02:14	485	1172	9	0	0	7.25	30	0	0	0	30	0	0	6.5	30	0	0	0	30	0	0	0.649		99.8956	46.8279	0.338902	0	3.39256	0.300103	15.9871	1		0	12.0439	34.3994	0	0	0	
2024-06-30 08:47:52	373	1173	5	0	0	3	13	0	0	0	13	0	0	7.75	13	0	0	0	13	0	0	4.113		99.9083	47.7632	0.0505452	0	0.505916	0.635257	15.0991	1		0	11.9375	35.439	0	0	0	
2024-06-30 08:47:59	374	1174	5	0	0	3	13	0	0	0	13	0	0	6.5	13	0	0	0	13	0	0	3.031		99.9042	47.7543	0.0692	0	0.692664	0.554803	15.2325	1		0	12.0439	35.439	0	0	0	
2024-06-30 08:44:44	348	1175	9	0	0	1	5	0	0	0	5	0	0	7	5	0	0	0	5	0	0	5.195		99.9192	46.5657	0.0445387	0	0.445747	0.326329	16.8043	1		0	12.0439	36.8684	0	0	0	
2024-06-30 08:52:28	408	1176	9	0	0	6	25	0	0	0	25	0	0	4.75	25	0	0	0	25	0	0	1.082		99.8994	47.4699	0.184975	0	1.85161	0.222666	14.5425	1		0	12.0439	34.7893	0	0	0	
2024-06-30 08:55:19	431	1177	1	0	0	7.75	32	0	0	0	32	0	0	0.25	32	0	0	0	32	0	0	6.494		99.8978	46.5135	0.0339782	0	0.34013	0.177714	16.0282	1		0	12.0439	34.3994	0	0	0	
2024-06-30 08:50:48	396	1178	1	0	0	5	21	0	0	0	21	0	0	3.25	21	0	0	0	21	0	0	1.515		99.897	47.5873	0.1215	0	1.21625	0.0636071	13.3734	1		0	12.0439	34.9192	0	0	0	
2024-06-30 08:47:59	374	1179	1	0	0	3	13	0	0	0	13	0	0	0	13	0	0	0	13	0	0	2.598		99.9042	47.7543	0.0840932	0	0.841738	0.60184	15.8664	1		0	12.0439	35.439	0	0	0	
2024-06-30 08:56:39	442	1180	9	0	0	3.5	15	0	0	0	15	0	0	4.25	15	0	0	0	15	0	0	0.649		99.9017	47.2809	0.320287	0	3.20602	0.374553	15.108	1		0	12.0439	34.5294	0	0	0	
2024-06-30 08:49:31	386	1181	1	0	0	4	17	0	0	0	17	0	0	1.25	17	0	0	0	17	0	0	2.381		99.9031	47.6048	0.0821998	0	0.822795	0.540526	14.2169	1		0	12.0439	35.1791	0	0	0	
2024-06-30 08:55:19	431	1182	9	0	0	7.75	32	0	0	0	32	0	0	5	32	0	0	0	32	0	0	2.381		99.8978	46.5135	0.0813348	0	0.81418	0.136292	14.068	1		0	12.0439	34.3994	0	0	0	
2024-06-30 08:55:48	435	1183	1	0	0	7.75	32	0	0	0	32	0	0	3.75	32	0	0	0	32	0	0	3.464		99.9023	46.5088	0.0576663	0	0.577227	0.274215	14.5073	1		0	12.0439	34.3994	0	0	0	
2024-06-30 09:03:38	495	1184	1	0	0	1.25	6	0	0	6.5	6	0	0	3	6	0	0	4.75	6	0	0	0.908		99.8992	22.7638	0.086567	0	0.866543	0.44991	9.52814	2		0	12.0439	34.3994	0	0	0	
2024-06-30 08:53:07	413	1185	1	0	0	6	25	0	0	0	25	0	0	1	25	0	0	0	25	0	0	4.33		99.8964	47.4781	0.0556461	0	0.557038	0.503532	17.4999	1		0	12.0439	34.6593	0	0	0	
2024-06-30 08:50:13	392	1186	1	0	0	4	17	0	0	0	17	0	0	3.25	17	0	0	0	17	0	0	0.649		99.8984	47.6169	0.321529	0	3.21856	0.0637015	15.1671	1		0	12.0439	35.0491	0	0	0	
2024-06-30 08:43:06	337	1187	1	0	0	0	1	0	0	0	1	0	0	0.75	1	0	0	0	1	0	0	0.649		99.919	46.6637	0.345399	0	3.45679	0.148777	16.2897	2		0	12.0439	38.0379	0	0	0	
2024-06-30 09:03:06	492	1188	1	0	0	3.5	15	0	0	4.25	15	0	0	3.75	15	0	0	4	15	0	0	0.13		99.8957	22.33	0.788186	0	7.89009	0.0713357	12.3937	1		0	12.0439	34.3994	0	0	0	
2024-06-30 08:46:19	360	1189	5	0	0	2	9	0	0	0	9	0	0	5	9	0	0	0	9	0	0	2.598		99.9097	46.9596	0.0763212	0	0.763903	0.0977468	14.3992	1		0	12.0439	35.9588	0	0	0	
2024-06-30 08:46:54	365	1190	5	0	0	2	9	0	0	0	9	0	0	3.75	9	0	0	0	9	0	0	1.515		99.9107	46.9903	0.136364	0	1.36485	0.857731	15.0074	1		0	12.0439	35.8288	0	0	0	
2024-06-30 08:54:35	425	1191	1	0	0	7	29	0	0	0	29	0	0	2.75	29	0	0	0	29	0	0	3.68		99.8947	46.7336	0.0554858	0	0.555443	0.213828	14.8323	1		0	11.9375	34.5294	0	0	0	
2024-06-30 08:54:21	423	1192	1	0	0	7	29	0	0	0	29	0	0	2.25	29	0	0	0	29	0	0	4.113		99.897	46.6989	0.0512766	0	0.513294	0.118946	15.3193	1		0	12.0439	34.6593	0	0	0	
2024-06-30 08:42:42	334	1193	5	0	0	0	1	0	0	0	1	0	0	7.75	1	0	0	0	1	0	0	6.711		99.9139	46.6644	0.0357112	0	0.35742	0.640317	17.4045	1		0	12.0439	38.6876	0	0	0	
2024-06-30 08:43:16	338	1194	9	0	0	0	1	0	0	0	1	0	0	6.5	1	0	0	0	1	0	0	5.628		99.9194	46.6789	0.0410956	0	0.411288	0.185953	16.7973	1		0	12.0439	38.0379	0	0	0	
2024-06-30 08:51:29	401	1195	5	0	0	5	21	0	0	0	21	0	0	0.75	21	0	0	0	21	0	0	3.68		99.8976	47.5704	0.0674484	0	0.675175	0.32211	18.0296	1		0	12.0439	34.7893	0	0	0	
2024-06-30 08:50:31	394	1196	5	0	0	5	21	0	0	0	21	0	0	7.25	21	0	0	0	21	0	0	1.948		99.9009	47.5641	0.109964	0	1.10073	0.230214	15.5613	2		0	12.0439	34.9192	0	0	0	
2024-06-30 09:02:07	484	1197	9	0	0	5.75	24	0	0	0	24	0	0	4	24	0	0	0	24	0	0	1.515		99.8969	47.6462	0.126342	0	1.26473	0.0758366	13.9064	1		0	12.0439	34.3994	0	0	0	
2024-06-30 08:59:03	460	1198	9	0	0	4.5	19	0	0	0	19	0	0	5.25	19	0	0	0	19	0	0	0.649		99.8986	47.7986	0.340782	0	3.41128	0.21705	16.0753	1		0	12.0439	34.3994	0	0	0	
2024-06-30 09:03:14	493	1199	1	0	0	2.75	12	0	0	5	12	0	0	3.5	12	0	0	4.25	12	0	0	0.389		99.8971	22.7067	0.289051	0	2.89348	1.34792	13.6352	4		0	12.0439	34.1395	0	0	0	
2024-06-30 08:47:08	367	1200	5	0	0	2	9	0	0	0	9	0	0	0.5	9	0	0	0	9	0	0	1.299		99.9062	47.0437	0.140052	0	1.40184	0.204902	13.212	1		0	11.9375	35.6989	0	0	0	
2024-06-30 08:57:54	451	1201	9	0	0	0.5	3	0	0	0	3	0	0	7.25	3	0	0	0	3	0	0	5.845		99.9005	47.7317	0.0537624	0	0.538159	0.651267	22.8241	2		0	12.0439	34.3994	0	0	0	
2024-06-30 08:48:54	381	1202	5	0	0	4	17	0	0	0	17	0	0	7.25	17	0	0	0	17	0	0	2.814		99.9049	47.6157	0.0737666	0	0.738368	0.00514132	15.0777	1		0	12.0439	35.309	0	0	0	
2024-06-30 08:47:45	372	1203	9	0	0	3	13	0	0	0	13	0	0	5.75	13	0	0	0	13	0	0	2.381		99.9109	47.7678	0.0807058	0	0.807778	0.256618	13.9574	1		0	12.0439	35.5689	0	0	0	
2024-06-30 08:47:38	371	1204	9	0	0	3	13	0	0	0	13	0	0	4.5	13	0	0	0	13	0	0	1.299		99.9117	47.7679	0.144045	0	1.44172	0.307524	13.5879	1		0	12.0439	35.6989	0	0	0	
2024-06-30 08:53:44	418	1205	9	0	0	7	29	0	0	0	29	0	0	6.75	29	0	0	0	29	0	0	0.216		99.8955	46.7211	0.955774	0	9.56774	0.237265	15.029	1		0	12.0439	34.6593	0	0	0	
2024-06-30 08:44:44	348	1206	5	0	0	1	5	0	0	0	5	0	0	7.5	5	0	0	0	5	0	0	5.628		99.9192	46.5657	0.040981	0	0.410141	0.182304	16.7505	1		0	12.0439	36.8684	0	0	0	
2024-06-30 08:44:35	347	1207	5	0	0	1	5	0	0	0	5	0	0	6.25	5	0	0	0	5	0	0	4.546		99.9134	46.5548	0.0605816	0	0.606341	0.0390354	20.0012	1		0	12.0439	36.9983	0	0	0	
2024-06-30 08:52:42	410	1208	5	0	0	6	25	0	0	0	25	0	0	5.25	25	0	0	0	25	0	0	0.649		99.8972	47.4731	0.333194	0	3.33537	0.102435	15.7176	1		0.0088623	12.0439	34.7893	0	0	0	
2024-06-30 08:52:20	407	1209	9	0	0	6	25	0	0	0	25	0	0	4	25	0	0	0	25	0	0	1.732		99.8946	47.4876	0.11037	0	1.10486	0.0631485	13.8841	1		0	12.0439	34.6593	0	0	0	
2024-06-30 08:51:03	398	1210	1	0	0	5	21	0	0	0	21	0	0	2.5	21	0	0	0	21	0	0	2.165		99.899	47.56	0.103861	0	1.03966	0.154147	16.331	2		0	12.0439	34.7893	0	0	0	
2024-06-30 08:44:35	347	1211	1	0	0	1	5	0	0	0	5	0	0	0.25	5	0	0	0	5	0	0	0.649		99.9134	46.5548	0.304971	0	3.05235	0.193901	14.3839	1		0	12.0439	36.9983	0	0	0	
2024-06-30 08:49:01	382	1212	1	0	0	4	17	0	0	0	17	0	0	0.5	17	0	0	0	17	0	0	3.031		99.9043	47.6171	0.0669978	0	0.670619	0.000298012	14.7477	1		0	12.0439	35.1791	0	0	0	
2024-06-30 08:56:03	437	1213	5	0	0	7.75	32	0	0	0	32	0	0	3	32	0	0	0	32	0	0	4.113		99.8984	46.5061	0.0493281	0	0.493782	0.289107	14.737	1		0	12.0439	34.5294	0	0	0	
2024-06-30 08:53:07	413	1214	5	0	0	6	25	0	0	0	25	0	0	0.25	25	0	0	0	25	0	0	4.979		99.8964	47.4781	0.0477081	0	0.477576	0.0251348	17.254	1		0	12.0439	34.6593	0	0	0	
2024-06-30 08:59:59	468	1215	1	0	0	5.25	22	0	0	0	22	0	0	2.5	22	0	0	0	22	0	0	2.381		99.8959	47.6158	0.0980302	0	0.981324	0.287518	16.9561	2		0	12.0439	34.3994	0	0	0	
2024-06-30 08:50:13	392	1216	5	0	0	4	17	0	0	0	17	0	0	2.5	17	0	0	0	17	0	0	1.299		99.8984	47.6169	0.143864	0	1.4401	0.232076	13.5726	1		0	12.0439	35.0491	0	0	0	
2024-06-30 08:46:19	360	1217	1	0	0	2	9	0	0	0	9	0	0	3	9	0	0	0	9	0	0	0.866		99.9097	46.9596	0.21829	0	2.18487	0.144181	13.7279	1		0	12.0439	35.9588	0	0	0	
2024-06-30 08:54:35	425	1218	5	0	0	7	29	0	0	0	29	0	0	1.5	29	0	0	0	29	0	0	4.762		99.8947	46.7336	0.047125	0	0.471747	0.452826	16.3024	1		0	11.9375	34.5294	0	0	0	
2024-06-30 08:43:24	339	1219	9	0	0	0	1	0	0	0	1	0	0	5.75	1	0	0	0	1	0	0	4.979		99.9186	46.7258	0.0458698	0	0.459071	0.137333	16.5855	1		0	12.0439	37.778	0	0	0	
2024-06-30 08:42:49	335	1220	9	0	0	0	1	0	0	0	1	0	0	4.5	1	0	0	0	1	0	0	3.897		99.9229	46.6906	0.054581	0	0.546231	0.0032262	15.4443	1		0	12.0439	38.5577	0	0	0	
2024-06-30 08:51:56	404	1221	5	0	0	5	21	0	0	0	21	0	0	0	21	0	0	0	21	0	0	4.33		99.8967	47.5142	0.0518276	0	0.518812	0.27367	16.299	1		0	11.9375	34.7893	0	0	0	
2024-06-30 08:55:41	434	1222	1	0	0	7.75	32	0	0	0	32	0	0	2.25	32	0	0	0	32	0	0	4.762		99.8985	46.5182	0.0437037	0	0.437482	0.271568	15.1183	1		0	12.0439	34.5294	0	0	0	
2024-06-30 08:50:41	395	1223	5	0	0	5	21	0	0	0	21	0	0	7.75	21	0	0	0	21	0	0	2.381		99.8988	47.5837	0.0841265	0	0.842117	0.244576	14.5507	1		0	12.0439	34.9192	0	0	0	
2024-06-30 08:50:55	397	1224	5	0	0	5	21	0	0	0	21	0	0	6.5	21	0	0	0	21	0	0	1.299		99.8958	47.6174	0.154502	0	1.54663	0.0745725	14.5766	1		0	12.0439	34.9192	0	0	0	
2024-06-30 08:47:52	373	1225	1	0	0	3	13	0	0	0	13	0	0	2	13	0	0	0	13	0	0	0.866		99.9083	47.7632	0.216841	0	2.1704	0.676766	13.6371	1		0	11.9375	35.439	0	0	0	
2024-06-30 08:59:45	466	1226	1	0	0	4.5	19	0	0	0	19	0	0	3.25	19	0	0	0	19	0	0	1.082		99.8985	47.7751	0.177412	0	1.77593	0.532906	13.9481	1		0	11.9375	34.3994	0	0	0	
2024-06-30 08:55:56	436	1227	5	0	0	7.75	32	0	0	0	32	0	0	7	32	0	0	0	32	0	0	0.649		99.8994	46.4962	0.354281	0	3.54637	0.248189	16.7119	1		0	12.0439	34.5294	0	0	0	
2024-06-30 09:02:00	483	1228	9	0	0	5.5	23	0	0	0	23	0	0	4.25	23	0	0	0	23	0	0	1.082		99.899	47.1971	0.18537	0	1.85557	0.308318	14.5736	1		0	12.0439	34.3994	0	0	0	
2024-06-30 09:00:47	473	1229	1	0	0	6.75	28	0	0	0	28	0	0	1	28	0	0	0	28	0	0	4.979		99.8972	46.6523	0.0581152	0	0.58175	0.263436	21.0176	1		0	12.0439	34.3994	0	0	0	
2024-06-30 08:59:10	461	1230	9	0	0	4.25	18	0	0	0	18	0	0	5.5	18	0	0	0	18	0	0	1.082		99.8966	47.777	0.190339	0	1.90536	0.801657	14.9647	1		0	12.0439	34.3994	0	0	0	
2024-06-30 08:49:08	383	1231	5	0	0	4	17	0	0	0	17	0	0	7.75	17	0	0	0	17	0	0	3.247		99.902	47.6047	0.0626543	0	0.627158	0.323054	14.7771	1		0	12.0439	35.309	0	0	0	
2024-06-30 08:49:23	385	1232	5	0	0	4	17	0	0	0	17	0	0	6.5	17	0	0	0	17	0	0	2.165		99.9014	47.6468	0.090853	0	0.909427	0.05257	14.2852	1		0	12.0439	35.1791	0	0	0	
2024-06-30 08:47:30	370	1233	5	0	0	3	13	0	0	0	13	0	0	5	13	0	0	0	13	0	0	1.732		99.9099	47.7749	0.106636	0	1.06732	0.220603	13.4124	1		0	12.0439	35.6989	0	0	0	
2024-06-30 08:48:17	376	1234	1	0	0	3	13	0	0	0	13	0	0	3.75	13	0	0	0	13	0	0	0.649		99.907	47.7408	0.311955	0	3.12245	0.232706	14.7142	1		0	12.0439	35.1791	0	0	0	
2024-06-30 08:46:40	363	1235	5	0	0	2	9	0	0	0	9	0	0	7	9	0	0	0	9	0	0	4.33		99.9086	46.9834	0.049704	0	0.497494	0.277137	15.6292	1		0	12.0439	35.6989	0	0	0	
2024-06-30 08:53:59	420	1236	9	0	0	7	29	0	0	0	29	0	0	6	29	0	0	0	29	0	0	0.866		99.8947	46.7159	0.243159	0	2.43415	0.571139	15.2942	1		0	12.0439	34.6593	0	0	0	
2024-06-30 08:53:51	419	1237	9	0	0	7	29	0	0	0	29	0	0	4.75	29	0	0	0	29	0	0	1.948		99.8975	46.73	0.101105	0	1.01209	0.397996	14.3081	1		0	12.0439	34.6593	0	0	0	
2024-06-30 08:44:35	347	1238	9	0	0	1	5	0	0	0	5	0	0	5.5	5	0	0	0	5	0	0	3.897		99.9134	46.5548	0.0721393	0	0.722018	0.705168	20.4146	1		0	12.0439	36.9983	0	0	0	
2024-06-30 08:45:08	351	1239	9	0	0	1	5	0	0	0	5	0	0	4.25	5	0	0	0	5	0	0	2.814		99.9117	46.5542	0.0734094	0	0.734742	0.248049	15.0037	1		0	12.0439	36.6085	0	0	0	
2024-06-30 08:52:28	408	1240	1	0	0	6	25	0	0	0	25	0	0	3.25	25	0	0	0	25	0	0	2.381		99.8994	47.4699	0.0824966	0	0.825797	0.574677	14.2687	1		0	12.0439	34.7893	0	0	0	
2024-06-30 08:58:27	455	1241	1	0	0	0.25	2	0	0	0	2	0	0	1.5	2	0	0	0	2	0	0	1.082		99.8998	47.6375	0.165733	0	1.65899	0.19857	13.0297	1		0	12.0439	34.3994	0	0	0	
2024-06-30 08:53:51	419	1242	1	0	0	7	29	0	0	0	29	0	0	0.75	29	0	0	0	29	0	0	5.412		99.8975	46.73	0.0454091	0	0.454557	0.410166	17.8504	1		0	12.0439	34.6593	0	0	0	
2024-06-30 08:43:06	337	1243	5	0	0	0	1	0	0	0	1	0	0	5	1	0	0	0	1	0	0	4.33		99.919	46.6637	0.0500713	0	0.501119	0.130803	15.7431	2		0	12.0439	38.0379	0	0	0	
2024-06-30 08:42:42	334	1244	1	0	0	0	1	0	0	0	1	0	0	3.75	1	0	0	0	1	0	0	3.247		99.9139	46.6644	0.063761	0	0.638159	0.161808	15.0363	1		0	12.0439	38.6876	0	0	0	
2024-06-30 09:02:21	486	1245	9	0	0	7.5	31	0	0	0	31	0	0	6.25	31	0	0	0	31	0	0	1.082		99.8982	46.367	0.186802	0	1.86992	0.349493	14.6864	1		0	12.0439	34.3994	0	0	0	
2024-06-30 08:59:31	464	1246	9	0	0	6.25	26	0	0	0	26	0	0	7.5	26	0	0	0	26	0	0	1.082		99.8956	47.4939	0.188384	0	1.88581	0.00172547	14.8111	1		0	12.0439	34.3994	0	0	0	
2024-06-30 08:52:20	407	1247	5	0	0	6	25	0	0	0	25	0	0	7.25	25	0	0	0	25	0	0	1.082		99.8946	47.4876	0.195696	0	1.95903	0.512319	15.3862	1		0	12.0439	34.6593	0	0	0	
2024-06-30 08:55:34	433	1248	1	0	0	7.75	32	0	0	0	32	0	0	1.5	32	0	0	0	32	0	0	5.412		99.8973	46.5188	0.0395676	0	0.396083	0.0528178	15.5542	1		0	12.0439	34.5294	0	0	0	
2024-06-30 08:51:14	399	1249	9	0	0	5	21	0	0	0	21	0	0	5.75	21	0	0	0	21	0	0	0.649		99.9004	47.5448	0.332852	0	3.33184	0.138864	15.7009	1		0	12.0439	34.9192	0	0	0	
2024-06-30 08:51:03	398	1250	9	0	0	5	21	0	0	0	21	0	0	4.5	21	0	0	0	21	0	0	0.433		99.899	47.56	0.495045	0	4.95545	0.007997	15.568	2		0	12.0439	34.7893	0	0	0	
2024-06-30 08:48:24	377	1251	5	0	0	3	13	0	0	0	13	0	0	1.25	13	0	0	0	13	0	0	1.515		99.9047	47.7781	0.121795	0	1.21911	0.444297	13.4049	1		0	11.9375	35.439	0	0	0	
2024-06-30 08:45:30	354	1252	5	0	0	1	5	0	0	0	5	0	0	2.25	5	0	0	0	5	0	0	1.082		99.9105	46.6094	0.165118	0	1.65266	0.021529	12.9799	1		0	12.0439	36.4785	0	0	0	
2024-06-30 08:58:20	454	1253	1	0	0	0.5	3	0	0	0	3	0	0	1.25	3	0	0	0	3	0	0	0.649		99.8998	47.6777	0.310922	0	3.11234	0.661187	14.6666	1		0	12.0439	34.3994	0	0	0	
2024-06-30 08:57:01	445	1254	9	0	0	2.5	11	0	0	0	11	0	0	5.25	11	0	0	0	11	0	0	2.381		99.8968	47.3291	0.110266	0	1.1038	1.88985	19.0723	4		0	12.0439	34.5294	0	0	0	
2024-06-30 08:55:26	432	1255	5	0	0	7.75	32	0	0	0	32	0	0	7.5	32	0	0	0	32	0	0	0.216		99.8963	46.5539	1.02111	0	10.2217	0.305866	16.0562	1		0	12.0439	34.5294	0	0	0	
2024-06-30 08:55:26	432	1256	9	0	0	7.75	32	0	0	0	32	0	0	6.25	32	0	0	0	32	0	0	1.299		99.8963	46.5539	0.157588	0	1.57752	0.32906	14.8678	1		0	12.0439	34.5294	0	0	0	
2024-06-30 08:59:38	465	1257	1	0	0	4.25	18	0	0	0	18	0	0	3.5	18	0	0	0	18	0	0	0.649		99.8968	47.7637	0.32238	0	3.22713	0.0822918	15.2075	1		0	12.0439	34.3994	0	0	0	
2024-06-30 08:52:49	411	1258	1	0	0	6	25	0	0	0	25	0	0	2.25	25	0	0	0	25	0	0	3.247		99.897	47.4725	0.0641126	0	0.641787	0.0767664	15.1217	1		0	12.0439	34.5294	0	0	0	
2024-06-30 09:01:52	482	1259	9	0	0	5.25	22	0	0	0	22	0	0	4.5	22	0	0	0	22	0	0	0.649		99.8978	47.6329	0.333487	0	3.33829	0.0888649	15.7313	1		0	11.9375	34.1395	0	0	0	
2024-06-30 08:49:16	384	1260	9	0	0	4	17	0	0	0	17	0	0	5.75	17	0	0	0	17	0	0	1.515		99.9041	47.6324	0.126569	0	1.26691	0.0754552	13.9303	1		0	12.0439	35.1791	0	0	0	
2024-06-30 08:49:31	386	1261	9	0	0	4	17	0	0	0	17	0	0	4.5	17	0	0	0	17	0	0	0.433		99.9031	47.6048	0.535423	0	5.35942	0.136425	16.8371	1		0	12.0439	35.1791	0	0	0	
2024-06-30 08:43:56	343	1262	5	0	0	0	1	0	0	0	1	0	0	2	1	0	0	0	1	0	0	1.732		99.9137	46.7498	0.176633	0	1.76785	0.849024	22.2155	1		0	12.0439	37.3882	0	0	0	
2024-06-30 08:46:47	364	1263	5	0	0	2	9	0	0	0	9	0	0	7.5	9	0	0	0	9	0	0	4.762		99.9048	47.0016	0.0455298	0	0.455732	0.0875355	15.749	1		0	12.0439	35.9588	0	0	0	
2024-06-30 08:46:26	361	1264	1	0	0	2	9	0	0	0	9	0	0	6.25	9	0	0	0	9	0	0	3.68		99.9087	46.9658	0.0610528	0	0.611086	0.288937	16.3181	1		0	11.9375	35.9588	0	0	0	
2024-06-30 08:54:06	421	1265	9	0	0	7	29	0	0	0	29	0	0	5.25	29	0	0	0	29	0	0	1.515		99.8985	46.6857	0.129102	0	1.29233	0.410656	14.2099	1		0	12.0439	34.6593	0	0	0	
2024-06-30 08:53:37	417	1266	9	0	0	7	29	0	0	0	29	0	0	4	29	0	0	0	29	0	0	2.598		99.8999	46.6873	0.0757166	0	0.757924	0.182142	14.2865	1		0	12.0439	34.6593	0	0	0	
2024-06-30 08:45:16	352	1267	1	0	0	1	5	0	0	0	5	0	0	3.5	5	0	0	0	5	0	0	2.165		99.9119	46.568	0.0854872	0	0.855626	0.160727	13.4401	1		0	12.0439	36.6085	0	0	0	
2024-06-30 08:52:57	412	1268	1	0	0	6	25	0	0	0	25	0	0	2.5	25	0	0	0	25	0	0	3.031		99.8949	47.4384	0.0754975	0	0.755769	0.116355	16.6202	2		0	12.0439	34.6593	0	0	0	
2024-06-30 09:01:45	481	1269	1	0	0	3.75	16	0	0	0	16	0	0	2	16	0	0	0	16	0	0	1.515		99.8956	47.5339	0.132987	0	1.33126	0.467854	14.638	1		0	12.0439	34.1395	0	0	0	
2024-06-30 08:51:36	402	1270	5	0	0	5	21	0	0	0	21	0	0	2	21	0	0	0	21	0	0	2.598		99.899	47.5265	0.0790894	0	0.791694	0.132046	14.9231	2		0	11.9375	34.7893	0	0	0	
2024-06-30 08:47:15	368	1271	5	0	0	2	9	0	0	0	9	0	0	1.75	9	0	0	0	9	0	0	0.216		99.9097	47.0616	0.88852	0	8.89323	0.010558	13.9695	1		0	12.0439	35.6989	0	0	0	
2024-06-30 08:54:06	421	1272	1	0	0	7	29	0	0	0	29	0	0	0	29	0	0	0	29	0	0	6.061		99.8985	46.6857	0.0393911	0	0.394312	0.11008	17.3427	1		0	12.0439	34.6593	0	0	0	
2024-06-30 08:43:31	340	1273	1	0	0	0	1	0	0	0	1	0	0	3	1	0	0	0	1	0	0	2.598		99.9208	46.723	0.0789295	0	0.789921	0.185099	14.8897	1		0	12.0439	37.6481	0	0	0	
2024-06-30 08:47:38	371	1274	5	0	0	3	13	0	0	0	13	0	0	7	13	0	0	0	13	0	0	3.464		99.9117	47.7679	0.0594245	0	0.59477	0.0336109	14.9482	1		0	12.0439	35.6989	0	0	0	
2024-06-30 08:52:49	411	1275	9	0	0	6	25	0	0	0	25	0	0	7.75	25	0	0	0	25	0	0	1.515		99.897	47.4725	0.135214	0	1.35353	0.0846644	14.8828	1		0	12.0439	34.5294	0	0	0	
2024-06-30 08:52:03	405	1276	5	0	0	6	25	0	0	0	25	0	0	6.5	25	0	0	0	25	0	0	0.433		99.9	47.4472	0.546303	0	5.4685	0.127082	17.1798	2		0	12.0439	34.7893	0	0	0	
2024-06-30 08:56:03	437	1277	1	0	0	7.75	32	0	0	0	32	0	0	0.75	32	0	0	0	32	0	0	6.061		99.8984	46.5061	0.0389688	0	0.390084	0.559787	17.1568	1		0	12.0439	34.5294	0	0	0	
2024-06-30 08:50:31	394	1278	1	0	0	5	21	0	0	0	21	0	0	3.75	21	0	0	0	21	0	0	1.082		99.9009	47.5641	0.177374	0	1.7755	0.09057	13.9448	2		0	12.0439	34.9192	0	0	0	
2024-06-30 08:48:38	379	1279	1	0	0	3	13	0	0	0	13	0	0	0.5	13	0	0	0	13	0	0	2.165		99.9061	47.7916	0.0891229	0	0.892067	0.0611352	14.0126	1		0	12.0439	35.1791	0	0	0	
2024-06-30 08:44:57	350	1280	1	0	0	1	5	0	0	0	5	0	0	1.5	5	0	0	0	5	0	0	0.433		99.9148	46.5396	0.482764	0	4.83176	0.00972472	15.1794	2		0	12.0439	36.4785	0	0	0	
2024-06-30 09:03:28	494	1281	1	0	0	2	9	0	0	5.75	9	0	0	3.25	9	0	0	4.5	9	0	0	0.649		99.8945	22.6995	0.146249	0	1.46403	0.098715	11.4985	2		0	12.0439	34.2695	0	0	0	
2024-06-30 08:49:08	383	1282	1	0	0	4	17	0	0	0	17	0	0	1.75	17	0	0	0	17	0	0	1.948		99.902	47.6047	0.0966881	0	0.96783	0.146183	13.6824	1		0	12.0439	35.309	0	0	0	
2024-06-30 08:58:41	457	1283	1	0	0	2.5	11	0	0	0	11	0	0	3.25	11	0	0	0	11	0	0	0.649		99.8967	47.3883	0.308226	0	3.08544	0.0122493	14.5398	1		0	12.0439	34.2695	0	0	0	
2024-06-30 08:55:48	435	1284	9	0	0	7.75	32	0	0	0	32	0	0	5.5	32	0	0	0	32	0	0	1.948		99.9023	46.5088	0.103229	0	1.0333	0.141884	14.6079	1		0	12.0439	34.3994	0	0	0	
2024-06-30 08:55:34	433	1285	9	0	0	7.75	32	0	0	0	32	0	0	4.25	32	0	0	0	32	0	0	3.031		99.8973	46.5188	0.0653727	0	0.654399	0.142888	14.391	1		0	12.0439	34.5294	0	0	0	
2024-06-30 08:52:03	405	1286	1	0	0	6	25	0	0	0	25	0	0	1.5	25	0	0	0	25	0	0	3.897		99.9	47.4472	0.057416	0	0.574735	0.0908862	16.2503	2		0	12.0439	34.7893	0	0	0	
2024-06-30 08:49:44	388	1287	5	0	0	4	17	0	0	0	17	0	0	5	17	0	0	0	17	0	0	0.866		99.9024	47.6528	0.232871	0	2.33099	0.179624	14.646	1		0	12.0439	34.9192	0	0	0	
2024-06-30 08:49:44	388	1288	1	0	0	4	17	0	0	0	17	0	0	3.75	17	0	0	0	17	0	0	0.216		99.9024	47.6528	1.03264	0	10.3365	0.214538	16.2366	1		0	12.0439	34.9192	0	0	0	
2024-06-30 08:43:38	341	1289	1	0	0	0	1	0	0	0	1	0	0	1.25	1	0	0	0	1	0	0	1.082		99.918	46.7452	0.165763	0	1.65899	0.121436	13.0297	1		0	12.0439	37.6481	0	0	0	
2024-06-30 08:46:08	359	1290	9	0	0	2	9	0	0	0	9	0	0	5.5	9	0	0	0	9	0	0	3.031		99.9057	46.9754	0.137173	0	1.37303	0.572202	30.1944	2		0	12.0439	35.9588	0	0	0	
2024-06-30 08:46:40	363	1291	9	0	0	2	9	0	0	0	9	0	0	4.25	9	0	0	0	9	0	0	1.948		99.9086	46.9834	0.0995946	0	0.996857	0.0389975	14.0927	1		0	12.0439	35.6989	0	0	0	
2024-06-30 08:53:44	418	1292	1	0	0	7	29	0	0	0	29	0	0	3.25	29	0	0	0	29	0	0	3.247		99.8955	46.7211	0.0619463	0	0.62011	0.0594599	14.611	1		0	12.0439	34.6593	0	0	0	
2024-06-30 08:45:23	353	1293	5	0	0	1	5	0	0	0	5	0	0	2.75	5	0	0	0	5	0	0	1.515		99.9146	46.5778	0.118315	0	1.18416	0.435919	13.0206	1		0	12.0439	36.4785	0	0	0	
2024-06-30 08:42:56	336	1294	9	0	0	0	1	0	0	0	1	0	0	7	1	0	0	0	1	0	0	6.061		99.9209	46.657	0.0390006	0	0.390315	0.0619731	17.1669	2		0	12.0439	38.2978	0	0	0	
2024-06-30 08:51:46	403	1295	5	0	0	5	21	0	0	0	21	0	0	1.25	21	0	0	0	21	0	0	3.247		99.8982	47.5265	0.074854	0	0.749302	0.205531	17.655	2		0	12.0439	34.7893	0	0	0	
2024-06-30 08:47:02	366	1296	5	0	0	2	9	0	0	0	9	0	0	1	9	0	0	0	9	0	0	0.866		99.9049	47.0169	0.209946	0	2.10146	0.237768	13.2038	1		0	12.0439	35.8288	0	0	0	
2024-06-30 08:47:45	372	1297	5	0	0	3	13	0	0	0	13	0	0	7.5	13	0	0	0	13	0	0	3.897		99.9109	47.7678	0.053246	0	0.532935	0.107208	15.0684	1		0	12.0439	35.5689	0	0	0	
2024-06-30 08:47:23	369	1298	5	0	0	3	13	0	0	0	13	0	0	6.25	13	0	0	0	13	0	0	2.814		99.9123	47.756	0.0798421	0	0.799122	0.376053	16.3183	1		0	12.0439	35.439	0	0	0	
2024-06-30 08:54:14	422	1299	9	0	0	7	29	0	0	0	29	0	0	7.25	29	0	0	0	29	0	0	0.216		99.8971	46.6886	0.896987	0	8.97911	0.052104	14.1043	1		0	12.0439	34.3994	0	0	0	
2024-06-30 08:44:57	350	1300	5	0	0	1	5	0	0	0	5	0	0	6.75	5	0	0	0	5	0	0	4.979		99.9148	46.5396	0.0563995	0	0.564477	0.113346	20.3936	2		0	12.0439	36.4785	0	0	0	
2024-06-30 08:52:13	406	1301	9	0	0	6	25	0	0	0	25	0	0	5.75	25	0	0	0	25	0	0	0.216		99.9002	47.502	0.998298	0	9.99295	0.179195	15.6969	1		0	12.0439	34.7893	0	0	0	
2024-06-30 08:52:13	406	1302	5	0	0	6	25	0	0	0	25	0	0	4.5	25	0	0	0	25	0	0	1.299		99.9002	47.502	0.150436	0	1.50586	0.00528634	14.1924	1		0	12.0439	34.7893	0	0	0	
2024-06-30 08:56:24	440	1303	5	0	0	7.75	32	0	0	0	32	0	0	0	32	0	0	0	32	0	0	6.711		99.8989	46.514	0.0351239	0	0.351595	0.0548742	17.1208	1		0	12.0439	34.3994	0	0	0	
2024-06-30 08:50:20	393	1304	1	0	0	5	21	0	0	0	21	0	0	3	21	0	0	0	21	0	0	1.732		99.8997	47.5693	0.108783	0	1.08892	0.0615124	13.6838	2		0	12.0439	35.0491	0	0	0	
2024-06-30 08:45:08	351	1305	1	0	0	1	5	0	0	0	5	0	0	0.75	5	0	0	0	5	0	0	0.216		99.9117	46.5542	0.913111	0	9.13918	0.261877	14.3558	1		0	12.0439	36.6085	0	0	0	
2024-06-30 09:00:20	470	1306	1	0	0	5.75	24	0	0	0	24	0	0	2	24	0	0	0	24	0	0	3.247		99.8954	47.611	0.07039	0	0.704637	0.132119	16.6026	2		0	12.0439	34.3994	0	0	0	
2024-06-30 08:49:23	385	1307	1	0	0	4	17	0	0	0	17	0	0	1	17	0	0	0	17	0	0	2.598		99.9014	47.6468	0.0743606	0	0.74434	0.0321754	14.0305	1		0	12.0439	35.1791	0	0	0	
2024-06-30 08:56:24	440	1308	1	0	0	7.75	32	0	0	0	32	0	0	3.5	32	0	0	0	32	0	0	3.68		99.8989	46.514	0.0532526	0	0.533065	0.203932	14.2347	1		0	12.0439	34.3994	0	0	0	
2024-06-30 08:53:29	416	1309	5	0	0	6	25	0	0	0	25	0	0	0.75	25	0	0	0	25	0	0	4.546		99.8968	47.4775	0.0545682	0	0.546246	0.0534936	18.0189	1		0	12.0439	34.6593	0	0	0	
2024-06-30 08:49:59	390	1310	1	0	0	4	17	0	0	0	17	0	0	3	17	0	0	0	17	0	0	0.866		99.898	47.6184	0.222214	0	2.22441	0.14731	13.9764	1		0	12.0439	35.0491	0	0	0	
2024-06-30 08:42:49	335	1311	1	0	0	0	1	0	0	0	1	0	0	0.5	1	0	0	0	1	0	0	0.433		99.9229	46.6906	0.466834	0	4.67194	0.154667	14.6773	1		0	12.0439	38.5577	0	0	0	
2024-06-30 09:02:35	488	1312	1	0	0	3.5	15	0	0	4.25	15	0	0	2.75	15	0	0	5	15	0	0	0.389		99.8984	22.314	0.293083	0	2.93381	0.0185055	13.8253	1		0	12.0439	34.2695	0	0	0	
2024-06-30 08:46:02	358	1313	1	0	0	2	9	0	0	0	9	0	0	3.5	9	0	0	0	9	0	0	1.299		99.9102	46.962	0.148756	0	1.4889	0.07373	14.0325	1		0	12.0439	36.2187	0	0	0	
2024-06-30 08:54:28	424	1314	1	0	0	7	29	0	0	0	29	0	0	2.5	29	0	0	0	29	0	0	3.897		99.897	46.7068	0.0578294	0	0.57889	0.396341	16.3677	1		0	12.0439	34.3994	0	0	0	
2024-06-30 08:54:42	426	1315	5	0	0	7	29	0	0	0	29	0	0	2	29	0	0	0	29	0	0	4.33		99.8921	46.7498	0.0501505	0	0.502047	0.335451	15.7723	1		0	12.0439	34.5294	0	0	0	
2024-06-30 08:42:42	334	1316	9	0	0	0	1	0	0	0	1	0	0	7.5	1	0	0	0	1	0	0	6.494		99.9139	46.6644	0.0361688	0	0.361999	0.50668	17.0588	1		0	12.0439	38.6876	0	0	0	
2024-06-30 08:43:31	340	1317	5	0	0	0	1	0	0	0	1	0	0	6.25	1	0	0	0	1	0	0	5.412		99.9208	46.723	0.0440649	0	0.440998	0.246845	17.3179	1		0	12.0439	37.6481	0	0	0	
2024-06-30 08:51:46	403	1318	1	0	0	5	21	0	0	0	21	0	0	0.5	21	0	0	0	21	0	0	3.897		99.8982	47.5265	0.0620467	0	0.621099	0.236172	17.5612	2		0	12.0439	34.7893	0	0	0	
2024-06-30 09:01:10	476	1319	1	0	0	1.25	6	0	0	0	6	0	0	0.5	6	0	0	0	6	0	0	0.649		99.8985	47.5532	0.309787	0	3.10102	0.071724	14.6132	1		0	12.0439	34.3994	0	0	0	
2024-06-30 08:50:20	393	1320	9	0	0	5	21	0	0	0	21	0	0	7	21	0	0	0	21	0	0	1.732		99.8997	47.5693	0.113371	0	1.13484	0.164383	14.2609	2		0	12.0439	35.0491	0	0	0	
2024-06-30 08:47:02	366	1321	1	0	0	2	9	0	0	0	9	0	0	0.25	9	0	0	0	9	0	0	1.515		99.9049	47.0169	0.13146	0	1.31585	0.244292	14.4686	1		0	12.0439	35.8288	0	0	0	
2024-06-30 08:49:31	386	1322	5	0	0	4	17	0	0	0	17	0	0	7	17	0	0	0	17	0	0	2.598		99.9031	47.6048	0.0771624	0	0.772372	0.393432	14.5589	1		0	12.0439	35.1791	0	0	0	
2024-06-30 08:48:17	376	1323	9	0	0	3	13	0	0	0	13	0	0	5.5	13	0	0	0	13	0	0	2.165		99.907	47.7408	0.0999061	0	0.999991	0.741458	15.7078	1		0	12.0439	35.1791	0	0	0	
2024-06-30 08:47:52	373	1324	9	0	0	3	13	0	0	0	13	0	0	4.25	13	0	0	0	13	0	0	1.082		99.9083	47.7632	0.173344	0	1.73503	0.304765	13.6269	1		0	11.9375	35.439	0	0	0	
2024-06-30 08:53:44	418	1325	5	0	0	7	29	0	0	0	29	0	0	7.75	29	0	0	0	29	0	0	0.649		99.8955	46.7211	0.358558	0	3.58933	0.2757	16.9143	1		0	12.0439	34.6593	0	0	0	
2024-06-30 08:54:14	422	1326	5	0	0	7	29	0	0	0	29	0	0	6.5	29	0	0	0	29	0	0	0.433		99.8971	46.6886	0.534088	0	5.34638	0.141001	16.7961	1		0	12.0439	34.3994	0	0	0	
2024-06-30 08:44:10	345	1327	5	0	0	1	5	0	0	0	5	0	0	6	5	0	0	0	5	0	0	4.33		99.9175	46.4558	0.0534316	0	0.534758	0.0853212	16.7999	4		0	12.0439	36.9983	0	0	0	
2024-06-30 08:45:16	352	1328	5	0	0	1	5	0	0	0	5	0	0	4.75	5	0	0	0	5	0	0	3.247		99.9119	46.568	0.0741516	0	0.74217	0.12218	17.487	1		0	12.0439	36.6085	0	0	0	
2024-06-30 08:58:56	459	1329	9	0	0	4.75	20	0	0	0	20	0	0	5	20	0	0	0	20	0	0	0.216		99.8997	47.502	0.942443	0	9.43389	0.324715	14.8187	1		0	12.0439	34.2695	0	0	0	
2024-06-30 08:52:36	409	1330	9	0	0	6	25	0	0	0	25	0	0	5	25	0	0	0	25	0	0	0.866		99.9008	47.4805	0.235535	0	2.35769	0.383435	14.8138	1		0	12.0439	34.6593	0	0	0	
2024-06-30 08:52:13	406	1331	1	0	0	6	25	0	0	0	25	0	0	3.75	25	0	0	0	25	0	0	1.948		99.9002	47.502	0.0993725	0	0.994717	0.0162113	14.0625	1		0	12.0439	34.7893	0	0	0	
2024-06-30 08:44:10	345	1332	1	0	0	1	5	0	0	0	5	0	0	0	5	0	0	0	5	0	0	0.866		99.9175	46.4558	0.212103	0	2.12278	1.41084	13.3378	4		0	12.0439	36.9983	0	0	0	
2024-06-30 08:57:47	450	1333	9	0	0	0.75	4	0	0	0	4	0	0	7	4	0	0	0	4	0	0	5.412		99.9026	47.7746	0.0427311	0	0.427728	0.589074	16.7968	1		0.0088623	11.9375	34.3994	0	0	0	
2024-06-30 08:49:38	387	1334	1	0	0	4	17	0	0	0	17	0	0	0.25	17	0	0	0	17	0	0	3.247		99.9001	47.6351	0.0609078	0	0.609687	0.0353079	14.3654	1		0	12.0439	35.1791	0	0	0	
2024-06-30 08:55:26	432	1335	1	0	0	7.75	32	0	0	0	32	0	0	2.75	32	0	0	0	32	0	0	4.33		99.8963	46.5539	0.0476728	0	0.477223	0.0104008	14.9924	1		0	12.0439	34.5294	0	0	0	
2024-06-30 08:53:29	416	1336	1	0	0	6	25	0	0	0	25	0	0	0	25	0	0	0	25	0	0	5.195		99.8968	47.4775	0.0592035	0	0.592647	0.35928	22.3422	1		0	12.0439	34.6593	0	0	0	
2024-06-30 08:47:08	367	1337	1	0	0	2	9	0	0	0	9	0	0	2.75	9	0	0	0	9	0	0	0.649		99.9062	47.0437	0.31599	0	3.16287	0.230059	14.9047	1		0	11.9375	35.6989	0	0	0	
2024-06-30 08:54:50	427	1338	1	0	0	7	29	0	0	0	29	0	0	1.25	29	0	0	0	29	0	0	4.979		99.8964	46.7254	0.0482315	0	0.482815	0.484333	17.4433	1		0	12.0439	34.6593	0	0	0	
2024-06-30 08:43:24	339	1339	5	0	0	0	1	0	0	0	1	0	0	5.5	1	0	0	0	1	0	0	4.762		99.9186	46.7258	0.0745209	0	0.745816	0.637717	25.7735	1		0	12.0439	37.778	0	0	0	
2024-06-30 08:42:26	333	1340	5	0	0	0	1	0	0	0	1	0	0	4.25	1	0	0	0	1	0	0	3.68		99.9187	46.6916	0.0565549	0	0.566009	0.230704	15.1144	2		0	12.0793	38.6876	0	0	0	
