Time	MeasID	DPID	Channel	A(x)	A(y)	A(z)	A(adr)	B(x)	B(y)	B(z)	B(adr)	M(x)	M(y)	M(z)	M(adr)	N(x)	N(y)	N(z)	N(adr)	F(x)	F(y)	F(z)	Note	I(mA)	Uout(V)	U(V)	SP(V)	R(Ohm)	Var(%)	Rho-a(Ohm-m)	Cycles	IP Delay Window(mV/V)	Pint(V)	Pext(V)	T int(deg C)	T log(deg C)	Latitude	Longitude
2024-06-24 02:56:27	270	336	1	0	0	7.75	32	0	0	0	32	0	0	2	32	0	0	0	32	0	0	4.979		99.9283	41.5298	0.0416256	0	0.416555	0.173576	15.0494	1		0	12.0439	37.908	0	0	0	
2024-06-24 02:50:42	232	337	5	0	0	5	21	0	0	0	21	0	0	7.5	21	0	0	0	21	0	0	2.165		99.9338	41.5404	0.0887776	0	0.888364	0.240489	13.9544	1		0	12.0439	38.2978	0	0	0	
2024-06-24 02:50:08	228	338	9	0	0	5	21	0	0	0	21	0	0	6.25	21	0	0	0	21	0	0	1.082		99.9313	41.5982	0.183013	0	1.83139	0.0070636	14.3837	1		0	12.0439	38.4277	0	0	0	
2024-06-24 02:47:18	208	339	1	0	0	3	13	0	0	0	13	0	0	1.75	13	0	0	0	13	0	0	1.082		99.939	41.7621	0.166238	0	1.6634	0.0932929	13.0643	1		0	12.0439	39.0775	0	0	0	
2024-06-24 02:55:23	263	340	9	0	0	7.75	32	0	0	0	32	0	0	6.75	32	0	0	0	32	0	0	0.866		99.9252	41.5857	0.233328	0	2.33503	0.112906	14.6714	2		0	12.0439	37.908	0	0	0	
2024-06-24 03:02:30	313	341	1	0	0	3.25	14	0	0	0	14	0	0	2.5	14	0	0	0	14	0	0	0.649		99.937	42.1056	0.28231	0	2.82488	0.206078	13.3119	1		0	12.0439	37.908	0	0	0	
2024-06-24 02:49:16	222	342	5	0	0	4	17	0	0	0	17	0	0	7.5	17	0	0	0	17	0	0	3.031		99.931	41.1089	0.06528	0	0.653251	0.0601295	14.3657	1		0	12.0439	38.5577	0	0	0	
2024-06-24 02:48:33	217	343	5	0	0	4	17	0	0	0	17	0	0	6.25	17	0	0	0	17	0	0	1.948		99.9354	41.1353	0.0992886	0	0.993528	0.169493	14.0457	1		0	12.0439	38.6876	0	0	0	
2024-06-24 02:47:52	212	344	1	0	0	3	13	0	0	0	13	0	0	3.5	13	0	0	0	13	0	0	0.433		99.9406	41.7476	0.433234	0	4.33491	0.152218	13.6185	1		0	12.0439	38.8176	0	0	0	
2024-06-24 02:45:02	192	345	9	0	0	2	9	0	0	0	9	0	0	6.75	9	0	0	0	9	0	0	4.113		99.9425	41.0483	0.0525613	0	0.525915	0.151862	15.696	1		0	12.0439	39.9871	0	0	0	
2024-06-24 02:54:30	257	346	9	0	0	7	29	0	0	0	29	0	0	5.75	29	0	0	0	29	0	0	1.082		99.9311	41.6976	0.182301	0	1.82427	0.141317	14.3278	1		0	12.0439	38.0379	0	0	0	
2024-06-24 02:53:37	251	347	9	0	0	7	29	0	0	0	29	0	0	4.5	29	0	0	0	29	0	0	2.165		99.9283	41.4893	0.0893602	0	0.894243	0.0892929	14.0467	1		0	12.0439	38.0379	0	0	0	
2024-06-24 02:43:27	181	348	5	0	0	1	5	0	0	0	5	0	0	5.25	5	0	0	0	5	0	0	3.68		99.9501	40.6253	0.0608778	0	0.609082	0.318953	16.2646	1		0	12.0439	40.8967	0	0	0	
2024-06-24 02:43:10	179	349	9	0	0	1	5	0	0	0	5	0	0	4	5	0	0	0	5	0	0	2.598		99.9477	40.6563	0.0723507	0	0.723885	0.342356	13.6449	1		0.0088623	12.0439	41.0267	0	0	0	
2024-06-24 03:00:51	301	350	1	0	0	4.75	20	0	0	0	20	0	0	3	20	0	0	0	20	0	0	1.515		99.9317	41.6377	0.120719	0	1.20801	0.109026	13.2828	1		0	12.0439	37.908	0	0	0	
2024-06-24 02:52:47	246	351	1	0	0	6	25	0	0	0	25	0	0	3	25	0	0	0	25	0	0	2.598		99.9322	41.5723	0.0767384	0	0.767905	0.22794	14.4747	1		0	12.0439	38.0379	0	0	0	
2024-06-24 02:46:00	199	352	5	0	0	2	9	0	0	0	9	0	0	2.25	9	0	0	0	9	0	0	0.216		99.9396	41.212	0.717714	0	7.18147	0.120845	11.2806	1		0	12.0439	39.4673	0	0	0	
2024-06-24 02:54:14	255	353	1	0	0	7	29	0	0	0	29	0	0	0.5	29	0	0	0	29	0	0	5.628		99.9361	41.5927	0.0429299	0	0.429573	0.178997	17.5441	1		0	12.0439	38.0379	0	0	0	
2024-06-24 02:41:51	170	354	1	0	0	0	1	0	0	0	1	0	0	3.5	1	0	0	0	1	0	0	3.031		99.9512	40.8826	0.0681441	0	0.681773	0.630736	14.993	1		0	12.0439	42.1962	0	0	0	
2024-06-24 03:02:23	312	355	1	0	0	1.75	8	0	0	0	8	0	0	0	8	0	0	0	8	0	0	1.515		99.9351	41.7938	0.116974	0	1.1705	0.0347358	12.8704	1		0	12.0439	37.908	0	0	0	
2024-06-24 02:52:31	244	356	9	0	0	6	25	0	0	0	25	0	0	7	25	0	0	0	25	0	0	0.866		99.931	41.4763	0.236564	0	2.36727	0.134941	14.874	1		0	12.0439	38.0379	0	0	0	
2024-06-24 03:01:33	306	357	1	0	0	6.5	27	0	0	0	27	0	0	1.25	27	0	0	0	27	0	0	4.546		99.9333	41.7484	0.0533964	0	0.534321	0.323518	17.6255	1		0	12.0439	37.908	0	0	0	
2024-06-24 02:56:36	271	358	1	0	0	7.75	32	0	0	0	32	0	0	1.25	32	0	0	0	32	0	0	5.628		99.9266	41.5071	0.0390492	0	0.390778	0.304951	15.9597	1		0	12.0439	37.908	0	0	0	
2024-06-24 02:50:51	233	359	5	0	0	5	21	0	0	0	21	0	0	5.5	21	0	0	0	21	0	0	0.433		99.9306	41.5208	0.45366	0	4.53975	0.174886	14.262	1		0	12.0439	38.2978	0	0	0	
2024-06-24 02:49:59	227	360	9	0	0	5	21	0	0	0	21	0	0	4.25	21	0	0	0	21	0	0	0.649		99.9292	41.6074	0.302936	0	3.03151	0.273307	14.2856	1		0	12.0439	38.4277	0	0	0	
2024-06-24 02:47:34	210	361	1	0	0	3	13	0	0	0	13	0	0	1	13	0	0	0	13	0	0	1.732		99.9372	41.7362	0.102994	0	1.03059	0.0554358	12.9508	1		0	12.0439	38.9475	0	0	0	
2024-06-24 02:44:45	190	362	1	0	0	1	5	0	0	0	5	0	0	2	5	0	0	0	5	0	0	0.866		99.9441	40.6226	0.203781	0	2.03895	0.0322062	12.8111	1		0	12.0439	39.9871	0	0	0	
2024-06-24 02:58:00	281	363	9	0	0	1.75	8	0	0	0	8	0	0	6	8	0	0	0	8	0	0	3.68		99.9304	41.7525	0.0610123	0	0.610548	0.739192	16.3038	1		0	11.9375	37.908	0	0	0	
2024-06-24 02:48:25	216	364	1	0	0	4	17	0	0	0	17	0	0	2.25	17	0	0	0	17	0	0	1.515		99.9373	41.1957	0.11827	0	1.18344	0.103065	13.0126	1		0	12.0439	38.6876	0	0	0	
2024-06-24 02:56:27	270	365	5	0	0	7.75	32	0	0	0	32	0	0	6	32	0	0	0	32	0	0	1.515		99.9283	41.5298	0.128298	0	1.2839	0.116304	14.1172	1		0	12.0439	37.908	0	0	0	
2024-06-24 02:56:01	267	366	5	0	0	7.75	32	0	0	0	32	0	0	4.75	32	0	0	0	32	0	0	2.598		99.9265	41.551	0.0735684	0	0.736224	0.0532363	13.8775	1		0	12.0439	37.908	0	0	0	
2024-06-24 02:53:28	250	367	5	0	0	6	25	0	0	0	25	0	0	2	25	0	0	0	25	0	0	3.464		99.9352	41.4364	0.065476	0	0.655185	0.29427	16.4666	1		0	12.0439	38.0379	0	0	0	
2024-06-24 02:48:33	217	368	9	0	0	4	17	0	0	0	17	0	0	5.5	17	0	0	0	17	0	0	1.299		99.9354	41.1353	0.150149	0	1.50246	0.146562	14.1603	1		0	12.0439	38.6876	0	0	0	
2024-06-24 02:49:08	221	369	9	0	0	4	17	0	0	0	17	0	0	4.25	17	0	0	0	17	0	0	0.216		99.9294	41.1306	0.824414	0	8.24997	0.0896267	12.959	1		0	12.0439	38.5577	0	0	0	
2024-06-24 02:42:20	173	370	1	0	0	0	1	0	0	0	1	0	0	1.75	1	0	0	0	1	0	0	1.515		99.9555	40.8556	0.117458	0	1.17511	0.0322976	12.921	1		0	12.0439	41.6764	0	0	0	
2024-06-24 03:03:36	321	371	1	0	0	3.75	16	0	0	4	16	0	0	3.5	16	0	0	4.25	16	0	0	0.13		99.9306	18.2657	0.568344	0	5.68739	0.0265027	8.93372	1		0.0088623	12.0439	37.778	0	0	0	
2024-06-24 02:48:07	214	372	1	0	0	3	13	0	0	0	13	0	0	2.75	13	0	0	0	13	0	0	0.216		99.9354	41.8536	0.712248	0	7.12708	0.284734	11.1952	1		0	12.0439	38.8176	0	0	0	
2024-06-24 02:45:36	196	373	9	0	0	2	9	0	0	0	9	0	0	6	9	0	0	0	9	0	0	3.464		99.9415	41.0616	0.0635253	0	0.635625	0.341249	15.975	1		0	12.0439	39.5972	0	0	0	
2024-06-24 02:45:27	195	374	5	0	0	2	9	0	0	0	9	0	0	4.75	9	0	0	0	9	0	0	2.381		99.941	41.1545	0.0815052	0	0.815533	0.00591691	14.0914	1		0	12.0439	39.8571	0	0	0	
2024-06-24 02:53:58	253	375	9	0	0	7	29	0	0	0	29	0	0	5	29	0	0	0	29	0	0	1.732		99.93	41.4476	0.110527	0	1.10605	0.0208445	13.899	1		0	12.0439	38.0379	0	0	0	
2024-06-24 02:54:48	259	376	1	0	0	7	29	0	0	0	29	0	0	3.75	29	0	0	0	29	0	0	2.814		99.9281	41.5038	0.0704184	0	0.704691	0.129653	14.39	1		0	12.0439	37.908	0	0	0	
2024-06-24 02:43:52	184	377	1	0	0	1	5	0	0	0	5	0	0	3.25	5	0	0	0	5	0	0	1.948		99.9446	40.615	0.0924006	0	0.924519	0.0601002	13.0701	1		0	12.0439	40.6368	0	0	0	
2024-06-24 02:57:34	278	378	9	0	0	2.75	12	0	0	0	12	0	0	5	12	0	0	0	12	0	0	1.948		99.9284	41.4717	0.0935985	0	0.936656	0.00624818	13.2417	1		0	12.0439	37.908	0	0	0	
2024-06-24 02:51:16	236	379	5	0	0	5	21	0	0	0	21	0	0	1.75	21	0	0	0	21	0	0	2.814		99.9277	41.5595	0.0729147	0	0.729675	0.167271	14.9002	2		0	12.0439	38.2978	0	0	0	
2024-06-24 02:46:25	202	380	1	0	0	2	9	0	0	0	9	0	0	1.5	9	0	0	0	9	0	0	0.433		99.9374	41.0568	0.415266	0	4.15526	0.133594	13.0541	1		0	12.0439	39.3374	0	0	0	
2024-06-24 02:42:28	174	381	1	0	0	0	1	0	0	0	1	0	0	2.75	1	0	0	0	1	0	0	2.381		99.9561	40.8338	0.121789	0	1.21842	0.816328	21.0529	1		0	12.0439	41.5464	0	0	0	
2024-06-24 02:57:24	277	382	9	0	0	3.25	14	0	0	0	14	0	0	4.5	14	0	0	0	14	0	0	1.082		99.9307	42.0755	0.17046	0	1.70579	0.0282171	13.3972	1		0	12.0439	37.908	0	0	0	
2024-06-24 02:47:34	210	383	5	0	0	3	13	0	0	0	13	0	0	6.75	13	0	0	0	13	0	0	3.247		99.9372	41.7362	0.0639184	0	0.639586	0.254616	15.0699	1		0	12.0439	38.9475	0	0	0	
2024-06-24 02:43:52	184	384	9	0	0	1	5	0	0	0	5	0	0	7.25	5	0	0	0	5	0	0	5.412		99.9446	40.615	0.0566764	0	0.567078	0.784493	22.2691	1		0	12.0439	40.6368	0	0	0	
2024-06-24 02:51:57	240	385	5	0	0	6	25	0	0	0	25	0	0	7.5	25	0	0	0	25	0	0	1.299		99.9337	41.5135	0.150185	0	1.50285	0.0432266	14.164	1		0	12.0439	38.1678	0	0	0	
2024-06-24 02:52:13	242	386	9	0	0	6	25	0	0	0	25	0	0	6.25	25	0	0	0	25	0	0	0.216		99.9319	41.4855	0.795705	0	7.96247	0.204319	12.5074	1		0	12.0439	38.0379	0	0	0	
2024-06-24 02:55:23	263	387	1	0	0	7.75	32	0	0	0	32	0	0	0.5	32	0	0	0	32	0	0	6.278		99.9252	41.5857	0.0362103	0	0.362374	0.0273631	16.5072	2		0	12.0439	37.908	0	0	0	
2024-06-24 02:51:08	235	388	5	0	0	5	21	0	0	0	21	0	0	3.5	21	0	0	0	21	0	0	1.299		99.9293	41.4847	0.141274	0	1.41374	0.0662517	13.3242	1		0	12.0439	38.2978	0	0	0	
2024-06-24 02:46:34	203	389	1	0	0	3	13	0	0	0	13	0	0	0.25	13	0	0	0	13	0	0	2.381		99.9395	41.8242	0.0766531	0	0.766995	0.0384349	13.2527	1		0	12.0439	39.3374	0	0	0	
2024-06-24 02:44:36	189	390	1	0	0	1	5	0	0	0	5	0	0	1.25	5	0	0	0	5	0	0	0.216		99.9422	40.7251	0.72201	0	7.22427	0.124056	11.3479	1		0	12.0439	40.117	0	0	0	
2024-06-24 02:49:33	224	391	1	0	0	4	17	0	0	0	17	0	0	1.5	17	0	0	0	17	0	0	2.165		99.936	41.1473	0.0840407	0	0.840945	0.086864	13.2095	1		0	12.0439	38.5577	0	0	0	
2024-06-24 02:58:09	282	392	9	0	0	1.5	7	0	0	0	7	0	0	6.25	7	0	0	0	7	0	0	4.113		99.9245	40.7463	0.0595141	0	0.595591	0.507323	17.7755	2		0	12.0439	37.908	0	0	0	
2024-06-24 02:55:52	266	393	9	0	0	7.75	32	0	0	0	32	0	0	5.25	32	0	0	0	32	0	0	2.165		99.9255	41.5633	0.0873738	0	0.87439	0.0432137	13.7349	1		0	12.0439	37.908	0	0	0	
2024-06-24 02:56:19	269	394	5	0	0	7.75	32	0	0	0	32	0	0	4	32	0	0	0	32	0	0	3.247		99.9254	41.5362	0.0592895	0	0.593338	0.159047	13.9802	1		0.0088623	12.0439	37.908	0	0	0	
2024-06-24 02:52:22	243	395	1	0	0	6	25	0	0	0	25	0	0	1.25	25	0	0	0	25	0	0	4.113		99.9297	41.4906	0.058827	0	0.588684	0.520765	17.5693	1		0	12.0439	38.0379	0	0	0	
2024-06-24 02:49:33	224	396	5	0	0	4	17	0	0	0	17	0	0	3.5	17	0	0	0	17	0	0	0.433		99.936	41.1473	0.46327	0	4.63567	0.143923	14.5634	1		0	12.0439	38.5577	0	0	0	
2024-06-24 02:42:36	175	397	5	0	0	0	1	0	0	0	1	0	0	1	1	0	0	0	1	0	0	0.866		99.9554	40.8104	0.209648	0	2.09742	0.0559753	13.1785	1		0	12.0439	41.4165	0	0	0	
2024-06-24 02:45:51	198	398	5	0	0	2	9	0	0	0	9	0	0	5.25	9	0	0	0	9	0	0	2.814		99.9421	41.1703	0.0774677	0	0.775126	0.400324	15.8283	1		0	12.0439	39.5972	0	0	0	
2024-06-24 02:44:53	191	399	9	0	0	2	9	0	0	0	9	0	0	4	9	0	0	0	9	0	0	1.732		99.9423	41.0648	0.105198	0	1.05258	0.0287484	13.2272	1		0	12.0439	39.9871	0	0	0	
2024-06-24 03:02:38	314	400	1	0	0	3.5	15	0	0	0	15	0	0	2.25	15	0	0	0	15	0	0	1.082		99.9359	41.4324	0.165954	0	1.6606	0.0504624	13.0423	1		0.0088623	12.0439	38.0379	0	0	0	
2024-06-24 02:55:13	262	401	1	0	0	7	29	0	0	0	29	0	0	3	29	0	0	0	29	0	0	3.464		99.9267	41.521	0.0583633	0	0.584061	0.334104	14.679	1		0	12.0439	37.908	0	0	0	
2024-06-24 02:44:28	188	402	5	0	0	1	5	0	0	0	5	0	0	2.5	5	0	0	0	5	0	0	1.299		99.9462	40.5763	0.138989	0	1.39063	0.202776	13.1064	1		0.0088623	12.0439	40.117	0	0	0	
2024-06-24 02:42:20	173	403	5	0	0	0	1	0	0	0	1	0	0	6.75	1	0	0	0	1	0	0	5.845		99.9555	40.8556	0.0403746	0	0.403926	0.0107951	17.1311	1		0	12.0439	41.6764	0	0	0	
2024-06-24 02:59:21	290	404	1	0	0	2.75	12	0	0	0	12	0	0	3	12	0	0	0	12	0	0	0.216		99.9286	41.322	0.718036	0	7.18549	0.134706	11.2869	1		0	12.0439	37.908	0	0	0	
2024-06-24 02:49:59	227	405	1	0	0	5	21	0	0	0	21	0	0	1	21	0	0	0	21	0	0	3.464		99.9292	41.6074	0.061603	0	0.616466	0.591985	15.4935	1		0	12.0439	38.4277	0	0	0	
2024-06-24 03:04:57	330	406	1	0	0	0.5	3	0	0	7.25	3	0	0	2.75	3	0	0	5	3	0	0	1.168		99.9313	19.7837	0.0708281	0	0.708768	0.0398	10.02	2		0	12.0439	38.0379	0	0	0	
2024-06-24 03:00:11	296	407	9	0	0	6.75	28	0	0	0	28	0	0	7	28	0	0	0	28	0	0	0.216		99.9287	41.5568	0.772639	0	7.7319	0.318684	12.1452	1		0.0088623	12.0439	37.908	0	0	0	
2024-06-24 02:46:17	201	408	1	0	0	2	9	0	0	0	9	0	0	0.75	9	0	0	0	9	0	0	1.082		99.94	41.12	0.161771	0	1.61868	0.207361	12.7131	1		0	12.0439	39.3374	0	0	0	
2024-06-24 02:47:09	207	409	5	0	0	3	13	0	0	0	13	0	0	6	13	0	0	0	13	0	0	2.598		99.9384	41.7589	0.076101	0	0.76148	0.239679	14.3536	1		0.0088623	12.0439	39.0775	0	0	0	
2024-06-24 02:46:52	205	410	5	0	0	3	13	0	0	0	13	0	0	4.75	13	0	0	0	13	0	0	1.515		99.9372	41.7695	0.12186	0	1.21936	0.0919204	13.4076	1		0	12.0439	39.2074	0	0	0	
2024-06-24 02:43:52	184	411	5	0	0	1	5	0	0	0	5	0	0	7.75	5	0	0	0	5	0	0	5.845		99.9446	40.615	0.03852	0	0.385414	0.136139	16.346	1		0	12.0439	40.6368	0	0	0	
2024-06-24 02:44:00	185	412	9	0	0	1	5	0	0	0	5	0	0	6.5	5	0	0	0	5	0	0	4.762		99.9476	40.7536	0.0506738	0	0.507004	0.17122	17.5208	1		0.0088623	12.0439	40.5069	0	0	0	
2024-06-24 02:52:40	245	413	5	0	0	6	25	0	0	0	25	0	0	5.5	25	0	0	0	25	0	0	0.433		99.9274	41.4613	0.464411	0	4.64749	0.19318	14.6005	1		0	12.0439	38.0379	0	0	0	
2024-06-24 02:51:47	239	414	5	0	0	6	25	0	0	0	25	0	0	4.25	25	0	0	0	25	0	0	1.515		99.9293	41.4553	0.12907	0	1.29162	0.332251	14.2021	1		0	12.0439	38.1678	0	0	0	
2024-06-24 02:50:42	232	415	1	0	0	5	21	0	0	0	21	0	0	2.75	21	0	0	0	21	0	0	1.948		99.9338	41.5404	0.0941593	0	0.942217	0.203995	13.3203	1		0	12.0439	38.2978	0	0	0	
2024-06-24 02:44:20	187	416	1	0	0	1	5	0	0	0	5	0	0	0.5	5	0	0	0	5	0	0	0.433		99.9425	40.5949	0.434997	0	4.35248	0.148093	13.6737	1		0	12.0439	40.3769	0	0	0	
2024-06-24 02:49:08	221	417	1	0	0	4	17	0	0	0	17	0	0	0.75	17	0	0	0	17	0	0	2.814		99.9294	41.1306	0.0686645	0	0.68713	0.124334	14.0314	1		0	12.0439	38.5577	0	0	0	
2024-06-24 02:56:59	274	418	1	0	0	7.75	32	0	0	0	32	0	0	3.25	32	0	0	0	32	0	0	3.897		99.9303	41.7437	0.0501754	0	0.502104	0.0116595	14.1967	1		0	12.0439	38.0379	0	0	0	
2024-06-24 03:04:08	325	419	1	0	0	2.75	12	0	0	5	12	0	0	0.5	12	0	0	7.25	12	0	0	1.168		99.9408	19.5682	0.0706893	0	0.707312	0.00699045	9.99939	1		0.0088623	12.0439	38.0379	0	0	0	
2024-06-24 02:58:21	283	420	9	0	0	1.25	6	0	0	0	6	0	0	6.5	6	0	0	0	6	0	0	4.546		99.9289	41.3199	0.0511041	0	0.511405	0.695297	16.8696	1		0	12.0439	37.908	0	0	0	
2024-06-24 02:52:55	247	421	1	0	0	6	25	0	0	0	25	0	0	0.5	25	0	0	0	25	0	0	4.762		99.9303	41.6341	0.053663	0	0.537005	0.689238	18.5575	1		0	12.0439	38.0379	0	0	0	
2024-06-24 02:49:41	225	422	5	0	0	4	17	0	0	0	17	0	0	2.75	17	0	0	0	17	0	0	1.082		99.9326	41.1103	0.168553	0	1.68666	0.222283	13.247	1		0	12.0439	38.4277	0	0	0	
2024-06-24 02:42:53	177	423	1	0	0	0	1	0	0	0	1	0	0	0.25	1	0	0	0	1	0	0	0.216		99.9511	40.8268	0.721934	0	7.22288	0.0150986	11.3457	1		0.0088623	12.0439	41.1566	0	0	0	
2024-06-24 02:46:08	200	424	1	0	0	2	9	0	0	0	9	0	0	3.25	9	0	0	0	9	0	0	1.082		99.9404	41.2546	0.165923	0	1.66022	0.0371272	13.0394	1		0	12.0439	39.4673	0	0	0	
2024-06-24 02:54:39	258	425	1	0	0	7	29	0	0	0	29	0	0	1.75	29	0	0	0	29	0	0	4.546		99.9287	41.5184	0.0499606	0	0.499963	0.234195	16.4921	1		0	12.0439	37.908	0	0	0	
2024-06-24 02:42:28	174	426	9	0	0	0	1	0	0	0	1	0	0	6	1	0	0	0	1	0	0	5.195		99.9561	40.8338	0.0489418	0	0.489633	0.54968	18.4587	1		0	12.0439	41.5464	0	0	0	
2024-06-24 02:41:35	168	427	5	0	0	0	1	0	0	0	1	0	0	4.75	1	0	0	0	1	0	0	4.113		99.9529	40.9158	0.0517379	0	0.517622	0.0749904	15.4485	1		0.0088623	12.0439	42.586	0	0	0	
2024-06-24 03:01:49	308	428	1	0	0	7.25	30	0	0	0	30	0	0	0.5	30	0	0	0	30	0	0	5.845		99.9329	42.0088	0.0492916	0	0.493247	0.298826	20.9194	1		0	12.0439	38.0379	0	0	0	
2024-06-24 02:50:51	233	429	1	0	0	5	21	0	0	0	21	0	0	0.25	21	0	0	0	21	0	0	4.113		99.9306	41.5208	0.0509787	0	0.510141	0.496189	15.2252	1		0	12.0439	38.2978	0	0	0	
2024-06-24 02:50:25	230	430	9	0	0	5	21	0	0	0	21	0	0	6.75	21	0	0	0	21	0	0	1.515		99.9285	41.584	0.130995	0	1.31089	0.518638	14.414	1		0	12.0439	38.2978	0	0	0	
2024-06-24 02:47:00	206	431	1	0	0	3	13	0	0	0	13	0	0	2.25	13	0	0	0	13	0	0	0.649		99.936	41.7553	0.282893	0	2.83074	0.137643	13.3395	1		0	12.0439	39.0775	0	0	0	
2024-06-24 02:45:27	195	432	1	0	0	2	9	0	0	0	9	0	0	0	9	0	0	0	9	0	0	1.732		99.941	41.1545	0.127707	0	1.27782	0.941718	16.0576	1		0	12.0439	39.8571	0	0	0	
2024-06-24 03:00:19	297	433	9	0	0	6.5	27	0	0	0	27	0	0	7.25	27	0	0	0	27	0	0	0.649		99.931	41.8295	0.307937	0	3.08149	0.111475	14.5212	1		0	12.0439	37.778	0	0	0	
2024-06-24 02:55:44	265	434	5	0	0	7.75	32	0	0	0	32	0	0	7.25	32	0	0	0	32	0	0	0.433		99.9266	41.5688	0.457482	0	4.57818	0.222027	14.3828	1		0	12.0439	37.908	0	0	0	
2024-06-24 03:01:57	309	435	1	0	0	7.5	31	0	0	0	31	0	0	0.25	31	0	0	0	31	0	0	6.278		99.9331	41.9586	0.0360566	0	0.360807	0.265064	16.4359	1		0	12.0439	38.0379	0	0	0	
2024-06-24 02:58:57	287	436	1	0	0	0.75	4	0	0	0	4	0	0	1	4	0	0	0	4	0	0	0.216		99.9327	41.6016	0.734052	0	7.34547	0.0699364	11.5382	1		0	12.0439	37.908	0	0	0	
2024-06-24 03:01:09	303	437	1	0	0	5.5	23	0	0	0	23	0	0	2.25	23	0	0	0	23	0	0	2.814		99.9269	41.3649	0.0809478	0	0.81007	0.416674	16.5419	1		0	12.0439	37.908	0	0	0	
2024-06-24 02:48:50	219	438	9	0	0	4	17	0	0	0	17	0	0	6.75	17	0	0	0	17	0	0	2.381		99.9361	41.2051	0.0827145	0	0.827673	0.0452108	14.3012	1		0	12.0439	38.5577	0	0	0	
2024-06-24 02:46:34	203	439	5	0	0	3	13	0	0	0	13	0	0	5.25	13	0	0	0	13	0	0	1.948		99.9395	41.8242	0.0975295	0	0.975885	0.010215	13.7962	1		0	12.0439	39.3374	0	0	0	
2024-06-24 02:47:18	208	440	9	0	0	3	13	0	0	0	13	0	0	4	13	0	0	0	13	0	0	0.866		99.939	41.7621	0.218804	0	2.18938	0.0668818	13.7563	1		0	12.0439	39.0775	0	0	0	
2024-06-24 02:45:02	192	441	5	0	0	2	9	0	0	0	9	0	0	7.25	9	0	0	0	9	0	0	4.546		99.9425	41.0483	0.0524618	0	0.52492	0.0879862	17.3154	1		0	12.0439	39.9871	0	0	0	
2024-06-24 02:54:22	256	442	9	0	0	7	29	0	0	0	29	0	0	7.5	29	0	0	0	29	0	0	0.433		99.9314	41.6732	0.441574	0	4.41877	0.156073	13.882	1		0	12.0439	38.0379	0	0	0	
2024-06-24 02:53:46	252	443	9	0	0	7	29	0	0	0	29	0	0	6.25	29	0	0	0	29	0	0	0.649		99.933	41.4415	0.313717	0	3.13927	0.0252641	14.7935	2		0	12.0439	38.0379	0	0	0	
2024-06-24 02:43:44	183	444	9	0	0	1	5	0	0	0	5	0	0	5.75	5	0	0	0	5	0	0	4.113		99.9443	40.6423	0.0521256	0	0.521546	0.193952	15.5656	1		0	12.0439	40.6368	0	0	0	
2024-06-24 02:43:18	180	445	1	0	0	1	5	0	0	0	5	0	0	4.5	5	0	0	0	5	0	0	3.031		99.9462	40.6293	0.0693186	0	0.69356	0.0799318	15.2522	1		0	12.0439	40.8967	0	0	0	
2024-06-24 02:52:13	242	446	1	0	0	6	25	0	0	0	25	0	0	3.5	25	0	0	0	25	0	0	2.165		99.9319	41.4855	0.0882657	0	0.883259	0.0465587	13.8742	1		0	12.0439	38.0379	0	0	0	
2024-06-24 02:48:50	219	447	1	0	0	4	17	0	0	0	17	0	0	0	17	0	0	0	17	0	0	3.464		99.9361	41.2051	0.0602253	0	0.602638	0.0233395	15.1459	1		0	12.0439	38.5577	0	0	0	
2024-06-24 02:56:10	268	448	1	0	0	7.75	32	0	0	0	32	0	0	2.5	32	0	0	0	32	0	0	4.546		99.9297	41.5096	0.0461574	0	0.461898	0.243461	15.2365	1		0	12.0439	37.908	0	0	0	
2024-06-24 02:46:17	201	449	5	0	0	2	9	0	0	0	9	0	0	2.5	9	0	0	0	9	0	0	0.433		99.94	41.12	0.41183	0	4.12078	0.161324	12.9458	1		0	12.0439	39.3374	0	0	0	
2024-06-24 02:55:04	261	450	1	0	0	7	29	0	0	0	29	0	0	1	29	0	0	0	29	0	0	5.195		99.9314	41.6202	0.0453093	0	0.453404	0.498238	17.0929	1		0	12.0439	37.908	0	0	0	
2024-06-24 02:41:51	170	451	5	0	0	0	1	0	0	0	1	0	0	5.25	1	0	0	0	1	0	0	4.546		99.9512	40.8826	0.0495403	0	0.495645	0.173363	16.3497	1		0	12.0439	42.1962	0	0	0	
2024-06-24 02:41:17	167	452	5	0	0	0	1	0	0	0	1	0	0	4	1	0	0	0	1	0	0	3.464		99.95	40.9278	0.0604684	0	0.604987	0.0257168	15.205	2		0	12.0616	42.7159	0	0	0	
2024-06-24 02:56:01	267	453	1	0	0	7.75	32	0	0	0	32	0	0	1.75	32	0	0	0	32	0	0	5.195		99.9265	41.551	0.0412971	0	0.413274	0.238979	15.5801	1		0	12.0439	37.908	0	0	0	
2024-06-24 02:50:59	234	454	5	0	0	5	21	0	0	0	21	0	0	6	21	0	0	0	21	0	0	0.866		99.9306	41.5016	0.228692	0	2.28851	0.100661	14.3791	1		0	12.0439	38.2978	0	0	0	
2024-06-24 02:50:33	231	455	5	0	0	5	21	0	0	0	21	0	0	4.75	21	0	0	0	21	0	0	0.216		99.9329	41.5198	0.746675	0	7.47176	0.18903	11.7366	1		0	12.0439	38.2978	0	0	0	
2024-06-24 02:47:43	211	456	5	0	0	3	13	0	0	0	13	0	0	1.5	13	0	0	0	13	0	0	1.299		99.9384	41.7837	0.135455	0	1.35538	0.159684	12.7742	1		0	12.0439	38.9475	0	0	0	
2024-06-24 02:56:10	268	457	5	0	0	7.75	32	0	0	0	32	0	0	6.5	32	0	0	0	32	0	0	1.082		99.9297	41.5096	0.183303	0	1.83432	0.0436499	14.4067	1		0	12.0439	37.908	0	0	0	
2024-06-24 02:57:53	280	458	9	0	0	2.25	10	0	0	0	10	0	0	5.5	10	0	0	0	10	0	0	2.814		99.9245	41.7878	0.0798668	0	0.799271	0.236426	16.3214	1		0	12.0439	37.908	0	0	0	
2024-06-24 03:04:00	324	459	1	0	0	3	13	0	0	4.75	13	0	0	1.25	13	0	0	6.5	13	0	0	0.908		99.9349	19.9322	0.0900102	0	0.900688	0.150318	9.90358	1		0	12.0439	38.0379	0	0	0	
2024-06-24 02:48:17	215	460	5	0	0	4	17	0	0	0	17	0	0	6	17	0	0	0	17	0	0	1.732		99.9359	41.2434	0.110501	0	1.10572	0.144908	13.8949	1		0	12.0439	38.8176	0	0	0	
2024-06-24 02:48:59	220	461	9	0	0	4	17	0	0	0	17	0	0	4.75	17	0	0	0	17	0	0	0.649		99.9314	41.1543	0.31571	0	3.15927	0.116084	14.8877	1		0	12.0439	38.5577	0	0	0	
2024-06-24 02:42:44	176	462	1	0	0	0	1	0	0	0	1	0	0	2.25	1	0	0	0	1	0	0	1.948		99.9526	40.9009	0.104392	0	1.04442	0.0428583	14.7651	1		0	12.0439	41.4165	0	0	0	
2024-06-24 03:03:52	323	463	1	0	0	3.25	14	0	0	4.5	14	0	0	2	14	0	0	5.75	14	0	0	0.649		99.9353	19.7343	0.146657	0	1.46752	0.207541	11.5259	1		0	12.0439	38.0379	0	0	0	
2024-06-24 02:46:43	204	464	1	0	0	3	13	0	0	0	13	0	0	3.25	13	0	0	0	13	0	0	0.216		99.9397	41.8099	0.735482	0	7.35926	0.180244	11.5599	1		0	12.0439	39.2074	0	0	0	
2024-06-24 02:45:19	194	465	5	0	0	2	9	0	0	0	9	0	0	7.75	9	0	0	0	9	0	0	4.979		99.9382	41.0014	0.0428044	0	0.428308	0.240033	15.4741	1		0	12.0439	39.8571	0	0	0	
2024-06-24 02:45:44	197	466	9	0	0	2	9	0	0	0	9	0	0	6.5	9	0	0	0	9	0	0	3.897		99.938	41.012	0.0544969	0	0.545307	0.18019	15.4182	1		0	12.0439	39.5972	0	0	0	
2024-06-24 02:54:30	257	467	5	0	0	7	29	0	0	0	29	0	0	5.5	29	0	0	0	29	0	0	1.299		99.9311	41.6976	0.149574	0	1.49677	0.111166	14.1067	1		0	12.0439	38.0379	0	0	0	
2024-06-24 02:53:37	251	468	5	0	0	7	29	0	0	0	29	0	0	4.25	29	0	0	0	29	0	0	2.381		99.9283	41.4893	0.0822163	0	0.822752	0.0258803	14.2161	1		0	12.0439	38.0379	0	0	0	
2024-06-24 02:43:27	181	469	9	0	0	1	5	0	0	0	5	0	0	5	5	0	0	0	5	0	0	3.464		99.9501	40.6253	0.0611536	0	0.611842	0.183799	15.3773	1		0	12.0439	40.8967	0	0	0	
2024-06-24 02:43:35	182	470	1	0	0	1	5	0	0	0	5	0	0	3.75	5	0	0	0	5	0	0	2.381		99.9509	40.7485	0.0806007	0	0.806403	0.0924453	13.9336	1		0.0088623	12.0439	40.7668	0	0	0	
2024-06-24 02:53:05	248	471	5	0	0	6	25	0	0	0	25	0	0	2.75	25	0	0	0	25	0	0	2.814		99.9297	41.4668	0.0709722	0	0.710221	0.018956	14.503	2		0.0088623	12.0439	38.0379	0	0	0	
2024-06-24 02:51:36	238	472	5	0	0	5	21	0	0	0	21	0	0	2.25	21	0	0	0	21	0	0	2.381		99.9321	41.5083	0.0790646	0	0.791183	0.016242	13.6707	2		0	12.0439	38.1678	0	0	0	
2024-06-24 02:54:57	260	473	5	0	0	7	29	0	0	0	29	0	0	0.25	29	0	0	0	29	0	0	5.845		99.9266	41.4726	0.0398505	0	0.398798	0.0619881	16.9136	1		0	12.0439	37.908	0	0	0	
2024-06-24 02:41:43	169	474	1	0	0	0	1	0	0	0	1	0	0	3.25	1	0	0	0	1	0	0	2.814		99.9522	40.9042	0.0688741	0	0.689071	0.0045595	14.0711	1		0.0088623	12.0439	42.3261	0	0	0	
2024-06-24 02:46:43	204	475	9	0	0	3	13	0	0	0	13	0	0	7.25	13	0	0	0	13	0	0	3.68		99.9397	41.8099	0.0647781	0	0.648172	0.444045	17.3085	1		0	12.0439	39.2074	0	0	0	
2024-06-24 02:52:47	246	476	5	0	0	6	25	0	0	0	25	0	0	6.75	25	0	0	0	25	0	0	0.649		99.9322	41.5723	0.322516	0	3.22735	0.0815545	15.2085	1		0	12.0439	38.0379	0	0	0	
2024-06-24 02:57:07	275	477	9	0	0	3.75	16	0	0	0	16	0	0	4	16	0	0	0	16	0	0	0.216		99.931	41.6679	0.813672	0	8.14234	0.183623	12.79	1		0	12.0439	37.908	0	0	0	
2024-06-24 02:55:35	264	478	1	0	0	7.75	32	0	0	0	32	0	0	1	32	0	0	0	32	0	0	5.845		99.9275	41.5603	0.0377772	0	0.378046	0.0378632	16.0335	1		0	12.0439	37.908	0	0	0	
2024-06-24 02:50:33	231	479	9	0	0	5	21	0	0	0	21	0	0	5.25	21	0	0	0	21	0	0	0.216		99.9329	41.5198	0.764596	0	7.65109	0.150418	12.0183	1		0	12.0439	38.2978	0	0	0	
2024-06-24 02:50:16	229	480	9	0	0	5	21	0	0	0	21	0	0	4	21	0	0	0	21	0	0	0.866		99.9312	41.5698	0.226293	0	2.26448	0.684668	14.2282	1		0	12.0439	38.4277	0	0	0	
2024-06-24 02:48:00	213	481	5	0	0	3	13	0	0	0	13	0	0	0.75	13	0	0	0	13	0	0	1.948		99.9362	41.7223	0.0925161	0	0.925751	0.034951	13.0875	1		0	12.0439	38.8176	0	0	0	
2024-06-24 02:44:45	190	482	5	0	0	1	5	0	0	0	5	0	0	1.75	5	0	0	0	5	0	0	0.649		99.9441	40.6226	0.284402	0	2.84561	0.0113319	13.4096	1		0	12.0439	39.9871	0	0	0	
2024-06-24 02:49:16	222	483	1	0	0	4	17	0	0	0	17	0	0	2	17	0	0	0	17	0	0	1.732		99.931	41.1089	0.104585	0	1.04657	0.0453652	13.1516	1		0	12.0439	38.5577	0	0	0	
2024-06-24 02:55:52	266	484	5	0	0	7.75	32	0	0	0	32	0	0	5.75	32	0	0	0	32	0	0	1.732		99.9255	41.5633	0.110837	0	1.10919	0.0333545	13.9385	1		0	12.0439	37.908	0	0	0	
2024-06-24 02:55:44	265	485	9	0	0	7.75	32	0	0	0	32	0	0	4.5	32	0	0	0	32	0	0	2.814		99.9266	41.5688	0.0681414	0	0.681914	0.0893853	13.9249	1		0	12.0439	37.908	0	0	0	
2024-06-24 02:59:37	292	486	1	0	0	2.25	10	0	0	0	10	0	0	3.5	10	0	0	0	10	0	0	1.082		99.9316	41.9226	0.166097	0	1.66211	0.0826755	13.0542	1		0	12.0439	37.908	0	0	0	
2024-06-24 02:58:48	286	487	9	0	0	0.25	2	0	0	0	2	0	0	7.5	2	0	0	0	2	0	0	6.278		99.9288	41.1587	0.0372965	0	0.373231	0.174706	17.0018	1		0	12.0439	37.908	0	0	0	
2024-06-24 02:53:16	249	488	5	0	0	6	25	0	0	0	25	0	0	1.75	25	0	0	0	25	0	0	3.68		99.9308	41.4259	0.0649335	0	0.649785	0.00532717	17.3515	2		0	12.0439	38.0379	0	0	0	
2024-06-24 02:48:41	218	489	9	0	0	4	17	0	0	0	17	0	0	5.25	17	0	0	0	17	0	0	1.082		99.9382	41.3191	0.18116	0	1.81272	0.0693203	14.2371	1		0	12.0439	38.8176	0	0	0	
2024-06-24 02:43:01	178	490	1	0	0	0	1	0	0	0	1	0	0	1.5	1	0	0	0	1	0	0	1.299		99.9461	40.8061	0.135608	0	1.35681	0.0797078	12.7876	1		0	12.0439	41.1566	0	0	0	
2024-06-24 02:48:07	214	491	5	0	0	3	13	0	0	0	13	0	0	2.5	13	0	0	0	13	0	0	0.433		99.9354	41.8536	0.414663	0	4.14931	0.140623	13.0354	1		0	12.0439	38.8176	0	0	0	
2024-06-24 02:45:27	195	492	9	0	0	2	9	0	0	0	9	0	0	5.75	9	0	0	0	9	0	0	3.247		99.941	41.1545	0.0644226	0	0.644606	0.358674	15.1882	1		0	12.0439	39.8571	0	0	0	
2024-06-24 02:45:10	193	493	9	0	0	2	9	0	0	0	9	0	0	4.5	9	0	0	0	9	0	0	2.165		99.9448	41.0241	0.0874323	0	0.874806	0.0164987	13.7414	1		0	12.0439	39.8571	0	0	0	
2024-06-24 02:54:48	259	494	5	0	0	7	29	0	0	0	29	0	0	3.5	29	0	0	0	29	0	0	3.031		99.9281	41.5038	0.0650045	0	0.650513	0.0657029	14.3055	1		0	12.0439	37.908	0	0	0	
2024-06-24 02:44:09	186	495	1	0	0	1	5	0	0	0	5	0	0	3	5	0	0	0	5	0	0	1.732		99.9418	40.6095	0.103718	0	1.03778	0.107564	13.0412	2		0	12.0439	40.3769	0	0	0	
2024-06-24 02:41:58	171	496	5	0	0	0	1	0	0	0	1	0	0	7.25	1	0	0	0	1	0	0	6.278		99.9485	40.912	0.0400933	0	0.40114	0.202605	18.2732	2		0	12.0439	42.0662	0	0	0	
2024-06-24 02:51:16	236	497	1	0	0	5	21	0	0	0	21	0	0	1.5	21	0	0	0	21	0	0	3.031		99.9277	41.5595	0.0670477	0	0.670962	0.421514	14.7552	2		0	12.0439	38.2978	0	0	0	
2024-06-24 02:44:53	191	498	1	0	0	2	9	0	0	0	9	0	0	1.25	9	0	0	0	9	0	0	0.649		99.9423	41.0648	0.275741	0	2.759	0.122162	13.0015	1		0	12.0439	39.9871	0	0	0	
2024-06-24 03:02:13	311	499	1	0	0	1.5	7	0	0	0	7	0	0	0.25	7	0	0	0	7	0	0	1.082		99.9399	41.2982	0.163338	0	1.63437	0.259617	12.8363	1		0	12.0439	37.908	0	0	0	
2024-06-24 02:41:58	171	500	1	0	0	0	1	0	0	0	1	0	0	2.5	1	0	0	0	1	0	0	2.165		99.9485	40.912	0.0876552	0	0.877004	0.189072	13.7759	2		0	12.0439	42.0662	0	0	0	
2024-06-24 03:01:24	305	501	1	0	0	6.25	26	0	0	0	26	0	0	1.5	26	0	0	0	26	0	0	4.113		99.9373	42.1184	0.0577021	0	0.577383	0.419872	17.2321	1		0	11.9375	38.0379	0	0	0	
2024-06-24 03:03:19	319	502	9	0	0	7.25	30	0	0	0	30	0	0	6.5	30	0	0	0	30	0	0	0.649		99.9301	41.8545	0.305483	0	3.05696	0.231222	14.4056	1		0	12.0439	38.0379	0	0	0	
2024-06-24 02:46:43	204	503	5	0	0	3	13	0	0	0	13	0	0	7.75	13	0	0	0	13	0	0	4.113		99.9397	41.8099	0.0495145	0	0.495444	0.0112226	14.7866	1		0	12.0439	39.2074	0	0	0	
2024-06-24 02:47:26	209	504	9	0	0	3	13	0	0	0	13	0	0	6.5	13	0	0	0	13	0	0	3.031		99.9401	41.7558	0.0673325	0	0.673729	0.352243	14.8161	1		0	12.0439	39.0775	0	0	0	
2024-06-24 02:44:09	186	505	5	0	0	1	5	0	0	0	5	0	0	7	5	0	0	0	5	0	0	5.195		99.9418	40.6095	0.0447097	0	0.447357	0.23427	16.865	2		0	12.0439	40.3769	0	0	0	
2024-06-24 02:52:05	241	506	5	0	0	6	25	0	0	0	25	0	0	4.75	25	0	0	0	25	0	0	1.082		99.9341	41.4914	0.18186	0	1.8198	0.22043	14.2927	1		0	12.0439	38.0379	0	0	0	
2024-06-24 02:55:52	266	507	1	0	0	7.75	32	0	0	0	32	0	0	0.25	32	0	0	0	32	0	0	6.494		99.9255	41.5633	0.0339365	0	0.339618	0.00745211	16.0041	1		0	12.0439	37.908	0	0	0	
2024-06-24 02:50:25	230	508	1	0	0	5	21	0	0	0	21	0	0	3.25	21	0	0	0	21	0	0	1.515		99.9285	41.584	0.119857	0	1.19943	0.0947023	13.1884	1		0	12.0439	38.2978	0	0	0	
2024-06-24 02:47:09	207	509	1	0	0	3	13	0	0	0	13	0	0	0	13	0	0	0	13	0	0	2.598		99.9384	41.7589	0.0746787	0	0.747248	0.801761	14.0853	1		0.0088623	12.0439	39.0775	0	0	0	
2024-06-24 02:57:16	276	510	9	0	0	3.5	15	0	0	0	15	0	0	4.25	15	0	0	0	15	0	0	0.649		99.933	41.293	0.302166	0	3.02369	0.0652669	14.2488	1		0	12.0439	38.0379	0	0	0	
2024-06-24 02:48:17	215	511	1	0	0	4	17	0	0	0	17	0	0	1.25	17	0	0	0	17	0	0	2.381		99.9359	41.2434	0.079073	0	0.791237	0.284017	13.6716	1		0	12.0439	38.8176	0	0	0	
2024-06-24 02:56:19	269	512	9	0	0	7.75	32	0	0	0	32	0	0	5	32	0	0	0	32	0	0	2.381		99.9254	41.5362	0.0794162	0	0.794755	0.142084	13.7324	1		0.0088623	12.0439	37.908	0	0	0	
2024-06-24 02:56:36	271	513	5	0	0	7.75	32	0	0	0	32	0	0	3.75	32	0	0	0	32	0	0	3.464		99.9266	41.5071	0.0563869	0	0.564282	0.173249	14.182	1		0	12.0439	37.908	0	0	0	
2024-06-24 03:04:49	329	514	1	0	0	1.25	6	0	0	6.5	6	0	0	3	6	0	0	4.75	6	0	0	0.908		99.933	19.6574	0.0898083	0	0.898685	0.332008	9.88156	1		0	12.0439	37.908	0	0	0	
2024-06-24 02:52:55	247	515	5	0	0	6	25	0	0	0	25	0	0	1	25	0	0	0	25	0	0	4.33		99.9303	41.6341	0.0560492	0	0.560883	0.300808	17.6207	1		0	12.0439	38.0379	0	0	0	
2024-06-24 02:49:50	226	516	1	0	0	4	17	0	0	0	17	0	0	3.25	17	0	0	0	17	0	0	0.649		99.9349	41.0507	0.303163	0	3.03361	0.150561	14.2955	1		0	12.0439	38.4277	0	0	0	
2024-06-24 02:42:36	175	517	1	0	0	0	1	0	0	0	1	0	0	0.75	1	0	0	0	1	0	0	0.649		99.9554	40.8104	0.309238	0	3.09376	0.0762317	14.579	1		0	12.0439	41.4165	0	0	0	
2024-06-24 03:04:16	326	518	1	0	0	3.5	15	0	0	4.25	15	0	0	3.75	15	0	0	4	15	0	0	0.13		99.9387	18.8346	0.557539	0	5.57881	0.138309	8.76317	1		0	12.0439	38.0379	0	0	0	
2024-06-24 02:45:51	198	519	9	0	0	2	9	0	0	0	9	0	0	5	9	0	0	0	9	0	0	2.598		99.9421	41.1703	0.075083	0	0.751265	0.119285	14.161	1		0	12.0439	39.5972	0	0	0	
2024-06-24 02:45:19	194	520	1	0	0	2	9	0	0	0	9	0	0	3.75	9	0	0	0	9	0	0	1.515		99.9382	41.0014	0.126014	0	1.26092	0.351335	13.8645	1		0	12.0439	39.8571	0	0	0	
2024-06-24 02:54:07	254	521	1	0	0	7	29	0	0	0	29	0	0	2.75	29	0	0	0	29	0	0	3.68		99.9348	41.4486	0.0556148	0	0.55651	0.0597226	14.8608	1		0	12.0439	37.908	0	0	0	
2024-06-24 02:54:22	256	522	1	0	0	7	29	0	0	0	29	0	0	2.25	29	0	0	0	29	0	0	4.113		99.9314	41.6732	0.051397	0	0.514323	0.244625	15.35	1		0	12.0439	38.0379	0	0	0	
2024-06-24 02:41:58	171	523	9	0	0	0	1	0	0	0	1	0	0	7.75	1	0	0	0	1	0	0	6.711		99.9485	40.912	0.0350378	0	0.350558	0.164241	17.0703	2		0	12.0439	42.0662	0	0	0	
2024-06-24 02:42:11	172	524	5	0	0	0	1	0	0	0	1	0	0	6.5	1	0	0	0	1	0	0	5.628		99.9521	40.8798	0.0413492	0	0.41369	0.422837	16.8954	1		0	12.0439	41.6764	0	0	0	
2024-06-24 02:51:27	237	525	5	0	0	5	21	0	0	0	21	0	0	0.75	21	0	0	0	21	0	0	3.68		99.9308	41.6562	0.0594845	0	0.595257	0.49012	15.8955	1		0	12.0439	38.1678	0	0	0	
2024-06-24 02:50:08	228	526	5	0	0	5	21	0	0	0	21	0	0	7.25	21	0	0	0	21	0	0	1.948		99.9313	41.5982	0.108654	0	1.08729	0.0864382	15.3712	1		0	12.0439	38.4277	0	0	0	
2024-06-24 03:03:10	318	527	9	0	0	5.75	24	0	0	0	24	0	0	4	24	0	0	0	24	0	0	1.515		99.9329	42.3592	0.123787	0	1.2387	0.0330304	13.6202	1		0	12.0439	37.778	0	0	0	
2024-06-24 02:59:55	294	528	9	0	0	4.5	19	0	0	0	19	0	0	5.25	19	0	0	0	19	0	0	0.649		99.9276	41.4482	0.306686	0	3.06908	0.00323441	14.4627	1		0	12.0439	37.908	0	0	0	
2024-06-24 03:04:24	327	529	1	0	0	2.75	12	0	0	5	12	0	0	3.5	12	0	0	4.25	12	0	0	0.389		99.9345	19.6022	0.264097	0	2.6427	1.2197	12.4534	4		0	12.0439	38.0379	0	0	0	
2024-06-24 02:45:10	193	530	1	0	0	2	9	0	0	0	9	0	0	0.5	9	0	0	0	9	0	0	1.299		99.9448	41.0241	0.135636	0	1.35711	0.0707002	12.7905	1		0	12.0439	39.8571	0	0	0	
2024-06-24 02:58:37	285	531	9	0	0	0.5	3	0	0	0	3	0	0	7.25	3	0	0	0	3	0	0	5.845		99.9279	41.3644	0.0564042	0	0.564449	0.155101	23.9391	2		0	12.0439	37.908	0	0	0	
2024-06-24 02:48:25	216	532	9	0	0	4	17	0	0	0	17	0	0	7.25	17	0	0	0	17	0	0	2.814		99.9373	41.1957	0.0746503	0	0.746971	0.240616	15.2534	1		0	12.0439	38.6876	0	0	0	
2024-06-24 02:47:09	207	533	9	0	0	3	13	0	0	0	13	0	0	5.75	13	0	0	0	13	0	0	2.381		99.9384	41.7589	0.0795262	0	0.795753	0.222217	13.7496	1		0.0088623	12.0439	39.0775	0	0	0	
2024-06-24 02:47:34	210	534	9	0	0	3	13	0	0	0	13	0	0	4.5	13	0	0	0	13	0	0	1.299		99.9372	41.7362	0.140988	0	1.41077	0.138416	13.2962	1		0	12.0439	38.9475	0	0	0	
2024-06-24 02:54:07	254	535	9	0	0	7	29	0	0	0	29	0	0	6.75	29	0	0	0	29	0	0	0.216		99.9348	41.4486	0.775128	0	7.75633	0.17582	12.1836	1		0	12.0439	37.908	0	0	0	
2024-06-24 02:43:35	182	536	5	0	0	1	5	0	0	0	5	0	0	7.5	5	0	0	0	5	0	0	5.628		99.9509	40.7485	0.0409764	0	0.409965	0.0239728	16.7433	1		0.0088623	12.0439	40.7668	0	0	0	
2024-06-24 02:44:00	185	537	5	0	0	1	5	0	0	0	5	0	0	6.25	5	0	0	0	5	0	0	4.546		99.9476	40.7536	0.0541269	0	0.541552	0.711214	17.864	1		0.0088623	12.0439	40.5069	0	0	0	
2024-06-24 02:52:22	243	538	5	0	0	6	25	0	0	0	25	0	0	5.25	25	0	0	0	25	0	0	0.649		99.9297	41.4906	0.309228	0	3.09446	0.214904	14.5823	1		0	12.0439	38.0379	0	0	0	
2024-06-24 02:51:47	239	539	9	0	0	6	25	0	0	0	25	0	0	4	25	0	0	0	25	0	0	1.732		99.9293	41.4553	0.109871	0	1.09948	0.00704389	13.8165	1		0	12.0439	38.1678	0	0	0	
2024-06-24 02:51:36	238	540	1	0	0	5	21	0	0	0	21	0	0	2.5	21	0	0	0	21	0	0	2.165		99.9321	41.5083	0.0927058	0	0.927688	0.16593	14.5721	2		0	12.0439	38.1678	0	0	0	
2024-06-24 02:43:10	179	541	1	0	0	1	5	0	0	0	5	0	0	0.25	5	0	0	0	5	0	0	0.649		99.9477	40.6563	0.288564	0	2.88715	0.114597	13.6054	1		0.0088623	12.0439	41.0267	0	0	0	
2024-06-24 02:48:33	217	542	1	0	0	4	17	0	0	0	17	0	0	0.5	17	0	0	0	17	0	0	3.031		99.9354	41.1353	0.0656232	0	0.656656	0.344766	14.4406	1		0	12.0439	38.6876	0	0	0	
2024-06-24 02:56:59	274	543	5	0	0	7.75	32	0	0	0	32	0	0	3	32	0	0	0	32	0	0	4.113		99.9303	41.7437	0.0480472	0	0.480807	0.00781176	14.3498	1		0	12.0439	38.0379	0	0	0	
2024-06-24 02:52:05	241	544	1	0	0	6	25	0	0	0	25	0	0	0.25	25	0	0	0	25	0	0	4.979		99.9341	41.4914	0.0467532	0	0.46784	0.18199	16.9023	1		0	12.0439	38.0379	0	0	0	
2024-06-24 03:01:00	302	545	1	0	0	5.25	22	0	0	0	22	0	0	2.5	22	0	0	0	22	0	0	2.381		99.9319	41.9315	0.0996287	0	0.996966	0.608414	17.2263	1		0	12.0439	38.0379	0	0	0	
2024-06-24 02:49:41	225	546	1	0	0	4	17	0	0	0	17	0	0	2.5	17	0	0	0	17	0	0	1.299		99.9326	41.1103	0.140834	0	1.40929	0.254063	13.2822	1		0	12.0439	38.4277	0	0	0	
2024-06-24 02:45:02	192	547	1	0	0	2	9	0	0	0	9	0	0	3	9	0	0	0	9	0	0	0.866		99.9425	41.0483	0.210823	0	2.10944	0.0841147	13.254	1		0	12.0439	39.9871	0	0	0	
2024-06-24 02:53:37	251	548	1	0	0	7	29	0	0	0	29	0	0	1.5	29	0	0	0	29	0	0	4.762		99.9283	41.4893	0.0474435	0	0.474775	0.451941	16.4071	1		0	12.0439	38.0379	0	0	0	
2024-06-24 02:42:11	172	549	9	0	0	0	1	0	0	0	1	0	0	5.75	1	0	0	0	1	0	0	4.979		99.9521	40.8798	0.0453189	0	0.453406	0.450044	16.3808	1		0	12.0439	41.6764	0	0	0	
2024-06-24 02:41:43	169	550	9	0	0	0	1	0	0	0	1	0	0	4.5	1	0	0	0	1	0	0	3.897		99.9522	40.9042	0.0535675	0	0.535931	0.353483	15.1531	1		0.0088623	12.0439	42.3261	0	0	0	
2024-06-24 02:50:08	228	551	1	0	0	5	21	0	0	0	21	0	0	0	21	0	0	0	21	0	0	4.33		99.9313	41.5982	0.0499199	0	0.499542	0.267975	15.6936	1		0	12.0439	38.4277	0	0	0	
2024-06-24 02:56:52	273	552	1	0	0	7.75	32	0	0	0	32	0	0	2.25	32	0	0	0	32	0	0	4.762		99.9304	41.7094	0.0428046	0	0.428344	0.0711916	14.8025	1		0	12.0439	37.778	0	0	0	
2024-06-24 02:49:59	227	553	5	0	0	5	21	0	0	0	21	0	0	7.75	21	0	0	0	21	0	0	2.381		99.9292	41.6074	0.0815205	0	0.815782	0.128838	14.0957	1		0	12.0439	38.4277	0	0	0	
2024-06-24 02:50:25	230	554	5	0	0	5	21	0	0	0	21	0	0	6.5	21	0	0	0	21	0	0	1.299		99.9285	41.584	0.151019	0	1.51127	0.144501	14.2434	1		0	12.0439	38.2978	0	0	0	
2024-06-24 02:47:26	209	555	1	0	0	3	13	0	0	0	13	0	0	2	13	0	0	0	13	0	0	0.866		99.9401	41.7558	0.209471	0	2.09596	0.0891401	13.1693	1		0	12.0439	39.0775	0	0	0	
2024-06-24 03:00:44	300	556	1	0	0	4.5	19	0	0	0	19	0	0	3.25	19	0	0	0	19	0	0	1.082		99.931	41.595	0.171156	0	1.71274	0.00714296	13.4518	1		0	12.0439	37.908	0	0	0	
2024-06-24 02:55:23	263	557	5	0	0	7.75	32	0	0	0	32	0	0	7	32	0	0	0	32	0	0	0.649		99.9252	41.5857	0.316874	0	3.17112	0.245392	14.9435	2		0	12.0439	37.908	0	0	0	
2024-06-24 03:03:03	317	558	9	0	0	5.5	23	0	0	0	23	0	0	4.25	23	0	0	0	23	0	0	1.082		99.9357	41.7484	0.177849	0	1.77963	0.0333566	13.9772	1		0	12.0439	38.0379	0	0	0	
2024-06-24 03:01:41	307	559	1	0	0	6.75	28	0	0	0	28	0	0	1	28	0	0	0	28	0	0	4.979		99.9331	41.7436	0.0521805	0	0.522154	0.4098	18.8646	1		0	12.0439	38.0379	0	0	0	
2024-06-24 03:00:03	295	560	9	0	0	4.25	18	0	0	0	18	0	0	5.5	18	0	0	0	18	0	0	1.082		99.9243	41.4709	0.180145	0	1.80281	0.111065	14.1593	1		0	12.0439	37.908	0	0	0	
2024-06-24 02:48:41	218	561	5	0	0	4	17	0	0	0	17	0	0	7.75	17	0	0	0	17	0	0	3.247		99.9382	41.3191	0.0608828	0	0.609204	0.361781	14.354	1		0	12.0439	38.8176	0	0	0	
2024-06-24 02:48:50	219	562	5	0	0	4	17	0	0	0	17	0	0	6.5	17	0	0	0	17	0	0	2.165		99.9361	41.2051	0.0897	0	0.897573	0.0175347	14.099	1		0	12.0439	38.5577	0	0	0	
2024-06-24 02:46:34	203	563	9	0	0	3	13	0	0	0	13	0	0	5	13	0	0	0	13	0	0	1.732		99.9395	41.8242	0.106039	0	1.06104	0.133812	13.3334	1		0	12.0439	39.3374	0	0	0	
2024-06-24 02:47:52	212	564	5	0	0	3	13	0	0	0	13	0	0	3.75	13	0	0	0	13	0	0	0.649		99.9406	41.7476	0.293751	0	2.93926	0.170529	13.8509	1		0	12.0439	38.8176	0	0	0	
2024-06-24 02:45:19	194	565	9	0	0	2	9	0	0	0	9	0	0	7	9	0	0	0	9	0	0	4.33		99.9382	41.0014	0.0496123	0	0.496429	0.227498	15.5958	1		0	12.0439	39.8571	0	0	0	
2024-06-24 02:53:46	252	566	5	0	0	7	29	0	0	0	29	0	0	6	29	0	0	0	29	0	0	0.866		99.933	41.4415	0.234218	0	2.34375	0.0346135	14.7262	2		0	12.0439	38.0379	0	0	0	
2024-06-24 02:53:58	253	567	5	0	0	7	29	0	0	0	29	0	0	4.75	29	0	0	0	29	0	0	1.948		99.93	41.4476	0.0991261	0	0.991955	0.114195	14.0234	1		0	12.0439	38.0379	0	0	0	
2024-06-24 02:43:35	182	568	9	0	0	1	5	0	0	0	5	0	0	5.5	5	0	0	0	5	0	0	3.897		99.9509	40.7485	0.0619759	0	0.620063	0.264769	17.5319	1		0.0088623	12.0439	40.7668	0	0	0	
2024-06-24 02:43:10	179	569	5	0	0	1	5	0	0	0	5	0	0	4.25	5	0	0	0	5	0	0	2.814		99.9477	40.6563	0.0716748	0	0.717123	0.319879	14.6439	1		0.0088623	12.0439	41.0267	0	0	0	
2024-06-24 02:52:31	244	570	1	0	0	6	25	0	0	0	25	0	0	3.25	25	0	0	0	25	0	0	2.381		99.931	41.4763	0.0823469	0	0.824037	0.0129708	14.2383	1		0	12.0439	38.0379	0	0	0	
2024-06-24 02:59:12	289	571	1	0	0	0.25	2	0	0	0	2	0	0	1.5	2	0	0	0	2	0	0	1.082		99.9273	41.3675	0.162568	0	1.62686	0.171201	12.7773	1		0	12.0439	37.908	0	0	0	
2024-06-24 02:54:57	260	572	1	0	0	7	29	0	0	0	29	0	0	0.75	29	0	0	0	29	0	0	5.412		99.9266	41.4726	0.0435902	0	0.436222	0.0282031	17.1304	1		0	12.0439	37.908	0	0	0	
2024-06-24 02:41:35	168	573	9	0	0	0	1	0	0	0	1	0	0	5	1	0	0	0	1	0	0	4.33		99.9529	40.9158	0.0495562	0	0.495795	0.218523	15.5759	1		0.0088623	12.0439	42.586	0	0	0	
2024-06-24 02:41:17	167	574	1	0	0	0	1	0	0	0	1	0	0	3.75	1	0	0	0	1	0	0	3.247		99.95	40.9278	0.0617381	0	0.617691	0.0821507	14.554	2		0	12.0616	42.7159	0	0	0	
2024-06-24 03:03:26	320	575	9	0	0	7.5	31	0	0	0	31	0	0	6.25	31	0	0	0	31	0	0	1.082		99.9309	41.918	0.177428	0	1.77551	0.121499	13.9448	1		0	12.0439	38.0379	0	0	0	
2024-06-24 03:00:27	298	576	9	0	0	6.25	26	0	0	0	26	0	0	7.5	26	0	0	0	26	0	0	1.082		99.9321	42.0516	0.178967	0	1.79089	0.0689774	14.0656	1		0	12.0439	37.908	0	0	0	
2024-06-24 02:52:31	244	577	5	0	0	6	25	0	0	0	25	0	0	7.25	25	0	0	0	25	0	0	1.082		99.931	41.4763	0.20337	0	2.0351	0.5208	15.9836	1		0	12.0439	38.0379	0	0	0	
2024-06-24 02:56:43	272	578	1	0	0	7.75	32	0	0	0	32	0	0	1.5	32	0	0	0	32	0	0	5.412		99.9262	41.6588	0.0392515	0	0.392805	0.211202	15.4254	1		0	12.0439	38.0379	0	0	0	
2024-06-24 02:50:51	233	579	9	0	0	5	21	0	0	0	21	0	0	5.75	21	0	0	0	21	0	0	0.649		99.9306	41.5208	0.309022	0	3.09236	0.0878635	14.5724	1		0	12.0439	38.2978	0	0	0	
2024-06-24 02:50:16	229	580	5	0	0	5	21	0	0	0	21	0	0	4.5	21	0	0	0	21	0	0	0.433		99.9312	41.5698	0.440749	0	4.41053	0.206824	13.8561	1		0	12.0439	38.4277	0	0	0	
2024-06-24 02:47:43	211	581	1	0	0	3	13	0	0	0	13	0	0	1.25	13	0	0	0	13	0	0	1.515		99.9384	41.7837	0.11656	0	1.16632	0.220236	12.8243	1		0	12.0439	38.9475	0	0	0	
2024-06-24 02:44:28	188	582	1	0	0	1	5	0	0	0	5	0	0	2.25	5	0	0	0	5	0	0	1.082		99.9462	40.5763	0.161706	0	1.61793	0.00927363	12.7072	1		0.0088623	12.0439	40.117	0	0	0	
2024-06-24 02:59:05	288	583	1	0	0	0.5	3	0	0	0	3	0	0	1.25	3	0	0	0	3	0	0	0.649		99.9313	41.4654	0.287928	0	2.88126	0.308104	13.5776	1		0	12.0439	37.908	0	0	0	
2024-06-24 02:57:42	279	584	9	0	0	2.5	11	0	0	0	11	0	0	5.25	11	0	0	0	11	0	0	2.381		99.9264	41.4016	0.0924624	0	0.925304	0.319944	15.9881	2		0	12.0439	37.908	0	0	0	
2024-06-24 02:55:35	264	585	5	0	0	7.75	32	0	0	0	32	0	0	7.5	32	0	0	0	32	0	0	0.216		99.9275	41.5603	0.828967	0	8.29568	0.109462	13.0308	1		0	12.0439	37.908	0	0	0	
2024-06-24 02:56:10	268	586	9	0	0	7.75	32	0	0	0	32	0	0	6.25	32	0	0	0	32	0	0	1.299		99.9297	41.5096	0.151128	0	1.51235	0.0623957	14.2535	1		0	12.0439	37.908	0	0	0	
2024-06-24 03:00:35	299	587	1	0	0	4.25	18	0	0	0	18	0	0	3.5	18	0	0	0	18	0	0	0.649		99.9342	41.861	0.303093	0	3.03293	0.0376049	14.2923	1		0.0088623	12.0439	37.778	0	0	0	
2024-06-24 02:53:28	250	588	1	0	0	6	25	0	0	0	25	0	0	2.25	25	0	0	0	25	0	0	3.247		99.9352	41.4364	0.0638174	0	0.638588	0.244444	15.0464	1		0	12.0439	38.0379	0	0	0	
2024-06-24 03:02:54	316	589	9	0	0	5.25	22	0	0	0	22	0	0	4.5	22	0	0	0	22	0	0	0.649		99.9319	42.0745	0.305018	0	3.05226	0.0282738	14.3834	1		0	11.9375	38.0379	0	0	0	
2024-06-24 02:48:17	215	590	9	0	0	4	17	0	0	0	17	0	0	5.75	17	0	0	0	17	0	0	1.515		99.9359	41.2434	0.125734	0	1.25814	0.135975	13.834	1		0	12.0439	38.8176	0	0	0	
2024-06-24 02:49:08	221	591	5	0	0	4	17	0	0	0	17	0	0	4.5	17	0	0	0	17	0	0	0.433		99.9294	41.1306	0.475749	0	4.76085	0.148587	14.9567	1		0	12.0439	38.5577	0	0	0	
2024-06-24 02:42:44	176	592	5	0	0	0	1	0	0	0	1	0	0	2	1	0	0	0	1	0	0	1.732		99.9526	40.9009	0.134622	0	1.34685	0.338203	16.9251	1		0	12.0439	41.4165	0	0	0	
2024-06-24 02:45:36	196	593	5	0	0	2	9	0	0	0	9	0	0	7.5	9	0	0	0	9	0	0	4.762		99.9415	41.0616	0.0453873	0	0.454139	0.0167991	15.6939	1		0	12.0439	39.5972	0	0	0	
2024-06-24 02:45:44	197	594	5	0	0	2	9	0	0	0	9	0	0	6.25	9	0	0	0	9	0	0	3.68		99.938	41.012	0.0582056	0	0.582417	0.17446	15.5526	1		0	12.0439	39.5972	0	0	0	
2024-06-24 02:54:14	255	595	5	0	0	7	29	0	0	0	29	0	0	5.25	29	0	0	0	29	0	0	1.515		99.9361	41.5927	0.126423	0	1.26504	0.0292601	13.9099	1		0	12.0439	38.0379	0	0	0	
2024-06-24 02:54:14	255	596	9	0	0	7	29	0	0	0	29	0	0	4	29	0	0	0	29	0	0	2.598		99.9361	41.5927	0.0751315	0	0.751795	0.0938507	14.171	1		0	12.0439	38.0379	0	0	0	
2024-06-24 02:43:27	181	597	1	0	0	1	5	0	0	0	5	0	0	3.5	5	0	0	0	5	0	0	2.165		99.9501	40.6253	0.0840985	0	0.841405	0.131703	13.2168	1		0	12.0439	40.8967	0	0	0	
2024-06-24 02:53:05	248	598	1	0	0	6	25	0	0	0	25	0	0	2.5	25	0	0	0	25	0	0	3.031		99.9297	41.4668	0.0752632	0	0.753162	0.173426	16.5629	2		0.0088623	12.0439	38.0379	0	0	0	
2024-06-24 03:02:46	315	599	1	0	0	3.75	16	0	0	0	16	0	0	2	16	0	0	0	16	0	0	1.515		99.934	41.8736	0.123951	0	1.24033	0.532158	13.6382	1		0	12.0439	38.0379	0	0	0	
2024-06-24 02:50:59	234	600	1	0	0	5	21	0	0	0	21	0	0	2	21	0	0	0	21	0	0	2.598		99.9306	41.5016	0.0754308	0	0.754832	0.255346	14.2282	1		0	12.0439	38.2978	0	0	0	
2024-06-24 02:46:00	199	601	1	0	0	2	9	0	0	0	9	0	0	1.75	9	0	0	0	9	0	0	0.216		99.9396	41.212	0.706051	0	7.06478	0.0957466	11.0973	1		0	12.0439	39.4673	0	0	0	
2024-06-24 02:54:30	257	602	1	0	0	7	29	0	0	0	29	0	0	0	29	0	0	0	29	0	0	6.061		99.9311	41.6976	0.0395351	0	0.395624	0.0986457	17.4004	1		0	12.0439	38.0379	0	0	0	
2024-06-24 02:42:11	172	603	1	0	0	0	1	0	0	0	1	0	0	3	1	0	0	0	1	0	0	2.598		99.9521	40.8798	0.0748991	0	0.74935	0.330783	14.1249	1		0	12.0439	41.6764	0	0	0	
2024-06-24 02:47:18	208	604	5	0	0	3	13	0	0	0	13	0	0	7	13	0	0	0	13	0	0	3.464		99.939	41.7621	0.0588958	0	0.589317	0.0797318	14.8112	1		0	12.0439	39.0775	0	0	0	
2024-06-24 02:51:57	240	605	9	0	0	6	25	0	0	0	25	0	0	7.75	25	0	0	0	25	0	0	1.515		99.9337	41.5135	0.131224	0	1.31311	0.0352292	14.4384	1		0	12.0439	38.1678	0	0	0	
2024-06-24 02:52:13	242	606	5	0	0	6	25	0	0	0	25	0	0	6.5	25	0	0	0	25	0	0	0.433		99.9319	41.4855	0.478973	0	4.793	0.203966	15.0576	1		0	12.0439	38.0379	0	0	0	
2024-06-24 02:56:19	269	607	1	0	0	7.75	32	0	0	0	32	0	0	0.75	32	0	0	0	32	0	0	6.061		99.9254	41.5362	0.0366017	0	0.366291	0.0886531	16.1103	1		0.0088623	12.0439	37.908	0	0	0	
2024-06-24 02:51:27	237	608	1	0	0	5	21	0	0	0	21	0	0	3.75	21	0	0	0	21	0	0	1.082		99.9308	41.6562	0.175559	0	1.75681	0.0137362	13.7979	1		0	12.0439	38.1678	0	0	0	
2024-06-24 02:48:00	213	609	1	0	0	3	13	0	0	0	13	0	0	0.5	13	0	0	0	13	0	0	2.165		99.9362	41.7223	0.0854724	0	0.85527	0.0852394	13.4345	1		0	12.0439	38.8176	0	0	0	
2024-06-24 02:44:36	189	610	5	0	0	1	5	0	0	0	5	0	0	1.5	5	0	0	0	5	0	0	0.433		99.9422	40.7251	0.426702	0	4.26948	0.0493231	13.413	1		0	12.0439	40.117	0	0	0	
2024-06-24 03:04:39	328	611	1	0	0	2	9	0	0	5.75	9	0	0	3.25	9	0	0	4.5	9	0	0	0.649		99.9396	19.473	0.143481	0	1.43568	0.703958	11.2758	1		0	12.0439	38.0379	0	0	0	
2024-06-24 02:48:41	218	612	1	0	0	4	17	0	0	0	17	0	0	1.75	17	0	0	0	17	0	0	1.948		99.9382	41.3191	0.0936618	0	0.937197	0.260943	13.2493	1		0	12.0439	38.8176	0	0	0	
2024-06-24 02:59:30	291	613	1	0	0	2.5	11	0	0	0	11	0	0	3.25	11	0	0	0	11	0	0	0.649		99.9297	41.326	0.283223	0	2.83422	0.1302	13.356	1		0	12.0439	37.908	0	0	0	
2024-06-24 02:55:35	264	614	9	0	0	7.75	32	0	0	0	32	0	0	5.5	32	0	0	0	32	0	0	1.948		99.9275	41.5603	0.0989411	0	0.990128	0.0313424	13.9976	1		0	12.0439	37.908	0	0	0	
2024-06-24 02:56:01	267	615	9	0	0	7.75	32	0	0	0	32	0	0	4.25	32	0	0	0	32	0	0	3.031		99.9265	41.551	0.063921	0	0.63968	0.0546219	14.0673	1		0	12.0439	37.908	0	0	0	
2024-06-24 02:53:16	249	616	1	0	0	6	25	0	0	0	25	0	0	1.5	25	0	0	0	25	0	0	3.897		99.9308	41.4259	0.0596264	0	0.596677	0.145305	16.8707	2		0	12.0439	38.0379	0	0	0	
2024-06-24 02:48:59	220	617	5	0	0	4	17	0	0	0	17	0	0	5	17	0	0	0	17	0	0	0.866		99.9314	41.1543	0.228204	0	2.28361	0.0591949	14.3484	1		0	12.0439	38.5577	0	0	0	
2024-06-24 02:49:24	223	618	5	0	0	4	17	0	0	0	17	0	0	3.75	17	0	0	0	17	0	0	0.216		99.9342	41.2615	0.805532	0	8.06062	0.187334	12.6616	1		0	12.0439	38.5577	0	0	0	
2024-06-24 02:41:35	168	619	1	0	0	0	1	0	0	0	1	0	0	1.25	1	0	0	0	1	0	0	1.082		99.9529	40.9158	0.16366	0	1.63737	0.0669296	12.8599	1		0.0088623	12.0439	42.586	0	0	0	
2024-06-24 02:45:10	193	620	5	0	0	2	9	0	0	0	9	0	0	5.5	9	0	0	0	9	0	0	3.031		99.9448	41.0241	0.105979	0	1.06038	0.798883	23.3189	1		0	12.0439	39.8571	0	0	0	
2024-06-24 02:44:53	191	621	5	0	0	2	9	0	0	0	9	0	0	4.25	9	0	0	0	9	0	0	1.948		99.9423	41.0648	0.0963585	0	0.964141	0.195332	13.6302	1		0	12.0439	39.9871	0	0	0	
2024-06-24 02:53:46	252	622	1	0	0	7	29	0	0	0	29	0	0	3.25	29	0	0	0	29	0	0	3.247		99.933	41.4415	0.0614719	0	0.615131	0.177638	14.4937	2		0	12.0439	38.0379	0	0	0	
2024-06-24 02:43:44	183	623	1	0	0	1	5	0	0	0	5	0	0	2.75	5	0	0	0	5	0	0	1.515		99.9443	40.6423	0.115956	0	1.16021	0.122918	12.7572	1		0	12.0439	40.6368	0	0	0	
2024-06-24 02:42:20	173	624	9	0	0	0	1	0	0	0	1	0	0	7	1	0	0	0	1	0	0	6.061		99.9555	40.8556	0.0390947	0	0.391121	0.0595161	17.2024	1		0	12.0439	41.6764	0	0	0	
2024-06-24 02:50:33	231	625	1	0	0	5	21	0	0	0	21	0	0	1.25	21	0	0	0	21	0	0	3.247		99.9329	41.5198	0.0667145	0	0.667593	0.651289	15.7298	1		0	12.0439	38.2978	0	0	0	
2024-06-24 02:46:08	200	626	5	0	0	2	9	0	0	0	9	0	0	1	9	0	0	0	9	0	0	0.866		99.9404	41.2546	0.202211	0	2.02332	0.020662	12.7129	1		0	12.0439	39.4673	0	0	0	
2024-06-24 02:47:00	206	627	5	0	0	3	13	0	0	0	13	0	0	7.5	13	0	0	0	13	0	0	3.897		99.936	41.7553	0.0526699	0	0.527036	0.141914	14.9016	1		0	12.0439	39.0775	0	0	0	
2024-06-24 02:47:26	209	628	5	0	0	3	13	0	0	0	13	0	0	6.25	13	0	0	0	13	0	0	2.814		99.9401	41.7558	0.0725669	0	0.726104	0.203358	14.8273	1		0	12.0439	39.0775	0	0	0	
2024-06-24 02:54:07	254	629	5	0	0	7	29	0	0	0	29	0	0	7.25	29	0	0	0	29	0	0	0.216		99.9348	41.4486	0.725711	0	7.26184	0.571462	11.4069	1		0	12.0439	37.908	0	0	0	
2024-06-24 02:44:09	186	630	9	0	0	1	5	0	0	0	5	0	0	6.75	5	0	0	0	5	0	0	4.979		99.9418	40.6095	0.0508568	0	0.508864	0.0263512	18.3844	2		0	12.0439	40.3769	0	0	0	
2024-06-24 02:52:40	245	631	9	0	0	6	25	0	0	0	25	0	0	5.75	25	0	0	0	25	0	0	0.216		99.9274	41.4613	0.782482	0	7.83051	0.200695	12.3001	1		0	12.0439	38.0379	0	0	0	
2024-06-24 02:52:05	241	632	9	0	0	6	25	0	0	0	25	0	0	4.5	25	0	0	0	25	0	0	1.299		99.9341	41.4914	0.149576	0	1.49675	0.238922	14.1065	1		0	12.0439	38.0379	0	0	0	
2024-06-24 02:55:44	265	633	1	0	0	7.75	32	0	0	0	32	0	0	0	32	0	0	0	32	0	0	6.711		99.9266	41.5688	0.0340829	0	0.34108	0.216873	16.6088	1		0	12.0439	37.908	0	0	0	
2024-06-24 02:51:08	235	634	1	0	0	5	21	0	0	0	21	0	0	3	21	0	0	0	21	0	0	1.732		99.9293	41.4847	0.105242	0	1.05317	0.088787	13.2345	1		0	12.0439	38.2978	0	0	0	
2024-06-24 02:44:20	187	635	5	0	0	1	5	0	0	0	5	0	0	0.75	5	0	0	0	5	0	0	0.216		99.9425	40.5949	0.73311	0	7.33532	0.114308	11.5223	1		0	12.0439	40.3769	0	0	0	
2024-06-24 03:01:16	304	636	1	0	0	5.75	24	0	0	0	24	0	0	2	24	0	0	0	24	0	0	3.247		99.934	42.1511	0.065361	0	0.654042	0.0189496	15.4105	1		0	12.0439	38.0379	0	0	0	
2024-06-24 02:48:59	220	637	1	0	0	4	17	0	0	0	17	0	0	1	17	0	0	0	17	0	0	2.598		99.9314	41.1543	0.0724001	0	0.724498	0.189204	13.6565	1		0	12.0439	38.5577	0	0	0	
2024-06-24 02:56:43	272	638	5	0	0	7.75	32	0	0	0	32	0	0	3.5	32	0	0	0	32	0	0	3.68		99.9262	41.6588	0.0527799	0	0.528189	0.203037	14.1045	1		0	12.0439	38.0379	0	0	0	
2024-06-24 02:51:47	239	639	1	0	0	6	25	0	0	0	25	0	0	0.75	25	0	0	0	25	0	0	4.546		99.9293	41.4553	0.0534636	0	0.535015	0.110761	17.6484	1		0	12.0439	38.1678	0	0	0	
2024-06-24 02:49:50	226	640	5	0	0	4	17	0	0	0	17	0	0	3	17	0	0	0	17	0	0	0.866		99.9349	41.0507	0.217247	0	2.17388	0.0882042	13.6589	1		0	12.0439	38.4277	0	0	0	
2024-06-24 02:42:53	177	641	5	0	0	0	1	0	0	0	1	0	0	0.5	1	0	0	0	1	0	0	0.433		99.9511	40.8268	0.418269	0	4.18474	0.042185	13.1468	1		0.0088623	12.0439	41.1566	0	0	0	
2024-06-24 03:03:44	322	642	1	0	0	3.5	15	0	0	4.25	15	0	0	2.75	15	0	0	5	15	0	0	0.389		99.93	18.8261	0.270935	0	2.71125	0.123128	12.7765	1		0	12.0439	38.0379	0	0	0	
2024-06-24 02:45:36	196	643	1	0	0	2	9	0	0	0	9	0	0	3.5	9	0	0	0	9	0	0	1.299		99.9415	41.0616	0.14198	0	1.42063	0.144088	13.3891	1		0	12.0439	39.5972	0	0	0	
2024-06-24 02:55:13	262	644	5	0	0	7	29	0	0	0	29	0	0	2.5	29	0	0	0	29	0	0	3.897		99.9267	41.521	0.0555176	0	0.555583	0.764256	15.7087	1		0	12.0439	37.908	0	0	0	
2024-06-24 02:55:04	261	645	5	0	0	7	29	0	0	0	29	0	0	2	29	0	0	0	29	0	0	4.33		99.9314	41.6202	0.0498418	0	0.49876	0.519959	15.669	1		0	12.0439	37.908	0	0	0	
2024-06-24 02:41:43	169	646	5	0	0	0	1	0	0	0	1	0	0	7.5	1	0	0	0	1	0	0	6.494		99.9522	40.9042	0.0362207	0	0.362381	0.464398	17.0768	1		0.0088623	12.0439	42.3261	0	0	0	
2024-06-24 02:42:28	174	647	5	0	0	0	1	0	0	0	1	0	0	6.25	1	0	0	0	1	0	0	5.412		99.9561	40.8338	0.043046	0	0.430649	0.0802627	16.9116	1		0	12.0439	41.5464	0	0	0	
2024-06-24 02:50:16	229	648	1	0	0	5	21	0	0	0	21	0	0	0.5	21	0	0	0	21	0	0	3.897		99.9312	41.5698	0.0579947	0	0.580347	0.789242	16.4089	1		0	12.0439	38.4277	0	0	0	
2024-06-24 03:02:05	310	649	1	0	0	1.25	6	0	0	0	6	0	0	0.5	6	0	0	0	6	0	0	0.649		99.9338	41.9247	0.289568	0	2.89759	0.0260366	13.6546	1		0	12.0439	38.0379	0	0	0	
2024-06-24 02:50:42	232	650	9	0	0	5	21	0	0	0	21	0	0	7	21	0	0	0	21	0	0	1.732		99.9338	41.5404	0.111473	0	1.11546	0.151427	14.0173	1		0	12.0439	38.2978	0	0	0	
2024-06-24 02:45:44	197	651	1	0	0	2	9	0	0	0	9	0	0	0.25	9	0	0	0	9	0	0	1.515		99.938	41.012	0.122515	0	1.22591	0.276932	13.4795	1		0	12.0439	39.5972	0	0	0	
2024-06-24 02:48:25	216	652	5	0	0	4	17	0	0	0	17	0	0	7	17	0	0	0	17	0	0	2.598		99.9373	41.1957	0.0759243	0	0.75972	0.222136	14.3204	1		0	12.0439	38.6876	0	0	0	
2024-06-24 02:46:52	205	653	1	0	0	3	13	0	0	0	13	0	0	5.5	13	0	0	0	13	0	0	2.165		99.9372	41.7695	0.0906843	0	0.907413	0.0555803	14.2536	1		0	12.0439	39.2074	0	0	0	
2024-06-24 02:47:00	206	654	9	0	0	3	13	0	0	0	13	0	0	4.25	13	0	0	0	13	0	0	1.082		99.936	41.7553	0.170882	0	1.70991	0.123864	13.4296	1		0	12.0439	39.0775	0	0	0	
2024-06-24 02:54:22	256	655	5	0	0	7	29	0	0	0	29	0	0	7.75	29	0	0	0	29	0	0	0.649		99.9314	41.6732	0.320633	0	3.20854	0.0884593	15.1199	1		0	12.0439	38.0379	0	0	0	
2024-06-24 02:54:39	258	656	5	0	0	7	29	0	0	0	29	0	0	6.5	29	0	0	0	29	0	0	0.433		99.9287	41.5184	0.457942	0	4.58268	0.295414	14.3969	1		0	12.0439	37.908	0	0	0	
2024-06-24 02:43:44	183	657	5	0	0	1	5	0	0	0	5	0	0	6	5	0	0	0	5	0	0	4.33		99.9443	40.6423	0.0536811	0	0.53711	0.281204	16.8738	1		0	12.0439	40.6368	0	0	0	
2024-06-24 02:43:18	180	658	5	0	0	1	5	0	0	0	5	0	0	4.75	5	0	0	0	5	0	0	3.247		99.9462	40.6293	0.0677429	0	0.677794	0.234483	15.9701	1		0	12.0439	40.8967	0	0	0	
2024-06-24 02:59:47	293	659	9	0	0	4.75	20	0	0	0	20	0	0	5	20	0	0	0	20	0	0	0.216		99.9298	41.3653	0.750625	0	7.51152	0.183696	11.7991	1		0	12.0439	37.908	0	0	0	
2024-06-24 02:52:22	243	660	9	0	0	6	25	0	0	0	25	0	0	5	25	0	0	0	25	0	0	0.866		99.9297	41.4906	0.227488	0	2.27648	0.340256	14.3036	1		0	12.0439	38.0379	0	0	0	
2024-06-24 02:51:57	240	661	1	0	0	6	25	0	0	0	25	0	0	3.75	25	0	0	0	25	0	0	1.948		99.9337	41.5135	0.101771	0	1.01838	0.0542062	14.397	1		0	12.0439	38.1678	0	0	0	
2024-06-24 02:44:00	185	662	1	0	0	1	5	0	0	0	5	0	0	0	5	0	0	0	5	0	0	0.866		99.9476	40.7536	0.208936	0	2.09046	0.0964461	13.1348	1		0.0088623	12.0439	40.5069	0	0	0	
2024-06-24 02:58:29	284	663	9	0	0	0.75	4	0	0	0	4	0	0	7	4	0	0	0	4	0	0	5.412		99.9332	41.4721	0.0426637	0	0.426922	0.451902	16.7652	1		0	12.0439	37.908	0	0	0	
2024-06-24 02:49:24	223	664	1	0	0	4	17	0	0	0	17	0	0	0.25	17	0	0	0	17	0	0	3.247		99.9342	41.2615	0.0599092	0	0.599486	0.23021	14.1251	1		0	12.0439	38.5577	0	0	0	
2024-06-24 02:56:52	273	665	5	0	0	7.75	32	0	0	0	32	0	0	2.75	32	0	0	0	32	0	0	4.33		99.9304	41.7094	0.0467943	0	0.468268	0.116909	14.7111	1		0	12.0439	37.778	0	0	0	
2024-06-24 02:52:40	245	666	1	0	0	6	25	0	0	0	25	0	0	0	25	0	0	0	25	0	0	5.195		99.9274	41.4613	0.0496017	0	0.496377	0.143576	18.713	1		0	12.0439	38.0379	0	0	0	
2024-06-24 02:45:51	198	667	1	0	0	2	9	0	0	0	9	0	0	2.75	9	0	0	0	9	0	0	0.649		99.9421	41.1703	0.289784	0	2.89952	0.202305	13.6637	1		0	12.0439	39.5972	0	0	0	
2024-06-24 02:53:58	253	668	1	0	0	7	29	0	0	0	29	0	0	1.25	29	0	0	0	29	0	0	4.979		99.93	41.4476	0.047086	0	0.47119	0.055133	17.0233	1		0	12.0439	38.0379	0	0	0	
2024-06-24 02:41:51	170	669	9	0	0	0	1	0	0	0	1	0	0	5.5	1	0	0	0	1	0	0	4.762		99.9512	40.8826	0.0576444	0	0.576725	0.308159	19.9302	1		0	12.0439	42.1962	0	0	0	
2024-06-24 02:41:17	167	670	9	0	0	0	1	0	0	0	1	0	0	4.25	1	0	0	0	1	0	0	3.68		99.95	40.9278	0.055643	0	0.556708	0.090228	14.8661	2		0	12.0616	42.7159	0	0	0	
