Time	MeasID	DPID	Channel	A(x)	A(y)	A(z)	A(adr)	B(x)	B(y)	B(z)	B(adr)	M(x)	M(y)	M(z)	M(adr)	N(x)	N(y)	N(z)	N(adr)	F(x)	F(y)	F(z)	Note	I(mA)	Uout(V)	U(V)	SP(V)	R(Ohm)	Var(%)	Rho-a(Ohm-m)	Cycles	IP Delay Window(mV/V)	Pint(V)	Pext(V)	T int(deg C)	T log(deg C)	Latitude	Longitude
2024-06-24 14:56:44	1266	2346	5	0	0	7.75	32	0	0	0	32	0	0	2	32	0	0	0	32	0	0	4.979		99.9515	41.8526	0.0415814	0	0.416016	0.296355	15.0299	1		0.0088623	12.0439	39.4673	0	0	0	
2024-06-24 14:51:07	1228	2347	9	0	0	5	21	0	0	0	21	0	0	7.5	21	0	0	0	21	0	0	2.165		99.9502	41.9524	0.0885662	0	0.886103	0.134354	13.9189	1		0	12.0439	39.8571	0	0	0	
2024-06-24 14:50:55	1227	2348	9	0	0	5	21	0	0	0	21	0	0	6.25	21	0	0	0	21	0	0	1.082		99.955	42.0494	0.179614	0	1.79694	0.0132702	14.1132	2		0.0088623	12.0439	39.8571	0	0	0	
2024-06-24 14:47:54	1206	2349	5	0	0	3	13	0	0	0	13	0	0	1.75	13	0	0	0	13	0	0	1.082		99.9502	42.0902	0.164269	0	1.64351	0.0881974	12.9081	1		0	12.0439	40.3769	0	0	0	
2024-06-24 14:56:26	1264	2350	9	0	0	7.75	32	0	0	0	32	0	0	6.75	32	0	0	0	32	0	0	0.866		99.9489	41.8836	0.231634	0	2.31752	0.023599	14.5614	1		0	12.0439	39.4673	0	0	0	
2024-06-24 15:02:56	1309	2351	1	0	0	3.25	14	0	0	0	14	0	0	2.5	14	0	0	0	14	0	0	0.649		99.9453	42.2243	0.278672	0	2.78825	0.156066	13.1393	1		0	12.0439	39.5972	0	0	0	
2024-06-24 14:48:37	1211	2352	5	0	0	4	17	0	0	0	17	0	0	7.5	17	0	0	0	17	0	0	3.031		99.9567	41.5361	0.0651106	0	0.651388	0.0368918	14.3248	2		0	12.0439	40.247	0	0	0	
2024-06-24 14:48:58	1213	2353	9	0	0	4	17	0	0	0	17	0	0	6.25	17	0	0	0	17	0	0	1.948		99.9523	41.5362	0.0987478	0	0.987949	0.063773	13.9668	1		0	12.0439	40.117	0	0	0	
2024-06-24 14:47:19	1202	2354	1	0	0	3	13	0	0	0	13	0	0	3.5	13	0	0	0	13	0	0	0.433		99.9536	42.1257	0.429394	0	4.29593	0.165824	13.4961	1		0	12.0439	40.6368	0	0	0	
2024-06-24 14:46:03	1193	2355	9	0	0	2	9	0	0	0	9	0	0	6.75	9	0	0	0	9	0	0	4.113		99.9603	41.4093	0.0522938	0	0.523146	0.143473	15.6133	1		0	12.0439	41.0267	0	0	0	
2024-06-24 14:54:28	1250	2356	9	0	0	7	29	0	0	0	29	0	0	5.75	29	0	0	0	29	0	0	1.082		99.9529	41.8455	0.18061	0	1.80695	0.135646	14.1917	1		0	12.0439	39.5972	0	0	0	
2024-06-24 14:54:36	1251	2357	5	0	0	7	29	0	0	0	29	0	0	4.5	29	0	0	0	29	0	0	2.165		99.9525	41.825	0.0893848	0	0.894272	0.145698	14.0472	1		0	12.0439	39.5972	0	0	0	
2024-06-24 14:44:18	1181	2358	5	0	0	1	5	0	0	0	5	0	0	5.25	5	0	0	0	5	0	0	3.68		99.9686	41.0055	0.0613277	0	0.613469	0.0814019	16.3818	1		0.0088623	12.0439	41.9363	0	0	0	
2024-06-24 14:43:15	1174	2359	5	0	0	1	5	0	0	0	5	0	0	4	5	0	0	0	5	0	0	2.598		99.9674	41.1008	0.0723573	0	0.723809	0.105311	13.6435	1		0	12.0439	42.586	0	0	0	
2024-06-24 15:01:15	1297	2360	1	0	0	4.75	20	0	0	0	20	0	0	3	20	0	0	0	20	0	0	1.515		99.9516	42.0648	0.119461	0	1.19519	0.073083	13.1418	1		0	12.0439	39.5972	0	0	0	
2024-06-24 14:53:33	1244	2361	1	0	0	6	25	0	0	0	25	0	0	3	25	0	0	0	25	0	0	2.598		99.9548	41.805	0.0764745	0	0.765091	0.146613	14.4216	1		0	12.0439	39.5972	0	0	0	
2024-06-24 14:45:54	1192	2362	1	0	0	2	9	0	0	0	9	0	0	2.25	9	0	0	0	9	0	0	0.216		99.9587	41.4263	0.729125	0	7.29426	0.132047	11.4578	1		0	12.0439	41.1566	0	0	0	
2024-06-24 14:55:02	1254	2363	1	0	0	7	29	0	0	0	29	0	0	0.5	29	0	0	0	29	0	0	5.628		99.9481	41.7882	0.042669	0	0.426911	0.256459	17.4354	1		0	12.0439	39.3374	0	0	0	
2024-06-24 14:42:42	1170	2364	1	0	0	0	1	0	0	0	1	0	0	3.5	1	0	0	0	1	0	0	3.031		99.9638	41.1922	0.0678838	0	0.679084	0.330311	14.9338	1		0.0088623	12.0439	42.9758	0	0	0	
2024-06-24 15:02:46	1308	2365	1	0	0	1.75	8	0	0	0	8	0	0	0	8	0	0	0	8	0	0	1.515		99.9479	42.2422	0.116045	0	1.16105	0.20947	12.7664	1		0	12.0439	39.5972	0	0	0	
2024-06-24 14:52:24	1237	2366	5	0	0	6	25	0	0	0	25	0	0	7	25	0	0	0	25	0	0	0.866		99.9524	41.9014	0.233358	0	2.33469	0.12237	14.6693	1		0	12.0439	39.7272	0	0	0	
2024-06-24 15:01:58	1302	2367	1	0	0	6.5	27	0	0	0	27	0	0	1.25	27	0	0	0	27	0	0	4.546		99.9441	42.0638	0.0525336	0	0.52563	0.570897	17.3388	1		0	12.0439	39.5972	0	0	0	
2024-06-24 14:55:52	1260	2368	1	0	0	7.75	32	0	0	0	32	0	0	1.25	32	0	0	0	32	0	0	5.628		99.9511	41.9213	0.0388675	0	0.388866	0.517505	15.8815	1		0	12.0439	39.4673	0	0	0	
2024-06-24 14:50:48	1226	2369	9	0	0	5	21	0	0	0	21	0	0	5.5	21	0	0	0	21	0	0	0.433		99.9586	42.074	0.448949	0	4.49135	0.255127	14.11	1		0	11.9375	39.8571	0	0	0	
2024-06-24 14:50:14	1222	2370	5	0	0	5	21	0	0	0	21	0	0	4.25	21	0	0	0	21	0	0	0.649		99.9515	42.115	0.297618	0	2.97763	0.296509	14.0317	1		0	12.0439	39.9871	0	0	0	
2024-06-24 14:48:02	1207	2371	5	0	0	3	13	0	0	0	13	0	0	1	13	0	0	0	13	0	0	1.732		99.9552	42.1698	0.102689	0	1.02735	0.0575035	12.9101	1		0.0088623	12.0439	40.3769	0	0	0	
2024-06-24 14:43:15	1174	2372	1	0	0	1	5	0	0	0	5	0	0	2	5	0	0	0	5	0	0	0.866		99.9674	41.1008	0.200808	0	2.00874	0.080776	12.6213	1		0	12.0439	42.586	0	0	0	
2024-06-24 14:58:20	1277	2373	9	0	0	1.75	8	0	0	0	8	0	0	6	8	0	0	0	8	0	0	3.68		99.9451	42.0097	0.0609462	0	0.609797	0.109418	16.2837	2		0	12.0439	39.4673	0	0	0	
2024-06-24 14:49:41	1218	2374	1	0	0	4	17	0	0	0	17	0	0	2.25	17	0	0	0	17	0	0	1.515		99.955	41.4862	0.117007	0	1.1706	0.040873	12.8714	1		0	12.0439	39.9871	0	0	0	
2024-06-24 14:55:52	1260	2375	5	0	0	7.75	32	0	0	0	32	0	0	6	32	0	0	0	32	0	0	1.515		99.9511	41.9213	0.127549	0	1.27611	0.240745	14.0316	1		0	12.0439	39.4673	0	0	0	
2024-06-24 14:56:09	1262	2376	9	0	0	7.75	32	0	0	0	32	0	0	4.75	32	0	0	0	32	0	0	2.598		99.9519	41.9312	0.0736608	0	0.736963	0.143758	13.8914	1		0	12.0439	39.4673	0	0	0	
2024-06-24 14:52:16	1236	2377	1	0	0	6	25	0	0	0	25	0	0	2	25	0	0	0	25	0	0	3.464		99.954	41.9104	0.065595	0	0.656251	0.194799	16.4934	1		0	12.0439	39.7272	0	0	0	
2024-06-24 14:48:49	1212	2378	5	0	0	4	17	0	0	0	17	0	0	5.5	17	0	0	0	17	0	0	1.299		99.9522	41.536	0.148653	0	1.48724	0.0428472	14.017	1		0	12.0439	40.117	0	0	0	
2024-06-24 14:48:29	1210	2379	9	0	0	4	17	0	0	0	17	0	0	4.25	17	0	0	0	17	0	0	0.216		99.9577	41.6467	0.844581	0	8.44938	0.139544	13.2723	1		0	12.0439	40.247	0	0	0	
2024-06-24 14:41:37	1163	2380	1	0	0	0	1	0	0	0	1	0	0	1.75	1	0	0	0	1	0	0	1.515		99.9666	41.1796	0.116909	0	1.16948	0.0849687	12.8591	2		0.0088623	12.0439	44.2753	0	0	0	
2024-06-24 15:04:02	1317	2381	1	0	0	3.75	16	0	0	4	16	0	0	3.5	16	0	0	4.25	16	0	0	0.13		99.9505	18.9203	0.592625	0	5.92918	0.00567924	9.31353	1		0	12.0439	39.5972	0	0	0	
2024-06-24 14:47:28	1203	2382	1	0	0	3	13	0	0	0	13	0	0	2.75	13	0	0	0	13	0	0	0.216		99.9536	42.1202	0.72467	0	7.25007	0.220731	11.3884	1		0	12.0439	40.6368	0	0	0	
2024-06-24 14:45:54	1192	2383	5	0	0	2	9	0	0	0	9	0	0	6	9	0	0	0	9	0	0	3.464		99.9587	41.4263	0.0643995	0	0.64426	0.227552	16.192	1		0	12.0439	41.1566	0	0	0	
2024-06-24 14:45:00	1186	2384	9	0	0	2	9	0	0	0	9	0	0	4.75	9	0	0	0	9	0	0	2.381		99.9674	41.4648	0.0811623	0	0.811888	0.139769	14.0284	1		0	12.0439	41.5464	0	0	0	
2024-06-24 14:54:44	1252	2385	5	0	0	7	29	0	0	0	29	0	0	5	29	0	0	0	29	0	0	1.732		99.952	41.7888	0.109932	0	1.09985	0.0223483	13.8211	1		0	12.0439	39.5972	0	0	0	
2024-06-24 14:54:52	1253	2386	1	0	0	7	29	0	0	0	29	0	0	3.75	29	0	0	0	29	0	0	2.814		99.9537	41.8952	0.0701809	0	0.702134	0.0759424	14.3378	1		0	12.0439	39.5972	0	0	0	
2024-06-24 14:44:43	1184	2387	5	0	0	1	5	0	0	0	5	0	0	3.25	5	0	0	0	5	0	0	1.948		99.9679	41.0041	0.0920258	0	0.920554	0.0937449	13.014	1		0	12.0439	41.6764	0	0	0	
2024-06-24 14:57:48	1274	2388	9	0	0	2.75	12	0	0	0	12	0	0	5	12	0	0	0	12	0	0	1.948		99.9485	41.9701	0.0931258	0	0.931739	0.0882461	13.1721	1		0.0088623	12.0439	39.5972	0	0	0	
2024-06-24 14:51:17	1229	2389	1	0	0	5	21	0	0	0	21	0	0	1.75	21	0	0	0	21	0	0	2.814		99.9503	41.9011	0.0736464	0	0.73683	0.655391	15.0463	1		0	12.0439	39.8571	0	0	0	
2024-06-24 14:45:16	1188	2390	1	0	0	2	9	0	0	0	9	0	0	1.5	9	0	0	0	9	0	0	0.433		99.9688	41.544	0.411972	0	4.121	0.0262434	12.9465	1		0	12.0439	41.4165	0	0	0	
2024-06-24 14:42:58	1172	2391	5	0	0	0	1	0	0	0	1	0	0	2.75	1	0	0	0	1	0	0	2.381		99.9652	41.205	0.122672	0	1.22715	0.622833	21.2037	1		0	12.0439	42.7159	0	0	0	
2024-06-24 14:57:40	1273	2392	9	0	0	3.25	14	0	0	0	14	0	0	4.5	14	0	0	0	14	0	0	1.082		99.9496	42.3487	0.167449	0	1.67533	0.0532912	13.158	1		0	12.0439	39.5972	0	0	0	
2024-06-24 14:47:37	1204	2393	9	0	0	3	13	0	0	0	13	0	0	6.75	13	0	0	0	13	0	0	3.247		99.9521	42.1239	0.0639406	0	0.639713	0.535399	15.0729	1		0	12.0439	40.5069	0	0	0	
2024-06-24 14:43:52	1178	2394	9	0	0	1	5	0	0	0	5	0	0	7.25	5	0	0	0	5	0	0	5.412		99.9709	41.1028	0.0593605	0	0.593778	0.412507	23.3176	1		0	12.0439	42.1962	0	0	0	
2024-06-24 14:52:32	1238	2395	9	0	0	6	25	0	0	0	25	0	0	7.5	25	0	0	0	25	0	0	1.299		99.9605	41.9962	0.148575	0	1.48634	0.0127545	14.0084	1		0	12.0439	39.7272	0	0	0	
2024-06-24 14:52:42	1239	2396	9	0	0	6	25	0	0	0	25	0	0	6.25	25	0	0	0	25	0	0	0.216		99.9518	41.9128	0.804328	0	8.04716	0.306307	12.6404	1		0	12.0439	39.5972	0	0	0	
2024-06-24 14:56:09	1262	2397	1	0	0	7.75	32	0	0	0	32	0	0	0.5	32	0	0	0	32	0	0	6.278		99.9519	41.9312	0.0361367	0	0.361541	0.16023	16.4693	1		0	12.0439	39.4673	0	0	0	
2024-06-24 14:50:22	1223	2398	1	0	0	5	21	0	0	0	21	0	0	3.5	21	0	0	0	21	0	0	1.299		99.9542	42.0504	0.138899	0	1.38962	0.0681379	13.0969	1		0	12.0439	39.8571	0	0	0	
2024-06-24 14:48:19	1209	2399	1	0	0	3	13	0	0	0	13	0	0	0.25	13	0	0	0	13	0	0	2.381		99.9567	42.2029	0.0765475	0	0.765807	0.220395	13.2322	1		0	12.0439	40.3769	0	0	0	
2024-06-24 14:44:43	1184	2400	1	0	0	1	5	0	0	0	5	0	0	1.25	5	0	0	0	5	0	0	0.216		99.9679	41.0041	0.734708	0	7.34944	0.1159	11.5445	1		0	12.0439	41.6764	0	0	0	
2024-06-24 14:49:56	1220	2401	1	0	0	4	17	0	0	0	17	0	0	1.5	17	0	0	0	17	0	0	2.165		99.9534	41.6412	0.083554	0	0.83593	0.0665473	13.1308	1		0	12.0439	40.117	0	0	0	
2024-06-24 14:58:31	1278	2402	9	0	0	1.5	7	0	0	0	7	0	0	6.25	7	0	0	0	7	0	0	4.113		99.946	41.1599	0.0605471	0	0.605798	1.91585	18.0801	4		0	12.0439	39.5972	0	0	0	
2024-06-24 14:55:35	1258	2403	5	0	0	7.75	32	0	0	0	32	0	0	5.25	32	0	0	0	32	0	0	2.165		99.9518	41.9553	0.0873113	0	0.873535	0.19023	13.7215	1		0	12.0439	39.4673	0	0	0	
2024-06-24 14:55:35	1258	2404	9	0	0	7.75	32	0	0	0	32	0	0	4	32	0	0	0	32	0	0	3.247		99.9518	41.9553	0.0593843	0	0.59413	0.00633677	13.9988	1		0	12.0439	39.4673	0	0	0	
2024-06-24 14:52:32	1238	2405	1	0	0	6	25	0	0	0	25	0	0	1.25	25	0	0	0	25	0	0	4.113		99.9605	41.9962	0.0589232	0	0.589465	0.744005	17.5926	1		0	12.0439	39.7272	0	0	0	
2024-06-24 14:50:05	1221	2406	1	0	0	4	17	0	0	0	17	0	0	3.5	17	0	0	0	17	0	0	0.433		99.9546	41.6677	0.458421	0	4.58629	0.155848	14.4082	1		0.0088623	12.0439	39.9871	0	0	0	
2024-06-24 14:42:49	1171	2407	1	0	0	0	1	0	0	0	1	0	0	1	1	0	0	0	1	0	0	0.866		99.9688	41.2645	0.205587	0	2.05652	0.0758669	12.9215	1		0.0088623	11.9375	42.9758	0	0	0	
2024-06-24 14:45:16	1188	2408	9	0	0	2	9	0	0	0	9	0	0	5.25	9	0	0	0	9	0	0	2.814		99.9688	41.544	0.0785364	0	0.785609	0.645747	16.0424	1		0	12.0439	41.4165	0	0	0	
2024-06-24 14:45:08	1187	2409	5	0	0	2	9	0	0	0	9	0	0	4	9	0	0	0	9	0	0	1.732		99.9658	41.4341	0.104271	0	1.04307	0.241488	13.1076	1		0	12.0439	41.4165	0	0	0	
2024-06-24 15:03:04	1310	2410	1	0	0	3.5	15	0	0	0	15	0	0	2.25	15	0	0	0	15	0	0	1.082		99.9503	41.586	0.163632	0	1.63714	0.117422	12.858	1		0	12.0439	39.5972	0	0	0	
2024-06-24 14:55:18	1256	2411	1	0	0	7	29	0	0	0	29	0	0	3	29	0	0	0	29	0	0	3.464		99.9489	41.832	0.0584299	0	0.584597	0.124942	14.6925	1		0	12.0439	39.5972	0	0	0	
2024-06-24 14:44:33	1183	2412	1	0	0	1	5	0	0	0	5	0	0	2.5	5	0	0	0	5	0	0	1.299		99.9665	41.0937	0.137787	0	1.37833	0.682824	12.9905	1		0.0088623	12.0439	41.8063	0	0	0	
2024-06-24 14:41:49	1164	2413	9	0	0	0	1	0	0	0	1	0	0	6.75	1	0	0	0	1	0	0	5.845		99.969	41.182	0.040148	0	0.401604	0.445226	17.0326	1		0	12.0439	43.7555	0	0	0	
2024-06-24 14:59:47	1286	2414	1	0	0	2.75	12	0	0	0	12	0	0	3	12	0	0	0	12	0	0	0.216		99.9429	41.7151	0.725009	0	7.25423	0.171866	11.3949	1		0	12.0439	39.4673	0	0	0	
2024-06-24 14:51:50	1233	2415	1	0	0	5	21	0	0	0	21	0	0	1	21	0	0	0	21	0	0	3.464		99.9536	41.9242	0.0619312	0	0.619599	0.360909	15.5722	1		0	12.0439	39.7272	0	0	0	
2024-06-24 15:05:17	1326	2416	1	0	0	0.5	3	0	0	7.25	3	0	0	2.75	3	0	0	5	3	0	0	1.168		99.9492	20.4463	0.0699071	0	0.699427	0.0174108	9.88791	2		0	12.0439	39.5972	0	0	0	
2024-06-24 15:00:35	1292	2417	9	0	0	6.75	28	0	0	0	28	0	0	7	28	0	0	0	28	0	0	0.216		99.9499	41.9504	0.783764	0	7.84157	0.363839	12.3175	1		0.0088623	12.0439	39.5972	0	0	0	
2024-06-24 14:46:36	1197	2418	1	0	0	2	9	0	0	0	9	0	0	0.75	9	0	0	0	9	0	0	1.082		99.9591	41.373	0.159161	0	1.59226	0.109941	12.5056	1		0	12.0439	40.8967	0	0	0	
2024-06-24 14:47:28	1203	2419	5	0	0	3	13	0	0	0	13	0	0	6	13	0	0	0	13	0	0	2.598		99.9536	42.1202	0.0758355	0	0.758707	0.155554	14.3013	1		0	12.0439	40.6368	0	0	0	
2024-06-24 14:47:02	1200	2420	9	0	0	3	13	0	0	0	13	0	0	4.75	13	0	0	0	13	0	0	1.515		99.9537	42.1551	0.120716	0	1.20772	0.0771718	13.2795	1		0	12.0439	40.6368	0	0	0	
2024-06-24 14:44:01	1179	2421	5	0	0	1	5	0	0	0	5	0	0	7.75	5	0	0	0	5	0	0	5.845		99.9669	41.0371	0.0384656	0	0.384783	0.168241	16.3192	1		0	12.0439	42.0662	0	0	0	
2024-06-24 14:43:52	1178	2422	5	0	0	1	5	0	0	0	5	0	0	6.5	5	0	0	0	5	0	0	4.762		99.9709	41.1028	0.0511143	0	0.511291	0.42616	17.669	1		0	12.0439	42.1962	0	0	0	
2024-06-24 14:52:24	1237	2423	9	0	0	6	25	0	0	0	25	0	0	5.5	25	0	0	0	25	0	0	0.433		99.9524	41.9014	0.461781	0	4.62001	0.152436	14.5142	1		0	12.0439	39.7272	0	0	0	
2024-06-24 14:52:16	1236	2424	9	0	0	6	25	0	0	0	25	0	0	4.25	25	0	0	0	25	0	0	1.515		99.954	41.9104	0.127997	0	1.28055	0.229951	14.0804	1		0	12.0439	39.7272	0	0	0	
2024-06-24 14:51:26	1230	2425	1	0	0	5	21	0	0	0	21	0	0	2.75	21	0	0	0	21	0	0	1.948		99.9503	41.8838	0.0935369	0	0.935835	0.0219939	13.23	1		0	12.0439	39.8571	0	0	0	
2024-06-24 14:44:52	1185	2426	1	0	0	1	5	0	0	0	5	0	0	0.5	5	0	0	0	5	0	0	0.433		99.9671	40.9901	0.431704	0	4.31846	0.187962	13.5668	1		0.0088623	12.0439	41.6764	0	0	0	
2024-06-24 14:50:05	1221	2427	5	0	0	4	17	0	0	0	17	0	0	0.75	17	0	0	0	17	0	0	2.814		99.9546	41.6677	0.0692995	0	0.693309	0.298131	14.1576	1		0.0088623	12.0439	39.9871	0	0	0	
2024-06-24 14:56:51	1267	2428	1	0	0	7.75	32	0	0	0	32	0	0	3.25	32	0	0	0	32	0	0	3.897		99.9533	41.959	0.0500706	0	0.50094	0.341972	14.1637	1		0	12.0439	39.5972	0	0	0	
2024-06-24 15:04:33	1321	2429	1	0	0	2.75	12	0	0	5	12	0	0	0.5	12	0	0	7.25	12	0	0	1.168		99.9549	20.2227	0.0705015	0	0.705333	0.283211	9.97141	1		0.0088623	12.0439	39.5972	0	0	0	
2024-06-24 14:58:46	1279	2430	9	0	0	1.25	6	0	0	0	6	0	0	6.5	6	0	0	0	6	0	0	4.546		99.9509	42.1039	0.0519175	0	0.51943	0.888044	17.1343	1		0	12.0439	39.5972	0	0	0	
2024-06-24 14:52:50	1240	2431	1	0	0	6	25	0	0	0	25	0	0	0.5	25	0	0	0	25	0	0	4.762		99.9561	41.8329	0.0536373	0	0.536608	0.343118	18.5439	2		0	12.0439	39.5972	0	0	0	
2024-06-24 14:49:56	1220	2432	5	0	0	4	17	0	0	0	17	0	0	2.75	17	0	0	0	17	0	0	1.082		99.9534	41.6412	0.16511	0	1.65187	0.0530037	12.9737	1		0	12.0439	40.117	0	0	0	
2024-06-24 14:41:49	1164	2433	1	0	0	0	1	0	0	0	1	0	0	0.25	1	0	0	0	1	0	0	0.216		99.969	41.182	0.7335	0	7.33727	0.0249003	11.5254	1		0	12.0439	43.7555	0	0	0	
2024-06-24 14:45:08	1187	2434	1	0	0	2	9	0	0	0	9	0	0	3.25	9	0	0	0	9	0	0	1.082		99.9658	41.4341	0.16451	0	1.64566	0.188213	12.925	1		0	12.0439	41.4165	0	0	0	
2024-06-24 14:55:25	1257	2435	5	0	0	7	29	0	0	0	29	0	0	1.75	29	0	0	0	29	0	0	4.546		99.95	41.9173	0.0503422	0	0.503674	0.491328	16.6146	1		0.0088623	12.0439	39.5972	0	0	0	
2024-06-24 14:42:32	1169	2436	5	0	0	0	1	0	0	0	1	0	0	6	1	0	0	0	1	0	0	5.195		99.9741	41.2598	0.0494478	0	0.494606	0.674513	18.6462	1		0.0088623	12.0439	43.2357	0	0	0	
2024-06-24 14:41:57	1165	2437	9	0	0	0	1	0	0	0	1	0	0	4.75	1	0	0	0	1	0	0	4.113		99.9708	41.2365	0.0519133	0	0.519285	0.0194146	15.4981	1		0.0088623	12.0439	43.7555	0	0	0	
2024-06-24 15:02:14	1304	2438	1	0	0	7.25	30	0	0	0	30	0	0	0.5	30	0	0	0	30	0	0	5.845		99.9424	42.111	0.048895	0	0.489232	0.301392	20.7491	1		0	12.0439	39.5972	0	0	0	
2024-06-24 14:51:34	1231	2439	5	0	0	5	21	0	0	0	21	0	0	0.25	21	0	0	0	21	0	0	4.113		99.9488	41.8646	0.0508326	0	0.508587	0.196285	15.1788	1		0	12.0439	39.7272	0	0	0	
2024-06-24 14:51:07	1228	2440	5	0	0	5	21	0	0	0	21	0	0	6.75	21	0	0	0	21	0	0	1.515		99.9502	41.9524	0.130128	0	1.30193	0.500241	14.3154	1		0	12.0439	39.8571	0	0	0	
2024-06-24 14:47:54	1206	2441	1	0	0	3	13	0	0	0	13	0	0	2.25	13	0	0	0	13	0	0	0.649		99.9502	42.0902	0.277987	0	2.78126	0.135262	13.1064	1		0	12.0439	40.3769	0	0	0	
2024-06-24 14:46:19	1195	2442	5	0	0	2	9	0	0	0	9	0	0	0	9	0	0	0	9	0	0	1.732		99.9527	41.4521	0.130207	0	1.30269	0.070408	16.3701	1		0.0088623	12.0439	41.0267	0	0	0	
2024-06-24 15:00:43	1293	2443	9	0	0	6.5	27	0	0	0	27	0	0	7.25	27	0	0	0	27	0	0	0.649		99.9504	42.2269	0.305347	0	3.05498	0.151953	14.3963	1		0	12.0439	39.5972	0	0	0	
2024-06-24 14:56:18	1263	2444	9	0	0	7.75	32	0	0	0	32	0	0	7.25	32	0	0	0	32	0	0	0.433		99.9518	41.8989	0.453615	0	4.53834	0.420589	14.2576	1		0	12.0439	39.5972	0	0	0	
2024-06-24 15:02:23	1305	2445	1	0	0	7.5	31	0	0	0	31	0	0	0.25	31	0	0	0	31	0	0	6.278		99.9417	41.8945	0.0355912	0	0.35612	0.0388206	16.2223	1		0	12.0439	39.5972	0	0	0	
2024-06-24 14:59:21	1283	2446	1	0	0	0.75	4	0	0	0	4	0	0	1	4	0	0	0	4	0	0	0.216		99.9472	42.0448	0.744501	0	7.44894	0.0465367	11.7008	1		0	12.0439	39.5972	0	0	0	
2024-06-24 15:01:31	1299	2447	1	0	0	5.5	23	0	0	0	23	0	0	2.25	23	0	0	0	23	0	0	2.814		99.9445	41.9019	0.0802321	0	0.802767	0.0345889	16.3928	1		0	12.0439	39.5972	0	0	0	
2024-06-24 14:49:14	1215	2448	5	0	0	4	17	0	0	0	17	0	0	6.75	17	0	0	0	17	0	0	2.381		99.9551	41.588	0.0823737	0	0.824106	0.27352	14.2395	1		0	12.0439	40.117	0	0	0	
2024-06-24 14:47:45	1205	2449	9	0	0	3	13	0	0	0	13	0	0	5.25	13	0	0	0	13	0	0	1.948		99.9541	42.102	0.0970008	0	0.970454	0.0634617	13.7195	1		0	12.0616	40.5069	0	0	0	
2024-06-24 14:46:45	1198	2450	9	0	0	3	13	0	0	0	13	0	0	4	13	0	0	0	13	0	0	0.866		99.9579	42.2195	0.214783	0	2.14873	0.183556	13.5009	1		0	12.0439	40.7668	0	0	0	
2024-06-24 14:45:54	1192	2451	9	0	0	2	9	0	0	0	9	0	0	7.25	9	0	0	0	9	0	0	4.546		99.9587	41.4263	0.0533741	0	0.533961	0.0218699	17.6136	1		0	12.0439	41.1566	0	0	0	
2024-06-24 14:54:10	1248	2452	5	0	0	7	29	0	0	0	29	0	0	7.5	29	0	0	0	29	0	0	0.433		99.951	41.8545	0.443042	0	4.4326	0.212504	13.9254	1		0	12.0439	39.5972	0	0	0	
2024-06-24 14:54:19	1249	2453	5	0	0	7	29	0	0	0	29	0	0	6.25	29	0	0	0	29	0	0	0.649		99.9534	41.8473	0.309562	0	3.09706	0.177945	14.5946	1		0	12.0439	39.5972	0	0	0	
2024-06-24 14:43:33	1176	2454	9	0	0	1	5	0	0	0	5	0	0	5.75	5	0	0	0	5	0	0	4.113		99.9689	41.0475	0.0521104	0	0.521266	0.305051	15.5573	1		0	12.0439	42.3261	0	0	0	
2024-06-24 14:43:33	1176	2455	5	0	0	1	5	0	0	0	5	0	0	4.5	5	0	0	0	5	0	0	3.031		99.9689	41.0475	0.0701106	0	0.701324	0.336299	15.4229	1		0	12.0439	42.3261	0	0	0	
2024-06-24 14:53:33	1244	2456	5	0	0	6	25	0	0	0	25	0	0	3.5	25	0	0	0	25	0	0	2.165		99.9548	41.805	0.086806	0	0.868452	0.0316839	13.6416	1		0	12.0439	39.5972	0	0	0	
2024-06-24 14:48:29	1210	2457	1	0	0	4	17	0	0	0	17	0	0	0	17	0	0	0	17	0	0	3.464		99.9577	41.6467	0.0605504	0	0.60576	0.31387	15.2244	1		0	12.0439	40.247	0	0	0	
2024-06-24 14:56:35	1265	2458	1	0	0	7.75	32	0	0	0	32	0	0	2.5	32	0	0	0	32	0	0	4.546		99.9514	41.8447	0.0461306	0	0.46153	0.668412	15.2244	1		0	12.0439	39.4673	0	0	0	
2024-06-24 14:45:45	1191	2459	1	0	0	2	9	0	0	0	9	0	0	2.5	9	0	0	0	9	0	0	0.433		99.961	41.425	0.409064	0	4.09223	0.0635201	12.8561	1		0	12.0439	41.1566	0	0	0	
2024-06-24 14:54:01	1247	2460	1	0	0	7	29	0	0	0	29	0	0	1	29	0	0	0	29	0	0	5.195		99.9528	41.8679	0.0449771	0	0.449983	0.180175	16.964	1		0	12.0439	39.5972	0	0	0	
2024-06-24 14:41:24	1162	2461	5	0	0	0	1	0	0	0	1	0	0	5.25	1	0	0	0	1	0	0	4.546		99.9673	41.2462	0.0493581	0	0.493742	0.240163	16.2869	1		0	12.0616	44.2753	0	0	0	
2024-06-24 14:42:06	1166	2462	1	0	0	0	1	0	0	0	1	0	0	4	1	0	0	0	1	0	0	3.464		99.9669	41.1787	0.0608238	0	0.608439	0.0790585	15.2917	2		0	12.0439	43.6256	0	0	0	
2024-06-24 14:56:44	1266	2463	1	0	0	7.75	32	0	0	0	32	0	0	1.75	32	0	0	0	32	0	0	5.195		99.9515	41.8526	0.041435	0	0.414551	0.417244	15.6282	1		0.0088623	12.0439	39.4673	0	0	0	
2024-06-24 14:50:48	1226	2464	5	0	0	5	21	0	0	0	21	0	0	6	21	0	0	0	21	0	0	0.866		99.9586	42.074	0.224635	0	2.24728	0.0798293	14.1201	1		0	11.9375	39.8571	0	0	0	
2024-06-24 14:50:31	1224	2465	5	0	0	5	21	0	0	0	21	0	0	4.75	21	0	0	0	21	0	0	0.216		99.9544	41.9896	0.756983	0	7.57328	0.206594	11.8961	1		0	12.0439	39.8571	0	0	0	
2024-06-24 14:48:11	1208	2466	5	0	0	3	13	0	0	0	13	0	0	1.5	13	0	0	0	13	0	0	1.299		99.9512	42.1151	0.134249	0	1.34314	0.164013	12.6588	1		0	12.0439	40.3769	0	0	0	
2024-06-24 14:56:00	1261	2467	1	0	0	7.75	32	0	0	0	32	0	0	6.5	32	0	0	0	32	0	0	1.082		99.9544	42.0279	0.181228	0	1.8131	0.0215036	14.2401	1		0	12.0439	39.5972	0	0	0	
2024-06-24 14:58:12	1276	2468	9	0	0	2.25	10	0	0	0	10	0	0	5.5	10	0	0	0	10	0	0	2.814		99.9508	42.532	0.0810528	0	0.810926	0.697044	16.5594	1		0	12.0439	39.5972	0	0	0	
2024-06-24 15:04:26	1320	2469	1	0	0	3	13	0	0	4.75	13	0	0	1.25	13	0	0	6.5	13	0	0	0.908		99.9499	20.6154	0.0881553	0	0.881995	0.080449	9.69804	1		0	12.0439	39.5972	0	0	0	
2024-06-24 14:49:06	1214	2470	5	0	0	4	17	0	0	0	17	0	0	6	17	0	0	0	17	0	0	1.732		99.9497	41.5019	0.1095	0	1.09556	0.0105393	13.7672	1		0.0088623	12.0439	40.117	0	0	0	
2024-06-24 14:49:23	1216	2471	9	0	0	4	17	0	0	0	17	0	0	4.75	17	0	0	0	17	0	0	0.649		99.9552	41.543	0.310575	0	3.10714	0.10134	14.642	1		0	12.0439	40.117	0	0	0	
2024-06-24 14:42:32	1169	2472	1	0	0	0	1	0	0	0	1	0	0	2.25	1	0	0	0	1	0	0	1.948		99.9741	41.2598	0.105344	0	1.05371	0.344494	14.8965	1		0.0088623	12.0439	43.2357	0	0	0	
2024-06-24 15:04:17	1319	2473	1	0	0	3.25	14	0	0	4.5	14	0	0	2	14	0	0	5.75	14	0	0	0.649		99.9505	20.3685	0.141841	0	1.41911	0.422301	11.1457	1		0	12.0439	39.5972	0	0	0	
2024-06-24 14:48:11	1208	2474	1	0	0	3	13	0	0	0	13	0	0	3.25	13	0	0	0	13	0	0	0.216		99.9512	42.1151	0.743044	0	7.43407	0.165236	11.6774	1		0	12.0439	40.3769	0	0	0	
2024-06-24 14:45:24	1189	2475	9	0	0	2	9	0	0	0	9	0	0	7.75	9	0	0	0	9	0	0	4.979		99.967	41.5852	0.0427639	0	0.42778	0.225565	15.455	1		0	12.0439	41.4165	0	0	0	
2024-06-24 14:46:03	1193	2476	5	0	0	2	9	0	0	0	9	0	0	6.5	9	0	0	0	9	0	0	3.897		99.9603	41.4093	0.0543757	0	0.543973	0.0705338	15.3805	1		0	12.0439	41.0267	0	0	0	
2024-06-24 14:54:28	1250	2477	5	0	0	7	29	0	0	0	29	0	0	5.5	29	0	0	0	29	0	0	1.299		99.9529	41.8455	0.14875	0	1.4882	0.139877	14.026	1		0	12.0439	39.5972	0	0	0	
2024-06-24 14:54:36	1251	2478	9	0	0	7	29	0	0	0	29	0	0	4.25	29	0	0	0	29	0	0	2.381		99.9525	41.825	0.082304	0	0.823431	0.152914	14.2279	1		0	12.0439	39.5972	0	0	0	
2024-06-24 14:44:18	1181	2479	9	0	0	1	5	0	0	0	5	0	0	5	5	0	0	0	5	0	0	3.464		99.9686	41.0055	0.0612427	0	0.612619	0.329672	15.3968	1		0.0088623	12.0439	41.9363	0	0	0	
2024-06-24 14:43:41	1177	2480	1	0	0	1	5	0	0	0	5	0	0	3.75	5	0	0	0	5	0	0	2.381		99.9636	40.9892	0.0803015	0	0.803308	0.0703145	13.8802	2		0	12.0439	42.1962	0	0	0	
2024-06-24 14:52:42	1239	2481	1	0	0	6	25	0	0	0	25	0	0	2.75	25	0	0	0	25	0	0	2.814		99.9518	41.9128	0.0705597	0	0.705937	0.0648739	14.4155	1		0	12.0439	39.5972	0	0	0	
2024-06-24 14:51:26	1230	2482	5	0	0	5	21	0	0	0	21	0	0	2.25	21	0	0	0	21	0	0	2.381		99.9503	41.8838	0.0789437	0	0.78983	0.0750543	13.6473	1		0	12.0439	39.8571	0	0	0	
2024-06-24 14:54:19	1249	2483	1	0	0	7	29	0	0	0	29	0	0	0.25	29	0	0	0	29	0	0	5.845		99.9534	41.8473	0.0395727	0	0.395911	0.214267	16.7912	1		0	12.0439	39.5972	0	0	0	
2024-06-24 14:41:24	1162	2484	1	0	0	0	1	0	0	0	1	0	0	3.25	1	0	0	0	1	0	0	2.814		99.9673	41.2462	0.0689234	0	0.689459	0.251494	14.079	1		0	12.0616	44.2753	0	0	0	
2024-06-24 14:46:45	1198	2485	5	0	0	3	13	0	0	0	13	0	0	7.25	13	0	0	0	13	0	0	3.68		99.9579	42.2195	0.0670467	0	0.670749	0.496677	17.9114	1		0	12.0439	40.7668	0	0	0	
2024-06-24 14:53:01	1241	2486	5	0	0	6	25	0	0	0	25	0	0	6.75	25	0	0	0	25	0	0	0.649		99.9513	41.8847	0.31803	0	3.18185	0.0830532	14.9941	2		0	12.0439	39.7272	0	0	0	
2024-06-24 14:57:24	1271	2487	9	0	0	3.75	16	0	0	0	16	0	0	4	16	0	0	0	16	0	0	0.216		99.9487	41.8498	0.829566	0	8.29991	0.22436	13.0375	1		0.0088623	12.0439	39.5972	0	0	0	
2024-06-24 14:56:59	1268	2488	1	0	0	7.75	32	0	0	0	32	0	0	1	32	0	0	0	32	0	0	5.845		99.9518	42.0025	0.0375191	0	0.375372	0.516436	15.9201	1		0	12.0439	39.4673	0	0	0	
2024-06-24 14:50:22	1223	2489	5	0	0	5	21	0	0	0	21	0	0	5.25	21	0	0	0	21	0	0	0.216		99.9542	42.0504	0.775987	0	7.76343	0.189869	12.1948	1		0	12.0439	39.8571	0	0	0	
2024-06-24 14:50:31	1224	2490	9	0	0	5	21	0	0	0	21	0	0	4	21	0	0	0	21	0	0	0.866		99.9544	41.9896	0.222211	0	2.22312	0.459799	13.9683	1		0	12.0439	39.8571	0	0	0	
2024-06-24 14:46:53	1199	2491	1	0	0	3	13	0	0	0	13	0	0	0.75	13	0	0	0	13	0	0	1.948		99.953	42.1895	0.0926763	0	0.927199	0.0412235	13.108	1		0	12.0439	40.7668	0	0	0	
2024-06-24 14:43:33	1176	2492	1	0	0	1	5	0	0	0	5	0	0	1.75	5	0	0	0	5	0	0	0.649		99.9689	41.0475	0.281482	0	2.8157	0.0763376	13.2687	1		0	12.0439	42.3261	0	0	0	
2024-06-24 14:49:14	1215	2493	1	0	0	4	17	0	0	0	17	0	0	2	17	0	0	0	17	0	0	1.732		99.9551	41.588	0.103763	0	1.03809	0.17816	13.045	1		0	12.0439	40.117	0	0	0	
2024-06-24 14:55:43	1259	2494	5	0	0	7.75	32	0	0	0	32	0	0	5.75	32	0	0	0	32	0	0	1.732		99.9479	41.9341	0.110404	0	1.10462	0.146953	13.8811	1		0.0088623	12.0439	39.4673	0	0	0	
2024-06-24 14:56:26	1264	2495	5	0	0	7.75	32	0	0	0	32	0	0	4.5	32	0	0	0	32	0	0	2.814		99.9489	41.8836	0.0682648	0	0.682997	0.261158	13.947	1		0	12.0439	39.4673	0	0	0	
2024-06-24 15:00:02	1288	2496	1	0	0	2.25	10	0	0	0	10	0	0	3.5	10	0	0	0	10	0	0	1.082		99.9483	42.394	0.163381	0	1.63466	0.0505806	12.8386	1		0	12.0439	39.5972	0	0	0	
2024-06-24 14:59:13	1282	2497	9	0	0	0.25	2	0	0	0	2	0	0	7.5	2	0	0	0	2	0	0	6.278		99.9434	41.6055	0.0372195	0	0.372405	0.420706	16.9642	1		0	12.0439	39.4673	0	0	0	
2024-06-24 14:53:01	1241	2498	1	0	0	6	25	0	0	0	25	0	0	1.75	25	0	0	0	25	0	0	3.68		99.9513	41.8847	0.0662391	0	0.662714	0.175161	17.6968	2		0	12.0439	39.7272	0	0	0	
2024-06-24 14:48:49	1212	2499	9	0	0	4	17	0	0	0	17	0	0	5.25	17	0	0	0	17	0	0	1.082		99.9522	41.536	0.178842	0	1.78927	0.0702201	14.0529	1		0	12.0439	40.117	0	0	0	
2024-06-24 14:43:06	1173	2500	1	0	0	0	1	0	0	0	1	0	0	1.5	1	0	0	0	1	0	0	1.299		99.9666	41.2725	0.134071	0	1.34116	0.0733996	12.6402	1		0	12.0439	42.7159	0	0	0	
2024-06-24 14:47:37	1204	2501	1	0	0	3	13	0	0	0	13	0	0	2.5	13	0	0	0	13	0	0	0.433		99.9521	42.1239	0.412495	0	4.12693	0.147294	12.9651	1		0	12.0439	40.5069	0	0	0	
2024-06-24 14:45:45	1191	2502	9	0	0	2	9	0	0	0	9	0	0	5.75	9	0	0	0	9	0	0	3.247		99.961	41.425	0.0643574	0	0.643825	0.0634782	15.1698	1		0	12.0439	41.1566	0	0	0	
2024-06-24 14:45:00	1186	2503	5	0	0	2	9	0	0	0	9	0	0	4.5	9	0	0	0	9	0	0	2.165		99.9674	41.4648	0.0869717	0	0.870001	0.225186	13.6659	1		0	12.0439	41.5464	0	0	0	
2024-06-24 14:55:18	1256	2504	5	0	0	7	29	0	0	0	29	0	0	3.5	29	0	0	0	29	0	0	3.031		99.9489	41.832	0.0648261	0	0.648592	0.0468182	14.2633	1		0	12.0439	39.5972	0	0	0	
2024-06-24 14:44:18	1181	2505	1	0	0	1	5	0	0	0	5	0	0	3	5	0	0	0	5	0	0	1.732		99.9686	41.0055	0.103326	0	1.03358	0.265245	12.9884	1		0.0088623	12.0439	41.9363	0	0	0	
2024-06-24 14:42:06	1166	2506	5	0	0	0	1	0	0	0	1	0	0	7.25	1	0	0	0	1	0	0	6.278		99.9669	41.1787	0.0401766	0	0.401899	0.326237	18.3077	2		0	12.0439	43.6256	0	0	0	
2024-06-24 14:50:14	1222	2507	1	0	0	5	21	0	0	0	21	0	0	1.5	21	0	0	0	21	0	0	3.031		99.9515	42.115	0.0666266	0	0.66659	0.84854	14.6591	1		0	12.0439	39.9871	0	0	0	
2024-06-24 14:46:03	1193	2508	1	0	0	2	9	0	0	0	9	0	0	1.25	9	0	0	0	9	0	0	0.649		99.9603	41.4093	0.270416	0	2.70523	0.0651677	12.7481	1		0	12.0439	41.0267	0	0	0	
2024-06-24 15:02:38	1307	2509	1	0	0	1.5	7	0	0	0	7	0	0	0.25	7	0	0	0	7	0	0	1.082		99.9466	41.357	0.160907	0	1.60993	0.237279	12.6444	1		0	12.0439	39.5972	0	0	0	
2024-06-24 14:43:06	1173	2510	5	0	0	0	1	0	0	0	1	0	0	2.5	1	0	0	0	1	0	0	2.165		99.9666	41.2725	0.0875271	0	0.875564	0.503981	13.7533	1		0	12.0439	42.7159	0	0	0	
2024-06-24 15:01:48	1301	2511	1	0	0	6.25	26	0	0	0	26	0	0	1.5	26	0	0	0	26	0	0	4.113		99.9415	42.2713	0.0580634	0	0.580974	0.911367	17.3392	1		0	12.0439	39.5972	0	0	0	
2024-06-24 15:03:45	1315	2512	9	0	0	7.25	30	0	0	0	30	0	0	6.5	30	0	0	0	30	0	0	0.649		99.9514	42.2036	0.301521	0	3.01668	0.0618107	14.2158	1		0	12.0439	39.4673	0	0	0	
2024-06-24 14:47:19	1202	2513	9	0	0	3	13	0	0	0	13	0	0	7.75	13	0	0	0	13	0	0	4.113		99.9536	42.1257	0.0494121	0	0.49435	0.149479	14.7539	1		0	12.0439	40.6368	0	0	0	
2024-06-24 14:47:11	1201	2514	9	0	0	3	13	0	0	0	13	0	0	6.5	13	0	0	0	13	0	0	3.031		99.9543	42.152	0.0674434	0	0.674742	0.344489	14.8384	1		0	12.0439	40.6368	0	0	0	
2024-06-24 14:43:41	1177	2515	5	0	0	1	5	0	0	0	5	0	0	7	5	0	0	0	5	0	0	5.195		99.9636	40.9892	0.0445655	0	0.445817	0.0577977	16.8069	2		0	12.0439	42.1962	0	0	0	
2024-06-24 14:52:50	1240	2516	5	0	0	6	25	0	0	0	25	0	0	4.75	25	0	0	0	25	0	0	1.082		99.9561	41.8329	0.179161	0	1.7924	0.0767758	14.0774	2		0	12.0439	39.5972	0	0	0	
2024-06-24 14:56:26	1264	2517	1	0	0	7.75	32	0	0	0	32	0	0	0.25	32	0	0	0	32	0	0	6.494		99.9489	41.8836	0.0338534	0	0.338707	0.492087	15.9612	1		0	12.0439	39.4673	0	0	0	
2024-06-24 14:51:07	1228	2518	1	0	0	5	21	0	0	0	21	0	0	3.25	21	0	0	0	21	0	0	1.515		99.9502	41.9524	0.118589	0	1.18648	0.0244648	13.0461	1		0	12.0439	39.8571	0	0	0	
2024-06-24 14:46:45	1198	2519	1	0	0	3	13	0	0	0	13	0	0	0	13	0	0	0	13	0	0	2.598		99.9579	42.2195	0.0745328	0	0.745642	0.311743	14.055	1		0	12.0439	40.7668	0	0	0	
2024-06-24 14:57:32	1272	2520	9	0	0	3.5	15	0	0	0	15	0	0	4.25	15	0	0	0	15	0	0	0.649		99.9482	41.5178	0.296568	0	2.96722	0.100863	13.9827	1		0	11.9375	39.5972	0	0	0	
2024-06-24 14:49:33	1217	2521	1	0	0	4	17	0	0	0	17	0	0	1.25	17	0	0	0	17	0	0	2.381		99.955	41.5216	0.07891	0	0.789454	0.174314	13.6408	1		0	12.0439	40.117	0	0	0	
2024-06-24 14:56:09	1262	2522	5	0	0	7.75	32	0	0	0	32	0	0	5	32	0	0	0	32	0	0	2.381		99.9519	41.9312	0.0795153	0	0.795536	0.0415817	13.7459	1		0	12.0439	39.4673	0	0	0	
2024-06-24 14:55:43	1259	2523	1	0	0	7.75	32	0	0	0	32	0	0	3.75	32	0	0	0	32	0	0	3.464		99.9479	41.9341	0.0563567	0	0.563861	0.176064	14.1714	1		0.0088623	12.0439	39.4673	0	0	0	
2024-06-24 15:05:09	1325	2524	1	0	0	1.25	6	0	0	6.5	6	0	0	3	6	0	0	4.75	6	0	0	0.908		99.9548	20.2799	0.0866331	0	0.866723	0.658005	9.53012	1		0	12.0439	39.7272	0	0	0	
2024-06-24 14:53:24	1243	2525	5	0	0	6	25	0	0	0	25	0	0	1	25	0	0	0	25	0	0	4.33		99.9521	41.7855	0.0558479	0	0.558747	0.4674	17.5536	1		0	12.0439	39.5972	0	0	0	
2024-06-24 14:49:48	1219	2526	5	0	0	4	17	0	0	0	17	0	0	3.25	17	0	0	0	17	0	0	0.649		99.9558	41.5941	0.297425	0	2.97556	0.0863624	14.022	1		0	12.0439	39.9871	0	0	0	
2024-06-24 14:42:49	1171	2527	5	0	0	0	1	0	0	0	1	0	0	0.75	1	0	0	0	1	0	0	0.649		99.9688	41.2645	0.308135	0	3.08231	0.0543606	14.5251	1		0.0088623	11.9375	42.9758	0	0	0	
2024-06-24 15:04:43	1322	2528	1	0	0	3.5	15	0	0	4.25	15	0	0	3.75	15	0	0	4	15	0	0	0.13		99.9485	19.503	0.581686	0	5.81986	0.196008	9.14182	1		0	12.0439	39.5972	0	0	0	
2024-06-24 14:45:34	1190	2529	5	0	0	2	9	0	0	0	9	0	0	5	9	0	0	0	9	0	0	2.598		99.9638	41.4403	0.0751342	0	0.751614	0.129239	14.1676	2		0	12.0439	41.2865	0	0	0	
2024-06-24 14:45:24	1189	2530	1	0	0	2	9	0	0	0	9	0	0	3.75	9	0	0	0	9	0	0	1.515		99.967	41.5852	0.12427	0	1.24311	0.0104848	13.6687	1		0	12.0439	41.4165	0	0	0	
2024-06-24 14:55:08	1255	2531	5	0	0	7	29	0	0	0	29	0	0	2.75	29	0	0	0	29	0	0	3.68		99.953	41.9106	0.0554832	0	0.555092	0.240647	14.8229	1		0	11.9375	39.5972	0	0	0	
2024-06-24 14:55:25	1257	2532	1	0	0	7	29	0	0	0	29	0	0	2.25	29	0	0	0	29	0	0	4.113		99.95	41.9173	0.051271	0	0.512966	0.183567	15.3095	1		0.0088623	12.0439	39.5972	0	0	0	
2024-06-24 14:41:37	1163	2533	5	0	0	0	1	0	0	0	1	0	0	7.75	1	0	0	0	1	0	0	6.711		99.9666	41.1796	0.0349432	0	0.349548	0.245855	17.0211	2		0.0088623	12.0439	44.2753	0	0	0	
2024-06-24 14:41:49	1164	2534	5	0	0	0	1	0	0	0	1	0	0	6.5	1	0	0	0	1	0	0	5.628		99.969	41.182	0.0411999	0	0.412127	0.0068175	16.8316	1		0	12.0439	43.7555	0	0	0	
2024-06-24 14:51:34	1231	2535	1	0	0	5	21	0	0	0	21	0	0	0.75	21	0	0	0	21	0	0	3.68		99.9488	41.8646	0.0602146	0	0.602455	0.276089	16.0877	1		0	12.0439	39.7272	0	0	0	
2024-06-24 14:50:40	1225	2536	5	0	0	5	21	0	0	0	21	0	0	7.25	21	0	0	0	21	0	0	1.948		99.9558	41.9394	0.110466	0	1.10515	0.0450087	15.6236	1		0	12.0439	39.8571	0	0	0	
2024-06-24 15:03:37	1314	2537	9	0	0	5.75	24	0	0	0	24	0	0	4	24	0	0	0	24	0	0	1.515		99.9497	42.345	0.122726	0	1.22788	0.0848661	13.5012	1		0	12.0439	39.5972	0	0	0	
2024-06-24 15:00:19	1290	2538	9	0	0	4.5	19	0	0	0	19	0	0	5.25	19	0	0	0	19	0	0	0.649		99.9422	41.857	0.303308	0	3.03484	0.0227272	14.3013	1		0	12.0439	39.4673	0	0	0	
2024-06-24 15:04:50	1323	2539	1	0	0	2.75	12	0	0	5	12	0	0	3.5	12	0	0	4.25	12	0	0	0.389		99.9498	20.2448	0.256688	0	2.56817	0.803465	12.1022	2		0.0088623	12.0439	39.5972	0	0	0	
2024-06-24 14:46:19	1195	2540	1	0	0	2	9	0	0	0	9	0	0	0.5	9	0	0	0	9	0	0	1.299		99.9527	41.4521	0.133915	0	1.33978	0.115717	12.6271	1		0.0088623	12.0439	41.0267	0	0	0	
2024-06-24 14:59:05	1281	2541	9	0	0	0.5	3	0	0	0	3	0	0	7.25	3	0	0	0	3	0	0	5.845		99.947	41.9183	0.0563939	0	0.564238	0.583761	23.9302	1		0	12.0439	39.4673	0	0	0	
2024-06-24 14:49:33	1217	2542	5	0	0	4	17	0	0	0	17	0	0	7.25	17	0	0	0	17	0	0	2.814		99.955	41.5216	0.0754741	0	0.755081	0.213139	15.419	1		0	12.0439	40.117	0	0	0	
2024-06-24 14:47:11	1201	2543	5	0	0	3	13	0	0	0	13	0	0	5.75	13	0	0	0	13	0	0	2.381		99.9543	42.152	0.0790728	0	0.79109	0.0278779	13.669	1		0	12.0439	40.6368	0	0	0	
2024-06-24 14:47:02	1200	2544	5	0	0	3	13	0	0	0	13	0	0	4.5	13	0	0	0	13	0	0	1.299		99.9537	42.1551	0.139421	0	1.39485	0.0965389	13.1462	1		0	12.0439	40.6368	0	0	0	
2024-06-24 14:53:50	1246	2545	5	0	0	7	29	0	0	0	29	0	0	6.75	29	0	0	0	29	0	0	0.216		99.9515	41.8868	0.787998	0	7.88381	0.168269	12.3839	2		0	12.0439	39.5972	0	0	0	
2024-06-24 14:44:01	1179	2546	9	0	0	1	5	0	0	0	5	0	0	7.5	5	0	0	0	5	0	0	5.628		99.9669	41.0371	0.0407243	0	0.407377	0.0569363	16.6376	1		0	12.0439	42.0662	0	0	0	
2024-06-24 14:43:24	1175	2547	9	0	0	1	5	0	0	0	5	0	0	6.25	5	0	0	0	5	0	0	4.546		99.9676	41.0827	0.0543647	0	0.543823	0.22709	17.9389	1		0	12.0439	42.4561	0	0	0	
2024-06-24 14:52:08	1235	2548	9	0	0	6	25	0	0	0	25	0	0	5.25	25	0	0	0	25	0	0	0.649		99.952	41.955	0.304241	0	3.04387	0.364805	14.3439	1		0	12.0439	39.7272	0	0	0	
2024-06-24 14:51:59	1234	2549	9	0	0	6	25	0	0	0	25	0	0	4	25	0	0	0	25	0	0	1.732		99.9512	41.9801	0.108773	0	1.08826	0.0408888	13.6755	1		0	12.0439	39.7272	0	0	0	
2024-06-24 14:50:55	1227	2550	1	0	0	5	21	0	0	0	21	0	0	2.5	21	0	0	0	21	0	0	2.165		99.955	42.0494	0.0931495	0	0.931915	0.596956	14.6385	2		0.0088623	12.0439	39.8571	0	0	0	
2024-06-24 14:44:26	1182	2551	1	0	0	1	5	0	0	0	5	0	0	0.25	5	0	0	0	5	0	0	0.649		99.9683	40.9877	0.283658	0	2.83748	0.0781988	13.3713	1		0	12.0439	41.8063	0	0	0	
2024-06-24 14:48:49	1212	2552	1	0	0	4	17	0	0	0	17	0	0	0.5	17	0	0	0	17	0	0	3.031		99.9522	41.536	0.0657509	0	0.657824	0.101109	14.4663	1		0	12.0439	40.117	0	0	0	
2024-06-24 14:56:18	1263	2553	1	0	0	7.75	32	0	0	0	32	0	0	3	32	0	0	0	32	0	0	4.113		99.9518	41.8989	0.0482117	0	0.482349	0.210944	14.3958	1		0	12.0439	39.5972	0	0	0	
2024-06-24 14:53:41	1245	2554	1	0	0	6	25	0	0	0	25	0	0	0.25	25	0	0	0	25	0	0	4.979		99.9543	41.8871	0.0464536	0	0.464748	0.0137038	16.7906	1		0	12.0439	39.5972	0	0	0	
2024-06-24 15:01:24	1298	2555	1	0	0	5.25	22	0	0	0	22	0	0	2.5	22	0	0	0	22	0	0	2.381		99.9442	42.1506	0.0914858	0	0.915369	0.0599996	15.8164	1		0	12.0439	39.4673	0	0	0	
2024-06-24 14:48:58	1213	2556	1	0	0	4	17	0	0	0	17	0	0	2.5	17	0	0	0	17	0	0	1.299		99.9523	41.5362	0.13901	0	1.39076	0.0353777	13.1076	1		0	12.0439	40.117	0	0	0	
2024-06-24 14:45:34	1190	2557	1	0	0	2	9	0	0	0	9	0	0	3	9	0	0	0	9	0	0	0.866		99.9638	41.4403	0.206673	0	2.06748	0.029636	12.9904	2		0	12.0439	41.2865	0	0	0	
2024-06-24 14:54:10	1248	2558	1	0	0	7	29	0	0	0	29	0	0	1.5	29	0	0	0	29	0	0	4.762		99.951	41.8545	0.0470005	0	0.470235	0.0723154	16.2502	1		0	12.0439	39.5972	0	0	0	
2024-06-24 14:42:24	1168	2559	5	0	0	0	1	0	0	0	1	0	0	5.75	1	0	0	0	1	0	0	4.979		99.9733	41.2338	0.0453016	0	0.453137	0.469778	16.3711	1		0.0088623	12.0439	43.2357	0	0	0	
2024-06-24 14:42:24	1168	2560	9	0	0	0	1	0	0	0	1	0	0	4.5	1	0	0	0	1	0	0	3.897		99.9733	41.2338	0.0536422	0	0.536565	0.300999	15.171	1		0.0088623	12.0439	43.2357	0	0	0	
2024-06-24 14:51:41	1232	2561	5	0	0	5	21	0	0	0	21	0	0	0	21	0	0	0	21	0	0	4.33		99.9508	41.9974	0.0498275	0	0.49852	0.08628	15.6615	1		0.0088623	12.0439	39.5972	0	0	0	
2024-06-24 14:57:07	1269	2562	5	0	0	7.75	32	0	0	0	32	0	0	2.25	32	0	0	0	32	0	0	4.762		99.9527	42.0292	0.0428158	0	0.42836	0.160766	14.8031	1		0	12.0439	39.5972	0	0	0	
2024-06-24 14:51:17	1229	2563	5	0	0	5	21	0	0	0	21	0	0	7.75	21	0	0	0	21	0	0	2.381		99.9503	41.9011	0.0813566	0	0.813971	0.152699	14.0644	1		0	12.0439	39.8571	0	0	0	
2024-06-24 14:50:22	1223	2564	9	0	0	5	21	0	0	0	21	0	0	6.5	21	0	0	0	21	0	0	1.299		99.9542	42.0504	0.149569	0	1.49638	0.195972	14.103	1		0	12.0439	39.8571	0	0	0	
2024-06-24 14:47:45	1205	2565	1	0	0	3	13	0	0	0	13	0	0	2	13	0	0	0	13	0	0	0.866		99.9541	42.102	0.206112	0	2.06207	0.103997	12.9564	1		0	12.0616	40.5069	0	0	0	
2024-06-24 15:01:07	1296	2566	1	0	0	4.5	19	0	0	0	19	0	0	3.25	19	0	0	0	19	0	0	1.082		99.9474	42.1199	0.167983	0	1.68071	0.125593	13.2003	1		0	12.0439	39.4673	0	0	0	
2024-06-24 14:56:00	1261	2567	5	0	0	7.75	32	0	0	0	32	0	0	7	32	0	0	0	32	0	0	0.649		99.9544	42.0279	0.31481	0	3.14954	0.122917	14.8418	1		0	12.0439	39.5972	0	0	0	
2024-06-24 15:03:30	1313	2568	9	0	0	5.5	23	0	0	0	23	0	0	4.25	23	0	0	0	23	0	0	1.082		99.9444	41.5594	0.177103	0	1.77202	0.0921956	13.9174	1		0	12.0439	39.5972	0	0	0	
2024-06-24 15:02:06	1303	2569	1	0	0	6.75	28	0	0	0	28	0	0	1	28	0	0	0	28	0	0	4.979		99.9498	41.8438	0.0524931	0	0.525194	0.358496	18.9744	1		0.0088623	12.0439	39.5972	0	0	0	
2024-06-24 15:00:28	1291	2570	9	0	0	4.25	18	0	0	0	18	0	0	5.5	18	0	0	0	18	0	0	1.082		99.9501	41.871	0.177784	0	1.77872	0.049168	13.9701	1		0.0088623	12.0439	39.4673	0	0	0	
2024-06-24 14:48:58	1213	2571	5	0	0	4	17	0	0	0	17	0	0	7.75	17	0	0	0	17	0	0	3.247		99.9523	41.5362	0.0608882	0	0.609173	0.0547879	14.3533	1		0	12.0439	40.117	0	0	0	
2024-06-24 14:49:23	1216	2572	5	0	0	4	17	0	0	0	17	0	0	6.5	17	0	0	0	17	0	0	2.165		99.9552	41.543	0.0892112	0	0.892512	0.139202	14.0195	1		0	12.0439	40.117	0	0	0	
2024-06-24 14:47:19	1202	2573	5	0	0	3	13	0	0	0	13	0	0	5	13	0	0	0	13	0	0	1.732		99.9536	42.1257	0.10513	0	1.05178	0.137073	13.2171	1		0	12.0439	40.6368	0	0	0	
2024-06-24 14:47:11	1201	2574	1	0	0	3	13	0	0	0	13	0	0	3.75	13	0	0	0	13	0	0	0.649		99.9543	42.152	0.288935	0	2.89067	0.145174	13.622	1		0	12.0439	40.6368	0	0	0	
2024-06-24 14:45:24	1189	2575	5	0	0	2	9	0	0	0	9	0	0	7	9	0	0	0	9	0	0	4.33		99.967	41.5852	0.0495527	0	0.49569	0.10515	15.5726	1		0	12.0439	41.4165	0	0	0	
2024-06-24 14:54:01	1247	2576	9	0	0	7	29	0	0	0	29	0	0	6	29	0	0	0	29	0	0	0.866		99.9528	41.8679	0.230576	0	2.30684	0.850945	14.4943	1		0	12.0439	39.5972	0	0	0	
2024-06-24 14:54:19	1249	2577	9	0	0	7	29	0	0	0	29	0	0	4.75	29	0	0	0	29	0	0	1.948		99.9534	41.8473	0.0988085	0	0.988546	0.0172729	13.9752	1		0	12.0439	39.5972	0	0	0	
2024-06-24 14:44:10	1180	2578	5	0	0	1	5	0	0	0	5	0	0	5.5	5	0	0	0	5	0	0	3.897		99.9672	41.0173	0.0622714	0	0.622919	0.272691	17.6126	1		0	12.0439	41.9363	0	0	0	
2024-06-24 14:43:15	1174	2579	9	0	0	1	5	0	0	0	5	0	0	4.25	5	0	0	0	5	0	0	2.814		99.9674	41.1008	0.0723524	0	0.72376	0.0597945	14.7794	1		0	12.0439	42.586	0	0	0	
2024-06-24 14:52:24	1237	2580	1	0	0	6	25	0	0	0	25	0	0	3.25	25	0	0	0	25	0	0	2.381		99.9524	41.9014	0.0820979	0	0.82137	0.227068	14.1922	1		0	12.0439	39.7272	0	0	0	
2024-06-24 14:59:37	1285	2581	1	0	0	0.25	2	0	0	0	2	0	0	1.5	2	0	0	0	2	0	0	1.082		99.9512	41.7817	0.160411	0	1.6049	0.47819	12.6048	1		0	12.0439	39.5972	0	0	0	
2024-06-24 14:54:28	1250	2582	1	0	0	7	29	0	0	0	29	0	0	0.75	29	0	0	0	29	0	0	5.412		99.9529	41.8455	0.0437207	0	0.437412	0.0874535	17.1771	1		0	12.0439	39.5972	0	0	0	
2024-06-24 14:41:24	1162	2583	9	0	0	0	1	0	0	0	1	0	0	5	1	0	0	0	1	0	0	4.33		99.9673	41.2462	0.0495111	0	0.495273	0.936061	15.5595	1		0	12.0616	44.2753	0	0	0	
2024-06-24 14:42:24	1168	2584	1	0	0	0	1	0	0	0	1	0	0	3.75	1	0	0	0	1	0	0	3.247		99.9733	41.2338	0.0618744	0	0.618909	0.204857	14.5827	1		0.0088623	12.0439	43.2357	0	0	0	
2024-06-24 15:03:53	1316	2585	9	0	0	7.5	31	0	0	0	31	0	0	6.25	31	0	0	0	31	0	0	1.082		99.9485	42.1303	0.176099	0	1.7619	0.0512208	13.8379	1		0	11.9375	39.5972	0	0	0	
2024-06-24 15:00:51	1294	2586	9	0	0	6.25	26	0	0	0	26	0	0	7.5	26	0	0	0	26	0	0	1.082		99.9489	42.391	0.177393	0	1.77484	0.0354491	13.9395	1		0	12.0439	39.5972	0	0	0	
2024-06-24 14:52:32	1238	2587	5	0	0	6	25	0	0	0	25	0	0	7.25	25	0	0	0	25	0	0	1.082		99.9605	41.9962	0.204918	0	2.04999	0.216956	16.1006	1		0	12.0439	39.7272	0	0	0	
2024-06-24 14:55:35	1258	2588	1	0	0	7.75	32	0	0	0	32	0	0	1.5	32	0	0	0	32	0	0	5.412		99.9518	41.9553	0.0391958	0	0.392147	0.0369869	15.3996	1		0	12.0439	39.4673	0	0	0	
2024-06-24 14:50:40	1225	2589	9	0	0	5	21	0	0	0	21	0	0	5.75	21	0	0	0	21	0	0	0.649		99.9558	41.9394	0.304178	0	3.04312	0.135845	14.3404	1		0	12.0439	39.8571	0	0	0	
2024-06-24 14:50:14	1222	2590	9	0	0	5	21	0	0	0	21	0	0	4.5	21	0	0	0	21	0	0	0.433		99.9515	42.115	0.437018	0	4.3723	0.322541	13.736	1		0	12.0439	39.9871	0	0	0	
2024-06-24 14:48:02	1207	2591	1	0	0	3	13	0	0	0	13	0	0	1.25	13	0	0	0	13	0	0	1.515		99.9552	42.1698	0.115929	0	1.15981	0.0763874	12.7528	1		0.0088623	12.0439	40.3769	0	0	0	
2024-06-24 14:44:33	1183	2592	5	0	0	1	5	0	0	0	5	0	0	2.25	5	0	0	0	5	0	0	1.082		99.9665	41.0937	0.159216	0	1.5927	0.192921	12.509	1		0.0088623	12.0439	41.8063	0	0	0	
2024-06-24 14:59:30	1284	2593	1	0	0	0.5	3	0	0	0	3	0	0	1.25	3	0	0	0	3	0	0	0.649		99.9467	41.921	0.282666	0	2.82816	0.0709438	13.3274	1		0	12.0439	39.4673	0	0	0	
2024-06-24 14:57:56	1275	2594	9	0	0	2.5	11	0	0	0	11	0	0	5.25	11	0	0	0	11	0	0	2.381		99.9472	41.8153	0.0938188	0	0.938683	1.73532	16.2193	4		0	12.0439	39.5972	0	0	0	
2024-06-24 14:56:18	1263	2595	5	0	0	7.75	32	0	0	0	32	0	0	7.5	32	0	0	0	32	0	0	0.216		99.9518	41.8989	0.84392	0	8.44327	0.130877	13.2627	1		0	12.0439	39.5972	0	0	0	
2024-06-24 14:55:43	1259	2596	9	0	0	7.75	32	0	0	0	32	0	0	6.25	32	0	0	0	32	0	0	1.299		99.9479	41.9341	0.149994	0	1.50072	0.164537	14.144	1		0.0088623	12.0439	39.4673	0	0	0	
2024-06-24 15:00:59	1295	2597	1	0	0	4.25	18	0	0	0	18	0	0	3.5	18	0	0	0	18	0	0	0.649		99.9533	42.1541	0.297607	0	2.97746	0.0575257	14.0309	1		0	12.0439	39.5972	0	0	0	
2024-06-24 14:51:59	1234	2598	1	0	0	6	25	0	0	0	25	0	0	2.25	25	0	0	0	25	0	0	3.247		99.9512	41.9801	0.063915	0	0.639462	0.0944969	15.067	1		0	12.0439	39.7272	0	0	0	
2024-06-24 15:03:21	1312	2599	9	0	0	5.25	22	0	0	0	22	0	0	4.5	22	0	0	0	22	0	0	0.649		99.9467	41.9673	0.300849	0	3.0101	0.0577923	14.1847	1		0	12.0439	39.5972	0	0	0	
2024-06-24 14:48:37	1211	2600	9	0	0	4	17	0	0	0	17	0	0	5.75	17	0	0	0	17	0	0	1.515		99.9567	41.5361	0.124325	0	1.24378	0.00361636	13.6761	2		0	12.0439	40.247	0	0	0	
2024-06-24 14:48:29	1210	2601	5	0	0	4	17	0	0	0	17	0	0	4.5	17	0	0	0	17	0	0	0.433		99.9577	41.6467	0.474957	0	4.75158	0.158844	14.9275	1		0	12.0439	40.247	0	0	0	
2024-06-24 14:42:58	1172	2602	1	0	0	0	1	0	0	0	1	0	0	2	1	0	0	0	1	0	0	1.732		99.9652	41.205	0.137572	0	1.3762	0.744597	17.2938	1		0	12.0439	42.7159	0	0	0	
2024-06-24 14:45:45	1191	2603	5	0	0	2	9	0	0	0	9	0	0	7.5	9	0	0	0	9	0	0	4.762		99.961	41.425	0.0452248	0	0.452424	0.224202	15.6347	1		0	12.0439	41.1566	0	0	0	
2024-06-24 14:45:08	1187	2604	9	0	0	2	9	0	0	0	9	0	0	6.25	9	0	0	0	9	0	0	3.68		99.9658	41.4341	0.058114	0	0.581338	0.38914	15.5238	1		0	12.0439	41.4165	0	0	0	
2024-06-24 14:54:44	1252	2605	9	0	0	7	29	0	0	0	29	0	0	5.25	29	0	0	0	29	0	0	1.515		99.952	41.7888	0.12573	0	1.2579	0.0907066	13.8314	1		0	12.0439	39.5972	0	0	0	
2024-06-24 14:54:10	1248	2606	9	0	0	7	29	0	0	0	29	0	0	4	29	0	0	0	29	0	0	2.598		99.951	41.8545	0.0750929	0	0.751297	0.0795843	14.1616	1		0	12.0439	39.5972	0	0	0	
2024-06-24 14:44:01	1179	2607	1	0	0	1	5	0	0	0	5	0	0	3.5	5	0	0	0	5	0	0	2.165		99.9669	41.0371	0.0836978	0	0.837255	0.0719488	13.1516	1		0	12.0439	42.0662	0	0	0	
2024-06-24 14:53:13	1242	2608	1	0	0	6	25	0	0	0	25	0	0	2.5	25	0	0	0	25	0	0	3.031		99.9512	41.8238	0.0746063	0	0.746427	0.663213	16.4148	2		0	12.0439	39.5972	0	0	0	
2024-06-24 15:03:12	1311	2609	1	0	0	3.75	16	0	0	0	16	0	0	2	16	0	0	0	16	0	0	1.515		99.9454	41.8012	0.122407	0	1.22473	0.140075	13.4667	1		0	12.0439	39.5972	0	0	0	
2024-06-24 14:51:50	1233	2610	5	0	0	5	21	0	0	0	21	0	0	2	21	0	0	0	21	0	0	2.598		99.9536	41.9242	0.0754406	0	0.754756	0.229116	14.2268	1		0	12.0439	39.7272	0	0	0	
2024-06-24 14:46:28	1196	2611	1	0	0	2	9	0	0	0	9	0	0	1.75	9	0	0	0	9	0	0	0.216		99.9603	41.4308	0.715218	0	7.15502	0.0685082	11.2391	1		0	12.0439	40.8967	0	0	0	
2024-06-24 14:53:50	1246	2612	1	0	0	7	29	0	0	0	29	0	0	0	29	0	0	0	29	0	0	6.061		99.9515	41.8868	0.0393075	0	0.393266	0.0756176	17.2967	2		0	12.0439	39.5972	0	0	0	
2024-06-24 14:42:42	1170	2613	5	0	0	0	1	0	0	0	1	0	0	3	1	0	0	0	1	0	0	2.598		99.9638	41.1922	0.0750945	0	0.751217	0.134947	14.1601	1		0.0088623	12.0439	42.9758	0	0	0	
2024-06-24 14:47:28	1203	2614	9	0	0	3	13	0	0	0	13	0	0	7	13	0	0	0	13	0	0	3.464		99.9536	42.1202	0.0586468	0	0.58674	0.260808	14.7464	1		0	12.0439	40.6368	0	0	0	
2024-06-24 14:52:08	1235	2615	5	0	0	6	25	0	0	0	25	0	0	7.75	25	0	0	0	25	0	0	1.515		99.952	41.955	0.130562	0	1.30625	0.0865584	14.3629	1		0	12.0439	39.7272	0	0	0	
2024-06-24 14:52:16	1236	2616	5	0	0	6	25	0	0	0	25	0	0	6.5	25	0	0	0	25	0	0	0.433		99.954	41.9104	0.475586	0	4.75805	0.247651	14.9478	1		0	12.0439	39.7272	0	0	0	
2024-06-24 14:56:59	1268	2617	5	0	0	7.75	32	0	0	0	32	0	0	0.75	32	0	0	0	32	0	0	6.061		99.9518	42.0025	0.0367065	0	0.367242	0.61075	16.1522	1		0	12.0439	39.4673	0	0	0	
2024-06-24 14:51:41	1232	2618	1	0	0	5	21	0	0	0	21	0	0	3.75	21	0	0	0	21	0	0	1.082		99.9508	41.9974	0.172645	0	1.7273	0.0213853	13.5662	1		0.0088623	12.0439	39.5972	0	0	0	
2024-06-24 14:47:02	1200	2619	1	0	0	3	13	0	0	0	13	0	0	0.5	13	0	0	0	13	0	0	2.165		99.9537	42.1551	0.0855368	0	0.855764	0.0452212	13.4423	1		0	12.0439	40.6368	0	0	0	
2024-06-24 14:44:26	1182	2620	5	0	0	1	5	0	0	0	5	0	0	1.5	5	0	0	0	5	0	0	0.433		99.9683	40.9877	0.424715	0	4.2485	0.0872065	13.3471	1		0	12.0439	41.8063	0	0	0	
2024-06-24 15:05:01	1324	2621	1	0	0	2	9	0	0	5.75	9	0	0	3.25	9	0	0	4.5	9	0	0	0.649		99.9541	20.1557	0.139458	0	1.39522	0.43648	10.9581	1		0	12.0439	39.7272	0	0	0	
2024-06-24 14:49:06	1214	2622	1	0	0	4	17	0	0	0	17	0	0	1.75	17	0	0	0	17	0	0	1.948		99.9497	41.5019	0.0934212	0	0.934682	0.0439477	13.2138	1		0.0088623	12.0439	40.117	0	0	0	
2024-06-24 14:59:55	1287	2623	1	0	0	2.5	11	0	0	0	11	0	0	3.25	11	0	0	0	11	0	0	0.649		99.9473	41.845	0.27714	0	2.77286	0.118386	13.0668	1		0	12.0439	39.4673	0	0	0	
2024-06-24 14:55:52	1260	2624	9	0	0	7.75	32	0	0	0	32	0	0	5.5	32	0	0	0	32	0	0	1.948		99.9511	41.9213	0.0988271	0	0.988755	0.210158	13.9782	1		0	12.0439	39.4673	0	0	0	
2024-06-24 14:56:35	1265	2625	5	0	0	7.75	32	0	0	0	32	0	0	4.25	32	0	0	0	32	0	0	3.031		99.9514	41.8447	0.0638931	0	0.639242	0.145311	14.0577	1		0	12.0439	39.4673	0	0	0	
2024-06-24 14:53:13	1242	2626	5	0	0	6	25	0	0	0	25	0	0	1.5	25	0	0	0	25	0	0	3.897		99.9512	41.8238	0.0586398	0	0.586684	0.469915	16.5881	2		0	12.0439	39.5972	0	0	0	
2024-06-24 14:49:06	1214	2627	9	0	0	4	17	0	0	0	17	0	0	5	17	0	0	0	17	0	0	0.866		99.9497	41.5019	0.224442	0	2.24555	0.071761	14.1092	1		0.0088623	12.0439	40.117	0	0	0	
2024-06-24 14:49:41	1218	2628	5	0	0	4	17	0	0	0	17	0	0	3.75	17	0	0	0	17	0	0	0.216		99.955	41.4862	0.825281	0	8.25652	0.114767	12.9693	1		0	12.0439	39.9871	0	0	0	
2024-06-24 14:41:57	1165	2629	1	0	0	0	1	0	0	0	1	0	0	1.25	1	0	0	0	1	0	0	1.082		99.9708	41.2365	0.161243	0	1.6129	0.116762	12.6677	1		0.0088623	12.0439	43.7555	0	0	0	
2024-06-24 14:45:34	1190	2630	9	0	0	2	9	0	0	0	9	0	0	5.5	9	0	0	0	9	0	0	3.031		99.9638	41.4403	0.108166	0	1.08205	0.376788	23.7955	2		0	12.0439	41.2865	0	0	0	
2024-06-24 14:45:16	1188	2631	5	0	0	2	9	0	0	0	9	0	0	4.25	9	0	0	0	9	0	0	1.948		99.9688	41.544	0.0956393	0	0.956691	0.143658	13.5249	1		0	12.0439	41.4165	0	0	0	
2024-06-24 14:54:36	1251	2632	1	0	0	7	29	0	0	0	29	0	0	3.25	29	0	0	0	29	0	0	3.247		99.9525	41.825	0.0614499	0	0.614791	0.327636	14.4857	1		0	12.0439	39.5972	0	0	0	
2024-06-24 14:43:24	1175	2633	1	0	0	1	5	0	0	0	5	0	0	2.75	5	0	0	0	5	0	0	1.515		99.9676	41.0827	0.115253	0	1.1529	0.00415617	12.6768	1		0	12.0439	42.4561	0	0	0	
2024-06-24 14:42:32	1169	2634	9	0	0	0	1	0	0	0	1	0	0	7	1	0	0	0	1	0	0	6.061		99.9741	41.2598	0.0389873	0	0.389974	0.0632008	17.1519	1		0.0088623	12.0439	43.2357	0	0	0	
2024-06-24 14:50:31	1224	2635	1	0	0	5	21	0	0	0	21	0	0	1.25	21	0	0	0	21	0	0	3.247		99.9544	41.9896	0.067056	0	0.670866	0.801288	15.8069	1		0	12.0439	39.8571	0	0	0	
2024-06-24 14:46:10	1194	2636	5	0	0	2	9	0	0	0	9	0	0	1	9	0	0	0	9	0	0	0.866		99.9623	41.5156	0.19911	0	1.99185	0.0362215	12.5152	1		0	12.0439	41.1566	0	0	0	
2024-06-24 14:46:53	1199	2637	5	0	0	3	13	0	0	0	13	0	0	7.5	13	0	0	0	13	0	0	3.897		99.953	42.1895	0.0525323	0	0.52557	0.0863562	14.8601	1		0	12.0439	40.7668	0	0	0	
2024-06-24 14:47:37	1204	2638	5	0	0	3	13	0	0	0	13	0	0	6.25	13	0	0	0	13	0	0	2.814		99.9521	42.1239	0.0726102	0	0.72645	0.282806	14.8344	1		0	12.0439	40.5069	0	0	0	
2024-06-24 14:53:50	1246	2639	9	0	0	7	29	0	0	0	29	0	0	7.25	29	0	0	0	29	0	0	0.216		99.9515	41.8868	0.737015	0	7.37373	0.249974	11.5826	2		0	12.0439	39.5972	0	0	0	
2024-06-24 14:43:41	1177	2640	9	0	0	1	5	0	0	0	5	0	0	6.75	5	0	0	0	5	0	0	4.979		99.9636	40.9892	0.0509793	0	0.509979	0.201909	18.4247	2		0	12.0439	42.1962	0	0	0	
2024-06-24 14:51:59	1234	2641	5	0	0	6	25	0	0	0	25	0	0	5.75	25	0	0	0	25	0	0	0.216		99.9512	41.9801	0.793062	0	7.93449	0.561237	12.4635	1		0	12.0439	39.7272	0	0	0	
2024-06-24 14:52:50	1240	2642	9	0	0	6	25	0	0	0	25	0	0	4.5	25	0	0	0	25	0	0	1.299		99.9561	41.8329	0.14768	0	1.47745	0.0842435	13.9246	2		0	12.0439	39.5972	0	0	0	
2024-06-24 14:57:17	1270	2643	1	0	0	7.75	32	0	0	0	32	0	0	0	32	0	0	0	32	0	0	6.711		99.9479	41.9252	0.033962	0	0.339797	0.0121091	16.5463	1		0	12.0439	39.4673	0	0	0	
2024-06-24 14:50:40	1225	2644	1	0	0	5	21	0	0	0	21	0	0	3	21	0	0	0	21	0	0	1.732		99.9558	41.9394	0.104634	0	1.0468	0.155403	13.1545	1		0	12.0439	39.8571	0	0	0	
2024-06-24 14:43:52	1178	2645	1	0	0	1	5	0	0	0	5	0	0	0.75	5	0	0	0	5	0	0	0.216		99.9709	41.1028	0.743494	0	7.4371	0.105761	11.6822	1		0	12.0439	42.1962	0	0	0	
2024-06-24 15:01:40	1300	2646	1	0	0	5.75	24	0	0	0	24	0	0	2	24	0	0	0	24	0	0	3.247		99.9449	42.547	0.0657385	0	0.657748	0.234467	15.4978	1		0	12.0439	39.5972	0	0	0	
2024-06-24 14:49:23	1216	2647	1	0	0	4	17	0	0	0	17	0	0	1	17	0	0	0	17	0	0	2.598		99.9552	41.543	0.0722165	0	0.722489	0.208846	13.6186	1		0	12.0439	40.117	0	0	0	
2024-06-24 14:57:07	1269	2648	1	0	0	7.75	32	0	0	0	32	0	0	3.5	32	0	0	0	32	0	0	3.68		99.9527	42.0292	0.0526802	0	0.527051	0.0216427	14.0741	1		0	12.0439	39.5972	0	0	0	
2024-06-24 14:53:24	1243	2649	1	0	0	6	25	0	0	0	25	0	0	0.75	25	0	0	0	25	0	0	4.546		99.9521	41.7855	0.0534963	0	0.53522	0.271556	17.6551	1		0	12.0439	39.5972	0	0	0	
2024-06-24 14:48:37	1211	2650	1	0	0	4	17	0	0	0	17	0	0	3	17	0	0	0	17	0	0	0.866		99.9567	41.5361	0.213092	0	2.13185	0.0433697	13.3948	2		0	12.0439	40.247	0	0	0	
2024-06-24 14:42:17	1167	2651	1	0	0	0	1	0	0	0	1	0	0	0.5	1	0	0	0	1	0	0	0.433		99.9709	41.1739	0.414517	0	4.14638	0.0256114	13.0262	1		0	12.0439	43.3657	0	0	0	
2024-06-24 15:04:09	1318	2652	1	0	0	3.5	15	0	0	4.25	15	0	0	2.75	15	0	0	5	15	0	0	0.389		99.9528	19.4411	0.263618	0	2.63742	0.225675	12.4286	1		0	12.0439	39.5972	0	0	0	
2024-06-24 14:45:00	1186	2653	1	0	0	2	9	0	0	0	9	0	0	3.5	9	0	0	0	9	0	0	1.299		99.9674	41.4648	0.140982	0	1.41028	0.10094	13.2916	1		0	12.0439	41.5464	0	0	0	
2024-06-24 14:55:08	1255	2654	1	0	0	7	29	0	0	0	29	0	0	2.5	29	0	0	0	29	0	0	3.897		99.953	41.9106	0.0557544	0	0.557806	0.770115	15.7716	1		0	11.9375	39.5972	0	0	0	
2024-06-24 14:54:44	1252	2655	1	0	0	7	29	0	0	0	29	0	0	2	29	0	0	0	29	0	0	4.33		99.952	41.7888	0.0496638	0	0.496876	0.150459	15.6098	1		0	12.0439	39.5972	0	0	0	
2024-06-24 14:41:37	1163	2656	9	0	0	0	1	0	0	0	1	0	0	7.5	1	0	0	0	1	0	0	6.494		99.9666	41.1796	0.0361066	0	0.361187	0.215961	17.0205	2		0.0088623	12.0439	44.2753	0	0	0	
2024-06-24 14:42:17	1167	2657	9	0	0	0	1	0	0	0	1	0	0	6.25	1	0	0	0	1	0	0	5.412		99.9709	41.1739	0.0429434	0	0.42956	0.00571425	16.8688	1		0	12.0439	43.3657	0	0	0	
2024-06-24 14:50:48	1226	2658	1	0	0	5	21	0	0	0	21	0	0	0.5	21	0	0	0	21	0	0	3.897		99.9586	42.074	0.0587602	0	0.587846	0.604162	16.6209	1		0	11.9375	39.8571	0	0	0	
2024-06-24 15:02:30	1306	2659	1	0	0	1.25	6	0	0	0	6	0	0	0.5	6	0	0	0	6	0	0	0.649		99.9464	41.9783	0.285196	0	2.85349	0.077719	13.4468	1		0	12.0439	39.5972	0	0	0	
2024-06-24 14:50:55	1227	2660	5	0	0	5	21	0	0	0	21	0	0	7	21	0	0	0	21	0	0	1.732		99.955	42.0494	0.110725	0	1.10775	0.0253692	13.9203	2		0.0088623	12.0439	39.8571	0	0	0	
2024-06-24 14:46:28	1196	2661	5	0	0	2	9	0	0	0	9	0	0	0.25	9	0	0	0	9	0	0	1.515		99.9603	41.4308	0.122426	0	1.22475	0.0727772	13.4668	1		0	12.0439	40.8967	0	0	0	
2024-06-24 14:49:14	1215	2662	9	0	0	4	17	0	0	0	17	0	0	7	17	0	0	0	17	0	0	2.598		99.9551	41.588	0.0755621	0	0.75596	0.221658	14.2495	1		0	12.0439	40.117	0	0	0	
2024-06-24 14:47:45	1205	2663	5	0	0	3	13	0	0	0	13	0	0	5.5	13	0	0	0	13	0	0	2.165		99.9541	42.102	0.0906184	0	0.906601	0.044379	14.2409	1		0	12.0616	40.5069	0	0	0	
2024-06-24 14:46:53	1199	2664	9	0	0	3	13	0	0	0	13	0	0	4.25	13	0	0	0	13	0	0	1.082		99.953	42.1895	0.168093	0	1.68172	0.139179	13.2082	1		0	12.0439	40.7668	0	0	0	
2024-06-24 14:54:01	1247	2665	5	0	0	7	29	0	0	0	29	0	0	7.75	29	0	0	0	29	0	0	0.649		99.9528	41.8679	0.319345	0	3.19496	0.183923	15.0559	1		0	12.0439	39.5972	0	0	0	
2024-06-24 14:54:52	1253	2666	5	0	0	7	29	0	0	0	29	0	0	6.5	29	0	0	0	29	0	0	0.433		99.9537	41.8952	0.454986	0	4.55197	0.218246	14.3004	1		0	12.0439	39.5972	0	0	0	
2024-06-24 14:43:24	1175	2667	5	0	0	1	5	0	0	0	5	0	0	6	5	0	0	0	5	0	0	4.33		99.9676	41.0827	0.0541891	0	0.542067	0.0417711	17.0295	1		0	12.0439	42.4561	0	0	0	
2024-06-24 14:44:10	1180	2668	9	0	0	1	5	0	0	0	5	0	0	4.75	5	0	0	0	5	0	0	3.247		99.9672	41.0173	0.0682668	0	0.682892	0.0660517	16.0903	1		0	12.0439	41.9363	0	0	0	
2024-06-24 15:00:11	1289	2669	9	0	0	4.75	20	0	0	0	20	0	0	5	20	0	0	0	20	0	0	0.216		99.9461	41.7837	0.759329	0	7.59739	0.163434	11.934	1		0	12.0439	39.3374	0	0	0	
2024-06-24 14:52:42	1239	2670	5	0	0	6	25	0	0	0	25	0	0	5	25	0	0	0	25	0	0	0.866		99.9518	41.9128	0.223622	0	2.2373	0.305981	14.0574	1		0	12.0439	39.5972	0	0	0	
2024-06-24 14:52:08	1235	2671	1	0	0	6	25	0	0	0	25	0	0	3.75	25	0	0	0	25	0	0	1.948		99.952	41.955	0.099503	0	0.995508	0.194936	14.0737	1		0	12.0439	39.7272	0	0	0	
2024-06-24 14:44:10	1180	2672	1	0	0	1	5	0	0	0	5	0	0	0	5	0	0	0	5	0	0	0.866		99.9672	41.0173	0.205657	0	2.05724	0.0682534	12.926	1		0	12.0439	41.9363	0	0	0	
2024-06-24 14:58:55	1280	2673	9	0	0	0.75	4	0	0	0	4	0	0	7	4	0	0	0	4	0	0	5.412		99.9476	42.0325	0.0425302	0	0.425525	0.186389	16.7103	1		0.0088623	12.0439	39.4673	0	0	0	
2024-06-24 14:49:48	1219	2674	1	0	0	4	17	0	0	0	17	0	0	0.25	17	0	0	0	17	0	0	3.247		99.9558	41.5941	0.0598185	0	0.59845	0.0140792	14.1006	1		0	12.0439	39.9871	0	0	0	
2024-06-24 14:56:51	1267	2675	5	0	0	7.75	32	0	0	0	32	0	0	2.75	32	0	0	0	32	0	0	4.33		99.9533	41.959	0.0466649	0	0.466867	0.391956	14.667	1		0	12.0439	39.5972	0	0	0	
2024-06-24 14:53:41	1245	2676	5	0	0	6	25	0	0	0	25	0	0	0	25	0	0	0	25	0	0	5.195		99.9543	41.8871	0.0498452	0	0.49868	0.511983	18.7998	1		0	12.0439	39.5972	0	0	0	
2024-06-24 14:46:10	1194	2677	1	0	0	2	9	0	0	0	9	0	0	2.75	9	0	0	0	9	0	0	0.649		99.9623	41.5156	0.286092	0	2.862	0.119893	13.4869	1		0	12.0439	41.1566	0	0	0	
2024-06-24 14:55:02	1254	2678	5	0	0	7	29	0	0	0	29	0	0	1.25	29	0	0	0	29	0	0	4.979		99.9481	41.7882	0.0468106	0	0.468349	0.213828	16.9206	1		0	12.0439	39.3374	0	0	0	
2024-06-24 14:42:17	1167	2679	5	0	0	0	1	0	0	0	1	0	0	5.5	1	0	0	0	1	0	0	4.762		99.9709	41.1739	0.0590375	0	0.590548	0.0104592	20.4079	1		0	12.0439	43.3657	0	0	0	
2024-06-24 14:41:57	1165	2680	5	0	0	0	1	0	0	0	1	0	0	4.25	1	0	0	0	1	0	0	3.68		99.9708	41.2365	0.056021	0	0.560373	0.00956677	14.964	1		0.0088623	12.0439	43.7555	0	0	0	
