Time	MeasID	DPID	Channel	A(x)	A(y)	A(z)	A(adr)	B(x)	B(y)	B(z)	B(adr)	M(x)	M(y)	M(z)	M(adr)	N(x)	N(y)	N(z)	N(adr)	F(x)	F(y)	F(z)	Note	I(mA)	Uout(V)	U(V)	SP(V)	R(Ohm)	Var(%)	Rho-a(Ohm-m)	Cycles	IP Delay Window(mV/V)	Pint(V)	Pext(V)	T int(deg C)	T log(deg C)	Latitude	Longitude
2024-06-24 20:57:21	1766	3351	5	0	0	7.75	32	0	0	0	32	0	0	2	32	0	0	0	32	0	0	4.979		99.958	41.7822	0.0416669	0	0.416844	0.497895	15.0599	1		0	12.0439	39.9871	0	0	0	
2024-06-24 20:51:08	1725	3352	9	0	0	5	21	0	0	0	21	0	0	7.5	21	0	0	0	21	0	0	2.165		99.9579	41.7483	0.0885252	0	0.885625	0.151425	13.9114	1		0	12.0439	40.3769	0	0	0	
2024-06-24 20:50:42	1722	3353	9	0	0	5	21	0	0	0	21	0	0	6.25	21	0	0	0	21	0	0	1.082		99.9583	41.7317	0.179324	0	1.79399	0.0434138	14.09	1		0	12.0439	40.3769	0	0	0	
2024-06-24 20:48:04	1704	3354	1	0	0	3	13	0	0	0	13	0	0	1.75	13	0	0	0	13	0	0	1.082		99.9633	41.9721	0.163335	0	1.63395	0.0312804	12.833	1		0.0088623	12.0439	40.8967	0	0	0	
2024-06-24 20:56:12	1758	3355	9	0	0	7.75	32	0	0	0	32	0	0	6.75	32	0	0	0	32	0	0	0.866		99.9529	41.8015	0.230835	0	2.30944	0.0057957	14.5106	1		0	12.0439	39.9871	0	0	0	
2024-06-24 21:02:59	1805	3356	1	0	0	3.25	14	0	0	0	14	0	0	2.5	14	0	0	0	14	0	0	0.649		99.9635	42.3216	0.276154	0	2.76255	0.238857	13.0182	1		0	12.0439	40.117	0	0	0	
2024-06-24 20:49:30	1714	3357	5	0	0	4	17	0	0	0	17	0	0	7.5	17	0	0	0	17	0	0	3.031		99.9624	41.3818	0.0648362	0	0.648606	0.472976	14.2636	1		0	12.0439	40.6368	0	0	0	
2024-06-24 20:48:56	1710	3358	9	0	0	4	17	0	0	0	17	0	0	6.25	17	0	0	0	17	0	0	1.948		99.9645	41.4429	0.0984683	0	0.985033	0.00506053	13.9256	1		0	12.0439	40.7668	0	0	0	
2024-06-24 20:46:48	1695	3359	1	0	0	3	13	0	0	0	13	0	0	3.5	13	0	0	0	13	0	0	0.433		99.9612	42.0525	0.428544	0	4.2871	0.259883	13.4683	1		0	12.0439	41.4165	0	0	0	
2024-06-24 20:45:11	1684	3360	5	0	0	2	9	0	0	0	9	0	0	6.75	9	0	0	0	9	0	0	4.113		99.9688	41.332	0.0525303	0	0.525467	0.194946	15.6826	1		0.0088623	12.0439	42.0662	0	0	0	
2024-06-24 20:54:30	1746	3361	9	0	0	7	29	0	0	0	29	0	0	5.75	29	0	0	0	29	0	0	1.082		99.959	41.6801	0.179901	0	1.79974	0.145049	14.1352	1		0	12.0439	39.9871	0	0	0	
2024-06-24 20:54:21	1745	3362	9	0	0	7	29	0	0	0	29	0	0	4.5	29	0	0	0	29	0	0	2.165		99.9529	41.6815	0.0891968	0	0.892388	0.281569	14.0176	1		0	12.0439	40.117	0	0	0	
2024-06-24 20:43:54	1675	3363	9	0	0	1	5	0	0	0	5	0	0	5.25	5	0	0	0	5	0	0	3.68		99.9765	40.8816	0.0611507	0	0.611651	0.325738	16.3332	1		0.0088623	12.0439	42.8459	0	0	0	
2024-06-24 20:43:20	1671	3364	9	0	0	1	5	0	0	0	5	0	0	4	5	0	0	0	5	0	0	2.598		99.9691	40.833	0.0721616	0	0.721839	0.568384	13.6063	1		0	12.0439	43.1058	0	0	0	
2024-06-24 21:01:15	1793	3365	1	0	0	4.75	20	0	0	0	20	0	0	3	20	0	0	0	20	0	0	1.515		99.956	41.7351	0.119647	0	1.19699	0.0993767	13.1616	1		0	12.0439	40.117	0	0	0	
2024-06-24 20:53:10	1738	3366	1	0	0	6	25	0	0	0	25	0	0	3	25	0	0	0	25	0	0	2.598		99.9581	41.7172	0.0767552	0	0.767874	0.144787	14.4741	1		0	12.0439	40.117	0	0	0	
2024-06-24 20:46:31	1693	3367	5	0	0	2	9	0	0	0	9	0	0	2.25	9	0	0	0	9	0	0	0.216		99.9629	41.2085	0.732075	0	7.32346	0.086174	11.5037	1		0	12.0439	41.4165	0	0	0	
2024-06-24 20:55:13	1751	3368	1	0	0	7	29	0	0	0	29	0	0	0.5	29	0	0	0	29	0	0	5.628		99.9534	41.7043	0.0427845	0	0.428045	0.703259	17.4817	1		0	12.0439	39.9871	0	0	0	
2024-06-24 20:43:12	1670	3369	5	0	0	0	1	0	0	0	1	0	0	3.5	1	0	0	0	1	0	0	3.031		99.9727	41.0044	0.0678768	0	0.678953	0.210648	14.9309	1		0	12.0439	43.2357	0	0	0	
2024-06-24 21:02:51	1804	3370	1	0	0	1.75	8	0	0	0	8	0	0	0	8	0	0	0	8	0	0	1.515		99.9584	42.0751	0.11638	0	1.16429	0.134205	12.802	1		0	12.0439	40.117	0	0	0	
2024-06-24 20:52:33	1734	3371	9	0	0	6	25	0	0	0	25	0	0	7	25	0	0	0	25	0	0	0.866		99.9538	41.728	0.232052	0	2.32159	0.0497337	14.587	2		0.0088623	12.0439	40.117	0	0	0	
2024-06-24 21:02:02	1798	3372	1	0	0	6.5	27	0	0	0	27	0	0	1.25	27	0	0	0	27	0	0	4.546		99.9535	41.9751	0.0528065	0	0.528311	0.71105	17.4272	1		0	12.0439	40.117	0	0	0	
2024-06-24 20:56:55	1763	3373	5	0	0	7.75	32	0	0	0	32	0	0	1.25	32	0	0	0	32	0	0	5.628		99.9546	41.8854	0.0389134	0	0.38931	0.241733	15.8997	1		0	12.0439	40.117	0	0	0	
2024-06-24 20:50:25	1720	3374	9	0	0	5	21	0	0	0	21	0	0	5.5	21	0	0	0	21	0	0	0.433		99.9599	41.7732	0.449199	0	4.49379	0.222173	14.1177	1		0	12.0439	40.5069	0	0	0	
2024-06-24 20:50:14	1719	3375	5	0	0	5	21	0	0	0	21	0	0	4.25	21	0	0	0	21	0	0	0.649		99.9572	41.803	0.295853	0	2.9598	0.093225	13.9477	2		0.0088623	12.0439	40.5069	0	0	0	
2024-06-24 20:48:04	1704	3376	5	0	0	3	13	0	0	0	13	0	0	1	13	0	0	0	13	0	0	1.732		99.9633	41.9721	0.102618	0	1.02656	0.0646825	12.9001	1		0.0088623	12.0439	40.8967	0	0	0	
2024-06-24 20:44:28	1679	3377	5	0	0	1	5	0	0	0	5	0	0	2	5	0	0	0	5	0	0	0.866		99.9708	40.8749	0.199197	0	1.99255	0.0192969	12.5196	1		0	12.0439	42.4561	0	0	0	
2024-06-24 20:58:23	1773	3378	9	0	0	1.75	8	0	0	0	8	0	0	6	8	0	0	0	8	0	0	3.68		99.9577	41.9461	0.0625511	0	0.625776	0.670002	16.7104	1		0	12.0439	40.117	0	0	0	
2024-06-24 20:49:22	1713	3379	1	0	0	4	17	0	0	0	17	0	0	2.25	17	0	0	0	17	0	0	1.515		99.9613	41.403	0.116626	0	1.16671	0.230007	12.8287	1		0	12.0439	40.6368	0	0	0	
2024-06-24 20:56:47	1762	3380	5	0	0	7.75	32	0	0	0	32	0	0	6	32	0	0	0	32	0	0	1.515		99.9571	41.8507	0.127623	0	1.27677	0.296208	14.0389	1		0	12.0439	40.117	0	0	0	
2024-06-24 20:56:03	1757	3381	5	0	0	7.75	32	0	0	0	32	0	0	4.75	32	0	0	0	32	0	0	2.598		99.9542	41.8377	0.0736678	0	0.737016	0.0206299	13.8924	1		0	12.0439	39.9871	0	0	0	
2024-06-24 20:53:53	1742	3382	5	0	0	6	25	0	0	0	25	0	0	2	25	0	0	0	25	0	0	3.464		99.9517	41.6729	0.0655337	0	0.655653	0.185808	16.4784	1		0	12.0439	40.117	0	0	0	
2024-06-24 20:48:46	1709	3383	5	0	0	4	17	0	0	0	17	0	0	5.5	17	0	0	0	17	0	0	1.299		99.9626	41.5129	0.147715	0	1.47771	0.109906	13.9271	1		0	12.0439	40.7668	0	0	0	
2024-06-24 20:48:29	1707	3384	9	0	0	4	17	0	0	0	17	0	0	4.25	17	0	0	0	17	0	0	0.216		99.9612	41.4494	0.850181	0	8.50511	0.0812149	13.3598	1		0.0088623	12.0439	40.8967	0	0	0	
2024-06-24 20:42:37	1666	3385	1	0	0	0	1	0	0	0	1	0	0	1.75	1	0	0	0	1	0	0	1.515		99.974	41.0277	0.1165	0	1.1653	0.012394	12.8132	1		0	12.0439	43.7555	0	0	0	
2024-06-24 21:04:06	1813	3386	1	0	0	3.75	16	0	0	4	16	0	0	3.5	16	0	0	4.25	16	0	0	0.13		99.9623	19.1836	0.598972	0	5.99198	0.354161	9.41218	1		0	12.0439	40.117	0	0	0	
2024-06-24 20:47:48	1702	3387	1	0	0	3	13	0	0	0	13	0	0	2.75	13	0	0	0	13	0	0	0.216		99.9681	41.9778	0.726058	0	7.2629	0.197015	11.4085	1		0	12.0439	41.0267	0	0	0	
2024-06-24 20:46:04	1690	3388	5	0	0	2	9	0	0	0	9	0	0	6	9	0	0	0	9	0	0	3.464		99.9626	41.2028	0.0647998	0	0.648241	0.133335	16.2921	2		0	12.0439	41.6764	0	0	0	
2024-06-24 20:45:19	1685	3389	5	0	0	2	9	0	0	0	9	0	0	4.75	9	0	0	0	9	0	0	2.381		99.9628	41.2745	0.0812188	0	0.81249	0.241056	14.0388	1		0.0088623	12.0439	41.9363	0	0	0	
2024-06-24 20:54:38	1747	3390	5	0	0	7	29	0	0	0	29	0	0	5	29	0	0	0	29	0	0	1.732		99.9539	41.6723	0.109814	0	1.09865	0.0852704	13.806	1		0	12.0439	40.117	0	0	0	
2024-06-24 20:54:11	1744	3391	1	0	0	7	29	0	0	0	29	0	0	3.75	29	0	0	0	29	0	0	2.814		99.9544	41.6956	0.0698053	0	0.698372	0.0417913	14.261	1		0	12.0439	40.117	0	0	0	
2024-06-24 20:44:46	1681	3392	1	0	0	1	5	0	0	0	5	0	0	3.25	5	0	0	0	5	0	0	1.948		99.9626	40.8473	0.0920733	0	0.921078	0.0434666	13.0214	1		0	12.0439	42.1962	0	0	0	
2024-06-24 20:57:55	1770	3393	9	0	0	2.75	12	0	0	0	12	0	0	5	12	0	0	0	12	0	0	1.948		99.9522	41.5614	0.0937232	0	0.93768	0.0674186	13.2561	1		0	12.0439	39.9871	0	0	0	
2024-06-24 20:51:51	1730	3394	1	0	0	5	21	0	0	0	21	0	0	1.75	21	0	0	0	21	0	0	2.814		99.96	41.8144	0.0732926	0	0.733219	0.357635	14.9726	1		0	11.9375	40.247	0	0	0	
2024-06-24 20:46:15	1691	3395	5	0	0	2	9	0	0	0	9	0	0	1.5	9	0	0	0	9	0	0	0.433		99.9654	41.1994	0.410349	0	4.10491	0.0223464	12.896	1		0	12.0439	41.5464	0	0	0	
2024-06-24 20:42:46	1667	3396	5	0	0	0	1	0	0	0	1	0	0	2.75	1	0	0	0	1	0	0	2.381		99.9756	41.0256	0.124623	0	1.24653	0.311722	21.5385	1		0	12.0439	43.4956	0	0	0	
2024-06-24 20:57:45	1769	3397	9	0	0	3.25	14	0	0	0	14	0	0	4.5	14	0	0	0	14	0	0	1.082		99.9558	42.1121	0.166801	0	1.66875	0.0130882	13.1063	1		0	11.9375	39.9871	0	0	0	
2024-06-24 20:47:39	1701	3398	9	0	0	3	13	0	0	0	13	0	0	6.75	13	0	0	0	13	0	0	3.247		99.9659	42.0223	0.0642696	0	0.642915	0.608128	15.1483	1		0	12.0439	41.0267	0	0	0	
2024-06-24 20:44:03	1676	3399	5	0	0	1	5	0	0	0	5	0	0	7.25	5	0	0	0	5	0	0	5.412		99.97	40.8209	0.0594718	0	0.594897	0.664383	23.3615	1		0.0088623	12.0439	42.7159	0	0	0	
2024-06-24 20:52:13	1732	3400	9	0	0	6	25	0	0	0	25	0	0	7.5	25	0	0	0	25	0	0	1.299		99.9556	41.7747	0.148554	0	1.4862	0.0556438	14.0071	1		0	12.0439	40.117	0	0	0	
2024-06-24 20:53:10	1738	3401	5	0	0	6	25	0	0	0	25	0	0	6.25	25	0	0	0	25	0	0	0.216		99.9581	41.7172	0.809451	0	8.09791	0.153148	12.7202	1		0	12.0439	40.117	0	0	0	
2024-06-24 20:56:40	1761	3402	1	0	0	7.75	32	0	0	0	32	0	0	0.5	32	0	0	0	32	0	0	6.278		99.9536	41.7609	0.0361463	0	0.361631	0.295271	16.4734	1		0	12.0439	39.9871	0	0	0	
2024-06-24 20:50:42	1722	3403	1	0	0	5	21	0	0	0	21	0	0	3.5	21	0	0	0	21	0	0	1.299		99.9583	41.7317	0.138642	0	1.387	0.134367	13.0721	1		0	12.0439	40.3769	0	0	0	
2024-06-24 20:48:13	1705	3404	1	0	0	3	13	0	0	0	13	0	0	0.25	13	0	0	0	13	0	0	2.381		99.9644	41.9615	0.0764944	0	0.765217	0.288182	13.222	1		0	12.0439	40.8967	0	0	0	
2024-06-24 20:44:37	1680	3405	1	0	0	1	5	0	0	0	5	0	0	1.25	5	0	0	0	5	0	0	0.216		99.9713	40.9039	0.736697	0	7.36909	0.115018	11.5753	1		0	12.0439	42.3261	0	0	0	
2024-06-24 20:49:39	1715	3406	5	0	0	4	17	0	0	0	17	0	0	1.5	17	0	0	0	17	0	0	2.165		99.9583	41.3717	0.0837249	0	0.837598	0.271141	13.157	1		0	12.0439	40.6368	0	0	0	
2024-06-24 20:58:30	1774	3407	9	0	0	1.5	7	0	0	0	7	0	0	6.25	7	0	0	0	7	0	0	4.113		99.9581	41.1066	0.0613071	0	0.613329	0.977721	18.3049	2		0	12.0439	40.117	0	0	0	
2024-06-24 20:56:21	1759	3408	9	0	0	7.75	32	0	0	0	32	0	0	5.25	32	0	0	0	32	0	0	2.165		99.9528	41.7956	0.0871432	0	0.871844	0.000663319	13.6949	1		0	12.0439	39.9871	0	0	0	
2024-06-24 20:55:46	1755	3409	9	0	0	7.75	32	0	0	0	32	0	0	4	32	0	0	0	32	0	0	3.247		99.9566	41.8975	0.0594727	0	0.594985	0.105814	14.019	1		0	12.0439	39.9871	0	0	0	
2024-06-24 20:53:19	1739	3410	5	0	0	6	25	0	0	0	25	0	0	1.25	25	0	0	0	25	0	0	4.113		99.9566	41.7041	0.0584915	0	0.585169	0.505613	17.4644	1		0	12.0439	40.117	0	0	0	
2024-06-24 20:49:39	1715	3411	1	0	0	4	17	0	0	0	17	0	0	3.5	17	0	0	0	17	0	0	0.433		99.9583	41.3717	0.459158	0	4.5935	0.15999	14.4309	1		0	12.0439	40.6368	0	0	0	
2024-06-24 20:43:04	1669	3412	5	0	0	0	1	0	0	0	1	0	0	1	1	0	0	0	1	0	0	0.866		99.9715	41.0082	0.205282	0	2.0534	0.0526493	12.9019	1		0	12.0439	43.3657	0	0	0	
2024-06-24 20:46:04	1690	3413	9	0	0	2	9	0	0	0	9	0	0	5.25	9	0	0	0	9	0	0	2.814		99.9626	41.2028	0.0776249	0	0.776539	0.137916	15.8572	2		0	12.0439	41.6764	0	0	0	
2024-06-24 20:45:03	1683	3414	9	0	0	2	9	0	0	0	9	0	0	4	9	0	0	0	9	0	0	1.732		99.9675	41.3768	0.104179	0	1.04212	0.0242428	13.0957	1		0	12.0439	42.0662	0	0	0	
2024-06-24 21:03:08	1806	3415	1	0	0	3.5	15	0	0	0	15	0	0	2.25	15	0	0	0	15	0	0	1.082		99.9645	41.5792	0.16273	0	1.62788	0.0706931	12.7853	1		0	12.0439	40.117	0	0	0	
2024-06-24 20:55:04	1750	3416	1	0	0	7	29	0	0	0	29	0	0	3	29	0	0	0	29	0	0	3.464		99.9567	41.7627	0.0585017	0	0.585271	0.102102	14.7095	1		0	12.0439	40.117	0	0	0	
2024-06-24 20:44:28	1679	3417	1	0	0	1	5	0	0	0	5	0	0	2.5	5	0	0	0	5	0	0	1.299		99.9708	40.8749	0.138135	0	1.38175	0.211588	13.0227	1		0	12.0439	42.4561	0	0	0	
2024-06-24 20:42:09	1663	3418	5	0	0	0	1	0	0	0	1	0	0	6.75	1	0	0	0	1	0	0	5.845		99.9755	41.0658	0.0401405	0	0.401503	0.570368	17.0284	1		0.0088623	12.0439	44.1454	0	0	0	
2024-06-24 20:59:43	1782	3419	1	0	0	2.75	12	0	0	0	12	0	0	3	12	0	0	0	12	0	0	0.216		99.9595	41.8201	0.726226	0	7.26521	0.193444	11.4122	1		0	12.0439	40.117	0	0	0	
2024-06-24 20:51:44	1729	3420	5	0	0	5	21	0	0	0	21	0	0	1	21	0	0	0	21	0	0	3.464		99.9541	41.7168	0.0619252	0	0.619536	0.270995	15.5706	1		0	12.0439	40.247	0	0	0	
2024-06-24 21:05:22	1822	3421	1	0	0	0.5	3	0	0	7.25	3	0	0	2.75	3	0	0	5	3	0	0	1.168		99.9582	20.6512	0.069662	0	0.696911	0.0382665	9.85235	2		0	12.0439	40.117	0	0	0	
2024-06-24 21:00:32	1788	3422	9	0	0	6.75	28	0	0	0	28	0	0	7	28	0	0	0	28	0	0	0.216		99.9581	41.9949	0.787796	0	7.88126	0.38808	12.3799	1		0	12.0439	40.117	0	0	0	
2024-06-24 20:46:31	1693	3423	1	0	0	2	9	0	0	0	9	0	0	0.75	9	0	0	0	9	0	0	1.082		99.9629	41.2085	0.158656	0	1.58715	0.0788881	12.4654	1		0	12.0439	41.4165	0	0	0	
2024-06-24 20:47:31	1700	3424	9	0	0	3	13	0	0	0	13	0	0	6	13	0	0	0	13	0	0	2.598		99.9631	41.9572	0.0761198	0	0.761479	0.132868	14.3535	1		0	12.0439	41.1566	0	0	0	
2024-06-24 20:47:05	1697	3425	5	0	0	3	13	0	0	0	13	0	0	4.75	13	0	0	0	13	0	0	1.515		99.9609	41.9908	0.120425	0	1.20472	0.114171	13.2466	1		0	12.0439	41.1566	0	0	0	
2024-06-24 20:43:46	1674	3426	5	0	0	1	5	0	0	0	5	0	0	7.75	5	0	0	0	5	0	0	5.845		99.9724	40.7969	0.0382298	0	0.382404	0.598795	16.2183	1		0	12.0439	42.8459	0	0	0	
2024-06-24 20:44:03	1676	3427	9	0	0	1	5	0	0	0	5	0	0	6.5	5	0	0	0	5	0	0	4.762		99.97	40.8209	0.0509286	0	0.509439	0.280505	17.6049	1		0.0088623	12.0439	42.7159	0	0	0	
2024-06-24 20:53:02	1737	3428	5	0	0	6	25	0	0	0	25	0	0	5.5	25	0	0	0	25	0	0	0.433		99.9574	41.7178	0.459477	0	4.59673	0.107803	14.441	1		0	12.0439	40.117	0	0	0	
2024-06-24 20:52:01	1731	3429	5	0	0	6	25	0	0	0	25	0	0	4.25	25	0	0	0	25	0	0	1.515		99.9524	41.833	0.126852	0	1.26913	0.00991015	13.9548	2		0	12.0439	40.247	0	0	0	
2024-06-24 20:51:16	1726	3430	1	0	0	5	21	0	0	0	21	0	0	2.75	21	0	0	0	21	0	0	1.948		99.9545	41.7333	0.0934026	0	0.934451	0.109171	13.2105	1		0	12.0439	40.3769	0	0	0	
2024-06-24 20:44:37	1680	3431	5	0	0	1	5	0	0	0	5	0	0	0.5	5	0	0	0	5	0	0	0.433		99.9713	40.9039	0.42946	0	4.29583	0.162462	13.4957	1		0	12.0439	42.3261	0	0	0	
2024-06-24 20:50:05	1718	3432	1	0	0	4	17	0	0	0	17	0	0	0.75	17	0	0	0	17	0	0	2.814		99.9581	41.3867	0.0692628	0	0.692918	0.0814094	14.1496	1		0	12.0439	40.5069	0	0	0	
2024-06-24 20:56:31	1760	3433	1	0	0	7.75	32	0	0	0	32	0	0	3.25	32	0	0	0	32	0	0	3.897		99.9548	41.7604	0.0501546	0	0.501773	0.0720881	14.1873	1		0.0088623	12.0439	39.9871	0	0	0	
2024-06-24 21:04:39	1817	3434	1	0	0	2.75	12	0	0	5	12	0	0	0.5	12	0	0	7.25	12	0	0	1.168		99.9654	20.4579	0.0705935	0	0.706179	0.323791	9.98337	1		0	12.0439	40.117	0	0	0	
2024-06-24 20:58:41	1775	3435	9	0	0	1.25	6	0	0	0	6	0	0	6.5	6	0	0	0	6	0	0	4.546		99.9522	41.8564	0.0519593	0	0.519841	0.431007	17.1479	1		0.0088623	11.9375	40.117	0	0	0	
2024-06-24 20:52:01	1731	3436	1	0	0	6	25	0	0	0	25	0	0	0.5	25	0	0	0	25	0	0	4.762		99.9524	41.833	0.0532673	0	0.532927	0.20897	18.4166	2		0	12.0439	40.247	0	0	0	
2024-06-24 20:49:56	1717	3437	1	0	0	4	17	0	0	0	17	0	0	2.75	17	0	0	0	17	0	0	1.082		99.9609	41.4291	0.164431	0	1.64496	0.220328	12.9195	1		0	12.0439	40.6368	0	0	0	
2024-06-24 20:41:43	1660	3438	1	0	0	0	1	0	0	0	1	0	0	0.25	1	0	0	0	1	0	0	0.216		99.9703	41.094	0.737	0	7.37219	0.0045494	11.5802	1		0	12.0616	44.6651	0	0	0	
2024-06-24 20:46:39	1694	3439	1	0	0	2	9	0	0	0	9	0	0	3.25	9	0	0	0	9	0	0	1.082		99.9655	41.2901	0.163192	0	1.63249	0.0420547	12.8215	1		0	12.0439	41.4165	0	0	0	
2024-06-24 20:55:28	1753	3440	5	0	0	7	29	0	0	0	29	0	0	1.75	29	0	0	0	29	0	0	4.546		99.9544	41.7847	0.0502146	0	0.502375	0.888942	16.5717	1		0.0088623	12.0439	39.8571	0	0	0	
2024-06-24 20:41:52	1661	3441	5	0	0	0	1	0	0	0	1	0	0	6	1	0	0	0	1	0	0	5.195		99.9741	41.0914	0.0507647	0	0.507779	0.324843	19.1428	1		0.0088623	12.0439	44.5352	0	0	0	
2024-06-24 20:41:27	1659	3442	1	0	0	0	1	0	0	0	1	0	0	4.75	1	0	0	0	1	0	0	4.113		99.9689	41.1275	0.051654	0	0.516701	0.00468788	15.421	2		0.0088623	11.9464	44.7951	0	0	0	
2024-06-24 21:02:18	1800	3443	1	0	0	7.25	30	0	0	0	30	0	0	0.5	30	0	0	0	30	0	0	5.845		99.958	42.1373	0.049136	0	0.491567	0.245861	20.8481	1		0	12.0439	40.117	0	0	0	
2024-06-24 20:51:24	1727	3444	5	0	0	5	21	0	0	0	21	0	0	0.25	21	0	0	0	21	0	0	4.113		99.9632	41.8311	0.0508408	0	0.508595	0.503715	15.1791	1		0	12.0439	40.3769	0	0	0	
2024-06-24 20:50:59	1724	3445	5	0	0	5	21	0	0	0	21	0	0	6.75	21	0	0	0	21	0	0	1.515		99.9589	41.7714	0.129886	0	1.29939	0.557572	14.2876	1		0	12.0439	40.3769	0	0	0	
2024-06-24 20:47:31	1700	3446	1	0	0	3	13	0	0	0	13	0	0	2.25	13	0	0	0	13	0	0	0.649		99.9631	41.9572	0.27669	0	2.76793	0.150964	13.0435	1		0	12.0439	41.1566	0	0	0	
2024-06-24 20:46:15	1691	3447	1	0	0	2	9	0	0	0	9	0	0	0	9	0	0	0	9	0	0	1.732		99.9654	41.1994	0.136441	0	1.36488	0.785915	17.1516	1		0	12.0439	41.5464	0	0	0	
2024-06-24 21:00:41	1789	3448	9	0	0	6.5	27	0	0	0	27	0	0	7.25	27	0	0	0	27	0	0	0.649		99.9555	42.011	0.306986	0	3.07123	0.32522	14.4728	1		0	12.0439	40.117	0	0	0	
2024-06-24 20:55:54	1756	3449	5	0	0	7.75	32	0	0	0	32	0	0	7.25	32	0	0	0	32	0	0	0.433		99.9554	41.8588	0.452406	0	4.52608	0.528763	14.2191	1		0	12.0439	39.9871	0	0	0	
2024-06-24 21:02:26	1801	3450	1	0	0	7.5	31	0	0	0	31	0	0	0.25	31	0	0	0	31	0	0	6.278		99.9589	42.0139	0.035874	0	0.358887	0.413288	16.3484	1		0	12.0439	40.117	0	0	0	
2024-06-24 20:59:19	1779	3451	1	0	0	0.75	4	0	0	0	4	0	0	1	4	0	0	0	4	0	0	0.216		99.9593	41.8687	0.747632	0	7.47937	0.0361037	11.7486	1		0	12.0439	39.9871	0	0	0	
2024-06-24 21:01:34	1795	3452	1	0	0	5.5	23	0	0	0	23	0	0	2.25	23	0	0	0	23	0	0	2.814		99.9522	41.6095	0.0799773	0	0.800156	0.168949	16.3395	1		0	12.0439	39.9871	0	0	0	
2024-06-24 20:49:13	1712	3453	5	0	0	4	17	0	0	0	17	0	0	6.75	17	0	0	0	17	0	0	2.381		99.96	41.4102	0.0823682	0	0.824012	0.104359	14.2379	1		0	12.0439	40.6368	0	0	0	
2024-06-24 20:46:57	1696	3454	9	0	0	3	13	0	0	0	13	0	0	5.25	13	0	0	0	13	0	0	1.948		99.9615	42.0229	0.0964899	0	0.965271	0.132216	13.6462	1		0	12.0439	41.2865	0	0	0	
2024-06-24 20:46:48	1695	3455	9	0	0	3	13	0	0	0	13	0	0	4	13	0	0	0	13	0	0	0.866		99.9612	42.0525	0.213539	0	2.13622	0.163349	13.4222	1		0	12.0439	41.4165	0	0	0	
2024-06-24 20:45:29	1686	3456	5	0	0	2	9	0	0	0	9	0	0	7.25	9	0	0	0	9	0	0	4.546		99.9639	41.2745	0.0535093	0	0.535286	0.687696	17.6573	1		0	12.0439	41.9363	0	0	0	
2024-06-24 20:54:11	1744	3457	9	0	0	7	29	0	0	0	29	0	0	7.5	29	0	0	0	29	0	0	0.433		99.9544	41.6956	0.442816	0	4.43018	0.246142	13.9178	1		0	12.0439	40.117	0	0	0	
2024-06-24 20:54:46	1748	3458	5	0	0	7	29	0	0	0	29	0	0	6.25	29	0	0	0	29	0	0	0.649		99.9564	41.6731	0.308053	0	3.08187	0.136714	14.523	1		0	12.0439	40.117	0	0	0	
2024-06-24 20:44:13	1677	3459	9	0	0	1	5	0	0	0	5	0	0	5.75	5	0	0	0	5	0	0	4.113		99.9738	40.8054	0.0520453	0	0.52059	0.335133	15.5371	1		0	12.0439	42.586	0	0	0	
2024-06-24 20:43:38	1673	3460	9	0	0	1	5	0	0	0	5	0	0	4.5	5	0	0	0	5	0	0	3.031		99.9764	40.826	0.0697129	0	0.697294	0.145208	15.3343	1		0	12.0439	42.9758	0	0	0	
2024-06-24 20:52:33	1734	3461	1	0	0	6	25	0	0	0	25	0	0	3.5	25	0	0	0	25	0	0	2.165		99.9538	41.728	0.0866161	0	0.866562	0.155139	13.6119	2		0.0088623	12.0439	40.117	0	0	0	
2024-06-24 20:49:48	1716	3462	1	0	0	4	17	0	0	0	17	0	0	0	17	0	0	0	17	0	0	3.464		99.9636	41.3687	0.0608753	0	0.608974	0.101332	15.3052	1		0.0088623	12.0439	40.6368	0	0	0	
2024-06-24 20:57:03	1764	3463	1	0	0	7.75	32	0	0	0	32	0	0	2.5	32	0	0	0	32	0	0	4.546		99.9545	41.9032	0.046285	0	0.463061	0.662205	15.2749	1		0.0088623	12.0439	40.117	0	0	0	
2024-06-24 20:46:23	1692	3464	1	0	0	2	9	0	0	0	9	0	0	2.5	9	0	0	0	9	0	0	0.433		99.9659	41.2212	0.407131	0	4.0727	0.078859	12.7948	1		0	12.0439	41.5464	0	0	0	
2024-06-24 20:55:13	1751	3465	5	0	0	7	29	0	0	0	29	0	0	1	29	0	0	0	29	0	0	5.195		99.9534	41.7043	0.0451383	0	0.451593	0.544758	17.0247	1		0	12.0439	39.9871	0	0	0	
2024-06-24 20:42:29	1665	3466	9	0	0	0	1	0	0	0	1	0	0	5.25	1	0	0	0	1	0	0	4.546		99.9773	41.0382	0.0495722	0	0.495835	0.0188229	16.356	1		0	12.0439	43.7555	0	0	0	
2024-06-24 20:42:29	1665	3467	5	0	0	0	1	0	0	0	1	0	0	4	1	0	0	0	1	0	0	3.464		99.9773	41.0382	0.0607421	0	0.607559	0.0702727	15.2696	1		0	12.0439	43.7555	0	0	0	
2024-06-24 20:57:13	1765	3468	5	0	0	7.75	32	0	0	0	32	0	0	1.75	32	0	0	0	32	0	0	5.195		99.9522	41.8017	0.0413655	0	0.413852	0.0939103	15.6019	1		0	12.0439	39.9871	0	0	0	
2024-06-24 20:50:42	1722	3469	5	0	0	5	21	0	0	0	21	0	0	6	21	0	0	0	21	0	0	0.866		99.9583	41.7317	0.223717	0	2.2381	0.135462	14.0624	1		0	12.0439	40.3769	0	0	0	
2024-06-24 20:50:33	1721	3470	5	0	0	5	21	0	0	0	21	0	0	4.75	21	0	0	0	21	0	0	0.216		99.9559	41.7717	0.759862	0	7.60197	0.168475	11.9412	1		0	12.0439	40.3769	0	0	0	
2024-06-24 20:48:13	1705	3471	5	0	0	3	13	0	0	0	13	0	0	1.5	13	0	0	0	13	0	0	1.299		99.9644	41.9615	0.134287	0	1.34335	0.188739	12.6608	1		0	12.0439	40.8967	0	0	0	
2024-06-24 20:56:31	1760	3472	5	0	0	7.75	32	0	0	0	32	0	0	6.5	32	0	0	0	32	0	0	1.082		99.9548	41.7604	0.181129	0	1.81211	0.00839061	14.2323	1		0.0088623	12.0439	39.9871	0	0	0	
2024-06-24 20:58:14	1772	3473	9	0	0	2.25	10	0	0	0	10	0	0	5.5	10	0	0	0	10	0	0	2.814		99.9586	42.1488	0.0812323	0	0.81266	0.372212	16.5948	1		0	12.0439	40.117	0	0	0	
2024-06-24 21:04:31	1816	3474	1	0	0	3	13	0	0	4.75	13	0	0	1.25	13	0	0	6.5	13	0	0	0.908		99.9588	20.8663	0.0871642	0	0.872001	0.406934	9.58815	1		0	12.0439	40.117	0	0	0	
2024-06-24 20:49:13	1712	3475	9	0	0	4	17	0	0	0	17	0	0	6	17	0	0	0	17	0	0	1.732		99.96	41.4102	0.109203	0	1.09247	0.00360656	13.7284	1		0	12.0439	40.6368	0	0	0	
2024-06-24 20:49:04	1711	3476	5	0	0	4	17	0	0	0	17	0	0	4.75	17	0	0	0	17	0	0	0.649		99.9633	41.4172	0.309034	0	3.09147	0.127961	14.5682	1		0	12.0439	40.6368	0	0	0	
2024-06-24 20:41:52	1661	3477	1	0	0	0	1	0	0	0	1	0	0	2.25	1	0	0	0	1	0	0	1.948		99.9741	41.0914	0.106332	0	1.0636	0.069223	15.0363	1		0.0088623	12.0439	44.5352	0	0	0	
2024-06-24 21:04:23	1815	3478	1	0	0	3.25	14	0	0	4.5	14	0	0	2	14	0	0	5.75	14	0	0	0.649		99.9579	20.6106	0.140287	0	1.40346	0.232524	11.0227	1		0	12.0439	40.117	0	0	0	
2024-06-24 20:47:13	1698	3479	1	0	0	3	13	0	0	0	13	0	0	3.25	13	0	0	0	13	0	0	0.216		99.9587	41.9669	0.747291	0	7.476	0.167261	11.7433	1		0	12.0439	41.1566	0	0	0	
2024-06-24 20:45:55	1689	3480	5	0	0	2	9	0	0	0	9	0	0	7.75	9	0	0	0	9	0	0	4.979		99.9669	41.2413	0.0427356	0	0.427497	0.0559707	15.4448	1		0	12.0439	41.6764	0	0	0	
2024-06-24 20:45:38	1687	3481	9	0	0	2	9	0	0	0	9	0	0	6.5	9	0	0	0	9	0	0	3.897		99.9638	41.2692	0.0543849	0	0.544047	0.729208	15.3826	1		0	12.0439	41.8063	0	0	0	
2024-06-24 20:54:55	1749	3482	5	0	0	7	29	0	0	0	29	0	0	5.5	29	0	0	0	29	0	0	1.299		99.9561	41.7372	0.148013	0	1.48078	0.0548172	13.9561	1		0	12.0439	40.117	0	0	0	
2024-06-24 20:54:03	1743	3483	9	0	0	7	29	0	0	0	29	0	0	4.25	29	0	0	0	29	0	0	2.381		99.9533	41.6903	0.0820833	0	0.821217	0.174203	14.1896	1		0	12.0439	40.117	0	0	0	
2024-06-24 20:43:54	1675	3484	5	0	0	1	5	0	0	0	5	0	0	5	5	0	0	0	5	0	0	3.464		99.9765	40.8816	0.0618286	0	0.618432	0.0487601	15.5429	1		0.0088623	12.0439	42.8459	0	0	0	
2024-06-24 20:43:28	1672	3485	1	0	0	1	5	0	0	0	5	0	0	3.75	5	0	0	0	5	0	0	2.381		99.9713	40.8226	0.0798894	0	0.799124	0.312675	13.8079	1		0.0088623	12.0439	42.9758	0	0	0	
2024-06-24 20:53:27	1740	3486	5	0	0	6	25	0	0	0	25	0	0	2.75	25	0	0	0	25	0	0	2.814		99.9547	41.6656	0.0704354	0	0.704673	0.0130519	14.3897	2		0	12.0439	40.117	0	0	0	
2024-06-24 20:50:33	1721	3487	1	0	0	5	21	0	0	0	21	0	0	2.25	21	0	0	0	21	0	0	2.381		99.9559	41.7717	0.0789028	0	0.789376	0.321589	13.6394	1		0	12.0439	40.3769	0	0	0	
2024-06-24 20:54:38	1747	3488	1	0	0	7	29	0	0	0	29	0	0	0.25	29	0	0	0	29	0	0	5.845		99.9539	41.6723	0.0395533	0	0.395715	0.157462	16.7829	1		0	12.0439	40.117	0	0	0	
2024-06-24 20:43:12	1670	3489	1	0	0	0	1	0	0	0	1	0	0	3.25	1	0	0	0	1	0	0	2.814		99.9727	41.0044	0.0689817	0	0.690005	0.0341145	14.0901	1		0	12.0439	43.2357	0	0	0	
2024-06-24 20:47:48	1702	3490	9	0	0	3	13	0	0	0	13	0	0	7.25	13	0	0	0	13	0	0	3.68		99.9681	41.9778	0.0669535	0	0.669748	0.482269	17.8846	1		0	12.0439	41.0267	0	0	0	
2024-06-24 20:52:53	1736	3491	5	0	0	6	25	0	0	0	25	0	0	6.75	25	0	0	0	25	0	0	0.649		99.9539	41.7118	0.317134	0	3.1728	0.0608156	14.9515	1		0	12.0439	40.117	0	0	0	
2024-06-24 20:57:30	1767	3492	9	0	0	3.75	16	0	0	0	16	0	0	4	16	0	0	0	16	0	0	0.216		99.9555	41.4808	0.837075	0	8.37448	0.146858	13.1546	1		0	12.0439	39.9871	0	0	0	
2024-06-24 20:55:46	1755	3493	1	0	0	7.75	32	0	0	0	32	0	0	1	32	0	0	0	32	0	0	5.845		99.9566	41.8975	0.037765	0	0.377814	0.119961	16.0237	1		0	12.0439	39.9871	0	0	0	
2024-06-24 20:50:25	1720	3494	5	0	0	5	21	0	0	0	21	0	0	5.25	21	0	0	0	21	0	0	0.216		99.9599	41.7732	0.780672	0	7.80985	0.173464	12.2677	1		0	12.0439	40.5069	0	0	0	
2024-06-24 20:50:14	1719	3495	9	0	0	5	21	0	0	0	21	0	0	4	21	0	0	0	21	0	0	0.866		99.9572	41.803	0.219716	0	2.1981	0.439778	13.8111	2		0.0088623	12.0439	40.5069	0	0	0	
2024-06-24 20:48:21	1706	3496	1	0	0	3	13	0	0	0	13	0	0	0.75	13	0	0	0	13	0	0	1.948		99.9615	41.9377	0.0927951	0	0.928308	0.09484	13.1236	1		0	12.0439	40.8967	0	0	0	
2024-06-24 20:44:54	1682	3497	1	0	0	1	5	0	0	0	5	0	0	1.75	5	0	0	0	5	0	0	0.649		99.9707	40.9144	0.278424	0	2.78505	0.0540401	13.1243	1		0	12.0439	42.1962	0	0	0	
2024-06-24 20:49:56	1717	3498	5	0	0	4	17	0	0	0	17	0	0	2	17	0	0	0	17	0	0	1.732		99.9609	41.4291	0.10369	0	1.03731	0.189624	13.0352	1		0	12.0439	40.6368	0	0	0	
2024-06-24 20:56:40	1761	3499	9	0	0	7.75	32	0	0	0	32	0	0	5.75	32	0	0	0	32	0	0	1.732		99.9536	41.7609	0.110555	0	1.10607	0.10435	13.8993	1		0	12.0439	39.9871	0	0	0	
2024-06-24 20:56:03	1757	3500	9	0	0	7.75	32	0	0	0	32	0	0	4.5	32	0	0	0	32	0	0	2.814		99.9542	41.8377	0.0682788	0	0.683101	0.0249907	13.9492	1		0	12.0439	39.9871	0	0	0	
2024-06-24 20:59:59	1784	3501	1	0	0	2.25	10	0	0	0	10	0	0	3.5	10	0	0	0	10	0	0	1.082		99.9587	42.3639	0.162687	0	1.62754	0.240264	12.7827	1		0	12.0439	40.117	0	0	0	
2024-06-24 20:59:10	1778	3502	9	0	0	0.25	2	0	0	0	2	0	0	7.5	2	0	0	0	2	0	0	6.278		99.9548	41.4892	0.0372353	0	0.372521	0.201314	16.9695	1		0	12.0439	39.9871	0	0	0	
2024-06-24 20:53:38	1741	3503	5	0	0	6	25	0	0	0	25	0	0	1.75	25	0	0	0	25	0	0	3.68		99.9535	41.6857	0.0650554	0	0.650857	0.446079	17.3802	3		0	12.0439	40.117	0	0	0	
2024-06-24 20:48:46	1709	3504	9	0	0	4	17	0	0	0	17	0	0	5.25	17	0	0	0	17	0	0	1.082		99.9626	41.5129	0.17708	0	1.77146	0.052008	13.913	1		0	12.0439	40.7668	0	0	0	
2024-06-24 20:42:09	1663	3505	1	0	0	0	1	0	0	0	1	0	0	1.5	1	0	0	0	1	0	0	1.299		99.9755	41.0658	0.133967	0	1.34	0.0814887	12.6292	1		0.0088623	12.0439	44.1454	0	0	0	
2024-06-24 20:47:05	1697	3506	1	0	0	3	13	0	0	0	13	0	0	2.5	13	0	0	0	13	0	0	0.433		99.9609	41.9908	0.4113	0	4.11461	0.187025	12.9264	1		0	12.0439	41.1566	0	0	0	
2024-06-24 20:45:29	1686	3507	1	0	0	2	9	0	0	0	9	0	0	5.75	9	0	0	0	9	0	0	3.247		99.9639	41.2745	0.0644604	0	0.644837	0.415931	15.1936	1		0	12.0439	41.9363	0	0	0	
2024-06-24 20:45:19	1685	3508	9	0	0	2	9	0	0	0	9	0	0	4.5	9	0	0	0	9	0	0	2.165		99.9628	41.2745	0.0871147	0	0.871471	0.305384	13.689	1		0.0088623	12.0439	41.9363	0	0	0	
2024-06-24 20:54:30	1746	3509	1	0	0	7	29	0	0	0	29	0	0	3.5	29	0	0	0	29	0	0	3.031		99.959	41.6801	0.0649008	0	0.649274	0.123789	14.2783	1		0	12.0439	39.9871	0	0	0	
2024-06-24 20:44:03	1676	3510	1	0	0	1	5	0	0	0	5	0	0	3	5	0	0	0	5	0	0	1.732		99.97	40.8209	0.103592	0	1.03623	0.215731	13.0217	1		0.0088623	12.0439	42.7159	0	0	0	
2024-06-24 20:42:18	1664	3511	9	0	0	0	1	0	0	0	1	0	0	7.25	1	0	0	0	1	0	0	6.278		99.9719	41.0357	0.0400469	0	0.400581	0.251516	18.2477	2		0	12.0439	44.0154	0	0	0	
2024-06-24 20:50:50	1723	3512	1	0	0	5	21	0	0	0	21	0	0	1.5	21	0	0	0	21	0	0	3.031		99.961	41.8424	0.0673041	0	0.673304	0.831428	14.8067	1		0	12.0439	40.3769	0	0	0	
2024-06-24 20:45:55	1689	3513	1	0	0	2	9	0	0	0	9	0	0	1.25	9	0	0	0	9	0	0	0.649		99.9669	41.2413	0.269232	0	2.69321	0.099247	12.6914	1		0	12.0439	41.6764	0	0	0	
2024-06-24 21:02:43	1803	3514	1	0	0	1.5	7	0	0	0	7	0	0	0.25	7	0	0	0	7	0	0	1.082		99.956	41.1732	0.160385	0	1.60455	0.0260782	12.6021	1		0	12.0439	40.117	0	0	0	
2024-06-24 20:42:18	1664	3515	1	0	0	0	1	0	0	0	1	0	0	2.5	1	0	0	0	1	0	0	2.165		99.9719	41.0357	0.0879327	0	0.879574	0.112899	13.8163	2		0	12.0439	44.0154	0	0	0	
2024-06-24 21:01:51	1797	3516	1	0	0	6.25	26	0	0	0	26	0	0	1.5	26	0	0	0	26	0	0	4.113		99.9579	42.1902	0.0555021	0	0.555255	0.521824	16.5717	2		0.0088623	12.0439	40.117	0	0	0	
2024-06-24 21:03:49	1811	3517	9	0	0	7.25	30	0	0	0	30	0	0	6.5	30	0	0	0	30	0	0	0.649		99.9605	42.1819	0.300893	0	3.01012	0.138321	14.1848	1		0	12.0439	40.117	0	0	0	
2024-06-24 20:47:31	1700	3518	5	0	0	3	13	0	0	0	13	0	0	7.75	13	0	0	0	13	0	0	4.113		99.9631	41.9572	0.0496198	0	0.496382	0.223521	14.8146	1		0	12.0439	41.1566	0	0	0	
2024-06-24 20:46:57	1696	3519	5	0	0	3	13	0	0	0	13	0	0	6.5	13	0	0	0	13	0	0	3.031		99.9615	42.0229	0.0674897	0	0.675156	0.263528	14.8475	1		0	12.0439	41.2865	0	0	0	
2024-06-24 20:43:28	1672	3520	9	0	0	1	5	0	0	0	5	0	0	7	5	0	0	0	5	0	0	5.195		99.9713	40.8226	0.0443679	0	0.443806	0.556234	16.7311	1		0.0088623	12.0439	42.9758	0	0	0	
2024-06-24 20:52:21	1733	3521	5	0	0	6	25	0	0	0	25	0	0	4.75	25	0	0	0	25	0	0	1.082		99.9553	41.7511	0.178035	0	1.78114	0.0532557	13.9891	2		0	12.0439	40.117	0	0	0	
2024-06-24 20:56:03	1757	3522	1	0	0	7.75	32	0	0	0	32	0	0	0.25	32	0	0	0	32	0	0	6.494		99.9542	41.8377	0.0337639	0	0.337794	0.0964909	15.9182	1		0	12.0439	39.9871	0	0	0	
2024-06-24 20:50:59	1724	3523	1	0	0	5	21	0	0	0	21	0	0	3.25	21	0	0	0	21	0	0	1.515		99.9589	41.7714	0.118354	0	1.18402	0.0831684	13.019	1		0	12.0439	40.3769	0	0	0	
2024-06-24 20:47:55	1703	3524	5	0	0	3	13	0	0	0	13	0	0	0	13	0	0	0	13	0	0	2.598		99.9626	42.0355	0.0757188	0	0.757471	0.627642	14.278	1		0	12.0439	41.0267	0	0	0	
2024-06-24 20:57:38	1768	3525	9	0	0	3.5	15	0	0	0	15	0	0	4.25	15	0	0	0	15	0	0	0.649		99.9546	41.2477	0.295424	0	2.95558	0.0274308	13.9279	1		0	12.0439	40.117	0	0	0	
2024-06-24 20:48:29	1707	3526	1	0	0	4	17	0	0	0	17	0	0	1.25	17	0	0	0	17	0	0	2.381		99.9612	41.4494	0.0786076	0	0.786381	0.0543986	13.5877	1		0.0088623	12.0439	40.8967	0	0	0	
2024-06-24 20:56:21	1759	3527	5	0	0	7.75	32	0	0	0	32	0	0	5	32	0	0	0	32	0	0	2.381		99.9528	41.7956	0.0794473	0	0.794849	0.0925616	13.734	1		0	12.0439	39.9871	0	0	0	
2024-06-24 20:55:54	1756	3528	1	0	0	7.75	32	0	0	0	32	0	0	3.75	32	0	0	0	32	0	0	3.464		99.9554	41.8588	0.0563784	0	0.564036	0.264799	14.1758	1		0	12.0439	39.9871	0	0	0	
2024-06-24 21:05:15	1821	3529	1	0	0	1.25	6	0	0	6.5	6	0	0	3	6	0	0	4.75	6	0	0	0.908		99.9656	20.5068	0.0856082	0	0.856377	0.528205	9.41635	1		0	12.0439	40.117	0	0	0	
2024-06-24 20:53:19	1739	3530	1	0	0	6	25	0	0	0	25	0	0	1	25	0	0	0	25	0	0	4.33		99.9566	41.7041	0.0560455	0	0.560698	0.0243274	17.6149	1		0	12.0439	40.117	0	0	0	
2024-06-24 20:48:56	1710	3531	1	0	0	4	17	0	0	0	17	0	0	3.25	17	0	0	0	17	0	0	0.649		99.9645	41.4429	0.296228	0	2.96333	0.0890717	13.9644	1		0	12.0439	40.7668	0	0	0	
2024-06-24 20:42:29	1665	3532	1	0	0	0	1	0	0	0	1	0	0	0.75	1	0	0	0	1	0	0	0.649		99.9773	41.0382	0.310996	0	3.11067	0.229591	14.6587	1		0	12.0439	43.7555	0	0	0	
2024-06-24 21:04:48	1818	3533	1	0	0	3.5	15	0	0	4.25	15	0	0	3.75	15	0	0	4	15	0	0	0.13		99.956	19.7344	0.591807	0	5.92068	0.0176742	9.30017	1		0	12.0439	40.117	0	0	0	
2024-06-24 20:45:55	1689	3534	9	0	0	2	9	0	0	0	9	0	0	5	9	0	0	0	9	0	0	2.598		99.9669	41.2413	0.075259	0	0.752839	0.064945	14.1907	1		0	12.0439	41.6764	0	0	0	
2024-06-24 20:45:11	1684	3535	1	0	0	2	9	0	0	0	9	0	0	3.75	9	0	0	0	9	0	0	1.515		99.9688	41.332	0.123722	0	1.23761	0.269689	13.6083	1		0.0088623	12.0439	42.0662	0	0	0	
2024-06-24 20:55:20	1752	3536	5	0	0	7	29	0	0	0	29	0	0	2.75	29	0	0	0	29	0	0	3.68		99.9568	41.7637	0.0557653	0	0.557894	0.187427	14.8977	1		0	12.0439	39.9871	0	0	0	
2024-06-24 20:55:37	1754	3537	1	0	0	7	29	0	0	0	29	0	0	2.25	29	0	0	0	29	0	0	4.113		99.9562	41.8022	0.0511959	0	0.512183	0.386846	15.2862	1		0	12.0439	40.117	0	0	0	
2024-06-24 20:41:27	1659	3538	5	0	0	0	1	0	0	0	1	0	0	7.75	1	0	0	0	1	0	0	6.711		99.9689	41.1275	0.0349045	0	0.349154	0.113424	17.0019	2		0.0088623	11.9464	44.7951	0	0	0	
2024-06-24 20:42:00	1662	3539	9	0	0	0	1	0	0	0	1	0	0	6.5	1	0	0	0	1	0	0	5.628		99.9739	41.0751	0.0412782	0	0.41289	0.0391785	16.8627	1		0	12.0439	44.2753	0	0	0	
2024-06-24 20:51:08	1725	3540	1	0	0	5	21	0	0	0	21	0	0	0.75	21	0	0	0	21	0	0	3.68		99.9579	41.7483	0.0604444	0	0.604699	0.385284	16.1476	1		0	12.0439	40.3769	0	0	0	
2024-06-24 20:51:08	1725	3541	5	0	0	5	21	0	0	0	21	0	0	7.25	21	0	0	0	21	0	0	1.948		99.9579	41.7483	0.110312	0	1.10359	0.095547	15.6016	1		0	12.0439	40.3769	0	0	0	
2024-06-24 21:03:41	1810	3542	9	0	0	5.75	24	0	0	0	24	0	0	4	24	0	0	0	24	0	0	1.515		99.9587	42.3415	0.122472	0	1.22522	0.0393627	13.472	1		0	12.0439	40.117	0	0	0	
2024-06-24 21:00:15	1786	3543	9	0	0	4.5	19	0	0	0	19	0	0	5.25	19	0	0	0	19	0	0	0.649		99.9575	42.0946	0.300898	0	3.01026	0.00444796	14.1855	1		0	12.0439	40.117	0	0	0	
2024-06-24 21:04:55	1819	3544	1	0	0	2.75	12	0	0	5	12	0	0	3.5	12	0	0	4.25	12	0	0	0.389		99.9597	20.4777	0.254587	0	2.5469	0.704503	12.002	2		0.0088623	12.0439	40.117	0	0	0	
2024-06-24 20:46:39	1694	3545	5	0	0	2	9	0	0	0	9	0	0	0.5	9	0	0	0	9	0	0	1.299		99.9655	41.2901	0.133701	0	1.33747	0.103321	12.6054	1		0	12.0439	41.4165	0	0	0	
2024-06-24 20:58:58	1777	3546	9	0	0	0.5	3	0	0	0	3	0	0	7.25	3	0	0	0	3	0	0	5.845		99.9542	41.7549	0.0592535	0	0.592807	0.285037	25.1418	2		0	12.0439	39.9871	0	0	0	
2024-06-24 20:48:39	1708	3547	5	0	0	4	17	0	0	0	17	0	0	7.25	17	0	0	0	17	0	0	2.814		99.9629	41.4432	0.0754378	0	0.754659	0.267591	15.4104	1		0	12.0439	40.8967	0	0	0	
2024-06-24 20:47:22	1699	3548	9	0	0	3	13	0	0	0	13	0	0	5.75	13	0	0	0	13	0	0	2.381		99.9603	41.9533	0.0790466	0	0.79078	0.0136645	13.6637	1		0	12.0439	41.1566	0	0	0	
2024-06-24 20:47:05	1697	3549	9	0	0	3	13	0	0	0	13	0	0	4.5	13	0	0	0	13	0	0	1.299		99.9609	41.9908	0.138971	0	1.39025	0.117099	13.1028	1		0	12.0439	41.1566	0	0	0	
2024-06-24 20:55:04	1750	3550	5	0	0	7	29	0	0	0	29	0	0	6.75	29	0	0	0	29	0	0	0.216		99.9567	41.7627	0.787597	0	7.87938	0.319875	12.3769	1		0	12.0439	40.117	0	0	0	
2024-06-24 20:43:46	1674	3551	9	0	0	1	5	0	0	0	5	0	0	7.5	5	0	0	0	5	0	0	5.628		99.9724	40.7969	0.0404192	0	0.404303	0.461746	16.512	1		0	12.0439	42.8459	0	0	0	
2024-06-24 20:44:21	1678	3552	5	0	0	1	5	0	0	0	5	0	0	6.25	5	0	0	0	5	0	0	4.546		99.9735	40.8055	0.0541858	0	0.542002	0.844554	17.8789	1		0	12.0616	42.4561	0	0	0	
2024-06-24 20:52:44	1735	3553	9	0	0	6	25	0	0	0	25	0	0	5.25	25	0	0	0	25	0	0	0.649		99.9536	41.7363	0.302076	0	3.02216	0.135139	14.2416	1		0	12.0439	40.117	0	0	0	
2024-06-24 20:52:01	1731	3554	9	0	0	6	25	0	0	0	25	0	0	4	25	0	0	0	25	0	0	1.732		99.9524	41.833	0.108527	0	1.08579	0.0593889	13.6444	2		0	12.0439	40.247	0	0	0	
2024-06-24 20:51:33	1728	3555	5	0	0	5	21	0	0	0	21	0	0	2.5	21	0	0	0	21	0	0	2.165		99.9562	41.7287	0.0926833	0	0.92724	0.174488	14.565	2		0	12.0439	40.247	0	0	0	
2024-06-24 20:44:46	1681	3556	5	0	0	1	5	0	0	0	5	0	0	0.25	5	0	0	0	5	0	0	0.649		99.9626	40.8473	0.281911	0	2.82017	0.0559051	13.2897	1		0	12.0439	42.1962	0	0	0	
2024-06-24 20:48:46	1709	3557	1	0	0	4	17	0	0	0	17	0	0	0.5	17	0	0	0	17	0	0	3.031		99.9626	41.5129	0.0654772	0	0.655017	0.234183	14.4046	1		0	12.0439	40.7668	0	0	0	
2024-06-24 20:56:47	1762	3558	1	0	0	7.75	32	0	0	0	32	0	0	3	32	0	0	0	32	0	0	4.113		99.9571	41.8507	0.0484408	0	0.484616	0.495798	14.4634	1		0	12.0439	40.117	0	0	0	
2024-06-24 20:52:44	1735	3559	1	0	0	6	25	0	0	0	25	0	0	0.25	25	0	0	0	25	0	0	4.979		99.9536	41.7363	0.0467249	0	0.467466	0.0387429	16.8888	1		0	12.0439	40.117	0	0	0	
2024-06-24 21:01:22	1794	3560	1	0	0	5.25	22	0	0	0	22	0	0	2.5	22	0	0	0	22	0	0	2.381		99.9565	42.0098	0.0919353	0	0.919753	0.682506	15.8922	2		0	12.0439	40.117	0	0	0	
2024-06-24 20:49:13	1712	3561	1	0	0	4	17	0	0	0	17	0	0	2.5	17	0	0	0	17	0	0	1.299		99.96	41.4102	0.138401	0	1.38457	0.111514	13.0492	1		0	12.0439	40.6368	0	0	0	
2024-06-24 20:46:04	1690	3562	1	0	0	2	9	0	0	0	9	0	0	3	9	0	0	0	9	0	0	0.866		99.9626	41.2028	0.205759	0	2.05836	0.0575495	12.933	2		0	12.0439	41.6764	0	0	0	
2024-06-24 20:55:28	1753	3563	1	0	0	7	29	0	0	0	29	0	0	1.5	29	0	0	0	29	0	0	4.762		99.9544	41.7847	0.0472159	0	0.472375	0.705035	16.3241	1		0.0088623	12.0439	39.8571	0	0	0	
2024-06-24 20:41:43	1660	3564	9	0	0	0	1	0	0	0	1	0	0	5.75	1	0	0	0	1	0	0	4.979		99.9703	41.094	0.0452089	0	0.452223	0.325141	16.3381	1		0	12.0616	44.6651	0	0	0	
2024-06-24 20:41:52	1661	3565	9	0	0	0	1	0	0	0	1	0	0	4.5	1	0	0	0	1	0	0	3.897		99.9741	41.0914	0.0536226	0	0.536365	0.0496887	15.1654	1		0.0088623	12.0439	44.5352	0	0	0	
2024-06-24 20:51:24	1727	3566	1	0	0	5	21	0	0	0	21	0	0	0	21	0	0	0	21	0	0	4.33		99.9632	41.8311	0.0498884	0	0.499068	0.576764	15.6787	1		0	12.0439	40.3769	0	0	0	
2024-06-24 20:57:21	1766	3567	1	0	0	7.75	32	0	0	0	32	0	0	2.25	32	0	0	0	32	0	0	4.762		99.958	41.7822	0.0428878	0	0.429058	0.414769	14.8272	1		0	12.0439	39.9871	0	0	0	
2024-06-24 20:51:16	1726	3568	5	0	0	5	21	0	0	0	21	0	0	7.75	21	0	0	0	21	0	0	2.381		99.9545	41.7333	0.0813254	0	0.813624	0.10625	14.0584	1		0	12.0439	40.3769	0	0	0	
2024-06-24 20:50:50	1723	3569	5	0	0	5	21	0	0	0	21	0	0	6.5	21	0	0	0	21	0	0	1.299		99.961	41.8424	0.149231	0	1.49289	0.0146988	14.0702	1		0	12.0439	40.3769	0	0	0	
2024-06-24 20:47:22	1699	3570	1	0	0	3	13	0	0	0	13	0	0	2	13	0	0	0	13	0	0	0.866		99.9603	41.9533	0.205041	0	2.05123	0.229418	12.8882	1		0	12.0439	41.1566	0	0	0	
2024-06-24 21:01:06	1792	3571	1	0	0	4.5	19	0	0	0	19	0	0	3.25	19	0	0	0	19	0	0	1.082		99.9601	41.9744	0.167145	0	1.67212	0.0331717	13.1328	1		0	12.0439	40.117	0	0	0	
2024-06-24 20:55:54	1756	3572	9	0	0	7.75	32	0	0	0	32	0	0	7	32	0	0	0	32	0	0	0.649		99.9554	41.8588	0.313814	0	3.13954	0.858187	14.7948	1		0	12.0439	39.9871	0	0	0	
2024-06-24 21:03:34	1809	3573	9	0	0	5.5	23	0	0	0	23	0	0	4.25	23	0	0	0	23	0	0	1.082		99.9565	41.5926	0.175985	0	1.76062	0.271013	13.8278	1		0	12.0439	40.117	0	0	0	
2024-06-24 21:02:10	1799	3574	1	0	0	6.75	28	0	0	0	28	0	0	1	28	0	0	0	28	0	0	4.979		99.9552	41.7675	0.0529917	0	0.530154	0.184654	19.1536	1		0	12.0439	40.117	0	0	0	
2024-06-24 21:00:25	1787	3575	9	0	0	4.25	18	0	0	0	18	0	0	5.5	18	0	0	0	18	0	0	1.082		99.9534	41.9523	0.177868	0	1.77951	0.383512	13.9762	1		0	12.0439	39.9871	0	0	0	
2024-06-24 20:48:56	1710	3576	5	0	0	4	17	0	0	0	17	0	0	7.75	17	0	0	0	17	0	0	3.247		99.9645	41.4429	0.0608201	0	0.608418	0.0809515	14.3355	1		0	12.0439	40.7668	0	0	0	
2024-06-24 20:49:22	1713	3577	9	0	0	4	17	0	0	0	17	0	0	6.5	17	0	0	0	17	0	0	2.165		99.9613	41.403	0.0891739	0	0.892084	0.252538	14.0128	1		0	12.0439	40.6368	0	0	0	
2024-06-24 20:47:22	1699	3578	5	0	0	3	13	0	0	0	13	0	0	5	13	0	0	0	13	0	0	1.732		99.9603	41.9533	0.105102	0	1.05144	0.0496464	13.2127	1		0	12.0439	41.1566	0	0	0	
2024-06-24 20:46:57	1696	3579	1	0	0	3	13	0	0	0	13	0	0	3.75	13	0	0	0	13	0	0	0.649		99.9615	42.0229	0.287599	0	2.8771	0.145803	13.558	1		0	12.0439	41.2865	0	0	0	
2024-06-24 20:45:46	1688	3580	9	0	0	2	9	0	0	0	9	0	0	7	9	0	0	0	9	0	0	4.33		99.9643	41.2365	0.0495019	0	0.495196	0.0873248	15.557	1		0.0088623	12.0439	41.8063	0	0	0	
2024-06-24 20:54:46	1748	3581	9	0	0	7	29	0	0	0	29	0	0	6	29	0	0	0	29	0	0	0.866		99.9564	41.6731	0.229895	0	2.29996	0.122754	14.4511	1		0	12.0439	40.117	0	0	0	
2024-06-24 20:54:21	1745	3582	5	0	0	7	29	0	0	0	29	0	0	4.75	29	0	0	0	29	0	0	1.948		99.9529	41.6815	0.0986045	0	0.986509	0.271012	13.9464	1		0	12.0439	40.117	0	0	0	
2024-06-24 20:44:13	1677	3583	5	0	0	1	5	0	0	0	5	0	0	5.5	5	0	0	0	5	0	0	3.897		99.9738	40.8054	0.062126	0	0.621423	0.568392	17.5703	1		0	12.0439	42.586	0	0	0	
2024-06-24 20:43:20	1671	3584	5	0	0	1	5	0	0	0	5	0	0	4.25	5	0	0	0	5	0	0	2.814		99.9691	40.833	0.0717726	0	0.717948	0.806728	14.6608	1		0	12.0439	43.1058	0	0	0	
2024-06-24 20:52:53	1736	3585	1	0	0	6	25	0	0	0	25	0	0	3.25	25	0	0	0	25	0	0	2.381		99.9539	41.7118	0.0815601	0	0.815976	0.121714	14.0991	1		0	12.0439	40.117	0	0	0	
2024-06-24 20:59:34	1781	3586	1	0	0	0.25	2	0	0	0	2	0	0	1.5	2	0	0	0	2	0	0	1.082		99.9608	41.6851	0.159698	0	1.59761	0.145547	12.5476	1		0	12.0439	40.117	0	0	0	
2024-06-24 20:54:03	1743	3587	1	0	0	7	29	0	0	0	29	0	0	0.75	29	0	0	0	29	0	0	5.412		99.9533	41.6903	0.0437336	0	0.43754	0.129713	17.1822	1		0	12.0439	40.117	0	0	0	
2024-06-24 20:42:37	1666	3588	5	0	0	0	1	0	0	0	1	0	0	5	1	0	0	0	1	0	0	4.33		99.974	41.0277	0.0495268	0	0.495397	0.239523	15.5633	1		0	12.0439	43.7555	0	0	0	
2024-06-24 20:43:04	1669	3589	1	0	0	0	1	0	0	0	1	0	0	3.75	1	0	0	0	1	0	0	3.247		99.9715	41.0082	0.0619894	0	0.620071	0.158218	14.6101	1		0	12.0439	43.3657	0	0	0	
2024-06-24 21:03:58	1812	3590	9	0	0	7.5	31	0	0	0	31	0	0	6.25	31	0	0	0	31	0	0	1.082		99.9587	41.8721	0.175679	0	1.75752	0.00813529	13.8035	1		0	12.0439	40.117	0	0	0	
2024-06-24 21:00:48	1790	3591	9	0	0	6.25	26	0	0	0	26	0	0	7.5	26	0	0	0	26	0	0	1.082		99.9574	42.3209	0.177312	0	1.77387	0.180345	13.932	1		0	12.0439	39.9871	0	0	0	
2024-06-24 20:52:33	1734	3592	5	0	0	6	25	0	0	0	25	0	0	7.25	25	0	0	0	25	0	0	1.082		99.9538	41.728	0.205823	0	2.05918	0.0394722	16.1727	2		0.0088623	12.0439	40.117	0	0	0	
2024-06-24 20:57:13	1765	3593	1	0	0	7.75	32	0	0	0	32	0	0	1.5	32	0	0	0	32	0	0	5.412		99.9522	41.8017	0.039087	0	0.391056	0.292575	15.3567	1		0	12.0439	39.9871	0	0	0	
2024-06-24 20:50:50	1723	3594	9	0	0	5	21	0	0	0	21	0	0	5.75	21	0	0	0	21	0	0	0.649		99.961	41.8424	0.30154	0	3.01658	0.190061	14.2153	1		0	12.0439	40.3769	0	0	0	
2024-06-24 20:50:33	1721	3595	9	0	0	5	21	0	0	0	21	0	0	4.5	21	0	0	0	21	0	0	0.433		99.9559	41.7717	0.434769	0	4.34961	0.164254	13.6647	1		0	12.0439	40.3769	0	0	0	
2024-06-24 20:47:39	1701	3596	1	0	0	3	13	0	0	0	13	0	0	1.25	13	0	0	0	13	0	0	1.515		99.9659	42.0223	0.116006	0	1.16045	0.18309	12.7599	1		0	12.0439	41.0267	0	0	0	
2024-06-24 20:44:21	1678	3597	1	0	0	1	5	0	0	0	5	0	0	2.25	5	0	0	0	5	0	0	1.082		99.9735	40.8055	0.158998	0	1.5904	0.00689099	12.491	1		0	12.0616	42.4561	0	0	0	
2024-06-24 20:59:26	1780	3598	1	0	0	0.5	3	0	0	0	3	0	0	1.25	3	0	0	0	3	0	0	0.649		99.9606	41.9429	0.281029	0	2.8114	0.14226	13.2484	1		0	11.9375	40.117	0	0	0	
2024-06-24 20:58:04	1771	3599	9	0	0	2.5	11	0	0	0	11	0	0	5.25	11	0	0	0	11	0	0	2.381		99.9523	41.4941	0.0949458	0	0.949911	0.635719	16.4133	2		0	12.0439	39.9871	0	0	0	
2024-06-24 20:56:12	1758	3600	5	0	0	7.75	32	0	0	0	32	0	0	7.5	32	0	0	0	32	0	0	0.216		99.9529	41.8015	0.851141	0	8.51542	0.0892387	13.376	1		0	12.0439	39.9871	0	0	0	
2024-06-24 20:56:31	1760	3601	9	0	0	7.75	32	0	0	0	32	0	0	6.25	32	0	0	0	32	0	0	1.299		99.9548	41.7604	0.149864	0	1.49932	0.00543657	14.1308	1		0.0088623	12.0439	39.9871	0	0	0	
2024-06-24 21:00:57	1791	3602	1	0	0	4.25	18	0	0	0	18	0	0	3.5	18	0	0	0	18	0	0	0.649		99.9564	41.879	0.296015	0	2.96144	0.00793213	13.9555	1		0	12.0439	39.9871	0	0	0	
2024-06-24 20:53:53	1742	3603	1	0	0	6	25	0	0	0	25	0	0	2.25	25	0	0	0	25	0	0	3.247		99.9517	41.6729	0.0636075	0	0.636382	0.306512	14.9944	1		0	12.0439	40.117	0	0	0	
2024-06-24 21:03:25	1808	3604	9	0	0	5.25	22	0	0	0	22	0	0	4.5	22	0	0	0	22	0	0	0.649		99.962	41.9688	0.299386	0	2.995	0.117418	14.1136	1		0	12.0439	40.117	0	0	0	
2024-06-24 20:49:04	1711	3605	9	0	0	4	17	0	0	0	17	0	0	5.75	17	0	0	0	17	0	0	1.515		99.9633	41.4172	0.123726	0	1.23771	0.0273472	13.6094	1		0	12.0439	40.6368	0	0	0	
2024-06-24 20:49:22	1713	3606	5	0	0	4	17	0	0	0	17	0	0	4.5	17	0	0	0	17	0	0	0.433		99.9613	41.403	0.471573	0	4.71756	0.165599	14.8207	1		0	12.0439	40.6368	0	0	0	
2024-06-24 20:42:55	1668	3607	1	0	0	0	1	0	0	0	1	0	0	2	1	0	0	0	1	0	0	1.732		99.9736	41.0081	0.14065	0	1.40687	0.370831	17.6792	1		0	12.0439	43.3657	0	0	0	
2024-06-24 20:45:11	1684	3608	9	0	0	2	9	0	0	0	9	0	0	7.5	9	0	0	0	9	0	0	4.762		99.9688	41.332	0.0451803	0	0.451944	0.149825	15.6181	1		0.0088623	12.0439	42.0662	0	0	0	
2024-06-24 20:45:38	1687	3609	5	0	0	2	9	0	0	0	9	0	0	6.25	9	0	0	0	9	0	0	3.68		99.9638	41.2692	0.0582737	0	0.582948	0.694206	15.5668	1		0	12.0439	41.8063	0	0	0	
2024-06-24 20:54:38	1747	3610	9	0	0	7	29	0	0	0	29	0	0	5.25	29	0	0	0	29	0	0	1.515		99.9539	41.6723	0.12532	0	1.25378	0.037913	13.786	1		0	12.0439	40.117	0	0	0	
2024-06-24 20:54:03	1743	3611	5	0	0	7	29	0	0	0	29	0	0	4	29	0	0	0	29	0	0	2.598		99.9533	41.6903	0.0750235	0	0.750586	0.0307689	14.1482	1		0	12.0439	40.117	0	0	0	
2024-06-24 20:43:46	1674	3612	1	0	0	1	5	0	0	0	5	0	0	3.5	5	0	0	0	5	0	0	2.165		99.9724	40.7969	0.0834642	0	0.834873	0.300601	13.1142	1		0	12.0439	42.8459	0	0	0	
2024-06-24 20:53:27	1740	3613	1	0	0	6	25	0	0	0	25	0	0	2.5	25	0	0	0	25	0	0	3.031		99.9547	41.6656	0.0742271	0	0.742607	0.179784	16.3308	2		0	12.0439	40.117	0	0	0	
2024-06-24 21:03:16	1807	3614	1	0	0	3.75	16	0	0	0	16	0	0	2	16	0	0	0	16	0	0	1.515		99.9597	41.9692	0.122888	0	1.22937	0.27669	13.5177	1		0	12.0439	40.117	0	0	0	
2024-06-24 20:51:33	1728	3615	1	0	0	5	21	0	0	0	21	0	0	2	21	0	0	0	21	0	0	2.598		99.9562	41.7287	0.0756654	0	0.756986	0.0160912	14.2688	2		0	12.0439	40.247	0	0	0	
2024-06-24 20:45:03	1683	3616	1	0	0	2	9	0	0	0	9	0	0	1.75	9	0	0	0	9	0	0	0.216		99.9675	41.3768	0.721387	0	7.21621	0.0834545	11.3352	1		0	12.0439	42.0662	0	0	0	
2024-06-24 20:54:21	1745	3617	1	0	0	7	29	0	0	0	29	0	0	0	29	0	0	0	29	0	0	6.061		99.9529	41.6815	0.0392962	0	0.393147	0.346964	17.2915	1		0	12.0439	40.117	0	0	0	
2024-06-24 20:42:00	1662	3618	1	0	0	0	1	0	0	0	1	0	0	3	1	0	0	0	1	0	0	2.598		99.9739	41.0751	0.0752767	0	0.752963	0.0650762	14.193	1		0	12.0439	44.2753	0	0	0	
2024-06-24 20:47:13	1698	3619	5	0	0	3	13	0	0	0	13	0	0	7	13	0	0	0	13	0	0	3.464		99.9587	41.9669	0.0589029	0	0.589272	0.474902	14.81	1		0	12.0439	41.1566	0	0	0	
2024-06-24 20:52:13	1732	3620	5	0	0	6	25	0	0	0	25	0	0	7.75	25	0	0	0	25	0	0	1.515		99.9556	41.7747	0.130198	0	1.30256	0.0582813	14.3224	1		0	12.0439	40.117	0	0	0	
2024-06-24 20:52:53	1736	3621	9	0	0	6	25	0	0	0	25	0	0	6.5	25	0	0	0	25	0	0	0.433		99.9539	41.7118	0.473847	0	4.74065	0.1518	14.8932	1		0	12.0439	40.117	0	0	0	
2024-06-24 20:56:55	1763	3622	1	0	0	7.75	32	0	0	0	32	0	0	0.75	32	0	0	0	32	0	0	6.061		99.9546	41.8854	0.0368522	0	0.368689	0.20659	16.2158	1		0	12.0439	40.117	0	0	0	
2024-06-24 20:50:25	1720	3623	1	0	0	5	21	0	0	0	21	0	0	3.75	21	0	0	0	21	0	0	1.082		99.9599	41.7732	0.171545	0	1.71613	0.117598	13.4785	1		0	12.0439	40.5069	0	0	0	
2024-06-24 20:47:55	1703	3624	1	0	0	3	13	0	0	0	13	0	0	0.5	13	0	0	0	13	0	0	2.165		99.9626	42.0355	0.0853937	0	0.854256	0.158354	13.4186	1		0	12.0439	41.0267	0	0	0	
2024-06-24 20:43:20	1671	3625	1	0	0	1	5	0	0	0	5	0	0	1.5	5	0	0	0	5	0	0	0.433		99.9691	40.833	0.425726	0	4.25857	0.0235674	13.3787	1		0	12.0439	43.1058	0	0	0	
2024-06-24 21:05:07	1820	3626	1	0	0	2	9	0	0	5.75	9	0	0	3.25	9	0	0	4.5	9	0	0	0.649		99.9591	20.3946	0.138045	0	1.38101	0.648752	10.8464	1		0.0088623	12.0439	40.117	0	0	0	
2024-06-24 20:49:30	1714	3627	1	0	0	4	17	0	0	0	17	0	0	1.75	17	0	0	0	17	0	0	1.948		99.9624	41.3818	0.0927909	0	0.928258	0.373698	13.1229	1		0	12.0439	40.6368	0	0	0	
2024-06-24 20:59:51	1783	3628	1	0	0	2.5	11	0	0	0	11	0	0	3.25	11	0	0	0	11	0	0	0.649		99.9591	41.8582	0.275605	0	2.75718	0.0385822	12.9929	1		0	12.0439	40.117	0	0	0	
2024-06-24 20:56:40	1761	3629	5	0	0	7.75	32	0	0	0	32	0	0	5.5	32	0	0	0	32	0	0	1.948		99.9536	41.7609	0.0991737	0	0.992198	0.085407	14.0269	1		0	12.0439	39.9871	0	0	0	
2024-06-24 20:55:46	1755	3630	5	0	0	7.75	32	0	0	0	32	0	0	4.25	32	0	0	0	32	0	0	3.031		99.9566	41.8975	0.0641721	0	0.641999	0.218363	14.1183	1		0	12.0439	39.9871	0	0	0	
2024-06-24 20:53:38	1741	3631	1	0	0	6	25	0	0	0	25	0	0	1.5	25	0	0	0	25	0	0	3.897		99.9535	41.6857	0.0587097	0	0.58737	0.898065	16.6075	3		0	12.0439	40.117	0	0	0	
2024-06-24 20:48:29	1707	3632	5	0	0	4	17	0	0	0	17	0	0	5	17	0	0	0	17	0	0	0.866		99.9612	41.4494	0.223466	0	2.23552	0.0810067	14.0462	1		0.0088623	12.0439	40.8967	0	0	0	
2024-06-24 20:48:39	1708	3633	1	0	0	4	17	0	0	0	17	0	0	3.75	17	0	0	0	17	0	0	0.216		99.9629	41.4432	0.833588	0	8.33897	0.142651	13.0988	1		0	12.0439	40.8967	0	0	0	
2024-06-24 20:42:55	1668	3634	5	0	0	0	1	0	0	0	1	0	0	1.25	1	0	0	0	1	0	0	1.082		99.9736	41.0081	0.160675	0	1.60718	0.0508709	12.6227	1		0	12.0439	43.3657	0	0	0	
2024-06-24 20:45:46	1688	3635	5	0	0	2	9	0	0	0	9	0	0	5.5	9	0	0	0	9	0	0	3.031		99.9643	41.2365	0.11092	0	1.10959	0.702245	24.4012	1		0.0088623	12.0439	41.8063	0	0	0	
2024-06-24 20:45:03	1683	3636	5	0	0	2	9	0	0	0	9	0	0	4.25	9	0	0	0	9	0	0	1.948		99.9675	41.3768	0.0958658	0	0.95897	0.165473	13.5571	1		0	12.0439	42.0662	0	0	0	
2024-06-24 20:54:46	1748	3637	1	0	0	7	29	0	0	0	29	0	0	3.25	29	0	0	0	29	0	0	3.247		99.9564	41.6731	0.0614039	0	0.614307	0.199926	14.4743	1		0	12.0439	40.117	0	0	0	
2024-06-24 20:44:13	1677	3638	1	0	0	1	5	0	0	0	5	0	0	2.75	5	0	0	0	5	0	0	1.515		99.9738	40.8054	0.115024	0	1.15054	0.131808	12.6508	1		0	12.0439	42.586	0	0	0	
2024-06-24 20:42:00	1662	3639	5	0	0	0	1	0	0	0	1	0	0	7	1	0	0	0	1	0	0	6.061		99.9739	41.0751	0.0389932	0	0.390034	0.211173	17.1546	1		0	12.0439	44.2753	0	0	0	
2024-06-24 20:51:51	1730	3640	5	0	0	5	21	0	0	0	21	0	0	1.25	21	0	0	0	21	0	0	3.247		99.96	41.8144	0.0676506	0	0.676777	0.529797	15.9462	1		0	11.9375	40.247	0	0	0	
2024-06-24 20:45:19	1685	3641	1	0	0	2	9	0	0	0	9	0	0	1	9	0	0	0	9	0	0	0.866		99.9628	41.2745	0.198379	0	1.98453	0.634677	12.4691	1		0.0088623	12.0439	41.9363	0	0	0	
2024-06-24 20:47:48	1702	3642	5	0	0	3	13	0	0	0	13	0	0	7.5	13	0	0	0	13	0	0	3.897		99.9681	41.9778	0.0526215	0	0.526383	0.0683833	14.8831	1		0	12.0439	41.0267	0	0	0	
2024-06-24 20:47:39	1701	3643	5	0	0	3	13	0	0	0	13	0	0	6.25	13	0	0	0	13	0	0	2.814		99.9659	42.0223	0.0730308	0	0.730556	0.52085	14.9182	1		0	12.0439	41.0267	0	0	0	
2024-06-24 20:54:30	1746	3644	5	0	0	7	29	0	0	0	29	0	0	7.25	29	0	0	0	29	0	0	0.216		99.959	41.6801	0.738365	0	7.38667	0.671884	11.603	1		0	12.0439	39.9871	0	0	0	
2024-06-24 20:43:28	1672	3645	5	0	0	1	5	0	0	0	5	0	0	6.75	5	0	0	0	5	0	0	4.979		99.9713	40.8226	0.0510297	0	0.510444	0.400127	18.4415	1		0.0088623	12.0439	42.9758	0	0	0	
2024-06-24 20:53:02	1737	3646	9	0	0	6	25	0	0	0	25	0	0	5.75	25	0	0	0	25	0	0	0.216		99.9574	41.7178	0.797433	0	7.97772	0.165877	12.5314	1		0	12.0439	40.117	0	0	0	
2024-06-24 20:52:21	1733	3647	9	0	0	6	25	0	0	0	25	0	0	4.5	25	0	0	0	25	0	0	1.299		99.9553	41.7511	0.146999	0	1.47065	0.0682324	13.8606	2		0	12.0439	40.117	0	0	0	
2024-06-24 20:56:21	1759	3648	1	0	0	7.75	32	0	0	0	32	0	0	0	32	0	0	0	32	0	0	6.711		99.9528	41.7956	0.0340256	0	0.340416	0.00251233	16.5765	1		0	12.0439	39.9871	0	0	0	
2024-06-24 20:50:14	1719	3649	1	0	0	5	21	0	0	0	21	0	0	3	21	0	0	0	21	0	0	1.732		99.9572	41.803	0.104595	0	1.0464	0.11864	13.1494	2		0.0088623	12.0439	40.5069	0	0	0	
2024-06-24 20:43:38	1673	3650	1	0	0	1	5	0	0	0	5	0	0	0.75	5	0	0	0	5	0	0	0.216		99.9764	40.826	0.74841	0	7.48587	0.102142	11.7588	1		0	12.0439	42.9758	0	0	0	
2024-06-24 21:01:42	1796	3651	1	0	0	5.75	24	0	0	0	24	0	0	2	24	0	0	0	24	0	0	3.247		99.9577	42.3477	0.0658271	0	0.658549	0.197527	15.5167	1		0	12.0439	40.117	0	0	0	
2024-06-24 20:50:05	1718	3652	5	0	0	4	17	0	0	0	17	0	0	1	17	0	0	0	17	0	0	2.598		99.9581	41.3867	0.0722348	0	0.72265	0.0317326	13.6216	1		0	12.0439	40.5069	0	0	0	
2024-06-24 20:56:12	1758	3653	1	0	0	7.75	32	0	0	0	32	0	0	3.5	32	0	0	0	32	0	0	3.68		99.9529	41.8015	0.0527626	0	0.527875	0.249924	14.0961	1		0	12.0439	39.9871	0	0	0	
2024-06-24 20:53:02	1737	3654	1	0	0	6	25	0	0	0	25	0	0	0.75	25	0	0	0	25	0	0	4.546		99.9574	41.7178	0.0537368	0	0.537597	0.0239207	17.7336	1		0	12.0439	40.117	0	0	0	
2024-06-24 20:49:04	1711	3655	1	0	0	4	17	0	0	0	17	0	0	3	17	0	0	0	17	0	0	0.866		99.9633	41.4172	0.211757	0	2.11835	0.247905	13.31	1		0	12.0439	40.6368	0	0	0	
2024-06-24 20:42:46	1667	3656	1	0	0	0	1	0	0	0	1	0	0	0.5	1	0	0	0	1	0	0	0.433		99.9756	41.0256	0.413293	0	4.13394	0.0410633	12.9871	1		0	12.0439	43.4956	0	0	0	
2024-06-24 21:04:14	1814	3657	1	0	0	3.5	15	0	0	4.25	15	0	0	2.75	15	0	0	5	15	0	0	0.389		99.9638	19.6913	0.26089	0	2.60984	0.33912	12.2986	1		0	12.0439	40.117	0	0	0	
2024-06-24 20:45:46	1688	3658	1	0	0	2	9	0	0	0	9	0	0	3.5	9	0	0	0	9	0	0	1.299		99.9643	41.2365	0.140582	0	1.40632	0.123905	13.2542	1		0.0088623	12.0439	41.8063	0	0	0	
2024-06-24 20:55:20	1752	3659	1	0	0	7	29	0	0	0	29	0	0	2.5	29	0	0	0	29	0	0	3.897		99.9568	41.7637	0.0558195	0	0.558436	0.192416	15.7894	1		0	12.0439	39.9871	0	0	0	
2024-06-24 20:55:37	1754	3660	5	0	0	7	29	0	0	0	29	0	0	2	29	0	0	0	29	0	0	4.33		99.9562	41.8022	0.0498474	0	0.498692	0.463092	15.6669	1		0	12.0439	40.117	0	0	0	
2024-06-24 20:42:18	1664	3661	5	0	0	0	1	0	0	0	1	0	0	7.5	1	0	0	0	1	0	0	6.494		99.9719	41.0357	0.036131	0	0.361411	0.244442	17.0311	2		0	12.0439	44.0154	0	0	0	
2024-06-24 20:41:43	1660	3662	5	0	0	0	1	0	0	0	1	0	0	6.25	1	0	0	0	1	0	0	5.412		99.9703	41.094	0.0429878	0	0.430006	0.031489	16.8863	1		0	12.0616	44.6651	0	0	0	
2024-06-24 20:51:44	1729	3663	1	0	0	5	21	0	0	0	21	0	0	0.5	21	0	0	0	21	0	0	3.897		99.9541	41.7168	0.0581992	0	0.582259	0.497288	16.463	1		0	12.0439	40.247	0	0	0	
2024-06-24 21:02:34	1802	3664	1	0	0	1.25	6	0	0	0	6	0	0	0.5	6	0	0	0	6	0	0	0.649		99.96	41.9869	0.283713	0	2.83827	0.0700812	13.375	1		0	12.0439	40.117	0	0	0	
2024-06-24 20:50:59	1724	3665	9	0	0	5	21	0	0	0	21	0	0	7	21	0	0	0	21	0	0	1.732		99.9589	41.7714	0.110676	0	1.10722	0.13053	13.9137	1		0	12.0439	40.3769	0	0	0	
2024-06-24 20:45:38	1687	3666	1	0	0	2	9	0	0	0	9	0	0	0.25	9	0	0	0	9	0	0	1.515		99.9638	41.2692	0.123053	0	1.23098	0.350707	13.5353	1		0	12.0439	41.8063	0	0	0	
2024-06-24 20:48:39	1708	3667	9	0	0	4	17	0	0	0	17	0	0	7	17	0	0	0	17	0	0	2.598		99.9629	41.4432	0.0757816	0	0.758098	0.378988	14.2898	1		0	12.0439	40.8967	0	0	0	
2024-06-24 20:47:13	1698	3668	9	0	0	3	13	0	0	0	13	0	0	5.5	13	0	0	0	13	0	0	2.165		99.9587	41.9669	0.0908852	0	0.909228	0.388278	14.2821	1		0	12.0439	41.1566	0	0	0	
2024-06-24 20:46:48	1695	3669	5	0	0	3	13	0	0	0	13	0	0	4.25	13	0	0	0	13	0	0	1.082		99.9612	42.0525	0.167408	0	1.67473	0.183422	13.1533	1		0	12.0439	41.4165	0	0	0	
2024-06-24 20:54:11	1744	3670	5	0	0	7	29	0	0	0	29	0	0	7.75	29	0	0	0	29	0	0	0.649		99.9544	41.6956	0.318449	0	3.18594	0.21537	15.0134	1		0	12.0439	40.117	0	0	0	
2024-06-24 20:54:55	1749	3671	9	0	0	7	29	0	0	0	29	0	0	6.5	29	0	0	0	29	0	0	0.433		99.9561	41.7372	0.453536	0	4.53736	0.177808	14.2545	1		0	12.0439	40.117	0	0	0	
2024-06-24 20:44:21	1678	3672	9	0	0	1	5	0	0	0	5	0	0	6	5	0	0	0	5	0	0	4.33		99.9735	40.8055	0.0539225	0	0.539368	0.288128	16.9447	1		0	12.0616	42.4561	0	0	0	
2024-06-24 20:43:38	1673	3673	5	0	0	1	5	0	0	0	5	0	0	4.75	5	0	0	0	5	0	0	3.247		99.9764	40.826	0.0682994	0	0.683155	0.175014	16.0965	1		0	12.0439	42.9758	0	0	0	
2024-06-24 21:00:07	1785	3674	9	0	0	4.75	20	0	0	0	20	0	0	5	20	0	0	0	20	0	0	0.216		99.9591	41.9649	0.760018	0	7.60328	0.26744	11.9432	1		0	12.0439	40.117	0	0	0	
2024-06-24 20:52:44	1735	3675	5	0	0	6	25	0	0	0	25	0	0	5	25	0	0	0	25	0	0	0.866		99.9536	41.7363	0.222491	0	2.22595	0.153749	13.986	1		0	12.0439	40.117	0	0	0	
2024-06-24 20:52:13	1732	3676	1	0	0	6	25	0	0	0	25	0	0	3.75	25	0	0	0	25	0	0	1.948		99.9556	41.7747	0.0978	0	0.978435	0.0986904	13.8323	1		0	12.0439	40.117	0	0	0	
2024-06-24 20:43:54	1675	3677	1	0	0	1	5	0	0	0	5	0	0	0	5	0	0	0	5	0	0	0.866		99.9765	40.8816	0.204494	0	2.04542	0.104635	12.8517	1		0.0088623	12.0439	42.8459	0	0	0	
2024-06-24 20:58:49	1776	3678	9	0	0	0.75	4	0	0	0	4	0	0	7	4	0	0	0	4	0	0	5.412		99.9611	42.0129	0.0427702	0	0.427868	0.901859	16.8023	1		0	12.0439	40.117	0	0	0	
2024-06-24 20:49:48	1716	3679	5	0	0	4	17	0	0	0	17	0	0	0.25	17	0	0	0	17	0	0	3.247		99.9636	41.3687	0.0598196	0	0.598414	0.0828698	14.0998	1		0.0088623	12.0439	40.6368	0	0	0	
2024-06-24 20:57:03	1764	3680	5	0	0	7.75	32	0	0	0	32	0	0	2.75	32	0	0	0	32	0	0	4.33		99.9545	41.9032	0.0467883	0	0.468096	0.275293	14.7057	1		0.0088623	12.0439	40.117	0	0	0	
2024-06-24 20:52:21	1733	3681	1	0	0	6	25	0	0	0	25	0	0	0	25	0	0	0	25	0	0	5.195		99.9553	41.7511	0.0515846	0	0.516077	0.135696	19.4556	2		0	12.0439	40.117	0	0	0	
2024-06-24 20:46:23	1692	3682	5	0	0	2	9	0	0	0	9	0	0	2.75	9	0	0	0	9	0	0	0.649		99.9659	41.2212	0.285429	0	2.85526	0.195931	13.4551	1		0	12.0439	41.5464	0	0	0	
2024-06-24 20:54:55	1749	3683	1	0	0	7	29	0	0	0	29	0	0	1.25	29	0	0	0	29	0	0	4.979		99.9561	41.7372	0.0469341	0	0.469547	0.602438	16.9639	1		0	12.0439	40.117	0	0	0	
2024-06-24 20:42:37	1666	3684	9	0	0	0	1	0	0	0	1	0	0	5.5	1	0	0	0	1	0	0	4.762		99.974	41.0277	0.0593658	0	0.593813	0.0603116	20.5207	1		0	12.0439	43.7555	0	0	0	
2024-06-24 20:42:09	1663	3685	9	0	0	0	1	0	0	0	1	0	0	4.25	1	0	0	0	1	0	0	3.68		99.9755	41.0658	0.0557304	0	0.55744	0.20615	14.8856	1		0.0088623	12.0439	44.1454	0	0	0	
