Time	MeasID	DPID	Channel	A(x)	A(y)	A(z)	A(adr)	B(x)	B(y)	B(z)	B(adr)	M(x)	M(y)	M(z)	M(adr)	N(x)	N(y)	N(z)	N(adr)	F(x)	F(y)	F(z)	Note	I(mA)	Uout(V)	U(V)	SP(V)	R(Ohm)	Var(%)	Rho-a(Ohm-m)	Cycles	IP Delay Window(mV/V)	Pint(V)	Pext(V)	T int(deg C)	T log(deg C)	Latitude	Longitude
2024-06-14 04:16:59	430	671	1	0	0	7.75	32	0	0	0	32	0	0	2	32	0	0	0	32	0	0	4.979		99.9624	65.9469	0.0417731	0	0.417888	0.440908	15.0976	1		0	12.0616	40.6368	0	0	0	
2024-06-14 04:12:51	398	672	5	0	0	5	21	0	0	0	21	0	0	7.5	21	0	0	0	21	0	0	2.165		99.9613	66.2417	0.0906955	0	0.907306	0.0103226	14.2519	1		0.0088623	12.0616	41.1566	0	0	0	
2024-06-14 04:12:45	397	673	5	0	0	5	21	0	0	0	21	0	0	6.25	21	0	0	0	21	0	0	1.082		99.9624	66.1953	0.19883	0	1.98904	0.349252	15.6219	1		0	12.0616	41.1566	0	0	0	
2024-06-14 04:09:46	374	674	1	0	0	3	13	0	0	0	13	0	0	1.75	13	0	0	0	13	0	0	1.082		99.9675	67.5944	0.179422	0	1.7948	0.367102	14.0963	1		0	12.0616	41.9363	0	0	0	
2024-06-14 04:17:29	434	675	9	0	0	7.75	32	0	0	0	32	0	0	6.75	32	0	0	0	32	0	0	0.866		99.965	66.2567	0.250187	0	2.50275	0.394256	15.7252	1		0	12.0616	40.5069	0	0	0	
2024-06-14 04:23:38	481	676	1	0	0	3.25	14	0	0	0	14	0	0	2.5	14	0	0	0	14	0	0	0.649		99.9603	65.0538	0.310586	0	3.10709	0.924272	14.6418	1		0	12.0616	40.5069	0	0	0	
2024-06-14 04:10:55	383	677	9	0	0	4	17	0	0	0	17	0	0	7.5	17	0	0	0	17	0	0	3.031		99.9679	66.2126	0.0663755	0	0.663968	0.506091	14.6014	1		0	12.0616	41.5464	0	0	0	
2024-06-14 04:11:10	385	678	5	0	0	4	17	0	0	0	17	0	0	6.25	17	0	0	0	17	0	0	1.948		99.9671	66.3941	0.102606	0	1.0264	0.38091	14.5104	1		0	12.0616	41.4165	0	0	0	
2024-06-14 04:10:15	378	679	1	0	0	3	13	0	0	0	13	0	0	3.5	13	0	0	0	13	0	0	0.433		99.9665	67.5506	0.488781	0	4.88945	0.417548	15.3607	1		0	12.0616	41.6764	0	0	0	
2024-06-14 04:07:42	358	680	5	0	0	2	9	0	0	0	9	0	0	6.75	9	0	0	0	9	0	0	4.113		99.9757	68.905	0.0535165	0	0.535295	0.249284	15.9759	1		0	12.0616	42.7159	0	0	0	
2024-06-14 04:15:28	418	681	5	0	0	7	29	0	0	0	29	0	0	5.75	29	0	0	0	29	0	0	1.082		99.9646	66.198	0.196943	0	1.97012	0.640655	15.4733	1		0.0088623	11.9552	40.7668	0	0	0	
2024-06-14 04:15:35	419	682	9	0	0	7	29	0	0	0	29	0	0	4.5	29	0	0	0	29	0	0	2.165		99.9589	65.9937	0.0911729	0	0.912105	0.170551	14.3273	1		0	12.0616	40.6368	0	0	0	
2024-06-14 04:06:10	347	683	9	0	0	1	5	0	0	0	5	0	0	5.25	5	0	0	0	5	0	0	3.68		99.9789	67.9791	0.0608162	0	0.60829	0.286777	16.2435	1		0.0088623	12.0616	43.7555	0	0	0	
2024-06-14 04:06:25	349	684	9	0	0	1	5	0	0	0	5	0	0	4	5	0	0	0	5	0	0	2.598		99.9788	67.8596	0.0733302	0	0.733457	0.13241	13.8253	1		0	12.0616	43.6256	0	0	0	
2024-06-14 04:22:04	469	685	1	0	0	4.75	20	0	0	0	20	0	0	3	20	0	0	0	20	0	0	1.515		99.9622	65.1732	0.127622	0	1.2767	0.258813	14.038	1		0	12.0616	40.5069	0	0	0	
2024-06-14 04:14:29	410	686	1	0	0	6	25	0	0	0	25	0	0	3	25	0	0	0	25	0	0	2.598		99.9673	66.0079	0.0783806	0	0.784063	0.00741414	14.7792	1		0	12.0616	40.7668	0	0	0	
2024-06-14 04:08:15	362	687	1	0	0	2	9	0	0	0	9	0	0	2.25	9	0	0	0	9	0	0	0.216		99.9726	67.3077	0.788172	0	7.88388	0.338025	12.384	1		0	12.0616	42.4561	0	0	0	
2024-06-14 04:16:23	425	688	5	0	0	7	29	0	0	0	29	0	0	0.5	29	0	0	0	29	0	0	5.628		99.9602	65.7932	0.04399	0	0.440075	0.188116	17.973	1		0	12.0616	40.5069	0	0	0	
2024-06-14 04:05:27	341	689	1	0	0	0	1	0	0	0	1	0	0	3.5	1	0	0	0	1	0	0	3.031		99.9779	68.8268	0.0702005	0	0.702161	0.685479	15.4413	1		0.0088623	11.9552	44.2753	0	0	0	
2024-06-14 04:23:31	480	690	1	0	0	1.75	8	0	0	0	8	0	0	0	8	0	0	0	8	0	0	1.515		99.9622	64.7897	0.123653	0	1.237	0.0942695	13.6015	1		0	12.0616	40.5069	0	0	0	
2024-06-14 04:14:36	411	691	5	0	0	6	25	0	0	0	25	0	0	7	25	0	0	0	25	0	0	0.866		99.9667	66.499	0.261145	0	2.61232	0.386075	16.4137	1		0.0088623	12.0616	40.6368	0	0	0	
2024-06-14 04:22:48	474	692	1	0	0	6.5	27	0	0	0	27	0	0	1.25	27	0	0	0	27	0	0	4.546		99.9645	64.8736	0.0568549	0	0.568751	0.0307821	18.7612	1		0	12.0616	40.3769	0	0	0	
2024-06-14 04:17:45	436	693	1	0	0	7.75	32	0	0	0	32	0	0	1.25	32	0	0	0	32	0	0	5.628		99.9594	65.741	0.0390507	0	0.390666	0.214906	15.9551	1		0	12.0616	40.6368	0	0	0	
2024-06-14 04:12:29	395	694	9	0	0	5	21	0	0	0	21	0	0	5.5	21	0	0	0	21	0	0	0.433		99.965	66.1639	0.509534	0	5.09712	0.551429	16.0131	1		0	12.0616	41.1566	0	0	0	
2024-06-14 04:12:19	394	695	5	0	0	5	21	0	0	0	21	0	0	4.25	21	0	0	0	21	0	0	0.649		99.9648	65.8845	0.340041	0	3.40161	0.0228939	16.0297	2		0	12.0616	41.0267	0	0	0	
2024-06-14 04:09:31	372	696	1	0	0	3	13	0	0	0	13	0	0	1	13	0	0	0	13	0	0	1.732		99.9724	67.6367	0.106688	0	1.06717	0.0613443	13.4105	1		0.0088623	12.0616	42.0662	0	0	0	
2024-06-14 04:06:10	347	697	1	0	0	1	5	0	0	0	5	0	0	2	5	0	0	0	5	0	0	0.866		99.9789	67.9791	0.224346	0	2.24393	0.30182	14.099	1		0.0088623	12.0616	43.7555	0	0	0	
2024-06-14 04:19:26	449	698	9	0	0	1.75	8	0	0	0	8	0	0	6	8	0	0	0	8	0	0	3.68		99.9591	65.8994	0.0621295	0	0.62155	0.779744	16.5976	1		0	12.0616	40.5069	0	0	0	
2024-06-14 04:11:55	391	699	5	0	0	4	17	0	0	0	17	0	0	2.25	17	0	0	0	17	0	0	1.515		99.9659	66.4077	0.124644	0	1.24687	0.170463	13.71	1		0	12.0616	41.2865	0	0	0	
2024-06-14 04:17:22	433	700	1	0	0	7.75	32	0	0	0	32	0	0	6	32	0	0	0	32	0	0	1.515		99.9667	65.9617	0.132361	0	1.32406	0.35337	14.5588	1		0	12.0616	40.6368	0	0	0	
2024-06-14 04:17:07	431	701	1	0	0	7.75	32	0	0	0	32	0	0	4.75	32	0	0	0	32	0	0	2.598		99.9612	65.9182	0.073668	0	0.736965	0.497495	13.8915	1		0	12.0616	40.3769	0	0	0	
2024-06-14 04:14:22	409	702	1	0	0	6	25	0	0	0	25	0	0	2	25	0	0	0	25	0	0	3.464		99.9639	65.9126	0.0652882	0	0.653118	0.241603	16.4146	1		0	12.0616	40.7668	0	0	0	
2024-06-14 04:11:25	387	703	9	0	0	4	17	0	0	0	17	0	0	5.5	17	0	0	0	17	0	0	1.299		99.9677	66.2781	0.160455	0	1.60507	0.0800004	15.1274	1		0	12.0616	41.4165	0	0	0	
2024-06-14 04:10:55	383	704	5	0	0	4	17	0	0	0	17	0	0	4.25	17	0	0	0	17	0	0	0.216		99.9679	66.2126	0.899083	0	8.99372	0.119766	14.1273	1		0	12.0616	41.5464	0	0	0	
2024-06-14 04:05:04	338	705	1	0	0	0	1	0	0	0	1	0	0	1.75	1	0	0	0	1	0	0	1.515		99.9772	69.2986	0.122653	0	1.22681	0.180182	13.4895	1		0	12.0705	44.6651	0	0	0	
2024-06-14 04:24:39	489	706	1	0	0	3.75	16	0	0	4	16	0	0	3.5	16	0	0	4.25	16	0	0	0.13		99.9663	18.2935	0.632735	0	6.32948	0.177483	9.94232	1		0.0088623	12.0616	40.6368	0	0	0	
2024-06-14 04:09:39	373	707	1	0	0	3	13	0	0	0	13	0	0	2.75	13	0	0	0	13	0	0	0.216		99.9722	67.6242	0.781541	0	7.81758	0.457361	12.2798	1		0.0088623	12.0616	41.8063	0	0	0	
2024-06-14 04:08:23	363	708	9	0	0	2	9	0	0	0	9	0	0	6	9	0	0	0	9	0	0	3.464		99.9746	67.2154	0.0657177	0	0.657344	0.105897	16.5208	1		0	12.0616	42.4561	0	0	0	
2024-06-14 04:07:28	357	709	9	0	0	2	9	0	0	0	9	0	0	4.75	9	0	0	0	9	0	0	2.381		99.9727	66.7458	0.0836674	0	0.836902	0.222405	14.4606	4		0.0088623	12.0616	42.9758	0	0	0	
2024-06-14 04:15:50	421	710	9	0	0	7	29	0	0	0	29	0	0	5	29	0	0	0	29	0	0	1.732		99.9643	65.9923	0.114525	0	1.14566	0.193502	14.3968	1		0	12.0616	40.6368	0	0	0	
2024-06-14 04:15:28	418	711	1	0	0	7	29	0	0	0	29	0	0	3.75	29	0	0	0	29	0	0	2.814		99.9646	66.198	0.070702	0	0.707271	0.151168	14.4427	1		0.0088623	11.9552	40.7668	0	0	0	
2024-06-14 04:06:58	353	712	5	0	0	1	5	0	0	0	5	0	0	3.25	5	0	0	0	5	0	0	1.948		99.9767	67.3269	0.0940538	0	0.940757	0.0474975	13.2996	1		0	12.0616	43.2357	0	0	0	
2024-06-14 04:19:00	446	713	9	0	0	2.75	12	0	0	0	12	0	0	5	12	0	0	0	12	0	0	1.948		99.9624	65.8761	0.0972203	0	0.972569	0.246991	13.7494	1		0	12.0616	40.6368	0	0	0	
2024-06-14 04:12:51	398	714	1	0	0	5	21	0	0	0	21	0	0	1.75	21	0	0	0	21	0	0	2.814		99.9613	66.2417	0.0732303	0	0.732586	0.220087	14.9597	1		0.0088623	12.0616	41.1566	0	0	0	
2024-06-14 04:08:23	363	715	1	0	0	2	9	0	0	0	9	0	0	1.5	9	0	0	0	9	0	0	0.433		99.9746	67.2154	0.46876	0	4.68879	0.320184	14.7303	1		0	12.0616	42.4561	0	0	0	
2024-06-14 04:05:48	344	716	1	0	0	0	1	0	0	0	1	0	0	2.75	1	0	0	0	1	0	0	2.381		99.9767	68.6249	0.109651	0	1.09676	0.366678	18.9507	1		0	12.0616	44.1454	0	0	0	
2024-06-14 04:18:53	445	717	9	0	0	3.25	14	0	0	0	14	0	0	4.5	14	0	0	0	14	0	0	1.082		99.9578	65.486	0.186986	0	1.87065	0.388614	14.6921	1		0	11.9552	40.6368	0	0	0	
2024-06-14 04:09:06	369	718	9	0	0	3	13	0	0	0	13	0	0	6.75	13	0	0	0	13	0	0	3.247		99.9734	67.8119	0.0649072	0	0.649244	0.0249546	15.2975	1		0	12.0616	42.1962	0	0	0	
2024-06-14 04:06:32	350	719	9	0	0	1	5	0	0	0	5	0	0	7.25	5	0	0	0	5	0	0	5.412		99.9778	67.345	0.0639653	0	0.639795	0.699075	25.1247	2		0	12.0616	43.4956	0	0	0	
2024-06-14 04:14:44	412	720	5	0	0	6	25	0	0	0	25	0	0	7.5	25	0	0	0	25	0	0	1.299		99.9654	66.0028	0.158317	0	1.58372	0.169163	14.9262	1		0	12.0616	40.6368	0	0	0	
2024-06-14 04:13:57	406	721	9	0	0	6	25	0	0	0	25	0	0	6.25	25	0	0	0	25	0	0	0.216		99.9647	66.3975	0.874826	0	8.75135	0.725876	13.7466	1		0	12.0705	40.8967	0	0	0	
2024-06-14 04:18:02	438	722	1	0	0	7.75	32	0	0	0	32	0	0	0.5	32	0	0	0	32	0	0	6.278		99.9608	65.5244	0.0361046	0	0.361188	0.305953	16.4532	1		0	12.0616	40.3769	0	0	0	
2024-06-14 04:13:17	401	723	1	0	0	5	21	0	0	0	21	0	0	3.5	21	0	0	0	21	0	0	1.299		99.9661	66.1205	0.151316	0	1.51367	0.261968	14.266	1		0	12.0616	41.0267	0	0	0	
2024-06-14 04:09:21	371	724	1	0	0	3	13	0	0	0	13	0	0	0.25	13	0	0	0	13	0	0	2.381		99.9717	67.5717	0.0779286	0	0.779506	0.152925	13.4689	2		0	12.0616	41.9363	0	0	0	
2024-06-14 04:06:25	349	725	1	0	0	1	5	0	0	0	5	0	0	1.25	5	0	0	0	5	0	0	0.216		99.9788	67.8596	0.790408	0	7.90575	0.353589	12.4183	1		0	12.0616	43.6256	0	0	0	
2024-06-14 04:11:47	390	726	5	0	0	4	17	0	0	0	17	0	0	1.5	17	0	0	0	17	0	0	2.165		99.9662	66.0922	0.0859371	0	0.859661	0.115828	13.5035	1		0.0088623	12.0616	41.2865	0	0	0	
2024-06-14 04:19:33	450	727	9	0	0	1.5	7	0	0	0	7	0	0	6.25	7	0	0	0	7	0	0	4.113		99.9584	64.6089	0.0546027	0	0.546255	0.216331	16.303	1		0.0088623	12.0616	40.5069	0	0	0	
2024-06-14 04:16:59	430	728	9	0	0	7.75	32	0	0	0	32	0	0	5.25	32	0	0	0	32	0	0	2.165		99.9624	65.9469	0.0873692	0	0.87402	0.799117	13.7291	1		0	12.0616	40.6368	0	0	0	
2024-06-14 04:17:15	432	729	5	0	0	7.75	32	0	0	0	32	0	0	4	32	0	0	0	32	0	0	3.247		99.9609	65.9848	0.0588497	0	0.588727	0.264676	13.8716	1		0	12.0616	40.5069	0	0	0	
2024-06-14 04:14:52	413	730	5	0	0	6	25	0	0	0	25	0	0	1.25	25	0	0	0	25	0	0	4.113		99.9664	66.1185	0.0593183	0	0.593383	0.0475822	17.7096	1		0	12.0616	40.7668	0	0	0	
2024-06-14 04:11:10	385	731	1	0	0	4	17	0	0	0	17	0	0	3.5	17	0	0	0	17	0	0	0.433		99.9671	66.3941	0.522219	0	5.22391	0.409886	16.4114	1		0	12.0616	41.4165	0	0	0	
2024-06-14 04:05:20	340	732	1	0	0	0	1	0	0	0	1	0	0	1	1	0	0	0	1	0	0	0.866		99.9777	69.33	0.231245	0	2.31297	0.272133	14.5328	1		0.0088623	12.0616	44.2753	0	0	0	
2024-06-14 04:07:49	359	733	1	0	0	2	9	0	0	0	9	0	0	5.25	9	0	0	0	9	0	0	2.814		99.976	67.8242	0.0783654	0	0.783842	0.61559	16.0063	1		0	12.0616	42.7159	0	0	0	
2024-06-14 04:08:15	362	734	9	0	0	2	9	0	0	0	9	0	0	4	9	0	0	0	9	0	0	1.732		99.9726	67.3077	0.109864	0	1.09894	0.134802	13.8097	1		0	12.0616	42.4561	0	0	0	
2024-06-14 04:23:45	482	735	1	0	0	3.5	15	0	0	0	15	0	0	2.25	15	0	0	0	15	0	0	1.082		99.9618	64.476	0.180362	0	1.80431	0.531881	14.171	1		0	12.0616	40.5069	0	0	0	
2024-06-14 04:16:30	426	736	5	0	0	7	29	0	0	0	29	0	0	3	29	0	0	0	29	0	0	3.464		99.9596	66.1071	0.0589606	0	0.589844	0.102987	14.8244	1		0	12.0616	40.6368	0	0	0	
2024-06-14 04:07:13	355	737	1	0	0	1	5	0	0	0	5	0	0	2.5	5	0	0	0	5	0	0	1.299		99.9752	67.3068	0.145738	0	1.45774	0.166749	13.7389	1		0.0088623	11.9552	43.1058	0	0	0	
2024-06-14 04:05:20	340	738	9	0	0	0	1	0	0	0	1	0	0	6.75	1	0	0	0	1	0	0	5.845		99.9777	69.33	0.0408355	0	0.408446	0.22682	17.3228	1		0.0088623	12.0616	44.2753	0	0	0	
2024-06-14 04:20:41	458	739	1	0	0	2.75	12	0	0	0	12	0	0	3	12	0	0	0	12	0	0	0.216		99.9642	65.7829	0.782911	0	7.83191	0.594051	12.3023	1		0.0088623	12.0616	40.5069	0	0	0	
2024-06-14 04:13:10	400	740	1	0	0	5	21	0	0	0	21	0	0	1	21	0	0	0	21	0	0	3.464		99.9627	66.5222	0.063195	0	0.632186	0.0658884	15.8886	1		0.0088623	12.0616	41.0267	0	0	0	
2024-06-14 04:26:09	498	741	1	0	0	0.5	3	0	0	7.25	3	0	0	2.75	3	0	0	5	3	0	0	1.168		99.9679	20.4033	0.0800695	0	0.800953	0.0231769	11.3232	2		0	12.0616	40.5069	0	0	0	
2024-06-14 04:21:25	464	742	9	0	0	6.75	28	0	0	0	28	0	0	7	28	0	0	0	28	0	0	0.216		99.9627	65.2289	0.829739	0	8.30049	0.815485	13.0384	1		0	12.0616	40.5069	0	0	0	
2024-06-14 04:08:51	367	743	1	0	0	2	9	0	0	0	9	0	0	0.75	9	0	0	0	9	0	0	1.082		99.9718	67.2066	0.174438	0	1.74487	0.221057	13.7042	1		0	12.0616	42.1962	0	0	0	
2024-06-14 04:09:39	373	744	9	0	0	3	13	0	0	0	13	0	0	6	13	0	0	0	13	0	0	2.598		99.9722	67.6242	0.079758	0	0.797801	0.0210525	15.0382	1		0.0088623	12.0616	41.8063	0	0	0	
2024-06-14 04:09:13	370	745	9	0	0	3	13	0	0	0	13	0	0	4.75	13	0	0	0	13	0	0	1.515		99.9694	67.7999	0.129112	0	1.29152	0.214364	14.201	1		0.0088623	12.0616	41.8063	0	0	0	
2024-06-14 04:06:51	352	746	5	0	0	1	5	0	0	0	5	0	0	7.75	5	0	0	0	5	0	0	5.845		99.9753	67.48	0.0392497	0	0.392594	0.275567	16.6505	1		0	12.0616	43.2357	0	0	0	
2024-06-14 04:06:18	348	747	1	0	0	1	5	0	0	0	5	0	0	6.5	5	0	0	0	5	0	0	4.762		99.9782	68.0615	0.0518075	0	0.518188	0.665364	17.9073	1		0.0088623	12.0616	43.7555	0	0	0	
2024-06-14 04:14:22	409	748	5	0	0	6	25	0	0	0	25	0	0	5.5	25	0	0	0	25	0	0	0.433		99.9639	65.9126	0.522882	0	5.23071	0.547986	16.4327	1		0	12.0616	40.7668	0	0	0	
2024-06-14 04:14:14	408	749	9	0	0	6	25	0	0	0	25	0	0	4.25	25	0	0	0	25	0	0	1.515		99.9658	65.7343	0.135222	0	1.35268	0.136999	14.8735	1		0	12.0616	40.6368	0	0	0	
2024-06-14 04:13:17	401	750	5	0	0	5	21	0	0	0	21	0	0	2.75	21	0	0	0	21	0	0	1.948		99.9661	66.1205	0.0969944	0	0.970273	0.181106	13.7169	1		0	12.0616	41.0267	0	0	0	
2024-06-14 04:07:06	354	751	1	0	0	1	5	0	0	0	5	0	0	0.5	5	0	0	0	5	0	0	0.433		99.977	67.5884	0.489541	0	4.89654	0.417096	15.3829	1		0	12.0616	43.2357	0	0	0	
2024-06-14 04:12:02	392	752	5	0	0	4	17	0	0	0	17	0	0	0.75	17	0	0	0	17	0	0	2.814		99.965	66.2839	0.0692835	0	0.693077	0.15598	14.1529	1		0	12.0616	41.1566	0	0	0	
2024-06-14 04:17:51	437	753	1	0	0	7.75	32	0	0	0	32	0	0	3.25	32	0	0	0	32	0	0	3.897		99.9564	65.1649	0.0497263	0	0.49748	0.124195	14.0659	2		0	12.0616	40.6368	0	0	0	
2024-06-14 04:25:18	493	754	1	0	0	2.75	12	0	0	5	12	0	0	0.5	12	0	0	7.25	12	0	0	1.168		99.9694	20.7429	0.081987	0	0.820121	0.097046	11.5942	2		0	12.0616	40.6368	0	0	0	
2024-06-14 04:19:40	451	755	9	0	0	1.25	6	0	0	0	6	0	0	6.5	6	0	0	0	6	0	0	4.546		99.9612	65.875	0.0521965	0	0.522168	0.907145	17.2246	1		0	12.0616	40.6368	0	0	0	
2024-06-14 04:15:06	415	756	1	0	0	6	25	0	0	0	25	0	0	0.5	25	0	0	0	25	0	0	4.762		99.9612	66.1171	0.0552804	0	0.553019	0.431295	19.111	1		0	12.0616	40.7668	0	0	0	
2024-06-14 04:11:02	384	757	1	0	0	4	17	0	0	0	17	0	0	2.75	17	0	0	0	17	0	0	1.082		99.9694	66.3186	0.184084	0	1.8414	0.296273	14.4623	1		0	12.0616	41.4165	0	0	0	
2024-06-14 04:05:33	342	758	5	0	0	0	1	0	0	0	1	0	0	0.25	1	0	0	0	1	0	0	0.216		99.9747	68.7541	0.794848	0	7.9505	0.216841	12.4886	1		0.0088623	12.0616	44.2753	0	0	0	
2024-06-14 04:08:44	366	759	5	0	0	2	9	0	0	0	9	0	0	3.25	9	0	0	0	9	0	0	1.082		99.971	67.2947	0.181562	0	1.81615	0.27447	14.264	1		0	12.0616	42.3261	0	0	0	
2024-06-14 04:15:35	419	760	1	0	0	7	29	0	0	0	29	0	0	1.75	29	0	0	0	29	0	0	4.546		99.9589	65.9937	0.0503713	0	0.50392	0.373161	16.6227	1		0	12.0616	40.6368	0	0	0	
2024-06-14 04:05:04	338	761	5	0	0	0	1	0	0	0	1	0	0	6	1	0	0	0	1	0	0	5.195		99.9772	69.2986	0.0500699	0	0.500813	0.030506	18.8802	1		0	12.0705	44.6651	0	0	0	
2024-06-14 04:05:11	339	762	9	0	0	0	1	0	0	0	1	0	0	4.75	1	0	0	0	1	0	0	4.113		99.9791	69.537	0.0527111	0	0.527221	0.12042	15.735	1		0.0088623	12.0705	44.5352	0	0	0	
2024-06-14 04:23:02	476	763	1	0	0	7.25	30	0	0	0	30	0	0	0.5	30	0	0	0	30	0	0	5.845		99.965	65.28	0.0532825	0	0.533011	0.535728	22.6058	1		0.0088623	12.0616	40.5069	0	0	0	
2024-06-14 04:13:24	402	764	5	0	0	5	21	0	0	0	21	0	0	0.25	21	0	0	0	21	0	0	4.113		99.9639	66.1178	0.0518507	0	0.518694	0.198836	15.4805	1		0	12.0705	40.8967	0	0	0	
2024-06-14 04:12:37	396	765	5	0	0	5	21	0	0	0	21	0	0	6.75	21	0	0	0	21	0	0	1.515		99.9637	66.4476	0.13841	0	1.3846	0.286218	15.2245	1		0	12.0616	41.1566	0	0	0	
2024-06-14 04:09:53	375	766	1	0	0	3	13	0	0	0	13	0	0	2.25	13	0	0	0	13	0	0	0.649		99.9673	67.879	0.320983	0	3.21088	0.400698	15.1309	1		0.0088623	12.0616	41.8063	0	0	0	
2024-06-14 04:08:44	366	767	1	0	0	2	9	0	0	0	9	0	0	0	9	0	0	0	9	0	0	1.732		99.971	67.2947	0.131539	0	1.31577	0.118022	16.5345	1		0	12.0616	42.3261	0	0	0	
2024-06-14 04:21:33	465	768	9	0	0	6.5	27	0	0	0	27	0	0	7.25	27	0	0	0	27	0	0	0.649		99.9589	64.7586	0.363462	0	3.63611	0.103174	17.1348	2		0	12.0616	40.5069	0	0	0	
2024-06-14 04:17:51	437	769	5	0	0	7.75	32	0	0	0	32	0	0	7.25	32	0	0	0	32	0	0	0.433		99.9564	65.1649	0.47629	0	4.76497	0.135945	14.9696	2		0	12.0616	40.6368	0	0	0	
2024-06-14 04:23:09	477	770	1	0	0	7.5	31	0	0	0	31	0	0	0.25	31	0	0	0	31	0	0	6.278		99.9619	65.1393	0.0387539	0	0.387687	0.163682	17.6604	1		0	12.0616	40.5069	0	0	0	
2024-06-14 04:20:12	455	771	1	0	0	0.75	4	0	0	0	4	0	0	1	4	0	0	0	4	0	0	0.216		99.9596	65.177	0.802905	0	8.03229	0.415344	12.6171	1		0	12.0616	40.3769	0	0	0	
2024-06-14 04:22:23	471	772	1	0	0	5.5	23	0	0	0	23	0	0	2.25	23	0	0	0	23	0	0	2.814		99.9629	64.3065	0.10525	0	1.05289	0.229029	21.5005	2		0	12.0616	40.6368	0	0	0	
2024-06-14 04:10:37	381	773	5	0	0	4	17	0	0	0	17	0	0	6.75	17	0	0	0	17	0	0	2.381		99.9689	66.2434	0.0846884	0	0.847148	0.030304	14.6377	1		0	12.0616	41.2865	0	0	0	
2024-06-14 04:09:53	375	774	9	0	0	3	13	0	0	0	13	0	0	5.25	13	0	0	0	13	0	0	1.948		99.9673	67.879	0.0997635	0	0.997961	0.0430372	14.1083	1		0.0088623	12.0616	41.8063	0	0	0	
2024-06-14 04:09:46	374	775	9	0	0	3	13	0	0	0	13	0	0	4	13	0	0	0	13	0	0	0.866		99.9675	67.5944	0.244299	0	2.44378	0.378468	15.3548	1		0	12.0616	41.9363	0	0	0	
2024-06-14 04:07:57	360	776	9	0	0	2	9	0	0	0	9	0	0	7.25	9	0	0	0	9	0	0	4.546		99.9726	67.8336	0.0579202	0	0.579361	0.353843	19.1112	1		0	12.0616	42.7159	0	0	0	
2024-06-14 04:15:58	422	777	5	0	0	7	29	0	0	0	29	0	0	7.5	29	0	0	0	29	0	0	0.433		99.9629	65.7182	0.479346	0	4.79524	0.0754455	15.0647	2		0.0088623	12.0616	40.5069	0	0	0	
2024-06-14 04:15:43	420	778	1	0	0	7	29	0	0	0	29	0	0	6.25	29	0	0	0	29	0	0	0.649		99.9625	66.0292	0.349154	0	3.49285	0.648415	16.4597	1		0	12.0616	40.6368	0	0	0	
2024-06-14 04:06:03	346	779	5	0	0	1	5	0	0	0	5	0	0	5.75	5	0	0	0	5	0	0	4.113		99.9799	68.2498	0.0529814	0	0.529921	0.0128636	15.8156	1		0.0088623	12.0616	43.8855	0	0	0	
2024-06-14 04:05:55	345	780	5	0	0	1	5	0	0	0	5	0	0	4.5	5	0	0	0	5	0	0	3.031		99.9789	68.306	0.070476	0	0.704908	0.00841834	15.5017	1		0	12.0616	43.7555	0	0	0	
2024-06-14 04:14:14	408	781	1	0	0	6	25	0	0	0	25	0	0	3.5	25	0	0	0	25	0	0	2.165		99.9658	65.7343	0.0892036	0	0.892341	0.352558	14.0169	1		0	12.0616	40.6368	0	0	0	
2024-06-14 04:11:39	389	782	1	0	0	4	17	0	0	0	17	0	0	0	17	0	0	0	17	0	0	3.464		99.9683	66.3239	0.0613248	0	0.613442	0.201335	15.4175	1		0	12.0616	41.1566	0	0	0	
2024-06-14 04:18:24	441	783	1	0	0	7.75	32	0	0	0	32	0	0	2.5	32	0	0	0	32	0	0	4.546		99.9594	65.6536	0.0454319	0	0.454503	0.195002	14.9926	1		0	12.0616	40.3769	0	0	0	
2024-06-14 04:08:59	368	784	5	0	0	2	9	0	0	0	9	0	0	2.5	9	0	0	0	9	0	0	0.433		99.9748	67.1423	0.467005	0	4.67123	0.265849	14.6751	1		0	12.0616	42.0662	0	0	0	
2024-06-14 04:15:50	421	785	1	0	0	7	29	0	0	0	29	0	0	1	29	0	0	0	29	0	0	5.195		99.9643	65.9923	0.0465776	0	0.465942	0.392866	17.5656	1		0	12.0616	40.6368	0	0	0	
2024-06-14 04:04:43	335	786	5	0	0	0	1	0	0	0	1	0	0	5.25	1	0	0	0	1	0	0	4.546		99.9684	70.4868	0.05112	0	0.511361	0.176169	16.8681	1		0	12.0705	45.1849	0	0	0	
2024-06-14 04:04:50	336	787	9	0	0	0	1	0	0	0	1	0	0	4	1	0	0	0	1	0	0	3.464		99.9759	69.8144	0.060683	0	0.606976	0.192749	15.255	1		0.0088623	11.9552	44.925	0	0	0	
2024-06-14 04:17:29	434	788	1	0	0	7.75	32	0	0	0	32	0	0	1.75	32	0	0	0	32	0	0	5.195		99.965	66.2567	0.0408925	0	0.409068	0.189253	15.4215	1		0	12.0616	40.5069	0	0	0	
2024-06-14 04:12:45	397	789	9	0	0	5	21	0	0	0	21	0	0	6	21	0	0	0	21	0	0	0.866		99.9624	66.1953	0.255298	0	2.55395	0.394223	16.0469	1		0	12.0616	41.1566	0	0	0	
2024-06-14 04:12:09	393	790	5	0	0	5	21	0	0	0	21	0	0	4.75	21	0	0	0	21	0	0	0.216		99.9634	66.1606	0.815117	0	8.15415	0.307486	12.8085	2		0.0088623	12.0616	41.1566	0	0	0	
2024-06-14 04:09:13	370	791	1	0	0	3	13	0	0	0	13	0	0	1.5	13	0	0	0	13	0	0	1.299		99.9694	67.7999	0.143089	0	1.43133	0.284493	13.49	1		0.0088623	12.0616	41.8063	0	0	0	
2024-06-14 04:17:45	436	792	9	0	0	7.75	32	0	0	0	32	0	0	6.5	32	0	0	0	32	0	0	1.082		99.9594	65.741	0.193843	0	1.93922	0.379881	15.2306	1		0	12.0616	40.6368	0	0	0	
2024-06-14 04:19:19	448	793	9	0	0	2.25	10	0	0	0	10	0	0	5.5	10	0	0	0	10	0	0	2.814		99.9563	66.0614	0.0825384	0	0.825745	0.517217	16.862	1		0	12.0616	40.5069	0	0	0	
2024-06-14 04:25:04	492	794	1	0	0	3	13	0	0	4.75	13	0	0	1.25	13	0	0	6.5	13	0	0	0.908		99.9694	20.7211	0.0782514	0	0.782753	1.86952	8.60682	4		0	12.0616	40.117	0	0	0	
2024-06-14 04:11:02	384	795	5	0	0	4	17	0	0	0	17	0	0	6	17	0	0	0	17	0	0	1.732		99.9694	66.3186	0.115644	0	1.1568	0.237821	14.5368	1		0	12.0616	41.4165	0	0	0	
2024-06-14 04:11:17	386	796	9	0	0	4	17	0	0	0	17	0	0	4.75	17	0	0	0	17	0	0	0.649		99.967	66.2894	0.355961	0	3.56078	0.337032	16.7798	1		0	12.0616	41.2865	0	0	0	
2024-06-14 04:05:11	339	797	1	0	0	0	1	0	0	0	1	0	0	2.25	1	0	0	0	1	0	0	1.948		99.9791	69.537	0.106804	0	1.06826	0.00164042	15.1022	1		0.0088623	12.0705	44.5352	0	0	0	
2024-06-14 04:24:53	491	798	1	0	0	3.25	14	0	0	4.5	14	0	0	2	14	0	0	5.75	14	0	0	0.649		99.9663	20.2173	0.179476	0	1.79536	0.00891153	14.1007	2		0	12.0616	40.5069	0	0	0	
2024-06-14 04:10:15	378	799	5	0	0	3	13	0	0	0	13	0	0	3.25	13	0	0	0	13	0	0	0.216		99.9665	67.5506	0.803713	0	8.03982	0.377855	12.6289	1		0	12.0616	41.6764	0	0	0	
2024-06-14 04:08:30	364	800	5	0	0	2	9	0	0	0	9	0	0	7.75	9	0	0	0	9	0	0	4.979		99.9729	67.0592	0.0438761	0	0.43888	0.309342	15.856	1		0.0088623	11.9552	42.4561	0	0	0	
2024-06-14 04:08:30	364	801	9	0	0	2	9	0	0	0	9	0	0	6.5	9	0	0	0	9	0	0	3.897		99.9729	67.0592	0.0558309	0	0.55846	0.353088	15.7901	1		0.0088623	11.9552	42.4561	0	0	0	
2024-06-14 04:15:28	418	802	9	0	0	7	29	0	0	0	29	0	0	5.5	29	0	0	0	29	0	0	1.299		99.9646	66.198	0.158992	0	1.59049	0.583076	14.99	1		0.0088623	11.9552	40.7668	0	0	0	
2024-06-14 04:15:21	417	803	5	0	0	7	29	0	0	0	29	0	0	4.25	29	0	0	0	29	0	0	2.381		99.9643	66.3597	0.0830515	0	0.830811	0.18841	14.3554	1		0	12.0616	40.6368	0	0	0	
2024-06-14 04:06:10	347	804	5	0	0	1	5	0	0	0	5	0	0	5	5	0	0	0	5	0	0	3.464		99.9789	67.9791	0.0633603	0	0.633737	0.312779	15.9275	1		0.0088623	12.0616	43.7555	0	0	0	
2024-06-14 04:06:58	353	805	1	0	0	1	5	0	0	0	5	0	0	3.75	5	0	0	0	5	0	0	2.381		99.9767	67.3269	0.0804858	0	0.805045	0.0104176	13.9102	1		0	12.0616	43.2357	0	0	0	
2024-06-14 04:14:04	407	806	1	0	0	6	25	0	0	0	25	0	0	2.75	25	0	0	0	25	0	0	2.814		99.9638	65.5191	0.0716166	0	0.716425	0.0801548	14.6296	2		0	12.0616	40.7668	0	0	0	
2024-06-14 04:12:45	397	807	1	0	0	5	21	0	0	0	21	0	0	2.25	21	0	0	0	21	0	0	2.381		99.9624	66.1953	0.080717	0	0.807474	0.140457	13.9521	1		0	12.0616	41.1566	0	0	0	
2024-06-14 04:16:07	423	808	1	0	0	7	29	0	0	0	29	0	0	0.25	29	0	0	0	29	0	0	5.845		99.9631	65.8158	0.0404789	0	0.404938	0.558311	17.174	1		0	12.0616	40.5069	0	0	0	
2024-06-14 04:04:33	334	809	1	0	0	0	1	0	0	0	1	0	0	3.25	1	0	0	0	1	0	0	2.814		99.978	70.8974	0.0692525	0	0.692677	0.0348313	14.1447	2		0.0088623	12.0616	45.3149	0	0	0	
2024-06-14 04:09:21	371	810	9	0	0	3	13	0	0	0	13	0	0	7.25	13	0	0	0	13	0	0	3.68		99.9717	67.5717	0.0734174	0	0.734381	0.329947	19.6106	2		0	12.0616	41.9363	0	0	0	
2024-06-14 04:13:46	405	811	5	0	0	6	25	0	0	0	25	0	0	6.75	25	0	0	0	25	0	0	0.649		99.9639	65.6819	0.363975	0	3.64106	0.257294	17.1581	2		0	12.0616	40.8967	0	0	0	
2024-06-14 04:18:39	443	812	9	0	0	3.75	16	0	0	0	16	0	0	4	16	0	0	0	16	0	0	0.216		99.9564	65.4264	0.882483	0	8.82868	0.656528	13.8681	1		0	12.0616	40.6368	0	0	0	
2024-06-14 04:18:24	441	813	5	0	0	7.75	32	0	0	0	32	0	0	1	32	0	0	0	32	0	0	5.845		99.9594	65.6536	0.0379353	0	0.379507	0.0161271	16.0955	1		0	12.0616	40.3769	0	0	0	
2024-06-14 04:12:37	396	814	9	0	0	5	21	0	0	0	21	0	0	5.25	21	0	0	0	21	0	0	0.216		99.9637	66.4476	0.833985	0	8.34288	0.427719	13.105	1		0	12.0616	41.1566	0	0	0	
2024-06-14 04:12:19	394	815	9	0	0	5	21	0	0	0	21	0	0	4	21	0	0	0	21	0	0	0.866		99.9648	65.8845	0.251455	0	2.51544	0.0467467	15.805	2		0	12.0616	41.0267	0	0	0	
2024-06-14 04:10:22	379	816	5	0	0	3	13	0	0	0	13	0	0	0.75	13	0	0	0	13	0	0	1.948		99.9659	67.5146	0.0945018	0	0.94534	0.196024	13.3644	1		0.0088623	12.0616	41.6764	0	0	0	
2024-06-14 04:06:51	352	817	1	0	0	1	5	0	0	0	5	0	0	1.75	5	0	0	0	5	0	0	0.649		99.9753	67.48	0.316945	0	3.17023	0.268684	14.9394	1		0	12.0616	43.2357	0	0	0	
2024-06-14 04:11:17	386	818	1	0	0	4	17	0	0	0	17	0	0	2	17	0	0	0	17	0	0	1.732		99.967	66.2894	0.109293	0	1.09329	0.185147	13.7386	1		0	12.0616	41.2865	0	0	0	
2024-06-14 04:17:22	433	819	5	0	0	7.75	32	0	0	0	32	0	0	5.75	32	0	0	0	32	0	0	1.732		99.9667	65.9617	0.112887	0	1.12925	0.349759	14.1906	1		0	12.0616	40.6368	0	0	0	
2024-06-14 04:17:07	431	820	5	0	0	7.75	32	0	0	0	32	0	0	4.5	32	0	0	0	32	0	0	2.814		99.9612	65.9182	0.0678716	0	0.678979	0.403513	13.865	1		0	12.0616	40.3769	0	0	0	
2024-06-14 04:20:55	460	821	1	0	0	2.25	10	0	0	0	10	0	0	3.5	10	0	0	0	10	0	0	1.082		99.9638	66.0291	0.181365	0	1.81431	0.358317	14.2495	1		0	12.0616	40.5069	0	0	0	
2024-06-14 04:20:05	454	822	9	0	0	0.25	2	0	0	0	2	0	0	7.5	2	0	0	0	2	0	0	6.278		99.963	65.132	0.0380725	0	0.380866	0.343871	17.3496	1		0	12.0616	40.3769	0	0	0	
2024-06-14 04:15:13	416	823	1	0	0	6	25	0	0	0	25	0	0	1.75	25	0	0	0	25	0	0	3.68		99.9594	66.0342	0.0637196	0	0.637455	0.351661	17.0223	1		0.0088623	12.0616	40.6368	0	0	0	
2024-06-14 04:11:02	384	824	9	0	0	4	17	0	0	0	17	0	0	5.25	17	0	0	0	17	0	0	1.082		99.9694	66.3186	0.196717	0	1.96777	0.316545	15.4548	1		0	12.0616	41.4165	0	0	0	
2024-06-14 04:05:27	341	825	5	0	0	0	1	0	0	0	1	0	0	1.5	1	0	0	0	1	0	0	1.299		99.9779	68.8268	0.144149	0	1.4418	0.122808	13.5887	1		0.0088623	11.9552	44.2753	0	0	0	
2024-06-14 04:10:30	380	826	1	0	0	3	13	0	0	0	13	0	0	2.5	13	0	0	0	13	0	0	0.433		99.9701	67.619	0.468389	0	4.68529	0.402722	14.7193	1		0	12.0616	41.6764	0	0	0	
2024-06-14 04:08:15	362	827	5	0	0	2	9	0	0	0	9	0	0	5.75	9	0	0	0	9	0	0	3.247		99.9726	67.3077	0.0656682	0	0.656862	0.102466	15.4769	1		0	12.0616	42.4561	0	0	0	
2024-06-14 04:07:49	359	828	5	0	0	2	9	0	0	0	9	0	0	4.5	9	0	0	0	9	0	0	2.165		99.976	67.8242	0.0901992	0	0.902209	0.0348922	14.1719	1		0	12.0616	42.7159	0	0	0	
2024-06-14 04:15:58	422	829	1	0	0	7	29	0	0	0	29	0	0	3.5	29	0	0	0	29	0	0	3.031		99.9629	65.7182	0.0652314	0	0.652556	0.0954531	14.3505	2		0.0088623	12.0616	40.5069	0	0	0	
2024-06-14 04:07:13	355	830	5	0	0	1	5	0	0	0	5	0	0	3	5	0	0	0	5	0	0	1.732		99.9752	67.3068	0.106854	0	1.06881	0.208742	13.431	1		0.0088623	11.9552	43.1058	0	0	0	
2024-06-14 04:04:17	333	831	9	0	0	0	1	0	0	0	1	0	0	7.25	1	0	0	0	1	0	0	6.278		99.9791	73.2658	0.0410038	0	0.410123	0.0731544	18.6824	2		0.0088623	12.0793	45.3149	0	0	0	
2024-06-14 04:13:38	404	832	5	0	0	5	21	0	0	0	21	0	0	1.5	21	0	0	0	21	0	0	3.031		99.9646	66.1366	0.0661341	0	0.661575	0.031035	14.5488	1		0	12.0616	40.8967	0	0	0	
2024-06-14 04:08:30	364	833	1	0	0	2	9	0	0	0	9	0	0	1.25	9	0	0	0	9	0	0	0.649		99.9729	67.0592	0.307862	0	3.07945	0.369139	14.5116	1		0.0088623	11.9552	42.4561	0	0	0	
2024-06-14 04:23:24	479	834	1	0	0	1.5	7	0	0	0	7	0	0	0.25	7	0	0	0	7	0	0	1.082		99.9612	64.1539	0.178327	0	1.78396	0.407665	14.0112	1		0	12.0616	40.6368	0	0	0	
2024-06-14 04:04:50	336	835	1	0	0	0	1	0	0	0	1	0	0	2.5	1	0	0	0	1	0	0	2.165		99.9759	69.8144	0.0886248	0	0.886461	0.0572331	13.9245	1		0.0088623	11.9552	44.925	0	0	0	
2024-06-14 04:22:41	473	836	1	0	0	6.25	26	0	0	0	26	0	0	1.5	26	0	0	0	26	0	0	4.113		99.9618	65.076	0.0570512	0	0.57073	0.679674	17.0335	1		0	12.0616	40.6368	0	0	0	
2024-06-14 04:24:21	487	837	9	0	0	7.25	30	0	0	0	30	0	0	6.5	30	0	0	0	30	0	0	0.649		99.9622	65.2314	0.339602	0	3.3973	0.699388	16.0094	1		0	12.0616	40.3769	0	0	0	
2024-06-14 04:09:53	375	838	5	0	0	3	13	0	0	0	13	0	0	7.75	13	0	0	0	13	0	0	4.113		99.9673	67.879	0.0501542	0	0.501706	0.138291	14.9735	1		0.0088623	12.0616	41.8063	0	0	0	
2024-06-14 04:09:06	369	839	5	0	0	3	13	0	0	0	13	0	0	6.5	13	0	0	0	13	0	0	3.031		99.9734	67.8119	0.0692591	0	0.692775	0.0705517	15.2349	1		0	12.0616	42.1962	0	0	0	
2024-06-14 04:06:51	352	840	9	0	0	1	5	0	0	0	5	0	0	7	5	0	0	0	5	0	0	5.195		99.9753	67.48	0.0456501	0	0.456614	0.265821	17.2139	1		0	12.0616	43.2357	0	0	0	
2024-06-14 04:14:04	407	841	9	0	0	6	25	0	0	0	25	0	0	4.75	25	0	0	0	25	0	0	1.082		99.9638	65.5191	0.19835	0	1.98421	0.0109995	15.584	2		0	12.0616	40.7668	0	0	0	
2024-06-14 04:18:02	438	842	5	0	0	7.75	32	0	0	0	32	0	0	0.25	32	0	0	0	32	0	0	6.494		99.9608	65.5244	0.0338017	0	0.33815	0.133468	15.9349	1		0	12.0616	40.3769	0	0	0	
2024-06-14 04:12:19	394	843	1	0	0	5	21	0	0	0	21	0	0	3.25	21	0	0	0	21	0	0	1.515		99.9648	65.8845	0.126192	0	1.26236	0.0614046	13.8804	2		0	12.0616	41.0267	0	0	0	
2024-06-14 04:10:22	379	844	1	0	0	3	13	0	0	0	13	0	0	0	13	0	0	0	13	0	0	2.598		99.9659	67.5146	0.0774433	0	0.774698	0.0160617	14.6027	1		0.0088623	12.0616	41.6764	0	0	0	
2024-06-14 04:18:47	444	845	9	0	0	3.5	15	0	0	0	15	0	0	4.25	15	0	0	0	15	0	0	0.649		99.959	65.04	0.342381	0	3.42522	0.42544	16.141	1		0	12.0616	40.6368	0	0	0	
2024-06-14 04:11:32	388	846	1	0	0	4	17	0	0	0	17	0	0	1.25	17	0	0	0	17	0	0	2.381		99.9693	66.3371	0.0802612	0	0.802859	0.607231	13.8724	1		0	12.0616	41.2865	0	0	0	
2024-06-14 04:17:37	435	847	9	0	0	7.75	32	0	0	0	32	0	0	5	32	0	0	0	32	0	0	2.381		99.9655	65.9039	0.0795518	0	0.795793	0.244219	13.7503	1		0	12.0616	40.6368	0	0	0	
2024-06-14 04:17:37	435	848	1	0	0	7.75	32	0	0	0	32	0	0	3.75	32	0	0	0	32	0	0	3.464		99.9655	65.9039	0.0556012	0	0.556204	0.235583	13.9789	1		0	12.0616	40.6368	0	0	0	
2024-06-14 04:25:59	497	849	1	0	0	1.25	6	0	0	6.5	6	0	0	3	6	0	0	4.75	6	0	0	0.908		99.9682	20.1025	0.0973364	0	0.973673	0.20929	10.7061	2		0	12.0616	40.3769	0	0	0	
2024-06-14 04:14:36	411	850	1	0	0	6	25	0	0	0	25	0	0	1	25	0	0	0	25	0	0	4.33		99.9667	66.499	0.057626	0	0.576452	0.154282	18.1098	1		0.0088623	12.0616	40.6368	0	0	0	
2024-06-14 04:10:44	382	851	1	0	0	4	17	0	0	0	17	0	0	3.25	17	0	0	0	17	0	0	0.649		99.9649	65.956	0.342268	0	3.42389	0.0871205	16.1347	2		0	12.0616	41.2865	0	0	0	
2024-06-14 04:04:17	333	852	1	0	0	0	1	0	0	0	1	0	0	0.75	1	0	0	0	1	0	0	0.649		99.9791	73.2658	0.323927	0	3.23994	0.0924831	15.2679	2		0.0088623	12.0793	45.3149	0	0	0	
2024-06-14 04:25:28	494	853	1	0	0	3.5	15	0	0	4.25	15	0	0	3.75	15	0	0	4	15	0	0	0.13		99.9675	19.3012	0.576048	0	5.76235	0.198171	9.05148	2		0	11.973	40.5069	0	0	0	
2024-06-14 04:07:28	357	854	5	0	0	2	9	0	0	0	9	0	0	5	9	0	0	0	9	0	0	2.598		99.9727	66.7458	0.0776351	0	0.776563	0.259291	14.6379	4		0.0088623	12.0616	42.9758	0	0	0	
2024-06-14 04:08:37	365	855	5	0	0	2	9	0	0	0	9	0	0	3.75	9	0	0	0	9	0	0	1.515		99.9722	67.0012	0.131681	0	1.31718	0.506152	14.4831	1		0	12.0616	42.0662	0	0	0	
2024-06-14 04:16:30	426	856	1	0	0	7	29	0	0	0	29	0	0	2.75	29	0	0	0	29	0	0	3.68		99.9596	66.1071	0.0559093	0	0.559319	0.127269	14.9358	1		0	12.0616	40.6368	0	0	0	
2024-06-14 04:16:52	429	857	1	0	0	7	29	0	0	0	29	0	0	2.25	29	0	0	0	29	0	0	4.113		99.9609	65.6932	0.0514916	0	0.515118	0.078154	15.3738	1		0	12.0616	40.5069	0	0	0	
2024-06-14 04:04:33	334	858	9	0	0	0	1	0	0	0	1	0	0	7.75	1	0	0	0	1	0	0	6.711		99.978	70.8974	0.0353625	0	0.353703	0.0903046	17.2234	2		0.0088623	12.0616	45.3149	0	0	0	
2024-06-14 04:04:43	335	859	9	0	0	0	1	0	0	0	1	0	0	6.5	1	0	0	0	1	0	0	5.628		99.9684	70.4868	0.0421297	0	0.42143	0.517855	17.2115	1		0	12.0705	45.1849	0	0	0	
2024-06-14 04:13:31	403	860	1	0	0	5	21	0	0	0	21	0	0	0.75	21	0	0	0	21	0	0	3.68		99.9652	66.1257	0.0589995	0	0.5902	0.166924	15.7604	1		0	12.0616	40.8967	0	0	0	
2024-06-14 04:12:59	399	861	9	0	0	5	21	0	0	0	21	0	0	7.25	21	0	0	0	21	0	0	1.948		99.9603	65.9321	0.126883	0	1.26933	0.34867	17.9448	2		0.0088623	12.0616	41.1566	0	0	0	
2024-06-14 04:24:14	486	862	9	0	0	5.75	24	0	0	0	24	0	0	4	24	0	0	0	24	0	0	1.515		99.9674	65.133	0.131333	0	1.31375	0.414032	14.4455	1		0	11.9552	40.6368	0	0	0	
2024-06-14 04:21:10	462	863	9	0	0	4.5	19	0	0	0	19	0	0	5.25	19	0	0	0	19	0	0	0.649		99.9613	65.2276	0.34162	0	3.41752	0.557954	16.1047	1		0.0088623	12.0616	40.5069	0	0	0	
2024-06-14 04:25:39	495	864	1	0	0	2.75	12	0	0	5	12	0	0	3.5	12	0	0	4.25	12	0	0	0.389		99.9686	20.7511	0.331532	0	3.31637	0.718207	15.628	2		0	12.0616	40.6368	0	0	0	
2024-06-14 04:08:37	365	865	1	0	0	2	9	0	0	0	9	0	0	0.5	9	0	0	0	9	0	0	1.299		99.9722	67.0012	0.144092	0	1.44132	0.245195	13.5841	1		0	12.0616	42.0662	0	0	0	
2024-06-14 04:19:56	453	866	9	0	0	0.5	3	0	0	0	3	0	0	7.25	3	0	0	0	3	0	0	5.845		99.9604	64.9903	0.0993842	0	0.994236	0.0480931	42.167	2		0	12.0616	40.5069	0	0	0	
2024-06-14 04:10:44	382	867	9	0	0	4	17	0	0	0	17	0	0	7.25	17	0	0	0	17	0	0	2.814		99.9649	65.956	0.0824569	0	0.824858	0.0599297	16.8439	2		0	12.0616	41.2865	0	0	0	
2024-06-14 04:09:39	373	868	5	0	0	3	13	0	0	0	13	0	0	5.75	13	0	0	0	13	0	0	2.381		99.9722	67.6242	0.0813828	0	0.814054	0.0614924	14.0658	1		0.0088623	12.0616	41.8063	0	0	0	
2024-06-14 04:09:31	372	869	5	0	0	3	13	0	0	0	13	0	0	4.5	13	0	0	0	13	0	0	1.299		99.9724	67.6367	0.151835	0	1.51877	0.141391	14.3141	1		0.0088623	12.0616	42.0662	0	0	0	
2024-06-14 04:16:07	423	870	5	0	0	7	29	0	0	0	29	0	0	6.75	29	0	0	0	29	0	0	0.216		99.9631	65.8158	0.830508	0	8.30814	0.578398	13.0504	1		0	12.0616	40.5069	0	0	0	
2024-06-14 04:06:32	350	871	5	0	0	1	5	0	0	0	5	0	0	7.5	5	0	0	0	5	0	0	5.628		99.9778	67.345	0.0421499	0	0.421593	0.247151	17.2181	2		0	12.0616	43.4956	0	0	0	
2024-06-14 04:06:43	351	872	5	0	0	1	5	0	0	0	5	0	0	6.25	5	0	0	0	5	0	0	4.546		99.9782	67.3542	0.0533163	0	0.533279	0.265846	17.5911	1		0.0088623	12.0616	43.3657	0	0	0	
2024-06-14 04:13:57	406	873	5	0	0	6	25	0	0	0	25	0	0	5.25	25	0	0	0	25	0	0	0.649		99.9647	66.3975	0.346949	0	3.47072	0.716433	16.3554	1		0	12.0705	40.8967	0	0	0	
2024-06-14 04:14:29	410	874	9	0	0	6	25	0	0	0	25	0	0	4	25	0	0	0	25	0	0	1.732		99.9673	66.0079	0.114392	0	1.1443	0.114871	14.3797	1		0	12.0616	40.7668	0	0	0	
2024-06-14 04:12:37	396	875	1	0	0	5	21	0	0	0	21	0	0	2.5	21	0	0	0	21	0	0	2.165		99.9637	66.4476	0.0939384	0	0.939725	0.198788	14.7612	1		0	12.0616	41.1566	0	0	0	
2024-06-14 04:06:43	351	876	1	0	0	1	5	0	0	0	5	0	0	0.25	5	0	0	0	5	0	0	0.649		99.9782	67.3542	0.324972	0	3.25042	0.267939	15.3173	1		0.0088623	12.0616	43.3657	0	0	0	
2024-06-14 04:10:55	383	877	1	0	0	4	17	0	0	0	17	0	0	0.5	17	0	0	0	17	0	0	3.031		99.9679	66.2126	0.0667407	0	0.667621	0.120965	14.6818	1		0	12.0616	41.5464	0	0	0	
2024-06-14 04:18:31	442	878	1	0	0	7.75	32	0	0	0	32	0	0	3	32	0	0	0	32	0	0	4.113		99.9583	65.6783	0.0478914	0	0.479113	0.246716	14.2992	1		0	12.0616	40.6368	0	0	0	
2024-06-14 04:15:06	415	879	5	0	0	6	25	0	0	0	25	0	0	0.25	25	0	0	0	25	0	0	4.979		99.9612	66.1171	0.0467211	0	0.467392	0.04596	16.8861	1		0	12.0616	40.7668	0	0	0	
2024-06-14 04:22:13	470	880	1	0	0	5.25	22	0	0	0	22	0	0	2.5	22	0	0	0	22	0	0	2.381		99.9598	65.004	0.132883	0	1.32937	0.250416	22.9698	2		0	12.0616	40.117	0	0	0	
2024-06-14 04:11:25	387	881	1	0	0	4	17	0	0	0	17	0	0	2.5	17	0	0	0	17	0	0	1.299		99.9677	66.2781	0.150335	0	1.50384	0.472551	14.1734	1		0	12.0616	41.4165	0	0	0	
2024-06-14 04:08:59	368	882	1	0	0	2	9	0	0	0	9	0	0	3	9	0	0	0	9	0	0	0.866		99.9748	67.1423	0.233366	0	2.33425	0.29386	14.6665	1		0	12.0616	42.0662	0	0	0	
2024-06-14 04:16:45	428	883	5	0	0	7	29	0	0	0	29	0	0	1.5	29	0	0	0	29	0	0	4.762		99.9607	65.7533	0.0476614	0	0.476802	0.057101	16.4771	1		0	11.9552	40.6368	0	0	0	
2024-06-14 04:05:11	339	884	5	0	0	0	1	0	0	0	1	0	0	5.75	1	0	0	0	1	0	0	4.979		99.9791	69.537	0.0463627	0	0.463724	0.147964	16.7536	1		0.0088623	12.0705	44.5352	0	0	0	
2024-06-14 04:05:04	338	885	9	0	0	0	1	0	0	0	1	0	0	4.5	1	0	0	0	1	0	0	3.897		99.9772	69.2986	0.0542625	0	0.542748	0.253787	15.3458	1		0	12.0705	44.6651	0	0	0	
2024-06-14 04:12:09	393	886	1	0	0	5	21	0	0	0	21	0	0	0	21	0	0	0	21	0	0	4.33		99.9634	66.1606	0.0512907	0	0.513095	0.427504	16.1193	2		0.0088623	12.0616	41.1566	0	0	0	
2024-06-14 04:18:16	440	887	5	0	0	7.75	32	0	0	0	32	0	0	2.25	32	0	0	0	32	0	0	4.762		99.9594	65.6762	0.0426201	0	0.426374	0.335666	14.7344	1		0.0088623	12.0616	40.3769	0	0	0	
2024-06-14 04:13:10	400	888	5	0	0	5	21	0	0	0	21	0	0	7.75	21	0	0	0	21	0	0	2.381		99.9627	66.5222	0.0826031	0	0.82634	0.108338	14.2781	1		0.0088623	12.0616	41.0267	0	0	0	
2024-06-14 04:12:59	399	889	5	0	0	5	21	0	0	0	21	0	0	6.5	21	0	0	0	21	0	0	1.299		99.9603	65.9321	0.162647	0	1.62712	0.0909197	15.3352	2		0.0088623	12.0616	41.1566	0	0	0	
2024-06-14 04:10:08	377	890	5	0	0	3	13	0	0	0	13	0	0	2	13	0	0	0	13	0	0	0.866		99.9659	67.6019	0.23225	0	2.32329	0.386384	14.5977	1		0	12.0616	41.8063	0	0	0	
2024-06-14 04:21:57	468	891	1	0	0	4.5	19	0	0	0	19	0	0	3.25	19	0	0	0	19	0	0	1.082		99.9609	65.311	0.190711	0	1.90786	0.564923	14.9843	1		0	12.0616	40.5069	0	0	0	
2024-06-14 04:17:37	435	892	5	0	0	7.75	32	0	0	0	32	0	0	7	32	0	0	0	32	0	0	0.649		99.9655	65.9039	0.342773	0	3.42891	0.454996	16.1583	1		0	12.0616	40.6368	0	0	0	
2024-06-14 04:24:07	485	893	9	0	0	5.5	23	0	0	0	23	0	0	4.25	23	0	0	0	23	0	0	1.082		99.9653	64.5797	0.195317	0	1.95384	0.426811	15.3455	1		0	12.0616	40.5069	0	0	0	
2024-06-14 04:22:55	475	894	1	0	0	6.75	28	0	0	0	28	0	0	1	28	0	0	0	28	0	0	4.979		99.9645	64.8511	0.0520482	0	0.520667	0.371402	18.8108	1		0	12.0616	40.5069	0	0	0	
2024-06-14 04:21:18	463	895	9	0	0	4.25	18	0	0	0	18	0	0	5.5	18	0	0	0	18	0	0	1.082		99.9601	65.2949	0.195808	0	1.95886	0.335427	15.3849	1		0	12.0616	40.5069	0	0	0	
2024-06-14 04:11:17	386	896	5	0	0	4	17	0	0	0	17	0	0	7.75	17	0	0	0	17	0	0	3.247		99.967	66.2894	0.0616485	0	0.616688	0.0296853	14.5304	1		0	12.0616	41.2865	0	0	0	
2024-06-14 04:11:10	385	897	9	0	0	4	17	0	0	0	17	0	0	6.5	17	0	0	0	17	0	0	2.165		99.9671	66.3941	0.092494	0	0.925244	0.356627	14.5337	1		0	12.0616	41.4165	0	0	0	
2024-06-14 04:09:46	374	898	5	0	0	3	13	0	0	0	13	0	0	5	13	0	0	0	13	0	0	1.732		99.9675	67.5944	0.111112	0	1.11148	0.217735	13.9672	1		0	12.0616	41.9363	0	0	0	
2024-06-14 04:10:00	376	899	1	0	0	3	13	0	0	0	13	0	0	3.75	13	0	0	0	13	0	0	0.649		99.9671	67.6865	0.331209	0	3.31318	0.399845	15.613	1		0	12.0616	41.8063	0	0	0	
2024-06-14 04:07:42	358	900	9	0	0	2	9	0	0	0	9	0	0	7	9	0	0	0	9	0	0	4.33		99.9757	68.905	0.0507762	0	0.507886	0.350438	15.9557	1		0	12.0616	42.7159	0	0	0	
2024-06-14 04:16:07	423	901	9	0	0	7	29	0	0	0	29	0	0	6	29	0	0	0	29	0	0	0.866		99.9631	65.8158	0.257737	0	2.57832	0.461113	16.2001	1		0	12.0616	40.5069	0	0	0	
2024-06-14 04:15:35	419	902	5	0	0	7	29	0	0	0	29	0	0	4.75	29	0	0	0	29	0	0	1.948		99.9589	65.9937	0.10209	0	1.02132	0.301178	14.4386	1		0	12.0616	40.6368	0	0	0	
2024-06-14 04:06:43	351	903	9	0	0	1	5	0	0	0	5	0	0	5.5	5	0	0	0	5	0	0	3.897		99.9782	67.3542	0.0614393	0	0.614527	0.0967593	17.3754	1		0.0088623	12.0616	43.3657	0	0	0	
2024-06-14 04:05:55	345	904	9	0	0	1	5	0	0	0	5	0	0	4.25	5	0	0	0	5	0	0	2.814		99.9789	68.306	0.0727851	0	0.728005	0.251715	14.8661	1		0	12.0616	43.7555	0	0	0	
2024-06-14 04:14:59	414	905	5	0	0	6	25	0	0	0	25	0	0	3.25	25	0	0	0	25	0	0	2.381		99.9651	65.8998	0.0825923	0	0.826211	0.184254	14.2759	1		0.0088623	11.9552	40.7668	0	0	0	
2024-06-14 04:20:30	457	906	1	0	0	0.25	2	0	0	0	2	0	0	1.5	2	0	0	0	2	0	0	1.082		99.9607	64.5493	0.176134	0	1.76203	0.0384538	13.8389	2		0	12.0616	40.3769	0	0	0	
2024-06-14 04:16:38	427	907	1	0	0	7	29	0	0	0	29	0	0	0.75	29	0	0	0	29	0	0	5.412		99.9603	65.841	0.0439006	0	0.439181	0.133328	17.2466	1		0	12.0616	40.5069	0	0	0	
2024-06-14 04:04:17	333	908	5	0	0	0	1	0	0	0	1	0	0	5	1	0	0	0	1	0	0	4.33		99.9791	73.2658	0.0510213	0	0.510319	0.0659934	16.0321	2		0.0088623	12.0793	45.3149	0	0	0	
2024-06-14 04:04:43	335	909	1	0	0	0	1	0	0	0	1	0	0	3.75	1	0	0	0	1	0	0	3.247		99.9684	70.4868	0.0624818	0	0.625015	0.541674	14.7266	1		0	12.0705	45.1849	0	0	0	
2024-06-14 04:24:28	488	910	9	0	0	7.5	31	0	0	0	31	0	0	6.25	31	0	0	0	31	0	0	1.082		99.9644	64.5463	0.192006	0	1.92074	0.096044	15.0855	2		0	12.0616	40.3769	0	0	0	
2024-06-14 04:21:42	466	911	9	0	0	6.25	26	0	0	0	26	0	0	7.5	26	0	0	0	26	0	0	1.082		99.9612	65.3213	0.191625	0	1.91699	0.229791	15.056	1		0	12.0616	40.5069	0	0	0	
2024-06-14 04:14:04	407	912	5	0	0	6	25	0	0	0	25	0	0	7.25	25	0	0	0	25	0	0	1.082		99.9638	65.5191	0.254374	0	2.54466	0.428943	19.9857	2		0	12.0616	40.7668	0	0	0	
2024-06-14 04:18:09	439	913	1	0	0	7.75	32	0	0	0	32	0	0	1.5	32	0	0	0	32	0	0	5.412		99.9613	65.716	0.0391819	0	0.391971	0.327334	15.3926	1		0	12.0616	40.5069	0	0	0	
2024-06-14 04:12:29	395	914	5	0	0	5	21	0	0	0	21	0	0	5.75	21	0	0	0	21	0	0	0.649		99.965	66.1639	0.347559	0	3.4768	0.494389	16.3841	1		0	12.0616	41.1566	0	0	0	
2024-06-14 04:12:09	393	915	9	0	0	5	21	0	0	0	21	0	0	4.5	21	0	0	0	21	0	0	0.433		99.9634	66.1606	0.495157	0	4.95338	0.353174	15.5615	2		0.0088623	12.0616	41.1566	0	0	0	
2024-06-14 04:10:08	377	916	1	0	0	3	13	0	0	0	13	0	0	1.25	13	0	0	0	13	0	0	1.515		99.9659	67.6019	0.121425	0	1.21466	0.298927	13.3559	1		0	12.0616	41.8063	0	0	0	
2024-06-14 04:05:55	345	917	1	0	0	1	5	0	0	0	5	0	0	2.25	5	0	0	0	5	0	0	1.082		99.9789	68.306	0.174494	0	1.74531	0.62654	13.7076	1		0	12.0616	43.7555	0	0	0	
2024-06-14 04:20:20	456	918	1	0	0	0.5	3	0	0	0	3	0	0	1.25	3	0	0	0	3	0	0	0.649		99.962	64.7924	0.327614	0	3.27739	0.0845427	15.4443	2		0	12.0616	40.3769	0	0	0	
2024-06-14 04:19:08	447	919	9	0	0	2.5	11	0	0	0	11	0	0	5.25	11	0	0	0	11	0	0	2.381		99.9597	65.7514	0.0932173	0	0.932549	0.610476	16.1133	2		0	12.0616	40.3769	0	0	0	
2024-06-14 04:17:45	436	920	5	0	0	7.75	32	0	0	0	32	0	0	7.5	32	0	0	0	32	0	0	0.216		99.9594	65.741	0.875334	0	8.7569	0.483317	13.7553	1		0	12.0616	40.6368	0	0	0	
2024-06-14 04:17:29	434	921	5	0	0	7.75	32	0	0	0	32	0	0	6.25	32	0	0	0	32	0	0	1.299		99.965	66.2567	0.157394	0	1.57449	0.343732	14.8392	1		0	12.0616	40.5069	0	0	0	
2024-06-14 04:21:50	467	922	1	0	0	4.25	18	0	0	0	18	0	0	3.5	18	0	0	0	18	0	0	0.649		99.9607	65.8458	0.343717	0	3.43852	0.383764	16.2036	1		0	12.0616	40.5069	0	0	0	
2024-06-14 04:15:13	416	923	5	0	0	6	25	0	0	0	25	0	0	2.25	25	0	0	0	25	0	0	3.247		99.9594	66.0342	0.0643668	0	0.64393	0.329826	15.1722	1		0.0088623	12.0616	40.6368	0	0	0	
2024-06-14 04:24:00	484	924	9	0	0	5.25	22	0	0	0	22	0	0	4.5	22	0	0	0	22	0	0	0.649		99.9632	64.9065	0.341439	0	3.41565	0.272392	16.0959	1		0	12.0616	40.6368	0	0	0	
2024-06-14 04:11:32	388	925	5	0	0	4	17	0	0	0	17	0	0	5.75	17	0	0	0	17	0	0	1.515		99.9693	66.3371	0.132201	0	1.32241	0.344939	14.5407	1		0	12.0616	41.2865	0	0	0	
2024-06-14 04:11:25	387	926	5	0	0	4	17	0	0	0	17	0	0	4.5	17	0	0	0	17	0	0	0.433		99.9677	66.2781	0.535707	0	5.3588	0.177051	16.8352	1		0	12.0616	41.4165	0	0	0	
2024-06-14 04:05:33	342	927	1	0	0	0	1	0	0	0	1	0	0	2	1	0	0	0	1	0	0	1.732		99.9747	68.7541	0.1348	0	1.34834	0.27987	16.9437	1		0.0088623	12.0616	44.2753	0	0	0	
2024-06-14 04:07:57	360	928	5	0	0	2	9	0	0	0	9	0	0	7.5	9	0	0	0	9	0	0	4.762		99.9726	67.8336	0.0481851	0	0.481983	0.709699	16.6561	1		0	12.0616	42.7159	0	0	0	
2024-06-14 04:08:23	363	929	5	0	0	2	9	0	0	0	9	0	0	6.25	9	0	0	0	9	0	0	3.68		99.9746	67.2154	0.0588972	0	0.589121	0.0573888	15.7316	1		0	12.0616	42.4561	0	0	0	
2024-06-14 04:15:50	421	930	5	0	0	7	29	0	0	0	29	0	0	5.25	29	0	0	0	29	0	0	1.515		99.9643	65.9923	0.132837	0	1.32885	0.255754	14.6114	1		0	12.0616	40.6368	0	0	0	
2024-06-14 04:15:21	417	931	9	0	0	7	29	0	0	0	29	0	0	4	29	0	0	0	29	0	0	2.598		99.9643	66.3597	0.0757902	0	0.758173	0.0259635	14.2912	1		0	12.0616	40.6368	0	0	0	
2024-06-14 04:06:03	346	932	1	0	0	1	5	0	0	0	5	0	0	3.5	5	0	0	0	5	0	0	2.165		99.9799	68.2498	0.0854334	0	0.854507	0.291218	13.4226	1		0.0088623	12.0616	43.8855	0	0	0	
2024-06-14 04:14:44	412	933	1	0	0	6	25	0	0	0	25	0	0	2.5	25	0	0	0	25	0	0	3.031		99.9654	66.0028	0.0746997	0	0.747256	0.582958	16.433	1		0	12.0616	40.6368	0	0	0	
2024-06-14 04:23:52	483	934	1	0	0	3.75	16	0	0	0	16	0	0	2	16	0	0	0	16	0	0	1.515		99.963	64.8101	0.130032	0	1.3008	0.259636	14.3031	1		0	12.0616	40.3769	0	0	0	
2024-06-14 04:13:38	404	935	1	0	0	5	21	0	0	0	21	0	0	2	21	0	0	0	21	0	0	2.598		99.9646	66.1366	0.0773829	0	0.774103	0.0547929	14.5915	1		0	12.0616	40.8967	0	0	0	
2024-06-14 04:08:51	367	936	5	0	0	2	9	0	0	0	9	0	0	1.75	9	0	0	0	9	0	0	0.216		99.9718	67.2066	0.779483	0	7.79702	0.250741	12.2475	1		0	12.0616	42.1962	0	0	0	
2024-06-14 04:16:23	425	937	1	0	0	7	29	0	0	0	29	0	0	0	29	0	0	0	29	0	0	6.061		99.9602	65.7932	0.0401174	0	0.401334	0.295382	17.6516	1		0	12.0616	40.5069	0	0	0	
2024-06-14 04:04:57	337	938	1	0	0	0	1	0	0	0	1	0	0	3	1	0	0	0	1	0	0	2.598		99.978	69.4093	0.075815	0	0.758317	0.0720388	14.2939	1		0	12.0616	44.7951	0	0	0	
2024-06-14 04:09:21	371	939	5	0	0	3	13	0	0	0	13	0	0	7	13	0	0	0	13	0	0	3.464		99.9717	67.5717	0.0597788	0	0.597957	0.153143	15.0283	2		0	12.0616	41.9363	0	0	0	
2024-06-14 04:14:22	409	940	9	0	0	6	25	0	0	0	25	0	0	7.75	25	0	0	0	25	0	0	1.515		99.9639	65.9126	0.136708	0	1.36757	0.184996	15.0372	1		0	12.0616	40.7668	0	0	0	
2024-06-14 04:13:46	405	941	9	0	0	6	25	0	0	0	25	0	0	6.5	25	0	0	0	25	0	0	0.433		99.9639	65.6819	0.539407	0	5.39602	0.305692	16.9521	2		0	12.0616	40.8967	0	0	0	
2024-06-14 04:18:31	442	942	5	0	0	7.75	32	0	0	0	32	0	0	0.75	32	0	0	0	32	0	0	6.061		99.9583	65.6783	0.0363814	0	0.363965	0.238775	16.008	1		0	12.0616	40.6368	0	0	0	
2024-06-14 04:12:59	399	943	1	0	0	5	21	0	0	0	21	0	0	3.75	21	0	0	0	21	0	0	1.082		99.9603	65.9321	0.190903	0	1.90979	0.082021	14.9994	2		0.0088623	12.0616	41.1566	0	0	0	
2024-06-14 04:09:06	369	944	1	0	0	3	13	0	0	0	13	0	0	0.5	13	0	0	0	13	0	0	2.165		99.9734	67.8119	0.0874388	0	0.87462	0.549029	13.7385	1		0	12.0616	42.1962	0	0	0	
2024-06-14 04:07:20	356	945	1	0	0	1	5	0	0	0	5	0	0	1.5	5	0	0	0	5	0	0	0.433		99.9759	67.223	0.476947	0	4.77062	0.213122	14.9873	1		0	12.0616	43.1058	0	0	0	
2024-06-14 04:25:49	496	946	1	0	0	2	9	0	0	5.75	9	0	0	3.25	9	0	0	4.5	9	0	0	0.649		99.9682	20.216	0.174313	0	1.74369	0.211765	13.6949	2		0	12.0616	40.3769	0	0	0	
2024-06-14 04:11:39	389	947	5	0	0	4	17	0	0	0	17	0	0	1.75	17	0	0	0	17	0	0	1.948		99.9683	66.3239	0.0964652	0	0.964958	0.125326	13.6418	1		0	12.0616	41.1566	0	0	0	
2024-06-14 04:20:48	459	948	1	0	0	2.5	11	0	0	0	11	0	0	3.25	11	0	0	0	11	0	0	0.649		99.9629	65.6503	0.320333	0	3.20452	0.573977	15.1009	1		0	12.0616	40.3769	0	0	0	
2024-06-14 04:16:59	430	949	5	0	0	7.75	32	0	0	0	32	0	0	5.5	32	0	0	0	32	0	0	1.948		99.9624	65.9469	0.0991374	0	0.991746	0.824138	14.0205	1		0	12.0616	40.6368	0	0	0	
2024-06-14 04:17:15	432	950	9	0	0	7.75	32	0	0	0	32	0	0	4.25	32	0	0	0	32	0	0	3.031		99.9609	65.9848	0.0633995	0	0.634243	0.31608	13.9477	1		0	12.0616	40.5069	0	0	0	
2024-06-14 04:13:57	406	951	1	0	0	6	25	0	0	0	25	0	0	1.5	25	0	0	0	25	0	0	3.897		99.9647	66.3975	0.0564181	0	0.56438	0.20502	15.9575	1		0	12.0705	40.8967	0	0	0	
2024-06-14 04:10:44	382	952	5	0	0	4	17	0	0	0	17	0	0	5	17	0	0	0	17	0	0	0.866		99.9649	65.956	0.254098	0	2.54188	0.0260545	15.9711	2		0	12.0616	41.2865	0	0	0	
2024-06-14 04:10:37	381	953	1	0	0	4	17	0	0	0	17	0	0	3.75	17	0	0	0	17	0	0	0.216		99.9689	66.2434	0.877046	0	8.7732	0.935153	13.7809	1		0	12.0616	41.2865	0	0	0	
2024-06-14 04:05:41	343	954	1	0	0	0	1	0	0	0	1	0	0	1.25	1	0	0	0	1	0	0	1.082		99.977	68.8315	0.176743	0	1.76783	0.230939	13.8845	1		0	12.0616	44.1454	0	0	0	
2024-06-14 04:08:04	361	955	5	0	0	2	9	0	0	0	9	0	0	5.5	9	0	0	0	9	0	0	3.031		99.9748	67.0881	0.113173	0	1.13201	0.273367	24.8943	2		0	12.0616	42.586	0	0	0	
2024-06-14 04:08:04	361	956	9	0	0	2	9	0	0	0	9	0	0	4.25	9	0	0	0	9	0	0	1.948		99.9748	67.0881	0.100778	0	1.00803	0.112422	14.2507	2		0	12.0616	42.586	0	0	0	
2024-06-14 04:16:15	424	957	1	0	0	7	29	0	0	0	29	0	0	3.25	29	0	0	0	29	0	0	3.247		99.9619	66.1112	0.0614382	0	0.614617	0.227489	14.4816	1		0	12.0616	40.6368	0	0	0	
2024-06-14 04:06:32	350	958	1	0	0	1	5	0	0	0	5	0	0	2.75	5	0	0	0	5	0	0	1.515		99.9778	67.345	0.121157	0	1.21183	0.0994799	13.3248	2		0	12.0616	43.4956	0	0	0	
2024-06-14 04:04:50	336	959	5	0	0	0	1	0	0	0	1	0	0	7	1	0	0	0	1	0	0	6.061		99.9759	69.8144	0.0399428	0	0.399524	0.528761	17.572	1		0.0088623	11.9552	44.925	0	0	0	
2024-06-14 04:13:31	403	960	5	0	0	5	21	0	0	0	21	0	0	1.25	21	0	0	0	21	0	0	3.247		99.9652	66.1257	0.0676699	0	0.676934	0.325312	15.9499	1		0	12.0616	40.8967	0	0	0	
2024-06-14 04:07:28	357	961	1	0	0	2	9	0	0	0	9	0	0	1	9	0	0	0	9	0	0	0.866		99.9727	66.7458	0.219771	0	2.19831	2.443	13.8124	4		0.0088623	12.0616	42.9758	0	0	0	
2024-06-14 04:09:13	370	962	5	0	0	3	13	0	0	0	13	0	0	7.5	13	0	0	0	13	0	0	3.897		99.9694	67.7999	0.0538891	0	0.539056	0.527479	15.2415	1		0.0088623	12.0616	41.8063	0	0	0	
2024-06-14 04:10:00	376	963	5	0	0	3	13	0	0	0	13	0	0	6.25	13	0	0	0	13	0	0	2.814		99.9671	67.6865	0.0732215	0	0.732455	0.0183724	14.957	1		0	12.0616	41.8063	0	0	0	
2024-06-14 04:15:58	422	964	9	0	0	7	29	0	0	0	29	0	0	7.25	29	0	0	0	29	0	0	0.216		99.9629	65.7182	0.738781	0	7.39055	0.402626	11.609	2		0.0088623	12.0616	40.5069	0	0	0	
2024-06-14 04:06:18	348	965	5	0	0	1	5	0	0	0	5	0	0	6.75	5	0	0	0	5	0	0	4.979		99.9782	68.0615	0.0505971	0	0.506082	0.415996	18.2839	1		0.0088623	12.0616	43.7555	0	0	0	
2024-06-14 04:14:36	411	966	9	0	0	6	25	0	0	0	25	0	0	5.75	25	0	0	0	25	0	0	0.216		99.9667	66.499	0.862206	0	8.62492	0.523069	13.548	1		0.0088623	12.0616	40.6368	0	0	0	
2024-06-14 04:14:14	408	967	5	0	0	6	25	0	0	0	25	0	0	4.5	25	0	0	0	25	0	0	1.299		99.9658	65.7343	0.159868	0	1.59923	0.246042	15.0724	1		0	12.0616	40.6368	0	0	0	
2024-06-14 04:18:16	440	968	1	0	0	7.75	32	0	0	0	32	0	0	0	32	0	0	0	32	0	0	6.711		99.9594	65.6762	0.0341087	0	0.341226	0.27601	16.6159	1		0.0088623	12.0616	40.3769	0	0	0	
2024-06-14 04:12:29	395	969	1	0	0	5	21	0	0	0	21	0	0	3	21	0	0	0	21	0	0	1.732		99.965	66.1639	0.10964	0	1.09679	0.489808	13.7826	1		0	12.0616	41.1566	0	0	0	
2024-06-14 04:07:20	356	970	5	0	0	1	5	0	0	0	5	0	0	0.75	5	0	0	0	5	0	0	0.216		99.9759	67.223	0.807467	0	8.07662	0.273475	12.6867	1		0	12.0616	43.1058	0	0	0	
2024-06-14 04:22:34	472	971	1	0	0	5.75	24	0	0	0	24	0	0	2	24	0	0	0	24	0	0	3.247		99.9601	65.148	0.0668387	0	0.668654	0.411516	15.7548	1		0	12.0616	40.5069	0	0	0	
2024-06-14 04:11:47	390	972	1	0	0	4	17	0	0	0	17	0	0	1	17	0	0	0	17	0	0	2.598		99.9662	66.0922	0.0738596	0	0.738846	0.174278	13.9269	1		0.0088623	12.0616	41.2865	0	0	0	
2024-06-14 04:18:09	439	973	5	0	0	7.75	32	0	0	0	32	0	0	3.5	32	0	0	0	32	0	0	3.68		99.9613	65.716	0.0524177	0	0.52438	0.179408	14.0028	1		0	12.0616	40.5069	0	0	0	
2024-06-14 04:13:46	405	974	1	0	0	6	25	0	0	0	25	0	0	0.75	25	0	0	0	25	0	0	4.546		99.9639	65.6819	0.0526614	0	0.526804	0.175766	17.3775	2		0	12.0616	40.8967	0	0	0	
2024-06-14 04:11:55	391	975	1	0	0	4	17	0	0	0	17	0	0	3	17	0	0	0	17	0	0	0.866		99.9659	66.4077	0.24221	0	2.42293	0.245093	15.2237	1		0	12.0616	41.2865	0	0	0	
2024-06-14 04:05:41	343	976	5	0	0	0	1	0	0	0	1	0	0	0.5	1	0	0	0	1	0	0	0.433		99.977	68.8315	0.471769	0	4.71877	0.204046	14.8245	1		0	12.0616	44.1454	0	0	0	
2024-06-14 04:24:46	490	977	1	0	0	3.5	15	0	0	4.25	15	0	0	2.75	15	0	0	5	15	0	0	0.389		99.9721	19.2313	0.338899	0	3.38993	0.051213	15.9747	1		0	12.0616	40.6368	0	0	0	
2024-06-14 04:07:42	358	978	1	0	0	2	9	0	0	0	9	0	0	3.5	9	0	0	0	9	0	0	1.299		99.9757	68.905	0.150755	0	1.50792	0.130417	14.2118	1		0	12.0616	42.7159	0	0	0	
2024-06-14 04:15:21	417	979	1	0	0	7	29	0	0	0	29	0	0	2.5	29	0	0	0	29	0	0	3.897		99.9643	66.3597	0.0558158	0	0.558357	0.124619	15.7872	1		0	12.0616	40.6368	0	0	0	
2024-06-14 04:16:45	428	980	1	0	0	7	29	0	0	0	29	0	0	2	29	0	0	0	29	0	0	4.33		99.9607	65.7533	0.0505415	0	0.505614	0.0195421	15.8843	1		0	11.9552	40.6368	0	0	0	
2024-06-14 04:04:57	337	981	5	0	0	0	1	0	0	0	1	0	0	7.5	1	0	0	0	1	0	0	6.494		99.978	69.4093	0.0374608	0	0.37469	0.889055	17.6569	1		0	12.0616	44.7951	0	0	0	
2024-06-14 04:05:20	340	982	5	0	0	0	1	0	0	0	1	0	0	6.25	1	0	0	0	1	0	0	5.412		99.9777	69.33	0.0435632	0	0.435729	0.0474063	17.111	1		0.0088623	12.0616	44.2753	0	0	0	
2024-06-14 04:13:24	402	983	1	0	0	5	21	0	0	0	21	0	0	0.5	21	0	0	0	21	0	0	3.897		99.9639	66.1178	0.0600584	0	0.6008	0.64685	16.9872	1		0	12.0705	40.8967	0	0	0	
2024-06-14 04:23:17	478	984	1	0	0	1.25	6	0	0	0	6	0	0	0.5	6	0	0	0	6	0	0	0.649		99.9617	64.8507	0.325126	0	3.25251	0.401316	15.3271	1		0	12.0616	40.5069	0	0	0	
2024-06-14 04:12:51	398	985	9	0	0	5	21	0	0	0	21	0	0	7	21	0	0	0	21	0	0	1.732		99.9613	66.2417	0.116304	0	1.16349	0.111518	14.6208	1		0.0088623	12.0616	41.1566	0	0	0	
2024-06-14 04:08:04	361	986	1	0	0	2	9	0	0	0	9	0	0	0.25	9	0	0	0	9	0	0	1.515		99.9748	67.0881	0.125887	0	1.25919	0.0583666	13.8455	2		0	12.0616	42.586	0	0	0	
2024-06-14 04:10:37	381	987	9	0	0	4	17	0	0	0	17	0	0	7	17	0	0	0	17	0	0	2.598		99.9689	66.2434	0.0775023	0	0.775264	0.290728	14.6134	1		0	12.0616	41.2865	0	0	0	
2024-06-14 04:10:00	376	988	9	0	0	3	13	0	0	0	13	0	0	5.5	13	0	0	0	13	0	0	2.165		99.9671	67.6865	0.0933961	0	0.934268	0.168957	14.6754	1		0	12.0616	41.8063	0	0	0	
2024-06-14 04:09:31	372	989	9	0	0	3	13	0	0	0	13	0	0	4.25	13	0	0	0	13	0	0	1.082		99.9724	67.6367	0.187334	0	1.87386	0.249924	14.7172	1		0.0088623	12.0616	42.0662	0	0	0	
2024-06-14 04:16:15	424	990	5	0	0	7	29	0	0	0	29	0	0	7.75	29	0	0	0	29	0	0	0.649		99.9619	66.1112	0.346694	0	3.46826	0.500675	16.3438	1		0	12.0616	40.6368	0	0	0	
2024-06-14 04:15:43	420	991	5	0	0	7	29	0	0	0	29	0	0	6.5	29	0	0	0	29	0	0	0.433		99.9625	66.0292	0.509803	0	5.09994	0.649539	16.0219	1		0	12.0616	40.6368	0	0	0	
2024-06-14 04:06:03	346	992	9	0	0	1	5	0	0	0	5	0	0	6	5	0	0	0	5	0	0	4.33		99.9799	68.2498	0.057716	0	0.577276	0.0927657	18.1357	1		0.0088623	12.0616	43.8855	0	0	0	
2024-06-14 04:06:25	349	993	5	0	0	1	5	0	0	0	5	0	0	4.75	5	0	0	0	5	0	0	3.247		99.9788	67.8596	0.0691159	0	0.691305	0.556735	16.2885	1		0	12.0616	43.6256	0	0	0	
2024-06-14 04:21:03	461	994	9	0	0	4.75	20	0	0	0	20	0	0	5	20	0	0	0	20	0	0	0.216		99.9652	65.0557	0.821309	0	8.21594	0.669061	12.9056	1		0	12.0616	40.5069	0	0	0	
2024-06-14 04:14:29	410	995	5	0	0	6	25	0	0	0	25	0	0	5	25	0	0	0	25	0	0	0.866		99.9673	66.0079	0.253563	0	2.53646	0.547934	15.9371	1		0	12.0616	40.7668	0	0	0	
2024-06-14 04:14:59	414	996	1	0	0	6	25	0	0	0	25	0	0	3.75	25	0	0	0	25	0	0	1.948		99.9651	65.8998	0.101475	0	1.01511	0.255121	14.3508	1		0.0088623	11.9552	40.7668	0	0	0	
2024-06-14 04:07:06	354	997	5	0	0	1	5	0	0	0	5	0	0	0	5	0	0	0	5	0	0	0.866		99.977	67.5884	0.230653	0	2.30706	0.231704	14.4957	1		0	12.0616	43.2357	0	0	0	
2024-06-14 04:19:48	452	998	9	0	0	0.75	4	0	0	0	4	0	0	7	4	0	0	0	4	0	0	5.412		99.9593	65.7621	0.0436116	0	0.436293	0.0489919	17.1332	1		0	12.0616	40.117	0	0	0	
2024-06-14 04:12:02	392	999	1	0	0	4	17	0	0	0	17	0	0	0.25	17	0	0	0	17	0	0	3.247		99.965	66.2839	0.0606833	0	0.607045	0.0105124	14.3032	1		0	12.0616	41.1566	0	0	0	
2024-06-14 04:17:15	432	1000	1	0	0	7.75	32	0	0	0	32	0	0	2.75	32	0	0	0	32	0	0	4.33		99.9609	65.9848	0.046402	0	0.464201	0.303758	14.5833	1		0	12.0616	40.5069	0	0	0	
2024-06-14 04:14:52	413	1001	1	0	0	6	25	0	0	0	25	0	0	0	25	0	0	0	25	0	0	5.195		99.9664	66.1185	0.0504127	0	0.504296	0.330514	19.0115	1		0	12.0616	40.7668	0	0	0	
2024-06-14 04:07:57	360	1002	1	0	0	2	9	0	0	0	9	0	0	2.75	9	0	0	0	9	0	0	0.649		99.9726	67.8336	0.327016	0	3.27106	0.432687	15.4145	1		0	12.0616	42.7159	0	0	0	
2024-06-14 04:16:38	427	1003	5	0	0	7	29	0	0	0	29	0	0	1.25	29	0	0	0	29	0	0	4.979		99.9603	65.841	0.0482138	0	0.48233	0.151846	17.4258	1		0	12.0616	40.5069	0	0	0	
2024-06-14 04:04:57	337	1004	9	0	0	0	1	0	0	0	1	0	0	5.5	1	0	0	0	1	0	0	4.762		99.978	69.4093	0.0650657	0	0.6508	0.404945	22.49	1		0	12.0616	44.7951	0	0	0	
2024-06-14 04:04:33	334	1005	5	0	0	0	1	0	0	0	1	0	0	4.25	1	0	0	0	1	0	0	3.68		99.978	70.8974	0.0566183	0	0.566307	0.0400107	15.1224	2		0.0088623	12.0616	45.3149	0	0	0	
