Time	MeasID	DPID	Channel	A(x)	A(y)	A(z)	A(adr)	B(x)	B(y)	B(z)	B(adr)	M(x)	M(y)	M(z)	M(adr)	N(x)	N(y)	N(z)	N(adr)	F(x)	F(y)	F(z)	Note	I(mA)	Uout(V)	U(V)	SP(V)	R(Ohm)	Var(%)	Rho-a(Ohm-m)	Cycles	IP Delay Window(mV/V)	Pint(V)	Pext(V)	T int(deg C)	T log(deg C)	Latitude	Longitude
2024-06-17 20:20:15	1757	3351	1	0	0	7.75	32	0	0	0	32	0	0	2	32	0	0	0	32	0	0	4.979		100.049	94.7292	0.0415909	0	0.415705	0.122664	15.0187	1		0.0088623	12.0705	48.0437	0	0	0	
2024-06-17 20:14:27	1719	3352	5	0	0	5	21	0	0	0	21	0	0	7.5	21	0	0	0	21	0	0	2.165		100.047	95.5725	0.0900638	0	0.900214	0.248185	14.1405	1		0	12.0705	48.6935	0	0	0	
2024-06-17 20:15:20	1725	3353	5	0	0	5	21	0	0	0	21	0	0	6.25	21	0	0	0	21	0	0	1.082		100.052	96.2594	0.192472	0	1.92372	0.144287	15.1088	1		0.0088623	12.0616	48.4336	0	0	0	
2024-06-17 20:11:58	1702	3354	1	0	0	3	13	0	0	0	13	0	0	1.75	13	0	0	0	13	0	0	1.082		100.053	97.2626	0.174615	0	1.74524	0.26981	13.7071	1		0.0088623	12.0705	49.2132	0	0	0	
2024-06-17 20:20:51	1761	3355	5	0	0	7.75	32	0	0	0	32	0	0	6.75	32	0	0	0	32	0	0	0.866		100.042	91.718	0.245967	0	2.45864	0.0945063	15.4481	1		0	12.0616	48.1737	0	0	0	
2024-06-17 20:27:15	1805	3356	1	0	0	3.25	14	0	0	0	14	0	0	2.5	14	0	0	0	14	0	0	0.649		100.04	91.3989	0.304558	0	3.04435	0.321221	14.3462	1		0	12.0705	48.1737	0	0	0	
2024-06-17 20:13:00	1709	3357	9	0	0	4	17	0	0	0	17	0	0	7.5	17	0	0	0	17	0	0	3.031		100.049	95.9346	0.065871	0	0.658389	0.321543	14.4787	1		0.0088623	12.0705	48.9533	0	0	0	
2024-06-17 20:13:18	1711	3358	5	0	0	4	17	0	0	0	17	0	0	6.25	17	0	0	0	17	0	0	1.948		100.051	95.4046	0.101726	0	1.01673	0.0194723	14.3737	1		0	12.0705	48.8234	0	0	0	
2024-06-17 20:11:33	1699	3359	1	0	0	3	13	0	0	0	13	0	0	3.5	13	0	0	0	13	0	0	0.433		100.048	98.0659	0.457474	0	4.57255	0.432844	14.3651	1		0.0088623	12.0705	49.3432	0	0	0	
2024-06-17 20:09:45	1687	3360	5	0	0	2	9	0	0	0	9	0	0	6.75	9	0	0	0	9	0	0	4.113		100.048	98.9587	0.0531398	0	0.531141	0.735335	15.852	1		0.0088623	12.0705	49.9929	0	0	0	
2024-06-17 20:18:46	1747	3361	5	0	0	7	29	0	0	0	29	0	0	5.75	29	0	0	0	29	0	0	1.082		100.044	92.0278	0.194125	0	1.9404	0.236855	15.2399	1		0.0088623	12.0705	48.3036	0	0	0	
2024-06-17 20:18:07	1743	3362	9	0	0	7	29	0	0	0	29	0	0	4.5	29	0	0	0	29	0	0	2.165		100.044	91.0252	0.0908715	0	0.908316	0.0551258	14.2678	2		0.0088623	12.0705	48.3036	0	0	0	
2024-06-17 20:07:51	1674	3363	9	0	0	1	5	0	0	0	5	0	0	5.25	5	0	0	0	5	0	0	3.68		100.059	100.203	0.0606877	0	0.606518	0.190937	16.1962	1		0.0088623	12.0705	50.9025	0	0	0	
2024-06-17 20:07:59	1675	3364	5	0	0	1	5	0	0	0	5	0	0	4	5	0	0	0	5	0	0	2.598		100.059	101.198	0.0732511	0	0.732075	0.221146	13.7993	1		0.0088623	12.0616	51.0325	0	0	0	
2024-06-17 20:25:33	1793	3365	1	0	0	4.75	20	0	0	0	20	0	0	3	20	0	0	0	20	0	0	1.515		100.041	91.03	0.125529	0	1.25478	0.0465961	13.797	1		0.0088623	12.0705	48.1737	0	0	0	
2024-06-17 20:17:51	1741	3366	1	0	0	6	25	0	0	0	25	0	0	3	25	0	0	0	25	0	0	2.598		100.046	91.7748	0.0778682	0	0.778328	0.0158244	14.6711	1		0.0088623	12.0705	48.1737	0	0	0	
2024-06-17 20:10:20	1691	3367	1	0	0	2	9	0	0	0	9	0	0	2.25	9	0	0	0	9	0	0	0.216		100.054	98.1968	0.721761	0	7.2137	0.334198	11.3313	1		0	12.0616	49.733	0	0	0	
2024-06-17 20:18:46	1747	3368	1	0	0	7	29	0	0	0	29	0	0	0.5	29	0	0	0	29	0	0	5.628		100.044	92.0278	0.043899	0	0.438797	0.315636	17.9208	1		0.0088623	12.0705	48.3036	0	0	0	
2024-06-17 20:05:20	1659	3369	1	0	0	0	1	0	0	0	1	0	0	3.5	1	0	0	0	1	0	0	3.031		100.058	86.8673	0.0676538	0	0.676149	0.946331	14.8693	1		0.0088623	12.0705	53.1116	0	0	0	
2024-06-17 20:27:06	1804	3370	1	0	0	1.75	8	0	0	0	8	0	0	0	8	0	0	0	8	0	0	1.515		100.043	93.0617	0.122454	0	1.22401	0.220891	13.4587	1		0.0088623	12.0705	48.3036	0	0	0	
2024-06-17 20:16:13	1731	3371	5	0	0	6	25	0	0	0	25	0	0	7	25	0	0	0	25	0	0	0.866		100.046	92.7771	0.25371	0	2.53593	0.484396	15.9337	1		0	12.0705	48.4336	0	0	0	
2024-06-17 20:26:15	1798	3372	1	0	0	6.5	27	0	0	0	27	0	0	1.25	27	0	0	0	27	0	0	4.546		100.046	92.1357	0.0536456	0	0.536212	0.672694	17.6879	1		0	12.0705	48.3036	0	0	0	
2024-06-17 20:21:08	1763	3373	1	0	0	7.75	32	0	0	0	32	0	0	1.25	32	0	0	0	32	0	0	5.628		100.043	94.2629	0.0391689	0	0.391522	0.354885	15.99	1		0.0088623	12.0705	47.9138	0	0	0	
2024-06-17 20:15:03	1723	3374	5	0	0	5	21	0	0	0	21	0	0	5.5	21	0	0	0	21	0	0	0.433		100.048	94.6938	0.47654	0	4.7631	0.400023	14.9637	1		0.0088623	12.0705	48.4336	0	0	0	
2024-06-17 20:15:12	1724	3375	9	0	0	5	21	0	0	0	21	0	0	4.25	21	0	0	0	21	0	0	0.649		100.051	94.4865	0.323183	0	3.23017	0.357774	15.2218	1		0.0088623	12.0705	48.4336	0	0	0	
2024-06-17 20:12:08	1703	3376	5	0	0	3	13	0	0	0	13	0	0	1	13	0	0	0	13	0	0	1.732		100.05	96.7916	0.104962	0	1.0491	0.00454642	13.1834	1		0.0088623	12.0705	48.9533	0	0	0	
2024-06-17 20:08:44	1680	3377	5	0	0	1	5	0	0	0	5	0	0	2	5	0	0	0	5	0	0	0.866		100.05	99.9603	0.216677	0	2.16569	0.0470994	13.6074	1		0.0088623	12.0705	50.5127	0	0	0	
2024-06-17 20:22:34	1773	3378	9	0	0	1.75	8	0	0	0	8	0	0	6	8	0	0	0	8	0	0	3.68		100.04	92.0667	0.0610692	0	0.61045	0.240045	16.3012	1		0	12.0705	48.0437	0	0	0	
2024-06-17 20:13:53	1715	3379	5	0	0	4	17	0	0	0	17	0	0	2.25	17	0	0	0	17	0	0	1.515		100.051	94.6755	0.123051	0	1.22988	0.0992225	13.5233	1		0.0088623	12.0705	48.8234	0	0	0	
2024-06-17 20:20:59	1762	3380	5	0	0	7.75	32	0	0	0	32	0	0	6	32	0	0	0	32	0	0	1.515		100.041	91.7002	0.131976	0	1.31922	0.0340206	14.5056	1		0.0088623	12.0705	48.0437	0	0	0	
2024-06-17 20:20:33	1759	3381	9	0	0	7.75	32	0	0	0	32	0	0	4.75	32	0	0	0	32	0	0	2.598		100.041	92.6795	0.0734943	0	0.734639	0.139453	13.8476	1		0.0088623	12.0705	48.1737	0	0	0	
2024-06-17 20:17:29	1739	3382	5	0	0	6	25	0	0	0	25	0	0	2	25	0	0	0	25	0	0	3.464		100.049	94.4137	0.0641485	0	0.641169	0.176725	16.1143	1		0.0088623	12.0705	48.4336	0	0	0	
2024-06-17 20:13:44	1714	3383	5	0	0	4	17	0	0	0	17	0	0	5.5	17	0	0	0	17	0	0	1.299		100.048	95.039	0.156533	0	1.56459	0.0264884	14.7459	1		0	12.0705	48.6935	0	0	0	
2024-06-17 20:13:36	1713	3384	9	0	0	4	17	0	0	0	17	0	0	4.25	17	0	0	0	17	0	0	0.216		100.048	95.1425	0.817415	0	8.17021	0.11944	12.8337	1		0.0088623	12.0705	48.8234	0	0	0	
2024-06-17 20:06:37	1667	3385	5	0	0	0	1	0	0	0	1	0	0	1.75	1	0	0	0	1	0	0	1.515		100.059	102.433	0.123495	0	1.23422	0.311465	13.5709	1		0.0088623	12.0705	51.6822	0	0	0	
2024-06-17 20:28:24	1813	3386	1	0	0	3.75	16	0	0	4	16	0	0	3.5	16	0	0	4.25	16	0	0	0.13		100.052	18.2386	0.571811	0	5.71511	0.0168323	8.97727	1		0.0088623	12.0616	48.3036	0	0	0	
2024-06-17 20:11:42	1700	3387	1	0	0	3	13	0	0	0	13	0	0	2.75	13	0	0	0	13	0	0	0.216		100.05	97.2261	0.71983	0	7.1947	0.425556	11.3014	1		0.0088623	12.0705	49.3432	0	0	0	
2024-06-17 20:09:27	1685	3388	9	0	0	2	9	0	0	0	9	0	0	6	9	0	0	0	9	0	0	3.464		100.051	99.6423	0.0633621	0	0.633296	0.186638	15.9165	1		0.0088623	12.0705	50.1229	0	0	0	
2024-06-17 20:09:36	1686	3389	5	0	0	2	9	0	0	0	9	0	0	4.75	9	0	0	0	9	0	0	2.381		100.048	99.4805	0.0822387	0	0.821996	0.0318363	14.2031	1		0.0088623	12.0705	49.9929	0	0	0	
2024-06-17 20:18:54	1748	3390	5	0	0	7	29	0	0	0	29	0	0	5	29	0	0	0	29	0	0	1.732		100.046	94.4584	0.113668	0	1.13615	0.10863	14.2773	1		0.0088623	12.0705	48.3036	0	0	0	
2024-06-17 20:19:03	1749	3391	1	0	0	7	29	0	0	0	29	0	0	3.75	29	0	0	0	29	0	0	2.814		100.041	93.6678	0.0708963	0	0.708672	0.0535034	14.4713	1		0	12.0705	48.3036	0	0	0	
2024-06-17 20:09:01	1682	3392	1	0	0	1	5	0	0	0	5	0	0	3.25	5	0	0	0	5	0	0	1.948		100.056	100.089	0.0937504	0	0.936976	0.219111	13.2462	1		0.0088623	12.0705	50.3827	0	0	0	
2024-06-17 20:22:09	1770	3393	9	0	0	2.75	12	0	0	0	12	0	0	5	12	0	0	0	12	0	0	1.948		100.046	93.3701	0.0961995	0	0.961552	0.01701	13.5936	1		0	11.9375	48.0437	0	0	0	
2024-06-17 20:14:27	1719	3394	1	0	0	5	21	0	0	0	21	0	0	1.75	21	0	0	0	21	0	0	2.814		100.047	95.5725	0.0729328	0	0.728985	0.557013	14.8861	1		0	12.0705	48.6935	0	0	0	
2024-06-17 20:09:36	1686	3395	1	0	0	2	9	0	0	0	9	0	0	1.5	9	0	0	0	9	0	0	0.433		100.048	99.4805	0.436584	0	4.36376	0.230161	13.7092	1		0.0088623	12.0705	49.9929	0	0	0	
2024-06-17 20:07:01	1669	3396	1	0	0	0	1	0	0	0	1	0	0	2.75	1	0	0	0	1	0	0	2.381		100.055	99.2316	0.111459	0	1.11398	0.54142	19.2482	2		0.0088623	12.0705	51.4223	0	0	0	
2024-06-17 20:22:02	1769	3397	9	0	0	3.25	14	0	0	0	14	0	0	4.5	14	0	0	0	14	0	0	1.082		100.042	93.4802	0.182397	0	1.8232	0.0991199	14.3194	1		0.0088623	12.0705	48.1737	0	0	0	
2024-06-17 20:11:33	1699	3398	5	0	0	3	13	0	0	0	13	0	0	6.75	13	0	0	0	13	0	0	3.247		100.048	98.0659	0.0639612	0	0.639306	0.121683	15.0633	1		0.0088623	12.0705	49.3432	0	0	0	
2024-06-17 20:07:42	1673	3399	9	0	0	1	5	0	0	0	5	0	0	7.25	5	0	0	0	5	0	0	5.412		100.059	99.7457	0.0560536	0	0.560206	0.623205	21.9992	1		0	12.0705	51.0325	0	0	0	
2024-06-17 20:16:23	1732	3400	5	0	0	6	25	0	0	0	25	0	0	7.5	25	0	0	0	25	0	0	1.299		100.049	91.7457	0.156706	0	1.56629	0.0749493	14.762	2		0.0088623	12.0705	48.4336	0	0	0	
2024-06-17 20:17:22	1738	3401	5	0	0	6	25	0	0	0	25	0	0	6.25	25	0	0	0	25	0	0	0.216		100.05	91.9682	0.800873	0	8.00477	0.297974	12.5739	1		0	12.0705	48.3036	0	0	0	
2024-06-17 20:20:51	1761	3402	1	0	0	7.75	32	0	0	0	32	0	0	0.5	32	0	0	0	32	0	0	6.278		100.042	91.718	0.0364589	0	0.364435	0.433758	16.6012	1		0	12.0616	48.1737	0	0	0	
2024-06-17 20:15:48	1728	3403	1	0	0	5	21	0	0	0	21	0	0	3.5	21	0	0	0	21	0	0	1.299		100.048	94.4408	0.148534	0	1.48463	0.180451	13.9923	1		0	12.0705	48.4336	0	0	0	
2024-06-17 20:11:13	1697	3404	1	0	0	3	13	0	0	0	13	0	0	0.25	13	0	0	0	13	0	0	2.381		100.048	97.7457	0.0773898	0	0.773526	0.304731	13.3656	1		0.0088623	12.0705	49.4731	0	0	0	
2024-06-17 20:07:51	1674	3405	1	0	0	1	5	0	0	0	5	0	0	1.25	5	0	0	0	5	0	0	0.216		100.059	100.203	0.722376	0	7.21949	0.190901	11.3403	1		0.0088623	12.0705	50.9025	0	0	0	
2024-06-17 20:13:18	1711	3406	1	0	0	4	17	0	0	0	17	0	0	1.5	17	0	0	0	17	0	0	2.165		100.051	95.4046	0.0856144	0	0.855704	0.00744274	13.4414	1		0	12.0705	48.8234	0	0	0	
2024-06-17 20:22:42	1774	3407	9	0	0	1.5	7	0	0	0	7	0	0	6.25	7	0	0	0	7	0	0	4.113		100.04	89.3002	0.0569793	0	0.569567	1.1044	16.9988	4		0.0088623	12.0705	48.1737	0	0	0	
2024-06-17 20:20:06	1756	3408	5	0	0	7.75	32	0	0	0	32	0	0	5.25	32	0	0	0	32	0	0	2.165		100.042	92.1476	0.0879271	0	0.878903	0.0525443	13.8058	1		0.0088623	12.0705	48.1737	0	0	0	
2024-06-17 20:20:24	1758	3409	5	0	0	7.75	32	0	0	0	32	0	0	4	32	0	0	0	32	0	0	3.247		100.04	93.4552	0.0592208	0	0.591969	0.0876561	13.9479	1		0.0088623	12.0705	48.1737	0	0	0	
2024-06-17 20:17:38	1740	3410	1	0	0	6	25	0	0	0	25	0	0	1.25	25	0	0	0	25	0	0	4.113		100.045	91.9207	0.0593208	0	0.592943	0.111705	17.6965	2		0.0088623	12.0705	48.1737	0	0	0	
2024-06-17 20:13:27	1712	3411	1	0	0	4	17	0	0	0	17	0	0	3.5	17	0	0	0	17	0	0	0.433		100.053	95.2597	0.487765	0	4.87504	0.242204	15.3154	1		0.0088623	12.0705	48.8234	0	0	0	
2024-06-17 20:07:12	1670	3412	1	0	0	0	1	0	0	0	1	0	0	1	1	0	0	0	1	0	0	0.866		100.06	101.258	0.234972	0	2.3483	0.974147	14.7548	1		0.0088623	12.0705	51.4223	0	0	0	
2024-06-17 20:09:18	1684	3413	9	0	0	2	9	0	0	0	9	0	0	5.25	9	0	0	0	9	0	0	2.814		100.049	99.2	0.0759906	0	0.759532	0.261931	15.5099	1		0.0088623	12.0705	50.2528	0	0	0	
2024-06-17 20:10:11	1690	3414	9	0	0	2	9	0	0	0	9	0	0	4	9	0	0	0	9	0	0	1.732		100.05	98.845	0.107999	0	1.07944	0.0969674	13.5647	1		0.0088623	12.0616	49.4731	0	0	0	
2024-06-17 20:27:24	1806	3415	1	0	0	3.5	15	0	0	0	15	0	0	2.25	15	0	0	0	15	0	0	1.082		100.045	90.1743	0.17632	0	1.76242	0.170682	13.842	1		0	12.0705	48.1737	0	0	0	
2024-06-17 20:19:20	1751	3416	5	0	0	7	29	0	0	0	29	0	0	3	29	0	0	0	29	0	0	3.464		100.04	93.4856	0.0588774	0	0.588536	0.245726	14.7915	1		0.0088623	12.0705	48.3036	0	0	0	
2024-06-17 20:08:44	1680	3417	1	0	0	1	5	0	0	0	5	0	0	2.5	5	0	0	0	5	0	0	1.299		100.05	99.9603	0.142359	0	1.42288	0.196537	13.4103	1		0.0088623	12.0705	50.5127	0	0	0	
2024-06-17 20:06:11	1664	3418	9	0	0	0	1	0	0	0	1	0	0	6.75	1	0	0	0	1	0	0	5.845		100.058	98.0246	0.0409547	0	0.40931	0.166004	17.3594	1		0.0088623	12.0705	51.9421	0	0	0	
2024-06-17 20:24:00	1782	3419	1	0	0	2.75	12	0	0	0	12	0	0	3	12	0	0	0	12	0	0	0.216		100.041	92.0081	0.723634	0	7.23334	0.403418	11.3621	1		0.0088623	12.0705	48.1737	0	0	0	
2024-06-17 20:15:03	1723	3420	1	0	0	5	21	0	0	0	21	0	0	1	21	0	0	0	21	0	0	3.464		100.048	94.6938	0.0614327	0	0.614031	0.151345	15.4323	1		0.0088623	12.0705	48.4336	0	0	0	
2024-06-17 20:29:44	1822	3421	1	0	0	0.5	3	0	0	7.25	3	0	0	2.75	3	0	0	5	3	0	0	1.168		100.054	20.1139	0.0816496	0	0.816058	0.210395	11.5367	2		0.0088623	12.0705	48.3036	0	0	0	
2024-06-17 20:24:49	1788	3422	9	0	0	6.75	28	0	0	0	28	0	0	7	28	0	0	0	28	0	0	0.216		100.046	93.4095	0.769313	0	7.68962	0.496213	12.0788	1		0.0088623	12.0705	48.3036	0	0	0	
2024-06-17 20:10:11	1690	3423	1	0	0	2	9	0	0	0	9	0	0	0.75	9	0	0	0	9	0	0	1.082		100.05	98.845	0.168963	0	1.68878	0.135995	13.2636	1		0.0088623	12.0616	49.4731	0	0	0	
2024-06-17 20:11:42	1700	3424	5	0	0	3	13	0	0	0	13	0	0	6	13	0	0	0	13	0	0	2.598		100.05	97.2261	0.0774729	0	0.774341	0.173067	14.596	1		0.0088623	12.0705	49.3432	0	0	0	
2024-06-17 20:11:42	1700	3425	9	0	0	3	13	0	0	0	13	0	0	4.75	13	0	0	0	13	0	0	1.515		100.05	97.2261	0.126466	0	1.26403	0.161688	13.8987	1		0.0088623	12.0705	49.3432	0	0	0	
2024-06-17 20:07:34	1672	3426	5	0	0	1	5	0	0	0	5	0	0	7.75	5	0	0	0	5	0	0	5.845		100.058	99.505	0.039064	0	0.390412	0.194643	16.558	1		0.0088623	12.0705	51.0325	0	0	0	
2024-06-17 20:07:22	1671	3427	9	0	0	1	5	0	0	0	5	0	0	6.5	5	0	0	0	5	0	0	4.762		100.058	98.3689	0.0513887	0	0.513589	0.275641	17.7484	2		0.0088623	12.0705	51.1624	0	0	0	
2024-06-17 20:17:04	1736	3428	5	0	0	6	25	0	0	0	25	0	0	5.5	25	0	0	0	25	0	0	0.433		100.047	91.6767	0.490906	0	4.90675	0.327114	15.415	1		0.0088623	12.0705	48.4336	0	0	0	
2024-06-17 20:17:13	1737	3429	5	0	0	6	25	0	0	0	25	0	0	4.25	25	0	0	0	25	0	0	1.515		100.049	92.119	0.134178	0	1.34112	0.227816	14.7464	1		0	12.0616	48.1737	0	0	0	
2024-06-17 20:15:38	1727	3430	5	0	0	5	21	0	0	0	21	0	0	2.75	21	0	0	0	21	0	0	1.948		100.049	94.4387	0.0962483	0	0.962012	0.0706226	13.6001	1		0	12.0705	48.4336	0	0	0	
2024-06-17 20:08:34	1679	3431	1	0	0	1	5	0	0	0	5	0	0	0.5	5	0	0	0	5	0	0	0.433		100.054	100.985	0.454647	0	4.54403	0.250036	14.2755	1		0.0088623	12.0705	50.5127	0	0	0	
2024-06-17 20:12:42	1707	3432	1	0	0	4	17	0	0	0	17	0	0	0.75	17	0	0	0	17	0	0	2.814		100.051	96.543	0.0688153	0	0.687805	0.115658	14.0452	1		0	12.0705	48.9533	0	0	0	
2024-06-17 20:21:17	1764	3433	1	0	0	7.75	32	0	0	0	32	0	0	3.25	32	0	0	0	32	0	0	3.897		100.039	92.4393	0.0500152	0	0.499956	0.0325304	14.1359	1		0.0088623	12.0705	48.1737	0	0	0	
2024-06-17 20:28:58	1817	3434	1	0	0	2.75	12	0	0	5	12	0	0	0.5	12	0	0	7.25	12	0	0	1.168		100.052	19.8046	0.079727	0	0.796853	0.232777	11.2653	1		0	12.0705	48.3036	0	0	0	
2024-06-17 20:22:58	1775	3435	9	0	0	1.25	6	0	0	0	6	0	0	6.5	6	0	0	0	6	0	0	4.546		100.039	92.961	0.0517671	0	0.517471	0.602005	17.0697	1		0.0088623	12.0705	48.1737	0	0	0	
2024-06-17 20:16:13	1731	3436	1	0	0	6	25	0	0	0	25	0	0	0.5	25	0	0	0	25	0	0	4.762		100.046	92.7771	0.0563532	0	0.563271	0.542721	19.4652	1		0	12.0705	48.4336	0	0	0	
2024-06-17 20:14:01	1716	3437	1	0	0	4	17	0	0	0	17	0	0	2.75	17	0	0	0	17	0	0	1.082		100.052	95.6856	0.179456	0	1.79363	0.100906	14.0872	1		0.0088623	11.9464	48.5635	0	0	0	
2024-06-17 20:07:01	1669	3438	5	0	0	0	1	0	0	0	1	0	0	0.25	1	0	0	0	1	0	0	0.216		100.055	99.2316	0.720924	0	7.20531	0.00247296	11.3181	2		0.0088623	12.0705	51.4223	0	0	0	
2024-06-17 20:10:02	1689	3439	1	0	0	2	9	0	0	0	9	0	0	3.25	9	0	0	0	9	0	0	1.082		100.054	99.9543	0.176158	0	1.76064	0.0500176	13.828	1		0.0088623	12.0705	49.9929	0	0	0	
2024-06-17 20:19:37	1753	3440	5	0	0	7	29	0	0	0	29	0	0	1.75	29	0	0	0	29	0	0	4.546		100.045	94.6897	0.0504667	0	0.504439	0.457665	16.6398	1		0.0088623	12.0616	48.3036	0	0	0	
2024-06-17 20:06:28	1666	3441	5	0	0	0	1	0	0	0	1	0	0	6	1	0	0	0	1	0	0	5.195		100.059	100.87	0.0484127	0	0.483841	0.359127	18.2404	1		0.0088623	12.0705	51.8122	0	0	0	
2024-06-17 20:05:42	1661	3442	5	0	0	0	1	0	0	0	1	0	0	4.75	1	0	0	0	1	0	0	4.113		100.06	93.531	0.0526319	0	0.526002	0.0904998	15.6986	1		0.0088623	12.0705	52.8517	0	0	0	
2024-06-17 20:26:32	1800	3443	1	0	0	7.25	30	0	0	0	30	0	0	0.5	30	0	0	0	30	0	0	5.845		100.048	92.4395	0.0478981	0	0.478754	0.83887	20.3047	1		0.0088623	12.0705	48.0437	0	0	0	
2024-06-17 20:14:36	1720	3444	1	0	0	5	21	0	0	0	21	0	0	0.25	21	0	0	0	21	0	0	4.113		100.047	95.2394	0.0514228	0	0.513985	0.0209068	15.34	1		0	12.0616	48.4336	0	0	0	
2024-06-17 20:14:54	1722	3445	9	0	0	5	21	0	0	0	21	0	0	6.75	21	0	0	0	21	0	0	1.515		100.047	95.0095	0.135195	0	1.35132	0.14433	14.8585	1		0.0088623	12.0705	48.6935	0	0	0	
2024-06-17 20:11:05	1696	3446	1	0	0	3	13	0	0	0	13	0	0	2.25	13	0	0	0	13	0	0	0.649		100.052	98.1246	0.303466	0	3.03308	0.328806	14.293	1		0.0088623	12.0705	49.4731	0	0	0	
2024-06-17 20:09:53	1688	3447	1	0	0	2	9	0	0	0	9	0	0	0	9	0	0	0	9	0	0	1.732		100.052	99.92	0.123451	0	1.23387	0.0150362	15.5053	1		0.0088623	11.9375	49.733	0	0	0	
2024-06-17 20:24:58	1789	3448	9	0	0	6.5	27	0	0	0	27	0	0	7.25	27	0	0	0	27	0	0	0.649		100.043	92.5005	0.328029	0	3.27887	0.291337	15.4513	1		0.0088623	12.0705	48.0437	0	0	0	
2024-06-17 20:19:54	1755	3449	5	0	0	7.75	32	0	0	0	32	0	0	7.25	32	0	0	0	32	0	0	0.433		100.041	92.0397	0.466754	0	4.66562	0.314083	14.6575	2		0.0088623	12.0616	47.9138	0	0	0	
2024-06-17 20:26:40	1801	3450	1	0	0	7.5	31	0	0	0	31	0	0	0.25	31	0	0	0	31	0	0	6.278		100.048	93.0298	0.0363744	0	0.363571	0.203316	16.5618	1		0.0088623	12.0705	48.3036	0	0	0	
2024-06-17 20:23:35	1779	3451	1	0	0	0.75	4	0	0	0	4	0	0	1	4	0	0	0	4	0	0	0.216		100.038	90.007	0.723732	0	7.23454	0.252947	11.364	1		0	12.0705	48.0437	0	0	0	
2024-06-17 20:25:51	1795	3452	1	0	0	5.5	23	0	0	0	23	0	0	2.25	23	0	0	0	23	0	0	2.814		100.04	89.9187	0.0804265	0	0.803947	0.874332	16.4169	1		0.0088623	12.0705	48.1737	0	0	0	
2024-06-17 20:12:42	1707	3453	5	0	0	4	17	0	0	0	17	0	0	6.75	17	0	0	0	17	0	0	2.381		100.051	96.543	0.0841735	0	0.84131	0.159608	14.5368	1		0	12.0705	48.9533	0	0	0	
2024-06-17 20:11:50	1701	3454	5	0	0	3	13	0	0	0	13	0	0	5.25	13	0	0	0	13	0	0	1.948		100.053	98.5415	0.0987213	0	0.986689	0.398873	13.949	1		0.0088623	12.0616	49.3432	0	0	0	
2024-06-17 20:10:56	1695	3455	9	0	0	3	13	0	0	0	13	0	0	4	13	0	0	0	13	0	0	0.866		100.05	98.3382	0.235833	0	2.35716	0.371512	14.8105	1		0.0088623	12.0616	49.4731	0	0	0	
2024-06-17 20:09:09	1683	3456	5	0	0	2	9	0	0	0	9	0	0	7.25	9	0	0	0	9	0	0	4.546		100.051	99.2598	0.0529035	0	0.528763	0.762497	17.4422	1		0.0088623	12.0705	49.9929	0	0	0	
2024-06-17 20:18:19	1744	3457	9	0	0	7	29	0	0	0	29	0	0	7.5	29	0	0	0	29	0	0	0.433		100.044	90.549	0.460563	0	4.60361	0.485083	14.4627	1		0.0088623	12.0705	48.3036	0	0	0	
2024-06-17 20:19:03	1749	3458	9	0	0	7	29	0	0	0	29	0	0	6.25	29	0	0	0	29	0	0	0.649		100.041	93.6678	0.33386	0	3.33723	0.391622	15.7263	1		0	12.0705	48.3036	0	0	0	
2024-06-17 20:08:26	1678	3459	9	0	0	1	5	0	0	0	5	0	0	5.75	5	0	0	0	5	0	0	4.113		100.056	100.209	0.0529238	0	0.528941	0.234459	15.7863	1		0.0088623	12.0705	50.5127	0	0	0	
2024-06-17 20:08:18	1677	3460	9	0	0	1	5	0	0	0	5	0	0	4.5	5	0	0	0	5	0	0	3.031		100.056	100.147	0.0690651	0	0.690267	0.0648442	15.1798	1		0.0088623	12.0705	50.5127	0	0	0	
2024-06-17 20:17:51	1741	3461	5	0	0	6	25	0	0	0	25	0	0	3.5	25	0	0	0	25	0	0	2.165		100.046	91.7748	0.0892247	0	0.89184	0.0527979	14.009	1		0.0088623	12.0705	48.1737	0	0	0	
2024-06-17 20:13:53	1715	3462	1	0	0	4	17	0	0	0	17	0	0	0	17	0	0	0	17	0	0	3.464		100.051	94.6755	0.060172	0	0.601412	0.442478	15.1151	1		0.0088623	12.0705	48.8234	0	0	0	
2024-06-17 20:19:54	1755	3463	1	0	0	7.75	32	0	0	0	32	0	0	2.5	32	0	0	0	32	0	0	4.546		100.041	92.0397	0.04562	0	0.456012	0.00673327	15.0423	2		0.0088623	12.0616	47.9138	0	0	0	
2024-06-17 20:09:27	1685	3464	1	0	0	2	9	0	0	0	9	0	0	2.5	9	0	0	0	9	0	0	0.433		100.051	99.6423	0.437826	0	4.37602	0.301371	13.7477	1		0.0088623	12.0705	50.1229	0	0	0	
2024-06-17 20:18:07	1743	3465	1	0	0	7	29	0	0	0	29	0	0	1	29	0	0	0	29	0	0	5.195		100.044	91.0252	0.0457977	0	0.457776	0.133781	17.2577	2		0.0088623	12.0705	48.3036	0	0	0	
2024-06-17 20:06:28	1666	3466	9	0	0	0	1	0	0	0	1	0	0	5.25	1	0	0	0	1	0	0	4.546		100.059	100.87	0.0503846	0	0.503549	0.0729122	16.6104	1		0.0088623	12.0705	51.8122	0	0	0	
2024-06-17 20:05:20	1659	3467	9	0	0	0	1	0	0	0	1	0	0	4	1	0	0	0	1	0	0	3.464		100.058	86.8673	0.0599925	0	0.59958	0.820444	15.0691	1		0.0088623	12.0705	53.1116	0	0	0	
2024-06-17 20:21:34	1766	3468	5	0	0	7.75	32	0	0	0	32	0	0	1.75	32	0	0	0	32	0	0	5.195		100.043	93.9631	0.0411387	0	0.411208	0.36859	15.5022	1		0.0088623	12.0616	48.3036	0	0	0	
2024-06-17 20:14:36	1720	3469	5	0	0	5	21	0	0	0	21	0	0	6	21	0	0	0	21	0	0	0.866		100.047	95.2394	0.245592	0	2.45476	0.354204	15.4237	1		0	12.0616	48.4336	0	0	0	
2024-06-17 20:14:45	1721	3470	5	0	0	5	21	0	0	0	21	0	0	4.75	21	0	0	0	21	0	0	0.216		100.048	94.9094	0.748524	0	7.48168	0.403043	11.7522	1		0.0088623	12.0705	48.6935	0	0	0	
2024-06-17 20:12:08	1703	3471	1	0	0	3	13	0	0	0	13	0	0	1.5	13	0	0	0	13	0	0	1.299		100.05	96.7916	0.1412	0	1.41129	0.109382	13.3011	1		0.0088623	12.0705	48.9533	0	0	0	
2024-06-17 20:19:54	1755	3472	9	0	0	7.75	32	0	0	0	32	0	0	6.5	32	0	0	0	32	0	0	1.082		100.041	92.0397	0.190755	0	1.90676	0.20987	14.9757	2		0.0088623	12.0616	47.9138	0	0	0	
2024-06-17 20:22:25	1772	3473	9	0	0	2.25	10	0	0	0	10	0	0	5.5	10	0	0	0	10	0	0	2.814		100.039	92.8614	0.0776686	0	0.776381	0.0695991	15.854	1		0	12.0616	48.1737	0	0	0	
2024-06-17 20:28:49	1816	3474	1	0	0	3	13	0	0	4.75	13	0	0	1.25	13	0	0	6.5	13	0	0	0.908		100.056	19.992	0.103112	0	1.03055	0.0816663	11.3314	1		0	12.0705	48.1737	0	0	0	
2024-06-17 20:12:51	1708	3475	9	0	0	4	17	0	0	0	17	0	0	6	17	0	0	0	17	0	0	1.732		100.048	95.5858	0.114329	0	1.14273	0.00154417	14.36	1		0.0088623	12.0705	48.9533	0	0	0	
2024-06-17 20:13:09	1710	3476	5	0	0	4	17	0	0	0	17	0	0	4.75	17	0	0	0	17	0	0	0.649		100.047	95.9957	0.338409	0	3.3825	0.22594	15.9397	1		0	12.0705	48.9533	0	0	0	
2024-06-17 20:05:42	1661	3477	1	0	0	0	1	0	0	0	1	0	0	2.25	1	0	0	0	1	0	0	1.948		100.06	93.531	0.106283	0	1.06219	0.190171	15.0163	1		0.0088623	12.0705	52.8517	0	0	0	
2024-06-17 20:28:41	1815	3478	1	0	0	3.25	14	0	0	4.5	14	0	0	2	14	0	0	5.75	14	0	0	0.649		100.049	19.9253	0.175729	0	1.75643	0.54986	13.7949	1		0.0088623	12.0705	48.3036	0	0	0	
2024-06-17 20:12:16	1704	3479	5	0	0	3	13	0	0	0	13	0	0	3.25	13	0	0	0	13	0	0	0.216		100.054	98.2248	0.736372	0	7.35974	0.360933	11.5607	1		0.0088623	12.0705	49.2132	0	0	0	
2024-06-17 20:10:11	1690	3480	5	0	0	2	9	0	0	0	9	0	0	7.75	9	0	0	0	9	0	0	4.979		100.05	98.845	0.0431259	0	0.431043	0.115345	15.5729	1		0.0088623	12.0616	49.4731	0	0	0	
2024-06-17 20:09:53	1688	3481	9	0	0	2	9	0	0	0	9	0	0	6.5	9	0	0	0	9	0	0	3.897		100.052	99.92	0.0553003	0	0.552715	0.54919	15.6277	1		0.0088623	11.9375	49.733	0	0	0	
2024-06-17 20:18:54	1748	3482	9	0	0	7	29	0	0	0	29	0	0	5.5	29	0	0	0	29	0	0	1.299		100.046	94.4584	0.156915	0	1.56843	0.0711918	14.7821	1		0.0088623	12.0705	48.3036	0	0	0	
2024-06-17 20:18:28	1745	3483	9	0	0	7	29	0	0	0	29	0	0	4.25	29	0	0	0	29	0	0	2.381		100.044	91.6944	0.0833716	0	0.833353	0.04002	14.3993	1		0.0088623	12.0705	48.3036	0	0	0	
2024-06-17 20:07:51	1674	3484	5	0	0	1	5	0	0	0	5	0	0	5	5	0	0	0	5	0	0	3.464		100.059	100.203	0.0623757	0	0.623388	0.194334	15.6674	1		0.0088623	12.0705	50.9025	0	0	0	
2024-06-17 20:08:53	1681	3485	1	0	0	1	5	0	0	0	5	0	0	3.75	5	0	0	0	5	0	0	2.381		100.054	99.6069	0.0806111	0	0.805678	0.0847532	13.9211	1		0.0088623	12.0705	50.3827	0	0	0	
2024-06-17 20:17:04	1736	3486	1	0	0	6	25	0	0	0	25	0	0	2.75	25	0	0	0	25	0	0	2.814		100.047	91.6767	0.071937	0	0.719032	0.065939	14.6829	1		0.0088623	12.0705	48.4336	0	0	0	
2024-06-17 20:15:38	1727	3487	1	0	0	5	21	0	0	0	21	0	0	2.25	21	0	0	0	21	0	0	2.381		100.049	94.4387	0.0799554	0	0.799163	0.0385469	13.8085	1		0	12.0705	48.4336	0	0	0	
2024-06-17 20:18:28	1745	3488	1	0	0	7	29	0	0	0	29	0	0	0.25	29	0	0	0	29	0	0	5.845		100.044	91.6944	0.0403905	0	0.40373	0.278202	17.1228	1		0.0088623	12.0705	48.3036	0	0	0	
2024-06-17 20:05:51	1662	3489	1	0	0	0	1	0	0	0	1	0	0	3.25	1	0	0	0	1	0	0	2.814		100.058	95.1052	0.0696176	0	0.69577	0.00346636	14.2079	1		0.0088623	12.0705	52.5918	0	0	0	
2024-06-17 20:11:33	1699	3490	9	0	0	3	13	0	0	0	13	0	0	7.25	13	0	0	0	13	0	0	3.68		100.048	98.0659	0.0645418	0	0.645109	0.376293	17.2267	1		0.0088623	12.0705	49.3432	0	0	0	
2024-06-17 20:16:13	1731	3491	9	0	0	6	25	0	0	0	25	0	0	6.75	25	0	0	0	25	0	0	0.649		100.046	92.7771	0.347344	0	3.47183	0.571298	16.3606	1		0	12.0705	48.4336	0	0	0	
2024-06-17 20:21:43	1767	3492	9	0	0	3.75	16	0	0	0	16	0	0	4	16	0	0	0	16	0	0	0.216		100.04	92.8553	0.809809	0	8.09482	0.274043	12.7153	1		0.0088623	12.0705	48.0437	0	0	0	
2024-06-17 20:21:08	1763	3493	5	0	0	7.75	32	0	0	0	32	0	0	1	32	0	0	0	32	0	0	5.845		100.043	94.2629	0.0378259	0	0.378098	0.304164	16.0357	1		0.0088623	12.0705	47.9138	0	0	0	
2024-06-17 20:14:45	1721	3494	9	0	0	5	21	0	0	0	21	0	0	5.25	21	0	0	0	21	0	0	0.216		100.048	94.9094	0.765184	0	7.6482	0.360802	12.0138	1		0.0088623	12.0705	48.6935	0	0	0	
2024-06-17 20:15:30	1726	3495	5	0	0	5	21	0	0	0	21	0	0	4	21	0	0	0	21	0	0	0.866		100.048	95.3142	0.242476	0	2.42359	0.0897394	15.2279	1		0	12.0705	48.4336	0	0	0	
2024-06-17 20:10:56	1695	3496	1	0	0	3	13	0	0	0	13	0	0	0.75	13	0	0	0	13	0	0	1.948		100.05	98.3382	0.0932514	0	0.932052	0.0843748	13.1766	1		0.0088623	12.0616	49.4731	0	0	0	
2024-06-17 20:07:34	1672	3497	1	0	0	1	5	0	0	0	5	0	0	1.75	5	0	0	0	5	0	0	0.649		100.058	99.505	0.302261	0	3.02085	0.107694	14.2354	1		0.0088623	12.0705	51.0325	0	0	0	
2024-06-17 20:13:36	1713	3498	1	0	0	4	17	0	0	0	17	0	0	2	17	0	0	0	17	0	0	1.732		100.048	95.1425	0.107669	0	1.07617	0.0466082	13.5235	1		0.0088623	12.0705	48.8234	0	0	0	
2024-06-17 20:20:15	1757	3499	5	0	0	7.75	32	0	0	0	32	0	0	5.75	32	0	0	0	32	0	0	1.732		100.049	94.7292	0.112542	0	1.12487	0.0268223	14.1356	1		0.0088623	12.0705	48.0437	0	0	0	
2024-06-17 20:20:15	1757	3500	9	0	0	7.75	32	0	0	0	32	0	0	4.5	32	0	0	0	32	0	0	2.814		100.049	94.7292	0.0677924	0	0.677592	0.0608878	13.8367	1		0.0088623	12.0705	48.0437	0	0	0	
2024-06-17 20:24:17	1784	3501	1	0	0	2.25	10	0	0	0	10	0	0	3.5	10	0	0	0	10	0	0	1.082		100.045	93.1113	0.176117	0	1.76038	0.0525319	13.826	1		0.0088623	12.0616	48.1737	0	0	0	
2024-06-17 20:23:27	1778	3502	9	0	0	0.25	2	0	0	0	2	0	0	7.5	2	0	0	0	2	0	0	6.278		100.039	89.9696	0.0375399	0	0.375253	0.17987	17.0939	1		0.0088623	12.0705	48.1737	0	0	0	
2024-06-17 20:16:54	1735	3503	1	0	0	6	25	0	0	0	25	0	0	1.75	25	0	0	0	25	0	0	3.68		100.044	91.6249	0.0652899	0	0.65261	0.302334	17.427	1		0.0088623	12.0705	48.4336	0	0	0	
2024-06-17 20:13:36	1713	3504	5	0	0	4	17	0	0	0	17	0	0	5.25	17	0	0	0	17	0	0	1.082		100.048	95.1425	0.191607	0	1.91514	0.138657	15.0415	1		0.0088623	12.0705	48.8234	0	0	0	
2024-06-17 20:06:28	1666	3505	1	0	0	0	1	0	0	0	1	0	0	1.5	1	0	0	0	1	0	0	1.299		100.059	100.87	0.14568	0	1.45594	0.288163	13.7219	1		0.0088623	12.0705	51.8122	0	0	0	
2024-06-17 20:11:50	1701	3506	1	0	0	3	13	0	0	0	13	0	0	2.5	13	0	0	0	13	0	0	0.433		100.053	98.5415	0.438873	0	4.38639	0.319091	13.7803	1		0.0088623	12.0616	49.3432	0	0	0	
2024-06-17 20:10:02	1689	3507	5	0	0	2	9	0	0	0	9	0	0	5.75	9	0	0	0	9	0	0	3.247		100.054	99.9543	0.0646521	0	0.646174	0.0412666	15.2251	1		0.0088623	12.0705	49.9929	0	0	0	
2024-06-17 20:10:02	1689	3508	9	0	0	2	9	0	0	0	9	0	0	4.5	9	0	0	0	9	0	0	2.165		100.054	99.9543	0.088378	0	0.883307	0.179098	13.875	1		0.0088623	12.0705	49.9929	0	0	0	
2024-06-17 20:19:29	1752	3509	5	0	0	7	29	0	0	0	29	0	0	3.5	29	0	0	0	29	0	0	3.031		100.043	92.9457	0.0653972	0	0.653691	0.0818995	14.3754	1		0.0088623	12.0705	48.3036	0	0	0	
2024-06-17 20:08:26	1678	3510	1	0	0	1	5	0	0	0	5	0	0	3	5	0	0	0	5	0	0	1.732		100.056	100.209	0.105662	0	1.05602	0.0741644	13.2704	1		0.0088623	12.0705	50.5127	0	0	0	
2024-06-17 20:05:59	1663	3511	5	0	0	0	1	0	0	0	1	0	0	7.25	1	0	0	0	1	0	0	6.278		100.057	97.3689	0.0407305	0	0.407074	0.139992	18.5435	2		0.0088623	12.0705	52.4619	0	0	0	
2024-06-17 20:15:12	1724	3512	1	0	0	5	21	0	0	0	21	0	0	1.5	21	0	0	0	21	0	0	3.031		100.051	94.4865	0.0666426	0	0.666083	0.441297	14.6479	1		0.0088623	12.0705	48.4336	0	0	0	
2024-06-17 20:10:29	1692	3513	5	0	0	2	9	0	0	0	9	0	0	1.25	9	0	0	0	9	0	0	0.649		100.051	98.3148	0.292319	0	2.9217	0.192435	13.7682	1		0	12.0705	49.733	0	0	0	
2024-06-17 20:26:58	1803	3514	1	0	0	1.5	7	0	0	0	7	0	0	0.25	7	0	0	0	7	0	0	1.082		100.042	92.1243	0.173058	0	1.72985	0.110348	13.5862	1		0	12.0705	48.3036	0	0	0	
2024-06-17 20:06:11	1664	3515	1	0	0	0	1	0	0	0	1	0	0	2.5	1	0	0	0	1	0	0	2.165		100.058	98.0246	0.089229	0	0.891774	0.45962	14.008	1		0.0088623	12.0705	51.9421	0	0	0	
2024-06-17 20:26:07	1797	3516	1	0	0	6.25	26	0	0	0	26	0	0	1.5	26	0	0	0	26	0	0	4.113		100.046	90.0053	0.0553807	0	0.553554	0.646543	16.5209	1		0.0088623	12.0616	48.1737	0	0	0	
2024-06-17 20:28:07	1811	3517	9	0	0	7.25	30	0	0	0	30	0	0	6.5	30	0	0	0	30	0	0	0.649		100.043	89.2549	0.324446	0	3.24307	0.303395	15.2826	1		0.0088623	12.0705	48.3036	0	0	0	
2024-06-17 20:11:58	1702	3518	5	0	0	3	13	0	0	0	13	0	0	7.75	13	0	0	0	13	0	0	4.113		100.053	97.2626	0.049753	0	0.497269	0.118651	14.841	1		0.0088623	12.0705	49.2132	0	0	0	
2024-06-17 20:11:24	1698	3519	9	0	0	3	13	0	0	0	13	0	0	6.5	13	0	0	0	13	0	0	3.031		100.051	98.2177	0.0679689	0	0.679343	0.192459	14.9395	1		0.0088623	12.0705	49.3432	0	0	0	
2024-06-17 20:07:42	1673	3520	5	0	0	1	5	0	0	0	5	0	0	7	5	0	0	0	5	0	0	5.195		100.059	99.7457	0.0454452	0	0.454184	0.148979	17.1223	1		0	12.0705	51.0325	0	0	0	
2024-06-17 20:17:04	1736	3521	9	0	0	6	25	0	0	0	25	0	0	4.75	25	0	0	0	25	0	0	1.082		100.047	91.6767	0.193729	0	1.93638	0.268833	15.2083	1		0.0088623	12.0705	48.4336	0	0	0	
2024-06-17 20:20:06	1756	3522	1	0	0	7.75	32	0	0	0	32	0	0	0.25	32	0	0	0	32	0	0	6.494		100.042	92.1476	0.0342098	0	0.341954	0.271074	16.1142	1		0.0088623	12.0705	48.1737	0	0	0	
2024-06-17 20:16:05	1730	3523	1	0	0	5	21	0	0	0	21	0	0	3.25	21	0	0	0	21	0	0	1.515		100.046	93.3323	0.124997	0	1.2494	0.182621	13.7378	1		0.0088623	12.0705	48.3036	0	0	0	
2024-06-17 20:12:24	1705	3524	5	0	0	3	13	0	0	0	13	0	0	0	13	0	0	0	13	0	0	2.598		100.05	98.4289	0.0754739	0	0.754359	0.425909	14.2193	1		0.0088623	12.0705	49.2132	0	0	0	
2024-06-17 20:21:52	1768	3525	9	0	0	3.5	15	0	0	0	15	0	0	4.25	15	0	0	0	15	0	0	0.649		100.043	93.633	0.325045	0	3.24904	0.189183	15.3108	1		0.0088623	12.0705	48.3036	0	0	0	
2024-06-17 20:12:51	1708	3526	1	0	0	4	17	0	0	0	17	0	0	1.25	17	0	0	0	17	0	0	2.381		100.048	95.5858	0.0798994	0	0.798608	0.153423	13.799	1		0.0088623	12.0705	48.9533	0	0	0	
2024-06-17 20:20:33	1759	3527	5	0	0	7.75	32	0	0	0	32	0	0	5	32	0	0	0	32	0	0	2.381		100.041	92.6795	0.0797188	0	0.796858	0.201437	13.7687	1		0.0088623	12.0705	48.1737	0	0	0	
2024-06-17 20:21:17	1764	3528	5	0	0	7.75	32	0	0	0	32	0	0	3.75	32	0	0	0	32	0	0	3.464		100.039	92.4393	0.0560093	0	0.559873	0.0382609	14.0711	1		0.0088623	12.0705	48.1737	0	0	0	
2024-06-17 20:29:36	1821	3529	1	0	0	1.25	6	0	0	6.5	6	0	0	3	6	0	0	4.75	6	0	0	0.908		100.054	19.9193	0.106485	0	1.06427	0.660033	11.7023	1		0.0088623	12.0705	48.3036	0	0	0	
2024-06-17 20:17:13	1737	3530	1	0	0	6	25	0	0	0	25	0	0	1	25	0	0	0	25	0	0	4.33		100.049	92.119	0.0569467	0	0.569188	0.0598678	17.8816	1		0	12.0616	48.1737	0	0	0	
2024-06-17 20:14:01	1716	3531	5	0	0	4	17	0	0	0	17	0	0	3.25	17	0	0	0	17	0	0	0.649		100.052	95.6856	0.325307	0	3.2514	0.170638	15.3218	1		0.0088623	11.9464	48.5635	0	0	0	
2024-06-17 20:06:45	1668	3532	1	0	0	0	1	0	0	0	1	0	0	0.75	1	0	0	0	1	0	0	0.649		100.056	97.9383	0.654977	0	6.54613	8.98069	30.8479	4		0.0088623	12.0705	51.8122	0	0	0	
2024-06-17 20:29:05	1818	3533	1	0	0	3.5	15	0	0	4.25	15	0	0	3.75	15	0	0	4	15	0	0	0.13		100.059	19.0478	0.545022	0	5.44701	0.737359	8.55614	1		0	12.0705	48.1737	0	0	0	
2024-06-17 20:09:18	1684	3534	5	0	0	2	9	0	0	0	9	0	0	5	9	0	0	0	9	0	0	2.598		100.049	99.2	0.0764304	0	0.763928	0.022173	14.3997	1		0.0088623	12.0705	50.2528	0	0	0	
2024-06-17 20:10:47	1694	3535	1	0	0	2	9	0	0	0	9	0	0	3.75	9	0	0	0	9	0	0	1.515		100.049	97.2824	0.128121	0	1.28058	0.142356	14.0807	1		0.0088623	12.0705	49.6031	0	0	0	
2024-06-17 20:18:38	1746	3536	1	0	0	7	29	0	0	0	29	0	0	2.75	29	0	0	0	29	0	0	3.68		100.049	91.7675	0.0561699	0	0.561426	0.175618	14.9921	1		0	12.0616	48.1737	0	0	0	
2024-06-17 20:18:54	1748	3537	1	0	0	7	29	0	0	0	29	0	0	2.25	29	0	0	0	29	0	0	4.113		100.046	94.4584	0.0515955	0	0.515716	0.28504	15.3916	1		0.0088623	12.0705	48.3036	0	0	0	
2024-06-17 20:06:19	1665	3538	9	0	0	0	1	0	0	0	1	0	0	7.75	1	0	0	0	1	0	0	6.711		100.058	100.043	0.0354549	0	0.354342	0.767936	17.2546	1		0.0088623	12.0705	51.9421	0	0	0	
2024-06-17 20:05:51	1662	3539	9	0	0	0	1	0	0	0	1	0	0	6.5	1	0	0	0	1	0	0	5.628		100.058	95.1052	0.0420792	0	0.420547	0.186983	17.1754	1		0.0088623	12.0705	52.5918	0	0	0	
2024-06-17 20:15:30	1726	3540	1	0	0	5	21	0	0	0	21	0	0	0.75	21	0	0	0	21	0	0	3.68		100.048	95.3142	0.0583337	0	0.583056	0.372175	15.5697	1		0	12.0705	48.4336	0	0	0	
2024-06-17 20:15:12	1724	3541	5	0	0	5	21	0	0	0	21	0	0	7.25	21	0	0	0	21	0	0	1.948		100.051	94.4865	0.11113	0	1.11073	0.276322	15.7025	1		0.0088623	12.0705	48.4336	0	0	0	
2024-06-17 20:27:58	1810	3542	9	0	0	5.75	24	0	0	0	24	0	0	4	24	0	0	0	24	0	0	1.515		100.043	90.0431	0.12972	0	1.29664	0.010983	14.2573	1		0.0088623	12.0705	48.3036	0	0	0	
2024-06-17 20:24:33	1786	3543	9	0	0	4.5	19	0	0	0	19	0	0	5.25	19	0	0	0	19	0	0	0.649		100.043	93.3645	0.324562	0	3.24423	0.077083	15.2881	1		0.0088623	12.0616	48.3036	0	0	0	
2024-06-17 20:29:14	1819	3544	1	0	0	2.75	12	0	0	5	12	0	0	3.5	12	0	0	4.25	12	0	0	0.389		100.051	19.8364	0.311305	0	3.11147	0.271615	14.6625	2		0	12.0705	48.3036	0	0	0	
2024-06-17 20:09:18	1684	3545	1	0	0	2	9	0	0	0	9	0	0	0.5	9	0	0	0	9	0	0	1.299		100.049	99.2	0.141051	0	1.40981	0.122695	13.2872	1		0.0088623	12.0705	50.2528	0	0	0	
2024-06-17 20:23:15	1777	3546	9	0	0	0.5	3	0	0	0	3	0	0	7.25	3	0	0	0	3	0	0	5.845		100.04	91.043	0.0555899	0	0.555674	0.393579	23.567	2		0	12.0705	48.1737	0	0	0	
2024-06-17 20:12:51	1708	3547	5	0	0	4	17	0	0	0	17	0	0	7.25	17	0	0	0	17	0	0	2.814		100.048	95.5858	0.0760554	0	0.760187	0.350337	15.5233	1		0.0088623	12.0705	48.9533	0	0	0	
2024-06-17 20:10:56	1695	3548	5	0	0	3	13	0	0	0	13	0	0	5.75	13	0	0	0	13	0	0	2.381		100.05	98.3382	0.0808959	0	0.808558	0.0763026	13.9709	1		0.0088623	12.0616	49.4731	0	0	0	
2024-06-17 20:11:13	1697	3549	5	0	0	3	13	0	0	0	13	0	0	4.5	13	0	0	0	13	0	0	1.299		100.048	97.7457	0.148383	0	1.48312	0.047323	13.9781	1		0.0088623	12.0705	49.4731	0	0	0	
2024-06-17 20:19:03	1749	3550	5	0	0	7	29	0	0	0	29	0	0	6.75	29	0	0	0	29	0	0	0.216		100.041	93.6678	0.769372	0	7.69056	0.523847	12.0803	1		0	12.0705	48.3036	0	0	0	
2024-06-17 20:08:26	1678	3551	5	0	0	1	5	0	0	0	5	0	0	7.5	5	0	0	0	5	0	0	5.628		100.056	100.209	0.0417072	0	0.416837	0.08588	17.0239	1		0.0088623	12.0705	50.5127	0	0	0	
2024-06-17 20:08:08	1676	3552	5	0	0	1	5	0	0	0	5	0	0	6.25	5	0	0	0	5	0	0	4.546		100.058	100.262	0.0530887	0	0.530581	0.0990785	17.5021	1		0.0088623	12.0616	50.7726	0	0	0	
2024-06-17 20:16:45	1734	3553	9	0	0	6	25	0	0	0	25	0	0	5.25	25	0	0	0	25	0	0	0.649		100.044	91.3464	0.331321	0	3.31173	0.328613	15.6062	1		0	12.0705	48.4336	0	0	0	
2024-06-17 20:16:34	1733	3554	5	0	0	6	25	0	0	0	25	0	0	4	25	0	0	0	25	0	0	1.732		100.047	90.9661	0.113677	0	1.13623	0.00385281	14.2783	2		0.0088623	12.0705	48.4336	0	0	0	
2024-06-17 20:14:54	1722	3555	1	0	0	5	21	0	0	0	21	0	0	2.5	21	0	0	0	21	0	0	2.165		100.047	95.0095	0.0916607	0	0.916178	0.786517	14.3913	1		0.0088623	12.0705	48.6935	0	0	0	
2024-06-17 20:07:42	1673	3556	1	0	0	1	5	0	0	0	5	0	0	0.25	5	0	0	0	5	0	0	0.649		100.059	99.7457	0.309272	0	3.0909	0.122043	14.5655	1		0	12.0705	51.0325	0	0	0	
2024-06-17 20:13:00	1709	3557	1	0	0	4	17	0	0	0	17	0	0	0.5	17	0	0	0	17	0	0	3.031		100.049	95.9346	0.0667244	0	0.666919	0.108768	14.6663	1		0.0088623	12.0705	48.9533	0	0	0	
2024-06-17 20:20:24	1758	3558	1	0	0	7.75	32	0	0	0	32	0	0	3	32	0	0	0	32	0	0	4.113		100.04	93.4552	0.0479515	0	0.479321	0.0583512	14.3054	1		0.0088623	12.0705	48.1737	0	0	0	
2024-06-17 20:16:34	1733	3559	1	0	0	6	25	0	0	0	25	0	0	0.25	25	0	0	0	25	0	0	4.979		100.047	90.9661	0.0471471	0	0.471248	0.0582119	17.0254	2		0.0088623	12.0705	48.4336	0	0	0	
2024-06-17 20:25:42	1794	3560	1	0	0	5.25	22	0	0	0	22	0	0	2.5	22	0	0	0	22	0	0	2.381		100.039	90.6401	0.0913664	0	0.913311	0.205159	15.7809	1		0.0088623	12.0705	48.0437	0	0	0	
2024-06-17 20:14:10	1717	3561	5	0	0	4	17	0	0	0	17	0	0	2.5	17	0	0	0	17	0	0	1.299		100.048	94.8739	0.147313	0	1.47243	0.233617	13.8773	1		0.0088623	12.0705	48.6935	0	0	0	
2024-06-17 20:09:09	1683	3562	1	0	0	2	9	0	0	0	9	0	0	3	9	0	0	0	9	0	0	0.866		100.051	99.2598	0.225556	0	2.2544	0.262018	14.1648	1		0.0088623	12.0705	49.9929	0	0	0	
2024-06-17 20:19:10	1750	3563	1	0	0	7	29	0	0	0	29	0	0	1.5	29	0	0	0	29	0	0	4.762		100.041	94.9822	0.0481786	0	0.481589	0.510395	16.6425	1		0.0088623	12.0616	48.3036	0	0	0	
2024-06-17 20:05:20	1659	3564	5	0	0	0	1	0	0	0	1	0	0	5.75	1	0	0	0	1	0	0	4.979		100.058	86.8673	0.0459184	0	0.45892	0.856141	16.58	1		0.0088623	12.0705	53.1116	0	0	0	
2024-06-17 20:05:42	1661	3565	9	0	0	0	1	0	0	0	1	0	0	4.5	1	0	0	0	1	0	0	3.897		100.06	93.531	0.0544728	0	0.5444	0.116302	15.3926	1		0.0088623	12.0705	52.8517	0	0	0	
2024-06-17 20:15:20	1725	3566	1	0	0	5	21	0	0	0	21	0	0	0	21	0	0	0	21	0	0	4.33		100.052	96.2594	0.0506196	0	0.505931	0.28628	15.8943	1		0.0088623	12.0616	48.4336	0	0	0	
2024-06-17 20:20:42	1760	3567	1	0	0	7.75	32	0	0	0	32	0	0	2.25	32	0	0	0	32	0	0	4.762		100.042	92.1621	0.0428232	0	0.42805	0.110186	14.7923	1		0.0088623	12.0705	48.1737	0	0	0	
2024-06-17 20:14:27	1719	3568	9	0	0	5	21	0	0	0	21	0	0	7.75	21	0	0	0	21	0	0	2.381		100.047	95.5725	0.0821136	0	0.820749	0.204804	14.1815	1		0	12.0705	48.6935	0	0	0	
2024-06-17 20:14:54	1722	3569	5	0	0	5	21	0	0	0	21	0	0	6.5	21	0	0	0	21	0	0	1.299		100.047	95.0095	0.158727	0	1.58652	0.0560045	14.9526	1		0.0088623	12.0705	48.6935	0	0	0	
2024-06-17 20:12:24	1705	3570	1	0	0	3	13	0	0	0	13	0	0	2	13	0	0	0	13	0	0	0.866		100.05	98.4289	0.222773	0	2.22661	0.115721	13.9902	1		0.0088623	12.0705	49.2132	0	0	0	
2024-06-17 20:25:24	1792	3571	1	0	0	4.5	19	0	0	0	19	0	0	3.25	19	0	0	0	19	0	0	1.082		100.04	91.5996	0.183007	0	1.82934	0.0888099	14.3676	1		0.0088623	12.0616	48.0437	0	0	0	
2024-06-17 20:20:42	1760	3572	9	0	0	7.75	32	0	0	0	32	0	0	7	32	0	0	0	32	0	0	0.649		100.042	92.1621	0.333594	0	3.33452	0.0804383	15.7136	1		0.0088623	12.0705	48.1737	0	0	0	
2024-06-17 20:27:49	1809	3573	9	0	0	5.5	23	0	0	0	23	0	0	4.25	23	0	0	0	23	0	0	1.082		100.042	90.5412	0.188513	0	1.88433	0.105994	14.7995	1		0.0088623	12.0616	48.1737	0	0	0	
2024-06-17 20:26:24	1799	3574	1	0	0	6.75	28	0	0	0	28	0	0	1	28	0	0	0	28	0	0	4.979		100.043	90.6748	0.050682	0	0.506604	0.800559	18.3028	1		0.0088623	12.0705	48.1737	0	0	0	
2024-06-17 20:24:41	1787	3575	9	0	0	4.25	18	0	0	0	18	0	0	5.5	18	0	0	0	18	0	0	1.082		100.043	93.6132	0.189421	0	1.89339	0.00454549	14.8706	1		0	12.0705	48.1737	0	0	0	
2024-06-17 20:13:00	1709	3576	5	0	0	4	17	0	0	0	17	0	0	7.75	17	0	0	0	17	0	0	3.247		100.049	95.9346	0.0612696	0	0.612397	0.277284	14.4293	1		0.0088623	12.0705	48.9533	0	0	0	
2024-06-17 20:13:27	1712	3577	9	0	0	4	17	0	0	0	17	0	0	6.5	17	0	0	0	17	0	0	2.165		100.053	95.2597	0.0917153	0	0.916663	0.0147561	14.3989	1		0.0088623	12.0705	48.8234	0	0	0	
2024-06-17 20:11:50	1701	3578	9	0	0	3	13	0	0	0	13	0	0	5	13	0	0	0	13	0	0	1.732		100.053	98.5415	0.109463	0	1.09405	0.176509	13.7483	1		0.0088623	12.0616	49.3432	0	0	0	
2024-06-17 20:11:24	1698	3579	1	0	0	3	13	0	0	0	13	0	0	3.75	13	0	0	0	13	0	0	0.649		100.051	98.2177	0.31538	0	3.1522	0.345953	14.8544	1		0.0088623	12.0705	49.3432	0	0	0	
2024-06-17 20:09:45	1687	3580	9	0	0	2	9	0	0	0	9	0	0	7	9	0	0	0	9	0	0	4.33		100.048	98.9587	0.0503734	0	0.50349	0.699424	15.8176	1		0.0088623	12.0705	49.9929	0	0	0	
2024-06-17 20:19:10	1750	3581	5	0	0	7	29	0	0	0	29	0	0	6	29	0	0	0	29	0	0	0.866		100.041	94.9822	0.24903	0	2.48928	0.26659	15.6406	1		0.0088623	12.0616	48.3036	0	0	0	
2024-06-17 20:18:46	1747	3582	9	0	0	7	29	0	0	0	29	0	0	4.75	29	0	0	0	29	0	0	1.948		100.044	92.0278	0.101312	0	1.01268	0.0703643	14.3164	1		0.0088623	12.0705	48.3036	0	0	0	
2024-06-17 20:07:34	1672	3583	9	0	0	1	5	0	0	0	5	0	0	5.5	5	0	0	0	5	0	0	3.897		100.058	99.505	0.061027	0	0.609914	0.234509	17.2449	1		0.0088623	12.0705	51.0325	0	0	0	
2024-06-17 20:07:59	1675	3584	9	0	0	1	5	0	0	0	5	0	0	4.25	5	0	0	0	5	0	0	2.814		100.059	101.198	0.0720672	0	0.720244	0.174873	14.7076	1		0.0088623	12.0616	51.0325	0	0	0	
2024-06-17 20:16:45	1734	3585	1	0	0	6	25	0	0	0	25	0	0	3.25	25	0	0	0	25	0	0	2.381		100.044	91.3464	0.0836292	0	0.835921	0.0724031	14.4437	1		0	12.0705	48.4336	0	0	0	
2024-06-17 20:23:51	1781	3586	1	0	0	0.25	2	0	0	0	2	0	0	1.5	2	0	0	0	2	0	0	1.082		100.044	92.9877	0.171989	0	1.71913	0.257996	13.502	1		0.0088623	12.0616	48.1737	0	0	0	
2024-06-17 20:19:29	1752	3587	1	0	0	7	29	0	0	0	29	0	0	0.75	29	0	0	0	29	0	0	5.412		100.043	92.9457	0.0438065	0	0.437876	0.0996423	17.1954	1		0.0088623	12.0705	48.3036	0	0	0	
2024-06-17 20:05:59	1663	3588	9	0	0	0	1	0	0	0	1	0	0	5	1	0	0	0	1	0	0	4.33		100.057	97.3689	0.0506594	0	0.506305	0.10082	15.9061	2		0.0088623	12.0705	52.4619	0	0	0	
2024-06-17 20:05:33	1660	3589	1	0	0	0	1	0	0	0	1	0	0	3.75	1	0	0	0	1	0	0	3.247		100.062	91.0965	0.0626339	0	0.62595	0.408349	14.7486	1		0.0088623	12.0705	52.8517	0	0	0	
2024-06-17 20:28:15	1812	3590	9	0	0	7.5	31	0	0	0	31	0	0	6.25	31	0	0	0	31	0	0	1.082		100.047	91.7158	0.185921	0	1.85834	0.0213195	14.5954	1		0.0088623	12.0705	48.3036	0	0	0	
2024-06-17 20:25:06	1790	3591	9	0	0	6.25	26	0	0	0	26	0	0	7.5	26	0	0	0	26	0	0	1.082		100.042	93.2899	0.187685	0	1.87606	0.0687963	14.7345	1		0	12.0616	48.3036	0	0	0	
2024-06-17 20:16:34	1733	3592	9	0	0	6	25	0	0	0	25	0	0	7.25	25	0	0	0	25	0	0	1.082		100.047	90.9661	0.224148	0	2.24042	0.328415	17.5962	2		0.0088623	12.0705	48.4336	0	0	0	
2024-06-17 20:21:27	1765	3593	5	0	0	7.75	32	0	0	0	32	0	0	1.5	32	0	0	0	32	0	0	5.412		100.041	92.636	0.0394661	0	0.3945	0.334921	15.492	1		0	12.0705	48.0437	0	0	0	
2024-06-17 20:14:36	1720	3594	9	0	0	5	21	0	0	0	21	0	0	5.75	21	0	0	0	21	0	0	0.649		100.047	95.2394	0.331164	0	3.31008	0.361867	15.5984	1		0	12.0616	48.4336	0	0	0	
2024-06-17 20:15:03	1723	3595	9	0	0	5	21	0	0	0	21	0	0	4.5	21	0	0	0	21	0	0	0.433		100.048	94.6938	0.463901	0	4.63677	0.405269	14.5668	1		0.0088623	12.0705	48.4336	0	0	0	
2024-06-17 20:12:16	1704	3596	1	0	0	3	13	0	0	0	13	0	0	1.25	13	0	0	0	13	0	0	1.515		100.054	98.2248	0.119693	0	1.19629	0.0318691	13.1539	1		0.0088623	12.0705	49.2132	0	0	0	
2024-06-17 20:07:59	1675	3597	1	0	0	1	5	0	0	0	5	0	0	2.25	5	0	0	0	5	0	0	1.082		100.059	101.198	0.170465	0	1.70364	0.0517028	13.3804	1		0.0088623	12.0616	51.0325	0	0	0	
2024-06-17 20:23:42	1780	3598	1	0	0	0.5	3	0	0	0	3	0	0	1.25	3	0	0	0	3	0	0	0.649		100.045	92.6998	0.304326	0	3.04188	0.208379	14.3345	1		0.0088623	12.0616	48.0437	0	0	0	
2024-06-17 20:22:16	1771	3599	9	0	0	2.5	11	0	0	0	11	0	0	5.25	11	0	0	0	11	0	0	2.381		100.047	94.1256	0.0899967	0	0.899541	0.645049	15.5429	1		0.0088623	12.0705	48.1737	0	0	0	
2024-06-17 20:20:42	1760	3600	5	0	0	7.75	32	0	0	0	32	0	0	7.5	32	0	0	0	32	0	0	0.216		100.042	92.1621	0.814432	0	8.14087	0.260419	12.7876	1		0.0088623	12.0705	48.1737	0	0	0	
2024-06-17 20:20:51	1761	3601	9	0	0	7.75	32	0	0	0	32	0	0	6.25	32	0	0	0	32	0	0	1.299		100.042	91.718	0.156301	0	1.56236	0.0277613	14.7249	1		0	12.0616	48.1737	0	0	0	
2024-06-17 20:25:15	1791	3602	1	0	0	4.25	18	0	0	0	18	0	0	3.5	18	0	0	0	18	0	0	0.649		100.041	91.7654	0.32684	0	3.26707	0.136578	15.3957	1		0.0088623	12.0705	48.1737	0	0	0	
2024-06-17 20:17:22	1738	3603	1	0	0	6	25	0	0	0	25	0	0	2.25	25	0	0	0	25	0	0	3.247		100.05	91.9682	0.064285	0	0.642532	0.127779	15.1393	1		0	12.0705	48.3036	0	0	0	
2024-06-17 20:27:40	1808	3604	9	0	0	5.25	22	0	0	0	22	0	0	4.5	22	0	0	0	22	0	0	0.649		100.047	92.2169	0.323564	0	3.23413	0.210521	15.2405	1		0	12.0705	48.3036	0	0	0	
2024-06-17 20:13:09	1710	3605	9	0	0	4	17	0	0	0	17	0	0	5.75	17	0	0	0	17	0	0	1.515		100.047	95.9957	0.130993	0	1.30931	0.0115262	14.3966	1		0	12.0705	48.9533	0	0	0	
2024-06-17 20:13:27	1712	3606	5	0	0	4	17	0	0	0	17	0	0	4.5	17	0	0	0	17	0	0	0.433		100.053	95.2597	0.499298	0	4.99032	0.143452	15.6775	1		0.0088623	12.0705	48.8234	0	0	0	
2024-06-17 20:06:19	1665	3607	1	0	0	0	1	0	0	0	1	0	0	2	1	0	0	0	1	0	0	1.732		100.058	100.043	0.129607	0	1.29532	0.438346	16.2774	1		0.0088623	12.0705	51.9421	0	0	0	
2024-06-17 20:09:09	1683	3608	9	0	0	2	9	0	0	0	9	0	0	7.5	9	0	0	0	9	0	0	4.762		100.051	99.2598	0.0460009	0	0.459773	0.80324	15.8886	1		0.0088623	12.0705	49.9929	0	0	0	
2024-06-17 20:09:27	1685	3609	5	0	0	2	9	0	0	0	9	0	0	6.25	9	0	0	0	9	0	0	3.68		100.051	99.6423	0.0583883	0	0.583584	0.0382291	15.5838	1		0.0088623	12.0705	50.1229	0	0	0	
2024-06-17 20:18:28	1745	3610	5	0	0	7	29	0	0	0	29	0	0	5.25	29	0	0	0	29	0	0	1.515		100.044	91.6944	0.13146	0	1.31403	0.120755	14.4485	1		0.0088623	12.0705	48.3036	0	0	0	
2024-06-17 20:18:38	1746	3611	9	0	0	7	29	0	0	0	29	0	0	4	29	0	0	0	29	0	0	2.598		100.049	91.7675	0.0761242	0	0.760873	0.166167	14.3421	1		0	12.0616	48.1737	0	0	0	
2024-06-17 20:08:08	1676	3612	1	0	0	1	5	0	0	0	5	0	0	3.5	5	0	0	0	5	0	0	2.165		100.058	100.262	0.0850707	0	0.850216	0.0925447	13.3552	1		0.0088623	12.0616	50.7726	0	0	0	
2024-06-17 20:17:29	1739	3613	1	0	0	6	25	0	0	0	25	0	0	2.5	25	0	0	0	25	0	0	3.031		100.049	94.4137	0.0745328	0	0.744961	0.895686	16.3825	1		0.0088623	12.0705	48.4336	0	0	0	
2024-06-17 20:27:33	1807	3614	1	0	0	3.75	16	0	0	0	16	0	0	2	16	0	0	0	16	0	0	1.515		100.048	89.9201	0.126597	0	1.26536	0.0851407	13.9134	1		0	12.0705	48.1737	0	0	0	
2024-06-17 20:14:45	1721	3615	1	0	0	5	21	0	0	0	21	0	0	2	21	0	0	0	21	0	0	2.598		100.048	94.9094	0.0762262	0	0.7619	0.331392	14.3615	1		0.0088623	12.0705	48.6935	0	0	0	
2024-06-17 20:09:45	1687	3616	1	0	0	2	9	0	0	0	9	0	0	1.75	9	0	0	0	9	0	0	0.216		100.048	98.9587	0.712312	0	7.11967	0.269235	11.1836	1		0.0088623	12.0705	49.9929	0	0	0	
2024-06-17 20:19:37	1753	3617	1	0	0	7	29	0	0	0	29	0	0	0	29	0	0	0	29	0	0	6.061		100.045	94.6897	0.0402649	0	0.402467	0.247227	17.7014	1		0.0088623	12.0616	48.3036	0	0	0	
2024-06-17 20:05:59	1663	3618	1	0	0	0	1	0	0	0	1	0	0	3	1	0	0	0	1	0	0	2.598		100.057	97.3689	0.0757792	0	0.757361	0.116322	14.2759	2		0.0088623	12.0705	52.4619	0	0	0	
2024-06-17 20:11:24	1698	3619	5	0	0	3	13	0	0	0	13	0	0	7	13	0	0	0	13	0	0	3.464		100.051	98.2177	0.0593617	0	0.593316	0.196208	14.9116	1		0.0088623	12.0705	49.3432	0	0	0	
2024-06-17 20:16:45	1734	3620	5	0	0	6	25	0	0	0	25	0	0	7.75	25	0	0	0	25	0	0	1.515		100.044	91.3464	0.135489	0	1.35428	0.109261	14.8911	1		0	12.0705	48.4336	0	0	0	
2024-06-17 20:16:54	1735	3621	5	0	0	6	25	0	0	0	25	0	0	6.5	25	0	0	0	25	0	0	0.433		100.044	91.6249	0.504618	0	5.04395	0.297051	15.846	1		0.0088623	12.0705	48.4336	0	0	0	
2024-06-17 20:21:27	1765	3622	1	0	0	7.75	32	0	0	0	32	0	0	0.75	32	0	0	0	32	0	0	6.061		100.041	92.636	0.0365605	0	0.365456	0.337011	16.0736	1		0	12.0705	48.0437	0	0	0	
2024-06-17 20:15:48	1728	3623	5	0	0	5	21	0	0	0	21	0	0	3.75	21	0	0	0	21	0	0	1.082		100.048	94.4408	0.186126	0	1.86037	0.21285	14.6113	1		0	12.0705	48.4336	0	0	0	
2024-06-17 20:12:32	1706	3624	1	0	0	3	13	0	0	0	13	0	0	0.5	13	0	0	0	13	0	0	2.165		100.051	97.3602	0.0865909	0	0.865468	0.212953	13.5947	1		0.0088623	12.0705	49.0833	0	0	0	
2024-06-17 20:08:53	1681	3625	5	0	0	1	5	0	0	0	5	0	0	1.5	5	0	0	0	5	0	0	0.433		100.054	99.6069	0.445067	0	4.44828	0.13366	13.9747	1		0.0088623	12.0705	50.3827	0	0	0	
2024-06-17 20:29:25	1820	3626	1	0	0	2	9	0	0	5.75	9	0	0	3.25	9	0	0	4.5	9	0	0	0.649		100.053	19.7456	0.170372	0	1.70282	0.118989	13.3739	2		0.0088623	12.0705	48.3036	0	0	0	
2024-06-17 20:14:10	1717	3627	1	0	0	4	17	0	0	0	17	0	0	1.75	17	0	0	0	17	0	0	1.948		100.048	94.8739	0.0957629	0	0.957171	0.0294059	13.5317	1		0.0088623	12.0705	48.6935	0	0	0	
2024-06-17 20:24:09	1783	3628	1	0	0	2.5	11	0	0	0	11	0	0	3.25	11	0	0	0	11	0	0	0.649		100.044	90.9059	0.304028	0	3.03894	0.299163	14.3207	1		0.0088623	12.0705	48.1737	0	0	0	
2024-06-17 20:20:24	1758	3629	9	0	0	7.75	32	0	0	0	32	0	0	5.5	32	0	0	0	32	0	0	1.948		100.04	93.4552	0.0995053	0	0.99465	0.0526183	14.0615	1		0.0088623	12.0705	48.1737	0	0	0	
2024-06-17 20:20:06	1756	3630	9	0	0	7.75	32	0	0	0	32	0	0	4.25	32	0	0	0	32	0	0	3.031		100.042	92.1476	0.0638376	0	0.638109	0.126306	14.0327	1		0.0088623	12.0705	48.1737	0	0	0	
2024-06-17 20:17:38	1740	3631	5	0	0	6	25	0	0	0	25	0	0	1.5	25	0	0	0	25	0	0	3.897		100.045	91.9207	0.0591956	0	0.591692	0.134876	16.7297	2		0.0088623	12.0705	48.1737	0	0	0	
2024-06-17 20:13:18	1711	3632	9	0	0	4	17	0	0	0	17	0	0	5	17	0	0	0	17	0	0	0.866		100.051	95.4046	0.244918	0	2.44792	0.162502	15.3807	1		0	12.0705	48.8234	0	0	0	
2024-06-17 20:14:18	1718	3633	1	0	0	4	17	0	0	0	17	0	0	3.75	17	0	0	0	17	0	0	0.216		100.053	96.5129	0.798886	0	7.98465	0.309899	12.5423	1		0	12.0705	48.6935	0	0	0	
2024-06-17 20:06:37	1667	3634	1	0	0	0	1	0	0	0	1	0	0	1.25	1	0	0	0	1	0	0	1.082		100.059	102.433	0.178901	0	1.78795	0.589276	14.0425	1		0.0088623	12.0705	51.6822	0	0	0	
2024-06-17 20:09:36	1686	3635	9	0	0	2	9	0	0	0	9	0	0	5.5	9	0	0	0	9	0	0	3.031		100.048	99.4805	0.0978624	0	0.97816	0.667438	21.5109	1		0.0088623	12.0705	49.9929	0	0	0	
2024-06-17 20:09:53	1688	3636	5	0	0	2	9	0	0	0	9	0	0	4.25	9	0	0	0	9	0	0	1.948		100.052	99.92	0.0983423	0	0.982911	0.269427	13.8956	1		0.0088623	11.9375	49.733	0	0	0	
2024-06-17 20:18:19	1744	3637	1	0	0	7	29	0	0	0	29	0	0	3.25	29	0	0	0	29	0	0	3.247		100.044	90.549	0.0618947	0	0.618674	0.0308204	14.5772	1		0.0088623	12.0705	48.3036	0	0	0	
2024-06-17 20:08:34	1679	3638	5	0	0	1	5	0	0	0	5	0	0	2.75	5	0	0	0	5	0	0	1.515		100.054	100.985	0.119718	0	1.19653	0.124708	13.1566	1		0.0088623	12.0705	50.5127	0	0	0	
2024-06-17 20:06:11	1664	3639	5	0	0	0	1	0	0	0	1	0	0	7	1	0	0	0	1	0	0	6.061		100.058	98.0246	0.0397959	0	0.397729	0.291445	17.493	1		0.0088623	12.0705	51.9421	0	0	0	
2024-06-17 20:15:56	1729	3640	5	0	0	5	21	0	0	0	21	0	0	1.25	21	0	0	0	21	0	0	3.247		100.044	93.8609	0.0662967	0	0.662678	0.302821	15.614	1		0.0088623	12.0705	48.4336	0	0	0	
2024-06-17 20:10:20	1691	3641	5	0	0	2	9	0	0	0	9	0	0	1	9	0	0	0	9	0	0	0.866		100.054	98.1968	0.215586	0	2.1547	0.0628518	13.5384	1		0	12.0616	49.733	0	0	0	
2024-06-17 20:11:05	1696	3642	5	0	0	3	13	0	0	0	13	0	0	7.5	13	0	0	0	13	0	0	3.897		100.052	98.1246	0.0532688	0	0.53241	0.605467	15.0535	1		0.0088623	12.0705	49.4731	0	0	0	
2024-06-17 20:11:13	1697	3643	9	0	0	3	13	0	0	0	13	0	0	6.25	13	0	0	0	13	0	0	2.814		100.048	97.7457	0.0721869	0	0.721521	0.327194	14.7337	1		0.0088623	12.0705	49.4731	0	0	0	
2024-06-17 20:18:07	1743	3644	5	0	0	7	29	0	0	0	29	0	0	7.25	29	0	0	0	29	0	0	0.216		100.044	91.0252	0.719014	0	7.18699	0.377917	11.2893	2		0.0088623	12.0705	48.3036	0	0	0	
2024-06-17 20:07:22	1671	3645	5	0	0	1	5	0	0	0	5	0	0	6.75	5	0	0	0	5	0	0	4.979		100.058	98.3689	0.0500817	0	0.500526	0.289499	18.0832	2		0.0088623	12.0705	51.1624	0	0	0	
2024-06-17 20:17:13	1737	3646	9	0	0	6	25	0	0	0	25	0	0	5.75	25	0	0	0	25	0	0	0.216		100.049	92.119	0.787702	0	7.87316	0.262248	12.3671	1		0	12.0616	48.1737	0	0	0	
2024-06-17 20:16:54	1735	3647	9	0	0	6	25	0	0	0	25	0	0	4.5	25	0	0	0	25	0	0	1.299		100.044	91.6249	0.157304	0	1.57234	0.252797	14.819	1		0.0088623	12.0705	48.4336	0	0	0	
2024-06-17 20:20:33	1759	3648	1	0	0	7.75	32	0	0	0	32	0	0	0	32	0	0	0	32	0	0	6.711		100.041	92.6795	0.0341243	0	0.341102	0.477902	16.6099	1		0.0088623	12.0705	48.1737	0	0	0	
2024-06-17 20:16:05	1730	3649	5	0	0	5	21	0	0	0	21	0	0	3	21	0	0	0	21	0	0	1.732		100.046	93.3323	0.1085	0	1.08449	0.109112	13.6282	1		0.0088623	12.0705	48.3036	0	0	0	
2024-06-17 20:08:18	1677	3650	1	0	0	1	5	0	0	0	5	0	0	0.75	5	0	0	0	5	0	0	0.216		100.056	100.147	0.723651	0	7.23249	0.29744	11.3608	1		0.0088623	12.0705	50.5127	0	0	0	
2024-06-17 20:25:59	1796	3651	1	0	0	5.75	24	0	0	0	24	0	0	2	24	0	0	0	24	0	0	3.247		100.038	90.6018	0.0656233	0	0.655982	0.175498	15.4562	1		0	12.0705	48.1737	0	0	0	
2024-06-17 20:14:18	1718	3652	5	0	0	4	17	0	0	0	17	0	0	1	17	0	0	0	17	0	0	2.598		100.053	96.5129	0.0730641	0	0.730256	0.163219	13.765	1		0	12.0705	48.6935	0	0	0	
2024-06-17 20:20:59	1762	3653	1	0	0	7.75	32	0	0	0	32	0	0	3.5	32	0	0	0	32	0	0	3.68		100.041	91.7002	0.0525122	0	0.524906	0.103426	14.0169	1		0.0088623	12.0705	48.0437	0	0	0	
2024-06-17 20:17:59	1742	3654	1	0	0	6	25	0	0	0	25	0	0	0.75	25	0	0	0	25	0	0	4.546		100.043	92.0785	0.0528845	0	0.528616	0.0296963	17.4373	1		0.0088623	12.0705	48.1737	0	0	0	
2024-06-17 20:13:44	1714	3655	1	0	0	4	17	0	0	0	17	0	0	3	17	0	0	0	17	0	0	0.866		100.048	95.039	0.233869	0	2.33757	0.0599558	14.6874	1		0	12.0705	48.6935	0	0	0	
2024-06-17 20:06:45	1668	3656	5	0	0	0	1	0	0	0	1	0	0	0.5	1	0	0	0	1	0	0	0.433		100.056	97.9383	0.448385	0	4.48136	0.191796	14.0786	4		0.0088623	12.0705	51.8122	0	0	0	
2024-06-17 20:28:32	1814	3657	1	0	0	3.5	15	0	0	4.25	15	0	0	2.75	15	0	0	5	15	0	0	0.389		100.05	19.0401	0.320635	0	3.20475	0.233969	15.102	1		0.0088623	12.0705	48.3036	0	0	0	
2024-06-17 20:10:29	1692	3658	1	0	0	2	9	0	0	0	9	0	0	3.5	9	0	0	0	9	0	0	1.299		100.051	98.3148	0.147008	0	1.46933	0.133694	13.8481	1		0	12.0705	49.733	0	0	0	
2024-06-17 20:19:45	1754	3659	5	0	0	7	29	0	0	0	29	0	0	2.5	29	0	0	0	29	0	0	3.897		100.042	95.1045	0.055573	0	0.555495	0.605647	15.7063	1		0.0088623	12.0705	48.3036	0	0	0	
2024-06-17 20:19:45	1754	3660	1	0	0	7	29	0	0	0	29	0	0	2	29	0	0	0	29	0	0	4.33		100.042	95.1045	0.0504488	0	0.504275	0.232816	15.8423	1		0.0088623	12.0705	48.3036	0	0	0	
2024-06-17 20:06:19	1665	3661	5	0	0	0	1	0	0	0	1	0	0	7.5	1	0	0	0	1	0	0	6.494		100.058	100.043	0.0372624	0	0.372406	0.872761	17.5492	1		0.0088623	12.0705	51.9421	0	0	0	
2024-06-17 20:05:51	1662	3662	5	0	0	0	1	0	0	0	1	0	0	6.25	1	0	0	0	1	0	0	5.412		100.058	95.1052	0.0436648	0	0.436394	0.237016	17.1372	1		0.0088623	12.0705	52.5918	0	0	0	
2024-06-17 20:15:56	1729	3663	1	0	0	5	21	0	0	0	21	0	0	0.5	21	0	0	0	21	0	0	3.897		100.044	93.8609	0.058635	0	0.586094	0.144121	16.5714	1		0.0088623	12.0705	48.4336	0	0	0	
2024-06-17 20:26:49	1802	3664	1	0	0	1.25	6	0	0	0	6	0	0	0.5	6	0	0	0	6	0	0	0.649		100.045	91.4744	0.308472	0	3.08333	0.117633	14.5298	1		0	12.0705	48.1737	0	0	0	
2024-06-17 20:15:20	1725	3665	9	0	0	5	21	0	0	0	21	0	0	7	21	0	0	0	21	0	0	1.732		100.052	96.2594	0.114657	0	1.14597	0.04112	14.4007	1		0.0088623	12.0616	48.4336	0	0	0	
2024-06-17 20:10:38	1693	3666	5	0	0	2	9	0	0	0	9	0	0	0.25	9	0	0	0	9	0	0	1.515		100.05	97.7767	0.123751	0	1.2369	0.0858064	13.6004	1		0.0088623	12.0705	49.733	0	0	0	
2024-06-17 20:12:42	1707	3667	9	0	0	4	17	0	0	0	17	0	0	7	17	0	0	0	17	0	0	2.598		100.051	96.543	0.0769305	0	0.768916	0.171325	14.4937	1		0	12.0705	48.9533	0	0	0	
2024-06-17 20:11:58	1702	3668	9	0	0	3	13	0	0	0	13	0	0	5.5	13	0	0	0	13	0	0	2.165		100.053	97.2626	0.0911237	0	0.910759	0.0889204	14.3062	1		0.0088623	12.0705	49.2132	0	0	0	
2024-06-17 20:11:05	1696	3669	9	0	0	3	13	0	0	0	13	0	0	4.25	13	0	0	0	13	0	0	1.082		100.052	98.1246	0.182228	0	1.82132	0.213913	14.3046	1		0.0088623	12.0705	49.4731	0	0	0	
2024-06-17 20:18:19	1744	3670	5	0	0	7	29	0	0	0	29	0	0	7.75	29	0	0	0	29	0	0	0.649		100.044	90.549	0.338745	0	3.38596	0.468245	15.9559	1		0.0088623	12.0705	48.3036	0	0	0	
2024-06-17 20:18:38	1746	3671	5	0	0	7	29	0	0	0	29	0	0	6.5	29	0	0	0	29	0	0	0.433		100.049	91.7675	0.481953	0	4.81719	0.394114	15.1336	1		0	12.0616	48.1737	0	0	0	
2024-06-17 20:08:08	1676	3672	9	0	0	1	5	0	0	0	5	0	0	6	5	0	0	0	5	0	0	4.33		100.058	100.262	0.0558393	0	0.558071	0.620063	17.5323	1		0.0088623	12.0616	50.7726	0	0	0	
2024-06-17 20:08:18	1677	3673	5	0	0	1	5	0	0	0	5	0	0	4.75	5	0	0	0	5	0	0	3.247		100.056	100.147	0.0676176	0	0.6758	0.0610267	15.9232	1		0.0088623	12.0705	50.5127	0	0	0	
2024-06-17 20:24:25	1785	3674	9	0	0	4.75	20	0	0	0	20	0	0	5	20	0	0	0	20	0	0	0.216		100.043	91.5794	0.752913	0	7.52592	0.318884	11.8217	1		0	12.0705	48.0437	0	0	0	
2024-06-17 20:16:23	1732	3675	9	0	0	6	25	0	0	0	25	0	0	5	25	0	0	0	25	0	0	0.866		100.049	91.7457	0.244219	0	2.441	0.168729	15.3373	2		0.0088623	12.0705	48.4336	0	0	0	
2024-06-17 20:16:23	1732	3676	1	0	0	6	25	0	0	0	25	0	0	3.75	25	0	0	0	25	0	0	1.948		100.049	91.7457	0.102383	0	1.02333	0.112313	14.467	2		0.0088623	12.0705	48.4336	0	0	0	
2024-06-17 20:07:22	1671	3677	1	0	0	1	5	0	0	0	5	0	0	0	5	0	0	0	5	0	0	0.866		100.058	98.3689	0.232936	0	2.328	0.0378894	14.6273	2		0.0088623	12.0705	51.1624	0	0	0	
2024-06-17 20:23:06	1776	3678	9	0	0	0.75	4	0	0	0	4	0	0	7	4	0	0	0	4	0	0	5.412		100.043	93.4353	0.0431998	0	0.431812	0.614282	16.9572	1		0.0088623	12.0705	48.0437	0	0	0	
2024-06-17 20:13:09	1710	3679	1	0	0	4	17	0	0	0	17	0	0	0.25	17	0	0	0	17	0	0	3.247		100.047	95.9957	0.0605563	0	0.605278	0.096566	14.2615	1		0	12.0705	48.9533	0	0	0	
2024-06-17 20:21:34	1766	3680	1	0	0	7.75	32	0	0	0	32	0	0	2.75	32	0	0	0	32	0	0	4.33		100.043	93.9631	0.0465644	0	0.465443	0.235202	14.6223	1		0.0088623	12.0616	48.3036	0	0	0	
2024-06-17 20:17:59	1742	3681	5	0	0	6	25	0	0	0	25	0	0	0	25	0	0	0	25	0	0	5.195		100.043	92.0785	0.0489057	0	0.488846	0.224347	18.4291	1		0.0088623	12.0705	48.1737	0	0	0	
2024-06-17 20:10:38	1693	3682	1	0	0	2	9	0	0	0	9	0	0	2.75	9	0	0	0	9	0	0	0.649		100.05	97.7767	0.307774	0	3.07622	0.263836	14.4963	1		0.0088623	12.0705	49.733	0	0	0	
2024-06-17 20:19:20	1751	3683	1	0	0	7	29	0	0	0	29	0	0	1.25	29	0	0	0	29	0	0	4.979		100.04	93.4856	0.0478599	0	0.478405	0.527732	17.284	1		0.0088623	12.0705	48.3036	0	0	0	
2024-06-17 20:05:33	1660	3684	5	0	0	0	1	0	0	0	1	0	0	5.5	1	0	0	0	1	0	0	4.762		100.062	91.0965	0.0593598	0	0.59323	0.264606	20.5005	1		0.0088623	12.0705	52.8517	0	0	0	
2024-06-17 20:05:33	1660	3685	9	0	0	0	1	0	0	0	1	0	0	4.25	1	0	0	0	1	0	0	3.68		100.062	91.0965	0.0567138	0	0.566786	0.719589	15.1352	1		0.0088623	12.0705	52.8517	0	0	0	
