Time	MeasID	DPID	Channel	A(x)	A(y)	A(z)	A(adr)	B(x)	B(y)	B(z)	B(adr)	M(x)	M(y)	M(z)	M(adr)	N(x)	N(y)	N(z)	N(adr)	F(x)	F(y)	F(z)	Note	I(mA)	Uout(V)	U(V)	SP(V)	R(Ohm)	Var(%)	Rho-a(Ohm-m)	Cycles	IP Delay Window(mV/V)	Pint(V)	Pext(V)	T int(deg C)	T log(deg C)	Latitude	Longitude
2024-06-11 18:34:25	1596	3016	5	0	0	7.75	32	0	0	0	32	0	0	2	32	0	0	0	32	0	0	4.979		99.9237	49.3488	0.0422493	0	0.422815	0.0774368	15.2756	1		0	12.0705	36.6085	0	0	0	
2024-06-11 18:28:48	1554	3017	5	0	0	5	21	0	0	0	21	0	0	7.5	21	0	0	0	21	0	0	2.165		99.9269	49.8841	0.102961	0	1.03036	0.288337	16.1849	1		0	12.0705	37.1283	0	0	0	
2024-06-11 18:28:09	1550	3018	5	0	0	5	21	0	0	0	21	0	0	6.25	21	0	0	0	21	0	0	1.082		99.9203	49.8856	0.264407	0	2.64617	0.0377724	20.783	2		0	12.0705	37.2582	0	0	0	
2024-06-11 18:26:26	1536	3019	5	0	0	3	13	0	0	0	13	0	0	1.75	13	0	0	0	13	0	0	1.082		99.9323	49.6741	0.200427	0	2.00563	0.354425	15.7522	1		0	12.0705	37.778	0	0	0	
2024-06-11 18:33:53	1592	3020	5	0	0	7.75	32	0	0	0	32	0	0	6.75	32	0	0	0	32	0	0	0.866		99.9236	49.565	0.282275	0	2.82491	0.257106	17.7494	1		0	12.0705	36.7384	0	0	0	
2024-06-11 18:40:14	1638	3021	1	0	0	3.25	14	0	0	0	14	0	0	2.5	14	0	0	0	14	0	0	0.649		99.9279	48.8633	0.37217	0	3.72439	0.334212	17.5508	2		0	12.0705	36.7384	0	0	0	
2024-06-11 18:27:05	1541	3022	5	0	0	4	17	0	0	0	17	0	0	7.5	17	0	0	0	17	0	0	3.031		99.9256	48.9275	0.0639519	0	0.639995	0.341324	14.0742	1		0	12.0705	37.5181	0	0	0	
2024-06-11 18:27:18	1543	3023	9	0	0	4	17	0	0	0	17	0	0	6.25	17	0	0	0	17	0	0	1.948		99.924	48.9341	0.100545	0	1.00622	0.0545874	14.2251	1		0	12.0616	37.5181	0	0	0	
2024-06-11 18:26:18	1535	3024	1	0	0	3	13	0	0	0	13	0	0	3.5	13	0	0	0	13	0	0	0.433		99.9301	49.6308	0.579931	0	5.80336	0.490932	18.2318	1		0	12.0616	37.778	0	0	0	
2024-06-11 18:24:18	1520	3025	5	0	0	2	9	0	0	0	9	0	0	6.75	9	0	0	0	9	0	0	4.113		99.9289	49.0953	0.0507466	0	0.507827	0.253864	15.1562	1		0	12.0705	38.5577	0	0	0	
2024-06-11 18:32:25	1580	3026	5	0	0	7	29	0	0	0	29	0	0	5.75	29	0	0	0	29	0	0	1.082		99.9265	49.0188	0.240184	0	2.4036	0.324007	18.8779	1		0	12.0705	36.7384	0	0	0	
2024-06-11 18:32:03	1577	3027	9	0	0	7	29	0	0	0	29	0	0	4.5	29	0	0	0	29	0	0	2.165		99.9295	48.9644	0.0949889	0	0.950559	0.0887117	14.9313	1		0	12.0705	36.7384	0	0	0	
2024-06-11 18:21:57	1502	3028	5	0	0	1	5	0	0	0	5	0	0	5.25	5	0	0	0	5	0	0	3.68		99.9378	49.2666	0.065531	0	0.655718	0.288806	17.51	2		0	12.0705	39.9871	0	0	0	
2024-06-11 18:22:53	1509	3029	9	0	0	1	5	0	0	0	5	0	0	4	5	0	0	0	5	0	0	2.598		99.9324	49.077	0.0798575	0	0.799116	0.105792	15.063	2		0	11.973	39.3374	0	0	0	
2024-06-11 18:38:33	1626	3030	1	0	0	4.75	20	0	0	0	20	0	0	3	20	0	0	0	20	0	0	1.515		99.9313	48.9056	0.13474	0	1.34833	0.638484	14.8257	1		0	12.0705	36.6085	0	0	0	
2024-06-11 18:30:20	1565	3031	1	0	0	6	25	0	0	0	25	0	0	3	25	0	0	0	25	0	0	2.598		99.9252	49.2369	0.0764274	0	0.764847	0.283109	14.417	1		0	12.0616	36.9983	0	0	0	
2024-06-11 18:24:42	1523	3032	1	0	0	2	9	0	0	0	9	0	0	2.25	9	0	0	0	9	0	0	0.216		99.934	49.0804	0.99482	0	9.95477	0.437481	15.6369	1		0	12.0616	38.2978	0	0	0	
2024-06-11 18:32:25	1580	3033	1	0	0	7	29	0	0	0	29	0	0	0.5	29	0	0	0	29	0	0	5.628		99.9265	49.0188	0.0412735	0	0.413038	0.106928	16.8688	1		0	12.0705	36.7384	0	0	0	
2024-06-11 18:21:18	1497	3034	1	0	0	0	1	0	0	0	1	0	0	3.5	1	0	0	0	1	0	0	3.031		99.9381	49.8183	0.0772949	0	0.773428	0.252918	17.0086	2		0	11.973	40.5069	0	0	0	
2024-06-11 18:40:07	1637	3035	1	0	0	1.75	8	0	0	0	8	0	0	0	8	0	0	0	8	0	0	1.515		99.9277	48.8928	0.131718	0	1.31813	0.605721	14.4936	1		0	12.0616	36.4785	0	0	0	
2024-06-11 18:30:20	1565	3036	5	0	0	6	25	0	0	0	25	0	0	7	25	0	0	0	25	0	0	0.866		99.9252	49.2369	0.291496	0	2.91714	0.791928	18.3289	1		0	12.0616	36.9983	0	0	0	
2024-06-11 18:39:18	1631	3037	1	0	0	6.5	27	0	0	0	27	0	0	1.25	27	0	0	0	27	0	0	4.546		99.9232	48.851	0.0591979	0	0.592434	0.255892	19.5425	2		0	12.0705	36.7384	0	0	0	
2024-06-11 18:34:25	1596	3038	1	0	0	7.75	32	0	0	0	32	0	0	1.25	32	0	0	0	32	0	0	5.628		99.9237	49.3488	0.0389703	0	0.39	0.00199802	15.9279	1		0	12.0705	36.6085	0	0	0	
2024-06-11 18:28:38	1553	3039	9	0	0	5	21	0	0	0	21	0	0	5.5	21	0	0	0	21	0	0	0.433		99.9267	49.8417	0.917837	0	9.1851	0.172191	28.8558	2		0	12.0616	37.2582	0	0	0	
2024-06-11 18:28:20	1551	3040	5	0	0	5	21	0	0	0	21	0	0	4.25	21	0	0	0	21	0	0	0.649		99.923	49.8727	0.411146	0	4.11463	0.262498	19.3897	2		0	12.0705	37.2582	0	0	0	
2024-06-11 18:26:11	1534	3041	5	0	0	3	13	0	0	0	13	0	0	1	13	0	0	0	13	0	0	1.732		99.9283	49.6589	0.116373	0	1.16456	0.239467	14.6343	1		0	12.0616	37.778	0	0	0	
2024-06-11 18:22:39	1507	3042	1	0	0	1	5	0	0	0	5	0	0	2	5	0	0	0	5	0	0	0.866		99.9388	49.2985	0.256682	0	2.56839	0.34054	16.1377	1		0	12.0705	39.4673	0	0	0	
2024-06-11 18:35:47	1606	3043	9	0	0	1.75	8	0	0	0	8	0	0	6	8	0	0	0	8	0	0	3.68		99.9238	49.0245	0.0611047	0	0.611513	0.173863	16.3296	1		0	12.0705	36.7384	0	0	0	
2024-06-11 18:27:55	1548	3044	1	0	0	4	17	0	0	0	17	0	0	2.25	17	0	0	0	17	0	0	1.515		99.9265	48.9397	0.128652	0	1.28747	0.0337621	14.1565	1		0	11.973	37.3882	0	0	0	
2024-06-11 18:33:39	1590	3045	5	0	0	7.75	32	0	0	0	32	0	0	6	32	0	0	0	32	0	0	1.515		99.9247	49.4584	0.15554	0	1.55657	0.267113	17.1154	1		0	12.0705	36.7384	0	0	0	
2024-06-11 18:33:31	1589	3046	9	0	0	7.75	32	0	0	0	32	0	0	4.75	32	0	0	0	32	0	0	2.598		99.9256	49.4306	0.0852623	0	0.853257	0.170582	16.0835	1		0	12.0705	36.4785	0	0	0	
2024-06-11 18:29:52	1562	3047	1	0	0	6	25	0	0	0	25	0	0	2	25	0	0	0	25	0	0	3.464		99.9278	49.2137	0.0617916	0	0.618362	0.56551	15.5411	2		0.0088623	12.0705	36.9983	0	0	0	
2024-06-11 18:27:26	1544	3048	5	0	0	4	17	0	0	0	17	0	0	5.5	17	0	0	0	17	0	0	1.299		99.9249	48.9998	0.18517	0	1.85309	0.407916	17.4649	1		0	12.0705	37.3882	0	0	0	
2024-06-11 18:26:40	1538	3049	9	0	0	4	17	0	0	0	17	0	0	4.25	17	0	0	0	17	0	0	0.216		99.9229	48.9304	0.869098	0	8.69768	0.185699	13.6623	2		0.0088623	12.0616	37.6481	0	0	0	
2024-06-11 18:20:49	1493	3050	1	0	0	0	1	0	0	0	1	0	0	1.75	1	0	0	0	1	0	0	1.515		99.9399	50.0417	0.130155	0	1.30233	0.554136	14.3199	1		0	12.0705	41.1566	0	0	0	
2024-06-11 18:41:23	1646	3051	1	0	0	3.75	16	0	0	4	16	0	0	3.5	16	0	0	4.25	16	0	0	0.13		99.9309	18.9871	0.722586	0	7.23085	0.312283	11.3582	1		0	12.0705	36.4785	0	0	0	
2024-06-11 18:26:33	1537	3052	5	0	0	3	13	0	0	0	13	0	0	2.75	13	0	0	0	13	0	0	0.216		99.9258	49.6189	1.00818	0	10.0892	0.635619	15.8481	1		0	12.0705	37.778	0	0	0	
2024-06-11 18:23:53	1517	3053	9	0	0	2	9	0	0	0	9	0	0	6	9	0	0	0	9	0	0	3.464		99.9339	49.1503	0.0666893	0	0.667334	0.201848	16.7719	1		0	12.0705	38.6876	0	0	0	
2024-06-11 18:23:46	1516	3054	5	0	0	2	9	0	0	0	9	0	0	4.75	9	0	0	0	9	0	0	2.381		99.9315	49.1575	0.0900526	0	0.901143	0.430945	15.5706	1		0	12.0616	38.8176	0	0	0	
2024-06-11 18:32:03	1577	3055	5	0	0	7	29	0	0	0	29	0	0	5	29	0	0	0	29	0	0	1.732		99.9295	48.9644	0.134934	0	1.35029	0.286252	16.9682	1		0	12.0705	36.7384	0	0	0	
2024-06-11 18:32:03	1577	3056	1	0	0	7	29	0	0	0	29	0	0	3.75	29	0	0	0	29	0	0	2.814		99.9295	48.9644	0.0696102	0	0.696594	0.11289	14.2247	1		0	12.0705	36.7384	0	0	0	
2024-06-11 18:22:07	1503	3057	1	0	0	1	5	0	0	0	5	0	0	3.25	5	0	0	0	5	0	0	1.948		99.9359	49.2653	0.103209	0	1.03276	0.172773	14.6003	1		0	12.0705	39.8571	0	0	0	
2024-06-11 18:35:22	1603	3058	9	0	0	2.75	12	0	0	0	12	0	0	5	12	0	0	0	12	0	0	1.948		99.9262	48.6593	0.106449	0	1.06528	0.933141	15.06	1		0	12.0705	36.7384	0	0	0	
2024-06-11 18:28:20	1551	3059	1	0	0	5	21	0	0	0	21	0	0	1.75	21	0	0	0	21	0	0	2.814		99.923	49.8727	0.0729669	0	0.730231	0.319844	14.9116	2		0	12.0705	37.2582	0	0	0	
2024-06-11 18:24:42	1523	3060	5	0	0	2	9	0	0	0	9	0	0	1.5	9	0	0	0	9	0	0	0.433		99.934	49.0804	0.54951	0	5.49873	0.386875	17.2748	1		0	12.0616	38.2978	0	0	0	
2024-06-11 18:20:42	1492	3061	1	0	0	0	1	0	0	0	1	0	0	2.75	1	0	0	0	1	0	0	2.381		99.9436	50.1143	0.11258	0	1.12644	0.0818537	19.4635	1		0	12.0705	41.2865	0	0	0	
2024-06-11 18:35:14	1602	3062	9	0	0	3.25	14	0	0	0	14	0	0	4.5	14	0	0	0	14	0	0	1.082		99.9239	48.9533	0.199259	0	1.99411	0.63357	15.6617	1		0	12.0705	36.7384	0	0	0	
2024-06-11 18:26:03	1533	3063	9	0	0	3	13	0	0	0	13	0	0	6.75	13	0	0	0	13	0	0	3.247		99.9314	49.6018	0.0634399	0	0.634835	0.237718	14.9579	1		0	12.0705	37.778	0	0	0	
2024-06-11 18:22:53	1509	3064	5	0	0	1	5	0	0	0	5	0	0	7.25	5	0	0	0	5	0	0	5.412		99.9324	49.077	0.0662924	0	0.663373	0.45061	26.0506	2		0	11.973	39.3374	0	0	0	
2024-06-11 18:29:52	1562	3065	5	0	0	6	25	0	0	0	25	0	0	7.5	25	0	0	0	25	0	0	1.299		99.9278	49.2137	0.1777	0	1.77828	0.178796	16.7599	2		0.0088623	12.0705	36.9983	0	0	0	
2024-06-11 18:30:02	1563	3066	5	0	0	6	25	0	0	0	25	0	0	6.25	25	0	0	0	25	0	0	0.216		99.9255	49.1494	1.07775	0	10.7856	0.262058	16.9419	2		0	12.0705	36.9983	0	0	0	
2024-06-11 18:34:15	1595	3067	1	0	0	7.75	32	0	0	0	32	0	0	0.5	32	0	0	0	32	0	0	6.278		99.9238	49.3449	0.0365051	0	0.36533	0.617379	16.6419	2		0	12.0705	36.7384	0	0	0	
2024-06-11 18:29:30	1559	3068	5	0	0	5	21	0	0	0	21	0	0	3.5	21	0	0	0	21	0	0	1.299		99.9228	49.879	0.158575	0	1.58698	0.400597	14.9569	1		0	12.0705	36.9983	0	0	0	
2024-06-11 18:25:23	1528	3069	1	0	0	3	13	0	0	0	13	0	0	0.25	13	0	0	0	13	0	0	2.381		99.9302	49.7725	0.080968	0	0.810246	0.45456	14	1		0	12.0705	38.0379	0	0	0	
2024-06-11 18:22:31	1506	3070	1	0	0	1	5	0	0	0	5	0	0	1.25	5	0	0	0	5	0	0	0.216		99.9415	49.1498	0.976316	0	9.76888	0.654709	15.3449	1		0	12.0705	39.5972	0	0	0	
2024-06-11 18:27:48	1547	3071	5	0	0	4	17	0	0	0	17	0	0	1.5	17	0	0	0	17	0	0	2.165		99.9225	48.9457	0.0871848	0	0.872523	0.18361	13.7056	1		0	12.0705	37.3882	0	0	0	
2024-06-11 18:35:54	1607	3072	9	0	0	1.5	7	0	0	0	7	0	0	6.25	7	0	0	0	7	0	0	4.113		99.9265	48.3817	0.051552	0	0.515899	0.711566	15.3971	1		0	12.0616	36.7384	0	0	0	
2024-06-11 18:34:08	1594	3073	5	0	0	7.75	32	0	0	0	32	0	0	5.25	32	0	0	0	32	0	0	2.165		99.9256	49.4279	0.108955	0	1.09036	0.0661022	17.1273	1		0	12.0616	36.7384	0	0	0	
2024-06-11 18:33:17	1587	3074	5	0	0	7.75	32	0	0	0	32	0	0	4	32	0	0	0	32	0	0	3.247		99.9242	49.4523	0.0615055	0	0.615521	0.168896	14.5029	1		0	12.0705	36.7384	0	0	0	
2024-06-11 18:30:56	1569	3075	1	0	0	6	25	0	0	0	25	0	0	1.25	25	0	0	0	25	0	0	4.113		99.9273	49.1816	0.0589755	0	0.590184	0.637833	17.6141	1		0	12.0705	36.8684	0	0	0	
2024-06-11 18:27:11	1542	3076	1	0	0	4	17	0	0	0	17	0	0	3.5	17	0	0	0	17	0	0	0.433		99.9236	48.9222	0.520678	0	5.21076	0.235667	16.3701	1		0	12.0705	37.5181	0	0	0	
2024-06-11 18:21:10	1496	3077	1	0	0	0	1	0	0	0	1	0	0	1	1	0	0	0	1	0	0	0.866		99.9434	49.9367	0.252114	0	2.52257	0.570695	15.8498	1		0	12.0705	40.6368	0	0	0	
2024-06-11 18:23:39	1515	3078	5	0	0	2	9	0	0	0	9	0	0	5.25	9	0	0	0	9	0	0	2.814		99.9328	49.1555	0.0808011	0	0.808554	0.227049	16.511	1		0	12.0705	38.9475	0	0	0	
2024-06-11 18:23:31	1514	3079	5	0	0	2	9	0	0	0	9	0	0	4	9	0	0	0	9	0	0	1.732		99.9312	49.1754	0.118216	0	1.18297	0.188394	14.8656	1		0	12.0705	38.8176	0	0	0	
2024-06-11 18:40:24	1639	3080	1	0	0	3.5	15	0	0	0	15	0	0	2.25	15	0	0	0	15	0	0	1.082		99.9283	48.2075	0.201897	0	2.02042	0.646678	15.8683	1		0	12.0616	36.7384	0	0	0	
2024-06-11 18:32:47	1583	3081	5	0	0	7	29	0	0	0	29	0	0	3	29	0	0	0	29	0	0	3.464		99.9278	48.9868	0.0570968	0	0.57138	0.528882	14.3603	1		0	11.973	36.7384	0	0	0	
2024-06-11 18:22:21	1505	3082	1	0	0	1	5	0	0	0	5	0	0	2.5	5	0	0	0	5	0	0	1.299		99.938	49.1449	0.168762	0	1.68867	0.0706772	15.9153	2		0	12.0616	39.7272	0	0	0	
2024-06-11 18:21:03	1495	3083	9	0	0	0	1	0	0	0	1	0	0	6.75	1	0	0	0	1	0	0	5.845		99.9396	49.8677	0.0370585	0	0.370809	0.397644	15.7266	1		0	11.973	40.7668	0	0	0	
2024-06-11 18:37:00	1615	3084	1	0	0	2.75	12	0	0	0	12	0	0	3	12	0	0	0	12	0	0	0.216		99.9263	48.4901	1.02648	0	10.2724	0.234874	16.1358	2		0	12.0616	36.6085	0	0	0	
2024-06-11 18:28:38	1553	3085	1	0	0	5	21	0	0	0	21	0	0	1	21	0	0	0	21	0	0	3.464		99.9267	49.8417	0.0601554	0	0.601996	0.0713514	15.1298	2		0	12.0616	37.2582	0	0	0	
2024-06-11 18:42:48	1655	3086	1	0	0	0.5	3	0	0	7.25	3	0	0	2.75	3	0	0	5	3	0	0	1.168		99.9243	20.8449	0.0966903	0	0.967636	0.216473	13.6796	2		0	12.0705	36.7384	0	0	0	
2024-06-11 18:37:52	1621	3087	9	0	0	6.75	28	0	0	0	28	0	0	7	28	0	0	0	28	0	0	0.216		99.9261	48.7072	1.0124	0	10.1315	0.216137	15.9145	2		0	12.0705	36.4785	0	0	0	
2024-06-11 18:24:50	1524	3088	5	0	0	2	9	0	0	0	9	0	0	0.75	9	0	0	0	9	0	0	1.082		99.9303	49.1103	0.199095	0	1.99234	0.326319	15.6478	1		0	12.0616	38.2978	0	0	0	
2024-06-11 18:26:03	1533	3089	5	0	0	3	13	0	0	0	13	0	0	6	13	0	0	0	13	0	0	2.598		99.9314	49.6018	0.0817565	0	0.818126	0.123177	15.4213	1		0	12.0705	37.778	0	0	0	
2024-06-11 18:25:45	1531	3090	9	0	0	3	13	0	0	0	13	0	0	4.75	13	0	0	0	13	0	0	1.515		99.931	49.6823	0.141799	0	1.41897	0.192581	15.6024	1		0	12.0705	37.908	0	0	0	
2024-06-11 18:22:39	1507	3091	5	0	0	1	5	0	0	0	5	0	0	7.75	5	0	0	0	5	0	0	5.845		99.9388	49.2985	0.0376077	0	0.376308	0.116233	15.9598	1		0	12.0705	39.4673	0	0	0	
2024-06-11 18:22:07	1503	3092	5	0	0	1	5	0	0	0	5	0	0	6.5	5	0	0	0	5	0	0	4.762		99.9359	49.2653	0.0522684	0	0.523019	0.835687	18.0743	1		0	12.0705	39.8571	0	0	0	
2024-06-11 18:30:45	1568	3093	5	0	0	6	25	0	0	0	25	0	0	5.5	25	0	0	0	25	0	0	0.433		99.9238	49.2284	0.825681	0	8.26311	0.180671	25.9593	2		0	11.973	36.8684	0	0	0	
2024-06-11 18:30:12	1564	3094	5	0	0	6	25	0	0	0	25	0	0	4.25	25	0	0	0	25	0	0	1.515		99.9252	49.2046	0.141924	0	1.4203	0.538779	15.617	1		0	12.0705	36.9983	0	0	0	
2024-06-11 18:29:16	1557	3095	1	0	0	5	21	0	0	0	21	0	0	2.75	21	0	0	0	21	0	0	1.948		99.9267	49.8376	0.10039	0	1.00464	0.509648	14.2027	1		0	12.0705	36.9983	0	0	0	
2024-06-11 18:23:03	1510	3096	1	0	0	1	5	0	0	0	5	0	0	0.5	5	0	0	0	5	0	0	0.433		99.9353	49.1155	0.591077	0	5.91459	0.4798	18.5812	1		0	12.0705	39.2074	0	0	0	
2024-06-11 18:26:58	1540	3097	1	0	0	4	17	0	0	0	17	0	0	0.75	17	0	0	0	17	0	0	2.814		99.9282	48.9671	0.0719112	0	0.719629	0.220967	14.6951	1		0	12.0705	37.5181	0	0	0	
2024-06-11 18:33:24	1588	3098	1	0	0	7.75	32	0	0	0	32	0	0	3.25	32	0	0	0	32	0	0	3.897		99.9228	49.4435	0.0517102	0	0.517502	0.654611	14.632	1		0	12.0705	36.7384	0	0	0	
2024-06-11 18:41:58	1650	3099	1	0	0	2.75	12	0	0	5	12	0	0	0.5	12	0	0	7.25	12	0	0	1.168		99.9258	20.6472	0.100457	0	1.00532	0.201899	14.2123	2		0	12.0705	36.7384	0	0	0	
2024-06-11 18:36:00	1608	3100	9	0	0	1.25	6	0	0	0	6	0	0	6.5	6	0	0	0	6	0	0	4.546		99.9245	48.9363	0.0508843	0	0.509227	0.0593623	16.7977	1		0	12.0616	36.6085	0	0	0	
2024-06-11 18:31:10	1571	3101	1	0	0	6	25	0	0	0	25	0	0	0.5	25	0	0	0	25	0	0	4.762		99.9257	49.205	0.0570478	0	0.570902	0.0742761	19.729	1		0	12.0616	36.8684	0	0	0	
2024-06-11 18:27:05	1541	3102	1	0	0	4	17	0	0	0	17	0	0	2.75	17	0	0	0	17	0	0	1.082		99.9256	48.9275	0.192407	0	1.9255	0.0685036	15.1228	1		0	12.0705	37.5181	0	0	0	
2024-06-11 18:20:16	1490	3103	1	0	0	0	1	0	0	0	1	0	0	0.25	1	0	0	0	1	0	0	0.216		99.9386	50.6018	0.945491	0	9.46072	0.268683	14.8609	2		0	12.0705	41.5464	0	0	0	
2024-06-11 18:23:53	1517	3104	1	0	0	2	9	0	0	0	9	0	0	3.25	9	0	0	0	9	0	0	1.082		99.9339	49.1503	0.202309	0	2.02443	0.428102	15.8998	1		0	12.0705	38.6876	0	0	0	
2024-06-11 18:32:40	1582	3105	5	0	0	7	29	0	0	0	29	0	0	1.75	29	0	0	0	29	0	0	4.546		99.9248	49.0313	0.0474688	0	0.475045	0.0941632	15.6702	1		0	12.0705	36.7384	0	0	0	
2024-06-11 18:20:49	1493	3106	9	0	0	0	1	0	0	0	1	0	0	6	1	0	0	0	1	0	0	5.195		99.9399	50.0417	0.0494558	0	0.494856	0.243404	18.6556	1		0	12.0705	41.1566	0	0	0	
2024-06-11 18:20:42	1492	3107	5	0	0	0	1	0	0	0	1	0	0	4.75	1	0	0	0	1	0	0	4.113		99.9436	50.1143	0.053614	0	0.536442	0.0768492	16.0102	1		0	12.0705	41.2865	0	0	0	
2024-06-11 18:39:35	1633	3108	1	0	0	7.25	30	0	0	0	30	0	0	0.5	30	0	0	0	30	0	0	5.845		99.9211	48.8683	0.052637	0	0.526785	0.918498	22.3418	1		0	11.973	36.6085	0	0	0	
2024-06-11 18:29:23	1558	3109	1	0	0	5	21	0	0	0	21	0	0	0.25	21	0	0	0	21	0	0	4.113		99.9256	49.8621	0.046753	0	0.467878	0.349171	13.9639	1		0	12.0616	36.9983	0	0	0	
2024-06-11 18:28:30	1552	3110	5	0	0	5	21	0	0	0	21	0	0	6.75	21	0	0	0	21	0	0	1.515		99.9257	49.9172	0.160552	0	1.60671	0.214592	17.6667	1		0	12.0705	37.2582	0	0	0	
2024-06-11 18:25:38	1530	3111	1	0	0	3	13	0	0	0	13	0	0	2.25	13	0	0	0	13	0	0	0.649		99.9287	49.6894	0.378157	0	3.78427	0.63536	17.833	1		0	12.0705	38.0379	0	0	0	
2024-06-11 18:24:50	1524	3112	1	0	0	2	9	0	0	0	9	0	0	0	9	0	0	0	9	0	0	1.732		99.9303	49.1103	0.136114	0	1.36209	0.512732	17.1165	1		0	12.0616	38.2978	0	0	0	
2024-06-11 18:38:02	1622	3113	9	0	0	6.5	27	0	0	0	27	0	0	7.25	27	0	0	0	27	0	0	0.649		99.9314	48.8959	0.417609	0	4.17896	0.374756	19.6929	2		0	12.0705	36.6085	0	0	0	
2024-06-11 18:33:46	1591	3114	5	0	0	7.75	32	0	0	0	32	0	0	7.25	32	0	0	0	32	0	0	0.433		99.9253	49.4448	0.572107	0	5.72535	0.973192	17.9867	1		0	12.0616	36.7384	0	0	0	
2024-06-11 18:39:42	1634	3115	1	0	0	7.5	31	0	0	0	31	0	0	0.25	31	0	0	0	31	0	0	6.278		99.9256	49.0955	0.0368803	0	0.369078	0.481529	16.8126	1		0	12.0705	36.7384	0	0	0	
2024-06-11 18:36:33	1612	3116	1	0	0	0.75	4	0	0	0	4	0	0	1	4	0	0	0	4	0	0	0.216		99.9226	49.4189	1.07195	0	10.7278	0.627828	16.8511	1		0	11.973	36.6085	0	0	0	
2024-06-11 18:38:50	1628	3117	1	0	0	5.5	23	0	0	0	23	0	0	2.25	23	0	0	0	23	0	0	2.814		99.9236	49.1326	0.101619	0	1.01696	0.0449533	20.7668	2		0	12.0616	36.6085	0	0	0	
2024-06-11 18:26:50	1539	3118	9	0	0	4	17	0	0	0	17	0	0	6.75	17	0	0	0	17	0	0	2.381		99.9233	48.9205	0.0791429	0	0.792037	0.0305122	13.6854	1		0	12.0705	37.6481	0	0	0	
2024-06-11 18:25:05	1526	3119	5	0	0	3	13	0	0	0	13	0	0	5.25	13	0	0	0	13	0	0	1.948		99.9317	49.7776	0.10912	0	1.09194	0.125044	15.437	2		0	12.0705	38.1678	0	0	0	
2024-06-11 18:25:45	1531	3120	5	0	0	3	13	0	0	0	13	0	0	4	13	0	0	0	13	0	0	0.866		99.931	49.6823	0.256847	0	2.57024	0.203886	16.1493	1		0	12.0705	37.908	0	0	0	
2024-06-11 18:24:25	1521	3121	5	0	0	2	9	0	0	0	9	0	0	7.25	9	0	0	0	9	0	0	4.546		99.9307	49.0091	0.0551062	0	0.551444	0.0998664	18.1903	2		0	12.0616	38.5577	0	0	0	
2024-06-11 18:31:42	1575	3122	5	0	0	7	29	0	0	0	29	0	0	7.5	29	0	0	0	29	0	0	0.433		99.9259	49.0511	0.572576	0	5.73001	0.331636	18.0013	2		0	12.0705	36.8684	0	0	0	
2024-06-11 18:31:32	1574	3123	9	0	0	7	29	0	0	0	29	0	0	6.25	29	0	0	0	29	0	0	0.649		99.9253	48.9548	0.394583	0	3.94878	0.689258	18.6082	2		0	12.0705	36.8684	0	0	0	
2024-06-11 18:22:31	1506	3124	5	0	0	1	5	0	0	0	5	0	0	5.75	5	0	0	0	5	0	0	4.113		99.9415	49.1498	0.0527919	0	0.528228	0.0138122	15.765	1		0	12.0705	39.5972	0	0	0	
2024-06-11 18:22:31	1506	3125	9	0	0	1	5	0	0	0	5	0	0	4.5	5	0	0	0	5	0	0	3.031		99.9415	49.1498	0.0694369	0	0.694775	0.0669223	15.2789	1		0	12.0705	39.5972	0	0	0	
2024-06-11 18:31:03	1570	3126	1	0	0	6	25	0	0	0	25	0	0	3.5	25	0	0	0	25	0	0	2.165		99.925	49.1988	0.087356	0	0.874216	0.0668474	13.7321	1		0	12.0705	36.8684	0	0	0	
2024-06-11 18:28:02	1549	3127	5	0	0	4	17	0	0	0	17	0	0	0	17	0	0	0	17	0	0	3.464		99.9218	48.9213	0.0608235	0	0.608711	0.421586	15.2986	1		0	12.0705	37.3882	0	0	0	
2024-06-11 18:33:17	1587	3128	1	0	0	7.75	32	0	0	0	32	0	0	2.5	32	0	0	0	32	0	0	4.546		99.9242	49.4523	0.0479539	0	0.479903	0.122479	15.8304	1		0	12.0705	36.7384	0	0	0	
2024-06-11 18:24:25	1521	3129	1	0	0	2	9	0	0	0	9	0	0	2.5	9	0	0	0	9	0	0	0.433		99.9307	49.0091	0.568206	0	5.686	0.0260071	17.8631	2		0	12.0616	38.5577	0	0	0	
2024-06-11 18:32:47	1583	3130	1	0	0	7	29	0	0	0	29	0	0	1	29	0	0	0	29	0	0	5.195		99.9278	48.9868	0.0418463	0	0.418765	0.689672	15.7871	1		0	11.973	36.7384	0	0	0	
2024-06-11 18:21:10	1496	3131	9	0	0	0	1	0	0	0	1	0	0	5.25	1	0	0	0	1	0	0	4.546		99.9434	49.9367	0.0502016	0	0.5023	0.365318	16.5692	1		0	12.0705	40.6368	0	0	0	
2024-06-11 18:20:16	1490	3132	5	0	0	0	1	0	0	0	1	0	0	4	1	0	0	0	1	0	0	3.464		99.9386	50.6018	0.0658632	0	0.659037	0.179344	16.5634	2		0	12.0705	41.5464	0	0	0	
2024-06-11 18:33:31	1589	3133	1	0	0	7.75	32	0	0	0	32	0	0	1.75	32	0	0	0	32	0	0	5.195		99.9256	49.4306	0.0417393	0	0.417703	0.0795048	15.747	1		0	12.0705	36.4785	0	0	0	
2024-06-11 18:28:09	1550	3134	9	0	0	5	21	0	0	0	21	0	0	6	21	0	0	0	21	0	0	0.866		99.9203	49.8856	0.378511	0	3.78812	0.0647557	23.8015	2		0	12.0705	37.2582	0	0	0	
2024-06-11 18:28:56	1555	3135	9	0	0	5	21	0	0	0	21	0	0	4.75	21	0	0	0	21	0	0	0.216		99.9251	49.8096	1.19933	0	12.0023	0.090496	18.8531	2		0	12.0616	36.9983	0	0	0	
2024-06-11 18:25:52	1532	3136	1	0	0	3	13	0	0	0	13	0	0	1.5	13	0	0	0	13	0	0	1.299		99.9293	49.6607	0.157768	0	1.57879	0.027342	14.8798	2		0	12.0705	37.778	0	0	0	
2024-06-11 18:33:31	1589	3137	5	0	0	7.75	32	0	0	0	32	0	0	6.5	32	0	0	0	32	0	0	1.082		99.9256	49.4306	0.220078	0	2.20242	0.488628	17.2978	1		0	12.0705	36.4785	0	0	0	
2024-06-11 18:35:39	1605	3138	9	0	0	2.25	10	0	0	0	10	0	0	5.5	10	0	0	0	10	0	0	2.814		99.9204	49.1342	0.0901699	0	0.902417	0.49712	18.4277	1		0	12.0705	36.3486	0	0	0	
2024-06-11 18:41:48	1649	3139	1	0	0	3	13	0	0	4.75	13	0	0	1.25	13	0	0	6.5	13	0	0	0.908		99.9284	20.7799	0.0867085	0	0.867706	0.479144	9.54093	2		0	12.0705	36.7384	0	0	0	
2024-06-11 18:26:58	1540	3140	9	0	0	4	17	0	0	0	17	0	0	6	17	0	0	0	17	0	0	1.732		99.9282	48.9671	0.117464	0	1.17549	0.313566	14.7716	1		0	12.0705	37.5181	0	0	0	
2024-06-11 18:27:11	1542	3141	5	0	0	4	17	0	0	0	17	0	0	4.75	17	0	0	0	17	0	0	0.649		99.9236	48.9222	0.370826	0	3.71109	0.299344	17.4881	1		0	12.0705	37.5181	0	0	0	
2024-06-11 18:21:50	1501	3142	1	0	0	0	1	0	0	0	1	0	0	2.25	1	0	0	0	1	0	0	1.948		99.9364	49.7046	0.116831	0	1.16906	0.287143	16.5271	1		0	12.0705	40.117	0	0	0	
2024-06-11 18:41:38	1648	3143	1	0	0	3.25	14	0	0	4.5	14	0	0	2	14	0	0	5.75	14	0	0	0.649		99.9271	20.483	0.255722	0	2.55909	0.104625	20.099	2		0	12.0705	36.7384	0	0	0	
2024-06-11 18:26:33	1537	3144	1	0	0	3	13	0	0	0	13	0	0	3.25	13	0	0	0	13	0	0	0.216		99.9258	49.6189	1.01136	0	10.1211	0.559752	15.8982	1		0	12.0705	37.778	0	0	0	
2024-06-11 18:24:01	1518	3145	5	0	0	2	9	0	0	0	9	0	0	7.75	9	0	0	0	9	0	0	4.979		99.9301	49.0332	0.0425343	0	0.425641	0.345697	15.3777	2		0	12.0705	38.6876	0	0	0	
2024-06-11 18:24:11	1519	3146	5	0	0	2	9	0	0	0	9	0	0	6.5	9	0	0	0	9	0	0	3.897		99.9299	49.1494	0.0538571	0	0.538949	0.465303	15.2384	1		0	12.0705	38.5577	0	0	0	
2024-06-11 18:32:18	1579	3147	9	0	0	7	29	0	0	0	29	0	0	5.5	29	0	0	0	29	0	0	1.299		99.9271	49.0675	0.199154	0	1.99299	0.302611	18.7835	1		0	12.0616	36.7384	0	0	0	
2024-06-11 18:32:10	1578	3148	5	0	0	7	29	0	0	0	29	0	0	4.25	29	0	0	0	29	0	0	2.381		99.9265	49.0055	0.0838078	0	0.838695	0.0349453	14.4916	1		0	12.0705	36.7384	0	0	0	
2024-06-11 18:21:57	1502	3149	9	0	0	1	5	0	0	0	5	0	0	5	5	0	0	0	5	0	0	3.464		99.9378	49.2666	0.0675715	0	0.676136	0.333654	16.9931	2		0	12.0705	39.9871	0	0	0	
2024-06-11 18:23:10	1511	3150	5	0	0	1	5	0	0	0	5	0	0	3.75	5	0	0	0	5	0	0	2.381		99.936	49.1506	0.0895042	0	0.895615	0.132973	15.4751	1		0	12.0705	38.8176	0	0	0	
2024-06-11 18:31:17	1572	3151	5	0	0	6	25	0	0	0	25	0	0	2.75	25	0	0	0	25	0	0	2.814		99.9254	49.3851	0.0708473	0	0.709001	0.190878	14.4781	1		0	12.0705	36.8684	0	0	0	
2024-06-11 18:29:30	1559	3152	1	0	0	5	21	0	0	0	21	0	0	2.25	21	0	0	0	21	0	0	2.381		99.9228	49.879	0.080138	0	0.801998	0.283726	13.8575	1		0	12.0705	36.9983	0	0	0	
2024-06-11 18:31:53	1576	3153	1	0	0	7	29	0	0	0	29	0	0	0.25	29	0	0	0	29	0	0	5.845		99.9248	48.9328	0.0352518	0	0.352784	0.197792	14.9621	2		0	12.0705	36.8684	0	0	0	
2024-06-11 18:21:35	1499	3154	1	0	0	0	1	0	0	0	1	0	0	3.25	1	0	0	0	1	0	0	2.814		99.9348	49.7376	0.0723381	0	0.723854	0.868865	14.7813	1		0	12.0705	40.3769	0	0	0	
2024-06-11 18:25:52	1532	3155	5	0	0	3	13	0	0	0	13	0	0	7.25	13	0	0	0	13	0	0	3.68		99.9293	49.6607	0.0695122	0	0.695613	0.138485	18.5753	2		0	12.0705	37.778	0	0	0	
2024-06-11 18:30:20	1565	3156	9	0	0	6	25	0	0	0	25	0	0	6.75	25	0	0	0	25	0	0	0.649		99.9252	49.2369	0.419195	0	4.19509	0.842309	19.7689	1		0	12.0616	36.9983	0	0	0	
2024-06-11 18:34:58	1600	3157	9	0	0	3.75	16	0	0	0	16	0	0	4	16	0	0	0	16	0	0	0.216		99.9222	48.8602	0.874527	0	8.75208	0.070814	13.7477	2		0	12.0705	36.7384	0	0	0	
2024-06-11 18:33:46	1591	3158	1	0	0	7.75	32	0	0	0	32	0	0	1	32	0	0	0	32	0	0	5.845		99.9253	49.4448	0.0373063	0	0.373342	0.532044	15.834	1		0	12.0616	36.7384	0	0	0	
2024-06-11 18:29:06	1556	3159	9	0	0	5	21	0	0	0	21	0	0	5.25	21	0	0	0	21	0	0	0.216		99.9225	49.7692	1.38463	0	13.8571	0.100703	21.7666	2		0	12.0705	37.1283	0	0	0	
2024-06-11 18:28:38	1553	3160	5	0	0	5	21	0	0	0	21	0	0	4	21	0	0	0	21	0	0	0.866		99.9267	49.8417	0.268588	0	2.68785	0.0771868	16.8883	2		0	12.0616	37.2582	0	0	0	
2024-06-11 18:26:11	1534	3161	1	0	0	3	13	0	0	0	13	0	0	0.75	13	0	0	0	13	0	0	1.948		99.9283	49.6589	0.103894	0	1.03969	0.261567	14.6982	1		0	12.0616	37.778	0	0	0	
2024-06-11 18:23:17	1512	3162	1	0	0	1	5	0	0	0	5	0	0	1.75	5	0	0	0	5	0	0	0.649		99.9357	49.1548	0.370272	0	3.7051	0.37512	17.4599	1		0	12.0705	39.0775	0	0	0	
2024-06-11 18:27:18	1543	3163	1	0	0	4	17	0	0	0	17	0	0	2	17	0	0	0	17	0	0	1.732		99.924	48.9341	0.112923	0	1.13009	0.034934	14.2012	1		0	12.0616	37.5181	0	0	0	
2024-06-11 18:33:24	1588	3164	9	0	0	7.75	32	0	0	0	32	0	0	5.75	32	0	0	0	32	0	0	1.732		99.9228	49.4435	0.136399	0	1.36504	0.497141	17.1536	1		0	12.0705	36.7384	0	0	0	
2024-06-11 18:33:17	1587	3165	9	0	0	7.75	32	0	0	0	32	0	0	4.5	32	0	0	0	32	0	0	2.814		99.9242	49.4523	0.0745547	0	0.746113	0.310201	15.2359	1		0	12.0705	36.7384	0	0	0	
2024-06-11 18:37:18	1617	3166	1	0	0	2.25	10	0	0	0	10	0	0	3.5	10	0	0	0	10	0	0	1.082		99.9283	49.1471	0.205594	0	2.05741	0.77337	16.1589	1		0	12.0705	36.6085	0	0	0	
2024-06-11 18:36:26	1611	3167	9	0	0	0.25	2	0	0	0	2	0	0	7.5	2	0	0	0	2	0	0	6.278		99.9257	49.0096	0.0344139	0	0.344395	0.018102	15.6883	1		0	12.0705	36.7384	0	0	0	
2024-06-11 18:31:17	1572	3168	1	0	0	6	25	0	0	0	25	0	0	1.75	25	0	0	0	25	0	0	3.68		99.9254	49.3851	0.0643888	0	0.644369	0.312725	17.2069	1		0	12.0705	36.8684	0	0	0	
2024-06-11 18:27:34	1545	3169	5	0	0	4	17	0	0	0	17	0	0	5.25	17	0	0	0	17	0	0	1.082		99.9208	48.9452	0.221641	0	2.21817	0.172359	17.4215	1		0	12.0616	37.3882	0	0	0	
2024-06-11 18:21:42	1500	3170	5	0	0	0	1	0	0	0	1	0	0	1.5	1	0	0	0	1	0	0	1.299		99.9408	49.7221	0.153199	0	1.5329	0.622261	14.4472	1		0	12.0705	40.117	0	0	0	
2024-06-11 18:25:15	1527	3171	1	0	0	3	13	0	0	0	13	0	0	2.5	13	0	0	0	13	0	0	0.433		99.9324	49.6536	0.583266	0	5.83661	0.945289	18.3362	1		0	11.973	38.0379	0	0	0	
2024-06-11 18:23:53	1517	3172	5	0	0	2	9	0	0	0	9	0	0	5.75	9	0	0	0	9	0	0	3.247		99.9339	49.1503	0.0663293	0	0.663731	0.0892528	15.6388	1		0	12.0705	38.6876	0	0	0	
2024-06-11 18:23:46	1516	3173	9	0	0	2	9	0	0	0	9	0	0	4.5	9	0	0	0	9	0	0	2.165		99.9315	49.1575	0.0961631	0	0.96229	0.016086	15.1156	1		0	12.0616	38.8176	0	0	0	
2024-06-11 18:33:02	1585	3174	1	0	0	7	29	0	0	0	29	0	0	3.5	29	0	0	0	29	0	0	3.031		99.9248	48.9968	0.0637575	0	0.638055	0.00887249	14.0316	1		0	12.0705	36.7384	0	0	0	
2024-06-11 18:23:25	1513	3175	1	0	0	1	5	0	0	0	5	0	0	3	5	0	0	0	5	0	0	1.732		99.9331	49.2873	0.119239	0	1.19319	0.0579606	14.9941	1		0	12.0705	39.0775	0	0	0	
2024-06-11 18:21:18	1497	3176	5	0	0	0	1	0	0	0	1	0	0	7.25	1	0	0	0	1	0	0	6.278		99.9381	49.8183	0.0372074	0	0.372304	0.834086	16.9596	2		0	11.973	40.5069	0	0	0	
2024-06-11 18:29:06	1556	3177	1	0	0	5	21	0	0	0	21	0	0	1.5	21	0	0	0	21	0	0	3.031		99.9225	49.7692	0.0620213	0	0.620695	0.304812	13.6498	2		0	12.0705	37.1283	0	0	0	
2024-06-11 18:24:58	1525	3178	1	0	0	2	9	0	0	0	9	0	0	1.25	9	0	0	0	9	0	0	0.649		99.9315	49.0726	0.354812	0	3.55055	0.382999	16.7316	1		0	12.0616	38.2978	0	0	0	
2024-06-11 18:39:59	1636	3179	1	0	0	1.5	7	0	0	0	7	0	0	0.25	7	0	0	0	7	0	0	1.082		99.9273	48.1881	0.194455	0	1.94596	0.762018	15.2835	1		0	12.0705	36.7384	0	0	0	
2024-06-11 18:20:32	1491	3180	1	0	0	0	1	0	0	0	1	0	0	2.5	1	0	0	0	1	0	0	2.165		99.9381	50.2397	0.0937721	0	0.938302	0.0259952	14.7388	2		0	12.0705	41.5464	0	0	0	
2024-06-11 18:39:08	1630	3181	1	0	0	6.25	26	0	0	0	26	0	0	1.5	26	0	0	0	26	0	0	4.113		99.9262	49.0222	0.0569262	0	0.569682	0.244841	17.0022	2		0	12.0705	36.7384	0	0	0	
2024-06-11 18:41:06	1644	3182	9	0	0	7.25	30	0	0	0	30	0	0	6.5	30	0	0	0	30	0	0	0.649		99.9236	48.7447	0.407227	0	4.07539	0.223661	19.2048	2		0	12.0705	36.6085	0	0	0	
2024-06-11 18:25:15	1527	3183	9	0	0	3	13	0	0	0	13	0	0	7.75	13	0	0	0	13	0	0	4.113		99.9324	49.6536	0.0491956	0	0.492288	0.6095	14.6924	1		0	11.973	38.0379	0	0	0	
2024-06-11 18:25:38	1530	3184	5	0	0	3	13	0	0	0	13	0	0	6.5	13	0	0	0	13	0	0	3.031		99.9287	49.6894	0.0695691	0	0.696188	0.00439333	15.31	1		0	12.0705	38.0379	0	0	0	
2024-06-11 18:22:21	1505	3185	5	0	0	1	5	0	0	0	5	0	0	7	5	0	0	0	5	0	0	5.195		99.938	49.1449	0.041874	0	0.419	0.0258946	15.7959	2		0	12.0616	39.7272	0	0	0	
2024-06-11 18:30:28	1566	3186	5	0	0	6	25	0	0	0	25	0	0	4.75	25	0	0	0	25	0	0	1.082		99.9256	49.2539	0.262329	0	2.62525	0.391345	20.6187	1		0	12.0705	36.9983	0	0	0	
2024-06-11 18:34:01	1593	3187	1	0	0	7.75	32	0	0	0	32	0	0	0.25	32	0	0	0	32	0	0	6.494		99.9266	49.4509	0.0327656	0	0.327897	0.0597414	15.4518	1		0	12.0705	36.7384	0	0	0	
2024-06-11 18:28:09	1550	3188	1	0	0	5	21	0	0	0	21	0	0	3.25	21	0	0	0	21	0	0	1.515		99.9203	49.8856	0.128778	0	1.28881	0.479846	14.1712	2		0	12.0705	37.2582	0	0	0	
2024-06-11 18:26:26	1536	3189	1	0	0	3	13	0	0	0	13	0	0	0	13	0	0	0	13	0	0	2.598		99.9323	49.6741	0.0777966	0	0.778492	0.132728	14.6742	1		0	12.0705	37.778	0	0	0	
2024-06-11 18:35:08	1601	3190	9	0	0	3.5	15	0	0	0	15	0	0	4.25	15	0	0	0	15	0	0	0.649		99.9232	48.3181	0.341099	0	3.41361	0.692981	16.0863	1		0	12.0705	36.7384	0	0	0	
2024-06-11 18:27:34	1545	3191	1	0	0	4	17	0	0	0	17	0	0	1.25	17	0	0	0	17	0	0	2.381		99.9208	48.9452	0.0821226	0	0.821877	0.232908	14.201	1		0	12.0616	37.3882	0	0	0	
2024-06-11 18:33:53	1592	3192	1	0	0	7.75	32	0	0	0	32	0	0	5	32	0	0	0	32	0	0	2.381		99.9236	49.565	0.0958554	0	0.959286	0.0110524	16.5753	1		0	12.0705	36.7384	0	0	0	
2024-06-11 18:34:08	1594	3193	1	0	0	7.75	32	0	0	0	32	0	0	3.75	32	0	0	0	32	0	0	3.464		99.9256	49.4279	0.0585494	0	0.58593	0.0610585	14.726	1		0	12.0616	36.7384	0	0	0	
2024-06-11 18:42:41	1654	3194	1	0	0	1.25	6	0	0	6.5	6	0	0	3	6	0	0	4.75	6	0	0	0.908		99.9277	20.7402	0.128071	0	1.28164	0.658052	14.0924	1		0	12.0705	36.7384	0	0	0	
2024-06-11 18:31:25	1573	3195	1	0	0	6	25	0	0	0	25	0	0	1	25	0	0	0	25	0	0	4.33		99.9245	49.2655	0.054141	0	0.541819	0.286252	17.0217	1		0	12.0705	36.7384	0	0	0	
2024-06-11 18:26:50	1539	3196	1	0	0	4	17	0	0	0	17	0	0	3.25	17	0	0	0	17	0	0	0.649		99.9233	48.9205	0.343429	0	3.43693	0.356312	16.1961	1		0	12.0705	37.6481	0	0	0	
2024-06-11 18:21:28	1498	3197	5	0	0	0	1	0	0	0	1	0	0	0.75	1	0	0	0	1	0	0	0.649		99.9398	49.7439	0.362586	0	3.62804	0.505942	17.0967	1		0	12.0705	40.3769	0	0	0	
2024-06-11 18:42:09	1651	3198	1	0	0	3.5	15	0	0	4.25	15	0	0	3.75	15	0	0	4	15	0	0	0.13		99.9268	19.7005	0.679022	0	6.79519	0.296662	10.6739	2		0	12.0705	36.7384	0	0	0	
2024-06-11 18:23:39	1515	3199	9	0	0	2	9	0	0	0	9	0	0	5	9	0	0	0	9	0	0	2.598		99.9328	49.1555	0.0821443	0	0.821995	0.0858265	15.4942	1		0	12.0705	38.9475	0	0	0	
2024-06-11 18:23:39	1515	3200	1	0	0	2	9	0	0	0	9	0	0	3.75	9	0	0	0	9	0	0	1.515		99.9328	49.1555	0.149923	0	1.50024	0.818594	16.496	1		0	12.0705	38.9475	0	0	0	
2024-06-11 18:32:33	1581	3201	1	0	0	7	29	0	0	0	29	0	0	2.75	29	0	0	0	29	0	0	3.68		99.9268	49.1388	0.0547603	0	0.548004	0.159778	14.6336	1		0	12.0705	36.7384	0	0	0	
2024-06-11 18:33:02	1585	3202	5	0	0	7	29	0	0	0	29	0	0	2.25	29	0	0	0	29	0	0	4.113		99.9248	48.9968	0.0487725	0	0.488093	0.0267253	14.5672	1		0	12.0705	36.7384	0	0	0	
2024-06-11 18:20:32	1491	3203	5	0	0	0	1	0	0	0	1	0	0	7.75	1	0	0	0	1	0	0	6.711		99.9381	50.2397	0.0331092	0	0.331297	0.0512567	16.1324	2		0	12.0705	41.5464	0	0	0	
2024-06-11 18:21:18	1497	3204	9	0	0	0	1	0	0	0	1	0	0	6.5	1	0	0	0	1	0	0	5.628		99.9381	49.8183	0.038394	0	0.384178	0.89258	15.6901	2		0	11.973	40.5069	0	0	0	
2024-06-11 18:29:37	1560	3205	5	0	0	5	21	0	0	0	21	0	0	0.75	21	0	0	0	21	0	0	3.68		99.9233	49.8764	0.0601533	0	0.601994	0.913973	16.0754	1		0	12.0616	36.9983	0	0	0	
2024-06-11 18:28:20	1551	3206	9	0	0	5	21	0	0	0	21	0	0	7.25	21	0	0	0	21	0	0	1.948		99.923	49.8727	0.137625	0	1.37731	0.381225	19.4713	2		0	12.0705	37.2582	0	0	0	
2024-06-11 18:40:58	1643	3207	9	0	0	5.75	24	0	0	0	24	0	0	4	24	0	0	0	24	0	0	1.515		99.9246	49.5654	0.137924	0	1.38028	0.749411	15.177	1		0	11.973	36.7384	0	0	0	
2024-06-11 18:37:35	1619	3208	9	0	0	4.5	19	0	0	0	19	0	0	5.25	19	0	0	0	19	0	0	0.649		99.9265	48.9836	0.491001	0	4.91362	0.235094	23.1549	2		0	12.0705	36.7384	0	0	0	
2024-06-11 18:42:19	1652	3209	1	0	0	2.75	12	0	0	5	12	0	0	3.5	12	0	0	4.25	12	0	0	0.389		99.9259	20.6576	0.424141	0	4.24455	1.37727	20.002	4		0	12.0705	36.7384	0	0	0	
2024-06-11 18:24:35	1522	3210	5	0	0	2	9	0	0	0	9	0	0	0.5	9	0	0	0	9	0	0	1.299		99.9316	49.0454	0.158173	0	1.58282	0.550158	14.9177	1		0	12.0705	38.4277	0	0	0	
2024-06-11 18:36:15	1610	3211	9	0	0	0.5	3	0	0	0	3	0	0	7.25	3	0	0	0	3	0	0	5.845		99.9234	49.0471	0.0968673	0	0.969416	0.708812	41.1144	2		0	12.0616	36.6085	0	0	0	
2024-06-11 18:26:50	1539	3212	5	0	0	4	17	0	0	0	17	0	0	7.25	17	0	0	0	17	0	0	2.814		99.9233	48.9205	0.0731543	0	0.732105	0.372722	14.9498	1		0	12.0705	37.6481	0	0	0	
2024-06-11 18:25:23	1528	3213	5	0	0	3	13	0	0	0	13	0	0	5.75	13	0	0	0	13	0	0	2.381		99.9302	49.7725	0.0847896	0	0.848488	0.394705	14.6608	1		0	12.0705	38.0379	0	0	0	
2024-06-11 18:25:30	1529	3214	5	0	0	3	13	0	0	0	13	0	0	4.5	13	0	0	0	13	0	0	1.299		99.9311	49.7156	0.162595	0	1.62708	0.352566	15.3348	1		0.0088623	12.0705	38.0379	0	0	0	
2024-06-11 18:31:53	1576	3215	5	0	0	7	29	0	0	0	29	0	0	6.75	29	0	0	0	29	0	0	0.216		99.9248	48.9328	1.00544	0	10.0619	0.216142	15.8053	2		0	12.0705	36.8684	0	0	0	
2024-06-11 18:22:39	1507	3216	9	0	0	1	5	0	0	0	5	0	0	7.5	5	0	0	0	5	0	0	5.628		99.9388	49.2985	0.0389752	0	0.38999	0.159375	15.9275	1		0	12.0705	39.4673	0	0	0	
2024-06-11 18:22:07	1503	3217	9	0	0	1	5	0	0	0	5	0	0	6.25	5	0	0	0	5	0	0	4.546		99.9359	49.2653	0.0550613	0	0.550966	0.11348	18.1746	1		0	12.0705	39.8571	0	0	0	
2024-06-11 18:30:35	1567	3218	5	0	0	6	25	0	0	0	25	0	0	5.25	25	0	0	0	25	0	0	0.649		99.9259	49.1941	0.563848	0	5.64266	0.12118	26.5904	2		0	12.0616	36.8684	0	0	0	
2024-06-11 18:30:28	1566	3219	9	0	0	6	25	0	0	0	25	0	0	4	25	0	0	0	25	0	0	1.732		99.9256	49.2539	0.114143	0	1.14228	0.0500888	14.3543	1		0	12.0705	36.9983	0	0	0	
2024-06-11 18:28:48	1554	3220	1	0	0	5	21	0	0	0	21	0	0	2.5	21	0	0	0	21	0	0	2.165		99.9269	49.8841	0.101222	0	1.01296	0.147493	15.9116	1		0	12.0705	37.1283	0	0	0	
2024-06-11 18:21:57	1502	3221	1	0	0	1	5	0	0	0	5	0	0	0.25	5	0	0	0	5	0	0	0.649		99.9378	49.2666	0.363386	0	3.63612	0.400043	17.1348	2		0	12.0705	39.9871	0	0	0	
2024-06-11 18:26:40	1538	3222	1	0	0	4	17	0	0	0	17	0	0	0.5	17	0	0	0	17	0	0	3.031		99.9229	48.9304	0.0672678	0	0.673197	0.0411536	14.8044	2		0.0088623	12.0616	37.6481	0	0	0	
2024-06-11 18:34:40	1598	3223	5	0	0	7.75	32	0	0	0	32	0	0	3	32	0	0	0	32	0	0	4.113		99.925	49.4257	0.0499086	0	0.49946	0.109409	14.9065	1		0	12.0616	36.6085	0	0	0	
2024-06-11 18:30:02	1563	3224	1	0	0	6	25	0	0	0	25	0	0	0.25	25	0	0	0	25	0	0	4.979		99.9255	49.1494	0.041489	0	0.415199	0.234522	15.0005	2		0	12.0705	36.9983	0	0	0	
2024-06-11 18:38:40	1627	3225	1	0	0	5.25	22	0	0	0	22	0	0	2.5	22	0	0	0	22	0	0	2.381		99.9285	49.3749	0.188767	0	1.88902	0.0529002	32.64	2		0	12.0705	36.6085	0	0	0	
2024-06-11 18:27:41	1546	3226	5	0	0	4	17	0	0	0	17	0	0	2.5	17	0	0	0	17	0	0	1.299		99.9231	48.9171	0.155488	0	1.55608	0.0184236	14.6657	1		0	12.0705	37.3882	0	0	0	
2024-06-11 18:24:11	1519	3227	1	0	0	2	9	0	0	0	9	0	0	3	9	0	0	0	9	0	0	0.866		99.9299	49.1494	0.265783	0	2.65969	0.431306	16.7113	1		0	12.0705	38.5577	0	0	0	
2024-06-11 18:32:10	1578	3228	1	0	0	7	29	0	0	0	29	0	0	1.5	29	0	0	0	29	0	0	4.762		99.9265	49.0055	0.0424128	0	0.42444	0.329615	14.6676	1		0	12.0705	36.7384	0	0	0	
2024-06-11 18:20:16	1490	3229	9	0	0	0	1	0	0	0	1	0	0	5.75	1	0	0	0	1	0	0	4.979		99.9386	50.6018	0.0441566	0	0.441837	0.147268	15.9628	2		0	12.0705	41.5464	0	0	0	
2024-06-11 18:20:49	1493	3230	5	0	0	0	1	0	0	0	1	0	0	4.5	1	0	0	0	1	0	0	3.897		99.9399	50.0417	0.0551261	0	0.551593	0.0641627	15.5959	1		0	12.0705	41.1566	0	0	0	
2024-06-11 18:29:23	1558	3231	5	0	0	5	21	0	0	0	21	0	0	0	21	0	0	0	21	0	0	4.33		99.9256	49.8621	0.0459331	0	0.459673	0.364113	14.4411	1		0	12.0616	36.9983	0	0	0	
2024-06-11 18:34:15	1595	3232	5	0	0	7.75	32	0	0	0	32	0	0	2.25	32	0	0	0	32	0	0	4.762		99.9238	49.3449	0.0435447	0	0.435779	0.511117	15.0595	2		0	12.0705	36.7384	0	0	0	
2024-06-11 18:28:48	1554	3233	9	0	0	5	21	0	0	0	21	0	0	7.75	21	0	0	0	21	0	0	2.381		99.9269	49.8841	0.0929108	0	0.929788	0.383913	16.0656	1		0	12.0705	37.1283	0	0	0	
2024-06-11 18:28:30	1552	3234	9	0	0	5	21	0	0	0	21	0	0	6.5	21	0	0	0	21	0	0	1.299		99.9257	49.9172	0.198261	0	1.98409	0.79109	18.6996	1		0	12.0705	37.2582	0	0	0	
2024-06-11 18:25:30	1529	3235	1	0	0	3	13	0	0	0	13	0	0	2	13	0	0	0	13	0	0	0.866		99.9311	49.7156	0.263669	0	2.6385	0.913949	16.5782	1		0.0088623	12.0705	38.0379	0	0	0	
2024-06-11 18:38:26	1625	3236	1	0	0	4.5	19	0	0	0	19	0	0	3.25	19	0	0	0	19	0	0	1.082		99.9284	49.0079	0.196019	0	1.96159	0.970352	15.4063	1		0	12.0705	36.6085	0	0	0	
2024-06-11 18:33:39	1590	3237	9	0	0	7.75	32	0	0	0	32	0	0	7	32	0	0	0	32	0	0	0.649		99.9247	49.4584	0.387639	0	3.87931	0.759341	18.2808	1		0	12.0705	36.7384	0	0	0	
2024-06-11 18:40:48	1642	3238	9	0	0	5.5	23	0	0	0	23	0	0	4.25	23	0	0	0	23	0	0	1.082		99.9226	49.0761	0.235873	0	2.36056	0.0940833	18.5398	2		0	12.0705	36.7384	0	0	0	
2024-06-11 18:39:28	1632	3239	1	0	0	6.75	28	0	0	0	28	0	0	1	28	0	0	0	28	0	0	4.979		99.9236	48.7175	0.0481302	0	0.48167	0.151731	17.4019	1		0	12.0705	36.7384	0	0	0	
2024-06-11 18:37:45	1620	3240	9	0	0	4.25	18	0	0	0	18	0	0	5.5	18	0	0	0	18	0	0	1.082		99.9241	48.9936	0.251633	0	2.51824	0.738815	19.7782	1		0	12.0616	36.6085	0	0	0	
2024-06-11 18:27:26	1544	3241	9	0	0	4	17	0	0	0	17	0	0	7.75	17	0	0	0	17	0	0	3.247		99.9249	48.9998	0.0593278	0	0.593724	0.304385	13.9893	1		0	12.0705	37.3882	0	0	0	
2024-06-11 18:27:11	1542	3242	9	0	0	4	17	0	0	0	17	0	0	6.5	17	0	0	0	17	0	0	2.165		99.9236	48.9222	0.0879885	0	0.880558	0.216051	13.8318	1		0	12.0705	37.5181	0	0	0	
2024-06-11 18:25:23	1528	3243	9	0	0	3	13	0	0	0	13	0	0	5	13	0	0	0	13	0	0	1.732		99.9302	49.7725	0.122603	0	1.22688	0.431906	15.4175	1		0	12.0705	38.0379	0	0	0	
2024-06-11 18:26:18	1535	3244	5	0	0	3	13	0	0	0	13	0	0	3.75	13	0	0	0	13	0	0	0.649		99.9301	49.6308	0.372595	0	3.72856	0.342377	17.5704	1		0	12.0616	37.778	0	0	0	
2024-06-11 18:24:18	1520	3245	9	0	0	2	9	0	0	0	9	0	0	7	9	0	0	0	9	0	0	4.33		99.9289	49.0953	0.046957	0	0.469904	0.220665	14.7625	1		0	12.0705	38.5577	0	0	0	
2024-06-11 18:32:18	1579	3246	5	0	0	7	29	0	0	0	29	0	0	6	29	0	0	0	29	0	0	0.866		99.9271	49.0675	0.298205	0	2.98423	0.578051	18.7504	1		0	12.0616	36.7384	0	0	0	
2024-06-11 18:32:10	1578	3247	9	0	0	7	29	0	0	0	29	0	0	4.75	29	0	0	0	29	0	0	1.948		99.9265	49.0055	0.113475	0	1.13559	0.29991	16.054	1		0	12.0705	36.7384	0	0	0	
2024-06-11 18:22:15	1504	3248	1	0	0	1	5	0	0	0	5	0	0	5.5	5	0	0	0	5	0	0	3.897		99.9386	49.257	0.0660342	0	0.660748	0.0895249	18.6822	1		0	12.0705	39.7272	0	0	0	
2024-06-11 18:22:46	1508	3249	5	0	0	1	5	0	0	0	5	0	0	4.25	5	0	0	0	5	0	0	2.814		99.9338	49.2167	0.0749283	0	0.749779	0.0663262	15.3107	1		0	12.0616	39.3374	0	0	0	
2024-06-11 18:31:03	1570	3250	5	0	0	6	25	0	0	0	25	0	0	3.25	25	0	0	0	25	0	0	2.381		99.925	49.1988	0.080797	0	0.808576	0.11987	13.9712	1		0	12.0705	36.8684	0	0	0	
2024-06-11 18:36:50	1614	3251	1	0	0	0.25	2	0	0	0	2	0	0	1.5	2	0	0	0	2	0	0	1.082		99.9274	48.9541	0.192221	0	1.92361	0.124039	15.108	2		0	12.0616	36.7384	0	0	0	
2024-06-11 18:31:32	1574	3252	1	0	0	7	29	0	0	0	29	0	0	0.75	29	0	0	0	29	0	0	5.412		99.9253	48.9548	0.0406595	0	0.406899	0.468917	15.9789	2		0	12.0705	36.8684	0	0	0	
2024-06-11 18:20:56	1494	3253	9	0	0	0	1	0	0	0	1	0	0	5	1	0	0	0	1	0	0	4.33		99.9391	49.9437	0.0505956	0	0.506264	0.698562	15.9048	1		0	12.0705	40.8967	0	0	0	
2024-06-11 18:21:03	1495	3254	1	0	0	0	1	0	0	0	1	0	0	3.75	1	0	0	0	1	0	0	3.247		99.9396	49.8677	0.0662625	0	0.663026	0.201548	15.6222	1		0	11.973	40.7668	0	0	0	
2024-06-11 18:41:16	1645	3255	9	0	0	7.5	31	0	0	0	31	0	0	6.25	31	0	0	0	31	0	0	1.082		99.9275	49.0026	0.223958	0	2.24121	0.830742	17.6024	1		0	12.0616	36.6085	0	0	0	
2024-06-11 18:38:12	1623	3256	9	0	0	6.25	26	0	0	0	26	0	0	7.5	26	0	0	0	26	0	0	1.082		99.9306	49.098	0.216001	0	2.16151	0.888003	16.9765	1		0	12.0705	36.6085	0	0	0	
2024-06-11 18:30:45	1568	3257	9	0	0	6	25	0	0	0	25	0	0	7.25	25	0	0	0	25	0	0	1.082		99.9238	49.2284	0.2782	0	2.78413	0.63495	21.8665	2		0	11.973	36.8684	0	0	0	
2024-06-11 18:34:32	1597	3258	5	0	0	7.75	32	0	0	0	32	0	0	1.5	32	0	0	0	32	0	0	5.412		99.9246	49.5211	0.0384887	0	0.385177	0.831258	15.1259	1		0	12.0616	36.6085	0	0	0	
2024-06-11 18:28:56	1555	3259	5	0	0	5	21	0	0	0	21	0	0	5.75	21	0	0	0	21	0	0	0.649		99.9251	49.8096	0.603469	0	6.03921	0.128574	28.4591	2		0	12.0616	36.9983	0	0	0	
2024-06-11 18:29:06	1556	3260	5	0	0	5	21	0	0	0	21	0	0	4.5	21	0	0	0	21	0	0	0.433		99.9225	49.7692	0.684177	0	6.84708	0.0741086	21.5107	2		0	12.0705	37.1283	0	0	0	
2024-06-11 18:25:45	1531	3261	1	0	0	3	13	0	0	0	13	0	0	1.25	13	0	0	0	13	0	0	1.515		99.931	49.6823	0.134596	0	1.34689	0.324575	14.8099	1		0	12.0705	37.908	0	0	0	
2024-06-11 18:23:17	1512	3262	5	0	0	1	5	0	0	0	5	0	0	2.25	5	0	0	0	5	0	0	1.082		99.9357	49.1548	0.198937	0	1.99065	0.321511	15.6345	1		0	12.0705	39.0775	0	0	0	
2024-06-11 18:36:39	1613	3263	1	0	0	0.5	3	0	0	0	3	0	0	1.25	3	0	0	0	3	0	0	0.649		99.9268	49.1528	0.386921	0	3.87205	0.348265	18.2466	2		0	12.0705	36.6085	0	0	0	
2024-06-11 18:35:29	1604	3264	9	0	0	2.5	11	0	0	0	11	0	0	5.25	11	0	0	0	11	0	0	2.381		99.9268	48.7628	0.106463	0	1.06541	0.0589684	18.409	2		0	12.0616	36.7384	0	0	0	
2024-06-11 18:34:01	1593	3265	5	0	0	7.75	32	0	0	0	32	0	0	7.5	32	0	0	0	32	0	0	0.216		99.9266	49.4509	1.03052	0	10.3128	0.499711	16.1993	1		0	12.0705	36.7384	0	0	0	
2024-06-11 18:33:24	1588	3266	5	0	0	7.75	32	0	0	0	32	0	0	6.25	32	0	0	0	32	0	0	1.299		99.9228	49.4435	0.180429	0	1.80568	0.720482	17.0182	1		0	12.0705	36.7384	0	0	0	
2024-06-11 18:38:19	1624	3267	1	0	0	4.25	18	0	0	0	18	0	0	3.5	18	0	0	0	18	0	0	0.649		99.928	49.0184	0.346256	0	3.46506	0.275441	16.3287	1		0	12.0616	36.7384	0	0	0	
2024-06-11 18:31:25	1573	3268	5	0	0	6	25	0	0	0	25	0	0	2.25	25	0	0	0	25	0	0	3.247		99.9245	49.2655	0.0620483	0	0.620952	0.279819	14.6308	1		0	12.0705	36.7384	0	0	0	
2024-06-11 18:40:39	1641	3269	9	0	0	5.25	22	0	0	0	22	0	0	4.5	22	0	0	0	22	0	0	0.649		99.925	49.3467	0.47219	0	4.72544	0.168462	22.2681	2		0	12.0616	36.6085	0	0	0	
2024-06-11 18:27:05	1541	3270	9	0	0	4	17	0	0	0	17	0	0	5.75	17	0	0	0	17	0	0	1.515		99.9256	48.9275	0.145413	0	1.45521	0.0374622	16.0009	1		0	12.0705	37.5181	0	0	0	
2024-06-11 18:26:40	1538	3271	5	0	0	4	17	0	0	0	17	0	0	4.5	17	0	0	0	17	0	0	0.433		99.9229	48.9304	0.537963	0	5.38378	0.1268	16.9137	2		0.0088623	12.0616	37.6481	0	0	0	
2024-06-11 18:20:56	1494	3272	1	0	0	0	1	0	0	0	1	0	0	2	1	0	0	0	1	0	0	1.732		99.9391	49.9437	0.148394	0	1.48485	0.871416	18.6591	1		0	12.0705	40.8967	0	0	0	
2024-06-11 18:24:25	1521	3273	9	0	0	2	9	0	0	0	9	0	0	7.5	9	0	0	0	9	0	0	4.762		99.9307	49.0091	0.0464402	0	0.464724	0.0513101	16.0597	2		0	12.0616	38.5577	0	0	0	
2024-06-11 18:24:11	1519	3274	9	0	0	2	9	0	0	0	9	0	0	6.25	9	0	0	0	9	0	0	3.68		99.9299	49.1494	0.0580697	0	0.581104	0.519315	15.5175	1		0	12.0705	38.5577	0	0	0	
2024-06-11 18:31:42	1575	3275	1	0	0	7	29	0	0	0	29	0	0	5.25	29	0	0	0	29	0	0	1.515		99.9259	49.0511	0.163219	0	1.6334	0.137091	17.9602	2		0	12.0705	36.8684	0	0	0	
2024-06-11 18:32:25	1580	3276	9	0	0	7	29	0	0	0	29	0	0	4	29	0	0	0	29	0	0	2.598		99.9265	49.0188	0.0745342	0	0.74589	0.367368	14.0597	1		0	12.0705	36.7384	0	0	0	
2024-06-11 18:23:10	1511	3277	1	0	0	1	5	0	0	0	5	0	0	3.5	5	0	0	0	5	0	0	2.165		99.936	49.1506	0.0935431	0	0.93603	0.0665662	14.7031	1		0	12.0705	38.8176	0	0	0	
2024-06-11 18:30:35	1567	3278	1	0	0	6	25	0	0	0	25	0	0	2.5	25	0	0	0	25	0	0	3.031		99.9259	49.1941	0.079604	0	0.796631	0.0300785	17.5188	2		0	12.0616	36.8684	0	0	0	
2024-06-11 18:40:31	1640	3279	1	0	0	3.75	16	0	0	0	16	0	0	2	16	0	0	0	16	0	0	1.515		99.9246	48.7741	0.145431	0	1.4554	0.058661	16.003	1		0	12.0705	36.7384	0	0	0	
2024-06-11 18:29:45	1561	3280	1	0	0	5	21	0	0	0	21	0	0	2	21	0	0	0	21	0	0	2.598		99.9264	49.9028	0.0757925	0	0.758484	0.216011	14.2971	1		0	12.0705	36.9983	0	0	0	
2024-06-11 18:24:01	1518	3281	1	0	0	2	9	0	0	0	9	0	0	1.75	9	0	0	0	9	0	0	0.216		99.9301	49.0332	0.950645	0	9.5131	0.05823	14.9431	2		0	12.0705	38.6876	0	0	0	
2024-06-11 18:32:40	1582	3282	1	0	0	7	29	0	0	0	29	0	0	0	29	0	0	0	29	0	0	6.061		99.9248	49.0313	0.0347817	0	0.348078	0.0664404	15.3093	1		0	12.0705	36.7384	0	0	0	
2024-06-11 18:21:35	1499	3283	5	0	0	0	1	0	0	0	1	0	0	3	1	0	0	0	1	0	0	2.598		99.9348	49.7376	0.0778775	0	0.779284	0.92026	14.6892	1		0	12.0705	40.3769	0	0	0	
2024-06-11 18:25:52	1532	3284	9	0	0	3	13	0	0	0	13	0	0	7	13	0	0	0	13	0	0	3.464		99.9293	49.6607	0.0567276	0	0.567677	0.12054	14.2673	2		0	12.0705	37.778	0	0	0	
2024-06-11 18:29:52	1562	3285	9	0	0	6	25	0	0	0	25	0	0	7.75	25	0	0	0	25	0	0	1.515		99.9278	49.2137	0.151004	0	1.51113	0.176589	16.6158	2		0.0088623	12.0705	36.9983	0	0	0	
2024-06-11 18:30:56	1569	3286	5	0	0	6	25	0	0	0	25	0	0	6.5	25	0	0	0	25	0	0	0.433		99.9273	49.1816	0.642314	0	6.42781	0.832855	20.1935	1		0	12.0705	36.8684	0	0	0	
2024-06-11 18:34:47	1599	3287	1	0	0	7.75	32	0	0	0	32	0	0	0.75	32	0	0	0	32	0	0	6.061		99.9261	49.3164	0.0367872	0	0.368144	0.395066	16.1918	2		0	12.0616	36.4785	0	0	0	
2024-06-11 18:28:56	1555	3288	1	0	0	5	21	0	0	0	21	0	0	3.75	21	0	0	0	21	0	0	1.082		99.9251	49.8096	0.203822	0	2.03974	0.0670675	16.0201	2		0	12.0616	36.9983	0	0	0	
2024-06-11 18:26:03	1533	3289	1	0	0	3	13	0	0	0	13	0	0	0.5	13	0	0	0	13	0	0	2.165		99.9314	49.6018	0.0938567	0	0.939211	0.369219	14.7531	1		0	12.0705	37.778	0	0	0	
2024-06-11 18:22:53	1509	3290	1	0	0	1	5	0	0	0	5	0	0	1.5	5	0	0	0	5	0	0	0.433		99.9324	49.077	0.57143	0	5.71816	0.0902122	17.9641	2		0	11.973	39.3374	0	0	0	
2024-06-11 18:42:33	1653	3291	1	0	0	2	9	0	0	5.75	9	0	0	3.25	9	0	0	4.5	9	0	0	0.649		99.9262	20.7339	0.235132	0	2.35305	0.0361974	18.4808	1		0	12.0705	36.7384	0	0	0	
2024-06-11 18:27:41	1546	3292	1	0	0	4	17	0	0	0	17	0	0	1.75	17	0	0	0	17	0	0	1.948		99.9231	48.9171	0.0985476	0	0.986234	0.150352	13.9426	1		0	12.0705	37.3882	0	0	0	
2024-06-11 18:37:10	1616	3293	1	0	0	2.5	11	0	0	0	11	0	0	3.25	11	0	0	0	11	0	0	0.649		99.9277	48.8628	0.387553	0	3.87833	0.852168	18.2762	1		0	12.0705	36.6085	0	0	0	
2024-06-11 18:34:01	1593	3294	9	0	0	7.75	32	0	0	0	32	0	0	5.5	32	0	0	0	32	0	0	1.948		99.9266	49.4509	0.123446	0	1.23537	0.034555	17.4646	1		0	12.0705	36.7384	0	0	0	
2024-06-11 18:33:46	1591	3295	9	0	0	7.75	32	0	0	0	32	0	0	4.25	32	0	0	0	32	0	0	3.031		99.9253	49.4448	0.0678985	0	0.679493	0.338052	14.9428	1		0	12.0616	36.7384	0	0	0	
2024-06-11 18:30:12	1564	3296	1	0	0	6	25	0	0	0	25	0	0	1.5	25	0	0	0	25	0	0	3.897		99.9252	49.2046	0.0512138	0	0.512522	0.623295	14.4912	1		0	12.0705	36.9983	0	0	0	
2024-06-11 18:26:58	1540	3297	5	0	0	4	17	0	0	0	17	0	0	5	17	0	0	0	17	0	0	0.866		99.9282	48.9671	0.280756	0	2.80958	0.356683	17.6531	1		0	12.0705	37.5181	0	0	0	
2024-06-11 18:27:26	1544	3298	1	0	0	4	17	0	0	0	17	0	0	3.75	17	0	0	0	17	0	0	0.216		99.9249	48.9998	0.865595	0	8.66245	0.210333	13.607	1		0	12.0705	37.3882	0	0	0	
2024-06-11 18:21:42	1500	3299	1	0	0	0	1	0	0	0	1	0	0	1.25	1	0	0	0	1	0	0	1.082		99.9408	49.7221	0.189263	0	1.89375	0.667052	14.8735	1		0	12.0705	40.117	0	0	0	
2024-06-11 18:24:01	1518	3300	9	0	0	2	9	0	0	0	9	0	0	5.5	9	0	0	0	9	0	0	3.031		99.9301	49.0332	0.119429	0	1.19513	0.135902	26.2823	2		0	12.0705	38.6876	0	0	0	
2024-06-11 18:23:31	1514	3301	9	0	0	2	9	0	0	0	9	0	0	4.25	9	0	0	0	9	0	0	1.948		99.9312	49.1754	0.108604	0	1.08679	0.181777	15.3641	1		0	12.0705	38.8176	0	0	0	
2024-06-11 18:32:18	1579	3302	1	0	0	7	29	0	0	0	29	0	0	3.25	29	0	0	0	29	0	0	3.247		99.9271	49.0675	0.059707	0	0.597506	0.15194	14.0784	1		0	12.0616	36.7384	0	0	0	
2024-06-11 18:23:25	1513	3303	5	0	0	1	5	0	0	0	5	0	0	2.75	5	0	0	0	5	0	0	1.515		99.9331	49.2873	0.135874	0	1.35965	0.0661246	14.9501	1		0	12.0705	39.0775	0	0	0	
2024-06-11 18:20:56	1494	3304	5	0	0	0	1	0	0	0	1	0	0	7	1	0	0	0	1	0	0	6.061		99.9391	49.9437	0.0355287	0	0.355503	0.904855	15.6359	1		0	12.0705	40.8967	0	0	0	
2024-06-11 18:29:45	1561	3305	5	0	0	5	21	0	0	0	21	0	0	1.25	21	0	0	0	21	0	0	3.247		99.9264	49.9028	0.0709818	0	0.710341	0.66228	16.737	1		0	12.0705	36.9983	0	0	0	
2024-06-11 18:24:18	1520	3306	1	0	0	2	9	0	0	0	9	0	0	1	9	0	0	0	9	0	0	0.866		99.9289	49.0953	0.255442	0	2.55623	0.448528	16.0613	1		0	12.0705	38.5577	0	0	0	
2024-06-11 18:25:15	1527	3307	5	0	0	3	13	0	0	0	13	0	0	7.5	13	0	0	0	13	0	0	3.897		99.9324	49.6536	0.0520949	0	0.521301	0.505782	14.7394	1		0	11.973	38.0379	0	0	0	
2024-06-11 18:25:38	1530	3308	9	0	0	3	13	0	0	0	13	0	0	6.25	13	0	0	0	13	0	0	2.814		99.9287	49.6894	0.0747219	0	0.747753	0.35397	15.2694	1		0	12.0705	38.0379	0	0	0	
2024-06-11 18:31:53	1576	3309	9	0	0	7	29	0	0	0	29	0	0	7.25	29	0	0	0	29	0	0	0.216		99.9248	48.9328	0.943879	0	9.4459	0.350043	14.8376	2		0	12.0705	36.8684	0	0	0	
2024-06-11 18:22:21	1505	3310	9	0	0	1	5	0	0	0	5	0	0	6.75	5	0	0	0	5	0	0	4.979		99.938	49.1449	0.0499563	0	0.499873	0.285376	18.0596	2		0	12.0616	39.7272	0	0	0	
2024-06-11 18:30:02	1563	3311	9	0	0	6	25	0	0	0	25	0	0	5.75	25	0	0	0	25	0	0	0.216		99.9255	49.1494	1.25047	0	12.514	0.22294	19.657	2		0	12.0705	36.9983	0	0	0	
2024-06-11 18:30:12	1564	3312	9	0	0	6	25	0	0	0	25	0	0	4.5	25	0	0	0	25	0	0	1.299		99.9252	49.2046	0.184306	0	1.84444	0.61739	17.3834	1		0	12.0705	36.9983	0	0	0	
2024-06-11 18:34:40	1598	3313	1	0	0	7.75	32	0	0	0	32	0	0	0	32	0	0	0	32	0	0	6.711		99.925	49.4257	0.0326968	0	0.327213	0.0913352	15.9335	1		0	12.0616	36.6085	0	0	0	
2024-06-11 18:28:30	1552	3314	1	0	0	5	21	0	0	0	21	0	0	3	21	0	0	0	21	0	0	1.732		99.9257	49.9172	0.11272	0	1.12804	0.784777	14.1753	1		0	12.0705	37.2582	0	0	0	
2024-06-11 18:23:03	1510	3315	5	0	0	1	5	0	0	0	5	0	0	0.75	5	0	0	0	5	0	0	0.216		99.9353	49.1155	1.06732	0	10.6801	0.437411	16.7763	1		0	12.0705	39.2074	0	0	0	
2024-06-11 18:39:01	1629	3316	1	0	0	5.75	24	0	0	0	24	0	0	2	24	0	0	0	24	0	0	3.247		99.9292	49.595	0.0626411	0	0.626854	0.725964	14.7699	1		0	12.0705	36.6085	0	0	0	
2024-06-11 18:28:02	1549	3317	1	0	0	4	17	0	0	0	17	0	0	1	17	0	0	0	17	0	0	2.598		99.9218	48.9213	0.0748559	0	0.749145	0.0327522	14.1211	1		0	12.0705	37.3882	0	0	0	
2024-06-11 18:34:32	1597	3318	1	0	0	7.75	32	0	0	0	32	0	0	3.5	32	0	0	0	32	0	0	3.68		99.9246	49.5211	0.055075	0	0.551165	0.508615	14.7181	1		0	12.0616	36.6085	0	0	0	
2024-06-11 18:30:28	1566	3319	1	0	0	6	25	0	0	0	25	0	0	0.75	25	0	0	0	25	0	0	4.546		99.9256	49.2539	0.0526615	0	0.527008	0.28851	17.3843	1		0	12.0705	36.9983	0	0	0	
2024-06-11 18:27:55	1548	3320	5	0	0	4	17	0	0	0	17	0	0	3	17	0	0	0	17	0	0	0.866		99.9265	48.9397	0.24817	0	2.48352	0.103998	15.6044	1		0	11.973	37.3882	0	0	0	
2024-06-11 18:21:28	1498	3321	1	0	0	0	1	0	0	0	1	0	0	0.5	1	0	0	0	1	0	0	0.433		99.9398	49.7439	0.532414	0	5.32734	0.593822	16.7363	1		0	12.0705	40.3769	0	0	0	
2024-06-11 18:41:31	1647	3322	1	0	0	3.5	15	0	0	4.25	15	0	0	2.75	15	0	0	5	15	0	0	0.389		99.9312	19.6441	0.44252	0	4.42825	0.0879763	20.8676	1		0	12.0705	36.7384	0	0	0	
2024-06-11 18:23:31	1514	3323	1	0	0	2	9	0	0	0	9	0	0	3.5	9	0	0	0	9	0	0	1.299		99.9312	49.1754	0.166267	0	1.66382	0.877534	15.6811	1		0	12.0705	38.8176	0	0	0	
2024-06-11 18:33:09	1586	3324	1	0	0	7	29	0	0	0	29	0	0	2.5	29	0	0	0	29	0	0	3.897		99.9231	48.9844	0.0550766	0	0.55119	0.0362633	15.5845	1		0	12.0616	36.7384	0	0	0	
2024-06-11 18:32:54	1584	3325	5	0	0	7	29	0	0	0	29	0	0	2	29	0	0	0	29	0	0	4.33		99.9277	49.0097	0.0468255	0	0.468593	0.3014	14.7213	1		0	12.0705	36.7384	0	0	0	
2024-06-11 18:21:10	1496	3326	5	0	0	0	1	0	0	0	1	0	0	7.5	1	0	0	0	1	0	0	6.494		99.9434	49.9367	0.0351256	0	0.351455	0.925599	16.5619	1		0	12.0705	40.6368	0	0	0	
2024-06-11 18:20:42	1492	3327	9	0	0	0	1	0	0	0	1	0	0	6.25	1	0	0	0	1	0	0	5.412		99.9436	50.1143	0.0407187	0	0.407417	0.0406098	15.9992	1		0	12.0705	41.2865	0	0	0	
2024-06-11 18:29:37	1560	3328	1	0	0	5	21	0	0	0	21	0	0	0.5	21	0	0	0	21	0	0	3.897		99.9233	49.8764	0.060881	0	0.609278	0.658935	17.2269	1		0	12.0616	36.9983	0	0	0	
2024-06-11 18:39:50	1635	3329	1	0	0	1.25	6	0	0	0	6	0	0	0.5	6	0	0	0	6	0	0	0.649		99.9257	48.7736	0.37877	0	3.79052	0.103168	17.8624	2		0	12.0616	36.6085	0	0	0	
2024-06-11 18:29:16	1557	3330	5	0	0	5	21	0	0	0	21	0	0	7	21	0	0	0	21	0	0	1.732		99.9267	49.8376	0.127999	0	1.28093	0.335568	16.0966	1		0	12.0705	36.9983	0	0	0	
2024-06-11 18:24:35	1522	3331	1	0	0	2	9	0	0	0	9	0	0	0.25	9	0	0	0	9	0	0	1.515		99.9316	49.0454	0.135755	0	1.35848	0.37984	14.9373	1		0	12.0705	38.4277	0	0	0	
2024-06-11 18:27:18	1543	3332	5	0	0	4	17	0	0	0	17	0	0	7	17	0	0	0	17	0	0	2.598		99.924	48.9341	0.0717411	0	0.717957	0.0376065	13.5332	1		0	12.0616	37.5181	0	0	0	
2024-06-11 18:25:05	1526	3333	1	0	0	3	13	0	0	0	13	0	0	5.5	13	0	0	0	13	0	0	2.165		99.9317	49.7776	0.101762	0	1.01832	0.104755	15.9957	2		0	12.0705	38.1678	0	0	0	
2024-06-11 18:25:30	1529	3334	9	0	0	3	13	0	0	0	13	0	0	4.25	13	0	0	0	13	0	0	1.082		99.9311	49.7156	0.196718	0	1.96854	0.283081	15.4609	1		0.0088623	12.0705	38.0379	0	0	0	
2024-06-11 18:32:33	1581	3335	5	0	0	7	29	0	0	0	29	0	0	7.75	29	0	0	0	29	0	0	0.649		99.9268	49.1388	0.386611	0	3.86894	0.462112	18.232	1		0	12.0705	36.7384	0	0	0	
2024-06-11 18:31:32	1574	3336	5	0	0	7	29	0	0	0	29	0	0	6.5	29	0	0	0	29	0	0	0.433		99.9253	48.9548	0.596832	0	5.97277	0.582132	18.764	2		0	12.0705	36.8684	0	0	0	
2024-06-11 18:22:46	1508	3337	9	0	0	1	5	0	0	0	5	0	0	6	5	0	0	0	5	0	0	4.33		99.9338	49.2167	0.0589747	0	0.590137	0.0249696	18.5397	1		0	12.0616	39.3374	0	0	0	
2024-06-11 18:22:15	1504	3338	5	0	0	1	5	0	0	0	5	0	0	4.75	5	0	0	0	5	0	0	3.247		99.9386	49.257	0.0755756	0	0.75622	0.188116	17.818	1		0	12.0705	39.7272	0	0	0	
2024-06-11 18:37:25	1618	3339	9	0	0	4.75	20	0	0	0	20	0	0	5	20	0	0	0	20	0	0	0.216		99.9246	48.9296	1.2322	0	12.3313	0.0968781	19.37	2		0	12.0616	36.6085	0	0	0	
2024-06-11 18:30:35	1567	3340	9	0	0	6	25	0	0	0	25	0	0	5	25	0	0	0	25	0	0	0.866		99.9259	49.1941	0.380783	0	3.81065	0.0621379	23.943	2		0	12.0616	36.8684	0	0	0	
2024-06-11 18:30:45	1568	3341	1	0	0	6	25	0	0	0	25	0	0	3.75	25	0	0	0	25	0	0	1.948		99.9238	49.2284	0.101874	0	1.01951	0.0405678	14.413	2		0	11.973	36.8684	0	0	0	
2024-06-11 18:22:46	1508	3342	1	0	0	1	5	0	0	0	5	0	0	0	5	0	0	0	5	0	0	0.866		99.9338	49.2167	0.252965	0	2.53133	0.385062	15.9048	1		0	12.0616	39.3374	0	0	0	
2024-06-11 18:36:08	1609	3343	9	0	0	0.75	4	0	0	0	4	0	0	7	4	0	0	0	4	0	0	5.412		99.9245	49.5242	0.03924	0	0.392696	0.357047	15.4212	1		0	12.0705	36.6085	0	0	0	
2024-06-11 18:27:48	1547	3344	1	0	0	4	17	0	0	0	17	0	0	0.25	17	0	0	0	17	0	0	3.247		99.9225	48.9457	0.0605638	0	0.606107	0.195577	14.2811	1		0	12.0705	37.3882	0	0	0	
2024-06-11 18:33:39	1590	3345	1	0	0	7.75	32	0	0	0	32	0	0	2.75	32	0	0	0	32	0	0	4.33		99.9247	49.4584	0.0492927	0	0.493299	0.122808	15.4974	1		0	12.0705	36.7384	0	0	0	
2024-06-11 18:31:10	1571	3346	5	0	0	6	25	0	0	0	25	0	0	0	25	0	0	0	25	0	0	5.195		99.9257	49.205	0.0453344	0	0.453681	0.263939	17.1034	1		0	12.0616	36.8684	0	0	0	
2024-06-11 18:23:46	1516	3347	1	0	0	2	9	0	0	0	9	0	0	2.75	9	0	0	0	9	0	0	0.649		99.9315	49.1575	0.391893	0	3.92161	0.896873	18.4802	1		0	12.0616	38.8176	0	0	0	
2024-06-11 18:32:54	1584	3348	1	0	0	7	29	0	0	0	29	0	0	1.25	29	0	0	0	29	0	0	4.979		99.9277	49.0097	0.0441707	0	0.442027	0.0736486	15.9697	1		0	12.0705	36.7384	0	0	0	
2024-06-11 18:20:32	1491	3349	9	0	0	0	1	0	0	0	1	0	0	5.5	1	0	0	0	1	0	0	4.762		99.9381	50.2397	0.0621831	0	0.622216	0.0626732	21.5022	2		0	12.0705	41.5464	0	0	0	
2024-06-11 18:21:03	1495	3350	5	0	0	0	1	0	0	0	1	0	0	4.25	1	0	0	0	1	0	0	3.68		99.9396	49.8677	0.0593297	0	0.593655	0.450958	15.8527	1		0	11.973	40.7668	0	0	0	
