Time	MeasID	DPID	Channel	A(x)	A(y)	A(z)	A(adr)	B(x)	B(y)	B(z)	B(adr)	M(x)	M(y)	M(z)	M(adr)	N(x)	N(y)	N(z)	N(adr)	F(x)	F(y)	F(z)	Note	I(mA)	Uout(V)	U(V)	SP(V)	R(Ohm)	Var(%)	Rho-a(Ohm-m)	Cycles	IP Delay Window(mV/V)	Pint(V)	Pext(V)	T int(deg C)	T log(deg C)	Latitude	Longitude
2024-06-11 16:34:23	1429	2681	1	0	0	7.75	32	0	0	0	32	0	0	2	32	0	0	0	32	0	0	4.979		99.9258	49.2843	0.0424207	0	0.424522	0.158945	15.3373	1		0	12.0705	36.7384	0	0	0	
2024-06-11 16:29:00	1390	2682	9	0	0	5	21	0	0	0	21	0	0	7.5	21	0	0	0	21	0	0	2.165		99.9269	49.7628	0.103082	0	1.03158	0.333645	16.204	1		0	12.0616	36.8684	0	0	0	
2024-06-11 16:28:42	1388	2683	9	0	0	5	21	0	0	0	21	0	0	6.25	21	0	0	0	21	0	0	1.082		99.927	49.6228	0.263453	0	2.63645	0.141704	20.7067	2		0	12.0705	37.1283	0	0	0	
2024-06-11 16:26:30	1371	2684	1	0	0	3	13	0	0	0	13	0	0	1.75	13	0	0	0	13	0	0	1.082		99.9284	49.4712	0.20057	0	2.00714	0.340026	15.7641	1		0.0088623	12.0705	37.778	0	0	0	
2024-06-11 16:34:08	1427	2685	9	0	0	7.75	32	0	0	0	32	0	0	6.75	32	0	0	0	32	0	0	0.866		99.9263	49.316	0.28262	0	2.82828	0.371071	17.7706	1		0	12.0705	36.7384	0	0	0	
2024-06-11 16:40:19	1472	2686	1	0	0	3.25	14	0	0	0	14	0	0	2.5	14	0	0	0	14	0	0	0.649		99.9269	48.5778	0.369881	0	3.70151	0.110343	17.443	2		0	12.0616	36.8684	0	0	0	
2024-06-11 16:27:21	1378	2687	5	0	0	4	17	0	0	0	17	0	0	7.5	17	0	0	0	17	0	0	3.031		99.9227	48.8161	0.064102	0	0.641516	0.0217968	14.1077	1		0	12.0705	37.5181	0	0	0	
2024-06-11 16:26:44	1373	2688	9	0	0	4	17	0	0	0	17	0	0	6.25	17	0	0	0	17	0	0	1.948		99.927	48.8816	0.100668	0	1.00742	0.451654	14.242	1		0	12.0705	37.6481	0	0	0	
2024-06-11 16:26:22	1370	2689	1	0	0	3	13	0	0	0	13	0	0	3.5	13	0	0	0	13	0	0	0.433		99.9322	49.4464	0.579576	0	5.7997	0.496884	18.2203	1		0	12.0705	37.778	0	0	0	
2024-06-11 16:23:42	1350	2690	9	0	0	2	9	0	0	0	9	0	0	6.75	9	0	0	0	9	0	0	4.113		99.9347	48.9889	0.0507399	0	0.507731	0.157813	15.1533	1		0	12.0705	38.8176	0	0	0	
2024-06-11 16:32:37	1415	2691	5	0	0	7	29	0	0	0	29	0	0	5.75	29	0	0	0	29	0	0	1.082		99.9287	48.7941	0.240418	0	2.4059	0.457421	18.8959	1		0	12.0616	36.8684	0	0	0	
2024-06-11 16:32:37	1415	2692	9	0	0	7	29	0	0	0	29	0	0	4.5	29	0	0	0	29	0	0	2.165		99.9287	48.7941	0.095275	0	0.953429	0.251286	14.9764	1		0	12.0616	36.8684	0	0	0	
2024-06-11 16:22:31	1341	2693	9	0	0	1	5	0	0	0	5	0	0	5.25	5	0	0	0	5	0	0	3.68		99.9359	49.0778	0.0659808	0	0.660231	0.166824	17.6305	1		0	12.0705	39.5972	0	0	0	
2024-06-11 16:21:57	1337	2694	9	0	0	1	5	0	0	0	5	0	0	4	5	0	0	0	5	0	0	2.598		99.9391	49.0695	0.0803472	0	0.803961	0.204626	15.1543	2		0	12.0616	39.9871	0	0	0	
2024-06-11 16:38:36	1460	2695	1	0	0	4.75	20	0	0	0	20	0	0	3	20	0	0	0	20	0	0	1.515		99.9269	48.7976	0.134384	0	1.34482	0.794789	14.7871	1		0	12.0705	36.7384	0	0	0	
2024-06-11 16:31:27	1407	2696	1	0	0	6	25	0	0	0	25	0	0	3	25	0	0	0	25	0	0	2.598		99.9305	49.0327	0.076865	0	0.769185	0.0564285	14.4988	1		0	12.0705	36.8684	0	0	0	
2024-06-11 16:25:04	1360	2697	1	0	0	2	9	0	0	0	9	0	0	2.25	9	0	0	0	9	0	0	0.216		99.9313	48.944	0.993554	0	9.94237	0.387107	15.6174	1		0	12.0616	38.2978	0	0	0	
2024-06-11 16:33:07	1419	2698	1	0	0	7	29	0	0	0	29	0	0	0.5	29	0	0	0	29	0	0	5.628		99.9287	48.8237	0.0415537	0	0.415834	0.564485	16.9829	1		0	12.0705	36.8684	0	0	0	
2024-06-11 16:21:39	1335	2699	5	0	0	0	1	0	0	0	1	0	0	3.5	1	0	0	0	1	0	0	3.031		99.9377	49.5049	0.080026	0	0.800758	0.228522	17.6096	2		0	12.0705	40.117	0	0	0	
2024-06-11 16:40:12	1471	2700	1	0	0	1.75	8	0	0	0	8	0	0	0	8	0	0	0	8	0	0	1.515		99.9256	48.7568	0.131409	0	1.31507	0.660183	14.46	1		0	12.0616	36.8684	0	0	0	
2024-06-11 16:30:47	1402	2701	9	0	0	6	25	0	0	0	25	0	0	7	25	0	0	0	25	0	0	0.866		99.9242	48.9821	0.292023	0	2.92245	0.703291	18.3623	1		0	12.0616	36.9983	0	0	0	
2024-06-11 16:39:26	1465	2702	1	0	0	6.5	27	0	0	0	27	0	0	1.25	27	0	0	0	27	0	0	4.546		99.9267	48.8227	0.0530694	0	0.531083	0.13702	17.5187	1		0	12.0705	36.8684	0	0	0	
2024-06-11 16:33:46	1424	2703	1	0	0	7.75	32	0	0	0	32	0	0	1.25	32	0	0	0	32	0	0	5.628		99.9216	49.2909	0.0389569	0	0.389875	0.388733	15.9228	1		0	12.0705	36.7384	0	0	0	
2024-06-11 16:28:32	1387	2704	5	0	0	5	21	0	0	0	21	0	0	5.5	21	0	0	0	21	0	0	0.433		99.9299	49.6404	0.91655	0	9.17193	0.192391	28.8145	2		0	12.0616	37.2582	0	0	0	
2024-06-11 16:28:22	1386	2705	1	0	0	5	21	0	0	0	21	0	0	4.25	21	0	0	0	21	0	0	0.649		99.9295	49.6857	0.411261	0	4.11552	0.216571	19.3939	2		0	12.0705	37.2582	0	0	0	
2024-06-11 16:26:15	1369	2706	5	0	0	3	13	0	0	0	13	0	0	1	13	0	0	0	13	0	0	1.732		99.9291	49.451	0.116585	0	1.16668	0.235559	14.6609	1		0	12.0705	37.778	0	0	0	
2024-06-11 16:23:17	1347	2707	5	0	0	1	5	0	0	0	5	0	0	2	5	0	0	0	5	0	0	0.866		99.9395	49.0174	0.257266	0	2.57422	0.348473	16.1743	1		0	12.0705	39.0775	0	0	0	
2024-06-11 16:35:48	1440	2708	9	0	0	1.75	8	0	0	0	8	0	0	6	8	0	0	0	8	0	0	3.68		99.9269	48.8749	0.0610883	0	0.61133	0.231446	16.3247	1		0	12.0705	36.7384	0	0	0	
2024-06-11 16:27:35	1380	2709	1	0	0	4	17	0	0	0	17	0	0	2.25	17	0	0	0	17	0	0	1.515		99.9274	48.8105	0.128595	0	1.28688	0.00876052	14.15	1		0	12.0705	37.5181	0	0	0	
2024-06-11 16:33:28	1422	2710	9	0	0	7.75	32	0	0	0	32	0	0	6	32	0	0	0	32	0	0	1.515		99.9236	49.1912	0.154299	0	1.54417	0.28384	16.9791	2		0	12.0705	36.8684	0	0	0	
2024-06-11 16:33:46	1424	2711	5	0	0	7.75	32	0	0	0	32	0	0	4.75	32	0	0	0	32	0	0	2.598		99.9216	49.2909	0.0853947	0	0.854617	0.221523	16.1091	1		0	12.0705	36.7384	0	0	0	
2024-06-11 16:30:27	1400	2712	1	0	0	6	25	0	0	0	25	0	0	2	25	0	0	0	25	0	0	3.464		99.9291	49.0465	0.0621478	0	0.621919	0.0892248	15.6305	2		0	12.0705	36.9983	0	0	0	
2024-06-11 16:26:52	1374	2713	9	0	0	4	17	0	0	0	17	0	0	5.5	17	0	0	0	17	0	0	1.299		99.9283	48.8546	0.18719	0	1.87324	0.379315	17.6549	1		0	12.0705	37.6481	0	0	0	
2024-06-11 16:27:06	1376	2714	5	0	0	4	17	0	0	0	17	0	0	4.25	17	0	0	0	17	0	0	0.216		99.9234	48.7964	0.870595	0	8.71263	0.486964	13.6858	1		0	12.0616	37.5181	0	0	0	
2024-06-11 16:21:26	1333	2715	1	0	0	0	1	0	0	0	1	0	0	1.75	1	0	0	0	1	0	0	1.515		99.9364	49.6653	0.130248	0	1.3033	0.377937	14.3306	1		0	12.0705	40.3769	0	0	0	
2024-06-11 16:41:30	1480	2716	1	0	0	3.75	16	0	0	4	16	0	0	3.5	16	0	0	4.25	16	0	0	0.13		99.9297	18.9942	0.722062	0	7.2257	0.27017	11.3501	1		0	12.0705	36.8684	0	0	0	
2024-06-11 16:26:01	1367	2717	1	0	0	3	13	0	0	0	13	0	0	2.75	13	0	0	0	13	0	0	0.216		99.928	49.5382	1.00537	0	10.0609	0.689054	15.8037	1		0	12.0705	37.908	0	0	0	
2024-06-11 16:23:50	1351	2718	5	0	0	2	9	0	0	0	9	0	0	6	9	0	0	0	9	0	0	3.464		99.9352	48.8936	0.0668152	0	0.668585	0.261056	16.8034	2		0	12.0705	38.8176	0	0	0	
2024-06-11 16:24:24	1355	2719	5	0	0	2	9	0	0	0	9	0	0	4.75	9	0	0	0	9	0	0	2.381		99.9385	48.9523	0.0901632	0	0.902186	0.394143	15.5887	1		0	12.0705	38.4277	0	0	0	
2024-06-11 16:32:45	1416	2720	5	0	0	7	29	0	0	0	29	0	0	5	29	0	0	0	29	0	0	1.732		99.9283	48.821	0.13534	0	1.35437	0.408864	17.0195	1		0	12.0705	36.8684	0	0	0	
2024-06-11 16:31:59	1411	2721	1	0	0	7	29	0	0	0	29	0	0	3.75	29	0	0	0	29	0	0	2.814		99.9239	48.7197	0.0694964	0	0.695493	0.0439385	14.2022	2		0	12.0616	36.8684	0	0	0	
2024-06-11 16:22:39	1342	2722	1	0	0	1	5	0	0	0	5	0	0	3.25	5	0	0	0	5	0	0	1.948		99.9386	49.0172	0.103454	0	1.03518	0.163044	14.6345	2		0	12.0705	39.4673	0	0	0	
2024-06-11 16:35:23	1437	2723	9	0	0	2.75	12	0	0	0	12	0	0	5	12	0	0	0	12	0	0	1.948		99.9231	48.6459	0.106295	0	1.06376	0.768192	15.0386	1		0	12.0705	36.7384	0	0	0	
2024-06-11 16:29:08	1391	2724	1	0	0	5	21	0	0	0	21	0	0	1.75	21	0	0	0	21	0	0	2.814		99.9244	49.7808	0.0726503	0	0.727053	0.13174	14.8467	1		0	12.0705	37.1283	0	0	0	
2024-06-11 16:24:57	1359	2725	5	0	0	2	9	0	0	0	9	0	0	1.5	9	0	0	0	9	0	0	0.433		99.9339	48.9201	0.550135	0	5.50499	0.3956	17.2944	1		0	12.0705	38.2978	0	0	0	
2024-06-11 16:21:33	1334	2726	5	0	0	0	1	0	0	0	1	0	0	2.75	1	0	0	0	1	0	0	2.381		99.9378	49.6391	0.111969	0	1.12039	0.366493	19.3589	1		0	12.0705	40.3769	0	0	0	
2024-06-11 16:35:16	1436	2727	9	0	0	3.25	14	0	0	0	14	0	0	4.5	14	0	0	0	14	0	0	1.082		99.9249	48.8017	0.199306	0	1.99456	0.585649	15.6652	1		0	12.0705	36.7384	0	0	0	
2024-06-11 16:26:01	1367	2728	5	0	0	3	13	0	0	0	13	0	0	6.75	13	0	0	0	13	0	0	3.247		99.928	49.5382	0.0635883	0	0.636342	0.206571	14.9934	1		0	12.0705	37.908	0	0	0	
2024-06-11 16:22:07	1338	2729	5	0	0	1	5	0	0	0	5	0	0	7.25	5	0	0	0	5	0	0	5.412		99.9377	49.007	0.0646359	0	0.646762	0.208992	25.3983	2		0	12.0705	39.8571	0	0	0	
2024-06-11 16:31:05	1404	2730	9	0	0	6	25	0	0	0	25	0	0	7.5	25	0	0	0	25	0	0	1.299		99.9292	49.017	0.178259	0	1.78385	0.572744	16.8124	1		0	12.0705	36.9983	0	0	0	
2024-06-11 16:30:27	1400	2731	5	0	0	6	25	0	0	0	25	0	0	6.25	25	0	0	0	25	0	0	0.216		99.9291	49.0465	1.07447	0	10.7523	0.318198	16.8897	2		0	12.0705	36.9983	0	0	0	
2024-06-11 16:33:39	1423	2732	1	0	0	7.75	32	0	0	0	32	0	0	0.5	32	0	0	0	32	0	0	6.278		99.9241	49.2064	0.0368609	0	0.368889	0.180529	16.804	1		0	12.0705	36.7384	0	0	0	
2024-06-11 16:29:32	1394	2733	5	0	0	5	21	0	0	0	21	0	0	3.5	21	0	0	0	21	0	0	1.299		99.9274	49.6251	0.158749	0	1.58864	0.0484779	14.9726	2		0	12.0705	37.1283	0	0	0	
2024-06-11 16:25:43	1365	2734	1	0	0	3	13	0	0	0	13	0	0	0.25	13	0	0	0	13	0	0	2.381		99.9297	49.3773	0.0811905	0	0.812476	0.0610947	14.0386	2		0	12.0705	38.0379	0	0	0	
2024-06-11 16:21:57	1337	2735	1	0	0	1	5	0	0	0	5	0	0	1.25	5	0	0	0	5	0	0	0.216		99.9391	49.0695	0.970106	0	9.70697	0.314271	15.2477	2		0	12.0616	39.9871	0	0	0	
2024-06-11 16:27:28	1379	2736	1	0	0	4	17	0	0	0	17	0	0	1.5	17	0	0	0	17	0	0	2.165		99.9253	48.7827	0.0873882	0	0.874535	0.18301	13.7372	1		0	12.0705	37.5181	0	0	0	
2024-06-11 16:35:55	1441	2737	9	0	0	1.5	7	0	0	0	7	0	0	6.25	7	0	0	0	7	0	0	4.113		99.9258	48.2467	0.0513724	0	0.514106	0.806306	15.3436	1		0	12.0705	36.7384	0	0	0	
2024-06-11 16:33:39	1423	2738	5	0	0	7.75	32	0	0	0	32	0	0	5.25	32	0	0	0	32	0	0	2.165		99.9241	49.2064	0.109043	0	1.09125	0.190399	17.1414	1		0	12.0705	36.7384	0	0	0	
2024-06-11 16:34:16	1428	2739	9	0	0	7.75	32	0	0	0	32	0	0	4	32	0	0	0	32	0	0	3.247		99.9292	49.2708	0.0617746	0	0.618184	0.0680357	14.5656	1		0	12.0616	36.8684	0	0	0	
2024-06-11 16:30:47	1402	2740	1	0	0	6	25	0	0	0	25	0	0	1.25	25	0	0	0	25	0	0	4.113		99.9242	48.9821	0.058462	0	0.585064	0.182341	17.4613	1		0	12.0616	36.9983	0	0	0	
2024-06-11 16:27:57	1383	2741	5	0	0	4	17	0	0	0	17	0	0	3.5	17	0	0	0	17	0	0	0.433		99.924	48.7666	0.521586	0	5.21983	0.0851924	16.3986	1		0	12.0705	37.3882	0	0	0	
2024-06-11 16:21:26	1333	2742	5	0	0	0	1	0	0	0	1	0	0	1	1	0	0	0	1	0	0	0.866		99.9364	49.6653	0.2527	0	2.5286	0.548582	15.8877	1		0	12.0705	40.3769	0	0	0	
2024-06-11 16:24:24	1355	2743	9	0	0	2	9	0	0	0	9	0	0	5.25	9	0	0	0	9	0	0	2.814		99.9385	48.9523	0.0813681	0	0.814182	0.0838692	16.6259	1		0	12.0705	38.4277	0	0	0	
2024-06-11 16:23:32	1349	2744	9	0	0	2	9	0	0	0	9	0	0	4	9	0	0	0	9	0	0	1.732		99.9329	48.9649	0.118469	0	1.18548	0.0359566	14.8972	2		0	12.0705	38.9475	0	0	0	
2024-06-11 16:40:30	1473	2745	1	0	0	3.5	15	0	0	0	15	0	0	2.25	15	0	0	0	15	0	0	1.082		99.9255	48.1557	0.201271	0	2.01421	0.725372	15.8195	1		0	12.0705	36.8684	0	0	0	
2024-06-11 16:32:19	1413	2746	1	0	0	7	29	0	0	0	29	0	0	3	29	0	0	0	29	0	0	3.464		99.9228	48.7737	0.0572457	0	0.5729	0.375333	14.3985	1		0	12.0705	36.6085	0	0	0	
2024-06-11 16:23:10	1346	2747	5	0	0	1	5	0	0	0	5	0	0	2.5	5	0	0	0	5	0	0	1.299		99.9361	48.9949	0.170022	0	1.70131	0.499814	16.0345	1		0	12.0705	39.2074	0	0	0	
2024-06-11 16:20:13	1325	2748	5	0	0	0	1	0	0	0	1	0	0	6.75	1	0	0	0	1	0	0	5.845		99.9383	50.5039	0.0370206	0	0.370434	0.0191816	15.7107	2		0	12.0793	41.5464	0	0	0	
2024-06-11 16:37:01	1449	2749	1	0	0	2.75	12	0	0	0	12	0	0	3	12	0	0	0	12	0	0	0.216		99.927	48.2834	1.02669	0	10.2744	0.201722	16.1391	2		0	12.0705	36.8684	0	0	0	
2024-06-11 16:29:25	1393	2750	1	0	0	5	21	0	0	0	21	0	0	1	21	0	0	0	21	0	0	3.464		99.9282	49.6991	0.0603153	0	0.603586	0.139819	15.1698	1		0	11.973	37.1283	0	0	0	
2024-06-11 16:42:53	1489	2751	1	0	0	0.5	3	0	0	7.25	3	0	0	2.75	3	0	0	5	3	0	0	1.168		99.9275	20.8577	0.0962783	0	0.963482	0.301359	13.6209	2		0	12.0705	36.8684	0	0	0	
2024-06-11 16:37:54	1455	2752	9	0	0	6.75	28	0	0	0	28	0	0	7	28	0	0	0	28	0	0	0.216		99.9249	48.6722	1.00892	0	10.0968	0.393915	15.86	2		0	12.0705	36.7384	0	0	0	
2024-06-11 16:24:42	1357	2753	1	0	0	2	9	0	0	0	9	0	0	0.75	9	0	0	0	9	0	0	1.082		99.9363	48.8652	0.19939	0	1.99517	0.323856	15.67	1		0	12.0705	38.4277	0	0	0	
2024-06-11 16:25:43	1365	2754	9	0	0	3	13	0	0	0	13	0	0	6	13	0	0	0	13	0	0	2.598		99.9297	49.3773	0.0818811	0	0.819388	0.0438877	15.4451	2		0	12.0705	38.0379	0	0	0	
2024-06-11 16:25:53	1366	2755	5	0	0	3	13	0	0	0	13	0	0	4.75	13	0	0	0	13	0	0	1.515		99.926	49.44	0.141894	0	1.42	0.339416	15.6137	1		0	12.0705	37.908	0	0	0	
2024-06-11 16:22:24	1340	2756	5	0	0	1	5	0	0	0	5	0	0	7.75	5	0	0	0	5	0	0	5.845		99.9377	49.0776	0.0375764	0	0.375998	0.297202	15.9467	1		0	12.0705	39.5972	0	0	0	
2024-06-11 16:22:39	1342	2757	9	0	0	1	5	0	0	0	5	0	0	6.5	5	0	0	0	5	0	0	4.762		99.9386	49.0172	0.0517786	0	0.518104	0.465809	17.9044	2		0	12.0705	39.4673	0	0	0	
2024-06-11 16:30:19	1399	2758	9	0	0	6	25	0	0	0	25	0	0	5.5	25	0	0	0	25	0	0	0.433		99.9317	49.3151	0.815585	0	8.16142	0.803722	25.6399	1		0	12.0705	36.9983	0	0	0	
2024-06-11 16:30:54	1403	2759	9	0	0	6	25	0	0	0	25	0	0	4.25	25	0	0	0	25	0	0	1.515		99.9241	48.9284	0.142376	0	1.42484	0.0290435	15.6669	2		0	12.0705	36.9983	0	0	0	
2024-06-11 16:28:42	1388	2760	1	0	0	5	21	0	0	0	21	0	0	2.75	21	0	0	0	21	0	0	1.948		99.927	49.6228	0.100399	0	1.00472	0.144592	14.2039	2		0	12.0705	37.1283	0	0	0	
2024-06-11 16:22:17	1339	2761	1	0	0	1	5	0	0	0	5	0	0	0.5	5	0	0	0	5	0	0	0.433		99.9363	49.0373	0.590652	0	5.91029	0.694793	18.5677	1		0	12.0705	39.7272	0	0	0	
2024-06-11 16:26:44	1373	2762	1	0	0	4	17	0	0	0	17	0	0	0.75	17	0	0	0	17	0	0	2.814		99.927	48.8816	0.0716171	0	0.716694	0.0857576	14.6351	1		0	12.0705	37.6481	0	0	0	
2024-06-11 16:34:52	1433	2763	1	0	0	7.75	32	0	0	0	32	0	0	3.25	32	0	0	0	32	0	0	3.897		99.9234	49.27	0.0519566	0	0.519965	0.118999	14.7017	1		0	12.0616	36.8684	0	0	0	
2024-06-11 16:42:04	1484	2764	1	0	0	2.75	12	0	0	5	12	0	0	0.5	12	0	0	7.25	12	0	0	1.168		99.9246	20.6594	0.10082	0	1.00896	0.2877	14.2639	2		0	12.0705	36.8684	0	0	0	
2024-06-11 16:36:03	1442	2765	9	0	0	1.25	6	0	0	0	6	0	0	6.5	6	0	0	0	6	0	0	4.546		99.9265	48.9062	0.0511566	0	0.511942	0.127834	16.8873	1		0	12.0616	36.7384	0	0	0	
2024-06-11 16:31:05	1404	2766	1	0	0	6	25	0	0	0	25	0	0	0.5	25	0	0	0	25	0	0	4.762		99.9292	49.017	0.0578021	0	0.57843	0.592315	19.9891	1		0	12.0705	36.9983	0	0	0	
2024-06-11 16:28:04	1384	2767	5	0	0	4	17	0	0	0	17	0	0	2.75	17	0	0	0	17	0	0	1.082		99.9244	48.7582	0.193236	0	1.93382	0.149022	15.1882	1		0	12.0705	37.3882	0	0	0	
2024-06-11 16:20:50	1328	2768	1	0	0	0	1	0	0	0	1	0	0	0.25	1	0	0	0	1	0	0	0.216		99.9378	49.8338	0.947736	0	9.48326	0.891957	14.8963	1		0	12.0705	41.0267	0	0	0	
2024-06-11 16:24:32	1356	2769	1	0	0	2	9	0	0	0	9	0	0	3.25	9	0	0	0	9	0	0	1.082		99.9322	48.8481	0.202901	0	2.03039	0.109216	15.9466	2		0	12.0705	38.4277	0	0	0	
2024-06-11 16:32:45	1416	2770	1	0	0	7	29	0	0	0	29	0	0	1.75	29	0	0	0	29	0	0	4.546		99.9283	48.821	0.0473347	0	0.473687	0.402414	15.6254	1		0	12.0705	36.8684	0	0	0	
2024-06-11 16:21:19	1332	2771	9	0	0	0	1	0	0	0	1	0	0	6	1	0	0	0	1	0	0	5.195		99.9411	49.6484	0.0493678	0	0.493969	0.146916	18.6222	1		0	12.0705	40.5069	0	0	0	
2024-06-11 16:20:50	1328	2772	9	0	0	0	1	0	0	0	1	0	0	4.75	1	0	0	0	1	0	0	4.113		99.9378	49.8338	0.0534735	0	0.535069	0.0646054	15.9692	1		0	12.0705	41.0267	0	0	0	
2024-06-11 16:39:40	1467	2773	1	0	0	7.25	30	0	0	0	30	0	0	0.5	30	0	0	0	30	0	0	5.845		99.9261	48.747	0.0515606	0	0.515987	0.57363	21.8838	1		0	12.0705	36.8684	0	0	0	
2024-06-11 16:29:42	1395	2774	1	0	0	5	21	0	0	0	21	0	0	0.25	21	0	0	0	21	0	0	4.113		99.9269	49.6605	0.0469237	0	0.46958	0.310436	14.0147	1		0	12.0616	37.1283	0	0	0	
2024-06-11 16:29:08	1391	2775	9	0	0	5	21	0	0	0	21	0	0	6.75	21	0	0	0	21	0	0	1.515		99.9244	49.7808	0.160445	0	1.60566	0.0771597	17.6552	1		0	12.0705	37.1283	0	0	0	
2024-06-11 16:25:29	1363	2776	1	0	0	3	13	0	0	0	13	0	0	2.25	13	0	0	0	13	0	0	0.649		99.9284	49.4888	0.378029	0	3.783	0.707522	17.827	1		0	12.0616	38.0379	0	0	0	
2024-06-11 16:24:24	1355	2777	1	0	0	2	9	0	0	0	9	0	0	0	9	0	0	0	9	0	0	1.732		99.9385	48.9523	0.13604	0	1.36123	0.800397	17.1057	1		0	12.0705	38.4277	0	0	0	
2024-06-11 16:38:05	1456	2778	9	0	0	6.5	27	0	0	0	27	0	0	7.25	27	0	0	0	27	0	0	0.649		99.9273	48.7626	0.418341	0	4.18645	0.17735	19.7282	2		0	12.0705	36.8684	0	0	0	
2024-06-11 16:33:28	1422	2779	5	0	0	7.75	32	0	0	0	32	0	0	7.25	32	0	0	0	32	0	0	0.433		99.9236	49.1912	0.566811	0	5.67244	0.478736	17.8205	2		0	12.0705	36.8684	0	0	0	
2024-06-11 16:39:47	1468	2780	1	0	0	7.5	31	0	0	0	31	0	0	0.25	31	0	0	0	31	0	0	6.278		99.9282	48.9697	0.0367056	0	0.36732	0.275109	16.7325	1		0	12.0616	36.8684	0	0	0	
2024-06-11 16:36:34	1446	2781	1	0	0	0.75	4	0	0	0	4	0	0	1	4	0	0	0	4	0	0	0.216		99.9282	49.3047	1.07098	0	10.7175	0.664621	16.835	1		0.0088623	12.0705	36.7384	0	0	0	
2024-06-11 16:38:55	1462	2782	1	0	0	5.5	23	0	0	0	23	0	0	2.25	23	0	0	0	23	0	0	2.814		99.9249	48.9847	0.109446	0	1.09528	1.22059	22.366	4		0	12.0705	36.8684	0	0	0	
2024-06-11 16:26:59	1375	2783	5	0	0	4	17	0	0	0	17	0	0	6.75	17	0	0	0	17	0	0	2.381		99.9275	48.8463	0.0793644	0	0.79422	0.303787	13.7231	1		0	12.0616	37.6481	0	0	0	
2024-06-11 16:25:29	1363	2784	5	0	0	3	13	0	0	0	13	0	0	5.25	13	0	0	0	13	0	0	1.948		99.9284	49.4888	0.109649	0	1.09728	0.277942	15.5124	1		0	12.0616	38.0379	0	0	0	
2024-06-11 16:25:29	1363	2785	9	0	0	3	13	0	0	0	13	0	0	4	13	0	0	0	13	0	0	0.866		99.9284	49.4888	0.257255	0	2.57439	0.411681	16.1754	1		0	12.0616	38.0379	0	0	0	
2024-06-11 16:24:00	1352	2786	9	0	0	2	9	0	0	0	9	0	0	7.25	9	0	0	0	9	0	0	4.546		99.9375	48.8125	0.0558205	0	0.558554	0.27107	18.4249	2		0	12.0616	38.6876	0	0	0	
2024-06-11 16:31:49	1410	2787	9	0	0	7	29	0	0	0	29	0	0	7.5	29	0	0	0	29	0	0	0.433		99.9186	48.7892	0.571632	0	5.72097	0.304828	17.973	2		0	12.0705	36.8684	0	0	0	
2024-06-11 16:32:09	1412	2788	5	0	0	7	29	0	0	0	29	0	0	6.25	29	0	0	0	29	0	0	0.649		99.9259	48.7184	0.400931	0	4.01228	0.200919	18.9074	2		0	12.0705	36.8684	0	0	0	
2024-06-11 16:22:49	1343	2789	9	0	0	1	5	0	0	0	5	0	0	5.75	5	0	0	0	5	0	0	4.113		99.939	48.9981	0.0528876	0	0.529199	0.178208	15.794	1		0	12.0705	39.3374	0	0	0	
2024-06-11 16:22:17	1339	2790	9	0	0	1	5	0	0	0	5	0	0	4.5	5	0	0	0	5	0	0	3.031		99.9363	49.0373	0.0693934	0	0.694376	0.174493	15.2701	1		0	12.0705	39.7272	0	0	0	
2024-06-11 16:31:34	1408	2791	5	0	0	6	25	0	0	0	25	0	0	3.5	25	0	0	0	25	0	0	2.165		99.9267	49.0537	0.087588	0	0.876522	0.299306	13.7684	1		0	12.0705	36.8684	0	0	0	
2024-06-11 16:26:59	1375	2792	1	0	0	4	17	0	0	0	17	0	0	0	17	0	0	0	17	0	0	3.464		99.9275	48.8463	0.0611682	0	0.612126	0.113319	15.3844	1		0	12.0616	37.6481	0	0	0	
2024-06-11 16:34:30	1430	2793	1	0	0	7.75	32	0	0	0	32	0	0	2.5	32	0	0	0	32	0	0	4.546		99.9257	49.2449	0.0483869	0	0.484228	0.313378	15.9731	1		0	11.973	36.7384	0	0	0	
2024-06-11 16:23:42	1350	2794	1	0	0	2	9	0	0	0	9	0	0	2.5	9	0	0	0	9	0	0	0.433		99.9347	48.9889	0.566562	0	5.66932	0.911386	17.8107	1		0	12.0705	38.8176	0	0	0	
2024-06-11 16:33:00	1418	2795	5	0	0	7	29	0	0	0	29	0	0	1	29	0	0	0	29	0	0	5.195		99.923	48.846	0.0421486	0	0.421811	0.290255	15.9019	1		0	12.0616	36.7384	0	0	0	
2024-06-11 16:20:29	1326	2796	9	0	0	0	1	0	0	0	1	0	0	5.25	1	0	0	0	1	0	0	4.546		99.9386	50.1668	0.0503169	0	0.503478	0.244473	16.6081	2		0	12.0705	41.5464	0	0	0	
2024-06-11 16:21:19	1332	2797	5	0	0	0	1	0	0	0	1	0	0	4	1	0	0	0	1	0	0	3.464		99.9411	49.6484	0.0659212	0	0.659601	0.196213	16.5776	1		0	12.0705	40.5069	0	0	0	
2024-06-11 16:34:16	1428	2798	1	0	0	7.75	32	0	0	0	32	0	0	1.75	32	0	0	0	32	0	0	5.195		99.9292	49.2708	0.0418242	0	0.418538	0.134486	15.7785	1		0	12.0616	36.8684	0	0	0	
2024-06-11 16:28:52	1389	2799	5	0	0	5	21	0	0	0	21	0	0	6	21	0	0	0	21	0	0	0.866		99.9274	49.8346	0.374814	0	3.75086	0.734529	23.5673	1		0	12.0705	36.9983	0	0	0	
2024-06-11 16:28:12	1385	2800	5	0	0	5	21	0	0	0	21	0	0	4.75	21	0	0	0	21	0	0	0.216		99.9235	49.7298	1.1915	0	11.9241	0.438094	18.7303	2		0	12.0705	37.3882	0	0	0	
2024-06-11 16:26:15	1369	2801	1	0	0	3	13	0	0	0	13	0	0	1.5	13	0	0	0	13	0	0	1.299		99.9291	49.451	0.158235	0	1.58347	0.27227	14.9238	1		0	12.0705	37.778	0	0	0	
2024-06-11 16:33:39	1423	2802	9	0	0	7.75	32	0	0	0	32	0	0	6.5	32	0	0	0	32	0	0	1.082		99.9241	49.2064	0.219875	0	2.20042	0.573357	17.282	1		0	12.0705	36.7384	0	0	0	
2024-06-11 16:35:40	1439	2803	9	0	0	2.25	10	0	0	0	10	0	0	5.5	10	0	0	0	10	0	0	2.814		99.9242	48.9474	0.08981	0	0.898781	0.699364	18.3534	1		0	11.973	36.7384	0	0	0	
2024-06-11 16:41:54	1483	2804	1	0	0	3	13	0	0	4.75	13	0	0	1.25	13	0	0	6.5	13	0	0	0.908		99.928	20.7865	0.100809	0	1.00881	0.254494	11.0925	2		0	12.0705	36.8684	0	0	0	
2024-06-11 16:27:14	1377	2805	5	0	0	4	17	0	0	0	17	0	0	6	17	0	0	0	17	0	0	1.732		99.9236	48.7925	0.117585	0	1.17675	0.172179	14.7875	1		0	12.0705	37.3882	0	0	0	
2024-06-11 16:27:28	1379	2806	5	0	0	4	17	0	0	0	17	0	0	4.75	17	0	0	0	17	0	0	0.649		99.9253	48.7827	0.371383	0	3.71661	0.274917	17.5141	1		0	12.0705	37.5181	0	0	0	
2024-06-11 16:21:33	1334	2807	1	0	0	0	1	0	0	0	1	0	0	2.25	1	0	0	0	1	0	0	1.948		99.9378	49.6391	0.116822	0	1.16895	0.274891	16.5257	1		0	12.0705	40.3769	0	0	0	
2024-06-11 16:41:43	1482	2808	1	0	0	3.25	14	0	0	4.5	14	0	0	2	14	0	0	5.75	14	0	0	0.649		99.9267	20.4956	0.254966	0	2.55153	0.0870215	20.0396	2		0	12.0705	36.7384	0	0	0	
2024-06-11 16:26:30	1371	2809	5	0	0	3	13	0	0	0	13	0	0	3.25	13	0	0	0	13	0	0	0.216		99.9284	49.4712	1.00924	0	10.0997	0.538732	15.8645	1		0.0088623	12.0705	37.778	0	0	0	
2024-06-11 16:24:17	1354	2810	5	0	0	2	9	0	0	0	9	0	0	7.75	9	0	0	0	9	0	0	4.979		99.9352	48.9366	0.0426272	0	0.426549	0.417132	15.4105	1		0	12.0705	38.5577	0	0	0	
2024-06-11 16:23:42	1350	2811	5	0	0	2	9	0	0	0	9	0	0	6.5	9	0	0	0	9	0	0	3.897		99.9347	48.9889	0.0537967	0	0.538319	0.300874	15.2206	1		0	12.0705	38.8176	0	0	0	
2024-06-11 16:31:59	1411	2812	9	0	0	7	29	0	0	0	29	0	0	5.5	29	0	0	0	29	0	0	1.299		99.9239	48.7197	0.196968	0	1.97118	0.234548	18.5779	2		0	12.0616	36.8684	0	0	0	
2024-06-11 16:32:52	1417	2813	5	0	0	7	29	0	0	0	29	0	0	4.25	29	0	0	0	29	0	0	2.381		99.9275	48.815	0.0839272	0	0.839881	0.203875	14.5121	1		0	12.0616	36.8684	0	0	0	
2024-06-11 16:22:31	1341	2814	5	0	0	1	5	0	0	0	5	0	0	5	5	0	0	0	5	0	0	3.464		99.9359	49.0778	0.0675488	0	0.675921	0.0236162	16.9877	1		0	12.0705	39.5972	0	0	0	
2024-06-11 16:22:07	1338	2815	1	0	0	1	5	0	0	0	5	0	0	3.75	5	0	0	0	5	0	0	2.381		99.9377	49.007	0.0895166	0	0.895724	0.198635	15.477	2		0	12.0705	39.8571	0	0	0	
2024-06-11 16:30:04	1398	2816	1	0	0	6	25	0	0	0	25	0	0	2.75	25	0	0	0	25	0	0	2.814		99.9277	48.8918	0.0707893	0	0.708406	0.367534	14.4659	4		0	12.0616	36.9983	0	0	0	
2024-06-11 16:29:50	1396	2817	5	0	0	5	21	0	0	0	21	0	0	2.25	21	0	0	0	21	0	0	2.381		99.9286	49.7055	0.0801689	0	0.802262	0.537595	13.8621	1		0	12.0705	36.9983	0	0	0	
2024-06-11 16:33:21	1421	2818	1	0	0	7	29	0	0	0	29	0	0	0.25	29	0	0	0	29	0	0	5.845		99.9236	48.8251	0.0353475	0	0.353745	0.450588	15.0029	1		0	12.0616	36.7384	0	0	0	
2024-06-11 16:21:50	1336	2819	1	0	0	0	1	0	0	0	1	0	0	3.25	1	0	0	0	1	0	0	2.814		99.9383	49.4899	0.0723164	0	0.72361	0.0356672	14.7764	1		0	11.973	40.117	0	0	0	
2024-06-11 16:25:43	1365	2820	5	0	0	3	13	0	0	0	13	0	0	7.25	13	0	0	0	13	0	0	3.68		99.9297	49.3773	0.0705735	0	0.706232	0.0526886	18.8589	2		0	12.0705	38.0379	0	0	0	
2024-06-11 16:30:47	1402	2821	5	0	0	6	25	0	0	0	25	0	0	6.75	25	0	0	0	25	0	0	0.649		99.9242	48.9821	0.419859	0	4.20177	0.718559	19.8004	1		0	12.0616	36.9983	0	0	0	
2024-06-11 16:34:59	1434	2822	9	0	0	3.75	16	0	0	0	16	0	0	4	16	0	0	0	16	0	0	0.216		99.9199	48.7409	0.873357	0	8.74057	0.0470184	13.7297	2		0	12.0705	36.7384	0	0	0	
2024-06-11 16:34:37	1431	2823	1	0	0	7.75	32	0	0	0	32	0	0	1	32	0	0	0	32	0	0	5.845		99.9226	49.2331	0.0374373	0	0.374662	0.190014	15.89	1		0	12.0616	36.7384	0	0	0	
2024-06-11 16:28:32	1387	2824	9	0	0	5	21	0	0	0	21	0	0	5.25	21	0	0	0	21	0	0	0.216		99.9299	49.6404	1.38084	0	13.8181	0.156358	21.7054	2		0	12.0616	37.2582	0	0	0	
2024-06-11 16:28:42	1388	2825	5	0	0	5	21	0	0	0	21	0	0	4	21	0	0	0	21	0	0	0.866		99.927	49.6228	0.268963	0	2.69159	0.117939	16.9118	2		0	12.0705	37.1283	0	0	0	
2024-06-11 16:26:22	1370	2826	5	0	0	3	13	0	0	0	13	0	0	0.75	13	0	0	0	13	0	0	1.948		99.9322	49.4464	0.103751	0	1.03821	0.432208	14.6774	1		0	12.0705	37.778	0	0	0	
2024-06-11 16:23:17	1347	2827	1	0	0	1	5	0	0	0	5	0	0	1.75	5	0	0	0	5	0	0	0.649		99.9395	49.0174	0.370712	0	3.70937	0.393487	17.48	1		0	12.0705	39.0775	0	0	0	
2024-06-11 16:27:50	1382	2828	1	0	0	4	17	0	0	0	17	0	0	2	17	0	0	0	17	0	0	1.732		99.9244	48.7928	0.11296	0	1.13046	0.040316	14.2057	1		0	12.0705	37.3882	0	0	0	
2024-06-11 16:34:08	1427	2829	5	0	0	7.75	32	0	0	0	32	0	0	5.75	32	0	0	0	32	0	0	1.732		99.9263	49.316	0.137086	0	1.37187	0.233906	17.2395	1		0	12.0705	36.7384	0	0	0	
2024-06-11 16:34:00	1426	2830	9	0	0	7.75	32	0	0	0	32	0	0	4.5	32	0	0	0	32	0	0	2.814		99.9259	49.2235	0.0748348	0	0.748903	0.0507427	15.2929	1		0	12.0705	36.7384	0	0	0	
2024-06-11 16:37:19	1451	2831	1	0	0	2.25	10	0	0	0	10	0	0	3.5	10	0	0	0	10	0	0	1.082		99.9275	48.9457	0.205808	0	2.05957	0.909174	16.1758	1		0	12.0616	36.7384	0	0	0	
2024-06-11 16:36:26	1445	2832	9	0	0	0.25	2	0	0	0	2	0	0	7.5	2	0	0	0	2	0	0	6.278		99.9249	48.8615	0.0344502	0	0.344761	0.82107	15.7049	1		0	12.0705	36.7384	0	0	0	
2024-06-11 16:31:34	1408	2833	1	0	0	6	25	0	0	0	25	0	0	1.75	25	0	0	0	25	0	0	3.68		99.9267	49.0537	0.0640803	0	0.641273	0.448346	17.1243	1		0	12.0705	36.8684	0	0	0	
2024-06-11 16:27:06	1376	2834	9	0	0	4	17	0	0	0	17	0	0	5.25	17	0	0	0	17	0	0	1.082		99.9234	48.7964	0.221938	0	2.22108	0.268235	17.4443	1		0	12.0616	37.5181	0	0	0	
2024-06-11 16:20:29	1326	2835	1	0	0	0	1	0	0	0	1	0	0	1.5	1	0	0	0	1	0	0	1.299		99.9386	50.1668	0.153434	0	1.53528	0.0660832	14.4697	2		0	12.0705	41.5464	0	0	0	
2024-06-11 16:25:11	1361	2836	1	0	0	3	13	0	0	0	13	0	0	2.5	13	0	0	0	13	0	0	0.433		99.9345	49.4595	0.579949	0	5.8033	0.491213	18.2316	2		0	12.0705	38.0379	0	0	0	
2024-06-11 16:24:32	1356	2837	9	0	0	2	9	0	0	0	9	0	0	5.75	9	0	0	0	9	0	0	3.247		99.9322	48.8481	0.0667064	0	0.667516	0.23308	15.728	2		0	12.0705	38.4277	0	0	0	
2024-06-11 16:23:50	1351	2838	9	0	0	2	9	0	0	0	9	0	0	4.5	9	0	0	0	9	0	0	2.165		99.9352	48.8936	0.0963323	0	0.963948	0.120354	15.1417	2		0	12.0705	38.8176	0	0	0	
2024-06-11 16:32:09	1412	2839	1	0	0	7	29	0	0	0	29	0	0	3.5	29	0	0	0	29	0	0	3.031		99.9259	48.7184	0.0635744	0	0.636216	0.119216	13.9911	2		0	12.0705	36.8684	0	0	0	
2024-06-11 16:22:56	1344	2840	1	0	0	1	5	0	0	0	5	0	0	3	5	0	0	0	5	0	0	1.732		99.9403	49.0713	0.118633	0	1.18704	0.153305	14.9168	1		0	12.0705	39.0775	0	0	0	
2024-06-11 16:20:29	1326	2841	5	0	0	0	1	0	0	0	1	0	0	7.25	1	0	0	0	1	0	0	6.278		99.9386	50.1668	0.0370579	0	0.370806	0.1331	16.8914	2		0	12.0705	41.5464	0	0	0	
2024-06-11 16:29:50	1396	2842	1	0	0	5	21	0	0	0	21	0	0	1.5	21	0	0	0	21	0	0	3.031		99.9286	49.7055	0.0621095	0	0.621539	0.453848	13.6684	1		0	12.0705	36.9983	0	0	0	
2024-06-11 16:24:42	1357	2843	5	0	0	2	9	0	0	0	9	0	0	1.25	9	0	0	0	9	0	0	0.649		99.9363	48.8652	0.355487	0	3.55714	0.389547	16.7626	1		0	12.0705	38.4277	0	0	0	
2024-06-11 16:40:05	1470	2844	1	0	0	1.5	7	0	0	0	7	0	0	0.25	7	0	0	0	7	0	0	1.082		99.9283	48.1234	0.194064	0	1.94203	0.685318	15.2527	1		0	12.0705	36.8684	0	0	0	
2024-06-11 16:21:11	1331	2845	1	0	0	0	1	0	0	0	1	0	0	2.5	1	0	0	0	1	0	0	2.165		99.9396	49.746	0.0937724	0	0.938291	0.271694	14.7386	1		0	12.0705	40.6368	0	0	0	
2024-06-11 16:39:16	1464	2846	1	0	0	6.25	26	0	0	0	26	0	0	1.5	26	0	0	0	26	0	0	4.113		99.924	48.9453	0.0565655	0	0.566085	0.421334	16.8949	2		0	12.0705	36.7384	0	0	0	
2024-06-11 16:41:12	1478	2847	9	0	0	7.25	30	0	0	0	30	0	0	6.5	30	0	0	0	30	0	0	0.649		99.9277	48.6015	0.420591	0	4.20896	0.250615	19.8342	2		0	12.0705	36.7384	0	0	0	
2024-06-11 16:25:36	1364	2848	9	0	0	3	13	0	0	0	13	0	0	7.75	13	0	0	0	13	0	0	4.113		99.9294	49.4491	0.0493822	0	0.494171	0.791524	14.7486	1		0	12.0705	38.0379	0	0	0	
2024-06-11 16:25:21	1362	2849	9	0	0	3	13	0	0	0	13	0	0	6.5	13	0	0	0	13	0	0	3.031		99.9301	49.4614	0.0693969	0	0.694455	0.0725007	15.2719	1		0	12.0705	38.0379	0	0	0	
2024-06-11 16:22:07	1338	2850	9	0	0	1	5	0	0	0	5	0	0	7	5	0	0	0	5	0	0	5.195		99.9377	49.007	0.0419449	0	0.41971	0.344015	15.8227	2		0	12.0705	39.8571	0	0	0	
2024-06-11 16:30:19	1399	2851	5	0	0	6	25	0	0	0	25	0	0	4.75	25	0	0	0	25	0	0	1.082		99.9317	49.3151	0.259824	0	2.60001	0.194364	20.4205	1		0	12.0705	36.9983	0	0	0	
2024-06-11 16:34:00	1426	2852	1	0	0	7.75	32	0	0	0	32	0	0	0.25	32	0	0	0	32	0	0	6.494		99.9259	49.2235	0.0327712	0	0.327955	0.187227	15.4545	1		0	12.0705	36.7384	0	0	0	
2024-06-11 16:29:15	1392	2853	1	0	0	5	21	0	0	0	21	0	0	3.25	21	0	0	0	21	0	0	1.515		99.923	49.6824	0.130478	0	1.30579	0.059229	14.3579	2		0	12.0616	36.9983	0	0	0	
2024-06-11 16:25:53	1366	2854	1	0	0	3	13	0	0	0	13	0	0	0	13	0	0	0	13	0	0	2.598		99.926	49.44	0.0776738	0	0.777313	0.0793578	14.652	1		0	12.0705	37.908	0	0	0	
2024-06-11 16:35:09	1435	2855	9	0	0	3.5	15	0	0	0	15	0	0	4.25	15	0	0	0	15	0	0	0.649		99.9218	48.1668	0.340889	0	3.41156	0.760882	16.0766	1		0	12.0705	36.7384	0	0	0	
2024-06-11 16:27:06	1376	2856	1	0	0	4	17	0	0	0	17	0	0	1.25	17	0	0	0	17	0	0	2.381		99.9234	48.7964	0.0821349	0	0.821978	0.0933602	14.2028	1		0	12.0616	37.5181	0	0	0	
2024-06-11 16:34:23	1429	2857	5	0	0	7.75	32	0	0	0	32	0	0	5	32	0	0	0	32	0	0	2.381		99.9258	49.2843	0.0959461	0	0.960174	0.0253551	16.5906	1		0	12.0705	36.7384	0	0	0	
2024-06-11 16:34:30	1430	2858	5	0	0	7.75	32	0	0	0	32	0	0	3.75	32	0	0	0	32	0	0	3.464		99.9257	49.2449	0.0585937	0	0.586372	0.17525	14.7371	1		0	11.973	36.7384	0	0	0	
2024-06-11 16:42:46	1488	2859	1	0	0	1.25	6	0	0	6.5	6	0	0	3	6	0	0	4.75	6	0	0	0.908		99.9285	20.754	0.126934	0	1.27025	0.47926	13.9671	1		0	12.0705	36.8684	0	0	0	
2024-06-11 16:31:20	1406	2860	5	0	0	6	25	0	0	0	25	0	0	1	25	0	0	0	25	0	0	4.33		99.9275	49.0327	0.0543563	0	0.543958	0.0776177	17.0889	1		0	12.0705	36.8684	0	0	0	
2024-06-11 16:27:42	1381	2861	5	0	0	4	17	0	0	0	17	0	0	3.25	17	0	0	0	17	0	0	0.649		99.9251	48.8058	0.345676	0	3.45935	0.0716379	16.3018	1		0	12.0616	37.5181	0	0	0	
2024-06-11 16:21:19	1332	2862	1	0	0	0	1	0	0	0	1	0	0	0.75	1	0	0	0	1	0	0	0.649		99.9411	49.6484	0.363294	0	3.63508	0.582541	17.1299	1		0	12.0705	40.5069	0	0	0	
2024-06-11 16:42:14	1485	2863	1	0	0	3.5	15	0	0	4.25	15	0	0	3.75	15	0	0	4	15	0	0	0.13		99.9278	19.7087	0.68211	0	6.82603	0.103964	10.7223	2		0	12.0705	36.8684	0	0	0	
2024-06-11 16:24:17	1354	2864	9	0	0	2	9	0	0	0	9	0	0	5	9	0	0	0	9	0	0	2.598		99.9352	48.9366	0.0824444	0	0.824979	0.123517	15.5505	1		0	12.0705	38.5577	0	0	0	
2024-06-11 16:24:00	1352	2865	1	0	0	2	9	0	0	0	9	0	0	3.75	9	0	0	0	9	0	0	1.515		99.9375	48.8125	0.150201	0	1.50295	0.0860812	16.5258	2		0	12.0616	38.6876	0	0	0	
2024-06-11 16:32:27	1414	2866	1	0	0	7	29	0	0	0	29	0	0	2.75	29	0	0	0	29	0	0	3.68		99.9269	48.7811	0.0548156	0	0.548557	0.242604	14.6484	2		0	12.0705	36.8684	0	0	0	
2024-06-11 16:33:14	1420	2867	1	0	0	7	29	0	0	0	29	0	0	2.25	29	0	0	0	29	0	0	4.113		99.9237	48.8554	0.0487891	0	0.488264	0.342667	14.5723	1		0	12.0705	36.8684	0	0	0	
2024-06-11 16:20:57	1329	2868	5	0	0	0	1	0	0	0	1	0	0	7.75	1	0	0	0	1	0	0	6.711		99.9358	49.8421	0.0332477	0	0.332691	0.199893	16.2003	1		0	12.0705	40.8967	0	0	0	
2024-06-11 16:21:11	1331	2869	9	0	0	0	1	0	0	0	1	0	0	6.5	1	0	0	0	1	0	0	5.628		99.9396	49.746	0.0385724	0	0.385957	0.153076	15.7628	1		0	12.0705	40.6368	0	0	0	
2024-06-11 16:29:32	1394	2870	1	0	0	5	21	0	0	0	21	0	0	0.75	21	0	0	0	21	0	0	3.68		99.9274	49.6251	0.0597969	0	0.598404	0.0111984	15.9795	2		0	12.0705	37.1283	0	0	0	
2024-06-11 16:29:15	1392	2871	5	0	0	5	21	0	0	0	21	0	0	7.25	21	0	0	0	21	0	0	1.948		99.923	49.6824	0.138551	0	1.38658	0.219099	19.6023	2		0	12.0616	36.9983	0	0	0	
2024-06-11 16:41:04	1477	2872	9	0	0	5.75	24	0	0	0	24	0	0	4	24	0	0	0	24	0	0	1.515		99.9273	49.4071	0.137867	0	1.37967	0.808055	15.1703	1		0	12.0616	36.8684	0	0	0	
2024-06-11 16:37:36	1453	2873	9	0	0	4.5	19	0	0	0	19	0	0	5.25	19	0	0	0	19	0	0	0.649		99.9273	48.799	0.49035	0	4.90707	0.248296	23.124	2		0	12.0705	36.7384	0	0	0	
2024-06-11 16:42:24	1486	2874	1	0	0	2.75	12	0	0	5	12	0	0	3.5	12	0	0	4.25	12	0	0	0.389		99.9257	20.6652	0.423516	0	4.23831	1.19265	19.9726	4		0	12.0705	36.8684	0	0	0	
2024-06-11 16:24:57	1359	2875	1	0	0	2	9	0	0	0	9	0	0	0.5	9	0	0	0	9	0	0	1.299		99.9339	48.9201	0.158533	0	1.58638	0.475722	14.9513	1		0	12.0705	38.2978	0	0	0	
2024-06-11 16:36:17	1444	2876	9	0	0	0.5	3	0	0	0	3	0	0	7.25	3	0	0	0	3	0	0	5.845		99.9264	48.9157	0.0934934	0	0.935622	0.355051	39.6811	2		0	12.0616	36.7384	0	0	0	
2024-06-11 16:27:35	1380	2877	5	0	0	4	17	0	0	0	17	0	0	7.25	17	0	0	0	17	0	0	2.814		99.9274	48.8105	0.0729948	0	0.730478	0.166283	14.9166	1		0	12.0705	37.5181	0	0	0	
2024-06-11 16:26:08	1368	2878	5	0	0	3	13	0	0	0	13	0	0	5.75	13	0	0	0	13	0	0	2.381		99.9291	49.5438	0.0849591	0	0.850194	0.00677628	14.6903	1		0	12.0705	37.908	0	0	0	
2024-06-11 16:25:11	1361	2879	5	0	0	3	13	0	0	0	13	0	0	4.5	13	0	0	0	13	0	0	1.299		99.9345	49.4595	0.162764	0	1.62871	0.103908	15.3502	2		0	12.0705	38.0379	0	0	0	
2024-06-11 16:32:27	1414	2880	9	0	0	7	29	0	0	0	29	0	0	6.75	29	0	0	0	29	0	0	0.216		99.9269	48.7811	1.0059	0	10.0663	0.170971	15.8121	2		0	12.0705	36.8684	0	0	0	
2024-06-11 16:22:24	1340	2881	9	0	0	1	5	0	0	0	5	0	0	7.5	5	0	0	0	5	0	0	5.628		99.9377	49.0776	0.0389638	0	0.389881	0.326664	15.923	1		0	12.0705	39.5972	0	0	0	
2024-06-11 16:22:56	1344	2882	5	0	0	1	5	0	0	0	5	0	0	6.25	5	0	0	0	5	0	0	4.546		99.9403	49.0713	0.0554096	0	0.554427	0.493136	18.2887	1		0	12.0705	39.0775	0	0	0	
2024-06-11 16:30:04	1398	2883	9	0	0	6	25	0	0	0	25	0	0	5.25	25	0	0	0	25	0	0	0.649		99.9277	48.8918	0.557567	0	5.5797	0.759203	26.2937	4		0	12.0616	36.9983	0	0	0	
2024-06-11 16:31:12	1405	2884	5	0	0	6	25	0	0	0	25	0	0	4	25	0	0	0	25	0	0	1.732		99.9283	49.05	0.114388	0	1.1447	0.0128412	14.3847	1		0	12.0616	36.9983	0	0	0	
2024-06-11 16:28:52	1389	2885	1	0	0	5	21	0	0	0	21	0	0	2.5	21	0	0	0	21	0	0	2.165		99.9274	49.8346	0.102181	0	1.02256	0.126303	16.0623	1		0	12.0705	36.9983	0	0	0	
2024-06-11 16:22:49	1343	2886	1	0	0	1	5	0	0	0	5	0	0	0.25	5	0	0	0	5	0	0	0.649		99.939	48.9981	0.368349	0	3.68573	0.36225	17.3686	1		0	12.0705	39.3374	0	0	0	
2024-06-11 16:28:04	1384	2887	1	0	0	4	17	0	0	0	17	0	0	0.5	17	0	0	0	17	0	0	3.031		99.9244	48.7582	0.0672373	0	0.672881	0.373866	14.7974	1		0	12.0705	37.3882	0	0	0	
2024-06-11 16:34:44	1432	2888	5	0	0	7.75	32	0	0	0	32	0	0	3	32	0	0	0	32	0	0	4.113		99.9159	49.2313	0.0498541	0	0.498961	0.238274	14.8915	1		0	12.0616	36.7384	0	0	0	
2024-06-11 16:31:20	1406	2889	1	0	0	6	25	0	0	0	25	0	0	0.25	25	0	0	0	25	0	0	4.979		99.9275	49.0327	0.0416823	0	0.417125	0.140545	15.07	1		0	12.0705	36.8684	0	0	0	
2024-06-11 16:38:43	1461	2890	1	0	0	5.25	22	0	0	0	22	0	0	2.5	22	0	0	0	22	0	0	2.381		99.925	49.2458	0.192784	0	1.92928	0.0645562	33.3356	2		0	12.0705	36.8684	0	0	0	
2024-06-11 16:27:14	1377	2891	1	0	0	4	17	0	0	0	17	0	0	2.5	17	0	0	0	17	0	0	1.299		99.9236	48.7925	0.15549	0	1.55609	0.215471	14.6658	1		0	12.0705	37.3882	0	0	0	
2024-06-11 16:24:50	1358	2892	1	0	0	2	9	0	0	0	9	0	0	3	9	0	0	0	9	0	0	0.866		99.9339	48.8784	0.266432	0	2.66608	0.386314	16.7515	1		0	12.0616	38.2978	0	0	0	
2024-06-11 16:33:00	1418	2893	1	0	0	7	29	0	0	0	29	0	0	1.5	29	0	0	0	29	0	0	4.762		99.923	48.846	0.0425827	0	0.426155	0.335231	14.7269	1		0	12.0616	36.7384	0	0	0	
2024-06-11 16:21:04	1330	2894	9	0	0	0	1	0	0	0	1	0	0	5.75	1	0	0	0	1	0	0	4.979		99.942	49.7701	0.0444094	0	0.444352	0.103426	16.0537	1		0	12.0705	40.7668	0	0	0	
2024-06-11 16:20:40	1327	2895	9	0	0	0	1	0	0	0	1	0	0	4.5	1	0	0	0	1	0	0	3.897		99.9394	49.9052	0.0551306	0	0.551641	0.110265	15.5973	2		0	12.0705	41.1566	0	0	0	
2024-06-11 16:28:32	1387	2896	1	0	0	5	21	0	0	0	21	0	0	0	21	0	0	0	21	0	0	4.33		99.9299	49.6404	0.0460667	0	0.46099	0.0478434	14.4824	2		0	12.0616	37.2582	0	0	0	
2024-06-11 16:34:44	1432	2897	1	0	0	7.75	32	0	0	0	32	0	0	2.25	32	0	0	0	32	0	0	4.762		99.9159	49.2313	0.0435602	0	0.435968	0.277318	15.066	1		0	12.0616	36.7384	0	0	0	
2024-06-11 16:28:22	1386	2898	5	0	0	5	21	0	0	0	21	0	0	7.75	21	0	0	0	21	0	0	2.381		99.9295	49.6857	0.093049	0	0.931146	0.0940969	16.0891	2		0	12.0705	37.2582	0	0	0	
2024-06-11 16:29:08	1391	2899	5	0	0	5	21	0	0	0	21	0	0	6.5	21	0	0	0	21	0	0	1.299		99.9244	49.7808	0.19809	0	1.9824	0.512172	18.6837	1		0	12.0705	37.1283	0	0	0	
2024-06-11 16:26:37	1372	2900	1	0	0	3	13	0	0	0	13	0	0	2	13	0	0	0	13	0	0	0.866		99.9255	49.6063	0.264718	0	2.64916	0.275853	16.6452	1		0	12.0705	37.6481	0	0	0	
2024-06-11 16:38:29	1459	2901	1	0	0	4.5	19	0	0	0	19	0	0	3.25	19	0	0	0	19	0	0	1.082		99.93	48.8851	0.195945	0	1.96083	0.956333	15.4003	1		0	12.0705	36.6085	0	0	0	
2024-06-11 16:34:00	1426	2902	5	0	0	7.75	32	0	0	0	32	0	0	7	32	0	0	0	32	0	0	0.649		99.9259	49.2235	0.388598	0	3.88886	0.575994	18.3258	1		0	12.0705	36.7384	0	0	0	
2024-06-11 16:40:54	1476	2903	9	0	0	5.5	23	0	0	0	23	0	0	4.25	23	0	0	0	23	0	0	1.082		99.9248	48.9333	0.23509	0	2.35267	0.163429	18.4779	2		0	12.0616	36.8684	0	0	0	
2024-06-11 16:39:33	1466	2904	1	0	0	6.75	28	0	0	0	28	0	0	1	28	0	0	0	28	0	0	4.979		99.926	48.6451	0.0481975	0	0.482332	0.322905	17.4259	1		0	11.973	36.8684	0	0	0	
2024-06-11 16:37:47	1454	2905	9	0	0	4.25	18	0	0	0	18	0	0	5.5	18	0	0	0	18	0	0	1.082		99.9272	48.8773	0.251826	0	2.52009	0.592396	19.7928	1		0	12.0616	36.7384	0	0	0	
2024-06-11 16:26:52	1374	2906	5	0	0	4	17	0	0	0	17	0	0	7.75	17	0	0	0	17	0	0	3.247		99.9283	48.8546	0.0594309	0	0.594736	0.148283	14.0131	1		0	12.0705	37.6481	0	0	0	
2024-06-11 16:26:44	1373	2907	5	0	0	4	17	0	0	0	17	0	0	6.5	17	0	0	0	17	0	0	2.165		99.927	48.8816	0.0881289	0	0.881933	0.462714	13.8534	1		0	12.0705	37.6481	0	0	0	
2024-06-11 16:25:53	1366	2908	9	0	0	3	13	0	0	0	13	0	0	5	13	0	0	0	13	0	0	1.732		99.926	49.44	0.122955	0	1.23046	0.304079	15.4625	1		0	12.0705	37.908	0	0	0	
2024-06-11 16:26:08	1368	2909	1	0	0	3	13	0	0	0	13	0	0	3.75	13	0	0	0	13	0	0	0.649		99.9291	49.5438	0.372695	0	3.72959	0.301062	17.5753	1		0	12.0705	37.908	0	0	0	
2024-06-11 16:24:11	1353	2910	5	0	0	2	9	0	0	0	9	0	0	7	9	0	0	0	9	0	0	4.33		99.9392	48.872	0.0471501	0	0.471787	0.423067	14.8216	1		0	12.0705	38.5577	0	0	0	
2024-06-11 16:32:09	1412	2911	9	0	0	7	29	0	0	0	29	0	0	6	29	0	0	0	29	0	0	0.866		99.9259	48.7184	0.297386	0	2.97606	0.188646	18.6992	2		0	12.0705	36.8684	0	0	0	
2024-06-11 16:32:19	1413	2912	9	0	0	7	29	0	0	0	29	0	0	4.75	29	0	0	0	29	0	0	1.948		99.9228	48.7737	0.113669	0	1.13757	0.387595	16.082	1		0	12.0705	36.6085	0	0	0	
2024-06-11 16:22:49	1343	2913	5	0	0	1	5	0	0	0	5	0	0	5.5	5	0	0	0	5	0	0	3.897		99.939	48.9981	0.065783	0	0.658231	0.0478227	18.611	1		0	12.0705	39.3374	0	0	0	
2024-06-11 16:21:57	1337	2914	5	0	0	1	5	0	0	0	5	0	0	4.25	5	0	0	0	5	0	0	2.814		99.9391	49.0695	0.0753079	0	0.753538	0.183315	15.3875	2		0	12.0616	39.9871	0	0	0	
2024-06-11 16:31:42	1409	2915	5	0	0	6	25	0	0	0	25	0	0	3.25	25	0	0	0	25	0	0	2.381		99.9249	49.0521	0.0808483	0	0.80909	0.382538	13.9801	1		0	12.0616	36.8684	0	0	0	
2024-06-11 16:36:51	1448	2916	1	0	0	0.25	2	0	0	0	2	0	0	1.5	2	0	0	0	2	0	0	1.082		99.9228	48.7213	0.192339	0	1.92488	0.217263	15.1179	2		0	12.0705	36.7384	0	0	0	
2024-06-11 16:33:07	1419	2917	5	0	0	7	29	0	0	0	29	0	0	0.75	29	0	0	0	29	0	0	5.412		99.9287	48.8237	0.0408146	0	0.408438	0.529768	16.0393	1		0	12.0705	36.8684	0	0	0	
2024-06-11 16:20:50	1328	2918	5	0	0	0	1	0	0	0	1	0	0	5	1	0	0	0	1	0	0	4.33		99.9378	49.8338	0.050903	0	0.509347	0.021018	16.0016	1		0	12.0705	41.0267	0	0	0	
2024-06-11 16:21:39	1335	2919	1	0	0	0	1	0	0	0	1	0	0	3.75	1	0	0	0	1	0	0	3.247		99.9377	49.5049	0.0663565	0	0.663979	0.00156171	15.6446	2		0	12.0705	40.117	0	0	0	
2024-06-11 16:41:22	1479	2920	9	0	0	7.5	31	0	0	0	31	0	0	6.25	31	0	0	0	31	0	0	1.082		99.9222	48.8545	0.224012	0	2.24186	0.78783	17.6075	1		0	12.0705	36.8684	0	0	0	
2024-06-11 16:38:15	1457	2921	9	0	0	6.25	26	0	0	0	26	0	0	7.5	26	0	0	0	26	0	0	1.082		99.9324	49.0433	0.215512	0	2.15658	0.903129	16.9377	1		0	12.0705	36.8684	0	0	0	
2024-06-11 16:30:54	1403	2922	5	0	0	6	25	0	0	0	25	0	0	7.25	25	0	0	0	25	0	0	1.082		99.9241	48.9284	0.280112	0	2.80324	0.42163	22.0166	2		0	12.0705	36.9983	0	0	0	
2024-06-11 16:33:54	1425	2923	1	0	0	7.75	32	0	0	0	32	0	0	1.5	32	0	0	0	32	0	0	5.412		99.9277	49.2554	0.0383022	0	0.383299	0.689676	15.0521	1		0	12.0705	36.8684	0	0	0	
2024-06-11 16:28:52	1389	2924	9	0	0	5	21	0	0	0	21	0	0	5.75	21	0	0	0	21	0	0	0.649		99.9274	49.8346	0.599678	0	6.00113	0.739507	28.2797	1		0	12.0705	36.9983	0	0	0	
2024-06-11 16:28:12	1385	2925	9	0	0	5	21	0	0	0	21	0	0	4.5	21	0	0	0	21	0	0	0.433		99.9235	49.7298	0.678401	0	6.78921	0.497947	21.3289	2		0	12.0705	37.3882	0	0	0	
2024-06-11 16:25:21	1362	2926	1	0	0	3	13	0	0	0	13	0	0	1.25	13	0	0	0	13	0	0	1.515		99.9301	49.4614	0.134432	0	1.34526	0.596147	14.7919	1		0	12.0705	38.0379	0	0	0	
2024-06-11 16:23:25	1348	2927	1	0	0	1	5	0	0	0	5	0	0	2.25	5	0	0	0	5	0	0	1.082		99.9365	49.0744	0.199308	0	1.99435	0.180626	15.6635	1		0	12.0705	39.0775	0	0	0	
2024-06-11 16:36:41	1447	2928	1	0	0	0.5	3	0	0	0	3	0	0	1.25	3	0	0	0	3	0	0	0.649		99.9238	48.8541	0.380858	0	3.81148	0.12222	17.9612	2		0	11.973	36.7384	0	0	0	
2024-06-11 16:35:31	1438	2929	9	0	0	2.5	11	0	0	0	11	0	0	5.25	11	0	0	0	11	0	0	2.381		99.9214	48.6638	0.107378	0	1.07462	0.577482	18.5681	2		0	12.0705	36.7384	0	0	0	
2024-06-11 16:33:54	1425	2930	5	0	0	7.75	32	0	0	0	32	0	0	7.5	32	0	0	0	32	0	0	0.216		99.9277	49.2554	1.02897	0	10.2971	0.603667	16.1747	1		0	12.0705	36.8684	0	0	0	
2024-06-11 16:33:46	1424	2931	9	0	0	7.75	32	0	0	0	32	0	0	6.25	32	0	0	0	32	0	0	1.299		99.9216	49.2909	0.181242	0	1.81384	0.422995	17.0951	1		0	12.0705	36.7384	0	0	0	
2024-06-11 16:38:22	1458	2932	1	0	0	4.25	18	0	0	0	18	0	0	3.5	18	0	0	0	18	0	0	0.649		99.9255	48.8868	0.345857	0	3.46115	0.337482	16.3103	1		0	12.0705	36.8684	0	0	0	
2024-06-11 16:30:19	1399	2933	1	0	0	6	25	0	0	0	25	0	0	2.25	25	0	0	0	25	0	0	3.247		99.9317	49.3151	0.0617634	0	0.618056	0.12579	14.5626	1		0	12.0705	36.9983	0	0	0	
2024-06-11 16:40:44	1475	2934	9	0	0	5.25	22	0	0	0	22	0	0	4.5	22	0	0	0	22	0	0	0.649		99.9249	49.2067	0.470394	0	4.70748	0.213053	22.1835	2		0	12.0705	36.8684	0	0	0	
2024-06-11 16:27:28	1379	2935	9	0	0	4	17	0	0	0	17	0	0	5.75	17	0	0	0	17	0	0	1.515		99.9253	48.7827	0.145965	0	1.46074	0.11352	16.0616	1		0	12.0705	37.5181	0	0	0	
2024-06-11 16:27:14	1377	2936	9	0	0	4	17	0	0	0	17	0	0	4.5	17	0	0	0	17	0	0	0.433		99.9236	48.7925	0.539489	0	5.39902	0.42712	16.9615	1		0	12.0705	37.3882	0	0	0	
2024-06-11 16:20:40	1327	2937	1	0	0	0	1	0	0	0	1	0	0	2	1	0	0	0	1	0	0	1.732		99.9394	49.9052	0.149025	0	1.49115	0.0511955	18.7383	2		0	12.0705	41.1566	0	0	0	
2024-06-11 16:24:00	1352	2938	5	0	0	2	9	0	0	0	9	0	0	7.5	9	0	0	0	9	0	0	4.762		99.9375	48.8125	0.0465896	0	0.466187	0.500987	16.1103	2		0	12.0616	38.6876	0	0	0	
2024-06-11 16:24:11	1353	2939	9	0	0	2	9	0	0	0	9	0	0	6.25	9	0	0	0	9	0	0	3.68		99.9392	48.872	0.0582771	0	0.583126	0.468547	15.5715	1		0	12.0705	38.5577	0	0	0	
2024-06-11 16:32:19	1413	2940	5	0	0	7	29	0	0	0	29	0	0	5.25	29	0	0	0	29	0	0	1.515		99.9228	48.7737	0.164865	0	1.64993	0.462992	18.1419	1		0	12.0705	36.6085	0	0	0	
2024-06-11 16:31:49	1410	2941	5	0	0	7	29	0	0	0	29	0	0	4	29	0	0	0	29	0	0	2.598		99.9186	48.7892	0.0743596	0	0.744202	0.078481	14.0279	2		0	12.0705	36.8684	0	0	0	
2024-06-11 16:22:24	1340	2942	1	0	0	1	5	0	0	0	5	0	0	3.5	5	0	0	0	5	0	0	2.165		99.9377	49.0776	0.0935334	0	0.935917	0.230037	14.7013	1		0	12.0705	39.5972	0	0	0	
2024-06-11 16:31:42	1409	2943	1	0	0	6	25	0	0	0	25	0	0	2.5	25	0	0	0	25	0	0	3.031		99.9249	49.0521	0.0803111	0	0.803714	0.735517	17.6746	1		0	12.0616	36.8684	0	0	0	
2024-06-11 16:40:37	1474	2944	1	0	0	3.75	16	0	0	0	16	0	0	2	16	0	0	0	16	0	0	1.515		99.9257	48.6114	0.144755	0	1.44863	0.169082	15.9285	1		0	12.0705	36.8684	0	0	0	
2024-06-11 16:29:58	1397	2945	1	0	0	5	21	0	0	0	21	0	0	2	21	0	0	0	21	0	0	2.598		99.9325	49.6916	0.075575	0	0.75626	0.089467	14.2552	1		0	12.0616	36.9983	0	0	0	
2024-06-11 16:23:32	1349	2946	1	0	0	2	9	0	0	0	9	0	0	1.75	9	0	0	0	9	0	0	0.216		99.9329	48.9649	0.94319	0	9.43824	0.423353	14.8256	2		0	12.0705	38.9475	0	0	0	
2024-06-11 16:33:21	1421	2947	5	0	0	7	29	0	0	0	29	0	0	0	29	0	0	0	29	0	0	6.061		99.9236	48.8251	0.0348874	0	0.34914	0.362385	15.356	1		0	12.0616	36.7384	0	0	0	
2024-06-11 16:20:57	1329	2948	1	0	0	0	1	0	0	0	1	0	0	3	1	0	0	0	1	0	0	2.598		99.9358	49.8421	0.0778617	0	0.779117	0.438979	14.686	1		0	12.0705	40.8967	0	0	0	
2024-06-11 16:26:08	1368	2949	9	0	0	3	13	0	0	0	13	0	0	7	13	0	0	0	13	0	0	3.464		99.9291	49.5438	0.0567659	0	0.568062	0.00195283	14.2769	1		0	12.0705	37.908	0	0	0	
2024-06-11 16:31:05	1404	2950	5	0	0	6	25	0	0	0	25	0	0	7.75	25	0	0	0	25	0	0	1.515		99.9292	49.017	0.151468	0	1.51576	0.534963	16.6666	1		0	12.0705	36.9983	0	0	0	
2024-06-11 16:30:37	1401	2951	9	0	0	6	25	0	0	0	25	0	0	6.5	25	0	0	0	25	0	0	0.433		99.9276	48.9687	0.641357	0	6.41822	0.173355	20.1634	2		0	12.0616	36.9983	0	0	0	
2024-06-11 16:34:08	1427	2952	1	0	0	7.75	32	0	0	0	32	0	0	0.75	32	0	0	0	32	0	0	6.061		99.9263	49.316	0.0367373	0	0.367644	0.564765	16.1698	1		0	12.0705	36.7384	0	0	0	
2024-06-11 16:29:00	1390	2953	1	0	0	5	21	0	0	0	21	0	0	3.75	21	0	0	0	21	0	0	1.082		99.9269	49.7628	0.203568	0	2.03717	0.710997	15.9999	1		0	12.0616	36.8684	0	0	0	
2024-06-11 16:25:36	1364	2954	1	0	0	3	13	0	0	0	13	0	0	0.5	13	0	0	0	13	0	0	2.165		99.9294	49.4491	0.094269	0	0.943356	0.723029	14.8182	1		0	12.0705	38.0379	0	0	0	
2024-06-11 16:23:03	1345	2955	5	0	0	1	5	0	0	0	5	0	0	1.5	5	0	0	0	5	0	0	0.433		99.94	49.022	0.571656	0	5.71999	0.510541	17.9699	1		0	11.973	39.2074	0	0	0	
2024-06-11 16:42:39	1487	2956	1	0	0	2	9	0	0	5.75	9	0	0	3.25	9	0	0	4.5	9	0	0	0.649		99.9278	20.7499	0.23402	0	2.34189	0.00973644	18.3932	1		0	11.9907	36.8684	0	0	0	
2024-06-11 16:26:52	1374	2957	1	0	0	4	17	0	0	0	17	0	0	1.75	17	0	0	0	17	0	0	1.948		99.9283	48.8546	0.0983422	0	0.984128	0.130532	13.9128	1		0	12.0705	37.6481	0	0	0	
2024-06-11 16:37:12	1450	2958	1	0	0	2.5	11	0	0	0	11	0	0	3.25	11	0	0	0	11	0	0	0.649		99.9271	48.5956	0.387828	0	3.88111	0.992551	18.2893	1		0	12.0705	36.7384	0	0	0	
2024-06-11 16:33:54	1425	2959	9	0	0	7.75	32	0	0	0	32	0	0	5.5	32	0	0	0	32	0	0	1.948		99.9277	49.2554	0.123036	0	1.23125	0.293494	17.4064	1		0	12.0705	36.8684	0	0	0	
2024-06-11 16:34:16	1428	2960	5	0	0	7.75	32	0	0	0	32	0	0	4.25	32	0	0	0	32	0	0	3.031		99.9292	49.2708	0.0680644	0	0.681126	0.0424955	14.9787	1		0	12.0616	36.8684	0	0	0	
2024-06-11 16:30:37	1401	2961	1	0	0	6	25	0	0	0	25	0	0	1.5	25	0	0	0	25	0	0	3.897		99.9276	48.9687	0.0512029	0	0.5124	0.0300422	14.4878	2		0	12.0616	36.9983	0	0	0	
2024-06-11 16:27:21	1378	2962	9	0	0	4	17	0	0	0	17	0	0	5	17	0	0	0	17	0	0	0.866		99.9227	48.8161	0.280897	0	2.81114	0.210817	17.6629	1		0	12.0705	37.5181	0	0	0	
2024-06-11 16:27:57	1383	2963	1	0	0	4	17	0	0	0	17	0	0	3.75	17	0	0	0	17	0	0	0.216		99.924	48.7666	0.865308	0	8.65966	0.165019	13.6026	1		0	12.0705	37.3882	0	0	0	
2024-06-11 16:20:13	1325	2964	1	0	0	0	1	0	0	0	1	0	0	1.25	1	0	0	0	1	0	0	1.082		99.9383	50.5039	0.189403	0	1.8952	0.0847439	14.8849	2		0	12.0793	41.5464	0	0	0	
2024-06-11 16:24:32	1356	2965	5	0	0	2	9	0	0	0	9	0	0	5.5	9	0	0	0	9	0	0	3.031		99.9322	48.8481	0.121808	0	1.21891	0.40294	26.8052	2		0	12.0705	38.4277	0	0	0	
2024-06-11 16:23:32	1349	2966	5	0	0	2	9	0	0	0	9	0	0	4.25	9	0	0	0	9	0	0	1.948		99.9329	48.9649	0.108712	0	1.08785	0.106072	15.3791	2		0	12.0705	38.9475	0	0	0	
2024-06-11 16:33:14	1420	2967	5	0	0	7	29	0	0	0	29	0	0	3.25	29	0	0	0	29	0	0	3.247		99.9237	48.8554	0.0598219	0	0.598676	0.275965	14.106	1		0	12.0705	36.8684	0	0	0	
2024-06-11 16:23:10	1346	2968	1	0	0	1	5	0	0	0	5	0	0	2.75	5	0	0	0	5	0	0	1.515		99.9361	48.9949	0.13617	0	1.36257	0.419712	14.9823	1		0	12.0705	39.2074	0	0	0	
2024-06-11 16:21:11	1331	2969	5	0	0	0	1	0	0	0	1	0	0	7	1	0	0	0	1	0	0	6.061		99.9396	49.746	0.0356179	0	0.356395	0.112398	15.6751	1		0	12.0705	40.6368	0	0	0	
2024-06-11 16:29:42	1395	2970	5	0	0	5	21	0	0	0	21	0	0	1.25	21	0	0	0	21	0	0	3.247		99.9269	49.6605	0.0706907	0	0.707424	0.323102	16.6683	1		0	12.0616	37.1283	0	0	0	
2024-06-11 16:23:50	1351	2971	1	0	0	2	9	0	0	0	9	0	0	1	9	0	0	0	9	0	0	0.866		99.9352	48.8936	0.255238	0	2.55403	0.169203	16.0475	2		0	12.0705	38.8176	0	0	0	
2024-06-11 16:25:36	1364	2972	5	0	0	3	13	0	0	0	13	0	0	7.5	13	0	0	0	13	0	0	3.897		99.9294	49.4491	0.0523375	0	0.523745	0.65071	14.8085	1		0	12.0705	38.0379	0	0	0	
2024-06-11 16:26:01	1367	2973	9	0	0	3	13	0	0	0	13	0	0	6.25	13	0	0	0	13	0	0	2.814		99.928	49.5382	0.0750405	0	0.750946	0.162632	15.3346	1		0	12.0705	37.908	0	0	0	
2024-06-11 16:32:27	1414	2974	5	0	0	7	29	0	0	0	29	0	0	7.25	29	0	0	0	29	0	0	0.216		99.9269	48.7811	0.944269	0	9.4496	0.312466	14.8434	2		0	12.0705	36.8684	0	0	0	
2024-06-11 16:22:39	1342	2975	5	0	0	1	5	0	0	0	5	0	0	6.75	5	0	0	0	5	0	0	4.979		99.9386	49.0172	0.0500901	0	0.501209	0.653475	18.1078	2		0	12.0705	39.4673	0	0	0	
2024-06-11 16:30:27	1400	2976	9	0	0	6	25	0	0	0	25	0	0	5.75	25	0	0	0	25	0	0	0.216		99.9291	49.0465	1.24533	0	12.4621	0.271122	19.5754	2		0	12.0705	36.9983	0	0	0	
2024-06-11 16:30:37	1401	2977	5	0	0	6	25	0	0	0	25	0	0	4.5	25	0	0	0	25	0	0	1.299		99.9276	48.9687	0.184872	0	1.85006	0.0828821	17.4364	2		0	12.0616	36.9983	0	0	0	
2024-06-11 16:33:28	1422	2978	1	0	0	7.75	32	0	0	0	32	0	0	0	32	0	0	0	32	0	0	6.711		99.9236	49.1912	0.0325584	0	0.325833	0.11528	15.8663	2		0	12.0705	36.8684	0	0	0	
2024-06-11 16:29:25	1393	2979	5	0	0	5	21	0	0	0	21	0	0	3	21	0	0	0	21	0	0	1.732		99.9282	49.6991	0.113054	0	1.13135	0.37152	14.217	1		0	11.973	37.1283	0	0	0	
2024-06-11 16:23:03	1345	2980	1	0	0	1	5	0	0	0	5	0	0	0.75	5	0	0	0	5	0	0	0.216		99.94	49.022	1.06643	0	10.6707	0.448188	16.7614	1		0	11.973	39.2074	0	0	0	
2024-06-11 16:39:09	1463	2981	1	0	0	5.75	24	0	0	0	24	0	0	2	24	0	0	0	24	0	0	3.247		99.9236	49.7152	0.0633015	0	0.633499	0.37407	14.9265	1		0	12.0705	36.7384	0	0	0	
2024-06-11 16:27:50	1382	2982	5	0	0	4	17	0	0	0	17	0	0	1	17	0	0	0	17	0	0	2.598		99.9244	48.7928	0.0750462	0	0.751029	0.105496	14.1566	1		0	12.0705	37.3882	0	0	0	
2024-06-11 16:34:37	1431	2983	5	0	0	7.75	32	0	0	0	32	0	0	3.5	32	0	0	0	32	0	0	3.68		99.9226	49.2331	0.055012	0	0.550546	0.213492	14.7015	1		0	12.0616	36.7384	0	0	0	
2024-06-11 16:30:54	1403	2984	1	0	0	6	25	0	0	0	25	0	0	0.75	25	0	0	0	25	0	0	4.546		99.9241	48.9284	0.0523264	0	0.523662	0.0308093	17.2739	2		0	12.0705	36.9983	0	0	0	
2024-06-11 16:27:21	1378	2985	1	0	0	4	17	0	0	0	17	0	0	3	17	0	0	0	17	0	0	0.866		99.9227	48.8161	0.247683	0	2.47875	0.336172	15.5744	1		0	12.0705	37.5181	0	0	0	
2024-06-11 16:21:04	1330	2986	1	0	0	0	1	0	0	0	1	0	0	0.5	1	0	0	0	1	0	0	0.433		99.942	49.7701	0.532119	0	5.32428	0.769722	16.7267	1		0	12.0705	40.7668	0	0	0	
2024-06-11 16:41:37	1481	2987	1	0	0	3.5	15	0	0	4.25	15	0	0	2.75	15	0	0	5	15	0	0	0.389		99.9286	19.6541	0.442396	0	4.42712	0.114545	20.8623	1		0	12.0705	36.8684	0	0	0	
2024-06-11 16:24:17	1354	2988	1	0	0	2	9	0	0	0	9	0	0	3.5	9	0	0	0	9	0	0	1.299		99.9352	48.9366	0.167078	0	1.67187	0.171635	15.757	1		0	12.0705	38.5577	0	0	0	
2024-06-11 16:31:49	1410	2989	1	0	0	7	29	0	0	0	29	0	0	2.5	29	0	0	0	29	0	0	3.897		99.9186	48.7892	0.0548941	0	0.549388	0.23599	15.5336	2		0	12.0705	36.8684	0	0	0	
2024-06-11 16:32:37	1415	2990	1	0	0	7	29	0	0	0	29	0	0	2	29	0	0	0	29	0	0	4.33		99.9287	48.7941	0.046888	0	0.469214	0.463035	14.7408	1		0	12.0616	36.8684	0	0	0	
2024-06-11 16:20:57	1329	2991	9	0	0	0	1	0	0	0	1	0	0	7.5	1	0	0	0	1	0	0	6.494		99.9358	49.8421	0.0355149	0	0.355378	0.738744	16.7468	1		0	12.0705	40.8967	0	0	0	
2024-06-11 16:20:40	1327	2992	5	0	0	0	1	0	0	0	1	0	0	6.25	1	0	0	0	1	0	0	5.412		99.9394	49.9052	0.040961	0	0.409858	0.0609553	16.0951	2		0	12.0705	41.1566	0	0	0	
2024-06-11 16:28:12	1385	2993	1	0	0	5	21	0	0	0	21	0	0	0.5	21	0	0	0	21	0	0	3.897		99.9235	49.7298	0.0609481	0	0.609948	0.762689	17.2459	2		0	12.0705	37.3882	0	0	0	
2024-06-11 16:39:54	1469	2994	1	0	0	1.25	6	0	0	0	6	0	0	0.5	6	0	0	0	6	0	0	0.649		99.9292	48.7174	0.377053	0	3.7732	0.192612	17.7808	2		0	12.0705	36.8684	0	0	0	
2024-06-11 16:29:00	1390	2995	5	0	0	5	21	0	0	0	21	0	0	7	21	0	0	0	21	0	0	1.732		99.9269	49.7628	0.128049	0	1.28143	0.482419	16.1029	1		0	12.0616	36.8684	0	0	0	
2024-06-11 16:24:11	1353	2996	1	0	0	2	9	0	0	0	9	0	0	0.25	9	0	0	0	9	0	0	1.515		99.9392	48.872	0.135708	0	1.35791	0.442964	14.931	1		0	12.0705	38.5577	0	0	0	
2024-06-11 16:26:59	1375	2997	9	0	0	4	17	0	0	0	17	0	0	7	17	0	0	0	17	0	0	2.598		99.9275	48.8463	0.0717971	0	0.718491	0.311099	13.5432	1		0	12.0616	37.6481	0	0	0	
2024-06-11 16:25:21	1362	2998	5	0	0	3	13	0	0	0	13	0	0	5.5	13	0	0	0	13	0	0	2.165		99.9301	49.4614	0.101931	0	1.02003	0.570459	16.0225	1		0	12.0705	38.0379	0	0	0	
2024-06-11 16:25:11	1361	2999	9	0	0	3	13	0	0	0	13	0	0	4.25	13	0	0	0	13	0	0	1.082		99.9345	49.4595	0.197119	0	1.97248	0.0571302	15.4918	2		0	12.0705	38.0379	0	0	0	
2024-06-11 16:31:59	1411	3000	5	0	0	7	29	0	0	0	29	0	0	7.75	29	0	0	0	29	0	0	0.649		99.9239	48.7197	0.386196	0	3.8649	0.181014	18.2129	2		0	12.0616	36.8684	0	0	0	
2024-06-11 16:32:45	1416	3001	9	0	0	7	29	0	0	0	29	0	0	6.5	29	0	0	0	29	0	0	0.433		99.9283	48.821	0.604614	0	6.05048	0.830009	19.0082	1		0	12.0705	36.8684	0	0	0	
2024-06-11 16:22:56	1344	3002	9	0	0	1	5	0	0	0	5	0	0	6	5	0	0	0	5	0	0	4.33		99.9403	49.0713	0.0590547	0	0.5909	0.783212	18.5637	1		0	12.0705	39.0775	0	0	0	
2024-06-11 16:22:17	1339	3003	5	0	0	1	5	0	0	0	5	0	0	4.75	5	0	0	0	5	0	0	3.247		99.9363	49.0373	0.0744516	0	0.744991	0.688323	17.5534	1		0	12.0705	39.7272	0	0	0	
2024-06-11 16:37:26	1452	3004	9	0	0	4.75	20	0	0	0	20	0	0	5	20	0	0	0	20	0	0	0.216		99.9273	48.7548	1.22995	0	12.3085	0.156756	19.3341	2		0	12.0705	36.7384	0	0	0	
2024-06-11 16:30:04	1398	3005	5	0	0	6	25	0	0	0	25	0	0	5	25	0	0	0	25	0	0	0.866		99.9277	48.8918	0.373124	0	3.73393	1.71844	23.461	4		0	12.0616	36.9983	0	0	0	
2024-06-11 16:31:27	1407	3006	5	0	0	6	25	0	0	0	25	0	0	3.75	25	0	0	0	25	0	0	1.948		99.9305	49.0327	0.101947	0	1.02018	0.0772608	14.4225	1		0	12.0705	36.8684	0	0	0	
2024-06-11 16:22:31	1341	3007	1	0	0	1	5	0	0	0	5	0	0	0	5	0	0	0	5	0	0	0.866		99.9359	49.0778	0.253206	0	2.53369	0.590107	15.9196	1		0	12.0705	39.5972	0	0	0	
2024-06-11 16:36:09	1443	3008	9	0	0	0.75	4	0	0	0	4	0	0	7	4	0	0	0	4	0	0	5.412		99.9249	49.3364	0.0394102	0	0.394398	0.0141579	15.488	1		0	12.0616	36.7384	0	0	0	
2024-06-11 16:27:42	1381	3009	1	0	0	4	17	0	0	0	17	0	0	0.25	17	0	0	0	17	0	0	3.247		99.9251	48.8058	0.0609015	0	0.609471	0.231329	14.3603	1		0	12.0616	37.5181	0	0	0	
2024-06-11 16:34:52	1433	3010	5	0	0	7.75	32	0	0	0	32	0	0	2.75	32	0	0	0	32	0	0	4.33		99.9234	49.27	0.049639	0	0.49677	0.135179	15.6065	1		0	12.0616	36.8684	0	0	0	
2024-06-11 16:31:12	1405	3011	1	0	0	6	25	0	0	0	25	0	0	0	25	0	0	0	25	0	0	5.195		99.9283	49.05	0.0452851	0	0.453176	0.120397	17.0843	1		0	12.0616	36.9983	0	0	0	
2024-06-11 16:24:50	1358	3012	5	0	0	2	9	0	0	0	9	0	0	2.75	9	0	0	0	9	0	0	0.649		99.9339	48.8784	0.392469	0	3.92728	0.601124	18.5069	1		0	12.0616	38.2978	0	0	0	
2024-06-11 16:32:52	1417	3013	1	0	0	7	29	0	0	0	29	0	0	1.25	29	0	0	0	29	0	0	4.979		99.9275	48.815	0.0439918	0	0.440237	0.0674086	15.905	1		0	12.0616	36.8684	0	0	0	
2024-06-11 16:20:13	1325	3014	9	0	0	0	1	0	0	0	1	0	0	5.5	1	0	0	0	1	0	0	4.762		99.9383	50.5039	0.0614201	0	0.61458	0.0357207	21.2383	2		0	12.0793	41.5464	0	0	0	
2024-06-11 16:21:04	1330	3015	5	0	0	0	1	0	0	0	1	0	0	4.25	1	0	0	0	1	0	0	3.68		99.942	49.7701	0.0595225	0	0.595571	0.273865	15.9038	1		0	12.0705	40.7668	0	0	0	
