Time	MeasID	DPID	Channel	A(x)	A(y)	A(z)	A(adr)	B(x)	B(y)	B(z)	B(adr)	M(x)	M(y)	M(z)	M(adr)	N(x)	N(y)	N(z)	N(adr)	F(x)	F(y)	F(z)	Note	I(mA)	Uout(V)	U(V)	SP(V)	R(Ohm)	Var(%)	Rho-a(Ohm-m)	Cycles	IP Delay Window(mV/V)	Pint(V)	Pext(V)	T int(deg C)	T log(deg C)	Latitude	Longitude
2024-06-11 12:34:28	1103	2011	1	0	0	7.75	32	0	0	0	32	0	0	2	32	0	0	0	32	0	0	4.979		99.9114	49.1024	0.0423519	0	0.423895	0.14881	15.3146	1		0	12.0705	35.8288	0	0	0	
2024-06-11 12:28:16	1057	2012	5	0	0	5	21	0	0	0	21	0	0	7.5	21	0	0	0	21	0	0	2.165		99.9129	49.5425	0.103272	0	1.03362	0.362404	16.2361	2		0	12.0705	36.3486	0	0	0	
2024-06-11 12:28:55	1061	2013	5	0	0	5	21	0	0	0	21	0	0	6.25	21	0	0	0	21	0	0	1.082		99.9106	49.6846	0.261373	0	2.61607	0.63826	20.5466	1		0	12.0705	36.2187	0	0	0	
2024-06-11 12:26:03	1039	2014	1	0	0	3	13	0	0	0	13	0	0	1.75	13	0	0	0	13	0	0	1.082		99.9203	49.3329	0.199874	0	2.00034	0.650844	15.7106	1		0	12.0705	36.9983	0	0	0	
2024-06-11 12:33:30	1095	2015	9	0	0	7.75	32	0	0	0	32	0	0	6.75	32	0	0	0	32	0	0	0.866		99.9122	49.137	0.28168	0	2.81928	0.50167	17.714	1		0	12.0616	35.8288	0	0	0	
2024-06-11 12:40:07	1142	2016	1	0	0	3.25	14	0	0	0	14	0	0	2.5	14	0	0	0	14	0	0	0.649		99.9121	48.388	0.376641	0	3.76972	0.0966114	17.7644	2		0	12.0705	35.9588	0	0	0	
2024-06-11 12:26:46	1045	2017	9	0	0	4	17	0	0	0	17	0	0	7.5	17	0	0	0	17	0	0	3.031		99.915	48.6575	0.0640806	0	0.641351	0.357345	14.1041	1		0	12.0705	36.6085	0	0	0	
2024-06-11 12:27:23	1050	2018	9	0	0	4	17	0	0	0	17	0	0	6.25	17	0	0	0	17	0	0	1.948		99.9164	48.7693	0.100241	0	1.00325	0.051798	14.1831	1		0	12.0616	36.6085	0	0	0	
2024-06-11 12:25:16	1033	2019	1	0	0	3	13	0	0	0	13	0	0	3.5	13	0	0	0	13	0	0	0.433		99.9159	49.3311	0.576273	0	5.76758	0.239569	18.1194	2		0	12.0705	37.2582	0	0	0	
2024-06-11 12:24:12	1025	2020	9	0	0	2	9	0	0	0	9	0	0	6.75	9	0	0	0	9	0	0	4.113		99.9234	48.6966	0.0507597	0	0.507986	0.100653	15.1609	2		0	12.0705	37.6481	0	0	0	
2024-06-11 12:31:56	1083	2021	5	0	0	7	29	0	0	0	29	0	0	5.75	29	0	0	0	29	0	0	1.082		99.9127	48.6995	0.238501	0	2.38709	0.549848	18.7482	1		0	12.0705	35.9588	0	0	0	
2024-06-11 12:31:56	1083	2022	9	0	0	7	29	0	0	0	29	0	0	4.5	29	0	0	0	29	0	0	2.165		99.9127	48.6995	0.0949558	0	0.950388	0.0656578	14.9287	1		0	12.0705	35.9588	0	0	0	
2024-06-11 12:22:14	1010	2023	5	0	0	1	5	0	0	0	5	0	0	5.25	5	0	0	0	5	0	0	3.68		99.9265	48.9046	0.0659383	0	0.659868	0.628309	17.6208	1		0	12.0616	38.8176	0	0	0	
2024-06-11 12:22:54	1015	2024	5	0	0	1	5	0	0	0	5	0	0	4	5	0	0	0	5	0	0	2.598		99.9223	48.9258	0.0799127	0	0.799748	0.0714161	15.0749	1		0	11.973	38.2978	0	0	0	
2024-06-11 12:38:25	1130	2025	1	0	0	4.75	20	0	0	0	20	0	0	3	20	0	0	0	20	0	0	1.515		99.9151	48.5051	0.134236	0	1.3435	0.948409	14.7725	1		0	12.0705	35.9588	0	0	0	
2024-06-11 12:31:16	1078	2026	5	0	0	6	25	0	0	0	25	0	0	3	25	0	0	0	25	0	0	2.598		99.9119	48.8754	0.0766412	0	0.767087	0.254092	14.4593	1		0	11.973	35.9588	0	0	0	
2024-06-11 12:24:22	1026	2027	1	0	0	2	9	0	0	0	9	0	0	2.25	9	0	0	0	9	0	0	0.216		99.9225	48.7721	0.991816	0	9.92586	0.578788	15.5915	1		0.0088623	12.0616	37.5181	0	0	0	
2024-06-11 12:32:36	1088	2028	1	0	0	7	29	0	0	0	29	0	0	0.5	29	0	0	0	29	0	0	5.628		99.9154	48.6797	0.0412137	0	0.412486	0.5099	16.8462	1		0	12.0616	35.9588	0	0	0	
2024-06-11 12:21:22	1004	2029	5	0	0	0	1	0	0	0	1	0	0	3.5	1	0	0	0	1	0	0	3.031		99.9301	49.4533	0.0796062	0	0.796619	0.490201	17.5186	2		0	12.0705	39.4673	0	0	0	
2024-06-11 12:39:59	1141	2030	1	0	0	1.75	8	0	0	0	8	0	0	0	8	0	0	0	8	0	0	1.515		99.9155	48.5457	0.13139	0	1.31501	0.652441	14.4593	1		0	12.0705	35.9588	0	0	0	
2024-06-11 12:30:54	1075	2031	5	0	0	6	25	0	0	0	25	0	0	7	25	0	0	0	25	0	0	0.866		99.9149	48.9037	0.291476	0	2.91724	0.708231	18.3296	1		0	12.0705	35.9588	0	0	0	
2024-06-11 12:39:10	1135	2032	1	0	0	6.5	27	0	0	0	27	0	0	1.25	27	0	0	0	27	0	0	4.546		99.9139	48.5383	0.062216	0	0.622696	0.0814491	20.5407	2		0	12.0705	35.9588	0	0	0	
2024-06-11 12:34:21	1102	2033	5	0	0	7.75	32	0	0	0	32	0	0	1.25	32	0	0	0	32	0	0	5.628		99.9125	49.1007	0.0389466	0	0.389807	0.695771	15.92	1		0	11.973	35.8288	0	0	0	
2024-06-11 12:29:02	1062	2034	5	0	0	5	21	0	0	0	21	0	0	5.5	21	0	0	0	21	0	0	0.433		99.9125	49.5282	0.911784	0	9.12582	0.206824	28.6696	2		0	12.0705	36.2187	0	0	0	
2024-06-11 12:28:05	1056	2035	5	0	0	5	21	0	0	0	21	0	0	4.25	21	0	0	0	21	0	0	0.649		99.9132	49.5711	0.406842	0	4.07196	0.461512	19.1886	2		0	12.0705	36.4785	0	0	0	
2024-06-11 12:26:17	1041	2036	5	0	0	3	13	0	0	0	13	0	0	1	13	0	0	0	13	0	0	1.732		99.9146	49.2824	0.116206	0	1.16306	0.259794	14.6154	1		0	12.0705	36.8684	0	0	0	
2024-06-11 12:23:15	1018	2037	1	0	0	1	5	0	0	0	5	0	0	2	5	0	0	0	5	0	0	0.866		99.9246	48.8922	0.256582	0	2.56776	0.347547	16.1337	1		0	12.0616	38.1678	0	0	0	
2024-06-11 12:35:28	1110	2038	9	0	0	1.75	8	0	0	0	8	0	0	6	8	0	0	0	8	0	0	3.68		99.9161	48.7475	0.0610773	0	0.611286	0.0159792	16.3235	1		0	12.0705	35.8288	0	0	0	
2024-06-11 12:27:23	1050	2039	1	0	0	4	17	0	0	0	17	0	0	2.25	17	0	0	0	17	0	0	1.515		99.9164	48.7693	0.128239	0	1.28346	0.0603216	14.1124	1		0	12.0616	36.6085	0	0	0	
2024-06-11 12:34:00	1099	2040	5	0	0	7.75	32	0	0	0	32	0	0	6	32	0	0	0	32	0	0	1.515		99.9198	49.1165	0.155811	0	1.55936	0.276146	17.146	1		0	12.0616	35.9588	0	0	0	
2024-06-11 12:33:23	1094	2041	9	0	0	7.75	32	0	0	0	32	0	0	4.75	32	0	0	0	32	0	0	2.598		99.9132	49.0942	0.0850995	0	0.851735	0.00285853	16.0548	1		0	12.0705	35.8288	0	0	0	
2024-06-11 12:30:20	1071	2042	1	0	0	6	25	0	0	0	25	0	0	2	25	0	0	0	25	0	0	3.464		99.9128	48.8324	0.0620084	0	0.620625	0.273926	15.598	2		0	12.0616	35.8288	0	0	0	
2024-06-11 12:27:15	1049	2043	9	0	0	4	17	0	0	0	17	0	0	5.5	17	0	0	0	17	0	0	1.299		99.9159	48.6563	0.185429	0	1.85585	0.0320602	17.4909	1		0	12.0705	36.6085	0	0	0	
2024-06-11 12:27:23	1050	2044	5	0	0	4	17	0	0	0	17	0	0	4.25	17	0	0	0	17	0	0	0.216		99.9164	48.7693	0.870845	0	8.71574	0.356147	13.6906	1		0	12.0616	36.6085	0	0	0	
2024-06-11 12:21:39	1006	2045	5	0	0	0	1	0	0	0	1	0	0	1.75	1	0	0	0	1	0	0	1.515		99.9283	49.4414	0.130181	0	1.30274	0.356369	14.3244	1		0	12.0705	39.3374	0	0	0	
2024-06-11 12:41:22	1150	2046	1	0	0	3.75	16	0	0	4	16	0	0	3.5	16	0	0	4.25	16	0	0	0.13		99.9212	18.9199	0.71927	0	7.19837	0.334989	11.3072	1		0	11.973	35.9588	0	0	0	
2024-06-11 12:25:33	1035	2047	1	0	0	3	13	0	0	0	13	0	0	2.75	13	0	0	0	13	0	0	0.216		99.9219	49.344	1.00506	0	10.0585	0.838528	15.7999	1		0	12.0616	36.9983	0	0	0	
2024-06-11 12:24:05	1024	2048	5	0	0	2	9	0	0	0	9	0	0	6	9	0	0	0	9	0	0	3.464		99.9256	48.8264	0.0666842	0	0.667339	0.281243	16.7721	1		0	12.0705	37.6481	0	0	0	
2024-06-11 12:23:30	1020	2049	5	0	0	2	9	0	0	0	9	0	0	4.75	9	0	0	0	9	0	0	2.381		99.9245	48.784	0.0894521	0	0.895197	0.0517229	15.4679	2		0	12.0705	38.0379	0	0	0	
2024-06-11 12:32:03	1084	2050	9	0	0	7	29	0	0	0	29	0	0	5	29	0	0	0	29	0	0	1.732		99.91	48.8005	0.134747	0	1.34868	0.151005	16.948	1		0	12.0705	35.9588	0	0	0	
2024-06-11 12:31:56	1083	2051	1	0	0	7	29	0	0	0	29	0	0	3.75	29	0	0	0	29	0	0	2.814		99.9127	48.6995	0.0695465	0	0.696073	0.0637754	14.2141	1		0	12.0705	35.9588	0	0	0	
2024-06-11 12:23:08	1017	2052	1	0	0	1	5	0	0	0	5	0	0	3.25	5	0	0	0	5	0	0	1.948		99.9254	48.9219	0.103264	0	1.03341	0.308693	14.6095	1		0	11.973	38.2978	0	0	0	
2024-06-11 12:35:00	1107	2053	9	0	0	2.75	12	0	0	0	12	0	0	5	12	0	0	0	12	0	0	1.948		99.9132	48.2513	0.10661	0	1.06702	0.00659254	15.0847	2		0	11.973	35.8288	0	0	0	
2024-06-11 12:29:19	1064	2054	1	0	0	5	21	0	0	0	21	0	0	1.75	21	0	0	0	21	0	0	2.814		99.9131	49.591	0.0723496	0	0.724125	0.29068	14.7869	1		0	12.0705	36.2187	0	0	0	
2024-06-11 12:24:12	1025	2055	1	0	0	2	9	0	0	0	9	0	0	1.5	9	0	0	0	9	0	0	0.433		99.9234	48.6966	0.548908	0	5.49329	0.0661292	17.2577	2		0	12.0705	37.6481	0	0	0	
2024-06-11 12:21:32	1005	2056	5	0	0	0	1	0	0	0	1	0	0	2.75	1	0	0	0	1	0	0	2.381		99.9281	49.453	0.111706	0	1.11786	0.198162	19.3153	1		0	12.0705	39.4673	0	0	0	
2024-06-11 12:34:54	1106	2057	9	0	0	3.25	14	0	0	0	14	0	0	4.5	14	0	0	0	14	0	0	1.082		99.9123	48.6988	0.198597	0	1.98771	0.656377	15.6115	1		0	12.0616	35.9588	0	0	0	
2024-06-11 12:25:41	1036	2058	5	0	0	3	13	0	0	0	13	0	0	6.75	13	0	0	0	13	0	0	3.247		99.9153	49.3619	0.0633275	0	0.633812	0.245911	14.9338	1		0	12.0705	36.9983	0	0	0	
2024-06-11 12:22:21	1011	2059	5	0	0	1	5	0	0	0	5	0	0	7.25	5	0	0	0	5	0	0	5.412		99.9267	48.9641	0.064509	0	0.645563	0.869056	25.3512	2		0	12.0705	38.8176	0	0	0	
2024-06-11 12:29:58	1069	2060	5	0	0	6	25	0	0	0	25	0	0	7.5	25	0	0	0	25	0	0	1.299		99.9141	48.8737	0.177497	0	1.77649	0.185207	16.743	2		0	12.0705	35.9588	0	0	0	
2024-06-11 12:30:40	1073	2061	9	0	0	6	25	0	0	0	25	0	0	6.25	25	0	0	0	25	0	0	0.216		99.9128	48.933	1.07669	0	10.7763	0.958828	16.9273	1		0	12.0616	35.9588	0	0	0	
2024-06-11 12:34:00	1099	2062	1	0	0	7.75	32	0	0	0	32	0	0	0.5	32	0	0	0	32	0	0	6.278		99.9198	49.1165	0.0367605	0	0.3679	0.104316	16.759	1		0	12.0616	35.9588	0	0	0	
2024-06-11 12:29:26	1065	2063	5	0	0	5	21	0	0	0	21	0	0	3.5	21	0	0	0	21	0	0	1.299		99.9101	49.5806	0.158195	0	1.58337	0.525905	14.9229	1		0	12.0705	36.2187	0	0	0	
2024-06-11 12:25:55	1038	2064	1	0	0	3	13	0	0	0	13	0	0	0.25	13	0	0	0	13	0	0	2.381		99.9175	49.3617	0.0812556	0	0.813227	0.551566	14.0516	1		0	12.0705	36.8684	0	0	0	
2024-06-11 12:22:54	1015	2065	1	0	0	1	5	0	0	0	5	0	0	1.25	5	0	0	0	5	0	0	0.216		99.9223	48.9258	0.97466	0	9.75418	0.613843	15.3218	1		0	11.973	38.2978	0	0	0	
2024-06-11 12:27:44	1053	2066	5	0	0	4	17	0	0	0	17	0	0	1.5	17	0	0	0	17	0	0	2.165		99.9179	48.6717	0.0870548	0	0.871263	0.185069	13.6858	1		0	12.0705	36.4785	0	0	0	
2024-06-11 12:35:35	1111	2067	9	0	0	1.5	7	0	0	0	7	0	0	6.25	7	0	0	0	7	0	0	4.113		99.9161	48.0974	0.0520493	0	0.52093	0.679749	15.5472	1		0	12.0616	35.8288	0	0	0	
2024-06-11 12:33:38	1096	2068	5	0	0	7.75	32	0	0	0	32	0	0	5.25	32	0	0	0	32	0	0	2.165		99.9132	49.1392	0.108805	0	1.089	0.00987712	17.1059	1		0	12.0705	35.9588	0	0	0	
2024-06-11 12:33:05	1092	2069	9	0	0	7.75	32	0	0	0	32	0	0	4	32	0	0	0	32	0	0	3.247		99.9137	49.1304	0.0615125	0	0.615657	0.119503	14.5061	1		0	12.0616	35.9588	0	0	0	
2024-06-11 12:30:54	1075	2070	1	0	0	6	25	0	0	0	25	0	0	1.25	25	0	0	0	25	0	0	4.113		99.9149	48.9037	0.0583148	0	0.583644	0.338255	17.4189	1		0	12.0705	35.9588	0	0	0	
2024-06-11 12:27:51	1054	2071	5	0	0	4	17	0	0	0	17	0	0	3.5	17	0	0	0	17	0	0	0.433		99.9201	48.6269	0.520176	0	5.20592	0.10628	16.3549	1		0	12.0705	36.4785	0	0	0	
2024-06-11 12:21:39	1006	2072	1	0	0	0	1	0	0	0	1	0	0	1	1	0	0	0	1	0	0	0.866		99.9283	49.4414	0.252359	0	2.5254	0.56405	15.8675	1		0	12.0705	39.3374	0	0	0	
2024-06-11 12:23:46	1022	2073	9	0	0	2	9	0	0	0	9	0	0	5.25	9	0	0	0	9	0	0	2.814		99.9269	48.7217	0.0812661	0	0.813255	0.138084	16.607	2		0	12.0616	37.778	0	0	0	
2024-06-11 12:23:39	1021	2074	5	0	0	2	9	0	0	0	9	0	0	4	9	0	0	0	9	0	0	1.732		99.9236	48.7975	0.118486	0	1.18577	0.131345	14.9008	1		0	12.0705	38.0379	0	0	0	
2024-06-11 12:40:18	1143	2075	1	0	0	3.5	15	0	0	0	15	0	0	2.25	15	0	0	0	15	0	0	1.082		99.9165	47.8311	0.201661	0	2.0183	0.825363	15.8517	1		0	12.0616	35.8288	0	0	0	
2024-06-11 12:32:50	1090	2076	1	0	0	7	29	0	0	0	29	0	0	3	29	0	0	0	29	0	0	3.464		99.9142	48.703	0.0570621	0	0.571111	0.323026	14.3536	1		0	12.0705	35.9588	0	0	0	
2024-06-11 12:22:40	1013	2077	1	0	0	1	5	0	0	0	5	0	0	2.5	5	0	0	0	5	0	0	1.299		99.9243	48.9203	0.168808	0	1.68936	0.344569	15.9218	1		0.0088623	12.0705	38.5577	0	0	0	
2024-06-11 12:21:15	1003	2078	5	0	0	0	1	0	0	0	1	0	0	6.75	1	0	0	0	1	0	0	5.845		99.9323	49.6337	0.0371638	0	0.37189	0.583787	15.7724	1		0	12.0705	39.7272	0	0	0	
2024-06-11 12:36:42	1119	2079	1	0	0	2.75	12	0	0	0	12	0	0	3	12	0	0	0	12	0	0	0.216		99.912	48.1674	1.025	0	10.259	0.254305	16.1148	2		0	12.0705	35.8288	0	0	0	
2024-06-11 12:29:34	1066	2080	1	0	0	5	21	0	0	0	21	0	0	1	21	0	0	0	21	0	0	3.464		99.9127	49.5732	0.0602881	0	0.603408	0.471112	15.1653	1		0	12.0705	35.9588	0	0	0	
2024-06-11 12:42:45	1159	2081	1	0	0	0.5	3	0	0	7.25	3	0	0	2.75	3	0	0	5	3	0	0	1.168		99.9197	20.7821	0.0963778	0	0.964552	0.257759	13.636	2		0	12.0705	35.6989	0	0	0	
2024-06-11 12:37:37	1125	2082	9	0	0	6.75	28	0	0	0	28	0	0	7	28	0	0	0	28	0	0	0.216		99.9127	48.424	1.01024	0	10.1112	0.200982	15.8827	2		0	12.0616	35.8288	0	0	0	
2024-06-11 12:24:29	1027	2083	1	0	0	2	9	0	0	0	9	0	0	0.75	9	0	0	0	9	0	0	1.082		99.9231	48.7613	0.198694	0	1.98847	0.429307	15.6174	1		0	11.973	37.5181	0	0	0	
2024-06-11 12:25:16	1033	2084	9	0	0	3	13	0	0	0	13	0	0	6	13	0	0	0	13	0	0	2.598		99.9159	49.3311	0.0815908	0	0.816595	0.261113	15.3925	2		0	12.0705	37.2582	0	0	0	
2024-06-11 12:25:05	1032	2085	9	0	0	3	13	0	0	0	13	0	0	4.75	13	0	0	0	13	0	0	1.515		99.9198	49.343	0.141442	0	1.41555	0.0369818	15.5648	2		0	12.0705	37.2582	0	0	0	
2024-06-11 12:22:04	1009	2086	5	0	0	1	5	0	0	0	5	0	0	7.75	5	0	0	0	5	0	0	5.845		99.9278	48.8587	0.0376212	0	0.376484	0.0639931	15.9673	2		0	11.973	38.9475	0	0	0	
2024-06-11 12:22:54	1015	2087	9	0	0	1	5	0	0	0	5	0	0	6.5	5	0	0	0	5	0	0	4.762		99.9223	48.9258	0.0521939	0	0.522345	0.610371	18.0509	1		0	11.973	38.2978	0	0	0	
2024-06-11 12:30:30	1072	2088	5	0	0	6	25	0	0	0	25	0	0	5.5	25	0	0	0	25	0	0	0.433		99.9138	48.7803	0.824926	0	8.25637	0.155547	25.9382	2		0	11.973	35.9588	0	0	0	
2024-06-11 12:30:47	1074	2089	9	0	0	6	25	0	0	0	25	0	0	4.25	25	0	0	0	25	0	0	1.515		99.9123	48.9142	0.141872	0	1.41997	0.251767	15.6134	1		0	12.0616	35.9588	0	0	0	
2024-06-11 12:29:42	1067	2090	5	0	0	5	21	0	0	0	21	0	0	2.75	21	0	0	0	21	0	0	1.948		99.9085	49.5932	0.100255	0	1.00347	0.447822	14.1863	1		0.0088623	12.0616	36.2187	0	0	0	
2024-06-11 12:23:08	1017	2091	5	0	0	1	5	0	0	0	5	0	0	0.5	5	0	0	0	5	0	0	0.433		99.9254	48.9219	0.589991	0	5.90432	0.541185	18.549	1		0	11.973	38.2978	0	0	0	
2024-06-11 12:27:37	1052	2092	5	0	0	4	17	0	0	0	17	0	0	0.75	17	0	0	0	17	0	0	2.814		99.9195	48.6448	0.0714327	0	0.714902	0.130679	14.5986	1		0	12.0705	36.4785	0	0	0	
2024-06-11 12:33:30	1095	2093	1	0	0	7.75	32	0	0	0	32	0	0	3.25	32	0	0	0	32	0	0	3.897		99.9122	49.137	0.0518198	0	0.518653	0.769183	14.6646	1		0	12.0616	35.8288	0	0	0	
2024-06-11 12:41:56	1154	2094	1	0	0	2.75	12	0	0	5	12	0	0	0.5	12	0	0	7.25	12	0	0	1.168		99.9182	20.5855	0.100243	0	1.00325	0.324421	14.1832	2		0	12.0705	35.9588	0	0	0	
2024-06-11 12:35:42	1112	2095	9	0	0	1.25	6	0	0	0	6	0	0	6.5	6	0	0	0	6	0	0	4.546		99.9107	48.641	0.0502527	0	0.502977	0.18456	16.5916	1		0	12.0616	35.8288	0	0	0	
2024-06-11 12:31:09	1077	2096	1	0	0	6	25	0	0	0	25	0	0	0.5	25	0	0	0	25	0	0	4.762		99.9119	48.9182	0.0581795	0	0.582308	0.289146	20.1231	1		0	12.0616	35.9588	0	0	0	
2024-06-11 12:27:58	1055	2097	5	0	0	4	17	0	0	0	17	0	0	2.75	17	0	0	0	17	0	0	1.082		99.92	48.6018	0.193065	0	1.9322	0.0727865	15.1755	1		0.0088623	12.0705	36.4785	0	0	0	
2024-06-11 12:20:42	999	2098	1	0	0	0	1	0	0	0	1	0	0	0.25	1	0	0	0	1	0	0	0.216		99.9343	49.7316	0.945562	0	9.46183	0.196491	14.8626	2		0	12.0616	40.247	0	0	0	
2024-06-11 12:24:37	1028	2099	5	0	0	2	9	0	0	0	9	0	0	3.25	9	0	0	0	9	0	0	1.082		99.9238	48.787	0.202304	0	2.02458	0.317429	15.901	1		0	12.0616	37.5181	0	0	0	
2024-06-11 12:32:25	1087	2100	1	0	0	7	29	0	0	0	29	0	0	1.75	29	0	0	0	29	0	0	4.546		99.9115	48.6333	0.0472351	0	0.472769	0.141625	15.5951	2		0	12.0705	35.9588	0	0	0	
2024-06-11 12:20:35	998	2101	9	0	0	0	1	0	0	0	1	0	0	6	1	0	0	0	1	0	0	5.195		99.9349	49.9052	0.0493547	0	0.493868	0.0245297	18.6184	1		0	12.0793	40.3769	0	0	0	
2024-06-11 12:20:12	996	2102	9	0	0	0	1	0	0	0	1	0	0	4.75	1	0	0	0	1	0	0	4.113		99.9268	50.2777	0.0536348	0	0.536741	0.103775	16.0191	2		0	12.035	40.6368	0	0	0	
2024-06-11 12:39:28	1137	2103	1	0	0	7.25	30	0	0	0	30	0	0	0.5	30	0	0	0	30	0	0	5.845		99.913	48.5888	0.0512391	0	0.512837	0.884497	21.7502	1		0	12.0705	35.9588	0	0	0	
2024-06-11 12:28:05	1056	2104	1	0	0	5	21	0	0	0	21	0	0	0.25	21	0	0	0	21	0	0	4.113		99.9132	49.5711	0.0465689	0	0.466093	0.0830336	13.9106	2		0	12.0705	36.4785	0	0	0	
2024-06-11 12:28:36	1059	2105	5	0	0	5	21	0	0	0	21	0	0	6.75	21	0	0	0	21	0	0	1.515		99.9112	49.498	0.159918	0	1.6006	0.135451	17.5995	2		0	11.973	35.9588	0	0	0	
2024-06-11 12:25:48	1037	2106	1	0	0	3	13	0	0	0	13	0	0	2.25	13	0	0	0	13	0	0	0.649		99.9185	49.343	0.37752	0	3.77828	0.540439	17.8047	1		0	12.0705	36.9983	0	0	0	
2024-06-11 12:24:44	1029	2107	1	0	0	2	9	0	0	0	9	0	0	0	9	0	0	0	9	0	0	1.732		99.921	48.9233	0.135362	0	1.35469	0.65306	17.0235	1		0	12.0705	37.3882	0	0	0	
2024-06-11 12:37:47	1126	2108	9	0	0	6.5	27	0	0	0	27	0	0	7.25	27	0	0	0	27	0	0	0.649		99.9164	48.5479	0.415173	0	4.1552	0.345626	19.5809	2		0	12.0705	35.8288	0	0	0	
2024-06-11 12:33:45	1097	2109	5	0	0	7.75	32	0	0	0	32	0	0	7.25	32	0	0	0	32	0	0	0.433		99.9172	49.1436	0.572026	0	5.725	0.988721	17.9856	1		0	12.0705	35.9588	0	0	0	
2024-06-11 12:39:35	1138	2110	1	0	0	7.5	31	0	0	0	31	0	0	0.25	31	0	0	0	31	0	0	6.278		99.9163	48.7854	0.037167	0	0.371981	0.191074	16.9449	1		0	12.0705	35.9588	0	0	0	
2024-06-11 12:36:14	1116	2111	1	0	0	0.75	4	0	0	0	4	0	0	1	4	0	0	0	4	0	0	0.216		99.9131	49.0967	1.07063	0	10.7156	0.71374	16.832	1		0	12.0705	35.8288	0	0	0	
2024-06-11 12:38:43	1132	2112	1	0	0	5.5	23	0	0	0	23	0	0	2.25	23	0	0	0	23	0	0	2.814		99.9144	48.8161	0.109706	0	1.098	0.0681977	22.4215	2		0	12.0616	35.8288	0	0	0	
2024-06-11 12:27:08	1048	2113	5	0	0	4	17	0	0	0	17	0	0	6.75	17	0	0	0	17	0	0	2.381		99.9192	48.6563	0.0790057	0	0.790696	0.114569	13.6622	1		0	12.0705	36.6085	0	0	0	
2024-06-11 12:26:03	1039	2114	9	0	0	3	13	0	0	0	13	0	0	5.25	13	0	0	0	13	0	0	1.948		99.9203	49.3329	0.109579	0	1.09666	0.550174	15.5037	1		0	12.0705	36.9983	0	0	0	
2024-06-11 12:25:55	1038	2115	5	0	0	3	13	0	0	0	13	0	0	4	13	0	0	0	13	0	0	0.866		99.9175	49.3617	0.256576	0	2.56788	0.370646	16.1345	1		0	12.0705	36.8684	0	0	0	
2024-06-11 12:24:12	1025	2116	5	0	0	2	9	0	0	0	9	0	0	7.25	9	0	0	0	9	0	0	4.546		99.9234	48.6966	0.0554073	0	0.554498	0.0222027	18.2911	2		0	12.0705	37.6481	0	0	0	
2024-06-11 12:32:11	1085	2117	9	0	0	7	29	0	0	0	29	0	0	7.5	29	0	0	0	29	0	0	0.433		99.9114	48.7386	0.574414	0	5.74924	0.83038	18.0618	1		0	12.0705	35.9588	0	0	0	
2024-06-11 12:32:17	1086	2118	9	0	0	7	29	0	0	0	29	0	0	6.25	29	0	0	0	29	0	0	0.649		99.9122	48.7039	0.401213	0	4.01566	0.79274	18.9233	1		0	12.0705	35.8288	0	0	0	
2024-06-11 12:22:47	1014	2119	9	0	0	1	5	0	0	0	5	0	0	5.75	5	0	0	0	5	0	0	4.113		99.9278	48.9712	0.0529365	0	0.529748	0.0931629	15.8104	1		0	12.0616	38.4277	0	0	0	
2024-06-11 12:21:54	1008	2120	5	0	0	1	5	0	0	0	5	0	0	4.5	5	0	0	0	5	0	0	3.031		99.9263	48.9584	0.06952	0	0.695713	0.0315642	15.2995	2		0	12.0705	39.0775	0	0	0	
2024-06-11 12:31:16	1078	2121	1	0	0	6	25	0	0	0	25	0	0	3.5	25	0	0	0	25	0	0	2.165		99.9119	48.8754	0.0871977	0	0.872746	0.242789	13.7091	1		0	11.973	35.9588	0	0	0	
2024-06-11 12:27:37	1052	2122	1	0	0	4	17	0	0	0	17	0	0	0	17	0	0	0	17	0	0	3.464		99.9195	48.6448	0.0606863	0	0.607351	0.0470462	15.2644	1		0	12.0705	36.4785	0	0	0	
2024-06-11 12:34:06	1100	2123	5	0	0	7.75	32	0	0	0	32	0	0	2.5	32	0	0	0	32	0	0	4.546		99.9129	49.1223	0.0481923	0	0.482343	0.636003	15.9109	1		0	12.0705	35.8288	0	0	0	
2024-06-11 12:24:05	1024	2124	1	0	0	2	9	0	0	0	9	0	0	2.5	9	0	0	0	9	0	0	0.433		99.9256	48.8264	0.565911	0	5.66333	0.572718	17.7919	1		0	12.0705	37.6481	0	0	0	
2024-06-11 12:32:58	1091	2125	5	0	0	7	29	0	0	0	29	0	0	1	29	0	0	0	29	0	0	5.195		99.9177	48.6954	0.0419657	0	0.420003	0.146105	15.8337	1		0	12.0705	35.9588	0	0	0	
2024-06-11 12:21:07	1002	2126	5	0	0	0	1	0	0	0	1	0	0	5.25	1	0	0	0	1	0	0	4.546		99.9291	49.7379	0.050419	0	0.504548	0.748378	16.6434	1		0	12.0616	39.8571	0	0	0	
2024-06-11 12:20:28	997	2127	9	0	0	0	1	0	0	0	1	0	0	4	1	0	0	0	1	0	0	3.464		99.9314	50.0419	0.066275	0	0.663205	0.369852	16.6682	1		0	12.0705	40.6368	0	0	0	
2024-06-11 12:34:21	1102	2128	1	0	0	7.75	32	0	0	0	32	0	0	1.75	32	0	0	0	32	0	0	5.195		99.9125	49.1007	0.0415556	0	0.41592	0.829835	15.6798	1		0	11.973	35.8288	0	0	0	
2024-06-11 12:29:02	1062	2129	9	0	0	5	21	0	0	0	21	0	0	6	21	0	0	0	21	0	0	0.866		99.9125	49.5282	0.373689	0	3.74017	0.169993	23.5002	2		0	12.0705	36.2187	0	0	0	
2024-06-11 12:28:26	1058	2130	9	0	0	5	21	0	0	0	21	0	0	4.75	21	0	0	0	21	0	0	0.216		99.9122	49.4967	1.19612	0	11.9717	0.13831	18.8051	2		0	12.0705	36.3486	0	0	0	
2024-06-11 12:25:41	1036	2131	1	0	0	3	13	0	0	0	13	0	0	1.5	13	0	0	0	13	0	0	1.299		99.9153	49.3619	0.157584	0	1.57718	0.425535	14.8645	1		0	12.0705	36.9983	0	0	0	
2024-06-11 12:33:38	1096	2132	9	0	0	7.75	32	0	0	0	32	0	0	6.5	32	0	0	0	32	0	0	1.082		99.9132	49.1392	0.220675	0	2.20867	0.276365	17.3469	1		0	12.0705	35.9588	0	0	0	
2024-06-11 12:35:21	1109	2133	9	0	0	2.25	10	0	0	0	10	0	0	5.5	10	0	0	0	10	0	0	2.814		99.9158	48.8225	0.0897872	0	0.898629	0.614843	18.3503	1		0	12.0705	35.8288	0	0	0	
2024-06-11 12:41:46	1153	2134	1	0	0	3	13	0	0	4.75	13	0	0	1.25	13	0	0	6.5	13	0	0	0.908		99.9171	20.716	0.0748188	0	0.748808	0.389553	8.23358	2		0	12.0705	35.9588	0	0	0	
2024-06-11 12:26:39	1044	2135	5	0	0	4	17	0	0	0	17	0	0	6	17	0	0	0	17	0	0	1.732		99.9144	48.7212	0.117111	0	1.17212	0.578007	14.7292	1		0	12.0705	36.7384	0	0	0	
2024-06-11 12:26:53	1046	2136	5	0	0	4	17	0	0	0	17	0	0	4.75	17	0	0	0	17	0	0	0.649		99.9167	48.6877	0.369617	0	3.69926	0.432333	17.4323	1		0	12.0705	36.6085	0	0	0	
2024-06-11 12:20:28	997	2137	1	0	0	0	1	0	0	0	1	0	0	2.25	1	0	0	0	1	0	0	1.948		99.9314	50.0419	0.117826	0	1.17906	0.671765	16.6686	1		0	12.0705	40.6368	0	0	0	
2024-06-11 12:41:37	1152	2138	1	0	0	3.25	14	0	0	4.5	14	0	0	2	14	0	0	5.75	14	0	0	0.649		99.919	20.4131	0.255332	0	2.55539	0.120302	20.07	2		0	12.0705	35.9588	0	0	0	
2024-06-11 12:26:25	1042	2139	1	0	0	3	13	0	0	0	13	0	0	3.25	13	0	0	0	13	0	0	0.216		99.9165	49.3549	1.00938	0	10.1022	0.553408	15.8685	1		0	12.0705	36.8684	0	0	0	
2024-06-11 12:24:29	1027	2140	9	0	0	2	9	0	0	0	9	0	0	7.75	9	0	0	0	9	0	0	4.979		99.9231	48.7613	0.0425327	0	0.425654	0.106786	15.3782	1		0	11.973	37.5181	0	0	0	
2024-06-11 12:24:22	1026	2141	9	0	0	2	9	0	0	0	9	0	0	6.5	9	0	0	0	9	0	0	3.897		99.9225	48.7721	0.0538096	0	0.538514	0.441606	15.2261	1		0.0088623	12.0616	37.5181	0	0	0	
2024-06-11 12:31:49	1082	2142	9	0	0	7	29	0	0	0	29	0	0	5.5	29	0	0	0	29	0	0	1.299		99.9113	48.7098	0.197069	0	1.97244	0.588923	18.5898	1		0	12.0616	35.9588	0	0	0	
2024-06-11 12:31:41	1081	2143	5	0	0	7	29	0	0	0	29	0	0	4.25	29	0	0	0	29	0	0	2.381		99.9093	48.6968	0.0837891	0	0.838652	0.137119	14.4909	1		0	12.0705	35.9588	0	0	0	
2024-06-11 12:22:14	1010	2144	9	0	0	1	5	0	0	0	5	0	0	5	5	0	0	0	5	0	0	3.464		99.9265	48.9046	0.06765	0	0.676998	0.448903	17.0148	1		0	12.0616	38.8176	0	0	0	
2024-06-11 12:22:47	1014	2145	1	0	0	1	5	0	0	0	5	0	0	3.75	5	0	0	0	5	0	0	2.381		99.9278	48.9712	0.089331	0	0.893955	0.0750771	15.4464	1		0	12.0616	38.4277	0	0	0	
2024-06-11 12:31:23	1079	2146	5	0	0	6	25	0	0	0	25	0	0	2.75	25	0	0	0	25	0	0	2.814		99.9115	48.9075	0.0714479	0	0.715111	0.377235	14.6028	1		0	12.0705	35.9588	0	0	0	
2024-06-11 12:28:55	1061	2147	1	0	0	5	21	0	0	0	21	0	0	2.25	21	0	0	0	21	0	0	2.381		99.9106	49.6846	0.0798889	0	0.799603	0.233513	13.8162	1		0	12.0705	36.2187	0	0	0	
2024-06-11 12:32:50	1090	2148	5	0	0	7	29	0	0	0	29	0	0	0.25	29	0	0	0	29	0	0	5.845		99.9142	48.703	0.0352286	0	0.352588	0.345147	14.9538	1		0	12.0705	35.9588	0	0	0	
2024-06-11 12:20:52	1000	2149	1	0	0	0	1	0	0	0	1	0	0	3.25	1	0	0	0	1	0	0	2.814		99.9302	49.6617	0.0724247	0	0.724753	0.103693	14.7997	1		0	12.0705	40.117	0	0	0	
2024-06-11 12:25:16	1033	2150	5	0	0	3	13	0	0	0	13	0	0	7.25	13	0	0	0	13	0	0	3.68		99.9159	49.3311	0.0693358	0	0.693942	0.51323	18.5307	2		0	12.0705	37.2582	0	0	0	
2024-06-11 12:30:40	1073	2151	5	0	0	6	25	0	0	0	25	0	0	6.75	25	0	0	0	25	0	0	0.649		99.9128	48.933	0.418755	0	4.1912	0.56144	19.7506	1		0	12.0616	35.9588	0	0	0	
2024-06-11 12:34:36	1104	2152	9	0	0	3.75	16	0	0	0	16	0	0	4	16	0	0	0	16	0	0	0.216		99.9115	48.583	0.872866	0	8.73638	0.0792244	13.7231	2		0	12.0705	35.5689	0	0	0	
2024-06-11 12:34:28	1103	2153	5	0	0	7.75	32	0	0	0	32	0	0	1	32	0	0	0	32	0	0	5.845		99.9114	49.1024	0.0374143	0	0.374475	0.0292463	15.882	1		0	12.0705	35.8288	0	0	0	
2024-06-11 12:28:16	1057	2154	9	0	0	5	21	0	0	0	21	0	0	5.25	21	0	0	0	21	0	0	0.216		99.9129	49.5425	1.37887	0	13.8007	0.226605	21.6781	2		0	12.0705	36.3486	0	0	0	
2024-06-11 12:28:46	1060	2155	5	0	0	5	21	0	0	0	21	0	0	4	21	0	0	0	21	0	0	0.866		99.9146	49.5486	0.268066	0	2.68296	0.917728	16.8575	1		0	12.0705	36.3486	0	0	0	
2024-06-11 12:26:32	1043	2156	1	0	0	3	13	0	0	0	13	0	0	0.75	13	0	0	0	13	0	0	1.948		99.9133	49.3453	0.103439	0	1.03529	0.327483	14.6361	1		0	12.0705	36.7384	0	0	0	
2024-06-11 12:23:01	1016	2157	1	0	0	1	5	0	0	0	5	0	0	1.75	5	0	0	0	5	0	0	0.649		99.9247	48.9274	0.369644	0	3.69923	0.400329	17.4322	1		0.0088623	12.0705	38.1678	0	0	0	
2024-06-11 12:26:46	1045	2158	1	0	0	4	17	0	0	0	17	0	0	2	17	0	0	0	17	0	0	1.732		99.915	48.6575	0.112573	0	1.12669	0.359859	14.1584	1		0	12.0705	36.6085	0	0	0	
2024-06-11 12:33:23	1094	2159	5	0	0	7.75	32	0	0	0	32	0	0	5.75	32	0	0	0	32	0	0	1.732		99.9132	49.0942	0.136609	0	1.36728	0.176442	17.1817	1		0	12.0705	35.8288	0	0	0	
2024-06-11 12:33:13	1093	2160	9	0	0	7.75	32	0	0	0	32	0	0	4.5	32	0	0	0	32	0	0	2.814		99.9146	49.0821	0.0746103	0	0.746741	0.16088	15.2487	2		0	12.0705	35.9588	0	0	0	
2024-06-11 12:37:02	1121	2161	1	0	0	2.25	10	0	0	0	10	0	0	3.5	10	0	0	0	10	0	0	1.082		99.9075	48.6863	0.205225	0	2.05415	0.876578	16.1332	1		0	12.0705	35.8288	0	0	0	
2024-06-11 12:36:07	1115	2162	9	0	0	0.25	2	0	0	0	2	0	0	7.5	2	0	0	0	2	0	0	6.278		99.9107	48.6536	0.0343981	0	0.344289	0.16326	15.6834	1		0	12.0616	35.8288	0	0	0	
2024-06-11 12:30:40	1073	2163	1	0	0	6	25	0	0	0	25	0	0	1.75	25	0	0	0	25	0	0	3.68		99.9128	48.933	0.0636387	0	0.636943	0.673961	17.0086	1		0	12.0616	35.9588	0	0	0	
2024-06-11 12:27:15	1049	2164	5	0	0	4	17	0	0	0	17	0	0	5.25	17	0	0	0	17	0	0	1.082		99.9159	48.6563	0.221084	0	2.2127	0.314304	17.3785	1		0	12.0705	36.6085	0	0	0	
2024-06-11 12:21:15	1003	2165	1	0	0	0	1	0	0	0	1	0	0	1.5	1	0	0	0	1	0	0	1.299		99.9323	49.6337	0.153375	0	1.53479	0.67828	14.465	1		0	12.0705	39.7272	0	0	0	
2024-06-11 12:26:10	1040	2166	1	0	0	3	13	0	0	0	13	0	0	2.5	13	0	0	0	13	0	0	0.433		99.9162	49.3196	0.584303	0	5.84794	0.516043	18.3718	1		0	12.0705	36.8684	0	0	0	
2024-06-11 12:24:05	1024	2167	9	0	0	2	9	0	0	0	9	0	0	5.75	9	0	0	0	9	0	0	3.247		99.9256	48.8264	0.0665101	0	0.665596	0.130815	15.6827	1		0	12.0705	37.6481	0	0	0	
2024-06-11 12:23:30	1020	2168	9	0	0	2	9	0	0	0	9	0	0	4.5	9	0	0	0	9	0	0	2.165		99.9245	48.784	0.0963008	0	0.963736	0.210165	15.1383	2		0	12.0705	38.0379	0	0	0	
2024-06-11 12:31:49	1082	2169	1	0	0	7	29	0	0	0	29	0	0	3.5	29	0	0	0	29	0	0	3.031		99.9113	48.7098	0.0633922	0	0.634485	0.151771	13.9531	1		0	12.0616	35.9588	0	0	0	
2024-06-11 12:22:21	1011	2170	1	0	0	1	5	0	0	0	5	0	0	3	5	0	0	0	5	0	0	1.732		99.9267	48.9641	0.1191	0	1.19187	0.120073	14.9775	2		0	12.0705	38.8176	0	0	0	
2024-06-11 12:20:12	996	2171	5	0	0	0	1	0	0	0	1	0	0	7.25	1	0	0	0	1	0	0	6.278		99.9268	50.2777	0.0366144	0	0.366412	0.360118	16.6912	2		0	12.035	40.6368	0	0	0	
2024-06-11 12:29:12	1063	2172	1	0	0	5	21	0	0	0	21	0	0	1.5	21	0	0	0	21	0	0	3.031		99.9166	49.5562	0.0619621	0	0.620139	0.372749	13.6376	1		0	12.0616	36.2187	0	0	0	
2024-06-11 12:24:37	1028	2173	1	0	0	2	9	0	0	0	9	0	0	1.25	9	0	0	0	9	0	0	0.649		99.9238	48.787	0.35447	0	3.5474	0.457178	16.7167	1		0	12.0616	37.5181	0	0	0	
2024-06-11 12:39:52	1140	2174	1	0	0	1.5	7	0	0	0	7	0	0	0.25	7	0	0	0	7	0	0	1.082		99.9185	47.858	0.19421	0	1.94368	0.77475	15.2657	1		0	12.0705	35.9588	0	0	0	
2024-06-11 12:21:47	1007	2175	1	0	0	0	1	0	0	0	1	0	0	2.5	1	0	0	0	1	0	0	2.165		99.9266	49.4893	0.0935042	0	0.935729	0.215517	14.6984	1		0	12.0705	39.2074	0	0	0	
2024-06-11 12:39:00	1134	2176	1	0	0	6.25	26	0	0	0	26	0	0	1.5	26	0	0	0	26	0	0	4.113		99.9161	48.7155	0.0568096	0	0.568573	0.177204	16.9691	2		0	11.973	35.9588	0	0	0	
2024-06-11 12:41:02	1148	2177	9	0	0	7.25	30	0	0	0	30	0	0	6.5	30	0	0	0	30	0	0	0.649		99.9128	48.3606	0.40737	0	4.07725	0.153888	19.2136	2		0	12.0616	35.9588	0	0	0	
2024-06-11 12:25:33	1035	2178	9	0	0	3	13	0	0	0	13	0	0	7.75	13	0	0	0	13	0	0	4.113		99.9219	49.344	0.0493421	0	0.493806	0.387963	14.7377	1		0	12.0616	36.9983	0	0	0	
2024-06-11 12:25:33	1035	2179	5	0	0	3	13	0	0	0	13	0	0	6.5	13	0	0	0	13	0	0	3.031		99.9219	49.344	0.0696124	0	0.696668	0.0936878	15.3205	1		0	12.0616	36.9983	0	0	0	
2024-06-11 12:22:40	1013	2180	5	0	0	1	5	0	0	0	5	0	0	7	5	0	0	0	5	0	0	5.195		99.9243	48.9203	0.0418649	0	0.418966	0.174628	15.7947	1		0.0088623	12.0705	38.5577	0	0	0	
2024-06-11 12:29:49	1068	2181	5	0	0	6	25	0	0	0	25	0	0	4.75	25	0	0	0	25	0	0	1.082		99.9091	48.8982	0.256283	0	2.56516	0.664431	20.1467	2		0	12.0705	36.0887	0	0	0	
2024-06-11 12:34:14	1101	2182	5	0	0	7.75	32	0	0	0	32	0	0	0.25	32	0	0	0	32	0	0	6.494		99.9189	49.1401	0.0327479	0	0.327745	0.115729	15.4446	1		0	12.0705	35.8288	0	0	0	
2024-06-11 12:29:42	1067	2183	1	0	0	5	21	0	0	0	21	0	0	3.25	21	0	0	0	21	0	0	1.515		99.9085	49.5932	0.130076	0	1.30195	0.460924	14.3157	1		0.0088623	12.0616	36.2187	0	0	0	
2024-06-11 12:26:17	1041	2184	1	0	0	3	13	0	0	0	13	0	0	0	13	0	0	0	13	0	0	2.598		99.9146	49.2824	0.077159	0	0.77225	0.118727	14.5566	1		0	12.0705	36.8684	0	0	0	
2024-06-11 12:34:47	1105	2185	9	0	0	3.5	15	0	0	0	15	0	0	4.25	15	0	0	0	15	0	0	0.649		99.915	48.0849	0.339525	0	3.39814	0.716608	16.0133	1		0	12.0705	35.9588	0	0	0	
2024-06-11 12:27:01	1047	2186	1	0	0	4	17	0	0	0	17	0	0	1.25	17	0	0	0	17	0	0	2.381		99.9163	48.6814	0.0819171	0	0.819857	0.187665	14.1661	1		0	12.0616	36.6085	0	0	0	
2024-06-11 12:33:45	1097	2187	9	0	0	7.75	32	0	0	0	32	0	0	5	32	0	0	0	32	0	0	2.381		99.9172	49.1436	0.0959116	0	0.959911	0.262716	16.5861	1		0	12.0705	35.9588	0	0	0	
2024-06-11 12:33:05	1092	2188	1	0	0	7.75	32	0	0	0	32	0	0	3.75	32	0	0	0	32	0	0	3.464		99.9137	49.1304	0.0583334	0	0.583838	0.178512	14.6734	1		0	12.0616	35.9588	0	0	0	
2024-06-11 12:42:38	1158	2189	1	0	0	1.25	6	0	0	6.5	6	0	0	3	6	0	0	4.75	6	0	0	0.908		99.9181	20.6814	0.128047	0	1.28152	0.711478	14.091	1		0	12.0705	35.9588	0	0	0	
2024-06-11 12:31:23	1079	2190	1	0	0	6	25	0	0	0	25	0	0	1	25	0	0	0	25	0	0	4.33		99.9115	48.9075	0.0546067	0	0.54655	0.643058	17.1704	1		0	12.0705	35.9588	0	0	0	
2024-06-11 12:27:51	1054	2191	1	0	0	4	17	0	0	0	17	0	0	3.25	17	0	0	0	17	0	0	0.649		99.9201	48.6269	0.344404	0	3.4468	0.0722421	16.2427	1		0	12.0705	36.4785	0	0	0	
2024-06-11 12:21:32	1005	2192	1	0	0	0	1	0	0	0	1	0	0	0.75	1	0	0	0	1	0	0	0.649		99.9281	49.453	0.362433	0	3.62694	0.554771	17.0916	1		0	12.0705	39.4673	0	0	0	
2024-06-11 12:42:07	1155	2193	1	0	0	3.5	15	0	0	4.25	15	0	0	3.75	15	0	0	4	15	0	0	0.13		99.9144	19.6322	0.679973	0	6.80555	0.066109	10.6901	2		0	12.0705	35.9588	0	0	0	
2024-06-11 12:23:57	1023	2194	9	0	0	2	9	0	0	0	9	0	0	5	9	0	0	0	9	0	0	2.598		99.9234	48.8149	0.0825501	0	0.826133	0.228437	15.5722	1		0	12.0705	37.6481	0	0	0	
2024-06-11 12:23:39	1021	2195	1	0	0	2	9	0	0	0	9	0	0	3.75	9	0	0	0	9	0	0	1.515		99.9236	48.7975	0.15055	0	1.50666	0.683028	16.5665	1		0	12.0705	38.0379	0	0	0	
2024-06-11 12:32:11	1085	2196	1	0	0	7	29	0	0	0	29	0	0	2.75	29	0	0	0	29	0	0	3.68		99.9114	48.7386	0.0547936	0	0.548422	0.0553375	14.6448	1		0	12.0705	35.9588	0	0	0	
2024-06-11 12:31:41	1081	2197	1	0	0	7	29	0	0	0	29	0	0	2.25	29	0	0	0	29	0	0	4.113		99.9093	48.6968	0.048644	0	0.486882	0.122915	14.5311	1		0	12.0705	35.9588	0	0	0	
2024-06-11 12:20:35	998	2198	5	0	0	0	1	0	0	0	1	0	0	7.75	1	0	0	0	1	0	0	6.711		99.9349	49.9052	0.0331905	0	0.332121	0.310741	16.1725	1		0	12.0793	40.3769	0	0	0	
2024-06-11 12:20:52	1000	2199	9	0	0	0	1	0	0	0	1	0	0	6.5	1	0	0	0	1	0	0	5.628		99.9302	49.6617	0.0388129	0	0.3884	0.206611	15.8625	1		0	12.0705	40.117	0	0	0	
2024-06-11 12:28:16	1057	2200	1	0	0	5	21	0	0	0	21	0	0	0.75	21	0	0	0	21	0	0	3.68		99.9129	49.5425	0.0591813	0	0.592329	0.660137	15.8173	2		0	12.0705	36.3486	0	0	0	
2024-06-11 12:28:05	1056	2201	9	0	0	5	21	0	0	0	21	0	0	7.25	21	0	0	0	21	0	0	1.948		99.9132	49.5711	0.137052	0	1.37171	0.0925506	19.3921	2		0	12.0705	36.4785	0	0	0	
2024-06-11 12:40:52	1147	2202	9	0	0	5.75	24	0	0	0	24	0	0	4	24	0	0	0	24	0	0	1.515		99.9107	49.1261	0.137713	0	1.37836	0.0460529	15.1558	2		0	12.0705	35.9588	0	0	0	
2024-06-11 12:37:20	1123	2203	9	0	0	4.5	19	0	0	0	19	0	0	5.25	19	0	0	0	19	0	0	0.649		99.9132	48.5923	0.489026	0	4.89451	0.323341	23.0648	2		0	12.0616	35.8288	0	0	0	
2024-06-11 12:42:17	1156	2204	1	0	0	2.75	12	0	0	5	12	0	0	3.5	12	0	0	4.25	12	0	0	0.389		99.9179	20.589	0.423902	0	4.2425	1.07196	19.9923	4		0	12.0616	35.9588	0	0	0	
2024-06-11 12:24:44	1029	2205	5	0	0	2	9	0	0	0	9	0	0	0.5	9	0	0	0	9	0	0	1.299		99.921	48.9233	0.157985	0	1.5811	0.493209	14.9015	1		0	12.0705	37.3882	0	0	0	
2024-06-11 12:35:57	1114	2206	9	0	0	0.5	3	0	0	0	3	0	0	7.25	3	0	0	0	3	0	0	5.845		99.9113	48.7199	0.0930594	0	0.93142	0.560016	39.5029	2		0	12.0705	35.8288	0	0	0	
2024-06-11 12:26:39	1044	2207	9	0	0	4	17	0	0	0	17	0	0	7.25	17	0	0	0	17	0	0	2.814		99.9144	48.7212	0.0733536	0	0.734164	0.79463	14.9919	1		0	12.0705	36.7384	0	0	0	
2024-06-11 12:25:05	1032	2208	5	0	0	3	13	0	0	0	13	0	0	5.75	13	0	0	0	13	0	0	2.381		99.9198	49.343	0.0847643	0	0.848323	0.0211683	14.658	2		0	12.0705	37.2582	0	0	0	
2024-06-11 12:25:26	1034	2209	9	0	0	3	13	0	0	0	13	0	0	4.5	13	0	0	0	13	0	0	1.299		99.9171	49.3482	0.162467	0	1.62602	0.287283	15.3249	1		0	12.0705	37.1283	0	0	0	
2024-06-11 12:32:11	1085	2210	5	0	0	7	29	0	0	0	29	0	0	6.75	29	0	0	0	29	0	0	0.216		99.9114	48.7386	1.00498	0	10.0587	0.863518	15.8002	1		0	12.0705	35.9588	0	0	0	
2024-06-11 12:22:21	1011	2211	9	0	0	1	5	0	0	0	5	0	0	7.5	5	0	0	0	5	0	0	5.628		99.9267	48.9641	0.0388976	0	0.389261	0.208456	15.8977	2		0	12.0705	38.8176	0	0	0	
2024-06-11 12:22:40	1013	2212	9	0	0	1	5	0	0	0	5	0	0	6.25	5	0	0	0	5	0	0	4.546		99.9243	48.9203	0.0552673	0	0.553092	0.481017	18.2447	1		0.0088623	12.0705	38.5577	0	0	0	
2024-06-11 12:30:09	1070	2213	9	0	0	6	25	0	0	0	25	0	0	5.25	25	0	0	0	25	0	0	0.649		99.9122	48.85	0.559849	0	5.60341	0.209828	26.4055	2		0	12.0705	36.0887	0	0	0	
2024-06-11 12:30:30	1072	2214	9	0	0	6	25	0	0	0	25	0	0	4	25	0	0	0	25	0	0	1.732		99.9138	48.7803	0.113936	0	1.14034	0.00945283	14.33	2		0	11.973	35.9588	0	0	0	
2024-06-11 12:28:26	1058	2215	1	0	0	5	21	0	0	0	21	0	0	2.5	21	0	0	0	21	0	0	2.165		99.9122	49.4967	0.101361	0	1.0145	0.415638	15.9358	2		0	12.0705	36.3486	0	0	0	
2024-06-11 12:21:54	1008	2216	1	0	0	1	5	0	0	0	5	0	0	0.25	5	0	0	0	5	0	0	0.649		99.9263	48.9584	0.362831	0	3.63098	0.494537	17.1106	2		0	12.0705	39.0775	0	0	0	
2024-06-11 12:27:15	1049	2217	1	0	0	4	17	0	0	0	17	0	0	0.5	17	0	0	0	17	0	0	3.031		99.9159	48.6563	0.067099	0	0.671555	0.148614	14.7683	1		0	12.0705	36.6085	0	0	0	
2024-06-11 12:33:23	1094	2218	1	0	0	7.75	32	0	0	0	32	0	0	3	32	0	0	0	32	0	0	4.113		99.9132	49.0942	0.0496639	0	0.497071	0.00554144	14.8351	1		0	12.0705	35.8288	0	0	0	
2024-06-11 12:29:49	1068	2219	1	0	0	6	25	0	0	0	25	0	0	0.25	25	0	0	0	25	0	0	4.979		99.9091	48.8982	0.0412386	0	0.412761	0.463633	14.9124	2		0	12.0705	36.0887	0	0	0	
2024-06-11 12:38:32	1131	2220	1	0	0	5.25	22	0	0	0	22	0	0	2.5	22	0	0	0	22	0	0	2.381		99.9119	49.0195	0.181889	0	1.82049	0.45168	31.4559	2		0	12.0616	35.8288	0	0	0	
2024-06-11 12:27:44	1053	2221	1	0	0	4	17	0	0	0	17	0	0	2.5	17	0	0	0	17	0	0	1.299		99.9179	48.6717	0.155137	0	1.55264	0.196498	14.6333	1		0	12.0705	36.4785	0	0	0	
2024-06-11 12:23:30	1020	2222	1	0	0	2	9	0	0	0	9	0	0	3	9	0	0	0	9	0	0	0.866		99.9245	48.784	0.264608	0	2.64808	0.0212175	16.6384	2		0	12.0705	38.0379	0	0	0	
2024-06-11 12:32:17	1086	2223	1	0	0	7	29	0	0	0	29	0	0	1.5	29	0	0	0	29	0	0	4.762		99.9122	48.7039	0.0424226	0	0.424599	0.620677	14.6731	1		0	12.0705	35.8288	0	0	0	
2024-06-11 12:20:52	1000	2224	5	0	0	0	1	0	0	0	1	0	0	5.75	1	0	0	0	1	0	0	4.979		99.9302	49.6617	0.0444921	0	0.445232	0.0373588	16.0855	1		0	12.0705	40.117	0	0	0	
2024-06-11 12:20:42	999	2225	9	0	0	0	1	0	0	0	1	0	0	4.5	1	0	0	0	1	0	0	3.897		99.9343	49.7316	0.0551535	0	0.551898	0.0865041	15.6045	2		0	12.0616	40.247	0	0	0	
2024-06-11 12:28:36	1059	2226	1	0	0	5	21	0	0	0	21	0	0	0	21	0	0	0	21	0	0	4.33		99.9112	49.498	0.0458179	0	0.458586	0.0915896	14.4069	2		0	11.973	35.9588	0	0	0	
2024-06-11 12:34:06	1100	2227	1	0	0	7.75	32	0	0	0	32	0	0	2.25	32	0	0	0	32	0	0	4.762		99.9129	49.1223	0.0434108	0	0.434487	0.0946683	15.0148	1		0	12.0705	35.8288	0	0	0	
2024-06-11 12:28:26	1058	2228	5	0	0	5	21	0	0	0	21	0	0	7.75	21	0	0	0	21	0	0	2.381		99.9122	49.4967	0.0931037	0	0.931855	0.154226	16.1013	2		0	12.0705	36.3486	0	0	0	
2024-06-11 12:29:12	1063	2229	5	0	0	5	21	0	0	0	21	0	0	6.5	21	0	0	0	21	0	0	1.299		99.9166	49.5562	0.197441	0	1.97606	0.503416	18.6239	1		0	12.0616	36.2187	0	0	0	
2024-06-11 12:26:25	1042	2230	5	0	0	3	13	0	0	0	13	0	0	2	13	0	0	0	13	0	0	0.866		99.9165	49.3549	0.264347	0	2.64568	0.274391	16.6233	1		0	12.0705	36.8684	0	0	0	
2024-06-11 12:38:15	1129	2231	1	0	0	4.5	19	0	0	0	19	0	0	3.25	19	0	0	0	19	0	0	1.082		99.912	48.5758	0.195906	0	1.96079	0.172603	15.4	2		0	12.0705	35.8288	0	0	0	
2024-06-11 12:33:30	1095	2232	5	0	0	7.75	32	0	0	0	32	0	0	7	32	0	0	0	32	0	0	0.649		99.9122	49.137	0.387477	0	3.87817	0.766964	18.2755	1		0	12.0616	35.8288	0	0	0	
2024-06-11 12:40:42	1146	2233	9	0	0	5.5	23	0	0	0	23	0	0	4.25	23	0	0	0	23	0	0	1.082		99.9152	48.7395	0.2351	0	2.35299	0.101953	18.4804	2		0	12.0705	35.9588	0	0	0	
2024-06-11 12:39:20	1136	2234	1	0	0	6.75	28	0	0	0	28	0	0	1	28	0	0	0	28	0	0	4.979		99.9139	48.379	0.0483276	0	0.483692	0.0619957	17.475	1		0	12.0705	35.9588	0	0	0	
2024-06-11 12:37:30	1124	2235	9	0	0	4.25	18	0	0	0	18	0	0	5.5	18	0	0	0	18	0	0	1.082		99.9131	48.8108	0.251534	0	2.51753	0.405583	19.7726	1		0	12.0616	35.8288	0	0	0	
2024-06-11 12:27:30	1051	2236	5	0	0	4	17	0	0	0	17	0	0	7.75	17	0	0	0	17	0	0	3.247		99.916	48.6341	0.0592696	0	0.593195	0.226782	13.9768	1		0	11.973	36.4785	0	0	0	
2024-06-11 12:26:46	1045	2237	5	0	0	4	17	0	0	0	17	0	0	6.5	17	0	0	0	17	0	0	2.165		99.915	48.6575	0.0878428	0	0.879175	0.574821	13.8101	1		0	12.0705	36.6085	0	0	0	
2024-06-11 12:25:55	1038	2238	9	0	0	3	13	0	0	0	13	0	0	5	13	0	0	0	13	0	0	1.732		99.9175	49.3617	0.122854	0	1.22955	0.473276	15.451	1		0	12.0705	36.8684	0	0	0	
2024-06-11 12:26:10	1040	2239	5	0	0	3	13	0	0	0	13	0	0	3.75	13	0	0	0	13	0	0	0.649		99.9162	49.3196	0.371836	0	3.72148	0.395326	17.5371	1		0	12.0705	36.8684	0	0	0	
2024-06-11 12:24:22	1026	2240	5	0	0	2	9	0	0	0	9	0	0	7	9	0	0	0	9	0	0	4.33		99.9225	48.7721	0.047002	0	0.470384	0.398168	14.7776	1		0.0088623	12.0616	37.5181	0	0	0	
2024-06-11 12:32:03	1084	2241	5	0	0	7	29	0	0	0	29	0	0	6	29	0	0	0	29	0	0	0.866		99.91	48.8005	0.296913	0	2.97181	0.715224	18.6724	1		0	12.0705	35.9588	0	0	0	
2024-06-11 12:31:31	1080	2242	5	0	0	7	29	0	0	0	29	0	0	4.75	29	0	0	0	29	0	0	1.948		99.9097	48.6824	0.111941	0	1.12042	0.194426	15.8396	2		0	12.0705	35.9588	0	0	0	
2024-06-11 12:22:32	1012	2243	5	0	0	1	5	0	0	0	5	0	0	5.5	5	0	0	0	5	0	0	3.897		99.9246	48.9068	0.0656486	0	0.656981	0.156153	18.5757	1		0	12.0705	38.5577	0	0	0	
2024-06-11 12:21:54	1008	2244	9	0	0	1	5	0	0	0	5	0	0	4.25	5	0	0	0	5	0	0	2.814		99.9263	48.9584	0.0752317	0	0.752872	0.127305	15.3739	2		0	12.0705	39.0775	0	0	0	
2024-06-11 12:31:02	1076	2245	1	0	0	6	25	0	0	0	25	0	0	3.25	25	0	0	0	25	0	0	2.381		99.9126	48.9119	0.0804353	0	0.805057	0.437186	13.9104	1		0	12.0705	35.9588	0	0	0	
2024-06-11 12:36:31	1118	2246	1	0	0	0.25	2	0	0	0	2	0	0	1.5	2	0	0	0	2	0	0	1.082		99.9139	48.5592	0.192108	0	1.92274	0.202171	15.1012	2		0	12.0705	35.6989	0	0	0	
2024-06-11 12:32:43	1089	2247	1	0	0	7	29	0	0	0	29	0	0	0.75	29	0	0	0	29	0	0	5.412		99.9122	48.6836	0.0408027	0	0.408386	0.208288	16.0373	1		0	12.0705	35.9588	0	0	0	
2024-06-11 12:20:59	1001	2248	5	0	0	0	1	0	0	0	1	0	0	5	1	0	0	0	1	0	0	4.33		99.9283	49.6658	0.0508582	0	0.508947	0.0294642	15.989	1		0	12.0705	39.9871	0	0	0	
2024-06-11 12:20:35	998	2249	1	0	0	0	1	0	0	0	1	0	0	3.75	1	0	0	0	1	0	0	3.247		99.9349	49.9052	0.0663885	0	0.664317	0.172055	15.6526	1		0	12.0793	40.3769	0	0	0	
2024-06-11 12:41:12	1149	2250	9	0	0	7.5	31	0	0	0	31	0	0	6.25	31	0	0	0	31	0	0	1.082		99.9154	48.5292	0.22437	0	2.2456	0.139943	17.6369	2		0	12.0705	35.9588	0	0	0	
2024-06-11 12:37:57	1127	2251	9	0	0	6.25	26	0	0	0	26	0	0	7.5	26	0	0	0	26	0	0	1.082		99.9107	48.7123	0.21606	0	2.16253	0.266334	16.9845	2		0	12.0705	35.9588	0	0	0	
2024-06-11 12:29:58	1069	2252	9	0	0	6	25	0	0	0	25	0	0	7.25	25	0	0	0	25	0	0	1.082		99.9141	48.8737	0.282142	0	2.82385	0.447185	22.1784	2		0	12.0705	35.9588	0	0	0	
2024-06-11 12:33:45	1097	2253	1	0	0	7.75	32	0	0	0	32	0	0	1.5	32	0	0	0	32	0	0	5.412		99.9172	49.1436	0.0385309	0	0.385628	0.639478	15.1436	1		0	12.0705	35.9588	0	0	0	
2024-06-11 12:28:36	1059	2254	9	0	0	5	21	0	0	0	21	0	0	5.75	21	0	0	0	21	0	0	0.649		99.9112	49.498	0.599238	0	5.99771	0.182283	28.2635	2		0	11.973	35.9588	0	0	0	
2024-06-11 12:28:46	1060	2255	9	0	0	5	21	0	0	0	21	0	0	4.5	21	0	0	0	21	0	0	0.433		99.9146	49.5486	0.680748	0	6.8133	0.974162	21.4046	1		0	12.0705	36.3486	0	0	0	
2024-06-11 12:25:05	1032	2256	1	0	0	3	13	0	0	0	13	0	0	1.25	13	0	0	0	13	0	0	1.515		99.9198	49.343	0.133256	0	1.33363	0.323272	14.664	2		0	12.0705	37.2582	0	0	0	
2024-06-11 12:23:23	1019	2257	1	0	0	1	5	0	0	0	5	0	0	2.25	5	0	0	0	5	0	0	1.082		99.926	48.8617	0.198797	0	1.98944	0.4741	15.625	1		0	12.0705	37.908	0	0	0	
2024-06-11 12:36:21	1117	2258	1	0	0	0.5	3	0	0	0	3	0	0	1.25	3	0	0	0	3	0	0	0.649		99.9125	48.6796	0.386747	0	3.87086	0.273198	18.241	2		0	12.0705	35.8288	0	0	0	
2024-06-11 12:35:11	1108	2259	9	0	0	2.5	11	0	0	0	11	0	0	5.25	11	0	0	0	11	0	0	2.381		99.9137	48.5216	0.10784	0	1.07933	0.325319	18.6495	2		0	12.0705	35.8288	0	0	0	
2024-06-11 12:33:13	1093	2260	5	0	0	7.75	32	0	0	0	32	0	0	7.5	32	0	0	0	32	0	0	0.216		99.9146	49.0821	1.02513	0	10.26	0.221819	16.1164	2		0	12.0705	35.9588	0	0	0	
2024-06-11 12:33:52	1098	2261	9	0	0	7.75	32	0	0	0	32	0	0	6.25	32	0	0	0	32	0	0	1.299		99.9191	49.1235	0.18167	0	1.81817	0.271458	17.1358	1		0	12.0705	35.9588	0	0	0	
2024-06-11 12:38:08	1128	2262	1	0	0	4.25	18	0	0	0	18	0	0	3.5	18	0	0	0	18	0	0	0.649		99.9106	48.6399	0.345422	0	3.45731	0.373409	16.2922	1		0	12.0705	35.8288	0	0	0	
2024-06-11 12:31:09	1077	2263	5	0	0	6	25	0	0	0	25	0	0	2.25	25	0	0	0	25	0	0	3.247		99.9119	48.9182	0.0620319	0	0.620866	0.0892768	14.6288	1		0	12.0616	35.9588	0	0	0	
2024-06-11 12:40:31	1145	2264	9	0	0	5.25	22	0	0	0	22	0	0	4.5	22	0	0	0	22	0	0	0.649		99.9121	48.9654	0.470216	0	4.7063	0.173453	22.1779	2		0	12.0616	35.9588	0	0	0	
2024-06-11 12:26:53	1046	2265	9	0	0	4	17	0	0	0	17	0	0	5.75	17	0	0	0	17	0	0	1.515		99.9167	48.6877	0.145475	0	1.45597	0.168327	16.0092	1		0	12.0705	36.6085	0	0	0	
2024-06-11 12:27:08	1048	2266	9	0	0	4	17	0	0	0	17	0	0	4.5	17	0	0	0	17	0	0	0.433		99.9192	48.6563	0.53824	0	5.38675	0.460313	16.923	1		0	12.0705	36.6085	0	0	0	
2024-06-11 12:20:12	996	2267	1	0	0	0	1	0	0	0	1	0	0	2	1	0	0	0	1	0	0	1.732		99.9268	50.2777	0.150996	0	1.51107	0.141155	18.9886	2		0	12.035	40.6368	0	0	0	
2024-06-11 12:24:29	1027	2268	5	0	0	2	9	0	0	0	9	0	0	7.5	9	0	0	0	9	0	0	4.762		99.9231	48.7613	0.0470021	0	0.470383	0.725425	16.2553	1		0	11.973	37.5181	0	0	0	
2024-06-11 12:23:57	1023	2269	5	0	0	2	9	0	0	0	9	0	0	6.25	9	0	0	0	9	0	0	3.68		99.9234	48.8149	0.058336	0	0.583807	0.456627	15.5897	1		0	12.0705	37.6481	0	0	0	
2024-06-11 12:32:17	1086	2270	5	0	0	7	29	0	0	0	29	0	0	5.25	29	0	0	0	29	0	0	1.515		99.9122	48.7039	0.164786	0	1.64931	0.532015	18.1351	1		0	12.0705	35.8288	0	0	0	
2024-06-11 12:31:41	1081	2271	9	0	0	7	29	0	0	0	29	0	0	4	29	0	0	0	29	0	0	2.598		99.9093	48.6968	0.0745471	0	0.746148	0.3066	14.0646	1		0	12.0705	35.9588	0	0	0	
2024-06-11 12:22:04	1009	2272	1	0	0	1	5	0	0	0	5	0	0	3.5	5	0	0	0	5	0	0	2.165		99.9278	48.8587	0.0936114	0	0.93679	0.0369414	14.7151	2		0	11.973	38.9475	0	0	0	
2024-06-11 12:29:58	1069	2273	1	0	0	6	25	0	0	0	25	0	0	2.5	25	0	0	0	25	0	0	3.031		99.9141	48.8737	0.0791684	0	0.792365	0.282203	17.425	2		0	12.0705	35.9588	0	0	0	
2024-06-11 12:40:25	1144	2274	1	0	0	3.75	16	0	0	0	16	0	0	2	16	0	0	0	16	0	0	1.515		99.9133	48.3969	0.146347	0	1.46474	0.21761	16.1057	1		0	12.0705	35.9588	0	0	0	
2024-06-11 12:28:46	1060	2275	1	0	0	5	21	0	0	0	21	0	0	2	21	0	0	0	21	0	0	2.598		99.9146	49.5486	0.0756885	0	0.757532	0.572494	14.2792	1		0	12.0705	36.3486	0	0	0	
2024-06-11 12:24:51	1030	2276	1	0	0	2	9	0	0	0	9	0	0	1.75	9	0	0	0	9	0	0	0.216		99.9233	48.7879	0.949059	0	9.49787	0.370467	14.9192	1		0	11.973	37.3882	0	0	0	
2024-06-11 12:32:58	1091	2277	1	0	0	7	29	0	0	0	29	0	0	0	29	0	0	0	29	0	0	6.061		99.9177	48.6954	0.034738	0	0.347666	0.0291951	15.2911	1		0	12.0705	35.9588	0	0	0	
2024-06-11 12:20:59	1001	2278	1	0	0	0	1	0	0	0	1	0	0	3	1	0	0	0	1	0	0	2.598		99.9283	49.6658	0.077807	0	0.778628	0.271471	14.6768	1		0	12.0705	39.9871	0	0	0	
2024-06-11 12:25:48	1037	2279	5	0	0	3	13	0	0	0	13	0	0	7	13	0	0	0	13	0	0	3.464		99.9185	49.343	0.0566399	0	0.566861	0.102223	14.2468	1		0	12.0705	36.9983	0	0	0	
2024-06-11 12:29:49	1068	2280	9	0	0	6	25	0	0	0	25	0	0	7.75	25	0	0	0	25	0	0	1.515		99.9091	48.8982	0.150681	0	1.50818	0.139079	16.5833	2		0	12.0705	36.0887	0	0	0	
2024-06-11 12:30:47	1074	2281	5	0	0	6	25	0	0	0	25	0	0	6.5	25	0	0	0	25	0	0	0.433		99.9123	48.9142	0.640528	0	6.4109	0.884707	20.1404	1		0	12.0616	35.9588	0	0	0	
2024-06-11 12:33:38	1096	2282	1	0	0	7.75	32	0	0	0	32	0	0	0.75	32	0	0	0	32	0	0	6.061		99.9132	49.1392	0.0364411	0	0.364728	0.169063	16.0416	1		0	12.0705	35.9588	0	0	0	
2024-06-11 12:29:19	1064	2283	5	0	0	5	21	0	0	0	21	0	0	3.75	21	0	0	0	21	0	0	1.082		99.9131	49.591	0.203038	0	2.03215	0.457402	15.9605	1		0	12.0705	36.2187	0	0	0	
2024-06-11 12:25:26	1034	2284	1	0	0	3	13	0	0	0	13	0	0	0.5	13	0	0	0	13	0	0	2.165		99.9171	49.3482	0.0941352	0	0.942133	0.329589	14.799	1		0	12.0705	37.1283	0	0	0	
2024-06-11 12:23:01	1016	2285	5	0	0	1	5	0	0	0	5	0	0	1.5	5	0	0	0	5	0	0	0.433		99.9247	48.9274	0.570437	0	5.70867	0.505447	17.9343	1		0.0088623	12.0705	38.1678	0	0	0	
2024-06-11 12:42:31	1157	2286	1	0	0	2	9	0	0	5.75	9	0	0	3.25	9	0	0	4.5	9	0	0	0.649		99.9187	20.6724	0.234159	0	2.34349	0.0439733	18.4057	1		0	12.0616	35.9588	0	0	0	
2024-06-11 12:26:39	1044	2287	1	0	0	4	17	0	0	0	17	0	0	1.75	17	0	0	0	17	0	0	1.948		99.9144	48.7212	0.0978488	0	0.979327	0.500865	13.8449	1		0	12.0705	36.7384	0	0	0	
2024-06-11 12:36:52	1120	2288	1	0	0	2.5	11	0	0	0	11	0	0	3.25	11	0	0	0	11	0	0	0.649		99.9114	48.2991	0.387656	0	3.87999	0.063707	18.284	2		0	12.0616	35.8288	0	0	0	
2024-06-11 12:33:52	1098	2289	5	0	0	7.75	32	0	0	0	32	0	0	5.5	32	0	0	0	32	0	0	1.948		99.9191	49.1235	0.123095	0	1.23195	0.0278918	17.4162	1		0	12.0705	35.9588	0	0	0	
2024-06-11 12:33:05	1092	2290	5	0	0	7.75	32	0	0	0	32	0	0	4.25	32	0	0	0	32	0	0	3.031		99.9137	49.1304	0.0679168	0	0.679755	0.00683456	14.9486	1		0	12.0616	35.9588	0	0	0	
2024-06-11 12:30:30	1072	2291	1	0	0	6	25	0	0	0	25	0	0	1.5	25	0	0	0	25	0	0	3.897		99.9138	48.7803	0.0511551	0	0.511992	0.0130698	14.4762	2		0	11.973	35.9588	0	0	0	
2024-06-11 12:27:01	1047	2292	5	0	0	4	17	0	0	0	17	0	0	5	17	0	0	0	17	0	0	0.866		99.9163	48.6814	0.279863	0	2.80097	0.348678	17.599	1		0	12.0616	36.6085	0	0	0	
2024-06-11 12:27:30	1051	2293	1	0	0	4	17	0	0	0	17	0	0	3.75	17	0	0	0	17	0	0	0.216		99.916	48.6341	0.864789	0	8.65516	0.253985	13.5955	1		0	11.973	36.4785	0	0	0	
2024-06-11 12:21:22	1004	2294	1	0	0	0	1	0	0	0	1	0	0	1.25	1	0	0	0	1	0	0	1.082		99.9301	49.4533	0.18968	0	1.89813	0.0678885	14.9079	2		0	12.0705	39.4673	0	0	0	
2024-06-11 12:23:46	1022	2295	5	0	0	2	9	0	0	0	9	0	0	5.5	9	0	0	0	9	0	0	3.031		99.9269	48.7217	0.120849	0	1.20938	0.353905	26.5956	2		0	12.0616	37.778	0	0	0	
2024-06-11 12:23:39	1021	2296	9	0	0	2	9	0	0	0	9	0	0	4.25	9	0	0	0	9	0	0	1.948		99.9236	48.7975	0.108674	0	1.08757	0.400906	15.3751	1		0	12.0705	38.0379	0	0	0	
2024-06-11 12:31:31	1080	2297	1	0	0	7	29	0	0	0	29	0	0	3.25	29	0	0	0	29	0	0	3.247		99.9097	48.6824	0.0593184	0	0.59372	0.129425	13.9892	2		0	12.0705	35.9588	0	0	0	
2024-06-11 12:23:15	1018	2298	5	0	0	1	5	0	0	0	5	0	0	2.75	5	0	0	0	5	0	0	1.515		99.9246	48.8922	0.135866	0	1.35969	0.260998	14.9505	1		0	12.0616	38.1678	0	0	0	
2024-06-11 12:20:59	1001	2299	9	0	0	0	1	0	0	0	1	0	0	7	1	0	0	0	1	0	0	6.061		99.9283	49.6658	0.0355672	0	0.355927	0.0998393	15.6545	1		0	12.0705	39.9871	0	0	0	
2024-06-11 12:29:02	1062	2300	1	0	0	5	21	0	0	0	21	0	0	1.25	21	0	0	0	21	0	0	3.247		99.9125	49.5282	0.0701478	0	0.702092	0.363336	16.5427	2		0	12.0705	36.2187	0	0	0	
2024-06-11 12:24:58	1031	2301	1	0	0	2	9	0	0	0	9	0	0	1	9	0	0	0	9	0	0	0.866		99.9212	48.741	0.255636	0	2.55837	0.393559	16.0747	1		0	12.0705	37.3882	0	0	0	
2024-06-11 12:25:48	1037	2302	9	0	0	3	13	0	0	0	13	0	0	7.5	13	0	0	0	13	0	0	3.897		99.9185	49.343	0.0522519	0	0.522945	0.057371	14.7859	1		0	12.0705	36.9983	0	0	0	
2024-06-11 12:25:26	1034	2303	5	0	0	3	13	0	0	0	13	0	0	6.25	13	0	0	0	13	0	0	2.814		99.9171	49.3482	0.0748507	0	0.749127	0.185369	15.2974	1		0	12.0705	37.1283	0	0	0	
2024-06-11 12:32:25	1087	2304	5	0	0	7	29	0	0	0	29	0	0	7.25	29	0	0	0	29	0	0	0.216		99.9115	48.6333	0.946354	0	9.47192	0.239427	14.8785	2		0	12.0705	35.9588	0	0	0	
2024-06-11 12:22:04	1009	2305	9	0	0	1	5	0	0	0	5	0	0	6.75	5	0	0	0	5	0	0	4.979		99.9278	48.8587	0.0497099	0	0.497459	0.394492	17.9723	2		0	11.973	38.9475	0	0	0	
2024-06-11 12:30:20	1071	2306	5	0	0	6	25	0	0	0	25	0	0	5.75	25	0	0	0	25	0	0	0.216		99.9128	48.8324	1.25178	0	12.5287	0.185472	19.68	2		0	12.0616	35.8288	0	0	0	
2024-06-11 12:30:09	1070	2307	5	0	0	6	25	0	0	0	25	0	0	4.5	25	0	0	0	25	0	0	1.299		99.9122	48.85	0.183698	0	1.83859	0.130318	17.3283	2		0	12.0705	36.0887	0	0	0	
2024-06-11 12:34:14	1101	2308	1	0	0	7.75	32	0	0	0	32	0	0	0	32	0	0	0	32	0	0	6.711		99.9189	49.1401	0.0326594	0	0.326859	0.182284	15.9163	1		0	12.0705	35.8288	0	0	0	
2024-06-11 12:29:34	1066	2309	5	0	0	5	21	0	0	0	21	0	0	3	21	0	0	0	21	0	0	1.732		99.9127	49.5732	0.112716	0	1.12814	0.600448	14.1766	1		0	12.0705	35.9588	0	0	0	
2024-06-11 12:22:32	1012	2310	1	0	0	1	5	0	0	0	5	0	0	0.75	5	0	0	0	5	0	0	0.216		99.9246	48.9068	1.06574	0	10.6654	0.568835	16.7532	1		0	12.0705	38.5577	0	0	0	
2024-06-11 12:38:53	1133	2311	1	0	0	5.75	24	0	0	0	24	0	0	2	24	0	0	0	24	0	0	3.247		99.9159	49.2631	0.0634389	0	0.634923	0.915609	14.96	1		0	12.0705	35.9588	0	0	0	
2024-06-11 12:26:53	1046	2312	1	0	0	4	17	0	0	0	17	0	0	1	17	0	0	0	17	0	0	2.598		99.9167	48.6877	0.0750022	0	0.750647	0.0573104	14.1494	1		0	12.0705	36.6085	0	0	0	
2024-06-11 12:33:13	1093	2313	1	0	0	7.75	32	0	0	0	32	0	0	3.5	32	0	0	0	32	0	0	3.68		99.9146	49.0821	0.0548543	0	0.549012	0.136141	14.6606	2		0	12.0705	35.9588	0	0	0	
2024-06-11 12:30:47	1074	2314	1	0	0	6	25	0	0	0	25	0	0	0.75	25	0	0	0	25	0	0	4.546		99.9123	48.9142	0.0517466	0	0.51792	0.676393	17.0845	1		0	12.0616	35.9588	0	0	0	
2024-06-11 12:27:58	1055	2315	1	0	0	4	17	0	0	0	17	0	0	3	17	0	0	0	17	0	0	0.866		99.92	48.6018	0.247801	0	2.47999	0.194905	15.5823	1		0.0088623	12.0705	36.4785	0	0	0	
2024-06-11 12:21:07	1002	2316	1	0	0	0	1	0	0	0	1	0	0	0.5	1	0	0	0	1	0	0	0.433		99.9291	49.7379	0.530005	0	5.30381	0.642347	16.6624	1		0	12.0616	39.8571	0	0	0	
2024-06-11 12:41:29	1151	2317	1	0	0	3.5	15	0	0	4.25	15	0	0	2.75	15	0	0	5	15	0	0	0.389		99.9164	19.5717	0.441522	0	4.41891	0.238815	20.8236	1		0	12.0705	35.9588	0	0	0	
2024-06-11 12:23:46	1022	2318	1	0	0	2	9	0	0	0	9	0	0	3.5	9	0	0	0	9	0	0	1.299		99.9269	48.7217	0.166813	0	1.66935	0.102948	15.7332	2		0	12.0616	37.778	0	0	0	
2024-06-11 12:32:03	1084	2319	1	0	0	7	29	0	0	0	29	0	0	2.5	29	0	0	0	29	0	0	3.897		99.91	48.8005	0.0553146	0	0.553644	0.46548	15.6539	1		0	12.0705	35.9588	0	0	0	
2024-06-11 12:32:36	1088	2320	5	0	0	7	29	0	0	0	29	0	0	2	29	0	0	0	29	0	0	4.33		99.9154	48.6797	0.0463663	0	0.464055	0.677398	14.5787	1		0	12.0616	35.9588	0	0	0	
2024-06-11 12:21:15	1003	2321	9	0	0	0	1	0	0	0	1	0	0	7.5	1	0	0	0	1	0	0	6.494		99.9323	49.6337	0.0361936	0	0.362182	0.0488405	17.0674	1		0	12.0705	39.7272	0	0	0	
2024-06-11 12:20:42	999	2322	5	0	0	0	1	0	0	0	1	0	0	6.25	1	0	0	0	1	0	0	5.412		99.9343	49.7316	0.0408807	0	0.409075	0.00383792	16.0643	2		0	12.0616	40.247	0	0	0	
2024-06-11 12:29:26	1065	2323	1	0	0	5	21	0	0	0	21	0	0	0.5	21	0	0	0	21	0	0	3.897		99.9101	49.5806	0.0617539	0	0.618094	0.836447	17.4762	1		0	12.0705	36.2187	0	0	0	
2024-06-11 12:39:42	1139	2324	1	0	0	1.25	6	0	0	0	6	0	0	0.5	6	0	0	0	6	0	0	0.649		99.9158	48.3831	0.377554	0	3.77873	0.0701321	17.8068	2		0	12.0705	35.8288	0	0	0	
2024-06-11 12:28:55	1061	2325	9	0	0	5	21	0	0	0	21	0	0	7	21	0	0	0	21	0	0	1.732		99.9106	49.6846	0.127586	0	1.277	0.156504	16.0472	1		0	12.0705	36.2187	0	0	0	
2024-06-11 12:24:51	1030	2326	5	0	0	2	9	0	0	0	9	0	0	0.25	9	0	0	0	9	0	0	1.515		99.9233	48.7879	0.135508	0	1.35612	0.322666	14.9113	1		0	11.973	37.3882	0	0	0	
2024-06-11 12:27:01	1047	2327	9	0	0	4	17	0	0	0	17	0	0	7	17	0	0	0	17	0	0	2.598		99.9163	48.6814	0.0715612	0	0.716211	0.146843	13.5003	1		0	12.0616	36.6085	0	0	0	
2024-06-11 12:26:03	1039	2328	5	0	0	3	13	0	0	0	13	0	0	5.5	13	0	0	0	13	0	0	2.165		99.9203	49.3329	0.101645	0	1.01726	0.684774	15.9791	1		0	12.0705	36.9983	0	0	0	
2024-06-11 12:25:41	1036	2329	9	0	0	3	13	0	0	0	13	0	0	4.25	13	0	0	0	13	0	0	1.082		99.9153	49.3619	0.196555	0	1.96722	0.232312	15.4505	1		0	12.0705	36.9983	0	0	0	
2024-06-11 12:31:49	1082	2330	5	0	0	7	29	0	0	0	29	0	0	7.75	29	0	0	0	29	0	0	0.649		99.9113	48.7098	0.384971	0	3.85313	0.944026	18.1574	1		0	12.0616	35.9588	0	0	0	
2024-06-11 12:31:31	1080	2331	9	0	0	7	29	0	0	0	29	0	0	6.5	29	0	0	0	29	0	0	0.433		99.9097	48.6824	0.595771	0	5.9631	0.512822	18.7336	2		0	12.0705	35.9588	0	0	0	
2024-06-11 12:22:47	1014	2332	5	0	0	1	5	0	0	0	5	0	0	6	5	0	0	0	5	0	0	4.33		99.9278	48.9712	0.0589876	0	0.590302	0.356799	18.5449	1		0	12.0616	38.4277	0	0	0	
2024-06-11 12:22:32	1012	2333	9	0	0	1	5	0	0	0	5	0	0	4.75	5	0	0	0	5	0	0	3.247		99.9246	48.9068	0.0751318	0	0.751885	0.424176	17.7159	1		0	12.0705	38.5577	0	0	0	
2024-06-11 12:37:09	1122	2334	9	0	0	4.75	20	0	0	0	20	0	0	5	20	0	0	0	20	0	0	0.216		99.9071	48.5311	1.22645	0	12.2759	0.137697	19.2829	2		0	12.0705	35.8288	0	0	0	
2024-06-11 12:30:20	1071	2335	9	0	0	6	25	0	0	0	25	0	0	5	25	0	0	0	25	0	0	0.866		99.9128	48.8324	0.379365	0	3.79696	0.14126	23.857	2		0	12.0616	35.8288	0	0	0	
2024-06-11 12:31:02	1076	2336	5	0	0	6	25	0	0	0	25	0	0	3.75	25	0	0	0	25	0	0	1.948		99.9126	48.9119	0.101541	0	1.0163	0.433137	14.3675	1		0	12.0705	35.9588	0	0	0	
2024-06-11 12:22:14	1010	2337	1	0	0	1	5	0	0	0	5	0	0	0	5	0	0	0	5	0	0	0.866		99.9265	48.9046	0.252249	0	2.52435	0.831863	15.861	1		0	12.0616	38.8176	0	0	0	
2024-06-11 12:35:49	1113	2338	9	0	0	0.75	4	0	0	0	4	0	0	7	4	0	0	0	4	0	0	5.412		99.9099	49.1366	0.0393332	0	0.393687	0.519653	15.4601	1		0	11.973	35.8288	0	0	0	
2024-06-11 12:27:08	1048	2339	1	0	0	4	17	0	0	0	17	0	0	0.25	17	0	0	0	17	0	0	3.247		99.9192	48.6563	0.0604637	0	0.605126	0.0124764	14.2579	1		0	12.0705	36.6085	0	0	0	
2024-06-11 12:33:52	1098	2340	1	0	0	7.75	32	0	0	0	32	0	0	2.75	32	0	0	0	32	0	0	4.33		99.9191	49.1235	0.0497204	0	0.497606	0.0287787	15.6328	1		0	12.0705	35.9588	0	0	0	
2024-06-11 12:30:09	1070	2341	1	0	0	6	25	0	0	0	25	0	0	0	25	0	0	0	25	0	0	5.195		99.9122	48.85	0.0449968	0	0.450363	0.0641862	16.9783	2		0	12.0705	36.0887	0	0	0	
2024-06-11 12:23:57	1023	2342	1	0	0	2	9	0	0	0	9	0	0	2.75	9	0	0	0	9	0	0	0.649		99.9234	48.8149	0.391255	0	3.91555	0.743513	18.4516	1		0	12.0705	37.6481	0	0	0	
2024-06-11 12:32:43	1089	2343	5	0	0	7	29	0	0	0	29	0	0	1.25	29	0	0	0	29	0	0	4.979		99.9122	48.6836	0.0441711	0	0.442099	0.218582	15.9723	1		0	12.0705	35.9588	0	0	0	
2024-06-11 12:21:07	1002	2344	9	0	0	0	1	0	0	0	1	0	0	5.5	1	0	0	0	1	0	0	4.762		99.9291	49.7379	0.062859	0	0.629036	0.771006	21.7379	1		0	12.0616	39.8571	0	0	0	
2024-06-11 12:20:28	997	2345	5	0	0	0	1	0	0	0	1	0	0	4.25	1	0	0	0	1	0	0	3.68		99.9314	50.0419	0.0598268	0	0.598679	0.526375	15.9868	1		0	12.0705	40.6368	0	0	0	
