Time	MeasID	DPID	Channel	A(x)	A(y)	A(z)	A(adr)	B(x)	B(y)	B(z)	B(adr)	M(x)	M(y)	M(z)	M(adr)	N(x)	N(y)	N(z)	N(adr)	F(x)	F(y)	F(z)	Note	I(mA)	Uout(V)	U(V)	SP(V)	R(Ohm)	Var(%)	Rho-a(Ohm-m)	Cycles	IP Delay Window(mV/V)	Pint(V)	Pext(V)	T int(deg C)	T log(deg C)	Latitude	Longitude
2024-06-21 13:04:42	597	1006	1	0	0	7.75	32	0	0	0	32	0	0	2	32	0	0	0	32	0	0	4.979		99.9608	35.5798	0.0418426	0	0.41859	0.122276	15.1229	1		0	12.0439	40.5069	0	0	0	
2024-06-21 12:59:21	560	1007	5	0	0	5	21	0	0	0	21	0	0	7.5	21	0	0	0	21	0	0	2.165		99.9568	35.7247	0.0896342	0	0.89673	0.00541794	14.0858	1		0	12.0439	40.7668	0	0	0	
2024-06-21 12:59:29	561	1008	5	0	0	5	21	0	0	0	21	0	0	6.25	21	0	0	0	21	0	0	1.082		99.9561	35.6782	0.191698	0	1.91782	0.112087	15.0625	1		0	12.0439	40.7668	0	0	0	
2024-06-21 12:56:47	542	1009	1	0	0	3	13	0	0	0	13	0	0	1.75	13	0	0	0	13	0	0	1.082		99.963	35.7284	0.17321	0	1.73274	0.10067	13.6089	1		0	12.0439	41.2865	0	0	0	
2024-06-21 13:05:09	600	1010	9	0	0	7.75	32	0	0	0	32	0	0	6.75	32	0	0	0	32	0	0	0.866		99.9622	35.5511	0.241661	0	2.41752	0.0330312	15.1897	1		0	12.0439	40.3769	0	0	0	
2024-06-21 13:11:51	647	1011	1	0	0	3.25	14	0	0	0	14	0	0	2.5	14	0	0	0	14	0	0	0.649		99.9562	35.5442	0.296814	0	2.96944	0.0814399	13.9932	1		0	12.0439	40.5069	0	0	0	
2024-06-21 12:58:21	553	1012	9	0	0	4	17	0	0	0	17	0	0	7.5	17	0	0	0	17	0	0	3.031		99.9618	35.0095	0.0654677	0	0.654927	0.161519	14.4026	1		0	12.0439	41.0267	0	0	0	
2024-06-21 12:57:55	550	1013	5	0	0	4	17	0	0	0	17	0	0	6.25	17	0	0	0	17	0	0	1.948		99.9586	35.082	0.101326	0	1.01368	0.0969663	14.3305	1		0	12.0439	40.8967	0	0	0	
2024-06-21 12:56:38	541	1014	1	0	0	3	13	0	0	0	13	0	0	3.5	13	0	0	0	13	0	0	0.433		99.9639	35.7519	0.444626	0	4.44787	0.141625	13.9734	1		0	12.0439	41.4165	0	0	0	
2024-06-21 12:54:28	526	1015	5	0	0	2	9	0	0	0	9	0	0	6.75	9	0	0	0	9	0	0	4.113		99.971	35.3352	0.0531289	0	0.531443	0.187032	15.861	1		0	12.0439	42.1962	0	0	0	
2024-06-21 13:02:58	585	1016	5	0	0	7	29	0	0	0	29	0	0	5.75	29	0	0	0	29	0	0	1.082		99.9561	35.4374	0.191654	0	1.91739	0.197522	15.0591	1		0	12.0439	40.5069	0	0	0	
2024-06-21 13:03:43	590	1017	9	0	0	7	29	0	0	0	29	0	0	4.5	29	0	0	0	29	0	0	2.165		99.9587	35.4024	0.0906732	0	0.907106	0.0927901	14.2488	1		0	12.0439	40.3769	0	0	0	
2024-06-21 12:52:47	514	1018	5	0	0	1	5	0	0	0	5	0	0	5.25	5	0	0	0	5	0	0	3.68		99.9744	34.7465	0.0594546	0	0.594698	0.364372	15.8806	1		0	12.0439	42.9758	0	0	0	
2024-06-21 12:52:18	511	1019	5	0	0	1	5	0	0	0	5	0	0	4	5	0	0	0	5	0	0	2.598		99.9766	34.7189	0.07292	0	0.72937	0.102616	13.7483	1		0	12.0439	43.1058	0	0	0	
2024-06-21 13:10:10	635	1020	1	0	0	4.75	20	0	0	0	20	0	0	3	20	0	0	0	20	0	0	1.515		99.9628	35.3232	0.124531	0	1.24577	0.00949176	13.6979	1		0.0088623	11.9464	40.3769	0	0	0	
2024-06-21 13:01:07	572	1021	1	0	0	6	25	0	0	0	25	0	0	3	25	0	0	0	25	0	0	2.598		99.9588	35.4292	0.0765595	0	0.765911	0.178089	14.4371	1		0	12.0439	40.3769	0	0	0	
2024-06-21 12:55:20	532	1022	5	0	0	2	9	0	0	0	9	0	0	2.25	9	0	0	0	9	0	0	0.216		99.9703	35.0846	0.691556	0	6.91761	0.134013	10.8662	1		0.0088623	12.0439	41.6764	0	0	0	
2024-06-21 13:02:58	585	1023	1	0	0	7	29	0	0	0	29	0	0	0.5	29	0	0	0	29	0	0	5.628		99.9561	35.4374	0.0434036	0	0.434227	0.159478	17.7341	1		0	12.0439	40.5069	0	0	0	
2024-06-21 12:51:49	508	1024	1	0	0	0	1	0	0	0	1	0	0	3.5	1	0	0	0	1	0	0	3.031		99.9721	34.9734	0.067702	0	0.677209	0.31727	14.8926	1		0.0088623	12.0439	43.4956	0	0	0	
2024-06-21 13:11:41	646	1025	1	0	0	1.75	8	0	0	0	8	0	0	0	8	0	0	0	8	0	0	1.515		99.9625	35.5313	0.120188	0	1.20233	0.334661	13.2203	1		0.0088623	12.0439	40.6368	0	0	0	
2024-06-21 13:02:07	579	1026	5	0	0	6	25	0	0	0	25	0	0	7	25	0	0	0	25	0	0	0.866		99.96	35.4966	0.247671	0	2.4777	0.0340892	15.5679	1		0	12.0439	40.6368	0	0	0	
2024-06-21 13:10:53	640	1027	1	0	0	6.5	27	0	0	0	27	0	0	1.25	27	0	0	0	27	0	0	4.546		99.9536	35.3046	0.0523358	0	0.523601	0.701304	17.2719	1		0	12.0439	40.3769	0	0	0	
2024-06-21 13:06:08	607	1028	5	0	0	7.75	32	0	0	0	32	0	0	1.25	32	0	0	0	32	0	0	5.628		99.9585	35.5661	0.0390213	0	0.390375	0.0780354	15.9432	1		0	12.0439	40.5069	0	0	0	
2024-06-21 13:00:13	566	1029	9	0	0	5	21	0	0	0	21	0	0	5.5	21	0	0	0	21	0	0	0.433		99.9614	35.5559	0.463079	0	4.63258	0.190276	14.5537	1		0	12.0439	40.6368	0	0	0	
2024-06-21 13:00:13	566	1030	5	0	0	5	21	0	0	0	21	0	0	4.25	21	0	0	0	21	0	0	0.649		99.9614	35.5559	0.316623	0	3.16746	0.22043	14.9263	1		0	12.0439	40.6368	0	0	0	
2024-06-21 12:57:04	544	1031	5	0	0	3	13	0	0	0	13	0	0	1	13	0	0	0	13	0	0	1.732		99.9612	35.7325	0.104732	0	1.04773	0.12439	13.1661	1		0	12.0439	41.1566	0	0	0	
2024-06-21 12:53:30	519	1032	1	0	0	1	5	0	0	0	5	0	0	2	5	0	0	0	5	0	0	0.866		99.9713	34.7789	0.214485	0	2.14547	0.0615033	13.4804	1		0	12.0439	42.586	0	0	0	
2024-06-21 13:07:19	615	1033	9	0	0	1.75	8	0	0	0	8	0	0	6	8	0	0	0	8	0	0	3.68		99.9548	35.3219	0.0591125	0	0.591393	0.336002	15.7923	1		0	12.0439	40.3769	0	0	0	
2024-06-21 12:59:04	558	1034	1	0	0	4	17	0	0	0	17	0	0	2.25	17	0	0	0	17	0	0	1.515		99.9581	35.0127	0.121894	0	1.21946	0.124157	13.4086	1		0	12.0439	40.6368	0	0	0	
2024-06-21 13:04:51	598	1035	9	0	0	7.75	32	0	0	0	32	0	0	6	32	0	0	0	32	0	0	1.515		99.9621	35.5951	0.13095	0	1.30999	0.198031	14.4041	1		0	12.0439	40.3769	0	0	0	
2024-06-21 13:04:42	597	1036	5	0	0	7.75	32	0	0	0	32	0	0	4.75	32	0	0	0	32	0	0	2.598		99.9608	35.5798	0.0736982	0	0.737271	0.0411905	13.8972	1		0	12.0439	40.5069	0	0	0	
2024-06-21 13:02:16	580	1037	1	0	0	6	25	0	0	0	25	0	0	2	25	0	0	0	25	0	0	3.464		99.9571	35.4045	0.0629818	0	0.630088	0.108839	15.8358	1		0	12.0439	40.3769	0	0	0	
2024-06-21 12:57:38	548	1038	5	0	0	4	17	0	0	0	17	0	0	5.5	17	0	0	0	17	0	0	1.299		99.9677	35.1534	0.15605	0	1.561	0.0450446	14.7121	1		0	12.0439	41.0267	0	0	0	
2024-06-21 12:57:29	547	1039	9	0	0	4	17	0	0	0	17	0	0	4.25	17	0	0	0	17	0	0	0.216		99.9623	35.1866	0.784771	0	7.85067	0.187716	12.3318	1		0	12.0439	41.1566	0	0	0	
2024-06-21 12:51:40	507	1040	1	0	0	0	1	0	0	0	1	0	0	1.75	1	0	0	0	1	0	0	1.515		99.9744	34.9804	0.1206	0	1.20631	0.0283237	13.2641	1		0	12.0439	43.7555	0	0	0	
2024-06-21 13:12:57	655	1041	1	0	0	3.75	16	0	0	4	16	0	0	3.5	16	0	0	4.25	16	0	0	0.13		99.9668	16.6026	0.48642	0	4.86582	0.284009	7.64321	1		0	12.0439	40.3769	0	0	0	
2024-06-21 12:56:56	543	1042	5	0	0	3	13	0	0	0	13	0	0	2.75	13	0	0	0	13	0	0	0.216		99.9674	35.7178	0.690517	0	6.90743	0.149968	10.8502	1		0	12.0439	41.1566	0	0	0	
2024-06-21 12:54:54	529	1043	5	0	0	2	9	0	0	0	9	0	0	6	9	0	0	0	9	0	0	3.464		99.967	35.0997	0.0624683	0	0.624889	0.0568775	15.7052	1		0.0088623	12.0439	41.8063	0	0	0	
2024-06-21 12:55:03	530	1044	5	0	0	2	9	0	0	0	9	0	0	4.75	9	0	0	0	9	0	0	2.381		99.9714	35.1136	0.0818196	0	0.81843	0.117074	14.1415	1		0.0088623	12.0439	41.9363	0	0	0	
2024-06-21 13:03:24	588	1045	9	0	0	7	29	0	0	0	29	0	0	5	29	0	0	0	29	0	0	1.732		99.9535	35.3955	0.113418	0	1.13471	0.0465707	14.2591	1		0	12.0439	40.3769	0	0	0	
2024-06-21 13:04:15	594	1046	5	0	0	7	29	0	0	0	29	0	0	3.75	29	0	0	0	29	0	0	2.814		99.9603	35.4865	0.0707933	0	0.708215	0.132817	14.462	1		0	12.0439	40.5069	0	0	0	
2024-06-21 12:53:04	516	1047	1	0	0	1	5	0	0	0	5	0	0	3.25	5	0	0	0	5	0	0	1.948		99.9752	34.7623	0.0934089	0	0.934321	0.0588683	13.2086	1		0	12.0439	42.8459	0	0	0	
2024-06-21 13:06:50	612	1048	9	0	0	2.75	12	0	0	0	12	0	0	5	12	0	0	0	12	0	0	1.948		99.9507	35.1593	0.0957973	0	0.958445	0.0329277	13.5497	1		0	12.0439	40.3769	0	0	0	
2024-06-21 13:00:58	571	1049	5	0	0	5	21	0	0	0	21	0	0	1.75	21	0	0	0	21	0	0	2.814		99.959	35.5275	0.0712951	0	0.713244	0.0501826	14.5647	1		0	12.0439	40.6368	0	0	0	
2024-06-21 12:55:20	532	1050	1	0	0	2	9	0	0	0	9	0	0	1.5	9	0	0	0	9	0	0	0.433		99.9703	35.0846	0.424258	0	4.24384	0.10362	13.3324	1		0.0088623	12.0439	41.6764	0	0	0	
2024-06-21 12:51:57	509	1051	5	0	0	0	1	0	0	0	1	0	0	2.75	1	0	0	0	1	0	0	2.381		99.9733	34.8911	0.108661	0	1.0869	0.0633807	18.7803	2		0.0088623	12.0439	43.4956	0	0	0	
2024-06-21 13:06:42	611	1052	9	0	0	3.25	14	0	0	0	14	0	0	4.5	14	0	0	0	14	0	0	1.082		99.955	35.6717	0.180184	0	1.80265	0.00772032	14.158	1		0	12.0439	40.5069	0	0	0	
2024-06-21 12:55:54	536	1053	9	0	0	3	13	0	0	0	13	0	0	6.75	13	0	0	0	13	0	0	3.247		99.9644	35.8582	0.064288	0	0.643108	0.144327	15.1529	1		0	12.0439	41.4165	0	0	0	
2024-06-21 12:52:36	513	1054	5	0	0	1	5	0	0	0	5	0	0	7.25	5	0	0	0	5	0	0	5.412		99.9746	34.7246	0.0551239	0	0.551379	0.320704	21.6526	2		0.0088623	12.0439	42.9758	0	0	0	
2024-06-21 13:01:59	578	1055	5	0	0	6	25	0	0	0	25	0	0	7.5	25	0	0	0	25	0	0	1.299		99.9585	35.4105	0.154292	0	1.54356	0.0559151	14.5477	1		0	12.0439	40.5069	0	0	0	
2024-06-21 13:01:41	576	1056	1	0	0	6	25	0	0	0	25	0	0	6.25	25	0	0	0	25	0	0	0.216		99.9637	35.5178	0.760576	0	7.60853	0.21581	11.9514	1		0	12.0439	40.6368	0	0	0	
2024-06-21 13:06:08	607	1057	1	0	0	7.75	32	0	0	0	32	0	0	0.5	32	0	0	0	32	0	0	6.278		99.9585	35.5661	0.0361823	0	0.361974	0.127325	16.489	1		0	12.0439	40.5069	0	0	0	
2024-06-21 13:00:13	566	1058	1	0	0	5	21	0	0	0	21	0	0	3.5	21	0	0	0	21	0	0	1.299		99.9614	35.5559	0.147802	0	1.47859	0.0899969	13.9354	1		0	12.0439	40.6368	0	0	0	
2024-06-21 12:56:30	540	1059	1	0	0	3	13	0	0	0	13	0	0	0.25	13	0	0	0	13	0	0	2.381		99.9608	35.7597	0.0773695	0	0.773999	0.0820542	13.3737	1		0	12.0439	41.4165	0	0	0	
2024-06-21 12:53:45	521	1060	5	0	0	1	5	0	0	0	5	0	0	1.25	5	0	0	0	5	0	0	0.216		99.9717	35.011	0.6893	0	6.89496	0.0882173	10.8306	1		0.0088623	12.0439	42.3261	0	0	0	
2024-06-21 12:59:11	559	1061	1	0	0	4	17	0	0	0	17	0	0	1.5	17	0	0	0	17	0	0	2.165		99.9605	35.1222	0.0854587	0	0.854925	0.223918	13.4291	1		0	12.0439	40.8967	0	0	0	
2024-06-21 13:07:28	616	1062	9	0	0	1.5	7	0	0	0	7	0	0	6.25	7	0	0	0	7	0	0	4.113		99.9572	34.5587	0.0563704	0	0.563946	0.768468	16.831	2		0	12.0439	40.3769	0	0	0	
2024-06-21 13:05:18	601	1063	5	0	0	7.75	32	0	0	0	32	0	0	5.25	32	0	0	0	32	0	0	2.165		99.9581	35.5143	0.0877162	0	0.87753	0.138199	13.7842	1		0	12.0439	40.3769	0	0	0	
2024-06-21 13:05:18	601	1064	9	0	0	7.75	32	0	0	0	32	0	0	4	32	0	0	0	32	0	0	3.247		99.9581	35.5143	0.0591989	0	0.592238	0.303394	13.9543	1		0	12.0439	40.3769	0	0	0	
2024-06-21 13:02:49	584	1065	1	0	0	6	25	0	0	0	25	0	0	1.25	25	0	0	0	25	0	0	4.113		99.9536	35.3463	0.0568584	0	0.568848	0.00211249	16.9773	1		0	12.0439	40.3769	0	0	0	
2024-06-21 12:57:55	550	1066	1	0	0	4	17	0	0	0	17	0	0	3.5	17	0	0	0	17	0	0	0.433		99.9586	35.082	0.472325	0	4.72521	0.08053	14.8447	1		0	12.0439	40.8967	0	0	0	
2024-06-21 12:51:14	504	1067	1	0	0	0	1	0	0	0	1	0	0	1	1	0	0	0	1	0	0	0.866		99.9702	35.1026	0.220236	0	2.20302	0.033215	13.842	1		0.0088623	12.0439	44.1454	0	0	0	
2024-06-21 12:54:46	528	1068	5	0	0	2	9	0	0	0	9	0	0	5.25	9	0	0	0	9	0	0	2.814		99.97	35.1626	0.075114	0	0.751365	0.502317	15.3431	1		0	12.0439	41.9363	0	0	0	
2024-06-21 12:54:37	527	1069	9	0	0	2	9	0	0	0	9	0	0	4	9	0	0	0	9	0	0	1.732		99.9693	35.1894	0.107629	0	1.07662	0.161326	13.5293	1		0	12.0439	42.0662	0	0	0	
2024-06-21 13:11:59	648	1070	1	0	0	3.5	15	0	0	0	15	0	0	2.25	15	0	0	0	15	0	0	1.082		99.9649	34.928	0.174154	0	1.74215	0.154145	13.6828	1		0	12.0439	40.6368	0	0	0	
2024-06-21 13:04:34	596	1071	1	0	0	7	29	0	0	0	29	0	0	3	29	0	0	0	29	0	0	3.464		99.962	35.4108	0.0588577	0	0.588801	0.269176	14.7982	1		0	12.0439	40.3769	0	0	0	
2024-06-21 12:52:36	513	1072	1	0	0	1	5	0	0	0	5	0	0	2.5	5	0	0	0	5	0	0	1.299		99.9746	34.7246	0.141699	0	1.41735	0.00467612	13.3582	2		0.0088623	12.0439	42.9758	0	0	0	
2024-06-21 12:50:30	499	1073	1	0	0	0	1	0	0	0	1	0	0	6.75	1	0	0	0	1	0	0	5.845		99.9759	35.0618	0.0409077	0	0.409175	0.00475541	17.3537	1		0	12.0439	44.7951	0	0	0	
2024-06-21 13:08:40	624	1074	1	0	0	2.75	12	0	0	0	12	0	0	3	12	0	0	0	12	0	0	0.216		99.9597	35.2405	0.691969	0	6.92248	0.127693	10.8738	1		0	12.0439	40.5069	0	0	0	
2024-06-21 13:00:21	567	1075	1	0	0	5	21	0	0	0	21	0	0	1	21	0	0	0	21	0	0	3.464		99.9579	35.5425	0.0609429	0	0.609686	0.0836888	15.3231	1		0	12.0439	40.6368	0	0	0	
2024-06-21 13:14:21	664	1076	1	0	0	0.5	3	0	0	7.25	3	0	0	2.75	3	0	0	5	3	0	0	1.168		99.9617	18.0589	0.0714765	0	0.715039	0.158385	10.1086	2		0	12.0439	40.5069	0	0	0	
2024-06-21 13:09:31	630	1077	9	0	0	6.75	28	0	0	0	28	0	0	7	28	0	0	0	28	0	0	0.216		99.9598	35.2128	0.739369	0	7.39667	0.0524712	11.6187	1		0	12.0439	40.3769	0	0	0	
2024-06-21 12:54:20	525	1078	1	0	0	2	9	0	0	0	9	0	0	0.75	9	0	0	0	9	0	0	1.082		99.9715	35.1935	0.169061	0	1.69109	0.0569705	13.2818	1		0.0088623	12.0439	42.1962	0	0	0	
2024-06-21 12:56:20	539	1079	9	0	0	3	13	0	0	0	13	0	0	6	13	0	0	0	13	0	0	2.598		99.9626	35.7792	0.0764613	0	0.764899	0.0748014	14.418	1		0	12.0439	41.2865	0	0	0	
2024-06-21 12:56:47	542	1080	5	0	0	3	13	0	0	0	13	0	0	4.75	13	0	0	0	13	0	0	1.515		99.963	35.7284	0.125609	0	1.25656	0.0511405	13.8166	1		0	12.0439	41.2865	0	0	0	
2024-06-21 12:53:12	517	1081	5	0	0	1	5	0	0	0	5	0	0	7.75	5	0	0	0	5	0	0	5.845		99.9758	34.9306	0.0388544	0	0.388638	0.263576	16.4827	1		0	12.0439	42.8459	0	0	0	
2024-06-21 12:52:18	511	1082	9	0	0	1	5	0	0	0	5	0	0	6.5	5	0	0	0	5	0	0	4.762		99.9766	34.7189	0.0502948	0	0.503066	0.294364	17.3847	1		0	12.0439	43.1058	0	0	0	
2024-06-21 13:01:41	576	1083	5	0	0	6	25	0	0	0	25	0	0	5.5	25	0	0	0	25	0	0	0.433		99.9637	35.5178	0.471427	0	4.71598	0.231213	14.8157	1		0	12.0439	40.6368	0	0	0	
2024-06-21 13:01:25	574	1084	9	0	0	6	25	0	0	0	25	0	0	4.25	25	0	0	0	25	0	0	1.515		99.9588	35.4281	0.131956	0	1.32011	0.0798495	14.5153	1		0.0088623	12.0439	40.5069	0	0	0	
2024-06-21 13:00:30	568	1085	1	0	0	5	21	0	0	0	21	0	0	2.75	21	0	0	0	21	0	0	1.948		99.9542	35.5403	0.095725	0	0.957689	0.195154	13.539	1		0	12.0439	40.6368	0	0	0	
2024-06-21 12:53:30	519	1086	5	0	0	1	5	0	0	0	5	0	0	0.5	5	0	0	0	5	0	0	0.433		99.9713	34.7789	0.442721	0	4.42848	0.182498	13.9125	1		0	12.0439	42.586	0	0	0	
2024-06-21 12:58:55	557	1087	1	0	0	4	17	0	0	0	17	0	0	0.75	17	0	0	0	17	0	0	2.814		99.9539	35.0512	0.0685622	0	0.685938	0.193129	14.0071	1		0	12.0439	40.8967	0	0	0	
2024-06-21 13:04:51	598	1088	1	0	0	7.75	32	0	0	0	32	0	0	3.25	32	0	0	0	32	0	0	3.897		99.9621	35.5951	0.0501894	0	0.502084	0.10181	14.1961	1		0	12.0439	40.3769	0	0	0	
2024-06-21 13:13:30	659	1089	1	0	0	2.75	12	0	0	5	12	0	0	0.5	12	0	0	7.25	12	0	0	1.168		99.9621	17.7972	0.0717027	0	0.717299	0.0147908	10.1406	1		0.0088623	12.0439	40.6368	0	0	0	
2024-06-21 13:07:39	617	1090	9	0	0	1.25	6	0	0	0	6	0	0	6.5	6	0	0	0	6	0	0	4.546		99.9543	35.1977	0.0512182	0	0.512416	0.114146	16.9029	1		0	12.0439	40.3769	0	0	0	
2024-06-21 13:02:24	581	1091	5	0	0	6	25	0	0	0	25	0	0	0.5	25	0	0	0	25	0	0	4.762		99.9586	35.4831	0.0523417	0	0.523634	0.112253	18.0955	1		0	12.0439	40.6368	0	0	0	
2024-06-21 12:58:46	556	1092	1	0	0	4	17	0	0	0	17	0	0	2.75	17	0	0	0	17	0	0	1.082		99.9613	35.1755	0.176951	0	1.77019	0.0719674	13.9031	1		0.0088623	12.0439	41.0267	0	0	0	
2024-06-21 12:51:24	505	1093	1	0	0	0	1	0	0	0	1	0	0	0.25	1	0	0	0	1	0	0	0.216		99.9737	35.0184	0.69395	0	6.94133	0.0106681	10.9034	1		0	12.0439	43.8855	0	0	0	
2024-06-21 12:55:29	533	1094	5	0	0	2	9	0	0	0	9	0	0	3.25	9	0	0	0	9	0	0	1.082		99.9683	35.0969	0.174834	0	1.74889	0.150363	13.7358	1		0	12.0439	41.6764	0	0	0	
2024-06-21 13:03:32	589	1095	1	0	0	7	29	0	0	0	29	0	0	1.75	29	0	0	0	29	0	0	4.546		99.9605	35.5048	0.0499525	0	0.499722	0.514179	16.4842	1		0	12.0439	40.5069	0	0	0	
2024-06-21 12:50:14	498	1096	9	0	0	0	1	0	0	0	1	0	0	6	1	0	0	0	1	0	0	5.195		99.9723	35.0703	0.0478298	0	0.47843	0.190064	18.0364	2		0	12.0084	45.1849	0	0	0	
2024-06-21 12:51:24	505	1097	5	0	0	0	1	0	0	0	1	0	0	4.75	1	0	0	0	1	0	0	4.113		99.9737	35.0184	0.0519409	0	0.519546	0.150505	15.5059	1		0	12.0439	43.8855	0	0	0	
2024-06-21 13:11:10	642	1098	1	0	0	7.25	30	0	0	0	30	0	0	0.5	30	0	0	0	30	0	0	5.845		99.9565	35.4736	0.0472734	0	0.47294	0.764025	20.0581	1		0.0088623	12.0439	40.6368	0	0	0	
2024-06-21 12:59:29	561	1099	1	0	0	5	21	0	0	0	21	0	0	0.25	21	0	0	0	21	0	0	4.113		99.9561	35.6782	0.0511306	0	0.511531	0.0949669	15.2667	1		0	12.0439	40.7668	0	0	0	
2024-06-21 12:59:47	563	1100	9	0	0	5	21	0	0	0	21	0	0	6.75	21	0	0	0	21	0	0	1.515		99.9592	35.6051	0.134881	0	1.34936	0.0702825	14.837	1		0	12.0439	40.6368	0	0	0	
2024-06-21 12:57:12	545	1101	5	0	0	3	13	0	0	0	13	0	0	2.25	13	0	0	0	13	0	0	0.649		99.9647	35.8492	0.29599	0	2.96095	0.0693061	13.9531	1		0	12.0439	41.2865	0	0	0	
2024-06-21 12:54:02	523	1102	1	0	0	2	9	0	0	0	9	0	0	0	9	0	0	0	9	0	0	1.732		99.9656	35.1974	0.123615	0	1.23658	0.380529	15.5393	1		0	12.0439	42.3261	0	0	0	
2024-06-21 13:09:39	631	1103	9	0	0	6.5	27	0	0	0	27	0	0	7.25	27	0	0	0	27	0	0	0.649		99.954	35.3308	0.321128	0	3.21275	0.381773	15.1397	1		0	12.0439	40.3769	0	0	0	
2024-06-21 13:05:26	602	1104	9	0	0	7.75	32	0	0	0	32	0	0	7.25	32	0	0	0	32	0	0	0.433		99.9582	35.5082	0.45521	0	4.554	0.355549	14.3068	1		0	12.0439	40.3769	0	0	0	
2024-06-21 13:11:18	643	1105	1	0	0	7.5	31	0	0	0	31	0	0	0.25	31	0	0	0	31	0	0	6.278		99.9595	35.4467	0.0364867	0	0.365014	0.365604	16.6275	1		0	12.0439	40.6368	0	0	0	
2024-06-21 13:08:15	621	1106	1	0	0	0.75	4	0	0	0	4	0	0	1	4	0	0	0	4	0	0	0.216		99.9571	35.412	0.700892	0	7.01193	0.0663604	11.0143	1		0	12.0439	40.5069	0	0	0	
2024-06-21 13:10:27	637	1107	1	0	0	5.5	23	0	0	0	23	0	0	2.25	23	0	0	0	23	0	0	2.814		99.9633	35.1176	0.077255	0	0.772834	0.075305	15.7815	1		0	12.0439	40.3769	0	0	0	
2024-06-21 12:58:21	553	1108	5	0	0	4	17	0	0	0	17	0	0	6.75	17	0	0	0	17	0	0	2.381		99.9618	35.0095	0.0838846	0	0.839166	0.0193866	14.4997	1		0	12.0439	41.0267	0	0	0	
2024-06-21 12:56:03	537	1109	5	0	0	3	13	0	0	0	13	0	0	5.25	13	0	0	0	13	0	0	1.948		99.9685	35.834	0.0985845	0	0.986155	0.107548	13.9414	1		0.0088623	12.0439	41.2865	0	0	0	
2024-06-21 12:56:38	541	1110	9	0	0	3	13	0	0	0	13	0	0	4	13	0	0	0	13	0	0	0.866		99.9639	35.7519	0.231731	0	2.31815	0.0878968	14.5654	1		0	12.0439	41.4165	0	0	0	
2024-06-21 12:54:11	524	1111	5	0	0	2	9	0	0	0	9	0	0	7.25	9	0	0	0	9	0	0	4.546		99.9722	35.198	0.0528152	0	0.528299	0.00848131	17.4268	1		0	12.0439	42.1962	0	0	0	
2024-06-21 13:03:32	589	1112	9	0	0	7	29	0	0	0	29	0	0	7.5	29	0	0	0	29	0	0	0.433		99.9605	35.5048	0.444952	0	4.45127	0.105552	13.9841	1		0	12.0439	40.5069	0	0	0	
2024-06-21 13:03:16	587	1113	5	0	0	7	29	0	0	0	29	0	0	6.25	29	0	0	0	29	0	0	0.649		99.9587	35.4161	0.327249	0	3.27384	0.191605	15.4276	1		0	12.0439	40.5069	0	0	0	
2024-06-21 12:52:26	512	1114	9	0	0	1	5	0	0	0	5	0	0	5.75	5	0	0	0	5	0	0	4.113		99.9753	34.7584	0.0523355	0	0.523484	0.00509355	15.6235	1		0	12.0439	43.2357	0	0	0	
2024-06-21 12:52:36	513	1115	9	0	0	1	5	0	0	0	5	0	0	4.5	5	0	0	0	5	0	0	3.031		99.9746	34.7246	0.0679113	0	0.679285	0.0317652	14.9383	2		0.0088623	12.0439	42.9758	0	0	0	
2024-06-21 13:02:32	582	1116	1	0	0	6	25	0	0	0	25	0	0	3.5	25	0	0	0	25	0	0	2.165		99.9599	35.5216	0.0885609	0	0.885965	0.0636729	13.9167	1		0	12.0439	40.6368	0	0	0	
2024-06-21 12:58:37	555	1117	1	0	0	4	17	0	0	0	17	0	0	0	17	0	0	0	17	0	0	3.464		99.9617	35.1319	0.0600294	0	0.600524	0.102417	15.0928	1		0	12.0439	41.0267	0	0	0	
2024-06-21 13:06:17	608	1118	1	0	0	7.75	32	0	0	0	32	0	0	2.5	32	0	0	0	32	0	0	4.546		99.9534	35.4574	0.045438	0	0.454592	0.302188	14.9955	1		0.0088623	12.0439	40.117	0	0	0	
2024-06-21 12:54:54	529	1119	1	0	0	2	9	0	0	0	9	0	0	2.5	9	0	0	0	9	0	0	0.433		99.967	35.0997	0.424382	0	4.24523	0.146823	13.3368	1		0.0088623	12.0439	41.8063	0	0	0	
2024-06-21 13:03:51	591	1120	1	0	0	7	29	0	0	0	29	0	0	1	29	0	0	0	29	0	0	5.195		99.9572	35.3849	0.0458343	0	0.458539	0.193781	17.2865	1		0.0088623	12.0439	40.3769	0	0	0	
2024-06-21 12:50:49	501	1121	9	0	0	0	1	0	0	0	1	0	0	5.25	1	0	0	0	1	0	0	4.546		99.9707	35.0012	0.049461	0	0.494755	0.151681	16.3203	1		0.0088623	12.0439	44.5352	0	0	0	
2024-06-21 12:50:57	502	1122	9	0	0	0	1	0	0	0	1	0	0	4	1	0	0	0	1	0	0	3.464		99.9696	35.0081	0.0601797	0	0.60198	0.0229817	15.1294	1		0	12.0439	44.2753	0	0	0	
2024-06-21 13:06:17	608	1123	5	0	0	7.75	32	0	0	0	32	0	0	1.75	32	0	0	0	32	0	0	5.195		99.9534	35.4574	0.0408586	0	0.408777	0.206347	15.4105	1		0.0088623	12.0439	40.117	0	0	0	
2024-06-21 13:00:21	567	1124	5	0	0	5	21	0	0	0	21	0	0	6	21	0	0	0	21	0	0	0.866		99.9579	35.5425	0.241297	0	2.41399	0.179064	15.1675	1		0	12.0439	40.6368	0	0	0	
2024-06-21 12:59:38	562	1125	9	0	0	5	21	0	0	0	21	0	0	4.75	21	0	0	0	21	0	0	0.216		99.956	35.6229	0.719613	0	7.1993	0.0352951	11.3086	1		0	12.0439	40.6368	0	0	0	
2024-06-21 12:57:04	544	1126	1	0	0	3	13	0	0	0	13	0	0	1.5	13	0	0	0	13	0	0	1.299		99.9612	35.7325	0.140472	0	1.40526	0.138551	13.2443	1		0	12.0439	41.1566	0	0	0	
2024-06-21 13:05:09	600	1127	5	0	0	7.75	32	0	0	0	32	0	0	6.5	32	0	0	0	32	0	0	1.082		99.9622	35.5511	0.188964	0	1.89035	0.0650502	14.8468	1		0	12.0439	40.3769	0	0	0	
2024-06-21 13:07:10	614	1128	9	0	0	2.25	10	0	0	0	10	0	0	5.5	10	0	0	0	10	0	0	2.814		99.9566	35.546	0.0772505	0	0.77284	0.0639573	15.7817	1		0	12.0439	40.117	0	0	0	
2024-06-21 13:13:22	658	1129	1	0	0	3	13	0	0	4.75	13	0	0	1.25	13	0	0	6.5	13	0	0	0.908		99.9645	18.0703	0.0956941	0	0.95728	0.543504	10.5258	1		0	12.0439	40.6368	0	0	0	
2024-06-21 12:58:03	551	1130	5	0	0	4	17	0	0	0	17	0	0	6	17	0	0	0	17	0	0	1.732		99.9625	35.2277	0.1135	0	1.13543	0.187706	14.2682	1		0	12.0439	41.1566	0	0	0	
2024-06-21 12:57:47	549	1131	9	0	0	4	17	0	0	0	17	0	0	4.75	17	0	0	0	17	0	0	0.649		99.9638	35.1048	0.331521	0	3.31641	0.048575	15.6282	1		0	12.0439	41.1566	0	0	0	
2024-06-21 12:52:10	510	1132	1	0	0	0	1	0	0	0	1	0	0	2.25	1	0	0	0	1	0	0	1.948		99.9764	34.9236	0.102695	0	1.02719	0.182308	14.5216	1		0.0088623	12.0439	43.3657	0	0	0	
2024-06-21 13:13:14	657	1133	1	0	0	3.25	14	0	0	4.5	14	0	0	2	14	0	0	5.75	14	0	0	0.649		99.9624	17.9317	0.157129	0	1.57188	0.908906	12.3455	1		0	11.9641	40.6368	0	0	0	
2024-06-21 12:56:12	538	1134	1	0	0	3	13	0	0	0	13	0	0	3.25	13	0	0	0	13	0	0	0.216		99.9648	35.8041	0.70921	0	7.0946	0.120635	11.1442	1		0	12.0439	41.2865	0	0	0	
2024-06-21 12:54:37	527	1135	5	0	0	2	9	0	0	0	9	0	0	7.75	9	0	0	0	9	0	0	4.979		99.9693	35.1894	0.0429474	0	0.429605	0.257872	15.5209	1		0	12.0439	42.0662	0	0	0	
2024-06-21 12:54:20	525	1136	9	0	0	2	9	0	0	0	9	0	0	6.5	9	0	0	0	9	0	0	3.897		99.9715	35.1935	0.0550176	0	0.550333	0.106094	15.5603	1		0.0088623	12.0439	42.1962	0	0	0	
2024-06-21 13:02:58	585	1137	9	0	0	7	29	0	0	0	29	0	0	5.5	29	0	0	0	29	0	0	1.299		99.9561	35.4374	0.156044	0	1.56112	0.174145	14.7132	1		0	12.0439	40.5069	0	0	0	
2024-06-21 13:03:58	592	1138	5	0	0	7	29	0	0	0	29	0	0	4.25	29	0	0	0	29	0	0	2.381		99.9618	35.4988	0.0830951	0	0.831268	0.229095	14.3633	1		0	12.0439	40.5069	0	0	0	
2024-06-21 12:53:04	516	1139	9	0	0	1	5	0	0	0	5	0	0	5	5	0	0	0	5	0	0	3.464		99.9752	34.7623	0.060907	0	0.609221	0.287602	15.3114	1		0	12.0439	42.8459	0	0	0	
2024-06-21 12:52:55	515	1140	1	0	0	1	5	0	0	0	5	0	0	3.75	5	0	0	0	5	0	0	2.381		99.9723	34.7505	0.0802138	0	0.80236	0.188494	13.8638	1		0	12.0439	42.7159	0	0	0	
2024-06-21 13:02:16	580	1141	5	0	0	6	25	0	0	0	25	0	0	2.75	25	0	0	0	25	0	0	2.814		99.9571	35.4045	0.0709228	0	0.709532	0.128496	14.4889	1		0	12.0439	40.3769	0	0	0	
2024-06-21 13:00:49	570	1142	5	0	0	5	21	0	0	0	21	0	0	2.25	21	0	0	0	21	0	0	2.381		99.9613	35.6166	0.0796902	0	0.79721	0.147624	13.7748	1		0	12.0439	40.6368	0	0	0	
2024-06-21 13:04:23	595	1143	1	0	0	7	29	0	0	0	29	0	0	0.25	29	0	0	0	29	0	0	5.845		99.9612	35.5197	0.0406827	0	0.406985	0.139398	17.2608	1		0	12.0439	40.247	0	0	0	
2024-06-21 12:50:14	498	1144	1	0	0	0	1	0	0	0	1	0	0	3.25	1	0	0	0	1	0	0	2.814		99.9723	35.0703	0.0689608	0	0.689799	0.0193632	14.0859	2		0	12.0084	45.1849	0	0	0	
2024-06-21 12:55:46	535	1145	5	0	0	3	13	0	0	0	13	0	0	7.25	13	0	0	0	13	0	0	3.68		99.9675	35.8822	0.0639039	0	0.639247	0.69289	17.0701	1		0	12.0439	41.5464	0	0	0	
2024-06-21 13:01:50	577	1146	5	0	0	6	25	0	0	0	25	0	0	6.75	25	0	0	0	25	0	0	0.649		99.9583	35.4169	0.337222	0	3.37363	0.201471	15.8979	1		0	12.0439	40.5069	0	0	0	
2024-06-21 13:06:25	609	1147	9	0	0	3.75	16	0	0	0	16	0	0	4	16	0	0	0	16	0	0	0.216		99.9561	35.4472	0.770254	0	7.70592	0.0674548	12.1044	1		0	12.0439	40.5069	0	0	0	
2024-06-21 13:05:42	604	1148	1	0	0	7.75	32	0	0	0	32	0	0	1	32	0	0	0	32	0	0	5.845		99.9608	35.6455	0.0378656	0	0.378805	0.275846	16.0657	1		0	12.0439	40.5069	0	0	0	
2024-06-21 12:59:38	562	1149	5	0	0	5	21	0	0	0	21	0	0	5.25	21	0	0	0	21	0	0	0.216		99.956	35.6229	0.73552	0	7.35843	0.1081	11.5586	1		0	12.0439	40.6368	0	0	0	
2024-06-21 12:59:56	564	1150	9	0	0	5	21	0	0	0	21	0	0	4	21	0	0	0	21	0	0	0.866		99.9627	35.5998	0.23929	0	2.3938	0.0348704	15.0407	1		0	12.0439	40.7668	0	0	0	
2024-06-21 12:56:03	537	1151	1	0	0	3	13	0	0	0	13	0	0	0.75	13	0	0	0	13	0	0	1.948		99.9685	35.834	0.0934911	0	0.935205	0.0334075	13.2212	1		0.0088623	12.0439	41.2865	0	0	0	
2024-06-21 12:52:26	512	1152	1	0	0	1	5	0	0	0	5	0	0	1.75	5	0	0	0	5	0	0	0.649		99.9753	34.7584	0.296761	0	2.96834	0.136371	13.988	1		0	12.0439	43.2357	0	0	0	
2024-06-21 12:57:47	549	1153	1	0	0	4	17	0	0	0	17	0	0	2	17	0	0	0	17	0	0	1.732		99.9638	35.1048	0.10706	0	1.07099	0.0971053	13.4584	1		0	12.0439	41.1566	0	0	0	
2024-06-21 13:04:51	598	1154	5	0	0	7.75	32	0	0	0	32	0	0	5.75	32	0	0	0	32	0	0	1.732		99.9621	35.5951	0.112523	0	1.12566	0.0918733	14.1455	1		0	12.0439	40.3769	0	0	0	
2024-06-21 13:04:42	597	1155	9	0	0	7.75	32	0	0	0	32	0	0	4.5	32	0	0	0	32	0	0	2.814		99.9608	35.5798	0.0681706	0	0.681973	0.0385826	13.9261	1		0	12.0439	40.5069	0	0	0	
2024-06-21 13:08:56	626	1156	1	0	0	2.25	10	0	0	0	10	0	0	3.5	10	0	0	0	10	0	0	1.082		99.9618	35.717	0.174135	0	1.74201	0.016907	13.6817	1		0	12.0439	40.3769	0	0	0	
2024-06-21 13:08:08	620	1157	9	0	0	0.25	2	0	0	0	2	0	0	7.5	2	0	0	0	2	0	0	6.278		99.9551	34.9703	0.0373396	0	0.373564	0.0302143	17.017	1		0	12.0439	40.117	0	0	0	
2024-06-21 13:02:32	582	1158	5	0	0	6	25	0	0	0	25	0	0	1.75	25	0	0	0	25	0	0	3.68		99.9599	35.5216	0.0619166	0	0.619414	0.350871	16.5405	1		0	12.0439	40.6368	0	0	0	
2024-06-21 12:58:03	551	1159	9	0	0	4	17	0	0	0	17	0	0	5.25	17	0	0	0	17	0	0	1.082		99.9625	35.2277	0.189878	0	1.8995	0.119396	14.9186	1		0	12.0439	41.1566	0	0	0	
2024-06-21 12:50:49	501	1160	1	0	0	0	1	0	0	0	1	0	0	1.5	1	0	0	0	1	0	0	1.299		99.9707	35.0012	0.141097	0	1.41138	0.0217873	13.302	1		0.0088623	12.0439	44.5352	0	0	0	
2024-06-21 12:57:20	546	1161	1	0	0	3	13	0	0	0	13	0	0	2.5	13	0	0	0	13	0	0	0.433		99.963	35.9152	0.425074	0	4.25231	0.16479	13.359	1		0	12.0439	41.2865	0	0	0	
2024-06-21 12:54:46	528	1162	9	0	0	2	9	0	0	0	9	0	0	5.75	9	0	0	0	9	0	0	3.247		99.97	35.1626	0.0645078	0	0.645271	0.290617	15.2038	1		0	12.0439	41.9363	0	0	0	
2024-06-21 12:54:02	523	1163	9	0	0	2	9	0	0	0	9	0	0	4.5	9	0	0	0	9	0	0	2.165		99.9656	35.1974	0.0883814	0	0.884119	0.0435289	13.8877	1		0	12.0439	42.3261	0	0	0	
2024-06-21 13:03:58	592	1164	1	0	0	7	29	0	0	0	29	0	0	3.5	29	0	0	0	29	0	0	3.031		99.9618	35.4988	0.0655667	0	0.655917	0.259618	14.4244	1		0	12.0439	40.5069	0	0	0	
2024-06-21 12:53:12	517	1165	1	0	0	1	5	0	0	0	5	0	0	3	5	0	0	0	5	0	0	1.732		99.9758	34.9306	0.105138	0	1.05163	0.129189	13.2152	1		0	12.0439	42.8459	0	0	0	
2024-06-21 12:51:14	504	1166	5	0	0	0	1	0	0	0	1	0	0	7.25	1	0	0	0	1	0	0	6.278		99.9702	35.1026	0.0403618	0	0.403738	0.477974	18.3915	1		0.0088623	12.0439	44.1454	0	0	0	
2024-06-21 12:59:21	560	1167	1	0	0	5	21	0	0	0	21	0	0	1.5	21	0	0	0	21	0	0	3.031		99.9568	35.7247	0.0661142	0	0.661427	0.154185	14.5455	1		0	12.0439	40.7668	0	0	0	
2024-06-21 12:54:28	526	1168	1	0	0	2	9	0	0	0	9	0	0	1.25	9	0	0	0	9	0	0	0.649		99.971	35.3352	0.287394	0	2.87478	0.00955953	13.5471	1		0	12.0439	42.1962	0	0	0	
2024-06-21 13:11:33	645	1169	1	0	0	1.5	7	0	0	0	7	0	0	0.25	7	0	0	0	7	0	0	1.082		99.9586	34.7845	0.17096	0	1.71031	0.0328482	13.4328	1		0.0088623	12.0439	40.5069	0	0	0	
2024-06-21 12:50:40	500	1170	1	0	0	0	1	0	0	0	1	0	0	2.5	1	0	0	0	1	0	0	2.165		99.9724	35.0327	0.0878195	0	0.878437	0.194438	13.7985	1		0.0088623	12.0439	44.7951	0	0	0	
2024-06-21 13:10:45	639	1171	1	0	0	6.25	26	0	0	0	26	0	0	1.5	26	0	0	0	26	0	0	4.113		99.9566	35.4972	0.056136	0	0.561604	0.999201	16.7611	1		0.0088623	12.0439	40.3769	0	0	0	
2024-06-21 13:12:40	653	1172	9	0	0	7.25	30	0	0	0	30	0	0	6.5	30	0	0	0	30	0	0	0.649		99.9605	35.472	0.316295	0	3.1642	0.0730239	14.9109	1		0	12.0439	40.6368	0	0	0	
2024-06-21 12:56:20	539	1173	5	0	0	3	13	0	0	0	13	0	0	7.75	13	0	0	0	13	0	0	4.113		99.9626	35.7792	0.0495775	0	0.495961	0.106266	14.802	1		0	12.0439	41.2865	0	0	0	
2024-06-21 12:56:30	540	1174	9	0	0	3	13	0	0	0	13	0	0	6.5	13	0	0	0	13	0	0	3.031		99.9608	35.7597	0.0676606	0	0.676871	0.0239829	14.8852	1		0	12.0439	41.4165	0	0	0	
2024-06-21 12:53:04	516	1175	5	0	0	1	5	0	0	0	5	0	0	7	5	0	0	0	5	0	0	5.195		99.9752	34.7623	0.0450962	0	0.451074	0.284608	17.0051	1		0	12.0439	42.8459	0	0	0	
2024-06-21 13:01:07	572	1176	5	0	0	6	25	0	0	0	25	0	0	4.75	25	0	0	0	25	0	0	1.082		99.9588	35.4292	0.18935	0	1.89428	0.342155	14.8776	1		0	12.0439	40.3769	0	0	0	
2024-06-21 13:06:00	606	1177	1	0	0	7.75	32	0	0	0	32	0	0	0.25	32	0	0	0	32	0	0	6.494		99.9531	35.4616	0.0342308	0	0.342469	0.297772	16.1384	1		0	12.0439	40.3769	0	0	0	
2024-06-21 13:00:49	570	1178	1	0	0	5	21	0	0	0	21	0	0	3.25	21	0	0	0	21	0	0	1.515		99.9613	35.6166	0.123987	0	1.24035	0.0953906	13.6384	1		0	12.0439	40.6368	0	0	0	
2024-06-21 12:56:20	539	1179	1	0	0	3	13	0	0	0	13	0	0	0	13	0	0	0	13	0	0	2.598		99.9626	35.7792	0.0749545	0	0.749826	0.23429	14.1339	1		0	12.0439	41.2865	0	0	0	
2024-06-21 13:06:34	610	1180	9	0	0	3.5	15	0	0	0	15	0	0	4.25	15	0	0	0	15	0	0	0.649		99.9547	34.8425	0.317784	0	3.17928	0.045845	14.982	1		0.0088623	12.0439	40.3769	0	0	0	
2024-06-21 12:58:03	551	1181	1	0	0	4	17	0	0	0	17	0	0	1.25	17	0	0	0	17	0	0	2.381		99.9625	35.2277	0.0795441	0	0.79574	0.177534	13.7494	1		0	12.0439	41.1566	0	0	0	
2024-06-21 13:05:00	599	1182	5	0	0	7.75	32	0	0	0	32	0	0	5	32	0	0	0	32	0	0	2.381		99.9629	35.5634	0.0797709	0	0.798006	0.26511	13.7885	1		0	12.0439	40.3769	0	0	0	
2024-06-21 13:05:34	603	1183	1	0	0	7.75	32	0	0	0	32	0	0	3.75	32	0	0	0	32	0	0	3.464		99.9629	35.6126	0.0559992	0	0.5602	0.292636	14.0794	1		0	12.0439	40.5069	0	0	0	
2024-06-21 13:14:12	663	1184	1	0	0	1.25	6	0	0	6.5	6	0	0	3	6	0	0	4.75	6	0	0	0.908		99.9646	17.9278	0.0959622	0	0.959962	0.415662	10.5553	1		0	12.0439	40.6368	0	0	0	
2024-06-21 13:02:41	583	1185	5	0	0	6	25	0	0	0	25	0	0	1	25	0	0	0	25	0	0	4.33		99.9578	35.4034	0.0548949	0	0.549181	0.0792693	17.253	1		0	12.0439	40.5069	0	0	0	
2024-06-21 12:58:30	554	1186	1	0	0	4	17	0	0	0	17	0	0	3.25	17	0	0	0	17	0	0	0.649		99.9621	35.0134	0.31829	0	3.18411	0.0750164	15.0047	1		0	12.0439	40.8967	0	0	0	
2024-06-21 12:51:49	508	1187	5	0	0	0	1	0	0	0	1	0	0	0.75	1	0	0	0	1	0	0	0.649		99.9721	34.9734	0.318662	0	3.18751	0.00788645	15.0208	1		0.0088623	12.0439	43.4956	0	0	0	
2024-06-21 13:13:39	660	1188	1	0	0	3.5	15	0	0	4.25	15	0	0	3.75	15	0	0	4	15	0	0	0.13		99.9625	17.1247	0.475496	0	4.75674	0.0289296	7.47187	1		0	12.0439	40.6368	0	0	0	
2024-06-21 12:54:28	526	1189	9	0	0	2	9	0	0	0	9	0	0	5	9	0	0	0	9	0	0	2.598		99.971	35.3352	0.0759141	0	0.759362	0.15508	14.3136	1		0	12.0439	42.1962	0	0	0	
2024-06-21 12:55:29	533	1190	1	0	0	2	9	0	0	0	9	0	0	3.75	9	0	0	0	9	0	0	1.515		99.9683	35.0969	0.126654	0	1.26694	0.00694475	13.9307	1		0	12.0439	41.6764	0	0	0	
2024-06-21 13:04:34	596	1191	5	0	0	7	29	0	0	0	29	0	0	2.75	29	0	0	0	29	0	0	3.68		99.962	35.4108	0.056088	0	0.561093	0.273055	14.9832	1		0	12.0439	40.3769	0	0	0	
2024-06-21 13:04:07	593	1192	1	0	0	7	29	0	0	0	29	0	0	2.25	29	0	0	0	29	0	0	4.113		99.9561	35.3976	0.0517757	0	0.517984	0.046854	15.4593	1		0	12.0439	40.3769	0	0	0	
2024-06-21 12:50:14	498	1193	5	0	0	0	1	0	0	0	1	0	0	7.75	1	0	0	0	1	0	0	6.711		99.9723	35.0703	0.0350703	0	0.3508	0.00411414	17.0821	2		0	12.0084	45.1849	0	0	0	
2024-06-21 12:50:57	502	1194	5	0	0	0	1	0	0	0	1	0	0	6.5	1	0	0	0	1	0	0	5.628		99.9696	35.0081	0.0418823	0	0.418951	0.0294889	17.1102	1		0	12.0439	44.2753	0	0	0	
2024-06-21 13:00:38	569	1195	5	0	0	5	21	0	0	0	21	0	0	0.75	21	0	0	0	21	0	0	3.68		99.9581	35.489	0.0579284	0	0.579527	0.0894915	15.4754	2		0	12.0439	40.6368	0	0	0	
2024-06-21 12:59:47	563	1196	5	0	0	5	21	0	0	0	21	0	0	7.25	21	0	0	0	21	0	0	1.948		99.9592	35.6051	0.109535	0	1.0958	0.423075	15.4914	1		0	12.0439	40.6368	0	0	0	
2024-06-21 13:12:32	652	1197	9	0	0	5.75	24	0	0	0	24	0	0	4	24	0	0	0	24	0	0	1.515		99.9556	35.565	0.128791	0	1.28848	0.118491	14.1676	1		0	12.0439	40.3769	0	0	0	
2024-06-21 13:09:14	628	1198	9	0	0	4.5	19	0	0	0	19	0	0	5.25	19	0	0	0	19	0	0	0.649		99.9556	35.3057	0.318618	0	3.1876	0.0496925	15.0212	1		0	12.0439	40.3769	0	0	0	
2024-06-21 13:13:48	661	1199	1	0	0	2.75	12	0	0	5	12	0	0	3.5	12	0	0	4.25	12	0	0	0.389		99.9572	17.8423	0.274917	0	2.75035	0.931717	12.9607	4		0	12.0439	40.5069	0	0	0	
2024-06-21 12:55:36	534	1200	1	0	0	2	9	0	0	0	9	0	0	0.5	9	0	0	0	9	0	0	1.299		99.9705	35.2517	0.139713	0	1.39754	0.0632384	13.1715	1		0	12.0439	41.6764	0	0	0	
2024-06-21 13:07:56	619	1201	9	0	0	0.5	3	0	0	0	3	0	0	7.25	3	0	0	0	3	0	0	5.845		99.9545	35.2754	0.0549277	0	0.549527	0.531428	23.3063	2		0	12.0439	40.247	0	0	0	
2024-06-21 12:58:13	552	1202	5	0	0	4	17	0	0	0	17	0	0	7.25	17	0	0	0	17	0	0	2.814		99.961	35.0632	0.0754604	0	0.754899	0.0335675	15.4153	1		0	12.0439	41.0267	0	0	0	
2024-06-21 12:55:54	536	1203	5	0	0	3	13	0	0	0	13	0	0	5.75	13	0	0	0	13	0	0	2.381		99.9644	35.8582	0.080567	0	0.805957	0.0886952	13.9259	1		0	12.0439	41.4165	0	0	0	
2024-06-21 12:56:03	537	1204	9	0	0	3	13	0	0	0	13	0	0	4.5	13	0	0	0	13	0	0	1.299		99.9685	35.834	0.14776	0	1.47807	0.0455152	13.9305	1		0.0088623	12.0439	41.2865	0	0	0	
2024-06-21 13:03:51	591	1205	5	0	0	7	29	0	0	0	29	0	0	6.75	29	0	0	0	29	0	0	0.216		99.9572	35.3849	0.736257	0	7.36572	0.228775	11.57	1		0.0088623	12.0439	40.3769	0	0	0	
2024-06-21 12:52:55	515	1206	5	0	0	1	5	0	0	0	5	0	0	7.5	5	0	0	0	5	0	0	5.628		99.9723	34.7505	0.0415024	0	0.415139	0.436815	16.9546	1		0	12.0439	42.7159	0	0	0	
2024-06-21 12:52:47	514	1207	9	0	0	1	5	0	0	0	5	0	0	6.25	5	0	0	0	5	0	0	4.546		99.9744	34.7465	0.0524537	0	0.524672	0.0905957	17.3072	1		0	12.0439	42.9758	0	0	0	
2024-06-21 13:01:16	573	1208	5	0	0	6	25	0	0	0	25	0	0	5.25	25	0	0	0	25	0	0	0.649		99.9612	35.453	0.324463	0	3.24589	0.18634	15.2959	1		0	12.0439	40.6368	0	0	0	
2024-06-21 13:01:33	575	1209	5	0	0	6	25	0	0	0	25	0	0	4	25	0	0	0	25	0	0	1.732		99.9549	35.4232	0.112822	0	1.12873	0.177801	14.184	1		0	12.0439	40.5069	0	0	0	
2024-06-21 12:59:47	563	1210	1	0	0	5	21	0	0	0	21	0	0	2.5	21	0	0	0	21	0	0	2.165		99.9592	35.6051	0.0908116	0	0.908486	0.240112	14.2705	1		0	12.0439	40.6368	0	0	0	
2024-06-21 12:52:18	511	1211	1	0	0	1	5	0	0	0	5	0	0	0.25	5	0	0	0	5	0	0	0.649		99.9766	34.7189	0.302424	0	3.02494	0.0488549	14.2547	1		0	12.0439	43.1058	0	0	0	
2024-06-21 12:58:21	553	1212	1	0	0	4	17	0	0	0	17	0	0	0.5	17	0	0	0	17	0	0	3.031		99.9618	35.0095	0.0654378	0	0.654628	0.201688	14.396	1		0	12.0439	41.0267	0	0	0	
2024-06-21 13:05:51	605	1213	5	0	0	7.75	32	0	0	0	32	0	0	3	32	0	0	0	32	0	0	4.113		99.9566	35.5071	0.0479978	0	0.480186	0.22155	14.3312	1		0.0088623	12.0439	40.3769	0	0	0	
2024-06-21 13:02:24	581	1214	1	0	0	6	25	0	0	0	25	0	0	0.25	25	0	0	0	25	0	0	4.979		99.9586	35.4831	0.0467727	0	0.467921	0.479065	16.9052	1		0	12.0439	40.6368	0	0	0	
2024-06-21 13:10:19	636	1215	1	0	0	5.25	22	0	0	0	22	0	0	2.5	22	0	0	0	22	0	0	2.381		99.9537	35.42	0.0963396	0	0.963843	0.651596	16.654	1		0	12.0439	40.3769	0	0	0	
2024-06-21 12:57:29	547	1216	1	0	0	4	17	0	0	0	17	0	0	2.5	17	0	0	0	17	0	0	1.299		99.9623	35.1866	0.146243	0	1.46298	0.136036	13.7883	1		0	12.0439	41.1566	0	0	0	
2024-06-21 12:54:37	527	1217	1	0	0	2	9	0	0	0	9	0	0	3	9	0	0	0	9	0	0	0.866		99.9693	35.1894	0.221497	0	2.21565	0.21221	13.9213	1		0	12.0439	42.0662	0	0	0	
2024-06-21 13:03:24	588	1218	1	0	0	7	29	0	0	0	29	0	0	1.5	29	0	0	0	29	0	0	4.762		99.9535	35.3955	0.0478455	0	0.478678	0.307161	16.5419	1		0	12.0439	40.3769	0	0	0	
2024-06-21 12:50:40	500	1219	9	0	0	0	1	0	0	0	1	0	0	5.75	1	0	0	0	1	0	0	4.979		99.9724	35.0327	0.0455834	0	0.45596	0.253227	16.4731	1		0.0088623	12.0439	44.7951	0	0	0	
2024-06-21 12:51:24	505	1220	9	0	0	0	1	0	0	0	1	0	0	4.5	1	0	0	0	1	0	0	3.897		99.9737	35.0184	0.0538009	0	0.53815	0.148299	15.2158	1		0	12.0439	43.8855	0	0	0	
2024-06-21 13:00:58	571	1221	1	0	0	5	21	0	0	0	21	0	0	0	21	0	0	0	21	0	0	4.33		99.959	35.5275	0.0502039	0	0.502245	0.176377	15.7785	1		0	12.0439	40.6368	0	0	0	
2024-06-21 13:05:26	602	1222	1	0	0	7.75	32	0	0	0	32	0	0	2.25	32	0	0	0	32	0	0	4.762		99.9582	35.5082	0.0428038	0	0.428217	0.16577	14.7981	1		0	12.0439	40.3769	0	0	0	
2024-06-21 12:59:21	560	1223	9	0	0	5	21	0	0	0	21	0	0	7.75	21	0	0	0	21	0	0	2.381		99.9568	35.7247	0.0818449	0	0.818803	0.0273467	14.1479	1		0	12.0439	40.7668	0	0	0	
2024-06-21 12:59:56	564	1224	5	0	0	5	21	0	0	0	21	0	0	6.5	21	0	0	0	21	0	0	1.299		99.9627	35.5998	0.157399	0	1.57458	0.0443473	14.84	1		0	12.0439	40.7668	0	0	0	
2024-06-21 12:57:12	545	1225	1	0	0	3	13	0	0	0	13	0	0	2	13	0	0	0	13	0	0	0.866		99.9647	35.8492	0.219922	0	2.2	0.0520007	13.823	1		0	12.0439	41.2865	0	0	0	
2024-06-21 13:10:03	634	1226	1	0	0	4.5	19	0	0	0	19	0	0	3.25	19	0	0	0	19	0	0	1.082		99.9602	35.4222	0.180195	0	1.80267	0.0457946	14.1581	1		0	12.0439	40.5069	0	0	0	
2024-06-21 13:05:42	604	1227	5	0	0	7.75	32	0	0	0	32	0	0	7	32	0	0	0	32	0	0	0.649		99.9608	35.6455	0.32489	0	3.25018	0.102606	15.3161	1		0	12.0439	40.5069	0	0	0	
2024-06-21 13:12:23	651	1228	9	0	0	5.5	23	0	0	0	23	0	0	4.25	23	0	0	0	23	0	0	1.082		99.9569	35.1203	0.18637	0	1.8645	0.182766	14.6437	1		0	12.0439	40.6368	0	0	0	
2024-06-21 13:11:02	641	1229	1	0	0	6.75	28	0	0	0	28	0	0	1	28	0	0	0	28	0	0	4.979		99.9537	35.1472	0.0513574	0	0.513812	0.245517	18.5632	1		0	12.0439	40.5069	0	0	0	
2024-06-21 13:09:21	629	1230	9	0	0	4.25	18	0	0	0	18	0	0	5.5	18	0	0	0	18	0	0	1.082		99.959	35.4946	0.18761	0	1.87687	0.094257	14.7409	1		0	12.0439	40.5069	0	0	0	
2024-06-21 12:58:30	554	1231	5	0	0	4	17	0	0	0	17	0	0	7.75	17	0	0	0	17	0	0	3.247		99.9621	35.0134	0.0609905	0	0.610136	0.11523	14.376	1		0	12.0439	40.8967	0	0	0	
2024-06-21 12:57:55	550	1232	9	0	0	4	17	0	0	0	17	0	0	6.5	17	0	0	0	17	0	0	2.165		99.9586	35.082	0.091372	0	0.914099	0.0584557	14.3586	1		0	12.0439	40.8967	0	0	0	
2024-06-21 12:56:47	542	1233	9	0	0	3	13	0	0	0	13	0	0	5	13	0	0	0	13	0	0	1.732		99.963	35.7284	0.108877	0	1.08917	0.0462343	13.6869	1		0	12.0439	41.2865	0	0	0	
2024-06-21 12:56:56	543	1234	1	0	0	3	13	0	0	0	13	0	0	3.75	13	0	0	0	13	0	0	0.649		99.9674	35.7178	0.309029	0	3.0913	0.132337	14.5674	1		0	12.0439	41.1566	0	0	0	
2024-06-21 12:54:54	529	1235	9	0	0	2	9	0	0	0	9	0	0	7	9	0	0	0	9	0	0	4.33		99.967	35.0997	0.0498459	0	0.498624	0.145749	15.6647	1		0.0088623	12.0439	41.8063	0	0	0	
2024-06-21 13:03:43	590	1236	5	0	0	7	29	0	0	0	29	0	0	6	29	0	0	0	29	0	0	0.866		99.9587	35.4024	0.245889	0	2.4599	0.195077	15.456	1		0	12.0439	40.3769	0	0	0	
2024-06-21 13:03:24	588	1237	5	0	0	7	29	0	0	0	29	0	0	4.75	29	0	0	0	29	0	0	1.948		99.9535	35.3955	0.100908	0	1.00955	0.0279182	14.2722	1		0	12.0439	40.3769	0	0	0	
2024-06-21 12:53:21	518	1238	5	0	0	1	5	0	0	0	5	0	0	5.5	5	0	0	0	5	0	0	3.897		99.9729	34.8138	0.0597605	0	0.597767	0.490207	16.9015	1		0.0088623	12.0439	42.7159	0	0	0	
2024-06-21 12:52:26	512	1239	5	0	0	1	5	0	0	0	5	0	0	4.25	5	0	0	0	5	0	0	2.814		99.9753	34.7584	0.0707405	0	0.70758	0.466066	14.449	1		0	12.0439	43.2357	0	0	0	
2024-06-21 13:01:16	573	1240	1	0	0	6	25	0	0	0	25	0	0	3.25	25	0	0	0	25	0	0	2.381		99.9612	35.453	0.0821969	0	0.822289	0.0062123	14.2081	1		0	12.0439	40.6368	0	0	0	
2024-06-21 13:08:32	623	1241	1	0	0	0.25	2	0	0	0	2	0	0	1.5	2	0	0	0	2	0	0	1.082		99.9557	35.1571	0.16995	0	1.70026	0.131815	13.3538	1		0.0088623	12.0439	40.5069	0	0	0	
2024-06-21 13:03:43	590	1242	1	0	0	7	29	0	0	0	29	0	0	0.75	29	0	0	0	29	0	0	5.412		99.9587	35.4024	0.0438183	0	0.438364	0.0350344	17.2145	1		0	12.0439	40.3769	0	0	0	
2024-06-21 12:50:30	499	1243	5	0	0	0	1	0	0	0	1	0	0	5	1	0	0	0	1	0	0	4.33		99.9759	35.0618	0.0498528	0	0.498649	0.340335	15.6655	1		0	12.0439	44.7951	0	0	0	
2024-06-21 12:51:40	507	1244	5	0	0	0	1	0	0	0	1	0	0	3.75	1	0	0	0	1	0	0	3.247		99.9744	34.9804	0.0619116	0	0.619274	0.0564453	14.5913	1		0	12.0439	43.7555	0	0	0	
2024-06-21 13:12:50	654	1245	9	0	0	7.5	31	0	0	0	31	0	0	6.25	31	0	0	0	31	0	0	1.082		99.9578	35.3275	0.183992	0	1.8407	0.0192446	14.4568	1		0.0088623	12.0439	40.5069	0	0	0	
2024-06-21 13:09:47	632	1246	9	0	0	6.25	26	0	0	0	26	0	0	7.5	26	0	0	0	26	0	0	1.082		99.9549	35.44	0.1857	0	1.85784	0.0132224	14.5915	1		0	12.0439	40.5069	0	0	0	
2024-06-21 13:01:59	578	1247	9	0	0	6	25	0	0	0	25	0	0	7.25	25	0	0	0	25	0	0	1.082		99.9585	35.4105	0.206932	0	2.07018	0.567942	16.2592	1		0	12.0439	40.5069	0	0	0	
2024-06-21 13:05:00	599	1248	1	0	0	7.75	32	0	0	0	32	0	0	1.5	32	0	0	0	32	0	0	5.412		99.9629	35.5634	0.0395549	0	0.395696	0.341126	15.5389	1		0	12.0439	40.3769	0	0	0	
2024-06-21 13:00:05	565	1249	5	0	0	5	21	0	0	0	21	0	0	5.75	21	0	0	0	21	0	0	0.649		99.9624	35.582	0.324285	0	3.24407	0.204481	15.2873	1		0	12.0439	40.6368	0	0	0	
2024-06-21 13:00:05	565	1250	9	0	0	5	21	0	0	0	21	0	0	4.5	21	0	0	0	21	0	0	0.433		99.9624	35.582	0.45064	0	4.5081	0.248773	14.1626	1		0	12.0439	40.6368	0	0	0	
2024-06-21 12:55:46	535	1251	1	0	0	3	13	0	0	0	13	0	0	1.25	13	0	0	0	13	0	0	1.515		99.9675	35.8822	0.119399	0	1.19438	0.113846	13.1329	1		0	12.0439	41.5464	0	0	0	
2024-06-21 12:53:21	518	1252	1	0	0	1	5	0	0	0	5	0	0	2.25	5	0	0	0	5	0	0	1.082		99.9729	34.8138	0.168955	0	1.69001	0.12416	13.2733	1		0.0088623	12.0439	42.7159	0	0	0	
2024-06-21 13:08:24	622	1253	1	0	0	0.5	3	0	0	0	3	0	0	1.25	3	0	0	0	3	0	0	0.649		99.9552	35.367	0.298357	0	2.98491	0.273574	14.0661	1		0	12.0439	40.247	0	0	0	
2024-06-21 13:06:59	613	1254	9	0	0	2.5	11	0	0	0	11	0	0	5.25	11	0	0	0	11	0	0	2.381		99.9548	35.1422	0.0884535	0	0.884935	0.162587	15.2906	2		0	12.0439	40.3769	0	0	0	
2024-06-21 13:05:26	602	1255	5	0	0	7.75	32	0	0	0	32	0	0	7.5	32	0	0	0	32	0	0	0.216		99.9582	35.5082	0.778308	0	7.78634	0.0317272	12.2307	1		0	12.0439	40.3769	0	0	0	
2024-06-21 13:05:34	603	1256	9	0	0	7.75	32	0	0	0	32	0	0	6.25	32	0	0	0	32	0	0	1.299		99.9629	35.6126	0.154492	0	1.54549	0.189236	14.5659	1		0	12.0439	40.5069	0	0	0	
2024-06-21 13:09:55	633	1257	1	0	0	4.25	18	0	0	0	18	0	0	3.5	18	0	0	0	18	0	0	0.649		99.9572	35.4295	0.318349	0	3.18485	0.0751412	15.0083	1		0	12.0439	40.5069	0	0	0	
2024-06-21 13:01:25	574	1258	1	0	0	6	25	0	0	0	25	0	0	2.25	25	0	0	0	25	0	0	3.247		99.9588	35.4281	0.0634522	0	0.634784	0.125918	14.9567	1		0.0088623	12.0439	40.5069	0	0	0	
2024-06-21 13:12:15	650	1259	9	0	0	5.25	22	0	0	0	22	0	0	4.5	22	0	0	0	22	0	0	0.649		99.9548	35.4205	0.317558	0	3.17702	0.0113124	14.9713	1		0	12.0439	40.3769	0	0	0	
2024-06-21 12:57:38	548	1260	9	0	0	4	17	0	0	0	17	0	0	5.75	17	0	0	0	17	0	0	1.515		99.9677	35.1534	0.130337	0	1.30379	0.0520382	14.3359	1		0	12.0439	41.0267	0	0	0	
2024-06-21 12:57:29	547	1261	5	0	0	4	17	0	0	0	17	0	0	4.5	17	0	0	0	17	0	0	0.433		99.9623	35.1866	0.486215	0	4.86398	0.0793128	15.2807	1		0	12.0439	41.1566	0	0	0	
2024-06-21 12:50:57	502	1262	1	0	0	0	1	0	0	0	1	0	0	2	1	0	0	0	1	0	0	1.732		99.9696	35.0081	0.127551	0	1.2759	0.113056	16.0334	1		0	12.0439	44.2753	0	0	0	
2024-06-21 12:54:11	524	1263	9	0	0	2	9	0	0	0	9	0	0	7.5	9	0	0	0	9	0	0	4.762		99.9722	35.198	0.0455667	0	0.455793	0.170578	15.7511	1		0	12.0439	42.1962	0	0	0	
2024-06-21 12:54:02	523	1264	5	0	0	2	9	0	0	0	9	0	0	6.25	9	0	0	0	9	0	0	3.68		99.9656	35.1974	0.0582497	0	0.582698	0.150365	15.5601	1		0	12.0439	42.3261	0	0	0	
2024-06-21 13:03:07	586	1265	9	0	0	7	29	0	0	0	29	0	0	5.25	29	0	0	0	29	0	0	1.515		99.9574	35.4376	0.130669	0	1.30724	0.0931374	14.3739	1		0	12.0439	40.5069	0	0	0	
2024-06-21 13:03:51	591	1266	9	0	0	7	29	0	0	0	29	0	0	4	29	0	0	0	29	0	0	2.598		99.9572	35.3849	0.0759752	0	0.760077	0.171399	14.3271	1		0.0088623	12.0439	40.3769	0	0	0	
2024-06-21 12:53:45	521	1267	1	0	0	1	5	0	0	0	5	0	0	3.5	5	0	0	0	5	0	0	2.165		99.9717	35.011	0.0847268	0	0.847508	0.211004	13.3126	1		0.0088623	12.0439	42.3261	0	0	0	
2024-06-21 13:01:33	575	1268	1	0	0	6	25	0	0	0	25	0	0	2.5	25	0	0	0	25	0	0	3.031		99.9549	35.4232	0.0718996	0	0.71932	0.774198	15.8187	1		0	12.0439	40.5069	0	0	0	
2024-06-21 13:12:07	649	1269	1	0	0	3.75	16	0	0	0	16	0	0	2	16	0	0	0	16	0	0	1.515		99.9629	35.4135	0.125087	0	1.25133	0.0907418	13.7591	1		0	12.0439	40.6368	0	0	0	
2024-06-21 13:00:05	565	1270	1	0	0	5	21	0	0	0	21	0	0	2	21	0	0	0	21	0	0	2.598		99.9624	35.582	0.0755712	0	0.755996	0.231158	14.2502	1		0	12.0439	40.6368	0	0	0	
2024-06-21 12:54:11	524	1271	1	0	0	2	9	0	0	0	9	0	0	1.75	9	0	0	0	9	0	0	0.216		99.9722	35.198	0.685527	0	6.85717	0.0572272	10.7712	1		0	12.0439	42.1962	0	0	0	
2024-06-21 13:03:16	587	1272	1	0	0	7	29	0	0	0	29	0	0	0	29	0	0	0	29	0	0	6.061		99.9587	35.4161	0.0400413	0	0.400578	0.148261	17.6183	1		0	12.0439	40.5069	0	0	0	
2024-06-21 12:51:32	506	1273	5	0	0	0	1	0	0	0	1	0	0	3	1	0	0	0	1	0	0	2.598		99.971	35.001	0.074643	0	0.746646	0.101135	14.0739	1		0	12.0439	43.7555	0	0	0	
2024-06-21 12:56:30	540	1274	5	0	0	3	13	0	0	0	13	0	0	7	13	0	0	0	13	0	0	3.464		99.9608	35.7597	0.0592831	0	0.593064	0.161228	14.9053	1		0	12.0439	41.4165	0	0	0	
2024-06-21 13:01:16	573	1275	9	0	0	6	25	0	0	0	25	0	0	7.75	25	0	0	0	25	0	0	1.515		99.9612	35.453	0.134321	0	1.34373	0.00603824	14.7751	1		0	12.0439	40.6368	0	0	0	
2024-06-21 13:01:50	577	1276	9	0	0	6	25	0	0	0	25	0	0	6.5	25	0	0	0	25	0	0	0.433		99.9583	35.4169	0.486109	0	4.86312	0.217754	15.2779	1		0	12.0439	40.5069	0	0	0	
2024-06-21 13:05:18	601	1277	1	0	0	7.75	32	0	0	0	32	0	0	0.75	32	0	0	0	32	0	0	6.061		99.9581	35.5143	0.0365848	0	0.366002	0.233311	16.0976	1		0	12.0439	40.3769	0	0	0	
2024-06-21 12:59:56	564	1278	1	0	0	5	21	0	0	0	21	0	0	3.75	21	0	0	0	21	0	0	1.082		99.9627	35.5998	0.184146	0	1.84214	0.137198	14.4682	1		0	12.0439	40.7668	0	0	0	
2024-06-21 12:55:54	536	1279	1	0	0	3	13	0	0	0	13	0	0	0.5	13	0	0	0	13	0	0	2.165		99.9644	35.8582	0.0857834	0	0.858139	0.19396	13.4796	1		0	12.0439	41.4165	0	0	0	
2024-06-21 12:53:37	520	1280	1	0	0	1	5	0	0	0	5	0	0	1.5	5	0	0	0	5	0	0	0.433		99.9693	34.9276	0.432639	0	4.32772	0.080181	13.5959	1		0.0088623	12.0439	42.586	0	0	0	
2024-06-21 13:14:04	662	1281	1	0	0	2	9	0	0	5.75	9	0	0	3.25	9	0	0	4.5	9	0	0	0.649		99.9621	17.7746	0.154655	0	1.54713	0.198271	12.1512	1		0.0088623	12.0439	40.5069	0	0	0	
2024-06-21 12:59:04	558	1282	5	0	0	4	17	0	0	0	17	0	0	1.75	17	0	0	0	17	0	0	1.948		99.9581	35.0127	0.0949085	0	0.949483	0.171988	13.423	1		0	12.0439	40.6368	0	0	0	
2024-06-21 13:08:49	625	1283	1	0	0	2.5	11	0	0	0	11	0	0	3.25	11	0	0	0	11	0	0	0.649		99.9562	35.1947	0.297456	0	2.97587	0.145104	14.0234	1		0	12.0439	40.3769	0	0	0	
2024-06-21 13:05:34	603	1284	5	0	0	7.75	32	0	0	0	32	0	0	5.5	32	0	0	0	32	0	0	1.948		99.9629	35.6126	0.0993359	0	0.993728	0.316666	14.0485	1		0	12.0439	40.5069	0	0	0	
2024-06-21 13:05:00	599	1285	9	0	0	7.75	32	0	0	0	32	0	0	4.25	32	0	0	0	32	0	0	3.031		99.9629	35.5634	0.0637007	0	0.637243	0.193947	14.0137	1		0	12.0439	40.3769	0	0	0	
2024-06-21 13:01:50	577	1286	1	0	0	6	25	0	0	0	25	0	0	1.5	25	0	0	0	25	0	0	3.897		99.9583	35.4169	0.0579393	0	0.579635	0.997312	16.3888	1		0	12.0439	40.5069	0	0	0	
2024-06-21 12:57:47	549	1287	5	0	0	4	17	0	0	0	17	0	0	5	17	0	0	0	17	0	0	0.866		99.9638	35.1048	0.241697	0	2.41784	0.0644836	15.1918	1		0	12.0439	41.1566	0	0	0	
2024-06-21 12:57:38	548	1288	1	0	0	4	17	0	0	0	17	0	0	3.75	17	0	0	0	17	0	0	0.216		99.9677	35.1534	0.769419	0	7.69668	0.0618103	12.0899	1		0	12.0439	41.0267	0	0	0	
2024-06-21 12:51:57	509	1289	1	0	0	0	1	0	0	0	1	0	0	1.25	1	0	0	0	1	0	0	1.082		99.9733	34.8911	0.170996	0	1.71042	0.0754328	13.4336	2		0.0088623	12.0439	43.4956	0	0	0	
2024-06-21 12:55:03	530	1290	9	0	0	2	9	0	0	0	9	0	0	5.5	9	0	0	0	9	0	0	3.031		99.9714	35.1136	0.0990891	0	0.991175	0.912523	21.7971	1		0.0088623	12.0439	41.9363	0	0	0	
2024-06-21 12:54:20	525	1291	5	0	0	2	9	0	0	0	9	0	0	4.25	9	0	0	0	9	0	0	1.948		99.9715	35.1935	0.0977347	0	0.977626	0.000773146	13.8209	1		0.0088623	12.0439	42.1962	0	0	0	
2024-06-21 13:04:15	594	1292	1	0	0	7	29	0	0	0	29	0	0	3.25	29	0	0	0	29	0	0	3.247		99.9603	35.4865	0.0618055	0	0.618301	0.117079	14.5684	1		0	12.0439	40.5069	0	0	0	
2024-06-21 12:53:54	522	1293	1	0	0	1	5	0	0	0	5	0	0	2.75	5	0	0	0	5	0	0	1.515		99.9682	34.8622	0.118871	0	1.18909	0.0230992	13.0747	1		0	12.0439	42.4561	0	0	0	
2024-06-21 12:51:14	504	1294	9	0	0	0	1	0	0	0	1	0	0	7	1	0	0	0	1	0	0	6.061		99.9702	35.1026	0.0395883	0	0.396001	0.519714	17.417	1		0.0088623	12.0439	44.1454	0	0	0	
2024-06-21 12:59:38	562	1295	1	0	0	5	21	0	0	0	21	0	0	1.25	21	0	0	0	21	0	0	3.247		99.956	35.6229	0.0654047	0	0.654335	0.128669	15.4174	1		0	12.0439	40.6368	0	0	0	
2024-06-21 12:55:12	531	1296	1	0	0	2	9	0	0	0	9	0	0	1	9	0	0	0	9	0	0	0.866		99.9693	35.1045	0.213253	0	2.13318	0.00823178	13.4032	1		0.0088623	12.0439	41.8063	0	0	0	
2024-06-21 12:55:46	535	1297	9	0	0	3	13	0	0	0	13	0	0	7.5	13	0	0	0	13	0	0	3.897		99.9675	35.8822	0.0527529	0	0.527701	0.0486234	14.9204	1		0	12.0439	41.5464	0	0	0	
2024-06-21 12:56:12	538	1298	5	0	0	3	13	0	0	0	13	0	0	6.25	13	0	0	0	13	0	0	2.814		99.9648	35.8041	0.0722057	0	0.722312	0.102076	14.7499	1		0	12.0439	41.2865	0	0	0	
2024-06-21 13:03:32	589	1299	5	0	0	7	29	0	0	0	29	0	0	7.25	29	0	0	0	29	0	0	0.216		99.9605	35.5048	0.686901	0	6.87173	0.83987	10.7941	1		0	12.0439	40.5069	0	0	0	
2024-06-21 12:52:55	515	1300	9	0	0	1	5	0	0	0	5	0	0	6.75	5	0	0	0	5	0	0	4.979		99.9723	34.7505	0.0508936	0	0.509077	0.525782	18.3921	1		0	12.0439	42.7159	0	0	0	
2024-06-21 13:01:33	575	1301	9	0	0	6	25	0	0	0	25	0	0	5.75	25	0	0	0	25	0	0	0.216		99.9549	35.4232	0.754112	0	7.54452	0.153844	11.8509	1		0	12.0439	40.5069	0	0	0	
2024-06-21 13:01:07	572	1302	9	0	0	6	25	0	0	0	25	0	0	4.5	25	0	0	0	25	0	0	1.299		99.9588	35.4292	0.154417	0	1.5448	0.232033	14.5594	1		0	12.0439	40.3769	0	0	0	
2024-06-21 13:06:00	606	1303	5	0	0	7.75	32	0	0	0	32	0	0	0	32	0	0	0	32	0	0	6.711		99.9531	35.4616	0.0342646	0	0.342807	0.375871	16.6929	1		0	12.0439	40.3769	0	0	0	
2024-06-21 13:00:30	568	1304	5	0	0	5	21	0	0	0	21	0	0	3	21	0	0	0	21	0	0	1.732		99.9542	35.5403	0.107777	0	1.07826	0.134192	13.5499	1		0	12.0439	40.6368	0	0	0	
2024-06-21 12:52:47	514	1305	1	0	0	1	5	0	0	0	5	0	0	0.75	5	0	0	0	5	0	0	0.216		99.9744	34.7465	0.704208	0	7.04388	0.102021	11.0645	1		0	12.0439	42.9758	0	0	0	
2024-06-21 13:10:37	638	1306	1	0	0	5.75	24	0	0	0	24	0	0	2	24	0	0	0	24	0	0	3.247		99.9587	35.5521	0.065307	0	0.653339	0.0271722	15.3939	1		0	12.0439	40.5069	0	0	0	
2024-06-21 12:58:55	557	1307	5	0	0	4	17	0	0	0	17	0	0	1	17	0	0	0	17	0	0	2.598		99.9539	35.0512	0.0728593	0	0.728929	0.291275	13.74	1		0	12.0439	40.8967	0	0	0	
2024-06-21 13:05:51	605	1308	1	0	0	7.75	32	0	0	0	32	0	0	3.5	32	0	0	0	32	0	0	3.68		99.9566	35.5071	0.0525229	0	0.525457	0.172632	14.0316	1		0.0088623	12.0439	40.3769	0	0	0	
2024-06-21 13:02:07	579	1309	1	0	0	6	25	0	0	0	25	0	0	0.75	25	0	0	0	25	0	0	4.546		99.96	35.4966	0.0516962	0	0.517168	0.194324	17.0597	1		0	12.0439	40.6368	0	0	0	
2024-06-21 12:58:46	556	1310	5	0	0	4	17	0	0	0	17	0	0	3	17	0	0	0	17	0	0	0.866		99.9613	35.1755	0.22917	0	2.29259	0.0322543	14.4048	1		0.0088623	12.0439	41.0267	0	0	0	
2024-06-21 12:51:32	506	1311	1	0	0	0	1	0	0	0	1	0	0	0.5	1	0	0	0	1	0	0	0.433		99.971	35.001	0.428301	0	4.28425	0.174727	13.4594	1		0	12.0439	43.7555	0	0	0	
2024-06-21 13:13:07	656	1312	1	0	0	3.5	15	0	0	4.25	15	0	0	2.75	15	0	0	5	15	0	0	0.389		99.9582	17.1261	0.281781	0	2.81898	0.226448	13.2841	1		0	12.0439	40.5069	0	0	0	
2024-06-21 12:55:12	531	1313	5	0	0	2	9	0	0	0	9	0	0	3.5	9	0	0	0	9	0	0	1.299		99.9693	35.1045	0.146488	0	1.46533	0.00563582	13.8104	1		0.0088623	12.0439	41.8063	0	0	0	
2024-06-21 13:04:07	593	1314	5	0	0	7	29	0	0	0	29	0	0	2.5	29	0	0	0	29	0	0	3.897		99.9561	35.3976	0.0556806	0	0.557051	0.243853	15.7502	1		0	12.0439	40.3769	0	0	0	
2024-06-21 13:03:07	586	1315	1	0	0	7	29	0	0	0	29	0	0	2	29	0	0	0	29	0	0	4.33		99.9574	35.4376	0.0500732	0	0.500945	0.153774	15.7377	1		0	12.0439	40.5069	0	0	0	
2024-06-21 12:50:49	501	1316	5	0	0	0	1	0	0	0	1	0	0	7.5	1	0	0	0	1	0	0	6.494		99.9707	35.0012	0.0368519	0	0.368627	0.360324	17.3711	1		0.0088623	12.0439	44.5352	0	0	0	
2024-06-21 12:51:06	503	1317	1	0	0	0	1	0	0	0	1	0	0	6.25	1	0	0	0	1	0	0	5.412		99.9747	34.9964	0.043524	0	0.435351	0.425587	17.0962	1		0	12.0439	44.2753	0	0	0	
2024-06-21 13:00:38	569	1318	1	0	0	5	21	0	0	0	21	0	0	0.5	21	0	0	0	21	0	0	3.897		99.9581	35.489	0.0569011	0	0.569249	0.217237	16.0951	2		0	12.0439	40.6368	0	0	0	
2024-06-21 13:11:26	644	1319	1	0	0	1.25	6	0	0	0	6	0	0	0.5	6	0	0	0	6	0	0	0.649		99.9593	35.4083	0.300959	0	3.01082	0.076813	14.1881	1		0	12.0439	40.3769	0	0	0	
2024-06-21 12:59:29	561	1320	9	0	0	5	21	0	0	0	21	0	0	7	21	0	0	0	21	0	0	1.732		99.9561	35.6782	0.114533	0	1.14583	0.0384412	14.3989	1		0	12.0439	40.7668	0	0	0	
2024-06-21 12:54:46	528	1321	1	0	0	2	9	0	0	0	9	0	0	0.25	9	0	0	0	9	0	0	1.515		99.97	35.1626	0.122523	0	1.2256	0.116495	13.4762	1		0	12.0439	41.9363	0	0	0	
2024-06-21 12:58:13	552	1322	1	0	0	4	17	0	0	0	17	0	0	7	17	0	0	0	17	0	0	2.598		99.961	35.0632	0.0766692	0	0.766991	0.142033	14.4574	1		0	12.0439	41.0267	0	0	0	
2024-06-21 12:56:12	538	1323	9	0	0	3	13	0	0	0	13	0	0	5.5	13	0	0	0	13	0	0	2.165		99.9648	35.8041	0.0910267	0	0.910588	0.321199	14.3035	1		0	12.0439	41.2865	0	0	0	
2024-06-21 12:56:38	541	1324	5	0	0	3	13	0	0	0	13	0	0	4.25	13	0	0	0	13	0	0	1.082		99.9639	35.7519	0.179976	0	1.80041	0.106174	14.1404	1		0	12.0439	41.4165	0	0	0	
2024-06-21 13:03:07	586	1325	5	0	0	7	29	0	0	0	29	0	0	7.75	29	0	0	0	29	0	0	0.649		99.9574	35.4376	0.331931	0	3.32072	0.162899	15.6485	1		0	12.0439	40.5069	0	0	0	
2024-06-21 13:03:16	587	1326	9	0	0	7	29	0	0	0	29	0	0	6.5	29	0	0	0	29	0	0	0.433		99.9587	35.4161	0.466767	0	4.6696	0.175227	14.67	1		0	12.0439	40.5069	0	0	0	
2024-06-21 12:53:21	518	1327	9	0	0	1	5	0	0	0	5	0	0	6	5	0	0	0	5	0	0	4.33		99.9729	34.8138	0.0533369	0	0.533514	0.308051	16.7608	1		0.0088623	12.0439	42.7159	0	0	0	
2024-06-21 12:53:12	517	1328	9	0	0	1	5	0	0	0	5	0	0	4.75	5	0	0	0	5	0	0	3.247		99.9758	34.9306	0.0660632	0	0.660792	0.217394	15.5695	1		0	12.0439	42.8459	0	0	0	
2024-06-21 13:09:06	627	1329	9	0	0	4.75	20	0	0	0	20	0	0	5	20	0	0	0	20	0	0	0.216		99.9565	35.1877	0.721884	0	7.22198	0.102554	11.3443	1		0	12.0439	40.5069	0	0	0	
2024-06-21 13:01:25	574	1330	5	0	0	6	25	0	0	0	25	0	0	5	25	0	0	0	25	0	0	0.866		99.9588	35.4281	0.240261	0	2.4036	0.605718	15.1023	1		0.0088623	12.0439	40.5069	0	0	0	
2024-06-21 13:01:59	578	1331	1	0	0	6	25	0	0	0	25	0	0	3.75	25	0	0	0	25	0	0	1.948		99.9585	35.4105	0.10074	0	1.00782	0.0733781	14.2477	1		0	12.0439	40.5069	0	0	0	
2024-06-21 12:53:37	520	1332	5	0	0	1	5	0	0	0	5	0	0	0	5	0	0	0	5	0	0	0.866		99.9693	34.9276	0.219804	0	2.19872	0.0108687	13.8149	1		0.0088623	12.0439	42.586	0	0	0	
2024-06-21 13:07:48	618	1333	9	0	0	0.75	4	0	0	0	4	0	0	7	4	0	0	0	4	0	0	5.412		99.9575	35.3305	0.0432476	0	0.43266	0.223002	16.9905	1		0.0088623	12.0439	40.3769	0	0	0	
2024-06-21 12:58:37	555	1334	5	0	0	4	17	0	0	0	17	0	0	0.25	17	0	0	0	17	0	0	3.247		99.9617	35.1319	0.0602068	0	0.602299	0.169087	14.1913	1		0	12.0439	41.0267	0	0	0	
2024-06-21 13:05:09	600	1335	1	0	0	7.75	32	0	0	0	32	0	0	2.75	32	0	0	0	32	0	0	4.33		99.9622	35.5511	0.0466748	0	0.466924	0.172534	14.6689	1		0	12.0439	40.3769	0	0	0	
2024-06-21 13:02:41	583	1336	1	0	0	6	25	0	0	0	25	0	0	0	25	0	0	0	25	0	0	5.195		99.9578	35.4034	0.048545	0	0.485655	0.105908	18.3088	1		0	12.0439	40.5069	0	0	0	
2024-06-21 12:55:03	530	1337	1	0	0	2	9	0	0	0	9	0	0	2.75	9	0	0	0	9	0	0	0.649		99.9714	35.1136	0.300068	0	3.00154	0.164271	14.1444	1		0.0088623	12.0439	41.9363	0	0	0	
2024-06-21 13:04:23	595	1338	5	0	0	7	29	0	0	0	29	0	0	1.25	29	0	0	0	29	0	0	4.979		99.9612	35.5197	0.0477334	0	0.477519	0.369784	17.252	1		0	12.0439	40.247	0	0	0	
2024-06-21 12:51:06	503	1339	5	0	0	0	1	0	0	0	1	0	0	5.5	1	0	0	0	1	0	0	4.762		99.9747	34.9964	0.0556894	0	0.557035	0.444788	19.2497	1		0	12.0439	44.2753	0	0	0	
2024-06-21 12:50:40	500	1340	5	0	0	0	1	0	0	0	1	0	0	4.25	1	0	0	0	1	0	0	3.68		99.9724	35.0327	0.0559952	0	0.560107	0.240892	14.9568	1		0.0088623	12.0439	44.7951	0	0	0	
