Time	MeasID	DPID	Channel	A(x)	A(y)	A(z)	A(adr)	B(x)	B(y)	B(z)	B(adr)	M(x)	M(y)	M(z)	M(adr)	N(x)	N(y)	N(z)	N(adr)	F(x)	F(y)	F(z)	Note	I(mA)	Uout(V)	U(V)	SP(V)	R(Ohm)	Var(%)	Rho-a(Ohm-m)	Cycles	IP Delay Window(mV/V)	Pint(V)	Pext(V)	T int(deg C)	T log(deg C)	Latitude	Longitude
2024-06-19 09:04:46	434	671	1	0	0	7.75	32	0	0	0	32	0	0	2	32	0	0	0	32	0	0	4.979		100.009	70.3133	0.041647	0	0.416433	0.197755	15.045	1		0	12.0616	44.7951	0	0	0	
2024-06-19 08:58:39	392	672	9	0	0	5	21	0	0	0	21	0	0	7.5	21	0	0	0	21	0	0	2.165		100.012	71.6153	0.0900024	0	0.899914	0.0420957	14.1358	1		0.0088623	12.0616	45.3149	0	0	0	
2024-06-19 08:58:59	394	673	5	0	0	5	21	0	0	0	21	0	0	6.25	21	0	0	0	21	0	0	1.082		100.015	71.0676	0.193184	0	1.93155	0.109522	15.1704	1		0.0088623	12.0616	45.055	0	0	0	
2024-06-19 08:56:30	377	674	1	0	0	3	13	0	0	0	13	0	0	1.75	13	0	0	0	13	0	0	1.082		100.011	72.013	0.174543	0	1.74523	0.221322	13.707	1		0.0088623	12.0616	45.5748	0	0	0	
2024-06-19 09:04:12	430	675	5	0	0	7.75	32	0	0	0	32	0	0	6.75	32	0	0	0	32	0	0	0.866		100.01	70.2949	0.245054	0	2.4503	0.0550303	15.3957	1		0	12.0616	44.925	0	0	0	
2024-06-19 09:11:08	479	676	1	0	0	3.25	14	0	0	0	14	0	0	2.5	14	0	0	0	14	0	0	0.649		100.014	71.7944	0.30134	0	3.01296	0.183264	14.1982	1		0.0088623	12.0616	45.055	0	0	0	
2024-06-19 08:57:49	386	677	9	0	0	4	17	0	0	0	17	0	0	7.5	17	0	0	0	17	0	0	3.031		100.016	70.8377	0.0655773	0	0.655672	0.0139986	14.419	1		0	12.0616	45.3149	0	0	0	
2024-06-19 08:57:49	386	678	5	0	0	4	17	0	0	0	17	0	0	6.25	17	0	0	0	17	0	0	1.948		100.016	70.8377	0.101653	0	1.01637	0.146341	14.3687	1		0	12.0616	45.3149	0	0	0	
2024-06-19 08:56:22	376	679	5	0	0	3	13	0	0	0	13	0	0	3.5	13	0	0	0	13	0	0	0.433		100.018	71.8209	0.452926	0	4.52843	0.204065	14.2265	1		0.0088623	12.0616	45.7047	0	0	0	
2024-06-19 08:53:51	358	680	5	0	0	2	9	0	0	0	9	0	0	6.75	9	0	0	0	9	0	0	4.113		100.021	71.6205	0.0528717	0	0.528604	0.118732	15.7762	1		0	12.0616	46.7443	0	0	0	
2024-06-19 09:03:01	422	681	9	0	0	7	29	0	0	0	29	0	0	5.75	29	0	0	0	29	0	0	1.082		100.009	70.5657	0.193489	0	1.93472	0.122413	15.1953	1		0	12.0616	44.925	0	0	0	
2024-06-19 09:02:44	420	682	9	0	0	7	29	0	0	0	29	0	0	4.5	29	0	0	0	29	0	0	2.165		100.012	70.607	0.0910618	0	0.910506	0.192992	14.3022	1		0.0088623	12.0439	44.925	0	0	0	
2024-06-19 08:51:46	344	683	5	0	0	1	5	0	0	0	5	0	0	5.25	5	0	0	0	5	0	0	3.68		100.023	70.2787	0.0600986	0	0.600851	0.0417164	16.0448	2		0.0088623	12.0616	47.9138	0	0	0	
2024-06-19 08:52:53	351	684	9	0	0	1	5	0	0	0	5	0	0	4	5	0	0	0	5	0	0	2.598		100.021	71.6038	0.0731541	0	0.731385	0.0463045	13.7863	1		0	12.0616	47.264	0	0	0	
2024-06-19 09:09:31	467	685	1	0	0	4.75	20	0	0	0	20	0	0	3	20	0	0	0	20	0	0	1.515		100.017	72.1471	0.125281	0	1.2526	0.0994308	13.7731	1		0	12.0439	44.925	0	0	0	
2024-06-19 09:00:38	406	686	1	0	0	6	25	0	0	0	25	0	0	3	25	0	0	0	25	0	0	2.598		100.012	71.5706	0.0773584	0	0.773489	0.19096	14.5799	1		0.0088623	12.0616	45.055	0	0	0	
2024-06-19 08:53:42	357	687	1	0	0	2	9	0	0	0	9	0	0	2.25	9	0	0	0	9	0	0	0.216		100.021	71.4813	0.713037	0	7.12887	0.0898168	11.198	1		0.0088623	12.0616	46.8742	0	0	0	
2024-06-19 09:02:44	420	688	1	0	0	7	29	0	0	0	29	0	0	0.5	29	0	0	0	29	0	0	5.628		100.012	70.607	0.0438508	0	0.438454	0.188642	17.9068	1		0.0088623	12.0439	44.925	0	0	0	
2024-06-19 08:50:18	335	689	1	0	0	0	1	0	0	0	1	0	0	3.5	1	0	0	0	1	0	0	3.031		100.024	70.6645	0.0679925	0	0.679761	0.777822	14.9487	1		0	12.0616	49.2132	0	0	0	
2024-06-19 09:11:01	478	690	1	0	0	1.75	8	0	0	0	8	0	0	0	8	0	0	0	8	0	0	1.515		100.009	69.7198	0.121592	0	1.2158	0.0866155	13.3685	1		0	12.0616	44.7951	0	0	0	
2024-06-19 09:00:38	406	691	9	0	0	6	25	0	0	0	25	0	0	7	25	0	0	0	25	0	0	0.866		100.012	71.5706	0.25213	0	2.521	0.0947678	15.8399	1		0.0088623	12.0616	45.055	0	0	0	
2024-06-19 09:10:11	472	692	1	0	0	6.5	27	0	0	0	27	0	0	1.25	27	0	0	0	27	0	0	4.546		100.014	72.4801	0.0532938	0	0.532864	0.4858	17.5774	1		0	12.0439	45.055	0	0	0	
2024-06-19 09:04:55	435	693	1	0	0	7.75	32	0	0	0	32	0	0	1.25	32	0	0	0	32	0	0	5.628		100.01	70.047	0.0391201	0	0.391162	0.380309	15.9753	1		0	12.0616	44.6651	0	0	0	
2024-06-19 08:59:41	399	694	5	0	0	5	21	0	0	0	21	0	0	5.5	21	0	0	0	21	0	0	0.433		100.013	73.1128	0.469277	0	4.69214	0.256242	14.7408	1		0.0088623	12.0439	45.3149	0	0	0	
2024-06-19 08:59:33	398	695	9	0	0	5	21	0	0	0	21	0	0	4.25	21	0	0	0	21	0	0	0.649		100.01	71.5792	0.320747	0	3.20716	0.242205	15.1134	1		0	12.0616	45.055	0	0	0	
2024-06-19 08:56:30	377	696	5	0	0	3	13	0	0	0	13	0	0	1	13	0	0	0	13	0	0	1.732		100.011	72.013	0.105293	0	1.05281	0.169435	13.23	1		0.0088623	12.0616	45.5748	0	0	0	
2024-06-19 08:52:35	349	697	1	0	0	1	5	0	0	0	5	0	0	2	5	0	0	0	5	0	0	0.866		100.024	70.9738	0.21665	0	2.16599	0.0401287	13.6093	1		0.0088623	12.0616	47.394	0	0	0	
2024-06-19 09:06:35	447	698	9	0	0	1.75	8	0	0	0	8	0	0	6	8	0	0	0	8	0	0	3.68		100.013	69.9555	0.059865	0	0.59857	0.617546	15.9839	1		0	12.0439	44.7951	0	0	0	
2024-06-19 08:57:40	385	699	1	0	0	4	17	0	0	0	17	0	0	2.25	17	0	0	0	17	0	0	1.515		100.013	70.7442	0.123003	0	1.22987	0.0764842	13.5231	1		0.0088623	12.0616	45.3149	0	0	0	
2024-06-19 09:05:02	436	700	5	0	0	7.75	32	0	0	0	32	0	0	6	32	0	0	0	32	0	0	1.515		100.016	72.3115	0.131654	0	1.31633	0.226994	14.4738	1		0	12.0439	44.925	0	0	0	
2024-06-19 09:04:20	431	701	9	0	0	7.75	32	0	0	0	32	0	0	4.75	32	0	0	0	32	0	0	2.598		100.01	70.1549	0.0738399	0	0.738326	0.149198	13.9171	1		0.0088623	12.0616	44.7951	0	0	0	
2024-06-19 09:01:41	413	702	5	0	0	6	25	0	0	0	25	0	0	2	25	0	0	0	25	0	0	3.464		100.014	70.6965	0.0632598	0	0.632509	0.177983	15.8967	1		0	12.0439	44.925	0	0	0	
2024-06-19 08:57:31	384	703	9	0	0	4	17	0	0	0	17	0	0	5.5	17	0	0	0	17	0	0	1.299		100.019	71.0211	0.157037	0	1.57008	0.052398	14.7976	1		0	12.0616	45.4448	0	0	0	
2024-06-19 08:57:40	385	704	9	0	0	4	17	0	0	0	17	0	0	4.25	17	0	0	0	17	0	0	0.216		100.013	70.7442	0.801812	0	8.01707	0.0860159	12.5932	1		0.0088623	12.0616	45.3149	0	0	0	
2024-06-19 08:50:26	336	705	1	0	0	0	1	0	0	0	1	0	0	1.75	1	0	0	0	1	0	0	1.515		100.023	70.8657	0.122871	0	1.22843	0.167992	13.5073	1		0.0088623	12.0616	48.8234	0	0	0	
2024-06-19 09:12:11	487	706	1	0	0	3.75	16	0	0	4	16	0	0	3.5	16	0	0	4.25	16	0	0	0.13		100.019	17.8117	0.543638	0	5.43533	0.242462	8.53779	1		0.0088623	12.0439	45.055	0	0	0	
2024-06-19 08:56:40	378	707	5	0	0	3	13	0	0	0	13	0	0	2.75	13	0	0	0	13	0	0	0.216		100.014	71.7346	0.707587	0	7.07485	0.251055	11.1131	1		0	12.0616	45.8346	0	0	0	
2024-06-19 08:53:34	356	708	9	0	0	2	9	0	0	0	9	0	0	6	9	0	0	0	9	0	0	3.464		100.022	71.7806	0.06346	0	0.634459	0.0680289	15.9457	1		0	12.0439	46.7443	0	0	0	
2024-06-19 08:54:16	361	709	5	0	0	2	9	0	0	0	9	0	0	4.75	9	0	0	0	9	0	0	2.381		100.019	71.2621	0.0821387	0	0.821233	0.219426	14.1899	1		0	12.0616	46.6143	0	0	0	
2024-06-19 09:02:26	418	710	9	0	0	7	29	0	0	0	29	0	0	5	29	0	0	0	29	0	0	1.732		100.01	70.3423	0.113657	0	1.13646	0.0890222	14.2812	1		0	12.0616	44.925	0	0	0	
2024-06-19 09:03:27	425	711	5	0	0	7	29	0	0	0	29	0	0	3.75	29	0	0	0	29	0	0	2.814		100.009	70.7434	0.0707468	0	0.707407	0.0878381	14.4455	1		0.0088623	12.0616	44.7951	0	0	0	
2024-06-19 08:51:58	345	712	1	0	0	1	5	0	0	0	5	0	0	3.25	5	0	0	0	5	0	0	1.948		100.021	70.7515	0.0939243	0	0.939043	0.0183765	13.2754	1		0	12.0616	47.7838	0	0	0	
2024-06-19 09:06:10	444	713	9	0	0	2.75	12	0	0	0	12	0	0	5	12	0	0	0	12	0	0	1.948		100.011	69.7749	0.0961854	0	0.961751	0.0894768	13.5964	1		0	12.0439	44.7951	0	0	0	
2024-06-19 08:59:48	400	714	5	0	0	5	21	0	0	0	21	0	0	1.75	21	0	0	0	21	0	0	2.814		100.015	73.2567	0.0720448	0	0.72034	0.322059	14.7096	1		0.0088623	12.0439	45.3149	0	0	0	
2024-06-19 08:53:34	356	715	1	0	0	2	9	0	0	0	9	0	0	1.5	9	0	0	0	9	0	0	0.433		100.022	71.7806	0.434038	0	4.33942	0.0778378	13.6327	1		0	12.0439	46.7443	0	0	0	
2024-06-19 08:51:17	341	716	1	0	0	0	1	0	0	0	1	0	0	2.75	1	0	0	0	1	0	0	2.381		100.025	71.623	0.111598	0	1.1157	0.349676	19.2779	2		0.0088623	12.0616	48.0437	0	0	0	
2024-06-19 09:06:02	443	717	9	0	0	3.25	14	0	0	0	14	0	0	4.5	14	0	0	0	14	0	0	1.082		100.014	70.3256	0.182243	0	1.82218	0.124321	14.3113	1		0.0088623	12.0616	44.7951	0	0	0	
2024-06-19 08:55:39	371	718	9	0	0	3	13	0	0	0	13	0	0	6.75	13	0	0	0	13	0	0	3.247		100.018	72.0619	0.0638758	0	0.638646	0.113266	15.0477	1		0.0088623	12.0616	46.0945	0	0	0	
2024-06-19 08:52:43	350	719	9	0	0	1	5	0	0	0	5	0	0	7.25	5	0	0	0	5	0	0	5.412		100.023	73.2173	0.0556519	0	0.556389	0.982889	21.8494	1		0.0088623	12.0439	47.394	0	0	0	
2024-06-19 09:00:56	408	720	5	0	0	6	25	0	0	0	25	0	0	7.5	25	0	0	0	25	0	0	1.299		100.011	71.7481	0.155637	0	1.55621	0.127919	14.6669	1		0.0088623	12.0616	45.055	0	0	0	
2024-06-19 09:01:04	409	721	5	0	0	6	25	0	0	0	25	0	0	6.25	25	0	0	0	25	0	0	0.216		100.011	71.26	0.783372	0	7.83288	0.263158	12.3039	1		0.0088623	12.0616	45.055	0	0	0	
2024-06-19 09:05:19	438	722	1	0	0	7.75	32	0	0	0	32	0	0	0.5	32	0	0	0	32	0	0	6.278		100.009	71.2549	0.0365549	0	0.365516	0.0715183	16.6504	1		0	12.0439	44.7951	0	0	0	
2024-06-19 08:59:56	401	723	1	0	0	5	21	0	0	0	21	0	0	3.5	21	0	0	0	21	0	0	1.299		100.014	73.5202	0.148088	0	1.48067	0.00861296	13.955	1		0.0088623	12.0439	45.3149	0	0	0	
2024-06-19 08:56:05	374	724	1	0	0	3	13	0	0	0	13	0	0	0.25	13	0	0	0	13	0	0	2.381		100.016	72.6692	0.0774671	0	0.774543	0.0785147	13.3831	1		0.0088623	12.0616	45.9646	0	0	0	
2024-06-19 08:52:27	348	725	1	0	0	1	5	0	0	0	5	0	0	1.25	5	0	0	0	5	0	0	0.216		100.025	71.5481	0.709352	0	7.09178	0.0892336	11.1397	1		0	12.0439	47.394	0	0	0	
2024-06-19 08:57:13	382	726	1	0	0	4	17	0	0	0	17	0	0	1.5	17	0	0	0	17	0	0	2.165		100.011	71.853	0.0855881	0	0.855786	0.0648979	13.4427	1		0.0088623	12.0439	45.5748	0	0	0	
2024-06-19 09:06:43	448	727	9	0	0	1.5	7	0	0	0	7	0	0	6.25	7	0	0	0	7	0	0	4.113		100.012	70.1247	0.0575442	0	0.575374	0.822118	17.1721	2		0	12.0439	44.925	0	0	0	
2024-06-19 09:04:38	433	728	5	0	0	7.75	32	0	0	0	32	0	0	5.25	32	0	0	0	32	0	0	2.165		100.008	70.5028	0.0881624	0	0.881556	0.032092	13.8474	1		0.0088623	12.0616	44.7951	0	0	0	
2024-06-19 09:04:55	435	729	5	0	0	7.75	32	0	0	0	32	0	0	4	32	0	0	0	32	0	0	3.247		100.01	70.047	0.059293	0	0.59287	0.320573	13.9692	1		0	12.0616	44.6651	0	0	0	
2024-06-19 09:01:41	413	730	1	0	0	6	25	0	0	0	25	0	0	1.25	25	0	0	0	25	0	0	4.113		100.014	70.6965	0.0580546	0	0.580464	0.506024	17.324	1		0	12.0439	44.925	0	0	0	
2024-06-19 08:58:04	388	731	5	0	0	4	17	0	0	0	17	0	0	3.5	17	0	0	0	17	0	0	0.433		100.017	72.9534	0.479988	0	4.79908	0.128508	15.0768	1		0	12.0439	45.4448	0	0	0	
2024-06-19 08:50:44	338	732	1	0	0	0	1	0	0	0	1	0	0	1	1	0	0	0	1	0	0	0.866		100.024	71.2041	0.230751	0	2.30697	0.505288	14.4951	1		0.0088623	12.0616	48.8234	0	0	0	
2024-06-19 08:53:42	357	733	9	0	0	2	9	0	0	0	9	0	0	5.25	9	0	0	0	9	0	0	2.814		100.021	71.4813	0.07614	0	0.76124	0.276732	15.5448	1		0.0088623	12.0616	46.8742	0	0	0	
2024-06-19 08:54:24	362	734	5	0	0	2	9	0	0	0	9	0	0	4	9	0	0	0	9	0	0	1.732		100.019	71.2984	0.108263	0	1.08242	0.0172946	13.6021	1		0	12.0616	46.6143	0	0	0	
2024-06-19 09:11:16	480	735	1	0	0	3.5	15	0	0	0	15	0	0	2.25	15	0	0	0	15	0	0	1.082		100.011	71.454	0.17549	0	1.75471	0.00859603	13.7814	1		0	12.0616	44.7951	0	0	0	
2024-06-19 09:03:51	428	736	1	0	0	7	29	0	0	0	29	0	0	3	29	0	0	0	29	0	0	3.464		100.01	72.5931	0.0589062	0	0.589006	0.375584	14.8033	1		0.0088623	12.0616	44.925	0	0	0	
2024-06-19 08:52:18	347	737	1	0	0	1	5	0	0	0	5	0	0	2.5	5	0	0	0	5	0	0	1.299		100.027	70.3064	0.142898	0	1.42859	0.231945	13.4641	1		0	12.0616	47.5239	0	0	0	
2024-06-19 08:50:35	337	738	9	0	0	0	1	0	0	0	1	0	0	6.75	1	0	0	0	1	0	0	5.845		100.022	71.045	0.0408405	0	0.408315	0.129753	17.3172	1		0	12.0616	48.9533	0	0	0	
2024-06-19 09:08:00	456	739	1	0	0	2.75	12	0	0	0	12	0	0	3	12	0	0	0	12	0	0	0.216		100.009	71.6818	0.709707	0	7.09641	0.235388	11.147	1		0	12.0439	44.925	0	0	0	
2024-06-19 09:00:04	402	740	1	0	0	5	21	0	0	0	21	0	0	1	21	0	0	0	21	0	0	3.464		100.013	73.5166	0.0618007	0	0.617925	0.160113	15.5301	1		0	12.0439	45.055	0	0	0	
2024-06-19 09:13:33	496	741	1	0	0	0.5	3	0	0	7.25	3	0	0	2.75	3	0	0	5	3	0	0	1.168		100.021	19.6161	0.0778676	0	0.778514	0.283339	11.006	2		0.0088623	12.0616	45.055	0	0	0	
2024-06-19 09:08:50	462	742	9	0	0	6.75	28	0	0	0	28	0	0	7	28	0	0	0	28	0	0	0.216		100.008	70.8541	0.758676	0	7.58618	0.181116	11.9163	1		0	12.0616	44.7951	0	0	0	
2024-06-19 08:53:51	358	743	1	0	0	2	9	0	0	0	9	0	0	0.75	9	0	0	0	9	0	0	1.082		100.021	71.6205	0.16923	0	1.69194	0.0816007	13.2885	1		0	12.0616	46.7443	0	0	0	
2024-06-19 08:56:05	374	744	9	0	0	3	13	0	0	0	13	0	0	6	13	0	0	0	13	0	0	2.598		100.016	72.6692	0.0779599	0	0.77947	0.13615	14.6927	1		0.0088623	12.0616	45.9646	0	0	0	
2024-06-19 08:55:31	370	745	9	0	0	3	13	0	0	0	13	0	0	4.75	13	0	0	0	13	0	0	1.515		100.017	72.3751	0.126568	0	1.26547	0.0388048	13.9146	1		0	12.0616	46.0945	0	0	0	
2024-06-19 08:52:35	349	746	5	0	0	1	5	0	0	0	5	0	0	7.75	5	0	0	0	5	0	0	5.845		100.024	70.9738	0.0387887	0	0.387795	0.114297	16.447	1		0.0088623	12.0616	47.394	0	0	0	
2024-06-19 08:51:58	345	747	5	0	0	1	5	0	0	0	5	0	0	6.5	5	0	0	0	5	0	0	4.762		100.021	70.7515	0.0508731	0	0.508623	0.573407	17.5767	1		0	12.0616	47.7838	0	0	0	
2024-06-19 09:00:56	408	748	9	0	0	6	25	0	0	0	25	0	0	5.5	25	0	0	0	25	0	0	0.433		100.011	71.7481	0.482248	0	4.82196	0.301959	15.1486	1		0.0088623	12.0616	45.055	0	0	0	
2024-06-19 09:00:22	404	749	9	0	0	6	25	0	0	0	25	0	0	4.25	25	0	0	0	25	0	0	1.515		100.01	71.9298	0.133542	0	1.33529	0.239149	14.6823	1		0	12.0616	44.7951	0	0	0	
2024-06-19 08:59:41	399	750	1	0	0	5	21	0	0	0	21	0	0	2.75	21	0	0	0	21	0	0	1.948		100.013	73.1128	0.0962771	0	0.962641	0.161988	13.609	1		0.0088623	12.0439	45.3149	0	0	0	
2024-06-19 08:53:17	354	751	5	0	0	1	5	0	0	0	5	0	0	0.5	5	0	0	0	5	0	0	0.433		100.02	71.8803	0.450639	0	4.50551	0.194612	14.1545	1		0.0088623	12.0616	47.0042	0	0	0	
2024-06-19 08:57:05	381	752	1	0	0	4	17	0	0	0	17	0	0	0.75	17	0	0	0	17	0	0	2.814		100.016	71.5575	0.068935	0	0.68924	0.272624	14.0745	1		0.0088623	12.0439	45.7047	0	0	0	
2024-06-19 09:05:19	438	753	5	0	0	7.75	32	0	0	0	32	0	0	3.25	32	0	0	0	32	0	0	3.897		100.009	71.2549	0.0502641	0	0.502596	0.180742	14.2106	1		0	12.0439	44.7951	0	0	0	
2024-06-19 09:12:43	491	754	1	0	0	2.75	12	0	0	5	12	0	0	0.5	12	0	0	7.25	12	0	0	1.168		100.024	19.337	0.078343	0	0.783242	0.250193	11.0728	1		0.0088623	12.0439	45.055	0	0	0	
2024-06-19 09:06:55	449	755	9	0	0	1.25	6	0	0	0	6	0	0	6.5	6	0	0	0	6	0	0	4.546		100.011	69.708	0.0515101	0	0.515046	0.269687	16.9897	1		0.0088623	12.0616	44.7951	0	0	0	
2024-06-19 09:01:49	414	756	5	0	0	6	25	0	0	0	25	0	0	0.5	25	0	0	0	25	0	0	4.762		100.014	70.4693	0.0539283	0	0.539208	0.461767	18.6337	1		0	12.0439	44.7951	0	0	0	
2024-06-19 08:58:31	391	757	5	0	0	4	17	0	0	0	17	0	0	2.75	17	0	0	0	17	0	0	1.082		100.01	70.9593	0.179221	0	1.79203	0.163625	14.0746	1		0	12.0616	45.055	0	0	0	
2024-06-19 08:49:48	332	758	1	0	0	0	1	0	0	0	1	0	0	0.25	1	0	0	0	1	0	0	0.216		100.023	69.1784	0.712581	0	7.12419	0.0349967	11.1907	1		0.0088623	12.0705	49.733	0	0	0	
2024-06-19 08:54:57	366	759	1	0	0	2	9	0	0	0	9	0	0	3.25	9	0	0	0	9	0	0	1.082		100.023	73.6003	0.175943	0	1.75903	0.0123282	13.8154	1		0	12.0439	46.3544	0	0	0	
2024-06-19 09:02:53	421	760	1	0	0	7	29	0	0	0	29	0	0	1.75	29	0	0	0	29	0	0	4.546		100.012	70.3544	0.049911	0	0.499052	0.446665	16.4621	1		0	12.0439	44.925	0	0	0	
2024-06-19 08:50:18	335	761	5	0	0	0	1	0	0	0	1	0	0	6	1	0	0	0	1	0	0	5.195		100.024	70.6645	0.0487797	0	0.487679	0.991332	18.3851	1		0	12.0616	49.2132	0	0	0	
2024-06-19 08:50:10	334	762	5	0	0	0	1	0	0	0	1	0	0	4.75	1	0	0	0	1	0	0	4.113		100.027	70.3832	0.0522264	0	0.522124	0.157128	15.5829	1		0.0088623	12.0616	49.2132	0	0	0	
2024-06-19 09:10:28	474	763	1	0	0	7.25	30	0	0	0	30	0	0	0.5	30	0	0	0	30	0	0	5.845		100.013	72.1943	0.0468844	0	0.468784	0.45369	19.8818	1		0.0088623	12.0616	44.7951	0	0	0	
2024-06-19 09:00:04	402	764	5	0	0	5	21	0	0	0	21	0	0	0.25	21	0	0	0	21	0	0	4.113		100.013	73.5166	0.0514447	0	0.514379	0.121199	15.3517	1		0	12.0439	45.055	0	0	0	
2024-06-19 08:58:48	393	765	9	0	0	5	21	0	0	0	21	0	0	6.75	21	0	0	0	21	0	0	1.515		100.012	70.4445	0.135345	0	1.35329	0.058527	14.8802	2		0	12.0616	45.1849	0	0	0	
2024-06-19 08:56:40	378	766	1	0	0	3	13	0	0	0	13	0	0	2.25	13	0	0	0	13	0	0	0.649		100.014	71.7346	0.301216	0	3.01173	0.231108	14.1924	1		0	12.0616	45.8346	0	0	0	
2024-06-19 08:54:08	360	767	1	0	0	2	9	0	0	0	9	0	0	0	9	0	0	0	9	0	0	1.732		100.02	71.7604	0.124077	0	1.24052	0.189583	15.5888	1		0	12.0439	46.6143	0	0	0	
2024-06-19 09:09:00	463	768	9	0	0	6.5	27	0	0	0	27	0	0	7.25	27	0	0	0	27	0	0	0.649		100.01	70.0638	0.325914	0	3.2588	0.405109	15.3568	1		0	12.0616	44.7951	0	0	0	
2024-06-19 09:04:29	432	769	5	0	0	7.75	32	0	0	0	32	0	0	7.25	32	0	0	0	32	0	0	0.433		100.011	70.2769	0.463428	0	4.63376	0.467074	14.5574	1		0	12.0616	44.925	0	0	0	
2024-06-19 09:10:36	475	770	1	0	0	7.5	31	0	0	0	31	0	0	0.25	31	0	0	0	31	0	0	6.278		100.008	70.2516	0.0365654	0	0.365624	0.289675	16.6553	1		0	12.0616	44.7951	0	0	0	
2024-06-19 09:07:36	453	771	1	0	0	0.75	4	0	0	0	4	0	0	1	4	0	0	0	4	0	0	0.216		100.013	72.2646	0.712175	0	7.1208	0.236875	11.1853	1		0	12.0439	44.925	0	0	0	
2024-06-19 09:09:48	469	772	1	0	0	5.5	23	0	0	0	23	0	0	2.25	23	0	0	0	23	0	0	2.814		100.014	71.8275	0.0793885	0	0.793771	0.203292	16.2091	1		0.0088623	12.0439	44.925	0	0	0	
2024-06-19 08:57:40	385	773	5	0	0	4	17	0	0	0	17	0	0	6.75	17	0	0	0	17	0	0	2.381		100.013	70.7442	0.0839409	0	0.8393	0.0606072	14.5021	1		0.0088623	12.0616	45.3149	0	0	0	
2024-06-19 08:55:14	368	774	5	0	0	3	13	0	0	0	13	0	0	5.25	13	0	0	0	13	0	0	1.948		100.02	72.1158	0.0993981	0	0.993779	0.116893	14.0492	1		0	12.0616	46.0945	0	0	0	
2024-06-19 08:56:14	375	775	9	0	0	3	13	0	0	0	13	0	0	4	13	0	0	0	13	0	0	0.866		100.017	72.2043	0.234281	0	2.3424	0.188724	14.7177	1		0.0088623	12.0439	45.8346	0	0	0	
2024-06-19 08:54:08	360	776	5	0	0	2	9	0	0	0	9	0	0	7.25	9	0	0	0	9	0	0	4.546		100.02	71.7604	0.0535098	0	0.534992	0.133177	17.6476	1		0	12.0439	46.6143	0	0	0	
2024-06-19 09:02:07	416	777	5	0	0	7	29	0	0	0	29	0	0	7.5	29	0	0	0	29	0	0	0.433		100.012	70.8736	0.456454	0	4.56401	0.334757	14.3383	1		0.0088623	12.0616	44.925	0	0	0	
2024-06-19 09:02:35	419	778	5	0	0	7	29	0	0	0	29	0	0	6.25	29	0	0	0	29	0	0	0.649		100.014	72.562	0.331231	0	3.31183	0.263009	15.6066	1		0	12.0439	45.055	0	0	0	
2024-06-19 08:52:07	346	779	1	0	0	1	5	0	0	0	5	0	0	5.75	5	0	0	0	5	0	0	4.113		100.02	70.2912	0.0526142	0	0.526037	0.0164048	15.6996	2		0.0088623	12.0616	47.6539	0	0	0	
2024-06-19 08:52:18	347	780	5	0	0	1	5	0	0	0	5	0	0	4.5	5	0	0	0	5	0	0	3.031		100.027	70.3064	0.0685303	0	0.685117	0.910158	15.0665	1		0	12.0616	47.5239	0	0	0	
2024-06-19 09:00:30	405	781	1	0	0	6	25	0	0	0	25	0	0	3.5	25	0	0	0	25	0	0	2.165		100.011	71.5472	0.0890708	0	0.890609	0.101567	13.9897	1		0.0088623	12.0616	44.7951	0	0	0	
2024-06-19 08:57:22	383	782	1	0	0	4	17	0	0	0	17	0	0	0	17	0	0	0	17	0	0	3.464		100.009	71.33	0.060295	0	0.602893	0.145283	15.1524	1		0.0088623	12.0439	45.5748	0	0	0	
2024-06-19 09:04:29	432	783	1	0	0	7.75	32	0	0	0	32	0	0	2.5	32	0	0	0	32	0	0	4.546		100.011	70.2769	0.0456113	0	0.456061	0.267302	15.044	1		0	12.0616	44.925	0	0	0	
2024-06-19 08:54:50	365	784	1	0	0	2	9	0	0	0	9	0	0	2.5	9	0	0	0	9	0	0	0.433		100.018	71.976	0.432202	0	4.32126	0.161112	13.5756	1		0.0088623	12.0439	46.3544	0	0	0	
2024-06-19 09:03:18	424	785	1	0	0	7	29	0	0	0	29	0	0	1	29	0	0	0	29	0	0	5.195		100.01	72.3495	0.045912	0	0.459072	0.635523	17.3066	1		0.0088623	12.0439	45.055	0	0	0	
2024-06-19 08:50:26	336	786	5	0	0	0	1	0	0	0	1	0	0	5.25	1	0	0	0	1	0	0	4.546		100.023	70.8657	0.0500818	0	0.500701	0.0216633	16.5165	1		0.0088623	12.0616	48.8234	0	0	0	
2024-06-19 08:50:10	334	787	9	0	0	0	1	0	0	0	1	0	0	4	1	0	0	0	1	0	0	3.464		100.027	70.3832	0.0603236	0	0.603074	0.028136	15.1569	1		0.0088623	12.0616	49.2132	0	0	0	
2024-06-19 09:05:36	440	788	5	0	0	7.75	32	0	0	0	32	0	0	1.75	32	0	0	0	32	0	0	5.195		100.016	72.6044	0.0409943	0	0.409878	0.293716	15.452	1		0.0088623	12.0439	44.7951	0	0	0	
2024-06-19 08:59:23	397	789	9	0	0	5	21	0	0	0	21	0	0	6	21	0	0	0	21	0	0	0.866		100.012	73.2727	0.243994	0	2.43963	0.155373	15.3287	1		0.0088623	12.0616	45.1849	0	0	0	
2024-06-19 08:58:48	393	790	5	0	0	5	21	0	0	0	21	0	0	4.75	21	0	0	0	21	0	0	0.216		100.012	70.4445	0.738489	0	7.38403	0.0701199	11.5988	2		0	12.0616	45.1849	0	0	0	
2024-06-19 08:56:14	375	791	1	0	0	3	13	0	0	0	13	0	0	1.5	13	0	0	0	13	0	0	1.299		100.017	72.2043	0.141184	0	1.41159	0.189289	13.3039	1		0.0088623	12.0439	45.8346	0	0	0	
2024-06-19 09:04:46	434	792	5	0	0	7.75	32	0	0	0	32	0	0	6.5	32	0	0	0	32	0	0	1.082		100.009	70.3133	0.19092	0	1.90903	0.0162362	14.9935	1		0	12.0616	44.7951	0	0	0	
2024-06-19 09:06:27	446	793	9	0	0	2.25	10	0	0	0	10	0	0	5.5	10	0	0	0	10	0	0	2.814		100.008	70.6271	0.0785241	0	0.785175	0.0894666	16.0335	1		0.0088623	12.0439	44.7951	0	0	0	
2024-06-19 09:12:36	490	794	1	0	0	3	13	0	0	4.75	13	0	0	1.25	13	0	0	6.5	13	0	0	0.908		100.017	19.6147	0.1014	0	1.01383	0.171644	11.1476	1		0	12.0616	44.7951	0	0	0	
2024-06-19 08:57:05	381	795	5	0	0	4	17	0	0	0	17	0	0	6	17	0	0	0	17	0	0	1.732		100.016	71.5575	0.114664	0	1.14646	0.157918	14.4068	1		0.0088623	12.0439	45.7047	0	0	0	
2024-06-19 08:57:05	381	796	9	0	0	4	17	0	0	0	17	0	0	4.75	17	0	0	0	17	0	0	0.649		100.016	71.5575	0.337245	0	3.37191	0.0506184	15.8898	1		0.0088623	12.0439	45.7047	0	0	0	
2024-06-19 08:51:17	341	797	5	0	0	0	1	0	0	0	1	0	0	2.25	1	0	0	0	1	0	0	1.948		100.025	71.623	0.105358	0	1.05331	0.143262	14.8909	2		0.0088623	12.0616	48.0437	0	0	0	
2024-06-19 09:12:28	489	798	1	0	0	3.25	14	0	0	4.5	14	0	0	2	14	0	0	5.75	14	0	0	0.649		100.014	19.4507	0.171815	0	1.7179	0.56162	13.4924	1		0.0088623	12.0616	45.055	0	0	0	
2024-06-19 08:55:22	369	799	1	0	0	3	13	0	0	0	13	0	0	3.25	13	0	0	0	13	0	0	0.216		100.018	71.8168	0.729792	0	7.29663	0.173081	11.4615	1		0	12.0439	46.0945	0	0	0	
2024-06-19 08:53:59	359	800	5	0	0	2	9	0	0	0	9	0	0	7.75	9	0	0	0	9	0	0	4.979		100.019	71.7745	0.043005	0	0.429971	0.132571	15.5341	1		0	12.0439	46.7443	0	0	0	
2024-06-19 08:53:51	358	801	9	0	0	2	9	0	0	0	9	0	0	6.5	9	0	0	0	9	0	0	3.897		100.021	71.6205	0.0551287	0	0.551169	0.157101	15.5839	1		0	12.0616	46.7443	0	0	0	
2024-06-19 09:03:01	422	802	5	0	0	7	29	0	0	0	29	0	0	5.5	29	0	0	0	29	0	0	1.299		100.009	70.5657	0.15716	0	1.57147	0.0737789	14.8108	1		0	12.0616	44.925	0	0	0	
2024-06-19 09:02:53	421	803	9	0	0	7	29	0	0	0	29	0	0	4.25	29	0	0	0	29	0	0	2.381		100.012	70.3544	0.0833351	0	0.833254	0.0390439	14.3976	1		0	12.0439	44.925	0	0	0	
2024-06-19 08:51:46	344	804	9	0	0	1	5	0	0	0	5	0	0	5	5	0	0	0	5	0	0	3.464		100.023	70.2787	0.0619099	0	0.618959	0.045902	15.5561	2		0.0088623	12.0616	47.9138	0	0	0	
2024-06-19 08:53:08	353	805	1	0	0	1	5	0	0	0	5	0	0	3.75	5	0	0	0	5	0	0	2.381		100.025	73.4496	0.0800702	0	0.800504	0.212139	13.8317	1		0.0088623	12.0439	47.1341	0	0	0	
2024-06-19 09:01:57	415	806	1	0	0	6	25	0	0	0	25	0	0	2.75	25	0	0	0	25	0	0	2.814		100.011	70.8051	0.071383	0	0.713754	0.0885061	14.5751	1		0	12.0616	44.925	0	0	0	
2024-06-19 08:59:16	396	807	1	0	0	5	21	0	0	0	21	0	0	2.25	21	0	0	0	21	0	0	2.381		100.009	71.0378	0.0800663	0	0.800594	0.184609	13.8333	1		0.0088623	12.0439	45.3149	0	0	0	
2024-06-19 09:03:01	422	808	1	0	0	7	29	0	0	0	29	0	0	0.25	29	0	0	0	29	0	0	5.845		100.009	70.5657	0.0403322	0	0.403288	0.274823	17.104	1		0	12.0616	44.925	0	0	0	
2024-06-19 08:50:35	337	809	1	0	0	0	1	0	0	0	1	0	0	3.25	1	0	0	0	1	0	0	2.814		100.022	71.045	0.0694026	0	0.693873	0.157667	14.1691	1		0	12.0616	48.9533	0	0	0	
2024-06-19 08:55:55	373	810	9	0	0	3	13	0	0	0	13	0	0	7.25	13	0	0	0	13	0	0	3.68		100.015	74.0131	0.0643395	0	0.643296	0.348988	17.1783	1		0	12.0439	46.0945	0	0	0	
2024-06-19 09:00:47	407	811	5	0	0	6	25	0	0	0	25	0	0	6.75	25	0	0	0	25	0	0	0.649		100.011	73.2514	0.342543	0	3.42506	0.0886947	16.1402	1		0	12.0616	45.1849	0	0	0	
2024-06-19 09:05:45	441	812	9	0	0	3.75	16	0	0	0	16	0	0	4	16	0	0	0	16	0	0	0.216		100.011	70.6747	0.793995	0	7.93911	0.0994425	12.4707	1		0.0088623	12.0616	44.7951	0	0	0	
2024-06-19 09:04:20	431	813	1	0	0	7.75	32	0	0	0	32	0	0	1	32	0	0	0	32	0	0	5.845		100.01	70.1549	0.0381523	0	0.381486	0.179244	16.1794	1		0.0088623	12.0616	44.7951	0	0	0	
2024-06-19 08:59:23	397	814	5	0	0	5	21	0	0	0	21	0	0	5.25	21	0	0	0	21	0	0	0.216		100.012	73.2727	0.749193	0	7.491	0.199213	11.7668	1		0.0088623	12.0616	45.1849	0	0	0	
2024-06-19 08:59:08	395	815	5	0	0	5	21	0	0	0	21	0	0	4	21	0	0	0	21	0	0	0.866		100.009	71.2362	0.241996	0	2.41974	0.206162	15.2037	1		0.0088623	12.0616	45.1849	0	0	0	
2024-06-19 08:55:31	370	816	1	0	0	3	13	0	0	0	13	0	0	0.75	13	0	0	0	13	0	0	1.948		100.017	72.3751	0.0935903	0	0.935747	0.0682767	13.2288	1		0	12.0616	46.0945	0	0	0	
2024-06-19 08:53:01	352	817	5	0	0	1	5	0	0	0	5	0	0	1.75	5	0	0	0	5	0	0	0.649		100.018	71.2825	0.299269	0	2.99215	0.139404	14.1002	1		0.0088623	12.0616	47.1341	0	0	0	
2024-06-19 08:56:56	380	818	1	0	0	4	17	0	0	0	17	0	0	2	17	0	0	0	17	0	0	1.732		100.013	71.5693	0.107522	0	1.07508	0.106001	13.5099	1		0	12.0616	45.7047	0	0	0	
2024-06-19 09:04:55	435	819	9	0	0	7.75	32	0	0	0	32	0	0	5.75	32	0	0	0	32	0	0	1.732		100.01	70.047	0.112955	0	1.12944	0.116158	14.193	1		0	12.0616	44.6651	0	0	0	
2024-06-19 09:04:00	429	820	9	0	0	7.75	32	0	0	0	32	0	0	4.5	32	0	0	0	32	0	0	2.814		100.006	69.5744	0.0681903	0	0.68186	0.0766837	13.9238	2		0.0088623	12.0616	44.925	0	0	0	
2024-06-19 09:08:17	458	821	1	0	0	2.25	10	0	0	0	10	0	0	3.5	10	0	0	0	10	0	0	1.082		100.01	72.5322	0.175537	0	1.75519	0.0965415	13.7852	1		0	12.0616	44.925	0	0	0	
2024-06-19 09:07:28	452	822	9	0	0	0.25	2	0	0	0	2	0	0	7.5	2	0	0	0	2	0	0	6.278		100.011	71.3447	0.0376629	0	0.376587	0.25898	17.1547	1		0	12.0616	44.7951	0	0	0	
2024-06-19 09:01:23	411	823	1	0	0	6	25	0	0	0	25	0	0	1.75	25	0	0	0	25	0	0	3.68		100.014	72.8415	0.0634916	0	0.634828	0.648223	16.9522	1		0.0088623	12.0439	44.7951	0	0	0	
2024-06-19 08:57:13	382	824	9	0	0	4	17	0	0	0	17	0	0	5.25	17	0	0	0	17	0	0	1.082		100.011	71.853	0.192202	0	1.92181	0.0386689	15.0938	1		0.0088623	12.0439	45.5748	0	0	0	
2024-06-19 08:51:29	342	825	5	0	0	0	1	0	0	0	1	0	0	1.5	1	0	0	0	1	0	0	1.299		100.022	70.9753	0.144035	0	1.44004	0.267863	13.5721	1		0.0088623	12.0616	48.1737	0	0	0	
2024-06-19 08:55:39	371	826	1	0	0	3	13	0	0	0	13	0	0	2.5	13	0	0	0	13	0	0	0.433		100.018	72.0619	0.436356	0	4.36279	0.196548	13.7061	1		0.0088623	12.0616	46.0945	0	0	0	
2024-06-19 08:54:33	363	827	5	0	0	2	9	0	0	0	9	0	0	5.75	9	0	0	0	9	0	0	3.247		100.019	71.3343	0.0648728	0	0.648605	0.134317	15.2824	1		0	12.0439	46.3544	0	0	0	
2024-06-19 08:54:16	361	828	9	0	0	2	9	0	0	0	9	0	0	4.5	9	0	0	0	9	0	0	2.165		100.019	71.2621	0.0886649	0	0.886482	0.142728	13.9248	1		0	12.0616	46.6143	0	0	0	
2024-06-19 09:03:35	426	829	5	0	0	7	29	0	0	0	29	0	0	3.5	29	0	0	0	29	0	0	3.031		100.013	72.5106	0.0654841	0	0.654758	0.176909	14.3989	1		0.0088623	11.9287	44.925	0	0	0	
2024-06-19 08:53:08	353	830	5	0	0	1	5	0	0	0	5	0	0	3	5	0	0	0	5	0	0	1.732		100.025	73.4496	0.105496	0	1.0547	0.110534	13.2538	1		0.0088623	12.0439	47.1341	0	0	0	
2024-06-19 08:50:52	339	831	9	0	0	0	1	0	0	0	1	0	0	7.25	1	0	0	0	1	0	0	6.278		100.024	71.2317	0.0406765	0	0.406668	0.472724	18.525	1		0	12.0439	48.4336	0	0	0	
2024-06-19 08:59:33	398	832	1	0	0	5	21	0	0	0	21	0	0	1.5	21	0	0	0	21	0	0	3.031		100.01	71.5792	0.0664723	0	0.664659	0.287334	14.6166	1		0	12.0616	45.055	0	0	0	
2024-06-19 08:53:59	359	833	1	0	0	2	9	0	0	0	9	0	0	1.25	9	0	0	0	9	0	0	0.649		100.019	71.7745	0.291567	0	2.91513	0.110496	13.7372	1		0	12.0439	46.7443	0	0	0	
2024-06-19 09:10:53	477	834	1	0	0	1.5	7	0	0	0	7	0	0	0.25	7	0	0	0	7	0	0	1.082		100.009	68.5323	0.172666	0	1.7265	0.0583428	13.5599	1		0.0088623	12.0439	44.925	0	0	0	
2024-06-19 08:50:10	334	835	1	0	0	0	1	0	0	0	1	0	0	2.5	1	0	0	0	1	0	0	2.165		100.027	70.3832	0.0888286	0	0.888048	0.283126	13.9494	1		0.0088623	12.0616	49.2132	0	0	0	
2024-06-19 09:10:04	471	836	1	0	0	6.25	26	0	0	0	26	0	0	1.5	26	0	0	0	26	0	0	4.113		100.011	72.2692	0.0553537	0	0.553476	0.956104	16.5186	1		0.0088623	12.0616	44.925	0	0	0	
2024-06-19 09:11:55	485	837	9	0	0	7.25	30	0	0	0	30	0	0	6.5	30	0	0	0	30	0	0	0.649		100.016	71.7952	0.320788	0	3.20737	0.0391837	15.1144	1		0.0088623	12.0439	44.7951	0	0	0	
2024-06-19 08:55:39	371	838	5	0	0	3	13	0	0	0	13	0	0	7.75	13	0	0	0	13	0	0	4.113		100.018	72.0619	0.0496766	0	0.496679	0.164006	14.8234	1		0.0088623	12.0616	46.0945	0	0	0	
2024-06-19 08:56:14	375	839	5	0	0	3	13	0	0	0	13	0	0	6.5	13	0	0	0	13	0	0	3.031		100.017	72.2043	0.06787	0	0.678582	0.0181538	14.9228	1		0.0088623	12.0439	45.8346	0	0	0	
2024-06-19 08:52:18	347	840	9	0	0	1	5	0	0	0	5	0	0	7	5	0	0	0	5	0	0	5.195		100.027	70.3064	0.0451653	0	0.451531	0.0913235	17.0223	1		0	12.0616	47.5239	0	0	0	
2024-06-19 09:01:13	410	841	9	0	0	6	25	0	0	0	25	0	0	4.75	25	0	0	0	25	0	0	1.082		100.011	70.2087	0.191204	0	1.91183	0.00480528	15.0154	2		0	12.0616	44.925	0	0	0	
2024-06-19 09:04:38	433	842	1	0	0	7.75	32	0	0	0	32	0	0	0.25	32	0	0	0	32	0	0	6.494		100.008	70.5028	0.0342677	0	0.342651	0.216758	16.147	1		0.0088623	12.0616	44.7951	0	0	0	
2024-06-19 08:59:23	397	843	1	0	0	5	21	0	0	0	21	0	0	3.25	21	0	0	0	21	0	0	1.515		100.012	73.2727	0.124674	0	1.24659	0.0305174	13.7069	1		0.0088623	12.0616	45.1849	0	0	0	
2024-06-19 08:55:48	372	844	1	0	0	3	13	0	0	0	13	0	0	0	13	0	0	0	13	0	0	2.598		100.02	72.3208	0.0753458	0	0.753308	0.172208	14.1995	1		0.0088623	12.0616	45.8346	0	0	0	
2024-06-19 09:05:53	442	845	9	0	0	3.5	15	0	0	0	15	0	0	4.25	15	0	0	0	15	0	0	0.649		100.01	69.7345	0.323352	0	3.2332	0.0688068	15.2361	1		0	12.0616	44.7951	0	0	0	
2024-06-19 08:58:04	388	846	1	0	0	4	17	0	0	0	17	0	0	1.25	17	0	0	0	17	0	0	2.381		100.017	72.9534	0.0797256	0	0.797123	0.200824	13.7733	1		0	12.0439	45.4448	0	0	0	
2024-06-19 09:04:20	431	847	5	0	0	7.75	32	0	0	0	32	0	0	5	32	0	0	0	32	0	0	2.381		100.01	70.1549	0.0800534	0	0.800455	0.267584	13.8309	1		0.0088623	12.0616	44.7951	0	0	0	
2024-06-19 09:05:10	437	848	5	0	0	7.75	32	0	0	0	32	0	0	3.75	32	0	0	0	32	0	0	3.464		100.016	72.6392	0.0560462	0	0.560374	0.220445	14.0837	1		0	12.0439	44.7951	0	0	0	
2024-06-19 09:13:25	495	849	1	0	0	1.25	6	0	0	6.5	6	0	0	3	6	0	0	4.75	6	0	0	0.908		100.015	19.4873	0.104927	0	1.04911	0.233741	11.5356	1		0.0088623	12.0439	44.7951	0	0	0	
2024-06-19 09:01:33	412	850	1	0	0	6	25	0	0	0	25	0	0	1	25	0	0	0	25	0	0	4.33		100.01	70.9025	0.0561689	0	0.561636	0.166311	17.6443	1		0.0088623	12.0616	45.055	0	0	0	
2024-06-19 08:58:22	390	851	1	0	0	4	17	0	0	0	17	0	0	3.25	17	0	0	0	17	0	0	0.649		100.01	70.6723	0.323211	0	3.23179	0.149448	15.2295	1		0	12.0616	45.3149	0	0	0	
2024-06-19 08:51:01	340	852	5	0	0	0	1	0	0	0	1	0	0	0.75	1	0	0	0	1	0	0	0.649		100.024	69.5244	0.540154	0	5.40024	3.33477	25.448	4		0.0088623	12.0616	48.3036	0	0	0	
2024-06-19 09:12:53	492	853	1	0	0	3.5	15	0	0	4.25	15	0	0	3.75	15	0	0	4	15	0	0	0.13		100.019	18.5854	0.538451	0	5.38347	0.293366	8.45634	1		0	12.0616	45.055	0	0	0	
2024-06-19 08:53:59	359	854	9	0	0	2	9	0	0	0	9	0	0	5	9	0	0	0	9	0	0	2.598		100.019	71.7745	0.0764333	0	0.764191	0.145816	14.4047	1		0	12.0439	46.7443	0	0	0	
2024-06-19 08:54:57	366	855	5	0	0	2	9	0	0	0	9	0	0	3.75	9	0	0	0	9	0	0	1.515		100.023	73.6003	0.127587	0	1.27558	0.241341	14.0258	1		0	12.0439	46.3544	0	0	0	
2024-06-19 09:03:27	425	856	1	0	0	7	29	0	0	0	29	0	0	2.75	29	0	0	0	29	0	0	3.68		100.009	70.7434	0.0560615	0	0.560567	0.186805	14.9691	1		0.0088623	12.0616	44.7951	0	0	0	
2024-06-19 09:03:35	426	857	1	0	0	7	29	0	0	0	29	0	0	2.25	29	0	0	0	29	0	0	4.113		100.013	72.5106	0.0517055	0	0.51699	0.308359	15.4296	1		0.0088623	11.9287	44.925	0	0	0	
2024-06-19 08:50:01	333	858	5	0	0	0	1	0	0	0	1	0	0	7.75	1	0	0	0	1	0	0	6.711		100.022	70.4222	0.0351345	0	0.351266	0.425868	17.1048	1		0.0088623	12.0616	49.4731	0	0	0	
2024-06-19 08:50:44	338	859	5	0	0	0	1	0	0	0	1	0	0	6.5	1	0	0	0	1	0	0	5.628		100.024	71.2041	0.0419637	0	0.419538	0.374862	17.1342	1		0.0088623	12.0616	48.8234	0	0	0	
2024-06-19 08:58:59	394	860	1	0	0	5	21	0	0	0	21	0	0	0.75	21	0	0	0	21	0	0	3.68		100.015	71.0676	0.0583227	0	0.58314	0.0731898	15.5719	1		0.0088623	12.0616	45.055	0	0	0	
2024-06-19 08:58:39	392	861	5	0	0	5	21	0	0	0	21	0	0	7.25	21	0	0	0	21	0	0	1.948		100.012	71.6153	0.111722	0	1.11708	0.759606	15.7923	1		0.0088623	12.0616	45.3149	0	0	0	
2024-06-19 09:11:48	484	862	9	0	0	5.75	24	0	0	0	24	0	0	4	24	0	0	0	24	0	0	1.515		100.017	72.1343	0.129113	0	1.29091	0.127303	14.1943	1		0.0088623	12.0439	44.6651	0	0	0	
2024-06-19 09:08:34	460	863	9	0	0	4.5	19	0	0	0	19	0	0	5.25	19	0	0	0	19	0	0	0.649		100.008	70.3036	0.32352	0	3.23495	0.0486074	15.2443	1		0.0088623	12.0616	44.7951	0	0	0	
2024-06-19 09:13:01	493	864	1	0	0	2.75	12	0	0	5	12	0	0	3.5	12	0	0	4.25	12	0	0	0.389		100.02	19.3666	0.302406	0	3.02345	1.09126	14.2477	4		0	12.0616	44.925	0	0	0	
2024-06-19 08:54:16	361	865	1	0	0	2	9	0	0	0	9	0	0	0.5	9	0	0	0	9	0	0	1.299		100.019	71.2621	0.140871	0	1.40845	0.0928694	13.2743	1		0	12.0616	46.6143	0	0	0	
2024-06-19 09:07:12	451	866	9	0	0	0.5	3	0	0	0	3	0	0	7.25	3	0	0	0	3	0	0	5.845		100.009	69.2166	0.0560548	0	0.560497	1.39869	23.7715	4		0	12.0616	44.925	0	0	0	
2024-06-19 08:56:56	380	867	9	0	0	4	17	0	0	0	17	0	0	7.25	17	0	0	0	17	0	0	2.814		100.013	71.5693	0.0759055	0	0.758957	0.140448	15.4982	1		0	12.0616	45.7047	0	0	0	
2024-06-19 08:55:48	372	868	5	0	0	3	13	0	0	0	13	0	0	5.75	13	0	0	0	13	0	0	2.381		100.02	72.3208	0.0808325	0	0.808164	0.082128	13.9641	1		0.0088623	12.0616	45.8346	0	0	0	
2024-06-19 08:55:48	372	869	9	0	0	3	13	0	0	0	13	0	0	4.5	13	0	0	0	13	0	0	1.299		100.02	72.3208	0.148531	0	1.48501	0.124625	13.9959	1		0.0088623	12.0616	45.8346	0	0	0	
2024-06-19 09:02:53	421	870	5	0	0	7	29	0	0	0	29	0	0	6.75	29	0	0	0	29	0	0	0.216		100.012	70.3544	0.75778	0	7.57692	0.290928	11.9018	1		0	12.0439	44.925	0	0	0	
2024-06-19 08:52:53	351	871	5	0	0	1	5	0	0	0	5	0	0	7.5	5	0	0	0	5	0	0	5.628		100.021	71.6038	0.0415612	0	0.415523	0.22652	16.9703	1		0	12.0616	47.264	0	0	0	
2024-06-19 08:52:27	348	872	5	0	0	1	5	0	0	0	5	0	0	6.25	5	0	0	0	5	0	0	4.546		100.025	71.5481	0.0527274	0	0.527145	0.0300945	17.3888	1		0	12.0439	47.394	0	0	0	
2024-06-19 09:01:04	409	873	9	0	0	6	25	0	0	0	25	0	0	5.25	25	0	0	0	25	0	0	0.649		100.011	71.26	0.327898	0	3.27863	0.290134	15.4502	1		0.0088623	12.0616	45.055	0	0	0	
2024-06-19 09:00:22	404	874	5	0	0	6	25	0	0	0	25	0	0	4	25	0	0	0	25	0	0	1.732		100.01	71.9298	0.113407	0	1.13396	0.0151097	14.2498	1		0	12.0616	44.7951	0	0	0	
2024-06-19 09:00:13	403	875	1	0	0	5	21	0	0	0	21	0	0	2.5	21	0	0	0	21	0	0	2.165		100.014	73.779	0.0918365	0	0.918234	0.65517	14.4236	1		0.0088623	12.0439	45.1849	0	0	0	
2024-06-19 08:52:43	350	876	1	0	0	1	5	0	0	0	5	0	0	0.25	5	0	0	0	5	0	0	0.649		100.023	73.2173	0.306133	0	3.06062	0.0111999	14.4228	1		0.0088623	12.0439	47.394	0	0	0	
2024-06-19 08:57:57	387	877	1	0	0	4	17	0	0	0	17	0	0	0.5	17	0	0	0	17	0	0	3.031		100.011	70.863	0.0658039	0	0.657965	0.295817	14.4694	1		0.0088623	12.0616	45.4448	0	0	0	
2024-06-19 09:04:12	430	878	1	0	0	7.75	32	0	0	0	32	0	0	3	32	0	0	0	32	0	0	4.113		100.01	70.2949	0.048179	0	0.481742	0.507283	14.3776	1		0	12.0616	44.925	0	0	0	
2024-06-19 09:01:49	414	879	1	0	0	6	25	0	0	0	25	0	0	0.25	25	0	0	0	25	0	0	4.979		100.014	70.4693	0.0468352	0	0.468287	0.152341	16.9184	1		0	12.0439	44.7951	0	0	0	
2024-06-19 09:09:40	468	880	1	0	0	5.25	22	0	0	0	22	0	0	2.5	22	0	0	0	22	0	0	2.381		100.016	72.4166	0.0949915	0	0.949768	0.761793	16.4108	1		0	12.0439	44.6651	0	0	0	
2024-06-19 08:57:49	386	881	1	0	0	4	17	0	0	0	17	0	0	2.5	17	0	0	0	17	0	0	1.299		100.016	70.8377	0.147126	0	1.47103	0.347073	13.8641	1		0	12.0616	45.3149	0	0	0	
2024-06-19 08:54:33	363	882	1	0	0	2	9	0	0	0	9	0	0	3	9	0	0	0	9	0	0	0.866		100.019	71.3343	0.224212	0	2.2417	0.125422	14.085	1		0	12.0439	46.3544	0	0	0	
2024-06-19 09:03:18	424	883	5	0	0	7	29	0	0	0	29	0	0	1.5	29	0	0	0	29	0	0	4.762		100.01	72.3495	0.0478611	0	0.478561	0.754106	16.5379	1		0.0088623	12.0439	45.055	0	0	0	
2024-06-19 08:50:44	338	884	9	0	0	0	1	0	0	0	1	0	0	5.75	1	0	0	0	1	0	0	4.979		100.024	71.2041	0.0459109	0	0.459	0.42659	16.5829	1		0.0088623	12.0616	48.8234	0	0	0	
2024-06-19 08:49:48	332	885	9	0	0	0	1	0	0	0	1	0	0	4.5	1	0	0	0	1	0	0	3.897		100.023	69.1784	0.0541918	0	0.541795	0.597074	15.3189	1		0.0088623	12.0705	49.733	0	0	0	
2024-06-19 08:59:48	400	886	1	0	0	5	21	0	0	0	21	0	0	0	21	0	0	0	21	0	0	4.33		100.015	73.2567	0.0505815	0	0.50574	0.227223	15.8883	1		0.0088623	12.0439	45.3149	0	0	0	
2024-06-19 09:05:28	439	887	1	0	0	7.75	32	0	0	0	32	0	0	2.25	32	0	0	0	32	0	0	4.762		100.016	72.4211	0.0427627	0	0.427559	0.214226	14.7754	1		0	12.0616	44.925	0	0	0	
2024-06-19 08:59:16	396	888	5	0	0	5	21	0	0	0	21	0	0	7.75	21	0	0	0	21	0	0	2.381		100.009	71.0378	0.0819751	0	0.819681	0.152766	14.1631	1		0.0088623	12.0439	45.3149	0	0	0	
2024-06-19 08:58:59	394	889	9	0	0	5	21	0	0	0	21	0	0	6.5	21	0	0	0	21	0	0	1.299		100.015	71.0676	0.15876	0	1.58736	0.015455	14.9605	1		0.0088623	12.0616	45.055	0	0	0	
2024-06-19 08:55:55	373	890	1	0	0	3	13	0	0	0	13	0	0	2	13	0	0	0	13	0	0	0.866		100.015	74.0131	0.222437	0	2.22403	0.0921519	13.974	1		0	12.0439	46.0945	0	0	0	
2024-06-19 09:09:24	466	891	1	0	0	4.5	19	0	0	0	19	0	0	3.25	19	0	0	0	19	0	0	1.082		100.011	70.2113	0.182038	0	1.82019	0.0831756	14.2957	1		0	12.0616	44.7951	0	0	0	
2024-06-19 09:04:00	429	892	5	0	0	7.75	32	0	0	0	32	0	0	7	32	0	0	0	32	0	0	0.649		100.006	69.5744	0.330516	0	3.30495	0.218163	15.5742	2		0.0088623	12.0616	44.925	0	0	0	
2024-06-19 09:11:41	483	893	9	0	0	5.5	23	0	0	0	23	0	0	4.25	23	0	0	0	23	0	0	1.082		100.011	70.0516	0.18766	0	1.8764	0.119874	14.7372	1		0	12.0616	44.6651	0	0	0	
2024-06-19 09:10:21	473	894	1	0	0	6.75	28	0	0	0	28	0	0	1	28	0	0	0	28	0	0	4.979		100.008	70.2854	0.0511066	0	0.511024	0.71095	18.4624	1		0	12.0616	44.925	0	0	0	
2024-06-19 09:08:42	461	895	9	0	0	4.25	18	0	0	0	18	0	0	5.5	18	0	0	0	18	0	0	1.082		100.012	72.2294	0.189132	0	1.89109	0.00743	14.8526	1		0.0088623	12.0439	44.6651	0	0	0	
2024-06-19 08:57:13	382	896	5	0	0	4	17	0	0	0	17	0	0	7.75	17	0	0	0	17	0	0	3.247		100.011	71.853	0.0611952	0	0.611884	0.241426	14.4172	1		0.0088623	12.0439	45.5748	0	0	0	
2024-06-19 08:57:22	383	897	5	0	0	4	17	0	0	0	17	0	0	6.5	17	0	0	0	17	0	0	2.165		100.009	71.33	0.091796	0	0.917874	0.162505	14.4179	1		0.0088623	12.0439	45.5748	0	0	0	
2024-06-19 08:55:14	368	898	9	0	0	3	13	0	0	0	13	0	0	5	13	0	0	0	13	0	0	1.732		100.02	72.1158	0.109901	0	1.09879	0.0886723	13.8078	1		0	12.0616	46.0945	0	0	0	
2024-06-19 08:56:47	379	899	1	0	0	3	13	0	0	0	13	0	0	3.75	13	0	0	0	13	0	0	0.649		100.017	73.9028	0.31224	0	3.12187	0.182567	14.7115	1		0.0088623	12.0616	45.8346	0	0	0	
2024-06-19 08:53:42	357	900	5	0	0	2	9	0	0	0	9	0	0	7	9	0	0	0	9	0	0	4.33		100.021	71.4813	0.0498871	0	0.498766	0.18563	15.6692	1		0.0088623	12.0616	46.8742	0	0	0	
2024-06-19 09:02:15	417	901	1	0	0	7	29	0	0	0	29	0	0	6	29	0	0	0	29	0	0	0.866		100.01	69.8457	0.249039	0	2.49015	0.0750543	15.646	2		0.0088623	12.0616	44.925	0	0	0	
2024-06-19 09:02:44	420	902	5	0	0	7	29	0	0	0	29	0	0	4.75	29	0	0	0	29	0	0	1.948		100.012	70.607	0.10136	0	1.01348	0.181768	14.3277	1		0.0088623	12.0439	44.925	0	0	0	
2024-06-19 08:51:58	345	903	9	0	0	1	5	0	0	0	5	0	0	5.5	5	0	0	0	5	0	0	3.897		100.021	70.7515	0.0604443	0	0.604314	0.132965	17.0866	1		0	12.0616	47.7838	0	0	0	
2024-06-19 08:52:35	349	904	9	0	0	1	5	0	0	0	5	0	0	4.25	5	0	0	0	5	0	0	2.814		100.024	70.9738	0.0712621	0	0.712451	0.660877	14.5485	1		0.0088623	12.0616	47.394	0	0	0	
2024-06-19 09:00:47	407	905	1	0	0	6	25	0	0	0	25	0	0	3.25	25	0	0	0	25	0	0	2.381		100.011	73.2514	0.0826749	0	0.826659	0.361399	14.2836	1		0	12.0616	45.1849	0	0	0	
2024-06-19 09:07:53	455	906	1	0	0	0.25	2	0	0	0	2	0	0	1.5	2	0	0	0	2	0	0	1.082		100.006	69.6795	0.171624	0	1.71614	0.0699808	13.4785	1		0.0088623	12.0616	44.7951	0	0	0	
2024-06-19 09:02:07	416	907	1	0	0	7	29	0	0	0	29	0	0	0.75	29	0	0	0	29	0	0	5.412		100.012	70.8736	0.0436551	0	0.436501	0.623275	17.1413	1		0.0088623	12.0616	44.925	0	0	0	
2024-06-19 08:50:26	336	908	9	0	0	0	1	0	0	0	1	0	0	5	1	0	0	0	1	0	0	4.33		100.023	70.8657	0.0503413	0	0.503296	0.190187	15.8115	1		0.0088623	12.0616	48.8234	0	0	0	
2024-06-19 08:50:01	333	909	1	0	0	0	1	0	0	0	1	0	0	3.75	1	0	0	0	1	0	0	3.247		100.022	70.4222	0.0622131	0	0.621993	0.348032	14.6554	1		0.0088623	12.0616	49.4731	0	0	0	
2024-06-19 09:12:04	486	910	9	0	0	7.5	31	0	0	0	31	0	0	6.25	31	0	0	0	31	0	0	1.082		100.01	69.7971	0.185517	0	1.85498	0.0395719	14.569	1		0.0088623	12.0439	44.925	0	0	0	
2024-06-19 09:09:07	464	911	9	0	0	6.25	26	0	0	0	26	0	0	7.5	26	0	0	0	26	0	0	1.082		100.014	72.2496	0.187115	0	1.87089	0.110978	14.6939	1		0.0088623	12.0616	44.925	0	0	0	
2024-06-19 09:01:13	410	912	5	0	0	6	25	0	0	0	25	0	0	7.25	25	0	0	0	25	0	0	1.082		100.011	70.2087	0.212903	0	2.12879	0.153597	16.7195	2		0	12.0616	44.925	0	0	0	
2024-06-19 09:04:00	429	913	1	0	0	7.75	32	0	0	0	32	0	0	1.5	32	0	0	0	32	0	0	5.412		100.006	69.5744	0.0395338	0	0.395312	0.12386	15.5239	2		0.0088623	12.0616	44.925	0	0	0	
2024-06-19 08:59:33	398	914	5	0	0	5	21	0	0	0	21	0	0	5.75	21	0	0	0	21	0	0	0.649		100.01	71.5792	0.328573	0	3.28541	0.162028	15.4821	1		0	12.0616	45.055	0	0	0	
2024-06-19 08:59:08	395	915	9	0	0	5	21	0	0	0	21	0	0	4.5	21	0	0	0	21	0	0	0.433		100.009	71.2362	0.459595	0	4.59555	0.181236	14.4373	1		0.0088623	12.0616	45.1849	0	0	0	
2024-06-19 08:55:14	368	916	1	0	0	3	13	0	0	0	13	0	0	1.25	13	0	0	0	13	0	0	1.515		100.02	72.1158	0.120054	0	1.20029	0.0242451	13.1979	1		0	12.0616	46.0945	0	0	0	
2024-06-19 08:53:01	352	917	1	0	0	1	5	0	0	0	5	0	0	2.25	5	0	0	0	5	0	0	1.082		100.018	71.2825	0.170189	0	1.70158	0.0923761	13.3642	1		0.0088623	12.0616	47.1341	0	0	0	
2024-06-19 09:07:45	454	918	1	0	0	0.5	3	0	0	0	3	0	0	1.25	3	0	0	0	3	0	0	0.649		100.006	70.5059	0.302037	0	3.02018	0.235393	14.2322	1		0	12.0439	44.7951	0	0	0	
2024-06-19 09:06:18	445	919	9	0	0	2.5	11	0	0	0	11	0	0	5.25	11	0	0	0	11	0	0	2.381		100.009	69.9361	0.0895577	0	0.895493	0.828739	15.473	1		0	12.0439	44.7951	0	0	0	
2024-06-19 09:04:29	432	920	9	0	0	7.75	32	0	0	0	32	0	0	7.5	32	0	0	0	32	0	0	0.216		100.011	70.2769	0.800958	0	8.00867	0.0718863	12.58	1		0	12.0616	44.925	0	0	0	
2024-06-19 09:04:12	430	921	9	0	0	7.75	32	0	0	0	32	0	0	6.25	32	0	0	0	32	0	0	1.299		100.01	70.2949	0.156394	0	1.56379	0.13475	14.7383	1		0	12.0616	44.925	0	0	0	
2024-06-19 09:09:15	465	922	1	0	0	4.25	18	0	0	0	18	0	0	3.5	18	0	0	0	18	0	0	0.649		100.011	72.4905	0.323202	0	3.23165	0.018733	15.2288	1		0	12.0439	44.925	0	0	0	
2024-06-19 09:00:56	408	923	1	0	0	6	25	0	0	0	25	0	0	2.25	25	0	0	0	25	0	0	3.247		100.011	71.7481	0.0638752	0	0.638684	0.183197	15.0486	1		0.0088623	12.0616	45.055	0	0	0	
2024-06-19 09:11:32	482	924	9	0	0	5.25	22	0	0	0	22	0	0	4.5	22	0	0	0	22	0	0	0.649		100.018	72.1725	0.321218	0	3.21161	0.11263	15.1344	1		0	12.0439	45.055	0	0	0	
2024-06-19 08:57:31	384	925	5	0	0	4	17	0	0	0	17	0	0	5.75	17	0	0	0	17	0	0	1.515		100.019	71.0211	0.130995	0	1.30971	0.0322278	14.401	1		0	12.0616	45.4448	0	0	0	
2024-06-19 08:57:22	383	926	9	0	0	4	17	0	0	0	17	0	0	4.5	17	0	0	0	17	0	0	0.433		100.009	71.33	0.493894	0	4.93848	0.0217228	15.5147	1		0.0088623	12.0439	45.5748	0	0	0	
2024-06-19 08:51:38	343	927	1	0	0	0	1	0	0	0	1	0	0	2	1	0	0	0	1	0	0	1.732		100.026	71.4618	0.128358	0	1.28325	0.491838	16.1257	1		0.0088623	12.0616	47.9138	0	0	0	
2024-06-19 08:54:08	360	928	9	0	0	2	9	0	0	0	9	0	0	7.5	9	0	0	0	9	0	0	4.762		100.02	71.7604	0.04591	0	0.459009	0.26529	15.8622	1		0	12.0439	46.6143	0	0	0	
2024-06-19 08:53:34	356	929	5	0	0	2	9	0	0	0	9	0	0	6.25	9	0	0	0	9	0	0	3.68		100.022	71.7806	0.0584188	0	0.584059	0.0708003	15.5965	1		0	12.0439	46.7443	0	0	0	
2024-06-19 09:02:26	418	930	5	0	0	7	29	0	0	0	29	0	0	5.25	29	0	0	0	29	0	0	1.515		100.01	70.3423	0.131313	0	1.313	0.100165	14.4372	1		0	12.0616	44.925	0	0	0	
2024-06-19 09:03:10	423	931	5	0	0	7	29	0	0	0	29	0	0	4	29	0	0	0	29	0	0	2.598		100.007	70.6673	0.0759856	0	0.759799	0.231942	14.3219	1		0	12.0439	44.925	0	0	0	
2024-06-19 08:53:25	355	932	1	0	0	1	5	0	0	0	5	0	0	3.5	5	0	0	0	5	0	0	2.165		100.02	71.2472	0.0849797	0	0.849624	0.00355469	13.3459	1		0	12.0616	47.0042	0	0	0	
2024-06-19 09:01:04	409	933	1	0	0	6	25	0	0	0	25	0	0	2.5	25	0	0	0	25	0	0	3.031		100.011	71.26	0.0730786	0	0.730708	0.774053	16.0691	1		0.0088623	12.0616	45.055	0	0	0	
2024-06-19 09:11:24	481	934	1	0	0	3.75	16	0	0	0	16	0	0	2	16	0	0	0	16	0	0	1.515		100.014	72.0065	0.126113	0	1.26094	0.0565568	13.8648	1		0.0088623	12.0616	45.055	0	0	0	
2024-06-19 09:00:13	403	935	5	0	0	5	21	0	0	0	21	0	0	2	21	0	0	0	21	0	0	2.598		100.014	73.779	0.0760623	0	0.760513	0.392832	14.3353	1		0.0088623	12.0439	45.1849	0	0	0	
2024-06-19 08:54:24	362	936	1	0	0	2	9	0	0	0	9	0	0	1.75	9	0	0	0	9	0	0	0.216		100.019	71.2984	0.700604	0	7.00469	0.138613	11.0029	1		0	12.0616	46.6143	0	0	0	
2024-06-19 09:02:26	418	937	1	0	0	7	29	0	0	0	29	0	0	0	29	0	0	0	29	0	0	6.061		100.01	70.3423	0.0399001	0	0.398961	0.170072	17.5472	1		0	12.0616	44.925	0	0	0	
2024-06-19 08:50:52	339	938	1	0	0	0	1	0	0	0	1	0	0	3	1	0	0	0	1	0	0	2.598		100.024	71.2317	0.0753931	0	0.75375	0.346414	14.2079	1		0	12.0439	48.4336	0	0	0	
2024-06-19 08:55:22	369	939	5	0	0	3	13	0	0	0	13	0	0	7	13	0	0	0	13	0	0	3.464		100.018	71.8168	0.0593669	0	0.593564	0.21721	14.9179	1		0	12.0439	46.0945	0	0	0	
2024-06-19 09:00:38	406	940	5	0	0	6	25	0	0	0	25	0	0	7.75	25	0	0	0	25	0	0	1.515		100.012	71.5706	0.13526	0	1.35243	0.0434924	14.8707	1		0.0088623	12.0616	45.055	0	0	0	
2024-06-19 09:00:30	405	941	5	0	0	6	25	0	0	0	25	0	0	6.5	25	0	0	0	25	0	0	0.433		100.011	71.5472	0.499398	0	4.99343	0.195468	15.6873	1		0.0088623	12.0616	44.7951	0	0	0	
2024-06-19 09:05:02	436	942	1	0	0	7.75	32	0	0	0	32	0	0	0.75	32	0	0	0	32	0	0	6.061		100.016	72.3115	0.0367242	0	0.367185	0.2768	16.1496	1		0	12.0439	44.925	0	0	0	
2024-06-19 08:59:08	395	943	1	0	0	5	21	0	0	0	21	0	0	3.75	21	0	0	0	21	0	0	1.082		100.009	71.2362	0.185695	0	1.85678	0.11852	14.5831	1		0.0088623	12.0616	45.1849	0	0	0	
2024-06-19 08:56:22	376	944	1	0	0	3	13	0	0	0	13	0	0	0.5	13	0	0	0	13	0	0	2.165		100.018	71.8209	0.0862683	0	0.862526	0.119114	13.5485	1		0.0088623	12.0616	45.7047	0	0	0	
2024-06-19 08:53:25	355	945	5	0	0	1	5	0	0	0	5	0	0	1.5	5	0	0	0	5	0	0	0.433		100.02	71.2472	0.440599	0	4.4051	0.110961	13.839	1		0	12.0616	47.0042	0	0	0	
2024-06-19 09:13:17	494	946	1	0	0	2	9	0	0	5.75	9	0	0	3.25	9	0	0	4.5	9	0	0	0.649		100.019	19.3494	0.169068	0	1.69036	0.0451586	13.276	1		0	12.0616	44.925	0	0	0	
2024-06-19 08:58:14	389	947	1	0	0	4	17	0	0	0	17	0	0	1.75	17	0	0	0	17	0	0	1.948		100.015	71.5833	0.0955023	0	0.954875	0.0983689	13.4992	1		0.0088623	12.0616	45.3149	0	0	0	
2024-06-19 09:08:09	457	948	1	0	0	2.5	11	0	0	0	11	0	0	3.25	11	0	0	0	11	0	0	0.649		100.008	70.1203	0.30191	0	3.01884	0.127426	14.226	1		0	12.0439	44.7951	0	0	0	
2024-06-19 09:04:46	434	949	9	0	0	7.75	32	0	0	0	32	0	0	5.5	32	0	0	0	32	0	0	1.948		100.009	70.3133	0.0999311	0	0.999222	0.10372	14.1262	1		0	12.0616	44.7951	0	0	0	
2024-06-19 09:04:38	433	950	9	0	0	7.75	32	0	0	0	32	0	0	4.25	32	0	0	0	32	0	0	3.031		100.008	70.5028	0.06395	0	0.63945	0.0570997	14.0622	1		0.0088623	12.0616	44.7951	0	0	0	
2024-06-19 09:01:13	410	951	1	0	0	6	25	0	0	0	25	0	0	1.5	25	0	0	0	25	0	0	3.897		100.011	70.2087	0.0587488	0	0.587421	0.0950634	16.609	2		0	12.0616	44.925	0	0	0	
2024-06-19 08:57:57	387	952	5	0	0	4	17	0	0	0	17	0	0	5	17	0	0	0	17	0	0	0.866		100.011	70.863	0.243785	0	2.43758	0.154559	15.3158	1		0.0088623	12.0616	45.4448	0	0	0	
2024-06-19 08:58:22	390	953	5	0	0	4	17	0	0	0	17	0	0	3.75	17	0	0	0	17	0	0	0.216		100.01	70.6723	0.787171	0	7.87094	0.118045	12.3636	1		0	12.0616	45.3149	0	0	0	
2024-06-19 08:51:29	342	954	1	0	0	0	1	0	0	0	1	0	0	1.25	1	0	0	0	1	0	0	1.082		100.022	70.9753	0.176319	0	1.76281	0.387053	13.8451	1		0.0088623	12.0616	48.1737	0	0	0	
2024-06-19 08:54:33	363	955	9	0	0	2	9	0	0	0	9	0	0	5.5	9	0	0	0	9	0	0	3.031		100.019	71.3343	0.10246	0	1.0244	0.931168	22.5278	1		0	12.0439	46.3544	0	0	0	
2024-06-19 08:54:24	362	956	9	0	0	2	9	0	0	0	9	0	0	4.25	9	0	0	0	9	0	0	1.948		100.019	71.2984	0.0983864	0	0.983675	0.0775653	13.9064	1		0	12.0616	46.6143	0	0	0	
2024-06-19 09:03:43	427	957	5	0	0	7	29	0	0	0	29	0	0	3.25	29	0	0	0	29	0	0	3.247		100.008	70.7452	0.0617914	0	0.617865	0.162606	14.5581	1		0	12.0439	44.7951	0	0	0	
2024-06-19 08:53:17	354	958	1	0	0	1	5	0	0	0	5	0	0	2.75	5	0	0	0	5	0	0	1.515		100.02	71.8803	0.119677	0	1.19654	0.0549111	13.1566	1		0.0088623	12.0616	47.0042	0	0	0	
2024-06-19 08:50:35	337	959	5	0	0	0	1	0	0	0	1	0	0	7	1	0	0	0	1	0	0	6.061		100.022	71.045	0.0396622	0	0.396535	0.145519	17.4405	1		0	12.0616	48.9533	0	0	0	
2024-06-19 08:58:39	392	960	1	0	0	5	21	0	0	0	21	0	0	1.25	21	0	0	0	21	0	0	3.247		100.012	71.6153	0.0659353	0	0.659273	0.220312	15.5337	1		0.0088623	12.0616	45.3149	0	0	0	
2024-06-19 08:54:50	365	961	5	0	0	2	9	0	0	0	9	0	0	1	9	0	0	0	9	0	0	0.866		100.018	71.976	0.215092	0	2.15054	0.0943158	13.5122	1		0.0088623	12.0439	46.3544	0	0	0	
2024-06-19 08:55:55	373	962	5	0	0	3	13	0	0	0	13	0	0	7.5	13	0	0	0	13	0	0	3.897		100.015	74.0131	0.0530361	0	0.53028	0.303577	14.9933	1		0	12.0439	46.0945	0	0	0	
2024-06-19 08:55:22	369	963	9	0	0	3	13	0	0	0	13	0	0	6.25	13	0	0	0	13	0	0	2.814		100.018	71.8168	0.0725475	0	0.725346	0.238858	14.8118	1		0	12.0439	46.0945	0	0	0	
2024-06-19 09:02:15	417	964	5	0	0	7	29	0	0	0	29	0	0	7.25	29	0	0	0	29	0	0	0.216		100.01	69.8457	0.709512	0	7.09442	0.106134	11.1439	2		0.0088623	12.0616	44.925	0	0	0	
2024-06-19 08:52:43	350	965	5	0	0	1	5	0	0	0	5	0	0	6.75	5	0	0	0	5	0	0	4.979		100.023	73.2173	0.0496937	0	0.496822	0.0568012	17.9493	1		0.0088623	12.0439	47.394	0	0	0	
2024-06-19 09:00:47	407	966	9	0	0	6	25	0	0	0	25	0	0	5.75	25	0	0	0	25	0	0	0.216		100.011	73.2514	0.771323	0	7.71239	0.191794	12.1146	1		0	12.0616	45.1849	0	0	0	
2024-06-19 09:00:30	405	967	9	0	0	6	25	0	0	0	25	0	0	4.5	25	0	0	0	25	0	0	1.299		100.011	71.5472	0.156268	0	1.56251	0.171227	14.7263	1		0.0088623	12.0616	44.7951	0	0	0	
2024-06-19 09:05:10	437	968	1	0	0	7.75	32	0	0	0	32	0	0	0	32	0	0	0	32	0	0	6.711		100.016	72.6392	0.0343028	0	0.342974	0.297337	16.701	1		0	12.0439	44.7951	0	0	0	
2024-06-19 08:59:56	401	969	5	0	0	5	21	0	0	0	21	0	0	3	21	0	0	0	21	0	0	1.732		100.014	73.5202	0.108134	0	1.08119	0.129515	13.5867	1		0.0088623	12.0439	45.3149	0	0	0	
2024-06-19 08:52:53	351	970	1	0	0	1	5	0	0	0	5	0	0	0.75	5	0	0	0	5	0	0	0.216		100.021	71.6038	0.713618	0	7.13465	0.166702	11.2071	1		0	12.0616	47.264	0	0	0	
2024-06-19 09:09:55	470	971	1	0	0	5.75	24	0	0	0	24	0	0	2	24	0	0	0	24	0	0	3.247		100.011	72.7313	0.0660457	0	0.660385	0.188048	15.56	1		0	12.0439	44.925	0	0	0	
2024-06-19 08:57:31	384	972	1	0	0	4	17	0	0	0	17	0	0	1	17	0	0	0	17	0	0	2.598		100.019	71.0211	0.0732777	0	0.732641	0.0714244	13.8099	1		0	12.0616	45.4448	0	0	0	
2024-06-19 09:05:36	440	973	1	0	0	7.75	32	0	0	0	32	0	0	3.5	32	0	0	0	32	0	0	3.68		100.016	72.6044	0.0524042	0	0.523959	0.356787	13.9916	1		0.0088623	12.0439	44.7951	0	0	0	
2024-06-19 09:01:33	412	974	5	0	0	6	25	0	0	0	25	0	0	0.75	25	0	0	0	25	0	0	4.546		100.01	70.9025	0.0522281	0	0.522231	0.238029	17.2267	1		0.0088623	12.0616	45.055	0	0	0	
2024-06-19 08:58:31	391	975	1	0	0	4	17	0	0	0	17	0	0	3	17	0	0	0	17	0	0	0.866		100.01	70.9593	0.232686	0	2.32663	0.0715867	14.6186	1		0	12.0616	45.055	0	0	0	
2024-06-19 08:51:01	340	976	1	0	0	0	1	0	0	0	1	0	0	0.5	1	0	0	0	1	0	0	0.433		100.024	69.5244	0.441024	0	4.40918	0.0458149	13.8518	4		0.0088623	12.0616	48.3036	0	0	0	
2024-06-19 09:12:19	488	977	1	0	0	3.5	15	0	0	4.25	15	0	0	2.75	15	0	0	5	15	0	0	0.389		100.016	18.569	0.310998	0	3.10947	0.583002	14.653	1		0	12.0616	45.055	0	0	0	
2024-06-19 08:54:41	364	978	5	0	0	2	9	0	0	0	9	0	0	3.5	9	0	0	0	9	0	0	1.299		100.023	73.4913	0.147495	0	1.47462	0.0211375	13.8979	1		0.0088623	12.0439	46.4844	0	0	0	
2024-06-19 09:03:43	427	979	1	0	0	7	29	0	0	0	29	0	0	2.5	29	0	0	0	29	0	0	3.897		100.008	70.7452	0.0553225	0	0.553181	0.520931	15.6408	1		0	12.0439	44.7951	0	0	0	
2024-06-19 09:02:35	419	980	1	0	0	7	29	0	0	0	29	0	0	2	29	0	0	0	29	0	0	4.33		100.014	72.562	0.0503417	0	0.503344	0.119767	15.813	1		0	12.0439	45.055	0	0	0	
2024-06-19 08:50:52	339	981	5	0	0	0	1	0	0	0	1	0	0	7.5	1	0	0	0	1	0	0	6.494		100.024	71.2317	0.0369618	0	0.369529	0.137814	17.4136	1		0	12.0439	48.4336	0	0	0	
2024-06-19 08:50:18	335	982	9	0	0	0	1	0	0	0	1	0	0	6.25	1	0	0	0	1	0	0	5.412		100.024	70.6645	0.0435927	0	0.435822	0.633979	17.1147	1		0	12.0616	49.2132	0	0	0	
2024-06-19 08:58:48	393	983	1	0	0	5	21	0	0	0	21	0	0	0.5	21	0	0	0	21	0	0	3.897		100.012	70.4445	0.0579647	0	0.57958	0.0140783	16.3872	2		0	12.0616	45.1849	0	0	0	
2024-06-19 09:10:44	476	984	1	0	0	1.25	6	0	0	0	6	0	0	0.5	6	0	0	0	6	0	0	0.649		100.011	69.9946	0.305601	0	3.05569	0.00761658	14.3996	1		0	12.0439	44.7951	0	0	0	
2024-06-19 08:59:16	396	985	9	0	0	5	21	0	0	0	21	0	0	7	21	0	0	0	21	0	0	1.732		100.009	71.0378	0.114829	0	1.14819	0.156971	14.4286	1		0.0088623	12.0439	45.3149	0	0	0	
2024-06-19 08:54:41	364	986	1	0	0	2	9	0	0	0	9	0	0	0.25	9	0	0	0	9	0	0	1.515		100.023	73.4913	0.122737	0	1.22709	0.187934	13.4926	1		0.0088623	12.0439	46.4844	0	0	0	
2024-06-19 08:56:56	380	987	5	0	0	4	17	0	0	0	17	0	0	7	17	0	0	0	17	0	0	2.598		100.013	71.5693	0.0767015	0	0.766916	0.132648	14.456	1		0	12.0616	45.7047	0	0	0	
2024-06-19 08:55:31	370	988	5	0	0	3	13	0	0	0	13	0	0	5.5	13	0	0	0	13	0	0	2.165		100.017	72.3751	0.0916187	0	0.916034	0.0557121	14.389	1		0	12.0616	46.0945	0	0	0	
2024-06-19 08:56:05	374	989	5	0	0	3	13	0	0	0	13	0	0	4.25	13	0	0	0	13	0	0	1.082		100.016	72.6692	0.181496	0	1.81466	0.130584	14.2523	1		0.0088623	12.0616	45.9646	0	0	0	
2024-06-19 09:02:07	416	990	9	0	0	7	29	0	0	0	29	0	0	7.75	29	0	0	0	29	0	0	0.649		100.012	70.8736	0.337146	0	3.37107	0.29026	15.8858	1		0.0088623	12.0616	44.925	0	0	0	
2024-06-19 09:02:35	419	991	9	0	0	7	29	0	0	0	29	0	0	6.5	29	0	0	0	29	0	0	0.433		100.014	72.562	0.47422	0	4.74151	0.27291	14.8959	1		0	12.0439	45.055	0	0	0	
2024-06-19 08:52:27	348	992	9	0	0	1	5	0	0	0	5	0	0	6	5	0	0	0	5	0	0	4.33		100.025	71.5481	0.0557571	0	0.557434	0.202582	17.5123	1		0	12.0439	47.394	0	0	0	
2024-06-19 08:52:07	346	993	5	0	0	1	5	0	0	0	5	0	0	4.75	5	0	0	0	5	0	0	3.247		100.02	70.2912	0.0664456	0	0.664322	0.0731875	15.6527	2		0.0088623	12.0616	47.6539	0	0	0	
2024-06-19 09:08:25	459	994	9	0	0	4.75	20	0	0	0	20	0	0	5	20	0	0	0	20	0	0	0.216		100.006	70.5843	0.739546	0	7.39504	0.138344	11.6161	1		0.0088623	12.0439	44.7951	0	0	0	
2024-06-19 09:01:23	411	995	5	0	0	6	25	0	0	0	25	0	0	5	25	0	0	0	25	0	0	0.866		100.014	72.8415	0.241852	0	2.41819	0.0305792	15.1939	1		0.0088623	12.0439	44.7951	0	0	0	
2024-06-19 09:00:22	404	996	1	0	0	6	25	0	0	0	25	0	0	3.75	25	0	0	0	25	0	0	1.948		100.01	71.9298	0.101462	0	1.01452	0.172249	14.3424	1		0	12.0616	44.7951	0	0	0	
2024-06-19 08:51:46	344	997	1	0	0	1	5	0	0	0	5	0	0	0	5	0	0	0	5	0	0	0.866		100.023	70.2787	0.227812	0	2.2776	0.185834	14.3106	2		0.0088623	12.0616	47.9138	0	0	0	
2024-06-19 09:07:04	450	998	9	0	0	0.75	4	0	0	0	4	0	0	7	4	0	0	0	4	0	0	5.412		100.007	69.787	0.043013	0	0.430098	0.226913	16.8899	1		0.0088623	12.0616	44.925	0	0	0	
2024-06-19 08:58:14	389	999	5	0	0	4	17	0	0	0	17	0	0	0.25	17	0	0	0	17	0	0	3.247		100.015	71.5833	0.0603441	0	0.603348	0.00536532	14.216	1		0.0088623	12.0616	45.3149	0	0	0	
2024-06-19 09:05:28	439	1000	5	0	0	7.75	32	0	0	0	32	0	0	2.75	32	0	0	0	32	0	0	4.33		100.016	72.4211	0.0465943	0	0.465869	0.107863	14.6357	1		0	12.0616	44.925	0	0	0	
2024-06-19 09:01:57	415	1001	5	0	0	6	25	0	0	0	25	0	0	0	25	0	0	0	25	0	0	5.195		100.011	70.8051	0.0488518	0	0.488466	0.205011	18.4147	1		0	12.0616	44.925	0	0	0	
2024-06-19 08:55:06	367	1002	1	0	0	2	9	0	0	0	9	0	0	2.75	9	0	0	0	9	0	0	0.649		100.018	72.047	0.304276	0	3.04223	0.195835	14.3362	1		0.0088623	12.0616	46.2245	0	0	0	
2024-06-19 09:03:10	423	1003	1	0	0	7	29	0	0	0	29	0	0	1.25	29	0	0	0	29	0	0	4.979		100.007	70.6673	0.0474839	0	0.474804	0.451328	17.1539	1		0	12.0439	44.925	0	0	0	
2024-06-19 08:50:01	333	1004	9	0	0	0	1	0	0	0	1	0	0	5.5	1	0	0	0	1	0	0	4.762		100.022	70.4222	0.059175	0	0.591618	0.0114873	20.4449	1		0.0088623	12.0616	49.4731	0	0	0	
2024-06-19 08:49:48	332	1005	5	0	0	0	1	0	0	0	1	0	0	4.25	1	0	0	0	1	0	0	3.68		100.023	69.1784	0.0563658	0	0.563529	0.604116	15.0482	1		0.0088623	12.0705	49.733	0	0	0	
