Time	MeasID	DPID	Channel	A(x)	A(y)	A(z)	A(adr)	B(x)	B(y)	B(z)	B(adr)	M(x)	M(y)	M(z)	M(adr)	N(x)	N(y)	N(z)	N(adr)	F(x)	F(y)	F(z)	Note	I(mA)	Uout(V)	U(V)	SP(V)	R(Ohm)	Var(%)	Rho-a(Ohm-m)	Cycles	IP Delay Window(mV/V)	Pint(V)	Pext(V)	T int(deg C)	T log(deg C)	Latitude	Longitude
2024-06-27 05:49:49	607	1006	1	0	0	7.75	32	0	0	0	32	0	0	2	32	0	0	0	32	0	0	4.979		100.026	39.186	0.0422849	0	0.42274	0.0864618	15.2729	1		0	12.0616	45.4448	0	0	0	
2024-06-27 05:43:18	559	1007	5	0	0	5	21	0	0	0	21	0	0	7.5	21	0	0	0	21	0	0	2.165		100.026	40.3949	0.091094	0	0.910699	0.0764163	14.3052	1		0.0088623	12.0616	46.3544	0	0	0	
2024-06-27 05:43:35	561	1008	5	0	0	5	21	0	0	0	21	0	0	6.25	21	0	0	0	21	0	0	1.082		100.024	40.3191	0.190716	0	1.90671	0.207888	14.9752	1		0.0088623	12.0616	46.0945	0	0	0	
2024-06-27 05:41:15	542	1009	1	0	0	3	13	0	0	0	13	0	0	1.75	13	0	0	0	13	0	0	1.082		100.03	40.3725	0.172383	0	1.72332	0.164391	13.5349	1		0.0088623	12.0616	46.8742	0	0	0	
2024-06-27 05:48:43	598	1010	5	0	0	7.75	32	0	0	0	32	0	0	6.75	32	0	0	0	32	0	0	0.866		100.021	39.25	0.243549	0	2.43498	0.342661	15.2994	1		0	12.0616	45.7047	0	0	0	
2024-06-27 05:55:06	647	1011	1	0	0	3.25	14	0	0	0	14	0	0	2.5	14	0	0	0	14	0	0	0.649		100.021	40.3078	0.290954	0	2.90893	0.43399	13.708	1		0.0088623	12.0616	45.7047	0	0	0	
2024-06-27 05:42:20	551	1012	5	0	0	4	17	0	0	0	17	0	0	7.5	17	0	0	0	17	0	0	3.031		100.027	40.0945	0.0664583	0	0.664403	0.0632877	14.611	1		0	11.9552	46.3544	0	0	0	
2024-06-27 05:41:44	546	1013	5	0	0	4	17	0	0	0	17	0	0	6.25	17	0	0	0	17	0	0	1.948		100.026	40.0274	0.102121	0	1.02095	0.598332	14.4333	1		0.0088623	12.0616	46.7443	0	0	0	
2024-06-27 05:41:23	543	1014	1	0	0	3	13	0	0	0	13	0	0	3.5	13	0	0	0	13	0	0	0.433		100.029	40.3824	0.467172	0	4.67036	0.187401	14.6724	1		0	12.0616	46.8742	0	0	0	
2024-06-27 05:38:53	524	1015	5	0	0	2	9	0	0	0	9	0	0	6.75	9	0	0	0	9	0	0	4.113		100.035	39.8093	0.0538281	0	0.538091	0.296946	16.0594	1		0.0088623	12.0616	47.9138	0	0	0	
2024-06-27 05:47:29	589	1016	5	0	0	7	29	0	0	0	29	0	0	5.75	29	0	0	0	29	0	0	1.082		100.023	39.4189	0.18418	0	1.84138	0.186213	14.4622	1		0	12.0616	45.8346	0	0	0	
2024-06-27 05:46:59	585	1017	5	0	0	7	29	0	0	0	29	0	0	4.5	29	0	0	0	29	0	0	2.165		100.025	39.4133	0.090789	0	0.907668	0.520176	14.2576	1		0.0088623	12.0616	45.8346	0	0	0	
2024-06-27 05:37:20	512	1018	9	0	0	1	5	0	0	0	5	0	0	5.25	5	0	0	0	5	0	0	3.68		100.04	39.3115	0.0670345	0	0.670077	0.208636	17.8934	1		0.0088623	12.0616	48.4336	0	0	0	
2024-06-27 05:38:02	517	1019	9	0	0	1	5	0	0	0	5	0	0	4	5	0	0	0	5	0	0	2.598		100.04	39.3146	0.073391	0	0.733617	0.0590697	13.8284	1		0.0088623	12.0616	48.3036	0	0	0	
2024-06-27 05:53:27	635	1020	1	0	0	4.75	20	0	0	0	20	0	0	3	20	0	0	0	20	0	0	1.515		100.024	40.2283	0.124759	0	1.24729	0.178489	13.7146	1		0.0088623	11.9552	45.7047	0	0	0	
2024-06-27 05:46:39	583	1021	5	0	0	6	25	0	0	0	25	0	0	3	25	0	0	0	25	0	0	2.598		100.026	39.925	0.0780549	0	0.780346	0.063496	14.7092	2		0.0088623	12.0616	45.8346	0	0	0	
2024-06-27 05:39:07	526	1022	1	0	0	2	9	0	0	0	9	0	0	2.25	9	0	0	0	9	0	0	0.216		100.035	39.7388	0.863719	0	8.63419	0.106051	13.5626	1		0	11.9552	47.7838	0	0	0	
2024-06-27 05:47:50	592	1023	1	0	0	7	29	0	0	0	29	0	0	0.5	29	0	0	0	29	0	0	5.628		100.023	39.463	0.0429247	0	0.429147	0.0399844	17.5267	1		0.0088623	12.0616	45.7047	0	0	0	
2024-06-27 05:36:27	505	1024	1	0	0	0	1	0	0	0	1	0	0	3.5	1	0	0	0	1	0	0	3.031		100.041	39.6157	0.07337	0	0.733402	0.407645	16.1284	1		0.0088623	12.0616	49.6031	0	0	0	
2024-06-27 05:54:58	646	1025	1	0	0	1.75	8	0	0	0	8	0	0	0	8	0	0	0	8	0	0	1.515		100.023	40.3162	0.123132	0	1.23103	0.138267	13.5358	1		0.0088623	11.9552	45.7047	0	0	0	
2024-06-27 05:45:45	576	1026	9	0	0	6	25	0	0	0	25	0	0	7	25	0	0	0	25	0	0	0.866		100.026	39.9533	0.241472	0	2.4141	0.0587925	15.1682	1		0.0088623	12.0616	45.9646	0	0	0	
2024-06-27 05:54:13	640	1027	1	0	0	6.5	27	0	0	0	27	0	0	1.25	27	0	0	0	27	0	0	4.546		100.026	39.9193	0.0582634	0	0.582485	0.69913	19.2143	1		0.0088623	12.0616	45.7047	0	0	0	
2024-06-27 05:49:34	605	1028	1	0	0	7.75	32	0	0	0	32	0	0	1.25	32	0	0	0	32	0	0	5.628		100.026	39.2157	0.0399214	0	0.39911	0.419058	16.2999	1		0	12.0616	45.7047	0	0	0	
2024-06-27 05:44:09	565	1029	9	0	0	5	21	0	0	0	21	0	0	5.5	21	0	0	0	21	0	0	0.433		100.023	40.3012	0.494459	0	4.94343	0.184312	15.5303	1		0.0088623	12.0616	46.2245	0	0	0	
2024-06-27 05:44:01	564	1030	5	0	0	5	21	0	0	0	21	0	0	4.25	21	0	0	0	21	0	0	0.649		100.024	40.3252	0.308497	0	3.08423	0.160762	14.5341	1		0	12.0616	46.2245	0	0	0	
2024-06-27 05:41:37	545	1031	1	0	0	3	13	0	0	0	13	0	0	1	13	0	0	0	13	0	0	1.732		100.027	40.3592	0.107856	0	1.07827	0.228578	13.5499	1		0	12.0616	46.8742	0	0	0	
2024-06-27 05:37:41	515	1032	1	0	0	1	5	0	0	0	5	0	0	2	5	0	0	0	5	0	0	0.866		100.036	39.3156	0.205708	0	2.05633	0.0145855	12.9203	2		0	12.0616	48.6935	0	0	0	
2024-06-27 05:50:55	615	1033	9	0	0	1.75	8	0	0	0	8	0	0	6	8	0	0	0	8	0	0	3.68		100.022	40.2489	0.062161	0	0.621473	0.178547	16.5955	2		0	12.0616	45.7047	0	0	0	
2024-06-27 05:42:42	554	1034	1	0	0	4	17	0	0	0	17	0	0	2.25	17	0	0	0	17	0	0	1.515		100.024	40.1115	0.119003	0	1.18974	0.126654	13.0818	1		0.0088623	12.0616	46.4844	0	0	0	
2024-06-27 05:48:43	598	1035	9	0	0	7.75	32	0	0	0	32	0	0	6	32	0	0	0	32	0	0	1.515		100.021	39.25	0.130249	0	1.30221	0.279736	14.3186	1		0	12.0616	45.7047	0	0	0	
2024-06-27 05:49:20	603	1036	9	0	0	7.75	32	0	0	0	32	0	0	4.75	32	0	0	0	32	0	0	2.598		100.024	39.2111	0.0755469	0	0.755285	0.213728	14.2368	1		0	12.0616	45.7047	0	0	0	
2024-06-27 05:46:15	580	1037	1	0	0	6	25	0	0	0	25	0	0	2	25	0	0	0	25	0	0	3.464		100.026	40.0172	0.0697962	0	0.697778	0.134926	17.5371	1		0	12.0616	45.8346	0	0	0	
2024-06-27 05:42:14	550	1038	9	0	0	4	17	0	0	0	17	0	0	5.5	17	0	0	0	17	0	0	1.299		100.027	39.9977	0.153063	0	1.53021	0.0846397	14.4219	1		0.0088623	12.0616	46.6143	0	0	0	
2024-06-27 05:42:06	549	1039	9	0	0	4	17	0	0	0	17	0	0	4.25	17	0	0	0	17	0	0	0.216		100.029	39.999	0.987759	0	9.87475	0.0228429	15.5112	1		0.0088623	12.0616	46.6143	0	0	0	
2024-06-27 05:36:58	509	1040	5	0	0	0	1	0	0	0	1	0	0	1.75	1	0	0	0	1	0	0	1.515		100.042	39.6331	0.119906	0	1.19855	0.0414457	13.1788	1		0.0088623	12.0616	49.2132	0	0	0	
2024-06-27 05:56:03	655	1041	1	0	0	3.75	16	0	0	4	16	0	0	3.5	16	0	0	4.25	16	0	0	0.13		100.021	20.7798	0.724586	0	7.24437	0.0459504	11.3794	1		0.0088623	12.0616	45.7047	0	0	0	
2024-06-27 05:41:15	542	1042	5	0	0	3	13	0	0	0	13	0	0	2.75	13	0	0	0	13	0	0	0.216		100.03	40.3725	0.844787	0	8.44536	0.204718	13.2659	1		0.0088623	12.0616	46.8742	0	0	0	
2024-06-27 05:38:38	522	1043	5	0	0	2	9	0	0	0	9	0	0	6	9	0	0	0	9	0	0	3.464		100.036	39.6736	0.0687402	0	0.687153	0.119945	17.27	1		0.0088623	12.0616	48.1737	0	0	0	
2024-06-27 05:39:00	525	1044	9	0	0	2	9	0	0	0	9	0	0	4.75	9	0	0	0	9	0	0	2.381		100.035	39.7405	0.0835742	0	0.835446	0.0983825	14.4355	1		0	12.0616	47.9138	0	0	0	
2024-06-27 05:47:43	591	1045	5	0	0	7	29	0	0	0	29	0	0	5	29	0	0	0	29	0	0	1.732		100.025	39.5017	0.111533	0	1.11505	0.202536	14.0122	1		0.0088623	12.0616	45.7047	0	0	0	
2024-06-27 05:47:58	593	1046	5	0	0	7	29	0	0	0	29	0	0	3.75	29	0	0	0	29	0	0	2.814		100.022	39.453	0.0711555	0	0.711399	0.119768	14.527	1		0.0088623	12.0616	45.8346	0	0	0	
2024-06-27 05:38:16	519	1047	5	0	0	1	5	0	0	0	5	0	0	3.25	5	0	0	0	5	0	0	1.948		100.04	39.3071	0.0950833	0	0.950455	0.0529849	13.4367	1		0.0088623	12.0616	48.3036	0	0	0	
2024-06-27 05:50:25	612	1048	9	0	0	2.75	12	0	0	0	12	0	0	5	12	0	0	0	12	0	0	1.948		100.022	39.9011	0.0948995	0	0.948784	0.191393	13.4131	1		0.0088623	12.0616	45.7047	0	0	0	
2024-06-27 05:44:53	570	1049	1	0	0	5	21	0	0	0	21	0	0	1.75	21	0	0	0	21	0	0	2.814		100.025	40.2622	0.0836285	0	0.836074	0.0265769	17.0729	2		0	11.9552	46.0945	0	0	0	
2024-06-27 05:39:49	531	1050	5	0	0	2	9	0	0	0	9	0	0	1.5	9	0	0	0	9	0	0	0.433		100.03	39.6071	0.452567	0	4.52429	0.108835	14.2135	1		0.0088623	12.0616	47.5239	0	0	0	
2024-06-27 05:36:03	502	1051	1	0	0	0	1	0	0	0	1	0	0	2.75	1	0	0	0	1	0	0	2.381		100.039	39.6221	0.166453	0	1.66388	0.0626701	28.7498	2		0.0088623	12.0616	49.9929	0	0	0	
2024-06-27 05:50:17	611	1052	9	0	0	3.25	14	0	0	0	14	0	0	4.5	14	0	0	0	14	0	0	1.082		100.024	40.3808	0.171056	0	1.71014	0.288415	13.4314	1		0.0088623	12.0616	45.7047	0	0	0	
2024-06-27 05:40:54	539	1053	5	0	0	3	13	0	0	0	13	0	0	6.75	13	0	0	0	13	0	0	3.247		100.031	40.3565	0.0677687	0	0.677475	0.653156	15.9626	1		0.0088623	12.0616	47.0042	0	0	0	
2024-06-27 05:37:41	515	1054	9	0	0	1	5	0	0	0	5	0	0	7.25	5	0	0	0	5	0	0	5.412		100.036	39.3156	0.0607637	0	0.607415	0.15388	23.8531	2		0	12.0616	48.6935	0	0	0	
2024-06-27 05:45:10	572	1055	9	0	0	6	25	0	0	0	25	0	0	7.5	25	0	0	0	25	0	0	1.299		100.023	40.0026	0.153063	0	1.53028	0.0622935	14.4226	2		0.0088623	12.0616	46.0945	0	0	0	
2024-06-27 05:45:28	574	1056	5	0	0	6	25	0	0	0	25	0	0	6.25	25	0	0	0	25	0	0	0.216		100.027	40.0359	0.949022	0	9.48768	0.00530724	14.9032	2		0	12.0616	45.9646	0	0	0	
2024-06-27 05:48:28	597	1057	1	0	0	7.75	32	0	0	0	32	0	0	0.5	32	0	0	0	32	0	0	6.278		100.021	39.1576	0.0365722	0	0.365645	0.0947317	16.6563	4		0.0088623	12.0616	45.7047	0	0	0	
2024-06-27 05:44:53	570	1058	5	0	0	5	21	0	0	0	21	0	0	3.5	21	0	0	0	21	0	0	1.299		100.025	40.2622	0.141202	0	1.41166	0.0365681	13.3046	2		0	11.9552	46.0945	0	0	0	
2024-06-27 05:41:30	544	1059	1	0	0	3	13	0	0	0	13	0	0	0.25	13	0	0	0	13	0	0	2.381		100.03	40.2991	0.0787422	0	0.787187	0.00871468	13.6016	1		0	12.0616	46.6143	0	0	0	
2024-06-27 05:38:02	517	1060	1	0	0	1	5	0	0	0	5	0	0	1.25	5	0	0	0	5	0	0	0.216		100.04	39.3146	0.853034	0	8.52694	0.211582	13.3941	1		0.0088623	12.0616	48.3036	0	0	0	
2024-06-27 05:42:49	555	1061	5	0	0	4	17	0	0	0	17	0	0	1.5	17	0	0	0	17	0	0	2.165		100.027	40.1761	0.0854574	0	0.85434	0.0619489	13.4199	1		0.0088623	12.0616	46.3544	0	0	0	
2024-06-27 05:51:05	616	1062	9	0	0	1.5	7	0	0	0	7	0	0	6.25	7	0	0	0	7	0	0	4.113		100.023	39.3958	0.0707397	0	0.707234	0.983513	21.1075	2		0.0088623	12.0616	45.5748	0	0	0	
2024-06-27 05:49:27	604	1063	5	0	0	7.75	32	0	0	0	32	0	0	5.25	32	0	0	0	32	0	0	2.165		100.024	39.1816	0.0902432	0	0.902217	0.138682	14.172	1		0	12.0616	45.5748	0	0	0	
2024-06-27 05:49:12	602	1064	9	0	0	7.75	32	0	0	0	32	0	0	4	32	0	0	0	32	0	0	3.247		100.024	39.2369	0.0604257	0	0.604113	0.0288387	14.2341	1		0.0088623	12.0616	45.7047	0	0	0	
2024-06-27 05:46:29	582	1065	5	0	0	6	25	0	0	0	25	0	0	1.25	25	0	0	0	25	0	0	4.113		100.025	39.9934	0.0592922	0	0.592775	0.135486	17.6915	2		0.0088623	12.0616	45.8346	0	0	0	
2024-06-27 05:42:42	554	1066	5	0	0	4	17	0	0	0	17	0	0	3.5	17	0	0	0	17	0	0	0.433		100.024	40.1115	0.503931	0	5.03808	0.150639	15.8276	1		0.0088623	12.0616	46.4844	0	0	0	
2024-06-27 05:36:34	506	1067	1	0	0	0	1	0	0	0	1	0	0	1	1	0	0	0	1	0	0	0.866		100.04	39.6347	0.211516	0	2.11431	0.124972	13.2846	1		0	12.0616	49.4731	0	0	0	
2024-06-27 05:39:32	529	1068	9	0	0	2	9	0	0	0	9	0	0	5.25	9	0	0	0	9	0	0	2.814		100.03	39.7263	0.086029	0	0.860034	0.657595	17.5622	1		0.0088623	12.0616	47.6539	0	0	0	
2024-06-27 05:39:25	528	1069	9	0	0	2	9	0	0	0	9	0	0	4	9	0	0	0	9	0	0	1.732		100.033	39.6967	0.106662	0	1.06627	0.117393	13.3991	1		0.0088623	12.0616	47.6539	0	0	0	
2024-06-27 05:55:13	648	1070	1	0	0	3.5	15	0	0	0	15	0	0	2.25	15	0	0	0	15	0	0	1.082		100.021	39.7352	0.167471	0	1.67436	0.18269	13.1504	1		0	12.0616	45.7047	0	0	0	
2024-06-27 05:46:59	585	1071	1	0	0	7	29	0	0	0	29	0	0	3	29	0	0	0	29	0	0	3.464		100.025	39.4133	0.0590981	0	0.590836	0.133541	14.8493	1		0.0088623	12.0616	45.8346	0	0	0	
2024-06-27 05:38:30	521	1072	1	0	0	1	5	0	0	0	5	0	0	2.5	5	0	0	0	5	0	0	1.299		100.038	39.2736	0.148088	0	1.48032	0.217703	13.9517	1		0.0088623	12.0616	48.1737	0	0	0	
2024-06-27 05:36:27	505	1073	9	0	0	0	1	0	0	0	1	0	0	6.75	1	0	0	0	1	0	0	5.845		100.041	39.6157	0.0400808	0	0.400645	0.469067	16.9919	1		0.0088623	12.0616	49.6031	0	0	0	
2024-06-27 05:52:08	624	1074	1	0	0	2.75	12	0	0	0	12	0	0	3	12	0	0	0	12	0	0	0.216		100.02	39.8987	0.848794	0	8.48627	0.203915	13.3302	1		0	12.0616	45.3149	0	0	0	
2024-06-27 05:44:36	568	1075	1	0	0	5	21	0	0	0	21	0	0	1	21	0	0	0	21	0	0	3.464		100.026	40.299	0.0670188	0	0.670014	0.891564	16.8393	1		0.0088623	11.9552	46.0945	0	0	0	
2024-06-27 05:57:23	664	1076	1	0	0	0.5	3	0	0	7.25	3	0	0	2.75	3	0	0	5	3	0	0	1.168		100.026	22.0095	0.0709758	0	0.709575	0.14671	10.0314	2		0.0088623	12.0616	45.5748	0	0	0	
2024-06-27 05:52:52	630	1077	9	0	0	6.75	28	0	0	0	28	0	0	7	28	0	0	0	28	0	0	0.216		100.024	39.5996	0.917464	0	9.17245	0.435959	14.4081	1		0.0088623	12.0616	45.7047	0	0	0	
2024-06-27 05:39:49	531	1078	1	0	0	2	9	0	0	0	9	0	0	0.75	9	0	0	0	9	0	0	1.082		100.03	39.6071	0.166641	0	1.6659	0.31184	13.0839	1		0.0088623	12.0616	47.5239	0	0	0	
2024-06-27 05:40:39	537	1079	9	0	0	3	13	0	0	0	13	0	0	6	13	0	0	0	13	0	0	2.598		100.027	40.4352	0.0783667	0	0.783457	0.0753366	14.7678	1		0.0088623	12.0616	47.1341	0	0	0	
2024-06-27 05:41:08	541	1080	9	0	0	3	13	0	0	0	13	0	0	4.75	13	0	0	0	13	0	0	1.515		100.031	40.3615	0.124571	0	1.24532	0.236267	13.693	1		0.0088623	12.0616	46.7443	0	0	0	
2024-06-27 05:38:02	517	1081	5	0	0	1	5	0	0	0	5	0	0	7.75	5	0	0	0	5	0	0	5.845		100.04	39.3146	0.038947	0	0.389315	0.202751	16.5114	1		0.0088623	12.0616	48.3036	0	0	0	
2024-06-27 05:37:27	513	1082	9	0	0	1	5	0	0	0	5	0	0	6.5	5	0	0	0	5	0	0	4.762		100.038	39.3018	0.0528657	0	0.528458	0.728422	18.2622	1		0.0088623	12.0616	48.8234	0	0	0	
2024-06-27 05:45:38	575	1083	1	0	0	6	25	0	0	0	25	0	0	5.5	25	0	0	0	25	0	0	0.433		100.026	40.039	0.508545	0	5.08414	0.063017	15.9723	1		0.0088623	12.0616	45.9646	0	0	0	
2024-06-27 05:45:28	574	1084	9	0	0	6	25	0	0	0	25	0	0	4.25	25	0	0	0	25	0	0	1.515		100.027	40.0359	0.128406	0	1.28371	0.0231593	14.1152	2		0	12.0616	45.9646	0	0	0	
2024-06-27 05:43:50	563	1085	1	0	0	5	21	0	0	0	21	0	0	2.75	21	0	0	0	21	0	0	1.948		100.024	40.322	0.0956373	0	0.956139	0.072739	13.5171	2		0.0088623	12.0616	46.2245	0	0	0	
2024-06-27 05:37:06	510	1086	1	0	0	1	5	0	0	0	5	0	0	0.5	5	0	0	0	5	0	0	0.433		100.038	39.2679	0.469829	0	4.69649	0.692259	14.7544	1		0.0088623	12.0616	48.9533	0	0	0	
2024-06-27 05:42:34	553	1087	1	0	0	4	17	0	0	0	17	0	0	0.75	17	0	0	0	17	0	0	2.814		100.024	40.0511	0.0742336	0	0.742155	0.235335	15.1551	1		0.0088623	12.0616	46.4844	0	0	0	
2024-06-27 05:49:41	606	1088	1	0	0	7.75	32	0	0	0	32	0	0	3.25	32	0	0	0	32	0	0	3.897		100.025	39.2298	0.0510962	0	0.510834	0.0573955	14.4435	1		0.0088623	12.0616	45.7047	0	0	0	
2024-06-27 05:56:34	659	1089	1	0	0	2.75	12	0	0	5	12	0	0	0.5	12	0	0	7.25	12	0	0	1.168		100.02	22.0274	0.0704922	0	0.704779	0.122262	9.96358	1		0	12.0616	45.7047	0	0	0	
2024-06-27 05:51:15	617	1090	9	0	0	1.25	6	0	0	0	6	0	0	6.5	6	0	0	0	6	0	0	4.546		100.024	39.9736	0.0532892	0	0.532764	0.261588	17.5741	1		0.0088623	12.0616	45.7047	0	0	0	
2024-06-27 05:46:39	583	1091	1	0	0	6	25	0	0	0	25	0	0	0.5	25	0	0	0	25	0	0	4.762		100.026	39.925	0.0529673	0	0.529535	0.0413546	18.2994	2		0.0088623	12.0616	45.8346	0	0	0	
2024-06-27 05:42:27	552	1092	1	0	0	4	17	0	0	0	17	0	0	2.75	17	0	0	0	17	0	0	1.082		100.026	40.0955	0.168209	0	1.68165	0.140675	13.2077	1		0.0088623	12.0616	46.6143	0	0	0	
2024-06-27 05:35:49	500	1093	1	0	0	0	1	0	0	0	1	0	0	0.25	1	0	0	0	1	0	0	0.216		100.038	39.5956	0.856825	0	8.56496	0.10478	13.4538	1		0.0088623	12.0616	50.3827	0	0	0	
2024-06-27 05:39:56	532	1094	5	0	0	2	9	0	0	0	9	0	0	3.25	9	0	0	0	9	0	0	1.082		100.033	39.6025	0.168554	0	1.68499	0.106086	13.2339	1		0.0088623	12.0616	47.394	0	0	0	
2024-06-27 05:48:20	596	1095	5	0	0	7	29	0	0	0	29	0	0	1.75	29	0	0	0	29	0	0	4.546		100.022	39.4654	0.0537187	0	0.537067	0.505415	17.7161	1		0	12.0616	45.7047	0	0	0	
2024-06-27 05:36:03	502	1096	9	0	0	0	1	0	0	0	1	0	0	6	1	0	0	0	1	0	0	5.195		100.039	39.6221	0.0579511	0	0.579284	0.471585	21.8385	2		0.0088623	12.0616	49.9929	0	0	0	
2024-06-27 05:35:55	501	1097	9	0	0	0	1	0	0	0	1	0	0	4.75	1	0	0	0	1	0	0	4.113		100.038	39.6172	0.0528364	0	0.528161	0.115279	15.763	1		0.0088623	11.9552	50.1229	0	0	0	
2024-06-27 05:54:26	642	1098	1	0	0	7.25	30	0	0	0	30	0	0	0.5	30	0	0	0	30	0	0	5.845		100.022	39.718	0.0551796	0	0.551672	0.116458	23.3973	2		0.0088623	12.0616	45.4448	0	0	0	
2024-06-27 05:45:03	571	1099	1	0	0	5	21	0	0	0	21	0	0	0.25	21	0	0	0	21	0	0	4.113		100.025	40.3282	0.0520696	0	0.520567	0.557499	15.5364	1		0	12.0616	46.0945	0	0	0	
2024-06-27 05:43:50	563	1100	9	0	0	5	21	0	0	0	21	0	0	6.75	21	0	0	0	21	0	0	1.515		100.024	40.322	0.139675	0	1.39641	0.0977001	15.3543	2		0.0088623	12.0616	46.2245	0	0	0	
2024-06-27 05:40:32	536	1101	1	0	0	3	13	0	0	0	13	0	0	2.25	13	0	0	0	13	0	0	0.649		100.03	40.3395	0.29228	0	2.92192	0.263844	13.7692	1		0	12.0616	47.264	0	0	0	
2024-06-27 05:39:38	530	1102	1	0	0	2	9	0	0	0	9	0	0	0	9	0	0	0	9	0	0	1.732		100.034	39.6499	0.171049	0	1.70991	0.199623	21.4874	2		0.0088623	11.9641	47.5239	0	0	0	
2024-06-27 05:52:58	631	1103	9	0	0	6.5	27	0	0	0	27	0	0	7.25	27	0	0	0	27	0	0	0.649		100.025	39.911	0.329633	0	3.29551	0.107091	15.5297	1		0.0088623	12.0616	45.7047	0	0	0	
2024-06-27 05:48:28	597	1104	9	0	0	7.75	32	0	0	0	32	0	0	7.25	32	0	0	0	32	0	0	0.433		100.021	39.1576	0.511938	0	5.11829	0.3261	16.0796	4		0.0088623	12.0616	45.7047	0	0	0	
2024-06-27 05:54:37	643	1105	1	0	0	7.5	31	0	0	0	31	0	0	0.25	31	0	0	0	31	0	0	6.278		100.022	39.3275	0.0356229	0	0.35615	0.0670866	16.2237	1		0	12.0616	45.7047	0	0	0	
2024-06-27 05:51:47	621	1106	1	0	0	0.75	4	0	0	0	4	0	0	1	4	0	0	0	4	0	0	0.216		100.019	40.2381	0.867191	0	8.67025	0.14147	13.6192	1		0	12.0616	45.5748	0	0	0	
2024-06-27 05:53:45	637	1107	1	0	0	5.5	23	0	0	0	23	0	0	2.25	23	0	0	0	23	0	0	2.814		100.023	39.7385	0.0954766	0	0.95455	0.227121	19.4922	2		0.0088623	12.0616	45.7047	0	0	0	
2024-06-27 05:42:34	553	1108	5	0	0	4	17	0	0	0	17	0	0	6.75	17	0	0	0	17	0	0	2.381		100.024	40.0511	0.0848007	0	0.847801	0.168194	14.6489	1		0.0088623	12.0616	46.4844	0	0	0	
2024-06-27 05:41:08	541	1109	5	0	0	3	13	0	0	0	13	0	0	5.25	13	0	0	0	13	0	0	1.948		100.031	40.3615	0.102713	0	1.02681	0.011907	14.5162	1		0.0088623	12.0616	46.7443	0	0	0	
2024-06-27 05:40:54	539	1110	9	0	0	3	13	0	0	0	13	0	0	4	13	0	0	0	13	0	0	0.866		100.031	40.3565	0.220493	0	2.20424	0.15203	13.8496	1		0.0088623	12.0616	47.0042	0	0	0	
2024-06-27 05:39:07	526	1111	5	0	0	2	9	0	0	0	9	0	0	7.25	9	0	0	0	9	0	0	4.546		100.035	39.7388	0.0530598	0	0.530414	0.83574	17.4966	1		0	11.9552	47.7838	0	0	0	
2024-06-27 05:47:50	592	1112	5	0	0	7	29	0	0	0	29	0	0	7.5	29	0	0	0	29	0	0	0.433		100.023	39.463	0.489693	0	4.8958	0.145524	15.3806	1		0.0088623	12.0616	45.7047	0	0	0	
2024-06-27 05:47:07	586	1113	5	0	0	7	29	0	0	0	29	0	0	6.25	29	0	0	0	29	0	0	0.649		100.023	39.4252	0.325249	0	3.25173	0.501618	15.3234	1		0.0088623	12.0616	45.8346	0	0	0	
2024-06-27 05:37:13	511	1114	9	0	0	1	5	0	0	0	5	0	0	5.75	5	0	0	0	5	0	0	4.113		100.038	39.2925	0.0522528	0	0.522331	0.211654	15.589	1		0.0088623	12.0616	48.9533	0	0	0	
2024-06-27 05:37:34	514	1115	9	0	0	1	5	0	0	0	5	0	0	4.5	5	0	0	0	5	0	0	3.031		100.038	39.3119	0.0741154	0	0.740875	0.174876	16.2927	1		0.0088623	12.0616	48.6935	0	0	0	
2024-06-27 05:46:22	581	1116	5	0	0	6	25	0	0	0	25	0	0	3.5	25	0	0	0	25	0	0	2.165		100.026	39.9872	0.087845	0	0.87822	0.0805435	13.795	1		0.0088623	12.0616	45.8346	0	0	0	
2024-06-27 05:42:49	555	1117	1	0	0	4	17	0	0	0	17	0	0	0	17	0	0	0	17	0	0	3.464		100.027	40.1761	0.064132	0	0.641145	0.0779823	16.1137	1		0.0088623	12.0616	46.3544	0	0	0	
2024-06-27 05:49:49	607	1118	5	0	0	7.75	32	0	0	0	32	0	0	2.5	32	0	0	0	32	0	0	4.546		100.026	39.186	0.0490229	0	0.490102	0.221797	16.1669	1		0	12.0616	45.4448	0	0	0	
2024-06-27 05:39:32	529	1119	1	0	0	2	9	0	0	0	9	0	0	2.5	9	0	0	0	9	0	0	0.433		100.03	39.7263	0.443899	0	4.43766	0.0624233	13.9413	1		0.0088623	12.0616	47.6539	0	0	0	
2024-06-27 05:48:20	596	1120	1	0	0	7	29	0	0	0	29	0	0	1	29	0	0	0	29	0	0	5.195		100.022	39.4654	0.0464936	0	0.464832	0.533114	17.5238	1		0	12.0616	45.7047	0	0	0	
2024-06-27 05:35:49	500	1121	5	0	0	0	1	0	0	0	1	0	0	5.25	1	0	0	0	1	0	0	4.546		100.038	39.5956	0.0513475	0	0.513278	0.366457	16.9314	1		0.0088623	12.0616	50.3827	0	0	0	
2024-06-27 05:35:39	499	1122	1	0	0	0	1	0	0	0	1	0	0	4	1	0	0	0	1	0	0	3.464		100.039	39.6105	0.0645716	0	0.645462	0.0195081	16.2222	2		0.0088623	12.0616	50.5127	0	0	0	
2024-06-27 05:49:34	605	1123	5	0	0	7.75	32	0	0	0	32	0	0	1.75	32	0	0	0	32	0	0	5.195		100.026	39.2157	0.0442002	0	0.441887	0.450255	16.6587	1		0	12.0616	45.7047	0	0	0	
2024-06-27 05:44:15	566	1124	5	0	0	5	21	0	0	0	21	0	0	6	21	0	0	0	21	0	0	0.866		100.021	40.2981	0.234641	0	2.34591	0.0328261	14.7398	2		0	12.0616	46.2245	0	0	0	
2024-06-27 05:43:43	562	1125	9	0	0	5	21	0	0	0	21	0	0	4.75	21	0	0	0	21	0	0	0.216		100.023	40.2949	0.877021	0	8.76823	0.176206	13.7731	1		0	12.0616	46.2245	0	0	0	
2024-06-27 05:40:39	537	1126	1	0	0	3	13	0	0	0	13	0	0	1.5	13	0	0	0	13	0	0	1.299		100.027	40.4352	0.138759	0	1.38722	0.0116806	13.0742	1		0.0088623	12.0616	47.1341	0	0	0	
2024-06-27 05:48:57	600	1127	5	0	0	7.75	32	0	0	0	32	0	0	6.5	32	0	0	0	32	0	0	1.082		100.022	39.2557	0.188631	0	1.8859	0.201353	14.8118	1		0.0088623	12.0616	45.7047	0	0	0	
2024-06-27 05:50:45	614	1128	9	0	0	2.25	10	0	0	0	10	0	0	5.5	10	0	0	0	10	0	0	2.814		100.023	40.4323	0.0957932	0	0.957707	0.0358212	19.5567	2		0	12.0616	45.7047	0	0	0	
2024-06-27 05:56:24	658	1129	1	0	0	3	13	0	0	4.75	13	0	0	1.25	13	0	0	6.5	13	0	0	0.908		100.019	22.4756	0.0771839	0	0.771691	0.0506388	8.48518	2		0.0088623	12.0616	45.5748	0	0	0	
2024-06-27 05:41:58	548	1130	9	0	0	4	17	0	0	0	17	0	0	6	17	0	0	0	17	0	0	1.732		100.028	40.0173	0.111541	0	1.1151	0.0156034	14.0128	1		0.0088623	12.0616	46.7443	0	0	0	
2024-06-27 05:41:51	547	1131	9	0	0	4	17	0	0	0	17	0	0	4.75	17	0	0	0	17	0	0	0.649		100.027	40.0756	0.323658	0	3.23572	0.275039	15.248	1		0.0088623	12.0616	46.7443	0	0	0	
2024-06-27 05:36:58	509	1132	1	0	0	0	1	0	0	0	1	0	0	2.25	1	0	0	0	1	0	0	1.948		100.042	39.6331	0.119972	0	1.19921	0.819593	16.9534	1		0.0088623	12.0616	49.2132	0	0	0	
2024-06-27 05:56:17	657	1133	1	0	0	3.25	14	0	0	4.5	14	0	0	2	14	0	0	5.75	14	0	0	0.649		100.023	22.3164	0.139705	0	1.39672	0.302879	10.9698	1		0.0088623	12.0616	45.7047	0	0	0	
2024-06-27 05:41:30	544	1134	5	0	0	3	13	0	0	0	13	0	0	3.25	13	0	0	0	13	0	0	0.216		100.03	40.2991	0.869887	0	8.69627	0.152799	13.6601	1		0	12.0616	46.6143	0	0	0	
2024-06-27 05:39:00	525	1135	5	0	0	2	9	0	0	0	9	0	0	7.75	9	0	0	0	9	0	0	4.979		100.035	39.7405	0.0434636	0	0.434482	0.020748	15.6971	1		0	12.0616	47.9138	0	0	0	
2024-06-27 05:38:53	524	1136	9	0	0	2	9	0	0	0	9	0	0	6.5	9	0	0	0	9	0	0	3.897		100.035	39.8093	0.0551901	0	0.551705	0.0408763	15.5991	1		0.0088623	12.0616	47.9138	0	0	0	
2024-06-27 05:47:14	587	1137	5	0	0	7	29	0	0	0	29	0	0	5.5	29	0	0	0	29	0	0	1.299		100.023	39.4926	0.152926	0	1.52891	0.477639	14.4096	1		0.0088623	12.0616	45.8346	0	0	0	
2024-06-27 05:46:59	585	1138	9	0	0	7	29	0	0	0	29	0	0	4.25	29	0	0	0	29	0	0	2.381		100.025	39.4133	0.0829671	0	0.829467	0.404089	14.3322	1		0.0088623	12.0616	45.8346	0	0	0	
2024-06-27 05:37:06	510	1139	5	0	0	1	5	0	0	0	5	0	0	5	5	0	0	0	5	0	0	3.464		100.038	39.2679	0.0611753	0	0.611519	0.256693	15.3691	1		0.0088623	12.0616	48.9533	0	0	0	
2024-06-27 05:38:16	519	1140	1	0	0	1	5	0	0	0	5	0	0	3.75	5	0	0	0	5	0	0	2.381		100.04	39.3071	0.0842686	0	0.842351	0.206656	14.5548	1		0.0088623	12.0616	48.3036	0	0	0	
2024-06-27 05:45:53	577	1141	1	0	0	6	25	0	0	0	25	0	0	2.75	25	0	0	0	25	0	0	2.814		100.027	40.0637	0.0717584	0	0.717392	0.0234201	14.6494	1		0.0088623	12.0616	45.8346	0	0	0	
2024-06-27 05:44:43	569	1142	5	0	0	5	21	0	0	0	21	0	0	2.25	21	0	0	0	21	0	0	2.381		100.024	40.2987	0.0812217	0	0.812024	0.0851502	14.0308	2		0	12.0616	46.0945	0	0	0	
2024-06-27 05:48:12	595	1143	1	0	0	7	29	0	0	0	29	0	0	0.25	29	0	0	0	29	0	0	5.845		100.022	39.5516	0.0389669	0	0.389584	0.141786	16.5229	1		0.0088623	12.0616	45.7047	0	0	0	
2024-06-27 05:35:55	501	1144	1	0	0	0	1	0	0	0	1	0	0	3.25	1	0	0	0	1	0	0	2.814		100.038	39.6172	0.0707069	0	0.706798	0.280526	14.4331	1		0.0088623	11.9552	50.1229	0	0	0	
2024-06-27 05:40:47	538	1145	9	0	0	3	13	0	0	0	13	0	0	7.25	13	0	0	0	13	0	0	3.68		100.029	40.3222	0.067287	0	0.672671	0.788161	17.9627	1		0.0088623	12.0616	47.1341	0	0	0	
2024-06-27 05:45:45	576	1146	5	0	0	6	25	0	0	0	25	0	0	6.75	25	0	0	0	25	0	0	0.649		100.026	39.9533	0.339487	0	3.39401	0.0303807	15.9939	1		0.0088623	12.0616	45.9646	0	0	0	
2024-06-27 05:50:03	609	1147	9	0	0	3.75	16	0	0	0	16	0	0	4	16	0	0	0	16	0	0	0.216		100.024	39.9455	0.981644	0	9.81412	0.497035	15.416	1		0.0088623	12.0616	45.7047	0	0	0	
2024-06-27 05:49:04	601	1148	1	0	0	7.75	32	0	0	0	32	0	0	1	32	0	0	0	32	0	0	5.845		100.027	39.263	0.0387902	0	0.387798	0.22134	16.4471	1		0.0088623	12.0616	45.7047	0	0	0	
2024-06-27 05:44:01	564	1149	9	0	0	5	21	0	0	0	21	0	0	5.25	21	0	0	0	21	0	0	0.216		100.024	40.3252	0.899859	0	8.99641	0.165716	14.1315	1		0	12.0616	46.2245	0	0	0	
2024-06-27 05:43:26	560	1150	1	0	0	5	21	0	0	0	21	0	0	4	21	0	0	0	21	0	0	0.866		100.022	40.3747	0.226398	0	2.26348	0.0757756	14.2219	2		0.0088623	12.0616	46.3544	0	0	0	
2024-06-27 05:40:54	539	1151	1	0	0	3	13	0	0	0	13	0	0	0.75	13	0	0	0	13	0	0	1.948		100.031	40.3565	0.099101	0	0.9907	0.508736	14.0057	1		0.0088623	12.0616	47.0042	0	0	0	
2024-06-27 05:38:09	518	1152	1	0	0	1	5	0	0	0	5	0	0	1.75	5	0	0	0	5	0	0	0.649		100.039	39.2887	0.299539	0	2.99423	0.0963375	14.11	1		0.0088623	12.0616	48.3036	0	0	0	
2024-06-27 05:41:51	547	1153	1	0	0	4	17	0	0	0	17	0	0	2	17	0	0	0	17	0	0	1.732		100.027	40.0756	0.107028	0	1.06999	0.276786	13.4459	1		0.0088623	12.0616	46.7443	0	0	0	
2024-06-27 05:48:50	599	1154	9	0	0	7.75	32	0	0	0	32	0	0	5.75	32	0	0	0	32	0	0	1.732		100.025	39.2495	0.112857	0	1.12829	0.214781	14.1785	1		0.0088623	12.0616	45.7047	0	0	0	
2024-06-27 05:49:20	603	1155	5	0	0	7.75	32	0	0	0	32	0	0	4.5	32	0	0	0	32	0	0	2.814		100.024	39.2111	0.0700444	0	0.700273	0.205478	14.2998	1		0	12.0616	45.7047	0	0	0	
2024-06-27 05:52:22	626	1156	1	0	0	2.25	10	0	0	0	10	0	0	3.5	10	0	0	0	10	0	0	1.082		100.02	40.4496	0.168498	0	1.68465	0.134637	13.2312	1		0.0088623	12.0616	45.7047	0	0	0	
2024-06-27 05:51:39	620	1157	9	0	0	0.25	2	0	0	0	2	0	0	7.5	2	0	0	0	2	0	0	6.278		100.022	39.9672	0.0366133	0	0.366053	0.379251	16.6748	1		0	12.0616	45.5748	0	0	0	
2024-06-27 05:46:22	581	1158	1	0	0	6	25	0	0	0	25	0	0	1.75	25	0	0	0	25	0	0	3.68		100.026	39.9872	0.070707	0	0.706885	0.754916	18.8763	1		0.0088623	12.0616	45.8346	0	0	0	
2024-06-27 05:41:58	548	1159	5	0	0	4	17	0	0	0	17	0	0	5.25	17	0	0	0	17	0	0	1.082		100.028	40.0173	0.182744	0	1.82694	0.110656	14.3487	1		0.0088623	12.0616	46.7443	0	0	0	
2024-06-27 05:35:24	498	1160	1	0	0	0	1	0	0	0	1	0	0	1.5	1	0	0	0	1	0	0	1.299		100.039	39.6338	0.136888	0	1.36834	0.0857866	12.8963	2		0.0088623	12.0261	50.5127	0	0	0	
2024-06-27 05:41:23	543	1161	5	0	0	3	13	0	0	0	13	0	0	2.5	13	0	0	0	13	0	0	0.433		100.029	40.3824	0.449447	0	4.49317	0.306763	14.1157	1		0	12.0616	46.8742	0	0	0	
2024-06-27 05:38:38	522	1162	9	0	0	2	9	0	0	0	9	0	0	5.75	9	0	0	0	9	0	0	3.247		100.036	39.6736	0.0654456	0	0.654219	0.0589833	15.4147	1		0.0088623	12.0616	48.1737	0	0	0	
2024-06-27 05:39:15	527	1163	5	0	0	2	9	0	0	0	9	0	0	4.5	9	0	0	0	9	0	0	2.165		100.034	39.6681	0.0904012	0	0.903702	0.00839377	14.1953	2		0	12.0616	47.7838	0	0	0	
2024-06-27 05:48:05	594	1164	5	0	0	7	29	0	0	0	29	0	0	3.5	29	0	0	0	29	0	0	3.031		100.022	39.4184	0.0652085	0	0.65194	0.188099	14.3369	1		0.0088623	12.0616	45.7047	0	0	0	
2024-06-27 05:37:13	511	1165	1	0	0	1	5	0	0	0	5	0	0	3	5	0	0	0	5	0	0	1.732		100.038	39.2925	0.108612	0	1.08571	0.207389	13.6434	1		0.0088623	12.0616	48.9533	0	0	0	
2024-06-27 05:35:39	499	1166	5	0	0	0	1	0	0	0	1	0	0	7.25	1	0	0	0	1	0	0	6.278		100.039	39.6105	0.0394977	0	0.394822	0.118182	17.9853	2		0.0088623	12.0616	50.5127	0	0	0	
2024-06-27 05:44:43	569	1167	1	0	0	5	21	0	0	0	21	0	0	1.5	21	0	0	0	21	0	0	3.031		100.024	40.2987	0.0712266	0	0.712097	0.405386	15.6598	2		0	12.0616	46.0945	0	0	0	
2024-06-27 05:39:25	528	1168	1	0	0	2	9	0	0	0	9	0	0	1.25	9	0	0	0	9	0	0	0.649		100.033	39.6967	0.285309	0	2.85213	0.242525	13.4404	1		0.0088623	12.0616	47.6539	0	0	0	
2024-06-27 05:54:51	645	1169	1	0	0	1.5	7	0	0	0	7	0	0	0.25	7	0	0	0	7	0	0	1.082		100.024	39.4521	0.164275	0	1.64236	0.0973773	12.8991	1		0	12.0616	45.7047	0	0	0	
2024-06-27 05:36:41	507	1170	1	0	0	0	1	0	0	0	1	0	0	2.5	1	0	0	0	1	0	0	2.165		100.036	39.6582	0.0911925	0	0.911595	0.25145	14.3193	1		0.0088623	12.0616	49.4731	0	0	0	
2024-06-27 05:54:03	639	1171	1	0	0	6.25	26	0	0	0	26	0	0	1.5	26	0	0	0	26	0	0	4.113		100.021	40.0594	0.0595153	0	0.595027	0.140348	17.7586	2		0.0088623	12.0616	45.5748	0	0	0	
2024-06-27 05:55:48	653	1172	9	0	0	7.25	30	0	0	0	30	0	0	6.5	30	0	0	0	30	0	0	0.649		100.021	39.7135	0.325324	0	3.25254	0.218715	15.3273	1		0.0088623	12.0616	45.7047	0	0	0	
2024-06-27 05:40:10	534	1173	5	0	0	3	13	0	0	0	13	0	0	7.75	13	0	0	0	13	0	0	4.113		100.031	40.2537	0.0505655	0	0.505498	0.0893484	15.0867	4		0.0088623	12.0616	47.394	0	0	0	
2024-06-27 05:40:32	536	1174	9	0	0	3	13	0	0	0	13	0	0	6.5	13	0	0	0	13	0	0	3.031		100.03	40.3395	0.069881	0	0.698601	0.0469962	15.363	1		0	12.0616	47.264	0	0	0	
2024-06-27 05:37:34	514	1175	5	0	0	1	5	0	0	0	5	0	0	7	5	0	0	0	5	0	0	5.195		100.038	39.3119	0.0443623	0	0.443456	0.270694	16.7179	1		0.0088623	12.0616	48.6935	0	0	0	
2024-06-27 05:45:53	577	1176	9	0	0	6	25	0	0	0	25	0	0	4.75	25	0	0	0	25	0	0	1.082		100.027	40.0637	0.182961	0	1.82912	0.0329956	14.3659	1		0.0088623	12.0616	45.8346	0	0	0	
2024-06-27 05:48:50	599	1177	1	0	0	7.75	32	0	0	0	32	0	0	0.25	32	0	0	0	32	0	0	6.494		100.025	39.2495	0.0338377	0	0.338293	0.106639	15.9417	1		0.0088623	12.0616	45.7047	0	0	0	
2024-06-27 05:44:01	564	1178	1	0	0	5	21	0	0	0	21	0	0	3.25	21	0	0	0	21	0	0	1.515		100.024	40.3252	0.121372	0	1.21343	0.0408165	13.3423	1		0	12.0616	46.2245	0	0	0	
2024-06-27 05:40:24	535	1179	1	0	0	3	13	0	0	0	13	0	0	0	13	0	0	0	13	0	0	2.598		100.035	40.3116	0.0817299	0	0.817014	0.614741	15.4003	1		0.0088623	12.0616	47.264	0	0	0	
2024-06-27 05:50:10	610	1180	9	0	0	3.5	15	0	0	0	15	0	0	4.25	15	0	0	0	15	0	0	0.649		100.023	39.589	0.310756	0	3.10686	0.303104	14.6407	1		0.0088623	12.0616	45.7047	0	0	0	
2024-06-27 05:42:06	549	1181	1	0	0	4	17	0	0	0	17	0	0	1.25	17	0	0	0	17	0	0	2.381		100.029	39.999	0.0817922	0	0.817687	0.302613	14.1286	1		0.0088623	12.0616	46.6143	0	0	0	
2024-06-27 05:49:04	601	1182	9	0	0	7.75	32	0	0	0	32	0	0	5	32	0	0	0	32	0	0	2.381		100.027	39.263	0.0811492	0	0.811275	0.123394	14.0178	1		0.0088623	12.0616	45.7047	0	0	0	
2024-06-27 05:49:27	604	1183	1	0	0	7.75	32	0	0	0	32	0	0	3.75	32	0	0	0	32	0	0	3.464		100.024	39.1816	0.0576588	0	0.576451	0.0430358	14.4878	1		0	12.0616	45.5748	0	0	0	
2024-06-27 05:57:13	663	1184	1	0	0	1.25	6	0	0	6.5	6	0	0	3	6	0	0	4.75	6	0	0	0.908		100.025	22.0348	0.0842235	0	0.842021	0.288378	9.2585	2		0.0088623	12.0616	45.7047	0	0	0	
2024-06-27 05:45:28	574	1185	1	0	0	6	25	0	0	0	25	0	0	1	25	0	0	0	25	0	0	4.33		100.027	40.0359	0.0575709	0	0.575555	0.0911561	18.0816	2		0	12.0616	45.9646	0	0	0	
2024-06-27 05:42:14	550	1186	1	0	0	4	17	0	0	0	17	0	0	3.25	17	0	0	0	17	0	0	0.649		100.027	39.9977	0.311975	0	3.1189	0.152839	14.6975	1		0.0088623	12.0616	46.6143	0	0	0	
2024-06-27 05:36:49	508	1187	5	0	0	0	1	0	0	0	1	0	0	0.75	1	0	0	0	1	0	0	0.649		100.038	39.6101	0.371129	0	3.70989	0.511938	17.4824	2		0.0088623	12.0616	49.2132	0	0	0	
2024-06-27 05:56:42	660	1188	1	0	0	3.5	15	0	0	4.25	15	0	0	3.75	15	0	0	4	15	0	0	0.13		100.022	21.4933	0.708526	0	7.08372	0.132978	11.1271	1		0	12.0616	45.7047	0	0	0	
2024-06-27 05:38:45	523	1189	9	0	0	2	9	0	0	0	9	0	0	5	9	0	0	0	9	0	0	2.598		100.038	39.7597	0.0762178	0	0.76189	0.136667	14.3613	1		0	12.0616	47.9138	0	0	0	
2024-06-27 05:39:56	532	1190	1	0	0	2	9	0	0	0	9	0	0	3.75	9	0	0	0	9	0	0	1.515		100.033	39.6025	0.132402	0	1.32359	0.280893	14.5536	1		0.0088623	12.0616	47.394	0	0	0	
2024-06-27 05:47:07	586	1191	1	0	0	7	29	0	0	0	29	0	0	2.75	29	0	0	0	29	0	0	3.68		100.023	39.4252	0.0558349	0	0.558218	0.144215	14.9064	1		0.0088623	12.0616	45.8346	0	0	0	
2024-06-27 05:47:29	589	1192	1	0	0	7	29	0	0	0	29	0	0	2.25	29	0	0	0	29	0	0	4.113		100.023	39.4189	0.0514916	0	0.514798	0.105594	15.3642	1		0	12.0616	45.8346	0	0	0	
2024-06-27 05:36:20	504	1193	5	0	0	0	1	0	0	0	1	0	0	7.75	1	0	0	0	1	0	0	6.711		100.042	39.6209	0.0355394	0	0.355246	0.0301779	17.2986	1		0.0088623	11.9641	49.733	0	0	0	
2024-06-27 05:36:20	504	1194	9	0	0	0	1	0	0	0	1	0	0	6.5	1	0	0	0	1	0	0	5.628		100.042	39.6209	0.0410939	0	0.410768	0.163144	16.776	1		0.0088623	11.9641	49.733	0	0	0	
2024-06-27 05:43:18	559	1195	1	0	0	5	21	0	0	0	21	0	0	0.75	21	0	0	0	21	0	0	3.68		100.026	40.3949	0.070132	0	0.701135	0.406995	18.7228	1		0.0088623	12.0616	46.3544	0	0	0	
2024-06-27 05:43:50	563	1196	5	0	0	5	21	0	0	0	21	0	0	7.25	21	0	0	0	21	0	0	1.948		100.024	40.322	0.113573	0	1.13545	0.0637503	16.0521	2		0.0088623	12.0616	46.2245	0	0	0	
2024-06-27 05:55:41	652	1197	9	0	0	5.75	24	0	0	0	24	0	0	4	24	0	0	0	24	0	0	1.515		100.021	40.1931	0.12572	0	1.25693	0.18559	13.8207	1		0.0088623	12.0616	45.7047	0	0	0	
2024-06-27 05:52:37	628	1198	9	0	0	4.5	19	0	0	0	19	0	0	5.25	19	0	0	0	19	0	0	0.649		100.019	40.1804	0.328154	0	3.2809	0.243343	15.4609	1		0.0088623	12.0616	45.7047	0	0	0	
2024-06-27 05:56:48	661	1199	1	0	0	2.75	12	0	0	5	12	0	0	3.5	12	0	0	4.25	12	0	0	0.389		100.023	22.0582	0.264933	0	2.6487	1.97123	12.4817	4		0.0088623	12.0616	45.8346	0	0	0	
2024-06-27 05:40:03	533	1200	1	0	0	2	9	0	0	0	9	0	0	0.5	9	0	0	0	9	0	0	1.299		100.032	39.6049	0.138955	0	1.3891	0.295541	13.092	1		0.0088623	12.0616	47.394	0	0	0	
2024-06-27 05:51:29	619	1201	9	0	0	0.5	3	0	0	0	3	0	0	7.25	3	0	0	0	3	0	0	5.845		100.019	40.0781	0.0594286	0	0.594171	0.236595	25.1997	2		0	12.0616	45.5748	0	0	0	
2024-06-27 05:41:51	547	1202	5	0	0	4	17	0	0	0	17	0	0	7.25	17	0	0	0	17	0	0	2.814		100.027	40.0756	0.0755887	0	0.755686	0.0195571	15.4314	1		0.0088623	12.0616	46.7443	0	0	0	
2024-06-27 05:40:24	535	1203	9	0	0	3	13	0	0	0	13	0	0	5.75	13	0	0	0	13	0	0	2.381		100.035	40.3116	0.0806418	0	0.806136	0.165852	13.929	1		0.0088623	12.0616	47.264	0	0	0	
2024-06-27 05:40:24	535	1204	5	0	0	3	13	0	0	0	13	0	0	4.5	13	0	0	0	13	0	0	1.299		100.035	40.3116	0.142955	0	1.42905	0.292073	13.4685	1		0.0088623	12.0616	47.264	0	0	0	
2024-06-27 05:47:36	590	1205	5	0	0	7	29	0	0	0	29	0	0	6.75	29	0	0	0	29	0	0	0.216		100.024	39.4887	0.906975	0	9.06758	0.0338465	14.2433	1		0	12.0616	45.8346	0	0	0	
2024-06-27 05:37:13	511	1206	5	0	0	1	5	0	0	0	5	0	0	7.5	5	0	0	0	5	0	0	5.628		100.038	39.2925	0.040897	0	0.408815	0.0557745	16.6963	1		0.0088623	12.0616	48.9533	0	0	0	
2024-06-27 05:37:20	512	1207	5	0	0	1	5	0	0	0	5	0	0	6.25	5	0	0	0	5	0	0	4.546		100.04	39.3115	0.0608077	0	0.607833	0.950817	20.0504	1		0.0088623	12.0616	48.4336	0	0	0	
2024-06-27 05:45:21	573	1208	9	0	0	6	25	0	0	0	25	0	0	5.25	25	0	0	0	25	0	0	0.649		100.023	39.972	0.324411	0	3.24337	0.235955	15.284	1		0.0088623	12.0616	45.9646	0	0	0	
2024-06-27 05:46:00	578	1209	9	0	0	6	25	0	0	0	25	0	0	4	25	0	0	0	25	0	0	1.732		100.026	40.0421	0.110529	0	1.10499	0.0268053	13.8858	1		0.0088623	12.0616	45.8346	0	0	0	
2024-06-27 05:44:15	566	1210	1	0	0	5	21	0	0	0	21	0	0	2.5	21	0	0	0	21	0	0	2.165		100.021	40.2981	0.10411	0	1.04088	0.0141173	16.3501	2		0	12.0616	46.2245	0	0	0	
2024-06-27 05:37:52	516	1211	1	0	0	1	5	0	0	0	5	0	0	0.25	5	0	0	0	5	0	0	0.649		100.041	39.3028	0.296556	0	2.96435	0.0211769	13.9692	2		0.0088623	12.0616	48.4336	0	0	0	
2024-06-27 05:42:20	551	1212	1	0	0	4	17	0	0	0	17	0	0	0.5	17	0	0	0	17	0	0	3.031		100.027	40.0945	0.0672708	0	0.672526	0.210189	14.7896	1		0	11.9552	46.3544	0	0	0	
2024-06-27 05:49:56	608	1213	1	0	0	7.75	32	0	0	0	32	0	0	3	32	0	0	0	32	0	0	4.113		100.027	39.301	0.049061	0	0.490479	0.0604644	14.6384	1		0.0088623	12.0616	45.7047	0	0	0	
2024-06-27 05:45:45	576	1214	1	0	0	6	25	0	0	0	25	0	0	0.25	25	0	0	0	25	0	0	4.979		100.026	39.9533	0.0481924	0	0.481801	0.188176	17.4067	1		0.0088623	12.0616	45.9646	0	0	0	
2024-06-27 05:53:34	636	1215	1	0	0	5.25	22	0	0	0	22	0	0	2.5	22	0	0	0	22	0	0	2.381		100.021	40.2309	0.103358	0	1.03337	0.0116486	17.8553	2		0.0088623	12.0616	45.7047	0	0	0	
2024-06-27 05:42:57	556	1216	1	0	0	4	17	0	0	0	17	0	0	2.5	17	0	0	0	17	0	0	1.299		100.024	40.0005	0.14366	0	1.43626	0.269912	13.5364	1		0.0088623	12.0616	46.3544	0	0	0	
2024-06-27 05:38:38	522	1217	1	0	0	2	9	0	0	0	9	0	0	3	9	0	0	0	9	0	0	0.866		100.036	39.6736	0.213899	0	2.13821	0.416447	13.4348	1		0.0088623	12.0616	48.1737	0	0	0	
2024-06-27 05:47:43	591	1218	1	0	0	7	29	0	0	0	29	0	0	1.5	29	0	0	0	29	0	0	4.762		100.025	39.5017	0.0477087	0	0.476968	0.150627	16.4828	1		0.0088623	12.0616	45.7047	0	0	0	
2024-06-27 05:36:03	502	1219	5	0	0	0	1	0	0	0	1	0	0	5.75	1	0	0	0	1	0	0	4.979		100.039	39.6221	0.0456044	0	0.455866	0.0175242	16.4697	2		0.0088623	12.0616	49.9929	0	0	0	
2024-06-27 05:35:24	498	1220	5	0	0	0	1	0	0	0	1	0	0	4.5	1	0	0	0	1	0	0	3.897		100.039	39.6338	0.0546139	0	0.545925	0.0861204	15.4357	2		0.0088623	12.0261	50.5127	0	0	0	
2024-06-27 05:43:35	561	1221	1	0	0	5	21	0	0	0	21	0	0	0	21	0	0	0	21	0	0	4.33		100.024	40.3191	0.0512121	0	0.512001	0.320401	16.085	1		0.0088623	12.0616	46.0945	0	0	0	
2024-06-27 05:49:20	603	1222	1	0	0	7.75	32	0	0	0	32	0	0	2.25	32	0	0	0	32	0	0	4.762		100.024	39.2111	0.0436244	0	0.436138	0.0987012	15.0718	1		0	12.0616	45.7047	0	0	0	
2024-06-27 05:43:26	560	1223	5	0	0	5	21	0	0	0	21	0	0	7.75	21	0	0	0	21	0	0	2.381		100.022	40.3747	0.0840644	0	0.840459	0.0330346	14.5221	2		0.0088623	12.0616	46.3544	0	0	0	
2024-06-27 05:43:18	559	1224	9	0	0	5	21	0	0	0	21	0	0	6.5	21	0	0	0	21	0	0	1.299		100.026	40.3949	0.154602	0	1.54561	0.0260209	14.5671	1		0.0088623	12.0616	46.3544	0	0	0	
2024-06-27 05:40:10	534	1225	1	0	0	3	13	0	0	0	13	0	0	2	13	0	0	0	13	0	0	0.866		100.031	40.2537	0.210199	0	2.10134	1.80304	13.2031	4		0.0088623	12.0616	47.394	0	0	0	
2024-06-27 05:53:20	634	1226	1	0	0	4.5	19	0	0	0	19	0	0	3.25	19	0	0	0	19	0	0	1.082		100.024	40.2129	0.174272	0	1.74229	0.447901	13.6839	1		0	12.0616	45.5748	0	0	0	
2024-06-27 05:48:28	597	1227	5	0	0	7.75	32	0	0	0	32	0	0	7	32	0	0	0	32	0	0	0.649		100.021	39.1576	0.336998	0	3.36927	1.27524	15.8773	4		0.0088623	12.0616	45.7047	0	0	0	
2024-06-27 05:55:34	651	1228	9	0	0	5.5	23	0	0	0	23	0	0	4.25	23	0	0	0	23	0	0	1.082		100.021	39.6911	0.182595	0	1.82556	0.333731	14.3379	1		0.0088623	12.0616	45.7047	0	0	0	
2024-06-27 05:54:20	641	1229	1	0	0	6.75	28	0	0	0	28	0	0	1	28	0	0	0	28	0	0	4.979		100.024	39.708	0.0593586	0	0.593443	0.399424	21.4401	1		0	12.0616	45.5748	0	0	0	
2024-06-27 05:52:44	629	1230	9	0	0	4.25	18	0	0	0	18	0	0	5.5	18	0	0	0	18	0	0	1.082		100.021	40.2005	0.187059	0	1.87019	0.791927	14.6885	1		0.0088623	12.0616	45.7047	0	0	0	
2024-06-27 05:42:27	552	1231	9	0	0	4	17	0	0	0	17	0	0	7.75	17	0	0	0	17	0	0	3.247		100.026	40.0955	0.0623442	0	0.623281	0.034589	14.6857	1		0.0088623	12.0616	46.6143	0	0	0	
2024-06-27 05:42:06	549	1232	5	0	0	4	17	0	0	0	17	0	0	6.5	17	0	0	0	17	0	0	2.165		100.029	39.999	0.0912291	0	0.912029	0.158394	14.3261	1		0.0088623	12.0616	46.6143	0	0	0	
2024-06-27 05:41:01	540	1233	9	0	0	3	13	0	0	0	13	0	0	5	13	0	0	0	13	0	0	1.732		100.032	40.3293	0.106181	0	1.06147	0.0668473	13.3388	1		0	12.0705	47.0042	0	0	0	
2024-06-27 05:41:08	541	1234	1	0	0	3	13	0	0	0	13	0	0	3.75	13	0	0	0	13	0	0	0.649		100.031	40.3615	0.303093	0	3.02998	0.232633	14.2784	1		0.0088623	12.0616	46.7443	0	0	0	
2024-06-27 05:38:45	523	1235	5	0	0	2	9	0	0	0	9	0	0	7	9	0	0	0	9	0	0	4.33		100.038	39.7597	0.0496657	0	0.496469	0.0437256	15.597	1		0	12.0616	47.9138	0	0	0	
2024-06-27 05:47:29	589	1236	9	0	0	7	29	0	0	0	29	0	0	6	29	0	0	0	29	0	0	0.866		100.023	39.4189	0.23761	0	2.37556	0.469392	14.9261	1		0	12.0616	45.8346	0	0	0	
2024-06-27 05:47:07	586	1237	9	0	0	7	29	0	0	0	29	0	0	4.75	29	0	0	0	29	0	0	1.948		100.023	39.4252	0.100803	0	1.00779	0.440655	14.2473	1		0.0088623	12.0616	45.8346	0	0	0	
2024-06-27 05:37:52	516	1238	9	0	0	1	5	0	0	0	5	0	0	5.5	5	0	0	0	5	0	0	3.897		100.041	39.3028	0.0724263	0	0.723967	0.100492	20.4697	2		0.0088623	12.0616	48.4336	0	0	0	
2024-06-27 05:37:52	516	1239	5	0	0	1	5	0	0	0	5	0	0	4.25	5	0	0	0	5	0	0	2.814		100.041	39.3028	0.0738339	0	0.738037	0.04998	15.071	2		0.0088623	12.0616	48.4336	0	0	0	
2024-06-27 05:46:15	580	1240	5	0	0	6	25	0	0	0	25	0	0	3.25	25	0	0	0	25	0	0	2.381		100.026	40.0172	0.0832962	0	0.832742	0.285706	14.3887	1		0	12.0616	45.8346	0	0	0	
2024-06-27 05:52:01	623	1241	1	0	0	0.25	2	0	0	0	2	0	0	1.5	2	0	0	0	2	0	0	1.082		100.023	40.1144	0.163997	0	1.6396	0.249842	12.8774	1		0	12.0616	45.7047	0	0	0	
2024-06-27 05:47:58	593	1242	1	0	0	7	29	0	0	0	29	0	0	0.75	29	0	0	0	29	0	0	5.412		100.022	39.453	0.0463186	0	0.463084	0.416683	18.1853	1		0.0088623	12.0616	45.8346	0	0	0	
2024-06-27 05:35:49	500	1243	9	0	0	0	1	0	0	0	1	0	0	5	1	0	0	0	1	0	0	4.33		100.038	39.5956	0.0497901	0	0.497709	0.0933786	15.636	1		0.0088623	12.0616	50.3827	0	0	0	
2024-06-27 05:36:13	503	1244	1	0	0	0	1	0	0	0	1	0	0	3.75	1	0	0	0	1	0	0	3.247		100.045	39.6507	0.0640194	0	0.639905	0.212933	15.0774	1		0.0088623	12.0616	49.863	0	0	0	
2024-06-27 05:55:55	654	1245	9	0	0	7.5	31	0	0	0	31	0	0	6.25	31	0	0	0	31	0	0	1.082		100.021	39.2982	0.183355	0	1.83317	0.423662	14.3977	1		0	12.0616	45.7047	0	0	0	
2024-06-27 05:53:05	632	1246	9	0	0	6.25	26	0	0	0	26	0	0	7.5	26	0	0	0	26	0	0	1.082		100.028	40.1703	0.185025	0	1.84973	0.0126148	14.5277	1		0	12.0616	45.7047	0	0	0	
2024-06-27 05:45:38	575	1247	5	0	0	6	25	0	0	0	25	0	0	7.25	25	0	0	0	25	0	0	1.082		100.026	40.039	0.200821	0	2.00769	0.673521	15.7684	1		0.0088623	12.0616	45.9646	0	0	0	
2024-06-27 05:48:57	600	1248	1	0	0	7.75	32	0	0	0	32	0	0	1.5	32	0	0	0	32	0	0	5.412		100.022	39.2557	0.0397476	0	0.39739	0.0310506	15.6055	1		0.0088623	12.0616	45.7047	0	0	0	
2024-06-27 05:43:35	561	1249	9	0	0	5	21	0	0	0	21	0	0	5.75	21	0	0	0	21	0	0	0.649		100.024	40.3191	0.323056	0	3.2298	0.172633	15.2201	1		0.0088623	12.0616	46.0945	0	0	0	
2024-06-27 05:43:43	562	1250	5	0	0	5	21	0	0	0	21	0	0	4.5	21	0	0	0	21	0	0	0.433		100.023	40.2949	0.471048	0	4.70942	0.20133	14.7951	1		0	12.0616	46.2245	0	0	0	
2024-06-27 05:40:47	538	1251	1	0	0	3	13	0	0	0	13	0	0	1.25	13	0	0	0	13	0	0	1.515		100.029	40.3222	0.120841	0	1.20806	0.276662	13.2833	1		0.0088623	12.0616	47.1341	0	0	0	
2024-06-27 05:37:20	512	1252	1	0	0	1	5	0	0	0	5	0	0	2.25	5	0	0	0	5	0	0	1.082		100.04	39.3115	0.163585	0	1.6352	0.256458	12.8428	1		0.0088623	12.0616	48.4336	0	0	0	
2024-06-27 05:51:54	622	1253	1	0	0	0.5	3	0	0	0	3	0	0	1.25	3	0	0	0	3	0	0	0.649		100.022	40.0008	0.302164	0	3.02098	0.559226	14.236	1		0	12.0616	45.5748	0	0	0	
2024-06-27 05:50:32	613	1254	9	0	0	2.5	11	0	0	0	11	0	0	5.25	11	0	0	0	11	0	0	2.381		100.022	39.9814	0.110668	0	1.10644	0.955137	19.118	3		0.0088623	12.0616	45.4448	0	0	0	
2024-06-27 05:49:04	601	1255	5	0	0	7.75	32	0	0	0	32	0	0	7.5	32	0	0	0	32	0	0	0.216		100.027	39.263	0.968506	0	9.68246	0.232811	15.2092	1		0.0088623	12.0616	45.7047	0	0	0	
2024-06-27 05:48:50	599	1256	5	0	0	7.75	32	0	0	0	32	0	0	6.25	32	0	0	0	32	0	0	1.299		100.025	39.2495	0.155002	0	1.54964	0.329366	14.605	1		0.0088623	12.0616	45.7047	0	0	0	
2024-06-27 05:53:13	633	1257	1	0	0	4.25	18	0	0	0	18	0	0	3.5	18	0	0	0	18	0	0	0.649		100.026	40.3345	0.313097	0	3.13014	0.140883	14.7505	1		0.0088623	12.0616	45.7047	0	0	0	
2024-06-27 05:46:07	579	1258	1	0	0	6	25	0	0	0	25	0	0	2.25	25	0	0	0	25	0	0	3.247		100.025	40.0476	0.0645748	0	0.645589	0.114168	15.2113	1		0.0088623	12.0616	45.8346	0	0	0	
2024-06-27 05:55:27	650	1259	9	0	0	5.25	22	0	0	0	22	0	0	4.5	22	0	0	0	22	0	0	0.649		100.023	40.2234	0.319146	0	3.19072	0.212437	15.0359	1		0	12.0616	45.7047	0	0	0	
2024-06-27 05:42:20	551	1260	9	0	0	4	17	0	0	0	17	0	0	5.75	17	0	0	0	17	0	0	1.515		100.027	40.0945	0.126218	0	1.26184	0.120588	13.8747	1		0	11.9552	46.3544	0	0	0	
2024-06-27 05:41:44	546	1261	1	0	0	4	17	0	0	0	17	0	0	4.5	17	0	0	0	17	0	0	0.433		100.026	40.0274	0.512385	0	5.12251	0.623149	16.0928	1		0.0088623	12.0616	46.7443	0	0	0	
2024-06-27 05:36:20	504	1262	1	0	0	0	1	0	0	0	1	0	0	2	1	0	0	0	1	0	0	1.732		100.042	39.6209	0.175387	0	1.75313	0.245849	22.0305	1		0.0088623	11.9641	49.733	0	0	0	
2024-06-27 05:39:07	526	1263	9	0	0	2	9	0	0	0	9	0	0	7.5	9	0	0	0	9	0	0	4.762		100.035	39.7388	0.0455236	0	0.455078	0.768485	15.7264	1		0	11.9552	47.7838	0	0	0	
2024-06-27 05:39:32	529	1264	5	0	0	2	9	0	0	0	9	0	0	6.25	9	0	0	0	9	0	0	3.68		100.03	39.7263	0.0610188	0	0.610006	0.151354	16.2893	1		0.0088623	12.0616	47.6539	0	0	0	
2024-06-27 05:47:14	587	1265	9	0	0	7	29	0	0	0	29	0	0	5.25	29	0	0	0	29	0	0	1.515		100.023	39.4926	0.128932	0	1.28902	0.385333	14.1735	1		0.0088623	12.0616	45.8346	0	0	0	
2024-06-27 05:47:22	588	1266	9	0	0	7	29	0	0	0	29	0	0	4	29	0	0	0	29	0	0	2.598		100.02	39.4502	0.0757482	0	0.757332	0.014958	14.2754	1		0.0088623	12.0616	45.7047	0	0	0	
2024-06-27 05:38:23	520	1267	5	0	0	1	5	0	0	0	5	0	0	3.5	5	0	0	0	5	0	0	2.165		100.035	39.3206	0.0854099	0	0.853801	0.358455	13.4115	1		0.0088623	12.0616	48.1737	0	0	0	
2024-06-27 05:46:49	584	1268	1	0	0	6	25	0	0	0	25	0	0	2.5	25	0	0	0	25	0	0	3.031		100.023	39.9247	0.0782808	0	0.78263	0.0372082	17.2109	2		0.0088623	12.0616	45.8346	0	0	0	
2024-06-27 05:55:20	649	1269	1	0	0	3.75	16	0	0	0	16	0	0	2	16	0	0	0	16	0	0	1.515		100.024	40.0553	0.129983	0	1.29953	0.534642	14.289	1		0	12.0616	45.7047	0	0	0	
2024-06-27 05:44:09	565	1270	1	0	0	5	21	0	0	0	21	0	0	2	21	0	0	0	21	0	0	2.598		100.023	40.3012	0.0789673	0	0.789488	0.137168	14.8815	1		0.0088623	12.0616	46.2245	0	0	0	
2024-06-27 05:38:45	523	1271	1	0	0	2	9	0	0	0	9	0	0	1.75	9	0	0	0	9	0	0	0.216		100.038	39.7597	0.836321	0	8.36006	0.0803016	13.1319	1		0	12.0616	47.9138	0	0	0	
2024-06-27 05:48:05	594	1272	1	0	0	7	29	0	0	0	29	0	0	0	29	0	0	0	29	0	0	6.061		100.022	39.4184	0.0394543	0	0.394456	0.0780235	17.3491	1		0.0088623	12.0616	45.7047	0	0	0	
2024-06-27 05:36:41	507	1273	5	0	0	0	1	0	0	0	1	0	0	3	1	0	0	0	1	0	0	2.598		100.036	39.6582	0.0781524	0	0.781241	0.394457	14.726	1		0.0088623	12.0616	49.4731	0	0	0	
2024-06-27 05:40:47	538	1274	5	0	0	3	13	0	0	0	13	0	0	7	13	0	0	0	13	0	0	3.464		100.029	40.3222	0.0591904	0	0.59173	0.106758	14.8718	1		0.0088623	12.0616	47.1341	0	0	0	
2024-06-27 05:45:10	572	1275	5	0	0	6	25	0	0	0	25	0	0	7.75	25	0	0	0	25	0	0	1.515		100.023	40.0026	0.134446	0	1.34416	0.0662919	14.7798	2		0.0088623	12.0616	46.0945	0	0	0	
2024-06-27 05:45:21	573	1276	5	0	0	6	25	0	0	0	25	0	0	6.5	25	0	0	0	25	0	0	0.433		100.023	39.972	0.526964	0	5.26843	0.259084	16.5513	1		0.0088623	12.0616	45.9646	0	0	0	
2024-06-27 05:48:43	598	1277	1	0	0	7.75	32	0	0	0	32	0	0	0.75	32	0	0	0	32	0	0	6.061		100.021	39.25	0.0391818	0	0.391736	0.0674004	17.2295	1		0	12.0616	45.7047	0	0	0	
2024-06-27 05:43:43	562	1278	1	0	0	5	21	0	0	0	21	0	0	3.75	21	0	0	0	21	0	0	1.082		100.023	40.2949	0.17758	0	1.7754	0.021637	13.9439	1		0	12.0616	46.2245	0	0	0	
2024-06-27 05:41:01	540	1279	1	0	0	3	13	0	0	0	13	0	0	0.5	13	0	0	0	13	0	0	2.165		100.032	40.3293	0.0891346	0	0.891061	0.0236342	13.9968	1		0	12.0705	47.0042	0	0	0	
2024-06-27 05:37:34	514	1280	1	0	0	1	5	0	0	0	5	0	0	1.5	5	0	0	0	5	0	0	0.433		100.038	39.3119	0.463517	0	4.63343	0.194904	14.5563	1		0.0088623	12.0616	48.6935	0	0	0	
2024-06-27 05:57:03	662	1281	1	0	0	2	9	0	0	5.75	9	0	0	3.25	9	0	0	4.5	9	0	0	0.649		100.025	21.9431	0.138241	0	1.38206	0.0764817	10.8547	2		0.0088623	12.0616	45.7047	0	0	0	
2024-06-27 05:43:11	558	1282	1	0	0	4	17	0	0	0	17	0	0	1.75	17	0	0	0	17	0	0	1.948		100.024	40.0896	0.0970395	0	0.970159	0.103183	13.7153	1		0.0088623	12.0616	46.3544	0	0	0	
2024-06-27 05:52:15	625	1283	1	0	0	2.5	11	0	0	0	11	0	0	3.25	11	0	0	0	11	0	0	0.649		100.023	40.0595	0.296258	0	2.96192	0.340732	13.9577	1		0	12.0616	45.5748	0	0	0	
2024-06-27 05:48:57	600	1284	9	0	0	7.75	32	0	0	0	32	0	0	5.5	32	0	0	0	32	0	0	1.948		100.022	39.2557	0.102851	0	1.02828	0.306585	14.537	1		0.0088623	12.0616	45.7047	0	0	0	
2024-06-27 05:49:12	602	1285	5	0	0	7.75	32	0	0	0	32	0	0	4.25	32	0	0	0	32	0	0	3.031		100.024	39.2369	0.0653125	0	0.652969	0.17334	14.3595	1		0.0088623	12.0616	45.7047	0	0	0	
2024-06-27 05:45:10	572	1286	1	0	0	6	25	0	0	0	25	0	0	1.5	25	0	0	0	25	0	0	3.897		100.023	40.0026	0.0615499	0	0.615359	0.136075	17.3989	2		0.0088623	12.0616	46.0945	0	0	0	
2024-06-27 05:42:27	552	1287	5	0	0	4	17	0	0	0	17	0	0	5	17	0	0	0	17	0	0	0.866		100.026	40.0955	0.228179	0	2.2812	0.105852	14.3332	1		0.0088623	12.0616	46.6143	0	0	0	
2024-06-27 05:41:58	548	1288	1	0	0	4	17	0	0	0	17	0	0	3.75	17	0	0	0	17	0	0	0.216		100.028	40.0173	0.973234	0	9.72965	0.188439	15.2833	1		0.0088623	12.0616	46.7443	0	0	0	
2024-06-27 05:36:34	506	1289	5	0	0	0	1	0	0	0	1	0	0	1.25	1	0	0	0	1	0	0	1.082		100.04	39.6347	0.164463	0	1.64397	0.132455	12.9117	1		0	12.0616	49.4731	0	0	0	
2024-06-27 05:39:15	527	1290	9	0	0	2	9	0	0	0	9	0	0	5.5	9	0	0	0	9	0	0	3.031		100.034	39.6681	0.145184	0	1.45135	0.382523	31.9168	2		0	12.0616	47.7838	0	0	0	
2024-06-27 05:39:25	528	1291	5	0	0	2	9	0	0	0	9	0	0	4.25	9	0	0	0	9	0	0	1.948		100.033	39.6967	0.0993917	0	0.993585	0.306993	14.0465	1		0.0088623	12.0616	47.6539	0	0	0	
2024-06-27 05:47:14	587	1292	1	0	0	7	29	0	0	0	29	0	0	3.25	29	0	0	0	29	0	0	3.247		100.023	39.4926	0.0620408	0	0.620267	0.217095	14.6147	1		0.0088623	12.0616	45.8346	0	0	0	
2024-06-27 05:37:27	513	1293	1	0	0	1	5	0	0	0	5	0	0	2.75	5	0	0	0	5	0	0	1.515		100.038	39.3018	0.118064	0	1.18019	0.236335	12.9769	1		0.0088623	12.0616	48.8234	0	0	0	
2024-06-27 05:36:27	505	1294	5	0	0	0	1	0	0	0	1	0	0	7	1	0	0	0	1	0	0	6.061		100.041	39.6157	0.0387273	0	0.387115	0.420354	17.0262	1		0.0088623	12.0616	49.6031	0	0	0	
2024-06-27 05:44:26	567	1295	5	0	0	5	21	0	0	0	21	0	0	1.25	21	0	0	0	21	0	0	3.247		100.024	40.2792	0.0737913	0	0.737737	0.100535	17.3825	2		0	12.0616	46.0945	0	0	0	
2024-06-27 05:39:00	525	1296	1	0	0	2	9	0	0	0	9	0	0	1	9	0	0	0	9	0	0	0.866		100.035	39.7405	0.205941	0	2.05868	0.702743	12.9351	1		0	12.0616	47.9138	0	0	0	
2024-06-27 05:41:01	540	1297	5	0	0	3	13	0	0	0	13	0	0	7.5	13	0	0	0	13	0	0	3.897		100.032	40.3293	0.0531693	0	0.531523	0.167677	15.0285	1		0	12.0705	47.0042	0	0	0	
2024-06-27 05:40:32	536	1298	5	0	0	3	13	0	0	0	13	0	0	6.25	13	0	0	0	13	0	0	2.814		100.03	40.3395	0.0792088	0	0.79185	0.29771	16.1699	1		0	12.0616	47.264	0	0	0	
2024-06-27 05:47:22	588	1299	5	0	0	7	29	0	0	0	29	0	0	7.25	29	0	0	0	29	0	0	0.216		100.02	39.4502	0.852542	0	8.52374	0.236449	13.3891	1		0.0088623	12.0616	45.7047	0	0	0	
2024-06-27 05:37:41	515	1300	5	0	0	1	5	0	0	0	5	0	0	6.75	5	0	0	0	5	0	0	4.979		100.036	39.3156	0.056322	0	0.563014	0.177823	20.3408	2		0	12.0616	48.6935	0	0	0	
2024-06-27 05:46:07	579	1301	5	0	0	6	25	0	0	0	25	0	0	5.75	25	0	0	0	25	0	0	0.216		100.025	40.0476	0.940857	0	9.40625	0.170655	14.7753	1		0.0088623	12.0616	45.8346	0	0	0	
2024-06-27 05:46:00	578	1302	5	0	0	6	25	0	0	0	25	0	0	4.5	25	0	0	0	25	0	0	1.299		100.026	40.0421	0.150373	0	1.50334	0.0837849	14.1686	1		0.0088623	12.0616	45.8346	0	0	0	
2024-06-27 05:49:12	602	1303	1	0	0	7.75	32	0	0	0	32	0	0	0	32	0	0	0	32	0	0	6.711		100.024	39.2369	0.0349852	0	0.349768	0.066296	17.0318	1		0.0088623	12.0616	45.7047	0	0	0	
2024-06-27 05:44:36	568	1304	5	0	0	5	21	0	0	0	21	0	0	3	21	0	0	0	21	0	0	1.732		100.026	40.299	0.107873	0	1.07846	0.199549	13.5523	1		0.0088623	11.9552	46.0945	0	0	0	
2024-06-27 05:38:23	520	1305	1	0	0	1	5	0	0	0	5	0	0	0.75	5	0	0	0	5	0	0	0.216		100.035	39.3206	0.859155	0	8.58855	0.386272	13.4909	1		0.0088623	12.0616	48.1737	0	0	0	
2024-06-27 05:53:56	638	1306	1	0	0	5.75	24	0	0	0	24	0	0	2	24	0	0	0	24	0	0	3.247		100.024	40.2953	0.0704766	0	0.704594	0.877348	16.6016	1		0	12.0616	45.5748	0	0	0	
2024-06-27 05:43:04	557	1307	5	0	0	4	17	0	0	0	17	0	0	1	17	0	0	0	17	0	0	2.598		100.023	40.0173	0.074324	0	0.743069	0.128733	14.0065	1		0	12.0616	46.3544	0	0	0	
2024-06-27 05:49:41	606	1308	5	0	0	7.75	32	0	0	0	32	0	0	3.5	32	0	0	0	32	0	0	3.68		100.025	39.2298	0.0532171	0	0.532037	0.0166213	14.2073	1		0.0088623	12.0616	45.7047	0	0	0	
2024-06-27 05:46:00	578	1309	1	0	0	6	25	0	0	0	25	0	0	0.75	25	0	0	0	25	0	0	4.546		100.026	40.0421	0.0568428	0	0.568277	0.357367	18.7456	1		0.0088623	12.0616	45.8346	0	0	0	
2024-06-27 05:42:57	556	1310	5	0	0	4	17	0	0	0	17	0	0	3	17	0	0	0	17	0	0	0.866		100.024	40.0005	0.21845	0	2.18398	0.172438	13.7223	1		0.0088623	12.0616	46.3544	0	0	0	
2024-06-27 05:36:49	508	1311	1	0	0	0	1	0	0	0	1	0	0	0.5	1	0	0	0	1	0	0	0.433		100.038	39.6101	0.448357	0	4.48188	0.0224471	14.0802	2		0.0088623	12.0616	49.2132	0	0	0	
2024-06-27 05:56:10	656	1312	1	0	0	3.5	15	0	0	4.25	15	0	0	2.75	15	0	0	5	15	0	0	0.389		100.02	21.484	0.270395	0	2.7034	0.113253	12.7395	1		0.0088623	12.0439	45.3149	0	0	0	
2024-06-27 05:39:38	530	1313	5	0	0	2	9	0	0	0	9	0	0	3.5	9	0	0	0	9	0	0	1.299		100.034	39.6499	0.147638	0	1.47588	0.0057072	13.9098	2		0.0088623	11.9641	47.5239	0	0	0	
2024-06-27 05:48:12	595	1314	5	0	0	7	29	0	0	0	29	0	0	2.5	29	0	0	0	29	0	0	3.897		100.022	39.5516	0.0583723	0	0.583596	0.261186	16.5008	1		0.0088623	12.0616	45.7047	0	0	0	
2024-06-27 05:47:22	588	1315	1	0	0	7	29	0	0	0	29	0	0	2	29	0	0	0	29	0	0	4.33		100.02	39.4502	0.050154	0	0.501441	0.0798771	15.7532	1		0.0088623	12.0616	45.7047	0	0	0	
2024-06-27 05:36:13	503	1316	5	0	0	0	1	0	0	0	1	0	0	7.5	1	0	0	0	1	0	0	6.494		100.045	39.6507	0.0361702	0	0.361539	0.0135107	17.0371	1		0.0088623	12.0616	49.863	0	0	0	
2024-06-27 05:36:13	503	1317	9	0	0	0	1	0	0	0	1	0	0	6.25	1	0	0	0	1	0	0	5.412		100.045	39.6507	0.0441041	0	0.440841	0.0531513	17.3118	1		0.0088623	12.0616	49.863	0	0	0	
2024-06-27 05:44:26	567	1318	1	0	0	5	21	0	0	0	21	0	0	0.5	21	0	0	0	21	0	0	3.897		100.024	40.2792	0.0621066	0	0.620918	0.0549605	17.556	2		0	12.0616	46.0945	0	0	0	
2024-06-27 05:54:44	644	1319	1	0	0	1.25	6	0	0	0	6	0	0	0.5	6	0	0	0	6	0	0	0.649		100.023	40.0091	0.301388	0	3.01319	0.290902	14.1993	1		0.0088623	12.0616	45.5748	0	0	0	
2024-06-27 05:44:09	565	1320	5	0	0	5	21	0	0	0	21	0	0	7	21	0	0	0	21	0	0	1.732		100.023	40.3012	0.113238	0	1.13211	0.106565	14.2265	1		0.0088623	12.0616	46.2245	0	0	0	
2024-06-27 05:39:15	527	1321	1	0	0	2	9	0	0	0	9	0	0	0.25	9	0	0	0	9	0	0	1.515		100.034	39.6681	0.131475	0	1.3143	0.00525899	14.4515	2		0	12.0616	47.7838	0	0	0	
2024-06-27 05:42:14	550	1322	5	0	0	4	17	0	0	0	17	0	0	7	17	0	0	0	17	0	0	2.598		100.027	39.9977	0.0767258	0	0.767048	0.00117245	14.4585	1		0.0088623	12.0616	46.6143	0	0	0	
2024-06-27 05:40:10	534	1323	9	0	0	3	13	0	0	0	13	0	0	5.5	13	0	0	0	13	0	0	2.165		100.031	40.2537	0.0989348	0	0.989041	0.150058	15.5358	4		0.0088623	12.0616	47.394	0	0	0	
2024-06-27 05:40:39	537	1324	5	0	0	3	13	0	0	0	13	0	0	4.25	13	0	0	0	13	0	0	1.082		100.027	40.4352	0.171862	0	1.71816	0.185154	13.4944	1		0.0088623	12.0616	47.1341	0	0	0	
2024-06-27 05:47:36	590	1325	9	0	0	7	29	0	0	0	29	0	0	7.75	29	0	0	0	29	0	0	0.649		100.024	39.4887	0.34445	0	3.44368	0.14251	16.2279	1		0	12.0616	45.8346	0	0	0	
2024-06-27 05:47:43	591	1326	9	0	0	7	29	0	0	0	29	0	0	6.5	29	0	0	0	29	0	0	0.433		100.025	39.5017	0.500996	0	5.00871	0.199661	15.7353	1		0.0088623	12.0616	45.7047	0	0	0	
2024-06-27 05:37:27	513	1327	5	0	0	1	5	0	0	0	5	0	0	6	5	0	0	0	5	0	0	4.33		100.038	39.3018	0.0550372	0	0.550165	0.130866	17.2839	1		0.0088623	12.0616	48.8234	0	0	0	
2024-06-27 05:37:06	510	1328	9	0	0	1	5	0	0	0	5	0	0	4.75	5	0	0	0	5	0	0	3.247		100.038	39.2679	0.073934	0	0.739056	0.859121	17.4136	1		0.0088623	12.0616	48.9533	0	0	0	
2024-06-27 05:52:30	627	1329	9	0	0	4.75	20	0	0	0	20	0	0	5	20	0	0	0	20	0	0	0.216		100.021	40.1949	0.881115	0	8.80931	0.345958	13.8376	1		0.0088623	12.0616	45.7047	0	0	0	
2024-06-27 05:45:53	577	1330	5	0	0	6	25	0	0	0	25	0	0	5	25	0	0	0	25	0	0	0.866		100.027	40.0637	0.232006	0	2.31943	0.32088	14.5734	1		0.0088623	12.0616	45.8346	0	0	0	
2024-06-27 05:46:29	582	1331	1	0	0	6	25	0	0	0	25	0	0	3.75	25	0	0	0	25	0	0	1.948		100.025	39.9934	0.100072	0	1.00047	0.060665	14.1438	2		0.0088623	12.0616	45.8346	0	0	0	
2024-06-27 05:38:09	518	1332	5	0	0	1	5	0	0	0	5	0	0	0	5	0	0	0	5	0	0	0.866		100.039	39.2887	0.212214	0	2.12132	0.148274	13.3286	1		0.0088623	12.0616	48.3036	0	0	0	
2024-06-27 05:51:22	618	1333	9	0	0	0.75	4	0	0	0	4	0	0	7	4	0	0	0	4	0	0	5.412		100.021	40.2473	0.0424879	0	0.424791	0.430134	16.6815	1		0.0088623	12.0616	45.7047	0	0	0	
2024-06-27 05:43:04	557	1334	1	0	0	4	17	0	0	0	17	0	0	0.25	17	0	0	0	17	0	0	3.247		100.023	40.0173	0.0605076	0	0.604936	0.00770456	14.2535	1		0	12.0616	46.3544	0	0	0	
2024-06-27 05:49:56	608	1335	5	0	0	7.75	32	0	0	0	32	0	0	2.75	32	0	0	0	32	0	0	4.33		100.027	39.301	0.0478362	0	0.478234	0.0149519	15.0242	1		0.0088623	12.0616	45.7047	0	0	0	
2024-06-27 05:45:21	573	1336	1	0	0	6	25	0	0	0	25	0	0	0	25	0	0	0	25	0	0	5.195		100.023	39.972	0.059991	0	0.599773	0.887242	22.6109	1		0.0088623	12.0616	45.9646	0	0	0	
2024-06-27 05:38:53	524	1337	1	0	0	2	9	0	0	0	9	0	0	2.75	9	0	0	0	9	0	0	0.649		100.035	39.8093	0.308011	0	3.07902	0.22933	14.5096	1		0.0088623	12.0616	47.9138	0	0	0	
2024-06-27 05:47:36	590	1338	1	0	0	7	29	0	0	0	29	0	0	1.25	29	0	0	0	29	0	0	4.979		100.024	39.4887	0.0479606	0	0.479492	0.0824187	17.3232	1		0	12.0616	45.8346	0	0	0	
2024-06-27 05:35:55	501	1339	5	0	0	0	1	0	0	0	1	0	0	5.5	1	0	0	0	1	0	0	4.762		100.038	39.6172	0.0734848	0	0.734566	0.693489	25.3848	1		0.0088623	11.9552	50.1229	0	0	0	
2024-06-27 05:35:24	498	1340	9	0	0	0	1	0	0	0	1	0	0	4.25	1	0	0	0	1	0	0	3.68		100.039	39.6338	0.0566093	0	0.565871	0.116354	15.1108	2		0.0088623	12.0261	50.5127	0	0	0	
