Time	MeasID	DPID	Channel	A(x)	A(y)	A(z)	A(adr)	B(x)	B(y)	B(z)	B(adr)	M(x)	M(y)	M(z)	M(adr)	N(x)	N(y)	N(z)	N(adr)	F(x)	F(y)	F(z)	Note	I(mA)	Uout(V)	U(V)	SP(V)	R(Ohm)	Var(%)	Rho-a(Ohm-m)	Cycles	IP Delay Window(mV/V)	Pint(V)	Pext(V)	T int(deg C)	T log(deg C)	Latitude	Longitude
2024-06-13 14:18:12	1267	2346	5	0	0	7.75	32	0	0	0	32	0	0	2	32	0	0	0	32	0	0	4.979		99.9697	61.4796	0.0419191	0	0.419318	0.476475	15.1493	1		0	12.0616	40.8967	0	0	0	
2024-06-13 14:12:09	1221	2347	9	0	0	5	21	0	0	0	21	0	0	7.5	21	0	0	0	21	0	0	2.165		99.9687	61.9151	0.0909785	0	0.910069	0.199509	14.2953	1		0	12.0616	41.6764	0	0	0	
2024-06-13 14:12:02	1220	2348	9	0	0	5	21	0	0	0	21	0	0	6.25	21	0	0	0	21	0	0	1.082		99.9698	62.0689	0.199066	0	1.99126	0.804851	15.6393	1		0	12.0616	41.4165	0	0	0	
2024-06-13 14:09:33	1201	2349	1	0	0	3	13	0	0	0	13	0	0	1.75	13	0	0	0	13	0	0	1.082		99.9745	62.9433	0.17997	0	1.80016	0.368004	14.1384	1		0	12.0616	42.1962	0	0	0	
2024-06-13 14:17:13	1259	2350	9	0	0	7.75	32	0	0	0	32	0	0	6.75	32	0	0	0	32	0	0	0.866		99.9672	61.4384	0.248244	0	2.48325	0.350853	15.6027	1		0	12.0616	41.1566	0	0	0	
2024-06-13 14:23:21	1306	2351	1	0	0	3.25	14	0	0	0	14	0	0	2.5	14	0	0	0	14	0	0	0.649		99.9686	60.6965	0.312604	0	3.12702	0.186346	14.7357	2		0	12.0616	41.0267	0	0	0	
2024-06-13 14:11:25	1215	2352	5	0	0	4	17	0	0	0	17	0	0	7.5	17	0	0	0	17	0	0	3.031		99.9689	61.7332	0.0668504	0	0.668712	0.342319	14.7057	1		0	12.0616	41.6764	0	0	0	
2024-06-13 14:11:03	1212	2353	5	0	0	4	17	0	0	0	17	0	0	6.25	17	0	0	0	17	0	0	1.948		99.9675	61.8038	0.102418	0	1.02451	0.169289	14.4837	1		0.0088623	12.0616	41.9363	0	0	0	
2024-06-13 14:09:04	1197	2354	1	0	0	3	13	0	0	0	13	0	0	3.5	13	0	0	0	13	0	0	0.433		99.975	63.0323	0.496087	0	4.96211	0.643534	15.5889	1		0.0088623	12.0616	42.4561	0	0	0	
2024-06-13 14:08:11	1190	2355	9	0	0	2	9	0	0	0	9	0	0	6.75	9	0	0	0	9	0	0	4.113		99.9795	62.5693	0.0537929	0	0.538039	0.269926	16.0578	1		0	12.0705	42.8459	0	0	0	
2024-06-13 14:15:07	1244	2356	5	0	0	7	29	0	0	0	29	0	0	5.75	29	0	0	0	29	0	0	1.082		99.9686	60.8603	0.19629	0	1.96352	0.359431	15.4215	4		0	12.0616	41.1566	0	0	0	
2024-06-13 14:16:09	1251	2357	5	0	0	7	29	0	0	0	29	0	0	4.5	29	0	0	0	29	0	0	2.165		99.9691	61.4638	0.0909276	0	0.909558	0.0750662	14.2873	1		0	12.0616	40.8967	0	0	0	
2024-06-13 14:06:28	1177	2358	5	0	0	1	5	0	0	0	5	0	0	5.25	5	0	0	0	5	0	0	3.68		99.9831	62.4835	0.0613331	0	0.613434	0.348822	16.3809	1		0	12.0616	43.7555	0	0	0	
2024-06-13 14:06:36	1178	2359	5	0	0	1	5	0	0	0	5	0	0	4	5	0	0	0	5	0	0	2.598		99.9846	62.6043	0.0735519	0	0.735633	0.030701	13.8663	1		0	12.0705	43.7555	0	0	0	
2024-06-13 14:21:47	1294	2360	1	0	0	4.75	20	0	0	0	20	0	0	3	20	0	0	0	20	0	0	1.515		99.972	60.7508	0.127871	0	1.27907	0.155959	14.0641	1		0	12.0616	41.1566	0	0	0	
2024-06-13 14:15:00	1243	2361	1	0	0	6	25	0	0	0	25	0	0	3	25	0	0	0	25	0	0	2.598		99.9711	61.4539	0.0785801	0	0.786029	0.00416764	14.8163	1		0	12.0616	41.0267	0	0	0	
2024-06-13 14:08:18	1191	2362	1	0	0	2	9	0	0	0	9	0	0	2.25	9	0	0	0	9	0	0	0.216		99.978	62.454	0.809992	0	8.1017	0.381864	12.7261	1		0	11.9552	42.7159	0	0	0	
2024-06-13 14:15:48	1248	2363	1	0	0	7	29	0	0	0	29	0	0	0.5	29	0	0	0	29	0	0	5.628		99.9638	61.5861	0.0447901	0	0.448063	0.00631493	18.2992	1		0	12.0616	41.1566	0	0	0	
2024-06-13 14:05:04	1167	2364	1	0	0	0	1	0	0	0	1	0	0	3.5	1	0	0	0	1	0	0	3.031		99.9782	64.1789	0.0719713	0	0.71987	0.0140891	15.8308	2		0.0088623	12.0705	44.7951	0	0	0	
2024-06-13 14:23:13	1305	2365	1	0	0	1.75	8	0	0	0	8	0	0	0	8	0	0	0	8	0	0	1.515		99.9657	61.3562	0.124035	0	1.24077	0.112408	13.643	1		0.0088623	12.0616	41.1566	0	0	0	
2024-06-13 14:13:58	1235	2366	5	0	0	6	25	0	0	0	25	0	0	7	25	0	0	0	25	0	0	0.866		99.9708	61.2104	0.261794	0	2.6187	0.00772372	16.4538	2		0	12.0616	41.2865	0	0	0	
2024-06-13 14:22:30	1299	2367	1	0	0	6.5	27	0	0	0	27	0	0	1.25	27	0	0	0	27	0	0	4.546		99.968	60.6738	0.0594792	0	0.594983	0.8317	19.6265	1		0	12.0616	41.1566	0	0	0	
2024-06-13 14:17:50	1264	2368	5	0	0	7.75	32	0	0	0	32	0	0	1.25	32	0	0	0	32	0	0	5.628		99.9679	61.3236	0.0391598	0	0.391724	0.00289178	15.9983	1		0	12.0705	41.0267	0	0	0	
2024-06-13 14:12:35	1224	2369	5	0	0	5	21	0	0	0	21	0	0	5.5	21	0	0	0	21	0	0	0.433		99.97	61.8075	0.517165	0	5.1732	0.469712	16.2521	1		0	12.0616	41.5464	0	0	0	
2024-06-13 14:12:49	1226	2370	5	0	0	5	21	0	0	0	21	0	0	4.25	21	0	0	0	21	0	0	0.649		99.9683	61.88	0.343033	0	3.43141	0.487092	16.1701	1		0	12.0616	41.4165	0	0	0	
2024-06-13 14:09:48	1203	2371	1	0	0	3	13	0	0	0	13	0	0	1	13	0	0	0	13	0	0	1.732		99.9745	62.6438	0.10662	0	1.06647	0.0234083	13.4017	2		0	12.0616	42.1962	0	0	0	
2024-06-13 14:06:50	1180	2372	5	0	0	1	5	0	0	0	5	0	0	2	5	0	0	0	5	0	0	0.866		99.9844	62.6899	0.225839	0	2.25874	0.321634	14.1921	1		0.0088623	12.0616	43.6256	0	0	0	
2024-06-13 14:19:06	1274	2373	9	0	0	1.75	8	0	0	0	8	0	0	6	8	0	0	0	8	0	0	3.68		99.9676	61.459	0.0620063	0	0.620264	0.252541	16.5632	1		0	12.0616	41.1566	0	0	0	
2024-06-13 14:11:25	1215	2374	1	0	0	4	17	0	0	0	17	0	0	2.25	17	0	0	0	17	0	0	1.515		99.9689	61.7332	0.124342	0	1.2438	0.130928	13.6763	1		0	12.0616	41.6764	0	0	0	
2024-06-13 14:17:36	1262	2375	9	0	0	7.75	32	0	0	0	32	0	0	6	32	0	0	0	32	0	0	1.515		99.9604	61.4469	0.131032	0	1.31084	0.218441	14.4135	1		0	12.0616	41.1566	0	0	0	
2024-06-13 14:17:06	1258	2376	5	0	0	7.75	32	0	0	0	32	0	0	4.75	32	0	0	0	32	0	0	2.598		99.9666	61.3823	0.0730819	0	0.731063	0.0817362	13.7802	1		0.0088623	12.0616	41.1566	0	0	0	
2024-06-13 14:13:34	1232	2377	1	0	0	6	25	0	0	0	25	0	0	2	25	0	0	0	25	0	0	3.464		99.9672	61.2318	0.0656769	0	0.656985	0.393191	16.5118	2		0	12.0616	41.4165	0	0	0	
2024-06-13 14:10:48	1210	2378	9	0	0	4	17	0	0	0	17	0	0	5.5	17	0	0	0	17	0	0	1.299		99.9715	61.4578	0.161823	0	1.61869	0.0576842	15.2558	1		0	12.0616	41.9363	0	0	0	
2024-06-13 14:10:38	1209	2379	9	0	0	4	17	0	0	0	17	0	0	4.25	17	0	0	0	17	0	0	0.216		99.9709	61.3694	0.921976	0	9.22244	0.00585666	14.4866	2		0	12.0616	41.9363	0	0	0	
2024-06-13 14:05:38	1171	2380	5	0	0	0	1	0	0	0	1	0	0	1.75	1	0	0	0	1	0	0	1.515		99.9784	63.3581	0.122988	0	1.23015	0.299508	13.5262	1		0	12.0616	44.2753	0	0	0	
2024-06-13 14:24:25	1314	2381	1	0	0	3.75	16	0	0	4	16	0	0	3.5	16	0	0	4.25	16	0	0	0.13		99.9697	18.3981	0.651929	0	6.52126	0.184789	10.2436	1		0	11.9552	41.1566	0	0	0	
2024-06-13 14:08:53	1196	2382	1	0	0	3	13	0	0	0	13	0	0	2.75	13	0	0	0	13	0	0	0.216		99.9767	63.0182	0.798722	0	7.98908	0.371674	12.5492	2		0.0088623	12.0616	42.1962	0	0	0	
2024-06-13 14:08:18	1191	2383	5	0	0	2	9	0	0	0	9	0	0	6	9	0	0	0	9	0	0	3.464		99.978	62.454	0.0660128	0	0.660273	0.116143	16.5945	1		0	11.9552	42.7159	0	0	0	
2024-06-13 14:07:30	1185	2384	5	0	0	2	9	0	0	0	9	0	0	4.75	9	0	0	0	9	0	0	2.381		99.979	62.6832	0.0838557	0	0.838733	0.160503	14.4923	1		0.0088623	12.0616	43.2357	0	0	0	
2024-06-13 14:15:55	1249	2385	5	0	0	7	29	0	0	0	29	0	0	5	29	0	0	0	29	0	0	1.732		99.964	61.4909	0.114309	0	1.1435	0.128833	14.3697	1		0	12.0616	41.1566	0	0	0	
2024-06-13 14:16:09	1251	2386	1	0	0	7	29	0	0	0	29	0	0	3.75	29	0	0	0	29	0	0	2.814		99.9691	61.4638	0.070541	0	0.705628	0.144463	14.4092	1		0	12.0616	40.8967	0	0	0	
2024-06-13 14:06:58	1181	2387	5	0	0	1	5	0	0	0	5	0	0	3.25	5	0	0	0	5	0	0	1.948		99.9831	62.4095	0.0942093	0	0.942252	0.125612	13.3208	1		0.0088623	12.0705	43.4956	0	0	0	
2024-06-13 14:18:41	1271	2388	9	0	0	2.75	12	0	0	0	12	0	0	5	12	0	0	0	12	0	0	1.948		99.9687	61.6723	0.0973727	0	0.974032	0.222248	13.7701	1		0	12.0616	41.1566	0	0	0	
2024-06-13 14:13:04	1228	2389	5	0	0	5	21	0	0	0	21	0	0	1.75	21	0	0	0	21	0	0	2.814		99.971	61.7543	0.0738732	0	0.738947	0.455712	15.0896	1		0	12.0616	41.4165	0	0	0	
2024-06-13 14:08:32	1193	2390	1	0	0	2	9	0	0	0	9	0	0	1.5	9	0	0	0	9	0	0	0.433		99.9778	62.4349	0.477866	0	4.77972	0.394208	15.0159	1		0.0088623	11.9552	42.7159	0	0	0	
2024-06-13 14:05:21	1169	2391	1	0	0	0	1	0	0	0	1	0	0	2.75	1	0	0	0	1	0	0	2.381		99.978	63.5671	0.111029	0	1.11054	0.284702	19.1887	2		0	12.0616	44.5352	0	0	0	
2024-06-13 14:18:34	1270	2392	9	0	0	3.25	14	0	0	0	14	0	0	4.5	14	0	0	0	14	0	0	1.082		99.9657	61.4551	0.1874	0	1.87465	0.511388	14.7234	1		0	12.0616	41.0267	0	0	0	
2024-06-13 14:09:19	1199	2393	9	0	0	3	13	0	0	0	13	0	0	6.75	13	0	0	0	13	0	0	3.247		99.9727	63.0429	0.0651517	0	0.651694	0.372807	15.3552	1		0	12.0616	42.1962	0	0	0	
2024-06-13 14:06:11	1175	2394	9	0	0	1	5	0	0	0	5	0	0	7.25	5	0	0	0	5	0	0	5.412		99.9837	62.5111	0.0659464	0	0.659571	0.463854	25.9013	2		0	12.0616	43.8855	0	0	0	
2024-06-13 14:14:09	1236	2395	5	0	0	6	25	0	0	0	25	0	0	7.5	25	0	0	0	25	0	0	1.299		99.9712	61.861	0.158032	0	1.58077	0.15502	14.8984	1		0	12.0616	41.4165	0	0	0	
2024-06-13 14:13:44	1233	2396	5	0	0	6	25	0	0	0	25	0	0	6.25	25	0	0	0	25	0	0	0.216		99.9669	61.4865	0.898369	0	8.98666	0.675471	14.1162	1		0	12.0616	41.4165	0	0	0	
2024-06-13 14:17:21	1260	2397	1	0	0	7.75	32	0	0	0	32	0	0	0.5	32	0	0	0	32	0	0	6.278		99.9635	61.4924	0.0363186	0	0.363318	0.33054	16.5503	1		0	12.0616	41.1566	0	0	0	
2024-06-13 14:13:11	1229	2398	5	0	0	5	21	0	0	0	21	0	0	3.5	21	0	0	0	21	0	0	1.299		99.9716	61.9514	0.151108	0	1.51151	0.310423	14.2456	1		0	12.0616	41.4165	0	0	0	
2024-06-13 14:10:06	1205	2399	1	0	0	3	13	0	0	0	13	0	0	0.25	13	0	0	0	13	0	0	2.381		99.9733	62.8352	0.0782183	0	0.782392	0.103339	13.5188	1		0	12.0616	42.1962	0	0	0	
2024-06-13 14:06:50	1180	2400	1	0	0	1	5	0	0	0	5	0	0	1.25	5	0	0	0	5	0	0	0.216		99.9844	62.6899	0.811088	0	8.11215	0.402096	12.7425	1		0.0088623	12.0616	43.6256	0	0	0	
2024-06-13 14:11:55	1219	2401	1	0	0	4	17	0	0	0	17	0	0	1.5	17	0	0	0	17	0	0	2.165		99.9677	61.6374	0.0861163	0	0.861441	0.247301	13.5315	1		0	12.0616	41.4165	0	0	0	
2024-06-13 14:19:14	1275	2402	9	0	0	1.5	7	0	0	0	7	0	0	6.25	7	0	0	0	7	0	0	4.113		99.9701	60.4153	0.0548922	0	0.549086	0.319811	16.3875	1		0	12.0616	41.1566	0	0	0	
2024-06-13 14:17:21	1260	2403	5	0	0	7.75	32	0	0	0	32	0	0	5.25	32	0	0	0	32	0	0	2.165		99.9635	61.4924	0.0869429	0	0.869746	0.427188	13.6619	1		0	12.0616	41.1566	0	0	0	
2024-06-13 14:16:47	1256	2404	9	0	0	7.75	32	0	0	0	32	0	0	4	32	0	0	0	32	0	0	3.247		99.9668	62.0387	0.0582388	0	0.582582	0.851696	13.7268	1		0	12.0705	41.1566	0	0	0	
2024-06-13 14:13:51	1234	2405	1	0	0	6	25	0	0	0	25	0	0	1.25	25	0	0	0	25	0	0	4.113		99.9651	61.5265	0.0601209	0	0.601419	0.0187917	17.9494	1		0	12.0616	41.4165	0	0	0	
2024-06-13 14:10:28	1208	2406	1	0	0	4	17	0	0	0	17	0	0	3.5	17	0	0	0	17	0	0	0.433		99.9678	61.364	0.529328	0	5.29499	0.321528	16.6347	2		0	12.0616	41.9363	0	0	0	
2024-06-13 14:05:15	1168	2407	5	0	0	0	1	0	0	0	1	0	0	1	1	0	0	0	1	0	0	0.866		99.9775	64.2499	0.232779	0	2.32832	0.300645	14.6292	1		0	12.0616	44.4052	0	0	0	
2024-06-13 14:07:45	1187	2408	5	0	0	2	9	0	0	0	9	0	0	5.25	9	0	0	0	9	0	0	2.814		99.9793	62.3543	0.0783558	0	0.78372	0.139324	16.0038	2		0	12.0616	42.8459	0	0	0	
2024-06-13 14:07:38	1186	2409	9	0	0	2	9	0	0	0	9	0	0	4	9	0	0	0	9	0	0	1.732		99.9821	62.9873	0.110183	0	1.10202	0.275222	13.8484	1		0	12.0616	42.9758	0	0	0	
2024-06-13 14:23:31	1307	2410	1	0	0	3.5	15	0	0	0	15	0	0	2.25	15	0	0	0	15	0	0	1.082		99.9696	60.0399	0.181184	0	1.81239	0.683801	14.2345	1		0	12.0616	41.1566	0	0	0	
2024-06-13 14:16:40	1255	2411	1	0	0	7	29	0	0	0	29	0	0	3	29	0	0	0	29	0	0	3.464		99.9683	61.612	0.0590206	0	0.590393	0.0956055	14.8382	1		0	12.0616	41.0267	0	0	0	
2024-06-13 14:07:05	1182	2412	1	0	0	1	5	0	0	0	5	0	0	2.5	5	0	0	0	5	0	0	1.299		99.9831	62.4004	0.146068	0	1.46093	0.249117	13.7689	1		0	12.0439	43.2357	0	0	0	
2024-06-13 14:04:56	1166	2413	5	0	0	0	1	0	0	0	1	0	0	6.75	1	0	0	0	1	0	0	5.845		99.9817	64.6789	0.0412727	0	0.412802	0.427396	17.5076	1		0	12.0705	45.055	0	0	0	
2024-06-13 14:20:24	1283	2414	1	0	0	2.75	12	0	0	0	12	0	0	3	12	0	0	0	12	0	0	0.216		99.9667	61.4221	0.804725	0	8.04993	0.61553	12.6448	1		0	12.0616	41.0267	0	0	0	
2024-06-13 14:12:42	1225	2415	1	0	0	5	21	0	0	0	21	0	0	1	21	0	0	0	21	0	0	3.464		99.9698	61.9134	0.063769	0	0.637882	0.139304	16.0317	1		0	12.0616	41.5464	0	0	0	
2024-06-13 14:26:02	1323	2416	1	0	0	0.5	3	0	0	7.25	3	0	0	2.75	3	0	0	5	3	0	0	1.168		99.974	20.5648	0.076724	0	0.76744	0.0511313	10.8494	2		0	12.0616	41.1566	0	0	0	
2024-06-13 14:21:07	1289	2417	9	0	0	6.75	28	0	0	0	28	0	0	7	28	0	0	0	28	0	0	0.216		99.9681	60.8349	0.846807	0	8.47078	0.744623	13.3059	1		0	12.0616	41.0267	0	0	0	
2024-06-13 14:08:39	1194	2418	5	0	0	2	9	0	0	0	9	0	0	0.75	9	0	0	0	9	0	0	1.082		99.9772	62.3593	0.175369	0	1.75409	0.301332	13.7766	1		0	12.0616	42.4561	0	0	0	
2024-06-13 14:09:04	1197	2419	5	0	0	3	13	0	0	0	13	0	0	6	13	0	0	0	13	0	0	2.598		99.975	63.0323	0.0798669	0	0.798868	0.0617565	15.0583	1		0.0088623	12.0616	42.4561	0	0	0	
2024-06-13 14:08:53	1196	2420	5	0	0	3	13	0	0	0	13	0	0	4.75	13	0	0	0	13	0	0	1.515		99.9767	63.0182	0.128825	0	1.28855	0.162321	14.1684	2		0.0088623	12.0616	42.1962	0	0	0	
2024-06-13 14:06:21	1176	2421	9	0	0	1	5	0	0	0	5	0	0	7.75	5	0	0	0	5	0	0	5.845		99.9843	62.3599	0.0398794	0	0.398856	0.637854	16.9161	1		0	12.0616	43.7555	0	0	0	
2024-06-13 14:05:53	1173	2422	9	0	0	1	5	0	0	0	5	0	0	6.5	5	0	0	0	5	0	0	4.762		99.9809	62.7465	0.0524522	0	0.524623	0.195807	18.1297	2		0	12.0616	44.1454	0	0	0	
2024-06-13 14:13:34	1232	2423	9	0	0	6	25	0	0	0	25	0	0	5.5	25	0	0	0	25	0	0	0.433		99.9672	61.2318	0.529057	0	5.29231	0.462145	16.6263	2		0	12.0616	41.4165	0	0	0	
2024-06-13 14:14:24	1238	2424	9	0	0	6	25	0	0	0	25	0	0	4.25	25	0	0	0	25	0	0	1.515		99.9695	61.724	0.135587	0	1.35629	0.101365	14.9131	1		0	12.0616	41.2865	0	0	0	
2024-06-13 14:13:26	1231	2425	5	0	0	5	21	0	0	0	21	0	0	2.75	21	0	0	0	21	0	0	1.948		99.9652	61.8533	0.0971712	0	0.97205	0.181614	13.742	1		0	12.0616	41.1566	0	0	0	
2024-06-13 14:06:21	1176	2426	1	0	0	1	5	0	0	0	5	0	0	0.5	5	0	0	0	5	0	0	0.433		99.9843	62.3599	0.499253	0	4.99332	0.484974	15.687	1		0	12.0616	43.7555	0	0	0	
2024-06-13 14:11:33	1216	2427	5	0	0	4	17	0	0	0	17	0	0	0.75	17	0	0	0	17	0	0	2.814		99.967	61.8563	0.0695173	0	0.695402	0.101038	14.2004	1		0	12.0616	41.6764	0	0	0	
2024-06-13 14:17:28	1261	2428	1	0	0	7.75	32	0	0	0	32	0	0	3.25	32	0	0	0	32	0	0	3.897		99.9634	61.4484	0.0494747	0	0.494929	0.273115	13.9938	1		0.0088623	12.0616	41.1566	0	0	0	
2024-06-13 14:25:04	1318	2429	1	0	0	2.75	12	0	0	5	12	0	0	0.5	12	0	0	7.25	12	0	0	1.168		99.9748	20.8321	0.0843729	0	0.843942	1.19723	11.9309	4		0.0088623	12.0616	41.1566	0	0	0	
2024-06-13 14:19:21	1276	2430	9	0	0	1.25	6	0	0	0	6	0	0	6.5	6	0	0	0	6	0	0	4.546		99.9658	60.9575	0.0525845	0	0.526025	0.394064	17.3518	1		0	12.0616	41.1566	0	0	0	
2024-06-13 14:14:09	1236	2431	1	0	0	6	25	0	0	0	25	0	0	0.5	25	0	0	0	25	0	0	4.762		99.9712	61.861	0.0564287	0	0.56445	0.645019	19.506	1		0	12.0616	41.4165	0	0	0	
2024-06-13 14:10:48	1210	2432	1	0	0	4	17	0	0	0	17	0	0	2.75	17	0	0	0	17	0	0	1.082		99.9715	61.4578	0.184465	0	1.84517	0.249502	14.4919	1		0	12.0616	41.9363	0	0	0	
2024-06-13 14:05:32	1170	2433	1	0	0	0	1	0	0	0	1	0	0	0.25	1	0	0	0	1	0	0	0.216		99.9769	63.5726	0.814935	0	8.15123	0.352213	12.8039	1		0	12.0616	44.2753	0	0	0	
2024-06-13 14:08:03	1189	2434	1	0	0	2	9	0	0	0	9	0	0	3.25	9	0	0	0	9	0	0	1.082		99.9782	62.5643	0.182053	0	1.82093	0.270111	14.3015	1		0	12.0616	42.7159	0	0	0	
2024-06-13 14:15:07	1244	2435	1	0	0	7	29	0	0	0	29	0	0	1.75	29	0	0	0	29	0	0	4.546		99.9686	60.8603	0.0507277	0	0.507436	0.149869	16.7386	4		0	12.0616	41.1566	0	0	0	
2024-06-13 14:04:49	1165	2436	1	0	0	0	1	0	0	0	1	0	0	6	1	0	0	0	1	0	0	5.195		99.9777	64.9436	0.050867	0	0.508783	0.144035	19.1807	1		0.0088623	12.0616	45.055	0	0	0	
2024-06-13 14:04:20	1161	2437	9	0	0	0	1	0	0	0	1	0	0	4.75	1	0	0	0	1	0	0	4.113		99.9841	66.9426	0.0529726	0	0.52981	0.157327	15.8122	1		0	12.0616	45.7047	0	0	0	
2024-06-13 14:22:44	1301	2438	1	0	0	7.25	30	0	0	0	30	0	0	0.5	30	0	0	0	30	0	0	5.845		99.9721	60.9944	0.0546291	0	0.546444	0.26294	23.1755	1		0	12.0616	41.1566	0	0	0	
2024-06-13 14:12:35	1224	2439	1	0	0	5	21	0	0	0	21	0	0	0.25	21	0	0	0	21	0	0	4.113		99.97	61.8075	0.0520891	0	0.521048	0.373556	15.5507	1		0	12.0616	41.5464	0	0	0	
2024-06-13 14:12:35	1224	2440	9	0	0	5	21	0	0	0	21	0	0	6.75	21	0	0	0	21	0	0	1.515		99.97	61.8075	0.138675	0	1.38716	0.0467859	15.2526	1		0	12.0616	41.5464	0	0	0	
2024-06-13 14:09:11	1198	2441	1	0	0	3	13	0	0	0	13	0	0	2.25	13	0	0	0	13	0	0	0.649		99.9745	63.0292	0.325991	0	3.26074	0.485676	15.3659	1		0	12.0616	42.4561	0	0	0	
2024-06-13 14:08:25	1192	2442	1	0	0	2	9	0	0	0	9	0	0	0	9	0	0	0	9	0	0	1.732		99.981	62.5036	0.132605	0	1.3263	0.308111	16.6668	1		0	12.0616	42.7159	0	0	0	
2024-06-13 14:21:15	1290	2443	9	0	0	6.5	27	0	0	0	27	0	0	7.25	27	0	0	0	27	0	0	0.649		99.9691	60.3937	0.367174	0	3.67287	0.0582491	17.308	2		0	12.0616	41.1566	0	0	0	
2024-06-13 14:16:55	1257	2444	5	0	0	7.75	32	0	0	0	32	0	0	7.25	32	0	0	0	32	0	0	0.433		99.968	61.223	0.476796	0	4.76949	0.219573	14.9838	2		0	12.0616	41.1566	0	0	0	
2024-06-13 14:22:51	1302	2445	1	0	0	7.5	31	0	0	0	31	0	0	0.25	31	0	0	0	31	0	0	6.278		99.9677	61.0355	0.0402867	0	0.402997	0.844207	18.3578	1		0	12.0616	41.0267	0	0	0	
2024-06-13 14:19:56	1280	2446	1	0	0	0.75	4	0	0	0	4	0	0	1	4	0	0	0	4	0	0	0.216		99.9671	61.4223	0.823591	0	8.23862	0.535157	12.9412	1		0	12.0616	41.1566	0	0	0	
2024-06-13 14:22:05	1296	2447	1	0	0	5.5	23	0	0	0	23	0	0	2.25	23	0	0	0	23	0	0	2.814		99.9686	60.2235	0.111197	0	1.11232	0.0518601	22.7139	2		0	12.0616	41.1566	0	0	0	
2024-06-13 14:11:11	1213	2448	9	0	0	4	17	0	0	0	17	0	0	6.75	17	0	0	0	17	0	0	2.381		99.9689	61.6642	0.0849718	0	0.849982	0.406084	14.6866	1		0.0088623	12.0616	41.8063	0	0	0	
2024-06-13 14:09:11	1198	2449	9	0	0	3	13	0	0	0	13	0	0	5.25	13	0	0	0	13	0	0	1.948		99.9745	63.0292	0.0999403	0	0.999658	0.0342742	14.1323	1		0	12.0616	42.4561	0	0	0	
2024-06-13 14:09:41	1202	2450	5	0	0	3	13	0	0	0	13	0	0	4	13	0	0	0	13	0	0	0.866		99.9745	63.1504	0.245344	0	2.45406	0.351782	15.4193	1		0	12.0616	42.1962	0	0	0	
2024-06-13 14:07:56	1188	2451	5	0	0	2	9	0	0	0	9	0	0	7.25	9	0	0	0	9	0	0	4.546		99.9782	62.4079	0.0595165	0	0.595295	0.848114	19.6368	1		0.0088623	12.0616	42.9758	0	0	0	
2024-06-13 14:15:48	1248	2452	5	0	0	7	29	0	0	0	29	0	0	7.5	29	0	0	0	29	0	0	0.433		99.9638	61.5861	0.481143	0	4.81318	0.525921	15.121	1		0	12.0616	41.1566	0	0	0	
2024-06-13 14:15:22	1245	2453	5	0	0	7	29	0	0	0	29	0	0	6.25	29	0	0	0	29	0	0	0.649		99.9691	62.9016	0.348671	0	3.48779	0.504712	16.4358	1		0	12.0616	41.1566	0	0	0	
2024-06-13 14:05:53	1173	2454	5	0	0	1	5	0	0	0	5	0	0	5.75	5	0	0	0	5	0	0	4.113		99.9809	62.7465	0.0532278	0	0.53238	0.146045	15.8889	2		0	12.0616	44.1454	0	0	0	
2024-06-13 14:06:43	1179	2455	9	0	0	1	5	0	0	0	5	0	0	4.5	5	0	0	0	5	0	0	3.031		99.9849	62.4934	0.070903	0	0.709137	0.491715	15.5947	1		0	12.0616	43.4956	0	0	0	
2024-06-13 14:14:46	1241	2456	5	0	0	6	25	0	0	0	25	0	0	3.5	25	0	0	0	25	0	0	2.165		99.9669	61.3923	0.0891201	0	0.891496	0.143925	14.0036	1		0	12.0616	41.1566	0	0	0	
2024-06-13 14:11:47	1218	2457	1	0	0	4	17	0	0	0	17	0	0	0	17	0	0	0	17	0	0	3.464		99.9664	61.6779	0.0616212	0	0.616419	0.298209	15.4923	1		0	11.9552	41.6764	0	0	0	
2024-06-13 14:17:58	1265	2458	1	0	0	7.75	32	0	0	0	32	0	0	2.5	32	0	0	0	32	0	0	4.546		99.9681	61.4279	0.0454078	0	0.454223	0.403041	14.9833	1		0	12.0616	41.1566	0	0	0	
2024-06-13 14:08:46	1195	2459	1	0	0	2	9	0	0	0	9	0	0	2.5	9	0	0	0	9	0	0	0.433		99.9788	62.2339	0.476126	0	4.76227	0.357764	14.9611	1		0	12.0616	42.586	0	0	0	
2024-06-13 14:15:36	1247	2460	1	0	0	7	29	0	0	0	29	0	0	1	29	0	0	0	29	0	0	5.195		99.9678	61.2859	0.0471091	0	0.471243	0.0115714	17.7654	2		0	11.9552	41.1566	0	0	0	
2024-06-13 14:04:35	1163	2461	9	0	0	0	1	0	0	0	1	0	0	5.25	1	0	0	0	1	0	0	4.546		99.983	65.8366	0.0514986	0	0.515074	0.0989904	16.9906	1		0	12.0616	45.055	0	0	0	
2024-06-13 14:04:05	1160	2462	9	0	0	0	1	0	0	0	1	0	0	4	1	0	0	0	1	0	0	3.464		99.9829	68.6925	0.0612046	0	0.61215	0.0284995	15.385	2		0.0088623	12.0705	45.5748	0	0	0	
2024-06-13 14:17:36	1262	2463	1	0	0	7.75	32	0	0	0	32	0	0	1.75	32	0	0	0	32	0	0	5.195		99.9604	61.4469	0.0409726	0	0.409888	0.293188	15.4524	1		0	12.0616	41.1566	0	0	0	
2024-06-13 14:12:02	1220	2464	5	0	0	5	21	0	0	0	21	0	0	6	21	0	0	0	21	0	0	0.866		99.9698	62.0689	0.256509	0	2.56587	0.889069	16.1218	1		0	12.0616	41.4165	0	0	0	
2024-06-13 14:12:57	1227	2465	5	0	0	5	21	0	0	0	21	0	0	4.75	21	0	0	0	21	0	0	0.216		99.9686	61.9094	0.837014	0	8.37277	0.449136	13.1519	1		0	12.0616	41.2865	0	0	0	
2024-06-13 14:09:26	1200	2466	1	0	0	3	13	0	0	0	13	0	0	1.5	13	0	0	0	13	0	0	1.299		99.9754	62.939	0.143421	0	1.43457	0.3772	13.5205	1		0	12.0616	42.1962	0	0	0	
2024-06-13 14:16:55	1257	2467	9	0	0	7.75	32	0	0	0	32	0	0	6.5	32	0	0	0	32	0	0	1.082		99.968	61.223	0.19121	0	1.91271	0.0926508	15.0224	2		0	12.0616	41.1566	0	0	0	
2024-06-13 14:18:58	1273	2468	9	0	0	2.25	10	0	0	0	10	0	0	5.5	10	0	0	0	10	0	0	2.814		99.9654	61.912	0.0840801	0	0.841092	0.632884	17.1754	1		0.0088623	12.0616	41.0267	0	0	0	
2024-06-13 14:24:50	1317	2469	1	0	0	3	13	0	0	4.75	13	0	0	1.25	13	0	0	6.5	13	0	0	0.908		99.9736	20.8283	0.0717573	0	0.717763	1.63206	7.89222	4		0.0088623	12.0616	41.1566	0	0	0	
2024-06-13 14:11:03	1212	2470	9	0	0	4	17	0	0	0	17	0	0	6	17	0	0	0	17	0	0	1.732		99.9675	61.8038	0.115589	0	1.15626	0.229009	14.53	1		0.0088623	12.0616	41.9363	0	0	0	
2024-06-13 14:10:28	1208	2471	5	0	0	4	17	0	0	0	17	0	0	4.75	17	0	0	0	17	0	0	0.649		99.9678	61.364	0.359848	0	3.59964	0.132438	16.9629	2		0	12.0616	41.9363	0	0	0	
2024-06-13 14:04:35	1163	2472	1	0	0	0	1	0	0	0	1	0	0	2.25	1	0	0	0	1	0	0	1.948		99.983	65.8366	0.107867	0	1.07886	0.369567	15.252	1		0	12.0616	45.055	0	0	0	
2024-06-13 14:24:40	1316	2473	1	0	0	3.25	14	0	0	4.5	14	0	0	2	14	0	0	5.75	14	0	0	0.649		99.9741	20.3431	0.179445	0	1.79492	0.0113864	14.0972	2		0	12.0705	41.1566	0	0	0	
2024-06-13 14:10:14	1206	2474	1	0	0	3	13	0	0	0	13	0	0	3.25	13	0	0	0	13	0	0	0.216		99.9692	62.9382	0.823532	0	8.23786	0.429888	12.94	1		0	12.0616	42.0662	0	0	0	
2024-06-13 14:07:20	1184	2475	9	0	0	2	9	0	0	0	9	0	0	7.75	9	0	0	0	9	0	0	4.979		99.977	62.5198	0.0441793	0	0.441895	0.0427309	15.9649	2		0	12.0616	43.2357	0	0	0	
2024-06-13 14:08:11	1190	2476	5	0	0	2	9	0	0	0	9	0	0	6.5	9	0	0	0	9	0	0	3.897		99.9795	62.5693	0.0560402	0	0.560517	0.183951	15.8482	1		0	12.0705	42.8459	0	0	0	
2024-06-13 14:15:22	1245	2477	9	0	0	7	29	0	0	0	29	0	0	5.5	29	0	0	0	29	0	0	1.299		99.9691	62.9016	0.15816	0	1.58209	0.251451	14.9108	1		0	12.0616	41.1566	0	0	0	
2024-06-13 14:16:02	1250	2478	9	0	0	7	29	0	0	0	29	0	0	4.25	29	0	0	0	29	0	0	2.381		99.9667	61.4076	0.0833891	0	0.834169	0.282459	14.4134	1		0	12.0616	41.1566	0	0	0	
2024-06-13 14:06:28	1177	2479	9	0	0	1	5	0	0	0	5	0	0	5	5	0	0	0	5	0	0	3.464		99.9831	62.4835	0.0633811	0	0.633918	0.511278	15.9321	1		0	12.0616	43.7555	0	0	0	
2024-06-13 14:06:43	1179	2480	1	0	0	1	5	0	0	0	5	0	0	3.75	5	0	0	0	5	0	0	2.381		99.9849	62.4934	0.0808634	0	0.808756	0.249864	13.9743	1		0	12.0616	43.4956	0	0	0	
2024-06-13 14:15:00	1243	2481	5	0	0	6	25	0	0	0	25	0	0	2.75	25	0	0	0	25	0	0	2.814		99.9711	61.4539	0.0721442	0	0.721651	0.0255054	14.7364	1		0	12.0616	41.0267	0	0	0	
2024-06-13 14:13:19	1230	2482	5	0	0	5	21	0	0	0	21	0	0	2.25	21	0	0	0	21	0	0	2.381		99.9713	61.8138	0.0807579	0	0.807811	0.0604133	13.958	1		0	12.0616	41.4165	0	0	0	
2024-06-13 14:15:55	1249	2483	1	0	0	7	29	0	0	0	29	0	0	0.25	29	0	0	0	29	0	0	5.845		99.964	61.4909	0.0407877	0	0.408024	0.429945	17.3049	1		0	12.0616	41.1566	0	0	0	
2024-06-13 14:04:28	1162	2484	1	0	0	0	1	0	0	0	1	0	0	3.25	1	0	0	0	1	0	0	2.814		99.9802	66.41	0.0692528	0	0.692665	0.504541	14.1445	1		0	12.0705	45.5748	0	0	0	
2024-06-13 14:09:48	1203	2485	9	0	0	3	13	0	0	0	13	0	0	7.25	13	0	0	0	13	0	0	3.68		99.9745	62.6438	0.0761299	0	0.761493	0.214114	20.3346	2		0	12.0616	42.1962	0	0	0	
2024-06-13 14:13:51	1234	2486	9	0	0	6	25	0	0	0	25	0	0	6.75	25	0	0	0	25	0	0	0.649		99.9651	61.5265	0.36748	0	3.67609	0.551988	17.3232	1		0	12.0616	41.4165	0	0	0	
2024-06-13 14:18:20	1268	2487	9	0	0	3.75	16	0	0	0	16	0	0	4	16	0	0	0	16	0	0	0.216		99.9665	61.382	0.906644	0	9.06948	0.729869	14.2463	1		0	12.0616	41.0267	0	0	0	
2024-06-13 14:17:50	1264	2488	1	0	0	7.75	32	0	0	0	32	0	0	1	32	0	0	0	32	0	0	5.845		99.9679	61.3236	0.0380124	0	0.380246	0.0739209	16.1268	1		0	12.0705	41.0267	0	0	0	
2024-06-13 14:12:42	1225	2489	9	0	0	5	21	0	0	0	21	0	0	5.25	21	0	0	0	21	0	0	0.216		99.9698	61.9134	0.853112	0	8.53369	0.410878	13.4047	1		0	12.0616	41.5464	0	0	0	
2024-06-13 14:12:42	1225	2490	5	0	0	5	21	0	0	0	21	0	0	4	21	0	0	0	21	0	0	0.866		99.9698	61.9134	0.253033	0	2.5311	0.494317	15.9033	1		0	12.0616	41.5464	0	0	0	
2024-06-13 14:09:41	1202	2491	1	0	0	3	13	0	0	0	13	0	0	0.75	13	0	0	0	13	0	0	1.948		99.9745	63.1504	0.0947443	0	0.947684	0.108886	13.3976	1		0	12.0616	42.1962	0	0	0	
2024-06-13 14:06:04	1174	2492	1	0	0	1	5	0	0	0	5	0	0	1.75	5	0	0	0	5	0	0	0.649		99.9865	62.6543	0.321268	0	3.21311	0.390537	15.1414	1		0	12.0616	43.8855	0	0	0	
2024-06-13 14:11:03	1212	2493	1	0	0	4	17	0	0	0	17	0	0	2	17	0	0	0	17	0	0	1.732		99.9675	61.8038	0.109448	0	1.09484	0.180502	13.7581	1		0.0088623	12.0616	41.9363	0	0	0	
2024-06-13 14:17:36	1262	2494	5	0	0	7.75	32	0	0	0	32	0	0	5.75	32	0	0	0	32	0	0	1.732		99.9604	61.4469	0.111725	0	1.11769	0.187767	14.0453	1		0	12.0616	41.1566	0	0	0	
2024-06-13 14:17:06	1258	2495	9	0	0	7.75	32	0	0	0	32	0	0	4.5	32	0	0	0	32	0	0	2.814		99.9666	61.3823	0.0673986	0	0.674211	0.0255249	13.7676	1		0.0088623	12.0616	41.1566	0	0	0	
2024-06-13 14:20:38	1285	2496	1	0	0	2.25	10	0	0	0	10	0	0	3.5	10	0	0	0	10	0	0	1.082		99.9673	61.8914	0.181928	0	1.81988	0.471995	14.2933	1		0	12.0616	41.1566	0	0	0	
2024-06-13 14:19:46	1279	2497	9	0	0	0.25	2	0	0	0	2	0	0	7.5	2	0	0	0	2	0	0	6.278		99.9663	60.5792	0.0385371	0	0.385501	0.0208204	17.5608	2		0.0088623	12.0439	41.0267	0	0	0	
2024-06-13 14:14:53	1242	2498	1	0	0	6	25	0	0	0	25	0	0	1.75	25	0	0	0	25	0	0	3.68		99.971	61.3944	0.0643413	0	0.6436	0.738028	17.1864	1		0	12.0705	41.1566	0	0	0	
2024-06-13 14:10:56	1211	2499	5	0	0	4	17	0	0	0	17	0	0	5.25	17	0	0	0	17	0	0	1.082		99.9689	61.8548	0.197245	0	1.97306	0.35967	15.4964	1		0	12.0616	41.9363	0	0	0	
2024-06-13 14:04:56	1166	2500	1	0	0	0	1	0	0	0	1	0	0	1.5	1	0	0	0	1	0	0	1.299		99.9817	64.6789	0.144402	0	1.44429	0.236068	13.6121	1		0	12.0705	45.055	0	0	0	
2024-06-13 14:09:19	1199	2501	1	0	0	3	13	0	0	0	13	0	0	2.5	13	0	0	0	13	0	0	0.433		99.9727	63.0429	0.476558	0	4.76688	0.533336	14.9756	1		0	12.0616	42.1962	0	0	0	
2024-06-13 14:08:03	1189	2502	9	0	0	2	9	0	0	0	9	0	0	5.75	9	0	0	0	9	0	0	3.247		99.9782	62.5643	0.0658376	0	0.65852	0.243142	15.516	1		0	12.0616	42.7159	0	0	0	
2024-06-13 14:08:03	1189	2503	5	0	0	2	9	0	0	0	9	0	0	4.5	9	0	0	0	9	0	0	2.165		99.9782	62.5643	0.0902794	0	0.902992	0.0376164	14.1842	1		0	12.0616	42.7159	0	0	0	
2024-06-13 14:16:24	1253	2504	5	0	0	7	29	0	0	0	29	0	0	3.5	29	0	0	0	29	0	0	3.031		99.9672	61.6618	0.0651858	0	0.652072	0.106385	14.3398	1		0	12.0616	41.1566	0	0	0	
2024-06-13 14:07:13	1183	2505	1	0	0	1	5	0	0	0	5	0	0	3	5	0	0	0	5	0	0	1.732		99.9813	62.4036	0.107052	0	1.07072	0.206499	13.455	1		0	12.0616	43.2357	0	0	0	
2024-06-13 14:04:05	1160	2506	5	0	0	0	1	0	0	0	1	0	0	7.25	1	0	0	0	1	0	0	6.278		99.9829	68.6925	0.0415752	0	0.415823	0.00880448	18.942	2		0.0088623	12.0705	45.5748	0	0	0	
2024-06-13 14:12:25	1223	2507	1	0	0	5	21	0	0	0	21	0	0	1.5	21	0	0	0	21	0	0	3.031		99.9679	61.6265	0.0664078	0	0.664291	0.121117	14.6085	2		0	12.0616	41.6764	0	0	0	
2024-06-13 14:08:32	1193	2508	5	0	0	2	9	0	0	0	9	0	0	1.25	9	0	0	0	9	0	0	0.649		99.9778	62.4349	0.311708	0	3.11777	0.398116	14.6922	1		0.0088623	11.9552	42.7159	0	0	0	
2024-06-13 14:23:06	1304	2509	1	0	0	1.5	7	0	0	0	7	0	0	0.25	7	0	0	0	7	0	0	1.082		99.9704	59.7936	0.179502	0	1.79555	0.340743	14.1022	1		0	12.0616	41.1566	0	0	0	
2024-06-13 14:04:42	1164	2510	1	0	0	0	1	0	0	0	1	0	0	2.5	1	0	0	0	1	0	0	2.165		99.9791	65.3459	0.0886244	0	0.886429	0.327885	13.924	1		0	12.0705	45.3149	0	0	0	
2024-06-13 14:22:22	1298	2511	1	0	0	6.25	26	0	0	0	26	0	0	1.5	26	0	0	0	26	0	0	4.113		99.9681	60.8478	0.0599231	0	0.599422	0.861431	17.8898	1		0	11.9552	41.1566	0	0	0	
2024-06-13 14:24:08	1312	2512	9	0	0	7.25	30	0	0	0	30	0	0	6.5	30	0	0	0	30	0	0	0.649		99.9654	61.0541	0.341605	0	3.41723	0.669137	16.1033	1		0	12.0616	41.1566	0	0	0	
2024-06-13 14:09:48	1203	2513	5	0	0	3	13	0	0	0	13	0	0	7.75	13	0	0	0	13	0	0	4.113		99.9745	62.6438	0.0505118	0	0.505246	0.0179999	15.0791	2		0	12.0616	42.1962	0	0	0	
2024-06-13 14:09:41	1202	2514	9	0	0	3	13	0	0	0	13	0	0	6.5	13	0	0	0	13	0	0	3.031		99.9745	63.1504	0.0694288	0	0.694464	0.480294	15.2721	1		0	12.0616	42.1962	0	0	0	
2024-06-13 14:06:04	1174	2515	5	0	0	1	5	0	0	0	5	0	0	7	5	0	0	0	5	0	0	5.195		99.9865	62.6543	0.0462161	0	0.462223	0.222879	17.4254	1		0	12.0616	43.8855	0	0	0	
2024-06-13 14:14:17	1237	2516	9	0	0	6	25	0	0	0	25	0	0	4.75	25	0	0	0	25	0	0	1.082		99.9722	61.6871	0.199253	0	1.99308	0.401967	15.6536	1		0.0088623	12.0616	41.2865	0	0	0	
2024-06-13 14:17:06	1258	2517	1	0	0	7.75	32	0	0	0	32	0	0	0.25	32	0	0	0	32	0	0	6.494		99.9666	61.3823	0.0339527	0	0.339641	0.317775	16.0052	1		0.0088623	12.0616	41.1566	0	0	0	
2024-06-13 14:13:11	1229	2518	1	0	0	5	21	0	0	0	21	0	0	3.25	21	0	0	0	21	0	0	1.515		99.9716	61.9514	0.12613	0	1.26166	0.277946	13.8727	1		0	12.0616	41.4165	0	0	0	
2024-06-13 14:09:59	1204	2519	1	0	0	3	13	0	0	0	13	0	0	0	13	0	0	0	13	0	0	2.598		99.9729	62.9722	0.0778142	0	0.778352	0.0372751	14.6716	1		0.0088623	12.0616	42.1962	0	0	0	
2024-06-13 14:18:27	1269	2520	9	0	0	3.5	15	0	0	0	15	0	0	4.25	15	0	0	0	15	0	0	0.649		99.9748	60.7913	0.346245	0	3.46332	0.520346	16.3205	1		0	12.0616	40.8967	0	0	0	
2024-06-13 14:11:18	1214	2521	1	0	0	4	17	0	0	0	17	0	0	1.25	17	0	0	0	17	0	0	2.381		99.9678	61.8209	0.0807687	0	0.807947	0.281978	13.9603	1		0	12.0616	41.6764	0	0	0	
2024-06-13 14:17:21	1260	2522	9	0	0	7.75	32	0	0	0	32	0	0	5	32	0	0	0	32	0	0	2.381		99.9635	61.4924	0.0789076	0	0.789364	0.396955	13.6392	1		0	12.0616	41.1566	0	0	0	
2024-06-13 14:16:55	1257	2523	1	0	0	7.75	32	0	0	0	32	0	0	3.75	32	0	0	0	32	0	0	3.464		99.968	61.223	0.0553144	0	0.553321	0.00748414	13.9065	2		0	12.0616	41.1566	0	0	0	
2024-06-13 14:25:52	1322	2524	1	0	0	1.25	6	0	0	6.5	6	0	0	3	6	0	0	4.75	6	0	0	0.908		99.9718	20.2091	0.0984533	0	0.984811	0.0865496	10.8286	2		0	12.0705	41.1566	0	0	0	
2024-06-13 14:14:39	1240	2525	5	0	0	6	25	0	0	0	25	0	0	1	25	0	0	0	25	0	0	4.33		99.9683	61.4758	0.0581894	0	0.582079	0.447589	18.2865	1		0	12.0616	41.1566	0	0	0	
2024-06-13 14:11:11	1213	2526	1	0	0	4	17	0	0	0	17	0	0	3.25	17	0	0	0	17	0	0	0.649		99.9689	61.6642	0.345935	0	3.46042	0.402862	16.3069	1		0.0088623	12.0616	41.8063	0	0	0	
2024-06-13 14:04:20	1161	2527	1	0	0	0	1	0	0	0	1	0	0	0.75	1	0	0	0	1	0	0	0.649		99.9841	66.9426	0.327168	0	3.2722	0.467216	15.4199	1		0	12.0616	45.7047	0	0	0	
2024-06-13 14:25:19	1319	2528	1	0	0	3.5	15	0	0	4.25	15	0	0	3.75	15	0	0	4	15	0	0	0.13		99.975	19.4562	0.606108	0	6.06259	0.734029	9.5231	2		0	12.0616	41.1566	0	0	0	
2024-06-13 14:07:30	1185	2529	9	0	0	2	9	0	0	0	9	0	0	5	9	0	0	0	9	0	0	2.598		99.979	62.6832	0.0778644	0	0.778808	0.0367655	14.6802	1		0.0088623	12.0616	43.2357	0	0	0	
2024-06-13 14:07:45	1187	2530	1	0	0	2	9	0	0	0	9	0	0	3.75	9	0	0	0	9	0	0	1.515		99.9793	62.3543	0.132677	0	1.32704	0.00649089	14.5916	2		0	12.0616	42.8459	0	0	0	
2024-06-13 14:16:40	1255	2531	5	0	0	7	29	0	0	0	29	0	0	2.75	29	0	0	0	29	0	0	3.68		99.9683	61.612	0.0561504	0	0.561682	0.115661	14.9989	1		0	12.0616	41.0267	0	0	0	
2024-06-13 14:16:32	1254	2532	1	0	0	7	29	0	0	0	29	0	0	2.25	29	0	0	0	29	0	0	4.113		99.968	61.6227	0.0516921	0	0.517086	0.166569	15.4325	1		0	12.0705	41.1566	0	0	0	
2024-06-13 14:05:04	1167	2533	9	0	0	0	1	0	0	0	1	0	0	7.75	1	0	0	0	1	0	0	6.711		99.9782	64.1789	0.0356652	0	0.35673	0.176704	17.3709	2		0.0088623	12.0705	44.7951	0	0	0	
2024-06-13 14:04:28	1162	2534	9	0	0	0	1	0	0	0	1	0	0	6.5	1	0	0	0	1	0	0	5.628		99.9802	66.41	0.0422433	0	0.422517	0.704865	17.2559	1		0	12.0705	45.5748	0	0	0	
2024-06-13 14:13:19	1230	2535	1	0	0	5	21	0	0	0	21	0	0	0.75	21	0	0	0	21	0	0	3.68		99.9713	61.8138	0.0597399	0	0.59757	0.230193	15.9572	1		0	12.0616	41.4165	0	0	0	
2024-06-13 14:12:25	1223	2536	5	0	0	5	21	0	0	0	21	0	0	7.25	21	0	0	0	21	0	0	1.948		99.9679	61.6265	0.128915	0	1.28956	0.2554	18.2308	2		0	12.0616	41.6764	0	0	0	
2024-06-13 14:24:00	1311	2537	9	0	0	5.75	24	0	0	0	24	0	0	4	24	0	0	0	24	0	0	1.515		99.9658	61.4758	0.131463	0	1.31508	0.440646	14.4601	1		0	12.0616	41.1566	0	0	0	
2024-06-13 14:20:53	1287	2538	9	0	0	4.5	19	0	0	0	19	0	0	5.25	19	0	0	0	19	0	0	0.649		99.9612	60.9826	0.345231	0	3.45365	0.458501	16.2749	1		0	12.0616	41.0267	0	0	0	
2024-06-13 14:25:30	1320	2539	1	0	0	2.75	12	0	0	5	12	0	0	3.5	12	0	0	4.25	12	0	0	0.389		99.9723	20.8409	0.336125	0	3.36218	0.991152	15.8439	4		0	12.0616	41.1566	0	0	0	
2024-06-13 14:08:25	1192	2540	5	0	0	2	9	0	0	0	9	0	0	0.5	9	0	0	0	9	0	0	1.299		99.981	62.5036	0.144703	0	1.44731	0.342243	13.6405	1		0	12.0616	42.7159	0	0	0	
2024-06-13 14:19:36	1278	2541	9	0	0	0.5	3	0	0	0	3	0	0	7.25	3	0	0	0	3	0	0	5.845		99.9658	60.8184	0.107903	0	1.07939	0.351388	45.7787	2		0	12.0616	41.0267	0	0	0	
2024-06-13 14:11:18	1214	2542	9	0	0	4	17	0	0	0	17	0	0	7.25	17	0	0	0	17	0	0	2.814		99.9678	61.8209	0.0834539	0	0.834808	0.913059	17.0471	1		0	12.0616	41.6764	0	0	0	
2024-06-13 14:09:26	1200	2543	9	0	0	3	13	0	0	0	13	0	0	5.75	13	0	0	0	13	0	0	2.381		99.9754	62.939	0.0812774	0	0.812974	0.222574	14.0472	1		0	12.0616	42.1962	0	0	0	
2024-06-13 14:08:53	1196	2544	9	0	0	3	13	0	0	0	13	0	0	4.5	13	0	0	0	13	0	0	1.299		99.9767	63.0182	0.151551	0	1.51587	0.182468	14.2867	2		0.0088623	12.0616	42.1962	0	0	0	
2024-06-13 14:15:30	1246	2545	5	0	0	7	29	0	0	0	29	0	0	6.75	29	0	0	0	29	0	0	0.216		99.9648	61.855	0.844244	0	8.44541	0.648479	13.266	1		0	12.0616	41.1566	0	0	0	
2024-06-13 14:06:21	1176	2546	5	0	0	1	5	0	0	0	5	0	0	7.5	5	0	0	0	5	0	0	5.628		99.9843	62.3599	0.04291	0	0.429167	0.707863	17.5275	1		0	12.0616	43.7555	0	0	0	
2024-06-13 14:05:46	1172	2547	5	0	0	1	5	0	0	0	5	0	0	6.25	5	0	0	0	5	0	0	4.546		99.9806	63.4285	0.0535546	0	0.53565	0.0164414	17.6694	1		0	12.0616	44.1454	0	0	0	
2024-06-13 14:13:51	1234	2548	5	0	0	6	25	0	0	0	25	0	0	5.25	25	0	0	0	25	0	0	0.649		99.9651	61.5265	0.351202	0	3.51325	0.600774	16.5558	1		0	12.0616	41.4165	0	0	0	
2024-06-13 14:14:24	1238	2549	5	0	0	6	25	0	0	0	25	0	0	4	25	0	0	0	25	0	0	1.732		99.9695	61.724	0.114393	0	1.14428	0.324949	14.3794	1		0	12.0616	41.2865	0	0	0	
2024-06-13 14:12:49	1226	2550	1	0	0	5	21	0	0	0	21	0	0	2.5	21	0	0	0	21	0	0	2.165		99.9683	61.88	0.0942071	0	0.942369	0.282415	14.8027	1		0	12.0616	41.4165	0	0	0	
2024-06-13 14:06:28	1177	2551	1	0	0	1	5	0	0	0	5	0	0	0.25	5	0	0	0	5	0	0	0.649		99.9831	62.4835	0.32867	0	3.28725	0.363471	15.4908	1		0	12.0616	43.7555	0	0	0	
2024-06-13 14:11:33	1216	2552	1	0	0	4	17	0	0	0	17	0	0	0.5	17	0	0	0	17	0	0	3.031		99.967	61.8563	0.0670846	0	0.671067	0.173798	14.7575	1		0	12.0616	41.6764	0	0	0	
2024-06-13 14:17:43	1263	2553	1	0	0	7.75	32	0	0	0	32	0	0	3	32	0	0	0	32	0	0	4.113		99.9646	61.393	0.0475255	0	0.475424	0.0984826	14.1891	1		0	12.0616	41.0267	0	0	0	
2024-06-13 14:14:39	1240	2554	1	0	0	6	25	0	0	0	25	0	0	0.25	25	0	0	0	25	0	0	4.979		99.9683	61.4758	0.0472357	0	0.472507	0.297551	17.0709	1		0	12.0616	41.1566	0	0	0	
2024-06-13 14:21:54	1295	2555	1	0	0	5.25	22	0	0	0	22	0	0	2.5	22	0	0	0	22	0	0	2.381		99.9679	60.54	0.148169	0	1.48216	0.476055	25.6099	2		0	12.0616	41.1566	0	0	0	
2024-06-13 14:11:40	1217	2556	5	0	0	4	17	0	0	0	17	0	0	2.5	17	0	0	0	17	0	0	1.299		99.9698	61.7103	0.150597	0	1.50642	0.589796	14.1977	1		0	11.9552	41.6764	0	0	0	
2024-06-13 14:07:38	1186	2557	1	0	0	2	9	0	0	0	9	0	0	3	9	0	0	0	9	0	0	0.866		99.9821	62.9873	0.235236	0	2.35278	0.457304	14.7829	1		0	12.0616	42.9758	0	0	0	
2024-06-13 14:16:17	1252	2558	5	0	0	7	29	0	0	0	29	0	0	1.5	29	0	0	0	29	0	0	4.762		99.9676	61.6046	0.0481502	0	0.481657	0.198832	16.6449	1		0	12.0616	41.1566	0	0	0	
2024-06-13 14:04:28	1162	2559	5	0	0	0	1	0	0	0	1	0	0	5.75	1	0	0	0	1	0	0	4.979		99.9802	66.41	0.0466986	0	0.467079	0.732995	16.8748	1		0	12.0705	45.5748	0	0	0	
2024-06-13 14:04:35	1163	2560	5	0	0	0	1	0	0	0	1	0	0	4.5	1	0	0	0	1	0	0	3.897		99.983	65.8366	0.0546839	0	0.546933	0.367792	15.4642	1		0	12.0616	45.055	0	0	0	
2024-06-13 14:12:17	1222	2561	1	0	0	5	21	0	0	0	21	0	0	0	21	0	0	0	21	0	0	4.33		99.969	62.281	0.0515732	0	0.515892	0.0072611	16.2072	1		0	12.0616	41.6764	0	0	0	
2024-06-13 14:18:12	1267	2562	1	0	0	7.75	32	0	0	0	32	0	0	2.25	32	0	0	0	32	0	0	4.762		99.9697	61.4796	0.0425311	0	0.425439	0.417532	14.7021	1		0	12.0616	40.8967	0	0	0	
2024-06-13 14:12:09	1221	2563	5	0	0	5	21	0	0	0	21	0	0	7.75	21	0	0	0	21	0	0	2.381		99.9687	61.9151	0.0826789	0	0.827048	0.299888	14.2904	1		0	12.0616	41.6764	0	0	0	
2024-06-13 14:12:17	1222	2564	9	0	0	5	21	0	0	0	21	0	0	6.5	21	0	0	0	21	0	0	1.299		99.969	62.281	0.163062	0	1.63112	0.246404	15.373	1		0	12.0616	41.6764	0	0	0	
2024-06-13 14:10:21	1207	2565	1	0	0	3	13	0	0	0	13	0	0	2	13	0	0	0	13	0	0	0.866		99.9666	62.9704	0.233655	0	2.33733	0.325394	14.6859	1		0	12.0705	42.0662	0	0	0	
2024-06-13 14:21:40	1293	2566	1	0	0	4.5	19	0	0	0	19	0	0	3.25	19	0	0	0	19	0	0	1.082		99.972	60.7243	0.192142	0	1.92195	0.626859	15.095	1		0.0088623	12.0616	41.1566	0	0	0	
2024-06-13 14:17:13	1259	2567	5	0	0	7.75	32	0	0	0	32	0	0	7	32	0	0	0	32	0	0	0.649		99.9672	61.4384	0.340427	0	3.40539	0.50744	16.0475	1		0	12.0616	41.1566	0	0	0	
2024-06-13 14:23:53	1310	2568	9	0	0	5.5	23	0	0	0	23	0	0	4.25	23	0	0	0	23	0	0	1.082		99.9669	60.5178	0.196527	0	1.96592	0.423778	15.4403	1		0	12.0616	41.1566	0	0	0	
2024-06-13 14:22:36	1300	2569	1	0	0	6.75	28	0	0	0	28	0	0	1	28	0	0	0	28	0	0	4.979		99.9684	60.4631	0.0522674	0	0.522839	0.218095	18.8893	1		0.0088623	12.0616	41.0267	0	0	0	
2024-06-13 14:21:00	1288	2570	9	0	0	4.25	18	0	0	0	18	0	0	5.5	18	0	0	0	18	0	0	1.082		99.9701	60.8761	0.197127	0	1.97186	0.342452	15.4869	1		0	11.9552	41.1566	0	0	0	
2024-06-13 14:10:56	1211	2571	9	0	0	4	17	0	0	0	17	0	0	7.75	17	0	0	0	17	0	0	3.247		99.9689	61.8548	0.0618934	0	0.619126	0.0134084	14.5878	1		0	12.0616	41.9363	0	0	0	
2024-06-13 14:11:11	1213	2572	5	0	0	4	17	0	0	0	17	0	0	6.5	17	0	0	0	17	0	0	2.165		99.9689	61.6642	0.0926586	0	0.926874	0.437219	14.5593	1		0.0088623	12.0616	41.8063	0	0	0	
2024-06-13 14:09:11	1198	2573	5	0	0	3	13	0	0	0	13	0	0	5	13	0	0	0	13	0	0	1.732		99.9745	63.0292	0.111072	0	1.11101	0.0520296	13.9613	1		0	12.0616	42.4561	0	0	0	
2024-06-13 14:09:59	1204	2574	5	0	0	3	13	0	0	0	13	0	0	3.75	13	0	0	0	13	0	0	0.649		99.9729	62.9722	0.333641	0	3.33731	0.450182	15.7267	1		0.0088623	12.0616	42.1962	0	0	0	
2024-06-13 14:07:56	1188	2575	9	0	0	2	9	0	0	0	9	0	0	7	9	0	0	0	9	0	0	4.33		99.9782	62.4079	0.0510558	0	0.510669	0.0781497	16.0431	1		0.0088623	12.0616	42.9758	0	0	0	
2024-06-13 14:15:07	1244	2576	9	0	0	7	29	0	0	0	29	0	0	6	29	0	0	0	29	0	0	0.866		99.9686	60.8603	0.254556	0	2.54636	1.5894	15.9992	4		0	12.0616	41.1566	0	0	0	
2024-06-13 14:15:55	1249	2577	9	0	0	7	29	0	0	0	29	0	0	4.75	29	0	0	0	29	0	0	1.948		99.964	61.4909	0.101806	0	1.01843	0.12033	14.3977	1		0	12.0616	41.1566	0	0	0	
2024-06-13 14:06:11	1175	2578	5	0	0	1	5	0	0	0	5	0	0	5.5	5	0	0	0	5	0	0	3.897		99.9837	62.5111	0.0620161	0	0.620262	0.0544006	17.5375	2		0	12.0616	43.8855	0	0	0	
2024-06-13 14:06:36	1178	2579	9	0	0	1	5	0	0	0	5	0	0	4.25	5	0	0	0	5	0	0	2.814		99.9846	62.6043	0.0729859	0	0.729972	0.420485	14.9063	1		0	12.0705	43.7555	0	0	0	
2024-06-13 14:14:46	1241	2580	1	0	0	6	25	0	0	0	25	0	0	3.25	25	0	0	0	25	0	0	2.381		99.9669	61.3923	0.0827271	0	0.827545	0.115686	14.299	1		0	12.0616	41.1566	0	0	0	
2024-06-13 14:20:14	1282	2581	1	0	0	0.25	2	0	0	0	2	0	0	1.5	2	0	0	0	2	0	0	1.082		99.9701	60.5307	0.176842	0	1.76895	0.102328	13.8933	2		0	12.0616	41.0267	0	0	0	
2024-06-13 14:16:17	1252	2582	1	0	0	7	29	0	0	0	29	0	0	0.75	29	0	0	0	29	0	0	5.412		99.9676	61.6046	0.0443816	0	0.443959	0.242143	17.4342	1		0	12.0616	41.1566	0	0	0	
2024-06-13 14:04:20	1161	2583	5	0	0	0	1	0	0	0	1	0	0	5	1	0	0	0	1	0	0	4.33		99.9841	66.9426	0.0511997	0	0.512078	0.227989	16.0874	1		0	12.0616	45.7047	0	0	0	
2024-06-13 14:04:05	1160	2584	1	0	0	0	1	0	0	0	1	0	0	3.75	1	0	0	0	1	0	0	3.247		99.9829	68.6925	0.0625	0	0.625108	0.0862643	14.7287	2		0.0088623	12.0705	45.5748	0	0	0	
2024-06-13 14:24:15	1313	2585	9	0	0	7.5	31	0	0	0	31	0	0	6.25	31	0	0	0	31	0	0	1.082		99.9651	60.7132	0.190991	0	1.91058	0.105208	15.0056	2		0	12.0616	41.0267	0	0	0	
2024-06-13 14:21:25	1291	2586	9	0	0	6.25	26	0	0	0	26	0	0	7.5	26	0	0	0	26	0	0	1.082		99.9684	60.953	0.191409	0	1.91469	0.252673	15.038	1		0	12.0616	41.1566	0	0	0	
2024-06-13 14:13:58	1235	2587	9	0	0	6	25	0	0	0	25	0	0	7.25	25	0	0	0	25	0	0	1.082		99.9708	61.2104	0.259091	0	2.59166	0.480748	20.3549	2		0	12.0616	41.2865	0	0	0	
2024-06-13 14:18:05	1266	2588	5	0	0	7.75	32	0	0	0	32	0	0	1.5	32	0	0	0	32	0	0	5.412		99.9692	61.3794	0.0390276	0	0.390396	0.0677434	15.3308	1		0.0088623	11.9552	41.1566	0	0	0	
2024-06-13 14:12:17	1222	2589	5	0	0	5	21	0	0	0	21	0	0	5.75	21	0	0	0	21	0	0	0.649		99.969	62.281	0.350713	0	3.50822	0.521791	16.5321	1		0	12.0616	41.6764	0	0	0	
2024-06-13 14:12:49	1226	2590	9	0	0	5	21	0	0	0	21	0	0	4.5	21	0	0	0	21	0	0	0.433		99.9683	61.88	0.503979	0	5.04139	0.519696	15.838	1		0	12.0616	41.4165	0	0	0	
2024-06-13 14:10:06	1205	2591	5	0	0	3	13	0	0	0	13	0	0	1.25	13	0	0	0	13	0	0	1.515		99.9733	62.8352	0.121857	0	1.21889	0.295221	13.4024	1		0	12.0616	42.1962	0	0	0	
2024-06-13 14:05:53	1173	2592	1	0	0	1	5	0	0	0	5	0	0	2.25	5	0	0	0	5	0	0	1.082		99.9809	62.7465	0.175567	0	1.756	0.0707229	13.7916	2		0	12.0616	44.1454	0	0	0	
2024-06-13 14:20:03	1281	2593	1	0	0	0.5	3	0	0	0	3	0	0	1.25	3	0	0	0	3	0	0	0.649		99.9646	60.6227	0.335143	0	3.35262	0.0679802	15.7988	2		0	12.0616	41.0267	0	0	0	
2024-06-13 14:18:48	1272	2594	9	0	0	2.5	11	0	0	0	11	0	0	5.25	11	0	0	0	11	0	0	2.381		99.9647	61.4375	0.0943689	0	0.944022	0.251353	16.3115	2		0	12.0616	41.1566	0	0	0	
2024-06-13 14:17:28	1261	2595	9	0	0	7.75	32	0	0	0	32	0	0	7.5	32	0	0	0	32	0	0	0.216		99.9634	61.4484	0.89042	0	8.90746	0.494931	13.9918	1		0.0088623	12.0616	41.1566	0	0	0	
2024-06-13 14:17:43	1263	2596	5	0	0	7.75	32	0	0	0	32	0	0	6.25	32	0	0	0	32	0	0	1.299		99.9646	61.393	0.155951	0	1.56007	0.256097	14.7033	1		0	12.0616	41.0267	0	0	0	
2024-06-13 14:21:33	1292	2597	1	0	0	4.25	18	0	0	0	18	0	0	3.5	18	0	0	0	18	0	0	0.649		99.9664	60.857	0.3486	0	3.48717	0.296553	16.4329	1		0	12.0616	41.1566	0	0	0	
2024-06-13 14:13:44	1233	2598	1	0	0	6	25	0	0	0	25	0	0	2.25	25	0	0	0	25	0	0	3.247		99.9669	61.4865	0.0645489	0	0.645702	0.206959	15.214	1		0	12.0616	41.4165	0	0	0	
2024-06-13 14:23:46	1309	2599	9	0	0	5.25	22	0	0	0	22	0	0	4.5	22	0	0	0	22	0	0	0.649		99.9687	61.4795	0.344253	0	3.4436	0.516214	16.2276	1		0	12.0616	41.1566	0	0	0	
2024-06-13 14:10:48	1210	2600	5	0	0	4	17	0	0	0	17	0	0	5.75	17	0	0	0	17	0	0	1.515		99.9715	61.4578	0.132451	0	1.32489	0.115476	14.5679	1		0	12.0616	41.9363	0	0	0	
2024-06-13 14:10:38	1209	2601	5	0	0	4	17	0	0	0	17	0	0	4.5	17	0	0	0	17	0	0	0.433		99.9709	61.3694	0.544798	0	5.44956	0.0129774	17.1203	2		0	12.0616	41.9363	0	0	0	
2024-06-13 14:05:38	1171	2602	1	0	0	0	1	0	0	0	1	0	0	2	1	0	0	0	1	0	0	1.732		99.9784	63.3581	0.136629	0	1.36659	0.47618	17.1731	1		0	12.0616	44.2753	0	0	0	
2024-06-13 14:07:20	1184	2603	5	0	0	2	9	0	0	0	9	0	0	7.5	9	0	0	0	9	0	0	4.762		99.977	62.5198	0.0501731	0	0.501846	0.917765	17.3426	2		0	12.0616	43.2357	0	0	0	
2024-06-13 14:07:38	1186	2604	5	0	0	2	9	0	0	0	9	0	0	6.25	9	0	0	0	9	0	0	3.68		99.9821	62.9873	0.0591848	0	0.591954	0.139248	15.8073	1		0	12.0616	42.9758	0	0	0	
2024-06-13 14:15:36	1247	2605	5	0	0	7	29	0	0	0	29	0	0	5.25	29	0	0	0	29	0	0	1.515		99.9678	61.2859	0.132482	0	1.32524	0.0482629	14.5718	2		0	11.9552	41.1566	0	0	0	
2024-06-13 14:16:02	1250	2606	5	0	0	7	29	0	0	0	29	0	0	4	29	0	0	0	29	0	0	2.598		99.9667	61.4076	0.0760293	0	0.760547	0.227087	14.336	1		0	12.0616	41.1566	0	0	0	
2024-06-13 14:06:58	1181	2607	1	0	0	1	5	0	0	0	5	0	0	3.5	5	0	0	0	5	0	0	2.165		99.9831	62.4095	0.0854093	0	0.854238	0.127998	13.4183	1		0.0088623	12.0705	43.4956	0	0	0	
2024-06-13 14:14:53	1242	2608	5	0	0	6	25	0	0	0	25	0	0	2.5	25	0	0	0	25	0	0	3.031		99.971	61.3944	0.0746787	0	0.747004	0.686103	16.4275	1		0	12.0705	41.1566	0	0	0	
2024-06-13 14:23:39	1308	2609	1	0	0	3.75	16	0	0	0	16	0	0	2	16	0	0	0	16	0	0	1.515		99.969	61.0897	0.131178	0	1.31219	0.29007	14.4283	1		0	12.0616	41.0267	0	0	0	
2024-06-13 14:12:09	1221	2610	1	0	0	5	21	0	0	0	21	0	0	2	21	0	0	0	21	0	0	2.598		99.9687	61.9151	0.0776312	0	0.776555	0.34166	14.6377	1		0	12.0616	41.6764	0	0	0	
2024-06-13 14:07:56	1188	2611	1	0	0	2	9	0	0	0	9	0	0	1.75	9	0	0	0	9	0	0	0.216		99.9782	62.4079	0.800839	0	8.01014	0.348144	12.5823	1		0.0088623	12.0616	42.9758	0	0	0	
2024-06-13 14:16:02	1250	2612	1	0	0	7	29	0	0	0	29	0	0	0	29	0	0	0	29	0	0	6.061		99.9667	61.4076	0.0406806	0	0.406941	0.154489	17.8982	1		0	12.0616	41.1566	0	0	0	
2024-06-13 14:05:21	1169	2613	5	0	0	0	1	0	0	0	1	0	0	3	1	0	0	0	1	0	0	2.598		99.978	63.5671	0.076529	0	0.765458	0.167483	14.4285	2		0	12.0616	44.5352	0	0	0	
2024-06-13 14:09:33	1201	2614	5	0	0	3	13	0	0	0	13	0	0	7	13	0	0	0	13	0	0	3.464		99.9745	62.9433	0.0601779	0	0.601932	0.195495	15.1282	1		0	12.0616	42.1962	0	0	0	
2024-06-13 14:14:17	1237	2615	5	0	0	6	25	0	0	0	25	0	0	7.75	25	0	0	0	25	0	0	1.515		99.9722	61.6871	0.136201	0	1.36238	0.239403	14.9802	1		0.0088623	12.0616	41.2865	0	0	0	
2024-06-13 14:13:44	1233	2616	9	0	0	6	25	0	0	0	25	0	0	6.5	25	0	0	0	25	0	0	0.433		99.9669	61.4865	0.549012	0	5.49194	0.679016	17.2534	1		0	12.0616	41.4165	0	0	0	
2024-06-13 14:16:47	1256	2617	1	0	0	7.75	32	0	0	0	32	0	0	0.75	32	0	0	0	32	0	0	6.061		99.9668	62.0387	0.0362622	0	0.362742	0.812124	15.9542	1		0	12.0705	41.1566	0	0	0	
2024-06-13 14:12:57	1227	2618	1	0	0	5	21	0	0	0	21	0	0	3.75	21	0	0	0	21	0	0	1.082		99.9686	61.9094	0.191433	0	1.91493	0.403713	15.0398	1		0	12.0616	41.2865	0	0	0	
2024-06-13 14:10:14	1206	2619	5	0	0	3	13	0	0	0	13	0	0	0.5	13	0	0	0	13	0	0	2.165		99.9692	62.9382	0.0876924	0	0.877194	0.111695	13.7789	1		0	12.0616	42.0662	0	0	0	
2024-06-13 14:06:11	1175	2620	1	0	0	1	5	0	0	0	5	0	0	1.5	5	0	0	0	5	0	0	0.433		99.9837	62.5111	0.486241	0	4.8632	0.0231661	15.2782	2		0	12.0616	43.8855	0	0	0	
2024-06-13 14:25:44	1321	2621	1	0	0	2	9	0	0	5.75	9	0	0	3.25	9	0	0	4.5	9	0	0	0.649		99.9749	20.3659	0.174184	0	1.74228	0.859652	13.6838	1		0.0088623	12.0616	41.1566	0	0	0	
2024-06-13 14:11:40	1217	2622	1	0	0	4	17	0	0	0	17	0	0	1.75	17	0	0	0	17	0	0	1.948		99.9698	61.7103	0.0966711	0	0.967004	0.38005	13.6707	1		0	11.9552	41.6764	0	0	0	
2024-06-13 14:20:31	1284	2623	1	0	0	2.5	11	0	0	0	11	0	0	3.25	11	0	0	0	11	0	0	0.649		99.9679	61.4845	0.324272	0	3.24376	0.776988	15.2859	1		0	12.0616	40.8967	0	0	0	
2024-06-13 14:17:28	1261	2624	5	0	0	7.75	32	0	0	0	32	0	0	5.5	32	0	0	0	32	0	0	1.948		99.9634	61.4484	0.098682	0	0.987181	0.319971	13.9559	1		0.0088623	12.0616	41.1566	0	0	0	
2024-06-13 14:16:47	1256	2625	5	0	0	7.75	32	0	0	0	32	0	0	4.25	32	0	0	0	32	0	0	3.031		99.9668	62.0387	0.0627835	0	0.628044	0.899117	13.8114	1		0	12.0705	41.1566	0	0	0	
2024-06-13 14:13:58	1235	2626	1	0	0	6	25	0	0	0	25	0	0	1.5	25	0	0	0	25	0	0	3.897		99.9708	61.2104	0.0567129	0	0.567295	0.0146019	16.0399	2		0	12.0616	41.2865	0	0	0	
2024-06-13 14:10:28	1208	2627	9	0	0	4	17	0	0	0	17	0	0	5	17	0	0	0	17	0	0	0.866		99.9678	61.364	0.255425	0	2.55507	0.092715	16.054	2		0	12.0616	41.9363	0	0	0	
2024-06-13 14:10:56	1211	2628	1	0	0	4	17	0	0	0	17	0	0	3.75	17	0	0	0	17	0	0	0.216		99.9689	61.8548	0.90222	0	9.02501	0.412106	14.1765	1		0	12.0616	41.9363	0	0	0	
2024-06-13 14:05:32	1170	2629	5	0	0	0	1	0	0	0	1	0	0	1.25	1	0	0	0	1	0	0	1.082		99.9769	63.5726	0.177354	0	1.77395	0.299911	13.9326	1		0	12.0616	44.2753	0	0	0	
2024-06-13 14:07:45	1187	2630	9	0	0	2	9	0	0	0	9	0	0	5.5	9	0	0	0	9	0	0	3.031		99.9793	62.3543	0.117866	0	1.17891	0.334837	25.9256	2		0	12.0616	42.8459	0	0	0	
2024-06-13 14:08:18	1191	2631	9	0	0	2	9	0	0	0	9	0	0	4.25	9	0	0	0	9	0	0	1.948		99.978	62.454	0.10161	0	1.01632	0.0374062	14.3679	1		0	11.9552	42.7159	0	0	0	
2024-06-13 14:16:24	1253	2632	1	0	0	7	29	0	0	0	29	0	0	3.25	29	0	0	0	29	0	0	3.247		99.9672	61.6618	0.0615723	0	0.615925	0.0825393	14.5124	1		0	12.0616	41.1566	0	0	0	
2024-06-13 14:07:05	1182	2633	5	0	0	1	5	0	0	0	5	0	0	2.75	5	0	0	0	5	0	0	1.515		99.9831	62.4004	0.12135	0	1.21371	0.336146	13.3454	1		0	12.0439	43.2357	0	0	0	
2024-06-13 14:04:56	1166	2634	9	0	0	0	1	0	0	0	1	0	0	7	1	0	0	0	1	0	0	6.061		99.9817	64.6789	0.0404048	0	0.404122	0.399186	17.7742	1		0	12.0705	45.055	0	0	0	
2024-06-13 14:13:04	1228	2635	1	0	0	5	21	0	0	0	21	0	0	1.25	21	0	0	0	21	0	0	3.247		99.971	61.7543	0.0686766	0	0.686965	0.0363833	16.1862	1		0	12.0616	41.4165	0	0	0	
2024-06-13 14:08:11	1190	2636	1	0	0	2	9	0	0	0	9	0	0	1	9	0	0	0	9	0	0	0.866		99.9795	62.5693	0.225525	0	2.25572	0.389799	14.1731	1		0	12.0705	42.8459	0	0	0	
2024-06-13 14:09:33	1201	2637	9	0	0	3	13	0	0	0	13	0	0	7.5	13	0	0	0	13	0	0	3.897		99.9745	62.9433	0.0542394	0	0.542532	0.30844	15.3397	1		0	12.0616	42.1962	0	0	0	
2024-06-13 14:09:19	1199	2638	5	0	0	3	13	0	0	0	13	0	0	6.25	13	0	0	0	13	0	0	2.814		99.9727	63.0429	0.0733396	0	0.733596	0.166763	14.9803	1		0	12.0616	42.1962	0	0	0	
2024-06-13 14:15:36	1247	2639	9	0	0	7	29	0	0	0	29	0	0	7.25	29	0	0	0	29	0	0	0.216		99.9678	61.2859	0.743416	0	7.43656	0.341335	11.6813	2		0	11.9552	41.1566	0	0	0	
2024-06-13 14:06:04	1174	2640	9	0	0	1	5	0	0	0	5	0	0	6.75	5	0	0	0	5	0	0	4.979		99.9865	62.6543	0.0511349	0	0.511418	0.502076	18.4767	1		0	12.0616	43.8855	0	0	0	
2024-06-13 14:13:34	1232	2641	5	0	0	6	25	0	0	0	25	0	0	5.75	25	0	0	0	25	0	0	0.216		99.9672	61.2318	0.882695	0	8.82985	0.397296	13.8699	2		0	12.0616	41.4165	0	0	0	
2024-06-13 14:14:32	1239	2642	5	0	0	6	25	0	0	0	25	0	0	4.5	25	0	0	0	25	0	0	1.299		99.9706	61.584	0.160435	0	1.60482	0.176827	15.1251	1		0	12.0616	41.2865	0	0	0	
2024-06-13 14:18:05	1266	2643	1	0	0	7.75	32	0	0	0	32	0	0	0	32	0	0	0	32	0	0	6.711		99.9692	61.3794	0.0340476	0	0.340581	0.0289525	16.5845	1		0.0088623	11.9552	41.1566	0	0	0	
2024-06-13 14:13:26	1231	2644	1	0	0	5	21	0	0	0	21	0	0	3	21	0	0	0	21	0	0	1.732		99.9652	61.8533	0.109888	0	1.09926	0.217545	13.8137	1		0	12.0616	41.1566	0	0	0	
2024-06-13 14:05:46	1172	2645	1	0	0	1	5	0	0	0	5	0	0	0.75	5	0	0	0	5	0	0	0.216		99.9806	63.4285	0.826418	0	8.26579	0.877045	12.9839	1		0	12.0616	44.1454	0	0	0	
2024-06-13 14:22:15	1297	2646	1	0	0	5.75	24	0	0	0	24	0	0	2	24	0	0	0	24	0	0	3.247		99.9683	60.8322	0.0673315	0	0.673529	0.185984	15.8697	1		0	12.0616	41.1566	0	0	0	
2024-06-13 14:11:55	1219	2647	5	0	0	4	17	0	0	0	17	0	0	1	17	0	0	0	17	0	0	2.598		99.9677	61.6374	0.0741403	0	0.741643	0.330073	13.9796	1		0	12.0616	41.4165	0	0	0	
2024-06-13 14:17:13	1259	2648	1	0	0	7.75	32	0	0	0	32	0	0	3.5	32	0	0	0	32	0	0	3.68		99.9672	61.4384	0.0518853	0	0.519023	0.104065	13.8598	1		0	12.0616	41.1566	0	0	0	
2024-06-13 14:14:17	1237	2649	1	0	0	6	25	0	0	0	25	0	0	0.75	25	0	0	0	25	0	0	4.546		99.9722	61.6871	0.0532776	0	0.532924	0.212345	17.5794	1		0.0088623	12.0616	41.2865	0	0	0	
2024-06-13 14:10:38	1209	2650	1	0	0	4	17	0	0	0	17	0	0	3	17	0	0	0	17	0	0	0.866		99.9709	61.3694	0.24217	0	2.4224	0.114678	15.2204	2		0	12.0616	41.9363	0	0	0	
2024-06-13 14:05:15	1168	2651	1	0	0	0	1	0	0	0	1	0	0	0.5	1	0	0	0	1	0	0	0.433		99.9775	64.2499	0.479283	0	4.7939	0.345685	15.0605	1		0	12.0616	44.4052	0	0	0	
2024-06-13 14:24:33	1315	2652	1	0	0	3.5	15	0	0	4.25	15	0	0	2.75	15	0	0	5	15	0	0	0.389		99.9748	19.3499	0.342754	0	3.42841	0.0205765	16.156	1		0.0088623	12.0616	41.0267	0	0	0	
2024-06-13 14:08:39	1194	2653	1	0	0	2	9	0	0	0	9	0	0	3.5	9	0	0	0	9	0	0	1.299		99.9772	62.3593	0.150952	0	1.50986	0.384703	14.2301	1		0	12.0616	42.4561	0	0	0	
2024-06-13 14:16:32	1254	2654	5	0	0	7	29	0	0	0	29	0	0	2.5	29	0	0	0	29	0	0	3.897		99.968	61.6227	0.0558487	0	0.558666	0.364716	15.7959	1		0	12.0705	41.1566	0	0	0	
2024-06-13 14:15:22	1245	2655	1	0	0	7	29	0	0	0	29	0	0	2	29	0	0	0	29	0	0	4.33		99.9691	62.9016	0.0510406	0	0.510564	0.423388	16.0398	1		0	12.0616	41.1566	0	0	0	
2024-06-13 14:05:04	1167	2656	5	0	0	0	1	0	0	0	1	0	0	7.5	1	0	0	0	1	0	0	6.494		99.9782	64.1789	0.0380346	0	0.380429	0.172168	17.9273	2		0.0088623	12.0705	44.7951	0	0	0	
2024-06-13 14:04:49	1165	2657	5	0	0	0	1	0	0	0	1	0	0	6.25	1	0	0	0	1	0	0	5.412		99.9777	64.9436	0.0438067	0	0.438165	0.0637426	17.2067	1		0.0088623	12.0616	45.055	0	0	0	
2024-06-13 14:12:02	1220	2658	1	0	0	5	21	0	0	0	21	0	0	0.5	21	0	0	0	21	0	0	3.897		99.9698	62.0689	0.0607358	0	0.607542	0.111927	17.1778	1		0	12.0616	41.4165	0	0	0	
2024-06-13 14:22:59	1303	2659	1	0	0	1.25	6	0	0	0	6	0	0	0.5	6	0	0	0	6	0	0	0.649		99.969	60.7201	0.329975	0	3.30077	0.511062	15.5545	1		0	12.0616	40.8967	0	0	0	
2024-06-13 14:12:25	1223	2660	9	0	0	5	21	0	0	0	21	0	0	7	21	0	0	0	21	0	0	1.732		99.9679	61.6265	0.116356	0	1.16394	0.0616315	14.6265	2		0	12.0616	41.6764	0	0	0	
2024-06-13 14:07:30	1185	2661	1	0	0	2	9	0	0	0	9	0	0	0.25	9	0	0	0	9	0	0	1.515		99.979	62.6832	0.126701	0	1.26727	0.210345	13.9344	1		0.0088623	12.0616	43.2357	0	0	0	
2024-06-13 14:11:18	1214	2662	5	0	0	4	17	0	0	0	17	0	0	7	17	0	0	0	17	0	0	2.598		99.9678	61.8209	0.0776421	0	0.776671	0.0605082	14.6399	1		0	12.0616	41.6764	0	0	0	
2024-06-13 14:09:04	1197	2663	9	0	0	3	13	0	0	0	13	0	0	5.5	13	0	0	0	13	0	0	2.165		99.975	63.0323	0.0939587	0	0.939822	0.336973	14.7627	1		0.0088623	12.0616	42.4561	0	0	0	
2024-06-13 14:09:26	1200	2664	5	0	0	3	13	0	0	0	13	0	0	4.25	13	0	0	0	13	0	0	1.082		99.9754	62.939	0.187459	0	1.87505	0.430101	14.7266	1		0	12.0616	42.1962	0	0	0	
2024-06-13 14:15:48	1248	2665	9	0	0	7	29	0	0	0	29	0	0	7.75	29	0	0	0	29	0	0	0.649		99.9638	61.5861	0.345709	0	3.45834	0.51586	16.297	1		0	12.0616	41.1566	0	0	0	
2024-06-13 14:15:30	1246	2666	9	0	0	7	29	0	0	0	29	0	0	6.5	29	0	0	0	29	0	0	0.433		99.9648	61.855	0.514292	0	5.14473	0.568876	16.1627	1		0	12.0616	41.1566	0	0	0	
2024-06-13 14:05:46	1172	2667	9	0	0	1	5	0	0	0	5	0	0	6	5	0	0	0	5	0	0	4.33		99.9806	63.4285	0.0580849	0	0.580962	0.283867	18.2515	1		0	12.0616	44.1454	0	0	0	
2024-06-13 14:06:43	1179	2668	5	0	0	1	5	0	0	0	5	0	0	4.75	5	0	0	0	5	0	0	3.247		99.9849	62.4934	0.0698428	0	0.698533	0.10749	16.4588	1		0	12.0616	43.4956	0	0	0	
2024-06-13 14:20:45	1286	2669	9	0	0	4.75	20	0	0	0	20	0	0	5	20	0	0	0	20	0	0	0.216		99.9691	60.9105	0.843059	0	8.4332	0.667175	13.2468	1		0	12.0705	40.7668	0	0	0	
2024-06-13 14:14:09	1236	2670	9	0	0	6	25	0	0	0	25	0	0	5	25	0	0	0	25	0	0	0.866		99.9712	61.861	0.25451	0	2.54583	0.610888	15.9959	1		0	12.0616	41.4165	0	0	0	
2024-06-13 14:14:32	1239	2671	1	0	0	6	25	0	0	0	25	0	0	3.75	25	0	0	0	25	0	0	1.948		99.9706	61.584	0.101807	0	1.01837	0.284487	14.3969	1		0	12.0616	41.2865	0	0	0	
2024-06-13 14:06:36	1178	2672	1	0	0	1	5	0	0	0	5	0	0	0	5	0	0	0	5	0	0	0.866		99.9846	62.6043	0.232236	0	2.32271	0.395387	14.594	1		0	12.0705	43.7555	0	0	0	
2024-06-13 14:19:28	1277	2673	9	0	0	0.75	4	0	0	0	4	0	0	7	4	0	0	0	4	0	0	5.412		99.9683	61.0943	0.0440053	0	0.440192	0.738595	17.2863	1		0	12.0616	41.0267	0	0	0	
2024-06-13 14:11:47	1218	2674	5	0	0	4	17	0	0	0	17	0	0	0.25	17	0	0	0	17	0	0	3.247		99.9664	61.6779	0.06078	0	0.608004	0.180311	14.3258	1		0	11.9552	41.6764	0	0	0	
2024-06-13 14:17:58	1265	2675	5	0	0	7.75	32	0	0	0	32	0	0	2.75	32	0	0	0	32	0	0	4.33		99.9681	61.4279	0.0465007	0	0.465155	0.110518	14.6133	1		0	12.0616	41.1566	0	0	0	
2024-06-13 14:14:24	1238	2676	1	0	0	6	25	0	0	0	25	0	0	0	25	0	0	0	25	0	0	5.195		99.9695	61.724	0.0510887	0	0.511043	0.230421	19.2659	1		0	12.0616	41.2865	0	0	0	
2024-06-13 14:07:20	1184	2677	1	0	0	2	9	0	0	0	9	0	0	2.75	9	0	0	0	9	0	0	0.649		99.977	62.5198	0.333012	0	3.33088	0.227254	15.6964	2		0	12.0616	43.2357	0	0	0	
2024-06-13 14:15:30	1246	2678	1	0	0	7	29	0	0	0	29	0	0	1.25	29	0	0	0	29	0	0	4.979		99.9648	61.855	0.0489397	0	0.489569	0.25651	17.6873	1		0	12.0616	41.1566	0	0	0	
2024-06-13 14:04:42	1164	2679	5	0	0	0	1	0	0	0	1	0	0	5.5	1	0	0	0	1	0	0	4.762		99.9791	65.3459	0.0682379	0	0.682521	0.139984	23.5862	1		0	12.0705	45.3149	0	0	0	
2024-06-13 14:04:42	1164	2680	9	0	0	0	1	0	0	0	1	0	0	4.25	1	0	0	0	1	0	0	3.68		99.9791	65.3459	0.0569939	0	0.570058	0.425796	15.2226	1		0	12.0705	45.3149	0	0	0	
