Time	MeasID	DPID	Channel	A(x)	A(y)	A(z)	A(adr)	B(x)	B(y)	B(z)	B(adr)	M(x)	M(y)	M(z)	M(adr)	N(x)	N(y)	N(z)	N(adr)	F(x)	F(y)	F(z)	Note	I(mA)	Uout(V)	U(V)	SP(V)	R(Ohm)	Var(%)	Rho-a(Ohm-m)	Cycles	IP Delay Window(mV/V)	Pint(V)	Pext(V)	T int(deg C)	T log(deg C)	Latitude	Longitude
2024-06-13 02:17:30	268	336	1	0	0	7.75	32	0	0	0	32	0	0	2	32	0	0	0	32	0	0	4.979		99.947	57.5435	0.0414195	0	0.414415	0.0626911	14.9721	1		0	12.0616	39.0775	0	0	0	
2024-06-13 02:12:16	228	337	5	0	0	5	21	0	0	0	21	0	0	7.5	21	0	0	0	21	0	0	2.165		99.95	58.1464	0.091524	0	0.915698	0.0468896	14.3837	1		0	12.0616	39.3374	0	0	0	
2024-06-13 02:12:38	231	338	9	0	0	5	21	0	0	0	21	0	0	6.25	21	0	0	0	21	0	0	1.082		99.9449	57.9975	0.196896	0	1.97005	0.567703	15.4727	1		0	12.0616	39.2074	0	0	0	
2024-06-13 02:10:05	211	339	5	0	0	3	13	0	0	0	13	0	0	1.75	13	0	0	0	13	0	0	1.082		99.9569	58.722	0.179282	0	1.79359	0.584975	14.0868	1		0	11.9552	39.9871	0	0	0	
2024-06-13 02:17:30	268	340	9	0	0	7.75	32	0	0	0	32	0	0	6.75	32	0	0	0	32	0	0	0.866		99.947	57.5435	0.244194	0	2.44323	0.506573	15.3513	1		0	12.0616	39.0775	0	0	0	
2024-06-13 02:23:41	313	341	1	0	0	3.25	14	0	0	0	14	0	0	2.5	14	0	0	0	14	0	0	0.649		99.9532	57.0415	0.305331	0	3.05474	0.278082	14.3951	2		0	12.0616	39.0775	0	0	0	
2024-06-13 02:10:56	218	342	5	0	0	4	17	0	0	0	17	0	0	7.5	17	0	0	0	17	0	0	3.031		99.9534	57.7267	0.0680132	0	0.680449	0.215321	14.9639	1		0	12.0616	39.8571	0	0	0	
2024-06-13 02:10:27	214	343	5	0	0	4	17	0	0	0	17	0	0	6.25	17	0	0	0	17	0	0	1.948		99.9519	57.892	0.101634	0	1.01683	0.634941	14.3751	1		0	12.0616	39.9871	0	0	0	
2024-06-13 02:09:37	207	344	1	0	0	3	13	0	0	0	13	0	0	3.5	13	0	0	0	13	0	0	0.433		99.9567	58.8957	0.49206	0	4.92273	0.891581	15.4652	1		0	12.0616	40.117	0	0	0	
2024-06-13 02:08:00	195	345	5	0	0	2	9	0	0	0	9	0	0	6.75	9	0	0	0	9	0	0	4.113		99.9577	58.6951	0.0541691	0	0.541921	0.0181031	16.1737	1		0	12.0616	40.8967	0	0	0	
2024-06-13 02:16:00	256	346	9	0	0	7	29	0	0	0	29	0	0	5.75	29	0	0	0	29	0	0	1.082		99.9466	57.4853	0.194951	0	1.95055	0.390038	15.3196	1		0	12.0616	39.0775	0	0	0	
2024-06-13 02:15:28	252	347	9	0	0	7	29	0	0	0	29	0	0	4.5	29	0	0	0	29	0	0	2.165		99.9504	57.5471	0.0901541	0	0.901988	0.159233	14.1684	1		0	12.0616	39.0775	0	0	0	
2024-06-13 02:06:22	183	348	5	0	0	1	5	0	0	0	5	0	0	5.25	5	0	0	0	5	0	0	3.68		99.9591	58.4712	0.0616841	0	0.617093	0.399095	16.4786	1		0	12.0616	41.8063	0	0	0	
2024-06-13 02:05:41	178	349	5	0	0	1	5	0	0	0	5	0	0	4	5	0	0	0	5	0	0	2.598		99.9601	58.8714	0.0734623	0	0.734916	0.0942929	13.8528	2		0	12.0616	42.0662	0	0	0	
2024-06-13 02:22:09	301	350	1	0	0	4.75	20	0	0	0	20	0	0	3	20	0	0	0	20	0	0	1.515		99.9527	56.8736	0.126372	0	1.26431	0.568852	13.9019	1		0	12.0616	38.9475	0	0	0	
2024-06-13 02:13:48	239	351	1	0	0	6	25	0	0	0	25	0	0	3	25	0	0	0	25	0	0	2.598		99.9466	58.697	0.0778403	0	0.778818	0.129994	14.6804	1		0	12.0616	39.3374	0	0	0	
2024-06-13 02:08:47	201	352	1	0	0	2	9	0	0	0	9	0	0	2.25	9	0	0	0	9	0	0	0.216		99.9582	58.4468	0.832486	0	8.32834	0.68121	13.0821	1		0	12.0705	40.5069	0	0	0	
2024-06-13 02:16:29	260	353	1	0	0	7	29	0	0	0	29	0	0	0.5	29	0	0	0	29	0	0	5.628		99.9483	57.6561	0.0452975	0	0.453209	0.4779	18.5094	1		0	12.0616	39.0775	0	0	0	
2024-06-13 02:05:15	175	354	1	0	0	0	1	0	0	0	1	0	0	3.5	1	0	0	0	1	0	0	3.031		99.9597	59.4878	0.0744483	0	0.744783	0.169295	16.3786	2		0	12.0705	42.4561	0	0	0	
2024-06-13 02:23:33	312	355	1	0	0	1.75	8	0	0	0	8	0	0	0	8	0	0	0	8	0	0	1.515		99.9506	57.1875	0.124122	0	1.24183	0.452933	13.6546	1		0.0088623	12.0616	39.0775	0	0	0	
2024-06-13 02:14:02	241	356	9	0	0	6	25	0	0	0	25	0	0	7	25	0	0	0	25	0	0	0.866		99.9509	57.4737	0.259553	0	2.5968	0.0462625	16.3162	2		0	12.0616	39.2074	0	0	0	
2024-06-13 02:22:50	306	357	1	0	0	6.5	27	0	0	0	27	0	0	1.25	27	0	0	0	27	0	0	4.546		99.9543	56.7825	0.0601111	0	0.601386	0.775581	19.8378	1		0	12.0616	38.9475	0	0	0	
2024-06-13 02:16:58	264	358	1	0	0	7.75	32	0	0	0	32	0	0	1.25	32	0	0	0	32	0	0	5.628		99.9493	57.6506	0.039176	0	0.391959	0.52512	16.0079	1		0.0088623	12.0616	38.6876	0	0	0	
2024-06-13 02:12:23	229	359	9	0	0	5	21	0	0	0	21	0	0	5.5	21	0	0	0	21	0	0	0.433		99.9503	58.1903	0.517789	0	5.18047	0.782883	16.2749	1		0	12.0616	39.4673	0	0	0	
2024-06-13 02:12:31	230	360	9	0	0	5	21	0	0	0	21	0	0	4.25	21	0	0	0	21	0	0	0.649		99.9523	58.3026	0.340292	0	3.40455	0.669944	16.0435	1		0	12.0616	39.4673	0	0	0	
2024-06-13 02:09:12	204	361	1	0	0	3	13	0	0	0	13	0	0	1	13	0	0	0	13	0	0	1.732		99.9611	59.0329	0.105885	0	1.05927	0.562722	13.3111	1		0	12.0616	40.3769	0	0	0	
2024-06-13 02:05:41	178	362	1	0	0	1	5	0	0	0	5	0	0	2	5	0	0	0	5	0	0	0.866		99.9601	58.8714	0.225809	0	2.25899	0.178746	14.1937	2		0	12.0616	42.0662	0	0	0	
2024-06-13 02:19:13	281	363	9	0	0	1.75	8	0	0	0	8	0	0	6	8	0	0	0	8	0	0	3.68		99.9465	57.3828	0.0618876	0	0.619208	0.0508717	16.535	1		0	12.0616	38.9475	0	0	0	
2024-06-13 02:11:33	223	364	1	0	0	4	17	0	0	0	17	0	0	2.25	17	0	0	0	17	0	0	1.515		99.9513	57.7102	0.122716	0	1.22776	0.27222	13.4999	1		0	12.0616	39.7272	0	0	0	
2024-06-13 02:17:23	267	365	5	0	0	7.75	32	0	0	0	32	0	0	6	32	0	0	0	32	0	0	1.515		99.947	57.5305	0.128361	0	1.28429	0.542495	14.1215	1		0	12.0616	39.0775	0	0	0	
2024-06-13 02:16:51	263	366	9	0	0	7.75	32	0	0	0	32	0	0	4.75	32	0	0	0	32	0	0	2.598		99.9469	57.6073	0.071971	0	0.720093	0.599808	13.5734	1		0	12.0616	38.8176	0	0	0	
2024-06-13 02:14:20	243	367	1	0	0	6	25	0	0	0	25	0	0	2	25	0	0	0	25	0	0	3.464		99.9505	57.6115	0.0654751	0	0.655076	0.199631	16.4638	1		0.0088623	12.0616	39.0775	0	0	0	
2024-06-13 02:11:19	221	368	5	0	0	4	17	0	0	0	17	0	0	5.5	17	0	0	0	17	0	0	1.299		99.9564	57.7999	0.159703	0	1.59772	0.165034	15.0582	1		0	12.0616	39.5972	0	0	0	
2024-06-13 02:10:34	215	369	5	0	0	4	17	0	0	0	17	0	0	4.25	17	0	0	0	17	0	0	0.216		99.9573	57.8494	0.936182	0	9.36581	0.788288	14.7118	1		0	12.0616	39.8571	0	0	0	
2024-06-13 02:04:22	168	370	1	0	0	0	1	0	0	0	1	0	0	1.75	1	0	0	0	1	0	0	1.515		99.961	61.9713	0.122587	0	1.22635	0.467289	13.4844	1		0.0088623	12.0705	43.3657	0	0	0	
2024-06-13 02:24:44	321	371	1	0	0	3.75	16	0	0	4	16	0	0	3.5	16	0	0	4.25	16	0	0	0.13		99.9557	18.5494	0.677765	0	6.78065	0.206942	10.651	1		0	12.0616	39.0775	0	0	0	
2024-06-13 02:09:51	209	372	1	0	0	3	13	0	0	0	13	0	0	2.75	13	0	0	0	13	0	0	0.216		99.9539	58.7903	0.821053	0	8.21432	0.892037	12.903	1		0	12.0616	39.8571	0	0	0	
2024-06-13 02:08:18	197	373	9	0	0	2	9	0	0	0	9	0	0	6	9	0	0	0	9	0	0	3.464		99.9584	58.2136	0.0660239	0	0.660514	0.0799053	16.6005	1		0	12.0616	40.7668	0	0	0	
2024-06-13 02:07:39	192	374	5	0	0	2	9	0	0	0	9	0	0	4.75	9	0	0	0	9	0	0	2.381		99.9545	58.5517	0.0835672	0	0.836052	0.147685	14.4459	1		0	12.0616	40.7668	0	0	0	
2024-06-13 02:15:46	254	375	9	0	0	7	29	0	0	0	29	0	0	5	29	0	0	0	29	0	0	1.732		99.9434	57.3335	0.112925	0	1.12989	0.249421	14.1987	1		0.0088623	11.9552	39.0775	0	0	0	
2024-06-13 02:15:11	250	376	1	0	0	7	29	0	0	0	29	0	0	3.75	29	0	0	0	29	0	0	2.814		99.9478	57.2867	0.0704675	0	0.705043	0.152484	14.3972	2		0	12.0616	39.0775	0	0	0	
2024-06-13 02:06:15	182	377	1	0	0	1	5	0	0	0	5	0	0	3.25	5	0	0	0	5	0	0	1.948		99.9586	58.615	0.0937772	0	0.938161	0.390326	13.2629	1		0	12.0616	41.9363	0	0	0	
2024-06-13 02:18:49	278	378	9	0	0	2.75	12	0	0	0	12	0	0	5	12	0	0	0	12	0	0	1.948		99.947	57.7036	0.0964528	0	0.965039	0.424364	13.6429	1		0	12.0616	38.8176	0	0	0	
2024-06-13 02:13:25	237	379	1	0	0	5	21	0	0	0	21	0	0	1.75	21	0	0	0	21	0	0	2.814		99.9534	57.9725	0.0738199	0	0.738543	0.263161	15.0813	1		0	12.0616	39.3374	0	0	0	
2024-06-13 02:08:40	200	380	1	0	0	2	9	0	0	0	9	0	0	1.5	9	0	0	0	9	0	0	0.433		99.956	58.212	0.485959	0	4.86173	0.639848	15.2736	1		0	12.0616	40.5069	0	0	0	
2024-06-13 02:04:29	169	381	1	0	0	0	1	0	0	0	1	0	0	2.75	1	0	0	0	1	0	0	2.381		99.964	61.0409	0.10152	0	1.01557	0.240394	17.5478	2		0	12.0616	43.4956	0	0	0	
2024-06-13 02:18:42	277	382	9	0	0	3.25	14	0	0	0	14	0	0	4.5	14	0	0	0	14	0	0	1.082		99.9502	57.6935	0.183967	0	1.84058	0.856173	14.4559	1		0.0088623	12.0616	38.9475	0	0	0	
2024-06-13 02:09:05	203	383	9	0	0	3	13	0	0	0	13	0	0	6.75	13	0	0	0	13	0	0	3.247		99.9572	58.9283	0.065584	0	0.656121	0.46433	15.4595	1		0	12.0616	40.3769	0	0	0	
2024-06-13 02:06:29	184	384	9	0	0	1	5	0	0	0	5	0	0	7.25	5	0	0	0	5	0	0	5.412		99.9566	58.183	0.0700771	0	0.701074	0.344188	27.5311	2		0	12.0705	41.6764	0	0	0	
2024-06-13 02:13:48	239	385	9	0	0	6	25	0	0	0	25	0	0	7.5	25	0	0	0	25	0	0	1.299		99.9466	58.697	0.156456	0	1.56539	0.355322	14.7535	1		0	12.0616	39.3374	0	0	0	
2024-06-13 02:14:34	245	386	5	0	0	6	25	0	0	0	25	0	0	6.25	25	0	0	0	25	0	0	0.216		99.9504	57.539	0.916377	0	9.16832	0.680867	14.4016	1		0	11.9552	39.0775	0	0	0	
2024-06-13 02:17:16	266	387	1	0	0	7.75	32	0	0	0	32	0	0	0.5	32	0	0	0	32	0	0	6.278		99.9437	57.4786	0.0362071	0	0.362276	0.434383	16.5028	1		0	12.0616	39.0775	0	0	0	
2024-06-13 02:12:23	229	388	1	0	0	5	21	0	0	0	21	0	0	3.5	21	0	0	0	21	0	0	1.299		99.9503	58.1903	0.148895	0	1.48969	0.478243	14.04	1		0	12.0616	39.4673	0	0	0	
2024-06-13 02:09:30	206	389	1	0	0	3	13	0	0	0	13	0	0	0.25	13	0	0	0	13	0	0	2.381		99.9564	58.774	0.0778353	0	0.778693	0.185993	13.4548	1		0	12.0616	40.117	0	0	0	
2024-06-13 02:06:29	184	390	1	0	0	1	5	0	0	0	5	0	0	1.25	5	0	0	0	5	0	0	0.216		99.9566	58.183	0.83731	0	8.37674	0.0895584	13.1581	2		0	12.0705	41.6764	0	0	0	
2024-06-13 02:11:11	220	391	1	0	0	4	17	0	0	0	17	0	0	1.5	17	0	0	0	17	0	0	2.165		99.9536	57.7314	0.0856802	0	0.8572	0.184194	13.4649	1		0	12.0616	39.7272	0	0	0	
2024-06-13 02:19:21	282	392	9	0	0	1.5	7	0	0	0	7	0	0	6.25	7	0	0	0	7	0	0	4.113		99.9469	56.0595	0.0552742	0	0.553036	1.2928	16.5054	4		0	12.0616	38.9475	0	0	0	
2024-06-13 02:17:06	265	393	1	0	0	7.75	32	0	0	0	32	0	0	5.25	32	0	0	0	32	0	0	2.165		99.9441	57.3241	0.0856101	0	0.85658	0.0891921	13.4551	2		0	12.0616	39.0775	0	0	0	
2024-06-13 02:16:58	264	394	5	0	0	7.75	32	0	0	0	32	0	0	4	32	0	0	0	32	0	0	3.247		99.9493	57.6506	0.0578557	0	0.57885	0.579987	13.6388	1		0.0088623	12.0616	38.6876	0	0	0	
2024-06-13 02:14:49	247	395	1	0	0	6	25	0	0	0	25	0	0	1.25	25	0	0	0	25	0	0	4.113		99.9516	57.6879	0.0612181	0	0.612478	0.219885	18.2795	1		0	12.0616	39.0775	0	0	0	
2024-06-13 02:11:04	219	396	1	0	0	4	17	0	0	0	17	0	0	3.5	17	0	0	0	17	0	0	0.433		99.9542	57.8213	0.529328	0	5.29571	0.69457	16.637	1		0	12.0616	39.7272	0	0	0	
2024-06-13 02:04:39	170	397	1	0	0	0	1	0	0	0	1	0	0	1	1	0	0	0	1	0	0	0.866		99.9621	60.6411	0.233028	0	2.33116	0.728455	14.6471	1		0	12.0616	43.2357	0	0	0	
2024-06-13 02:07:53	194	398	9	0	0	2	9	0	0	0	9	0	0	5.25	9	0	0	0	9	0	0	2.814		99.961	58.6117	0.07744	0	0.774702	0.501844	15.8197	1		0	12.0616	40.8967	0	0	0	
2024-06-13 02:07:14	190	399	9	0	0	2	9	0	0	0	9	0	0	4	9	0	0	0	9	0	0	1.732		99.9591	58.1191	0.109017	0	1.09061	0.118413	13.7051	4		0	12.0616	41.2865	0	0	0	
2024-06-13 02:23:51	314	400	1	0	0	3.5	15	0	0	0	15	0	0	2.25	15	0	0	0	15	0	0	1.082		99.9509	56.4692	0.179121	0	1.79209	0.894198	14.075	1		0	12.0616	39.0775	0	0	0	
2024-06-13 02:16:37	261	401	1	0	0	7	29	0	0	0	29	0	0	3	29	0	0	0	29	0	0	3.464		99.9454	57.5006	0.0589815	0	0.590137	0.117268	14.8318	1		0.0088623	12.0616	38.8176	0	0	0	
2024-06-13 02:05:51	179	402	1	0	0	1	5	0	0	0	5	0	0	2.5	5	0	0	0	5	0	0	1.299		99.9636	58.4867	0.146061	0	1.46114	0.143794	13.7709	2		0	12.0616	42.1962	0	0	0	
2024-06-13 02:04:29	169	403	5	0	0	0	1	0	0	0	1	0	0	6.75	1	0	0	0	1	0	0	5.845		99.964	61.0409	0.0416189	0	0.416338	0.0331634	17.6575	2		0	12.0616	43.4956	0	0	0	
2024-06-13 02:20:35	290	404	1	0	0	2.75	12	0	0	0	12	0	0	3	12	0	0	0	12	0	0	0.216		99.9496	57.1707	0.821648	0	8.22062	0.134617	12.9129	2		0	12.0616	38.9475	0	0	0	
2024-06-13 02:13:17	236	405	5	0	0	5	21	0	0	0	21	0	0	1	21	0	0	0	21	0	0	3.464		99.9519	58.0175	0.0638751	0	0.639059	0.017613	16.0613	1		0	12.0616	39.3374	0	0	0	
2024-06-13 02:26:14	330	406	1	0	0	0.5	3	0	0	7.25	3	0	0	2.75	3	0	0	5	3	0	0	1.168		99.9556	20.6736	0.0757701	0	0.758037	0.230642	10.7165	2		0	12.0616	39.0775	0	0	0	
2024-06-13 02:21:27	296	407	9	0	0	6.75	28	0	0	0	28	0	0	7	28	0	0	0	28	0	0	0.216		99.9496	56.6194	0.867945	0	8.68383	0.201856	13.6405	2		0.0088623	12.0616	38.9475	0	0	0	
2024-06-13 02:08:25	198	408	1	0	0	2	9	0	0	0	9	0	0	0.75	9	0	0	0	9	0	0	1.082		99.9569	58.2795	0.175733	0	1.75809	0.545208	13.808	1		0	12.0616	40.5069	0	0	0	
2024-06-13 02:09:51	209	409	5	0	0	3	13	0	0	0	13	0	0	6	13	0	0	0	13	0	0	2.598		99.9539	58.7903	0.0795813	0	0.79618	0.0549706	15.0076	1		0	12.0616	39.8571	0	0	0	
2024-06-13 02:09:30	206	410	5	0	0	3	13	0	0	0	13	0	0	4.75	13	0	0	0	13	0	0	1.515		99.9564	58.774	0.127198	0	1.27254	0.45011	13.9923	1		0	12.0616	40.117	0	0	0	
2024-06-13 02:06:15	182	411	9	0	0	1	5	0	0	0	5	0	0	7.75	5	0	0	0	5	0	0	5.845		99.9586	58.615	0.0401429	0	0.401595	0.231088	17.0322	1		0	12.0616	41.9363	0	0	0	
2024-06-13 02:06:15	182	412	5	0	0	1	5	0	0	0	5	0	0	6.5	5	0	0	0	5	0	0	4.762		99.9586	58.615	0.0528569	0	0.528788	0.706107	18.2736	1		0	12.0616	41.9363	0	0	0	
2024-06-13 02:14:13	242	413	5	0	0	6	25	0	0	0	25	0	0	5.5	25	0	0	0	25	0	0	0.433		99.9531	57.6476	0.53486	0	5.35111	0.77354	16.811	1		0	12.0616	39.0775	0	0	0	
2024-06-13 02:14:13	242	414	9	0	0	6	25	0	0	0	25	0	0	4.25	25	0	0	0	25	0	0	1.515		99.9531	57.6476	0.134563	0	1.34626	0.0180323	14.8029	1		0	12.0616	39.0775	0	0	0	
2024-06-13 02:11:54	226	415	1	0	0	5	21	0	0	0	21	0	0	2.75	21	0	0	0	21	0	0	1.948		99.9493	57.5311	0.0958532	0	0.959019	0.339101	13.5578	4		0	12.0616	39.3374	0	0	0	
2024-06-13 02:06:22	183	416	1	0	0	1	5	0	0	0	5	0	0	0.5	5	0	0	0	5	0	0	0.433		99.9591	58.4712	0.508394	0	5.08602	0.876531	15.9782	1		0	12.0616	41.8063	0	0	0	
2024-06-13 02:11:26	222	417	1	0	0	4	17	0	0	0	17	0	0	0.75	17	0	0	0	17	0	0	2.814		99.9566	57.7337	0.0695409	0	0.695711	0.431561	14.2067	1		0.0088623	12.0616	39.7272	0	0	0	
2024-06-13 02:17:55	271	418	5	0	0	7.75	32	0	0	0	32	0	0	3.25	32	0	0	0	32	0	0	3.897		99.9487	57.5142	0.048888	0	0.489131	0.71875	13.8299	1		0	12.0616	39.0775	0	0	0	
2024-06-13 02:25:23	325	419	1	0	0	2.75	12	0	0	5	12	0	0	0.5	12	0	0	7.25	12	0	0	1.168		99.9578	20.8499	0.0855228	0	0.855589	0.639138	12.0956	2		0	12.0616	38.9475	0	0	0	
2024-06-13 02:19:36	283	420	9	0	0	1.25	6	0	0	0	6	0	0	6.5	6	0	0	0	6	0	0	4.546		99.9487	58.11	0.0538713	0	0.53899	0.986973	17.7795	1		0	12.0616	38.6876	0	0	0	
2024-06-13 02:13:32	238	421	1	0	0	6	25	0	0	0	25	0	0	0.5	25	0	0	0	25	0	0	4.762		99.9466	57.2036	0.0576989	0	0.577297	0.163427	19.95	4		0	12.0616	39.3374	0	0	0	
2024-06-13 02:11:19	221	422	1	0	0	4	17	0	0	0	17	0	0	2.75	17	0	0	0	17	0	0	1.082		99.9564	57.7999	0.182082	0	1.82161	0.503202	14.3069	1		0	12.0616	39.5972	0	0	0	
2024-06-13 02:04:54	172	423	1	0	0	0	1	0	0	0	1	0	0	0.25	1	0	0	0	1	0	0	0.216		99.9638	60.4993	0.836625	0	8.36929	0.862578	13.1464	1		0	12.0616	42.7159	0	0	0	
2024-06-13 02:08:00	195	424	1	0	0	2	9	0	0	0	9	0	0	3.25	9	0	0	0	9	0	0	1.082		99.9577	58.6951	0.180457	0	1.80533	0.597206	14.1791	1		0	12.0616	40.8967	0	0	0	
2024-06-13 02:16:00	256	425	1	0	0	7	29	0	0	0	29	0	0	1.75	29	0	0	0	29	0	0	4.546		99.9466	57.4853	0.0512546	0	0.51282	0.443693	16.9163	1		0	12.0616	39.0775	0	0	0	
2024-06-13 02:04:22	168	426	5	0	0	0	1	0	0	0	1	0	0	6	1	0	0	0	1	0	0	5.195		99.961	61.9713	0.0514033	0	0.514234	0.456662	19.3861	1		0.0088623	12.0705	43.3657	0	0	0	
2024-06-13 02:04:22	168	427	9	0	0	0	1	0	0	0	1	0	0	4.75	1	0	0	0	1	0	0	4.113		99.961	61.9713	0.0530997	0	0.531204	0.0651351	15.8539	1		0.0088623	12.0705	43.3657	0	0	0	
2024-06-13 02:23:04	308	428	1	0	0	7.25	30	0	0	0	30	0	0	0.5	30	0	0	0	30	0	0	5.845		99.9541	57.2332	0.0546878	0	0.547129	0.215451	23.2046	1		0	12.0616	38.9475	0	0	0	
2024-06-13 02:13:03	234	429	5	0	0	5	21	0	0	0	21	0	0	0.25	21	0	0	0	21	0	0	4.113		99.9498	58.4577	0.0524086	0	0.524349	0.130141	15.6493	1		0	12.0616	39.3374	0	0	0	
2024-06-13 02:11:54	226	430	9	0	0	5	21	0	0	0	21	0	0	6.75	21	0	0	0	21	0	0	1.515		99.9493	57.5311	0.137951	0	1.38021	0.233411	15.1762	4		0	12.0616	39.3374	0	0	0	
2024-06-13 02:09:58	210	431	5	0	0	3	13	0	0	0	13	0	0	2.25	13	0	0	0	13	0	0	0.649		99.9577	59.0353	0.3283	0	3.28438	0.774499	15.4773	1		0	12.0616	40.117	0	0	0	
2024-06-13 02:07:53	194	432	1	0	0	2	9	0	0	0	9	0	0	0	9	0	0	0	9	0	0	1.732		99.961	58.6117	0.133482	0	1.33534	0.84441	16.7804	1		0	12.0616	40.8967	0	0	0	
2024-06-13 02:21:37	297	433	9	0	0	6.5	27	0	0	0	27	0	0	7.25	27	0	0	0	27	0	0	0.649		99.9464	56.669	0.364915	0	3.6511	0.203132	17.2054	2		0	12.0616	38.9475	0	0	0	
2024-06-13 02:17:38	269	434	5	0	0	7.75	32	0	0	0	32	0	0	7.25	32	0	0	0	32	0	0	0.433		99.9507	57.3753	0.479583	0	4.79819	0.24774	15.074	2		0	12.0616	38.8176	0	0	0	
2024-06-13 02:23:12	309	435	1	0	0	7.5	31	0	0	0	31	0	0	0.25	31	0	0	0	31	0	0	6.278		99.9535	57.5844	0.0426994	0	0.427193	0.767003	19.4599	1		0	12.0616	39.0775	0	0	0	
2024-06-13 02:20:10	287	436	1	0	0	0.75	4	0	0	0	4	0	0	1	4	0	0	0	4	0	0	0.216		99.9504	57.1923	0.849094	0	8.49515	0.938339	13.3442	1		0	12.0616	38.6876	0	0	0	
2024-06-13 02:22:26	303	437	1	0	0	5.5	23	0	0	0	23	0	0	2.25	23	0	0	0	23	0	0	2.814		99.9506	56.4183	0.109975	0	1.1003	0.286503	22.4684	2		0	12.0616	38.6876	0	0	0	
2024-06-13 02:10:41	216	438	5	0	0	4	17	0	0	0	17	0	0	6.75	17	0	0	0	17	0	0	2.381		99.9549	57.9519	0.0847758	0	0.84814	0.159251	14.6548	1		0	12.0616	39.8571	0	0	0	
2024-06-13 02:09:44	208	439	5	0	0	3	13	0	0	0	13	0	0	5.25	13	0	0	0	13	0	0	1.948		99.9568	58.8236	0.0990676	0	0.991104	0.265392	14.0114	1		0	12.0616	40.117	0	0	0	
2024-06-13 02:08:54	202	440	9	0	0	3	13	0	0	0	13	0	0	4	13	0	0	0	13	0	0	0.866		99.9572	58.88	0.24081	0	2.40914	0.0612026	15.1371	2		0	12.0616	40.5069	0	0	0	
2024-06-13 02:07:29	191	441	9	0	0	2	9	0	0	0	9	0	0	7.25	9	0	0	0	9	0	0	4.546		99.9603	59.049	0.060482	0	0.605061	0.0398142	19.959	2		0	12.0616	40.8967	0	0	0	
2024-06-13 02:15:21	251	442	5	0	0	7	29	0	0	0	29	0	0	7.5	29	0	0	0	29	0	0	0.433		99.9529	57.588	0.480557	0	4.80784	0.899345	15.1043	1		0	12.0616	39.0775	0	0	0	
2024-06-13 02:15:53	255	443	9	0	0	7	29	0	0	0	29	0	0	6.25	29	0	0	0	29	0	0	0.649		99.9442	57.3115	0.349825	0	3.5002	0.589412	16.4943	1		0	12.0616	39.0775	0	0	0	
2024-06-13 02:05:41	178	444	9	0	0	1	5	0	0	0	5	0	0	5.75	5	0	0	0	5	0	0	4.113		99.9601	58.8714	0.0534209	0	0.534422	0.0794067	15.9499	2		0	12.0616	42.0662	0	0	0	
2024-06-13 02:05:51	179	445	5	0	0	1	5	0	0	0	5	0	0	4.5	5	0	0	0	5	0	0	3.031		99.9636	58.4867	0.0713225	0	0.713485	0.188569	15.6903	2		0	12.0616	42.1962	0	0	0	
2024-06-13 02:14:49	247	446	5	0	0	6	25	0	0	0	25	0	0	3.5	25	0	0	0	25	0	0	2.165		99.9516	57.6879	0.0885702	0	0.88613	0.0671531	13.9193	1		0	12.0616	39.0775	0	0	0	
2024-06-13 02:10:27	214	447	1	0	0	4	17	0	0	0	17	0	0	0	17	0	0	0	17	0	0	3.464		99.9519	57.892	0.0616683	0	0.61698	0.00114858	15.5064	1		0	12.0616	39.9871	0	0	0	
2024-06-13 02:18:02	272	448	5	0	0	7.75	32	0	0	0	32	0	0	2.5	32	0	0	0	32	0	0	4.546		99.9499	57.4774	0.0451407	0	0.451633	0.0100482	14.8979	1		0	12.0616	39.0775	0	0	0	
2024-06-13 02:08:33	199	449	5	0	0	2	9	0	0	0	9	0	0	2.5	9	0	0	0	9	0	0	0.433		99.949	58.4734	0.482177	0	4.82424	0.65662	15.1558	1		0	12.0616	40.6368	0	0	0	
2024-06-13 02:16:15	258	450	1	0	0	7	29	0	0	0	29	0	0	1	29	0	0	0	29	0	0	5.195		99.9408	57.4759	0.0473711	0	0.473991	0.229565	17.869	1		0	12.0616	38.9475	0	0	0	
2024-06-13 02:04:46	171	451	9	0	0	0	1	0	0	0	1	0	0	5.25	1	0	0	0	1	0	0	4.546		99.9666	60.6984	0.0517372	0	0.517545	0.447757	17.0721	1		0	12.0616	42.8459	0	0	0	
2024-06-13 02:05:01	173	452	9	0	0	0	1	0	0	0	1	0	0	4	1	0	0	0	1	0	0	3.464		99.9634	60.2101	0.06114	0	0.611624	0.380721	15.3718	1		0.0088623	12.0616	42.8459	0	0	0	
2024-06-13 02:16:44	262	453	1	0	0	7.75	32	0	0	0	32	0	0	1.75	32	0	0	0	32	0	0	5.195		99.9431	57.664	0.0407468	0	0.4077	0.384769	15.3699	1		0	12.0616	39.0775	0	0	0	
2024-06-13 02:12:38	231	454	5	0	0	5	21	0	0	0	21	0	0	6	21	0	0	0	21	0	0	0.866		99.9449	57.9975	0.254041	0	2.54181	0.636511	15.9707	1		0	12.0616	39.2074	0	0	0	
2024-06-13 02:12:09	227	455	5	0	0	5	21	0	0	0	21	0	0	4.75	21	0	0	0	21	0	0	0.216		99.9525	59.1139	0.8456	0	8.46001	0.953664	13.289	1		0	12.0705	39.3374	0	0	0	
2024-06-13 02:10:13	212	456	1	0	0	3	13	0	0	0	13	0	0	1.5	13	0	0	0	13	0	0	1.299		99.956	58.8036	0.142808	0	1.42871	0.463814	13.4653	1		0	12.0616	39.9871	0	0	0	
2024-06-13 02:17:30	268	457	5	0	0	7.75	32	0	0	0	32	0	0	6.5	32	0	0	0	32	0	0	1.082		99.947	57.5435	0.188216	0	1.88315	0.475415	14.7903	1		0	12.0616	39.0775	0	0	0	
2024-06-13 02:19:06	280	458	9	0	0	2.25	10	0	0	0	10	0	0	5.5	10	0	0	0	10	0	0	2.814		99.9479	58.0935	0.0841532	0	0.841971	0.400211	17.1933	1		0	12.0616	38.9475	0	0	0	
2024-06-13 02:25:08	324	459	1	0	0	3	13	0	0	4.75	13	0	0	1.25	13	0	0	6.5	13	0	0	0.908		99.9572	20.9689	0.0680809	0	0.6811	1.56161	7.48909	4		0	12.0616	39.0775	0	0	0	
2024-06-13 02:10:27	214	460	9	0	0	4	17	0	0	0	17	0	0	6	17	0	0	0	17	0	0	1.732		99.9519	57.892	0.1143	0	1.14355	0.810677	14.3703	1		0	12.0616	39.9871	0	0	0	
2024-06-13 02:10:49	217	461	9	0	0	4	17	0	0	0	17	0	0	4.75	17	0	0	0	17	0	0	0.649		99.9574	57.7851	0.355746	0	3.55897	0.717366	16.7713	1		0	12.0616	39.8571	0	0	0	
2024-06-13 02:05:08	174	462	5	0	0	0	1	0	0	0	1	0	0	2.25	1	0	0	0	1	0	0	1.948		99.96	59.9772	0.108893	0	1.08936	0.55719	15.4005	1		0.0088623	12.0616	42.7159	0	0	0	
2024-06-13 02:24:59	323	463	1	0	0	3.25	14	0	0	4.5	14	0	0	2	14	0	0	5.75	14	0	0	0.649		99.9565	20.5122	0.175775	0	1.75851	0.00694689	13.8113	2		0	12.0616	39.0775	0	0	0	
2024-06-13 02:10:13	212	464	5	0	0	3	13	0	0	0	13	0	0	3.25	13	0	0	0	13	0	0	0.216		99.956	58.8036	0.834136	0	8.34503	0.805606	13.1083	1		0	12.0616	39.9871	0	0	0	
2024-06-13 02:07:46	193	465	5	0	0	2	9	0	0	0	9	0	0	7.75	9	0	0	0	9	0	0	4.979		99.9601	58.4504	0.0446699	0	0.446877	0.257022	16.1449	1		0	12.0616	40.7668	0	0	0	
2024-06-13 02:08:00	195	466	9	0	0	2	9	0	0	0	9	0	0	6.5	9	0	0	0	9	0	0	3.897		99.9577	58.6951	0.0561663	0	0.561901	0.123978	15.8874	1		0	12.0616	40.8967	0	0	0	
2024-06-13 02:16:00	256	467	5	0	0	7	29	0	0	0	29	0	0	5.5	29	0	0	0	29	0	0	1.299		99.9466	57.4853	0.157349	0	1.57433	0.365621	14.8377	1		0	12.0616	39.0775	0	0	0	
2024-06-13 02:15:21	251	468	9	0	0	7	29	0	0	0	29	0	0	4.25	29	0	0	0	29	0	0	2.381		99.9529	57.588	0.0829204	0	0.829595	0.427783	14.3344	1		0	12.0616	39.0775	0	0	0	
2024-06-13 02:06:39	185	469	9	0	0	1	5	0	0	0	5	0	0	5	5	0	0	0	5	0	0	3.464		99.9596	58.2492	0.0636824	0	0.637081	0.24128	16.0116	1		0	11.9552	41.5464	0	0	0	
2024-06-13 02:06:00	180	470	1	0	0	1	5	0	0	0	5	0	0	3.75	5	0	0	0	5	0	0	2.381		99.9646	58.5209	0.0810552	0	0.810839	0.38187	14.0103	1		0	11.9641	42.0662	0	0	0	
2024-06-13 02:15:04	249	471	5	0	0	6	25	0	0	0	25	0	0	2.75	25	0	0	0	25	0	0	2.814		99.9485	57.599	0.0717374	0	0.717744	0.124276	14.6566	1		0.0088623	12.0616	38.9475	0	0	0	
2024-06-13 02:12:16	228	472	1	0	0	5	21	0	0	0	21	0	0	2.25	21	0	0	0	21	0	0	2.381		99.95	58.1464	0.0803822	0	0.804224	0.176618	13.896	1		0	12.0616	39.3374	0	0	0	
2024-06-13 02:16:37	261	473	5	0	0	7	29	0	0	0	29	0	0	0.25	29	0	0	0	29	0	0	5.845		99.9454	57.5006	0.0409726	0	0.40995	0.0130598	17.3866	1		0.0088623	12.0616	38.8176	0	0	0	
2024-06-13 02:04:11	167	474	1	0	0	0	1	0	0	0	1	0	0	3.25	1	0	0	0	1	0	0	2.814		99.9661	62.7552	0.0690866	0	0.691101	0.0407346	14.1125	2		0	12.0616	43.8855	0	0	0	
2024-06-13 02:09:20	205	475	9	0	0	3	13	0	0	0	13	0	0	7.25	13	0	0	0	13	0	0	3.68		99.9569	58.6847	0.0765015	0	0.765345	0.0874582	20.4374	2		0	12.0616	40.3769	0	0	0	
2024-06-13 02:14:20	243	476	5	0	0	6	25	0	0	0	25	0	0	6.75	25	0	0	0	25	0	0	0.649		99.9505	57.6115	0.366139	0	3.66321	0.657307	17.2625	1		0.0088623	12.0616	39.0775	0	0	0	
2024-06-13 02:18:24	275	477	9	0	0	3.75	16	0	0	0	16	0	0	4	16	0	0	0	16	0	0	0.216		99.9477	56.8931	0.925114	0	9.25598	0.118978	14.5393	2		0	11.9552	38.9475	0	0	0	
2024-06-13 02:18:10	273	478	1	0	0	7.75	32	0	0	0	32	0	0	1	32	0	0	0	32	0	0	5.845		99.9506	57.5955	0.0378828	0	0.379015	0.25085	16.0746	1		0	12.0616	39.0775	0	0	0	
2024-06-13 02:12:09	227	479	9	0	0	5	21	0	0	0	21	0	0	5.25	21	0	0	0	21	0	0	0.216		99.9525	59.1139	0.861496	0	8.61905	0.883364	13.5388	1		0	12.0705	39.3374	0	0	0	
2024-06-13 02:11:54	226	480	5	0	0	5	21	0	0	0	21	0	0	4	21	0	0	0	21	0	0	0.866		99.9493	57.5311	0.245368	0	2.45492	2.2486	15.4247	4		0	12.0616	39.3374	0	0	0	
2024-06-13 02:09:44	208	481	1	0	0	3	13	0	0	0	13	0	0	0.75	13	0	0	0	13	0	0	1.948		99.9568	58.8236	0.0944808	0	0.945216	0.48403	13.3627	1		0	12.0616	40.117	0	0	0	
2024-06-13 02:07:00	188	482	5	0	0	1	5	0	0	0	5	0	0	1.75	5	0	0	0	5	0	0	0.649		99.961	58.2324	0.324512	0	3.24638	0.592358	15.2982	1		0.0088623	11.9552	41.4165	0	0	0	
2024-06-13 02:10:34	215	483	1	0	0	4	17	0	0	0	17	0	0	2	17	0	0	0	17	0	0	1.732		99.9573	57.8494	0.108039	0	1.08086	0.448011	13.5824	1		0	12.0616	39.8571	0	0	0	
2024-06-13 02:17:23	267	484	9	0	0	7.75	32	0	0	0	32	0	0	5.75	32	0	0	0	32	0	0	1.732		99.947	57.5305	0.109514	0	1.09572	0.501678	13.7692	1		0	12.0616	39.0775	0	0	0	
2024-06-13 02:16:44	262	485	5	0	0	7.75	32	0	0	0	32	0	0	4.5	32	0	0	0	32	0	0	2.814		99.9431	57.664	0.0661348	0	0.661725	0.927049	13.5127	1		0	12.0616	39.0775	0	0	0	
2024-06-13 02:20:55	292	486	1	0	0	2.25	10	0	0	0	10	0	0	3.5	10	0	0	0	10	0	0	1.082		99.9523	58.0222	0.180378	0	1.80464	0.741258	14.1736	1		0	12.0616	38.9475	0	0	0	
2024-06-13 02:20:00	286	487	9	0	0	0.25	2	0	0	0	2	0	0	7.5	2	0	0	0	2	0	0	6.278		99.9485	57.03	0.0396802	0	0.397007	0.28316	18.0849	2		0	12.0616	38.9475	0	0	0	
2024-06-13 02:14:56	248	488	1	0	0	6	25	0	0	0	25	0	0	1.75	25	0	0	0	25	0	0	3.68		99.9513	57.778	0.065104	0	0.651357	0.982694	17.3935	1		0	12.0616	39.0775	0	0	0	
2024-06-13 02:11:11	220	489	9	0	0	4	17	0	0	0	17	0	0	5.25	17	0	0	0	17	0	0	1.082		99.9536	57.7314	0.194512	0	1.94602	0.471755	15.284	1		0	12.0616	39.7272	0	0	0	
2024-06-13 02:05:25	176	490	5	0	0	0	1	0	0	0	1	0	0	1.5	1	0	0	0	1	0	0	1.299		99.9583	60.0836	0.144282	0	1.44342	0.514863	13.6039	1		0	12.0705	42.4561	0	0	0	
2024-06-13 02:10:05	211	491	1	0	0	3	13	0	0	0	13	0	0	2.5	13	0	0	0	13	0	0	0.433		99.9569	58.722	0.481124	0	4.81332	0.849164	15.1215	1		0	11.9552	39.9871	0	0	0	
2024-06-13 02:08:08	196	492	9	0	0	2	9	0	0	0	9	0	0	5.75	9	0	0	0	9	0	0	3.247		99.9564	58.2204	0.0657334	0	0.657621	0.0900455	15.4948	2		0	12.0616	40.7668	0	0	0	
2024-06-13 02:07:39	192	493	9	0	0	2	9	0	0	0	9	0	0	4.5	9	0	0	0	9	0	0	2.165		99.9545	58.5517	0.0899625	0	0.900035	0.0580636	14.1377	1		0	12.0616	40.7668	0	0	0	
2024-06-13 02:15:36	253	494	1	0	0	7	29	0	0	0	29	0	0	3.5	29	0	0	0	29	0	0	3.031		99.9454	57.238	0.0650031	0	0.650387	0.0992597	14.3027	2		0	12.0616	39.0775	0	0	0	
2024-06-13 02:06:53	187	495	1	0	0	1	5	0	0	0	5	0	0	3	5	0	0	0	5	0	0	1.732		99.9622	58.3323	0.10681	0	1.06851	0.388897	13.4273	1		0	11.9552	41.2865	0	0	0	
2024-06-13 02:04:11	167	496	5	0	0	0	1	0	0	0	1	0	0	7.25	1	0	0	0	1	0	0	6.278		99.9661	62.7552	0.0426519	0	0.426664	0.0740853	19.4358	2		0	12.0616	43.8855	0	0	0	
2024-06-13 02:12:31	230	497	1	0	0	5	21	0	0	0	21	0	0	1.5	21	0	0	0	21	0	0	3.031		99.9523	58.3026	0.0666809	0	0.667127	0.136856	14.6709	1		0	12.0616	39.4673	0	0	0	
2024-06-13 02:08:25	198	498	5	0	0	2	9	0	0	0	9	0	0	1.25	9	0	0	0	9	0	0	0.649		99.9569	58.2795	0.314781	0	3.14916	0.627855	14.8401	1		0	12.0616	40.5069	0	0	0	
2024-06-13 02:23:26	311	499	1	0	0	1.5	7	0	0	0	7	0	0	0.25	7	0	0	0	7	0	0	1.082		99.9587	56.3433	0.179144	0	1.79218	0.576076	14.0757	1		0	12.0616	38.9475	0	0	0	
2024-06-13 02:03:58	166	500	1	0	0	0	1	0	0	0	1	0	0	2.5	1	0	0	0	1	0	0	2.165		99.9642	65.2895	0.0882228	0	0.882543	0.608413	13.863	1		0.0088623	12.0793	43.8855	0	0	0	
2024-06-13 02:22:43	305	501	1	0	0	6.25	26	0	0	0	26	0	0	1.5	26	0	0	0	26	0	0	4.113		99.954	57.17	0.0542168	0	0.542417	0.434843	16.1885	1		0	12.0616	38.9475	0	0	0	
2024-06-13 02:24:27	319	502	9	0	0	7.25	30	0	0	0	30	0	0	6.5	30	0	0	0	30	0	0	0.649		99.9515	57.0732	0.341125	0	3.41291	0.695298	16.0829	1		0	12.0616	39.0775	0	0	0	
2024-06-13 02:08:54	202	503	5	0	0	3	13	0	0	0	13	0	0	7.75	13	0	0	0	13	0	0	4.113		99.9572	58.88	0.0512091	0	0.512311	0.123841	15.29	2		0	12.0616	40.5069	0	0	0	
2024-06-13 02:09:37	207	504	5	0	0	3	13	0	0	0	13	0	0	6.5	13	0	0	0	13	0	0	3.031		99.9567	58.8957	0.0695569	0	0.69587	0.391259	15.303	1		0	12.0616	40.117	0	0	0	
2024-06-13 02:06:00	180	505	9	0	0	1	5	0	0	0	5	0	0	7	5	0	0	0	5	0	0	5.195		99.9646	58.5209	0.0468786	0	0.468952	0.388558	17.6791	1		0	11.9641	42.0662	0	0	0	
2024-06-13 02:13:32	238	506	9	0	0	6	25	0	0	0	25	0	0	4.75	25	0	0	0	25	0	0	1.082		99.9466	57.2036	0.197173	0	1.97278	0.404905	15.4942	4		0	12.0616	39.3374	0	0	0	
2024-06-13 02:18:10	273	507	5	0	0	7.75	32	0	0	0	32	0	0	0.25	32	0	0	0	32	0	0	6.494		99.9506	57.5955	0.033773	0	0.337897	0.360862	15.923	1		0	12.0616	39.0775	0	0	0	
2024-06-13 02:12:38	231	508	1	0	0	5	21	0	0	0	21	0	0	3.25	21	0	0	0	21	0	0	1.515		99.9449	57.9975	0.124481	0	1.24549	0.445882	13.6949	1		0	12.0616	39.2074	0	0	0	
2024-06-13 02:09:05	203	509	1	0	0	3	13	0	0	0	13	0	0	0	13	0	0	0	13	0	0	2.598		99.9572	58.9283	0.077174	0	0.77207	0.31222	14.5532	1		0	12.0616	40.3769	0	0	0	
2024-06-13 02:18:34	276	510	9	0	0	3.5	15	0	0	0	15	0	0	4.25	15	0	0	0	15	0	0	0.649		99.9513	56.9612	0.342776	0	3.42943	0.924073	16.1608	1		0	12.0616	38.8176	0	0	0	
2024-06-13 02:11:47	225	511	5	0	0	4	17	0	0	0	17	0	0	1.25	17	0	0	0	17	0	0	2.381		99.9524	57.7044	0.0805062	0	0.805445	0.626508	13.9171	1		0	12.0616	39.5972	0	0	0	
2024-06-13 02:16:58	264	512	9	0	0	7.75	32	0	0	0	32	0	0	5	32	0	0	0	32	0	0	2.381		99.9493	57.6506	0.0775844	0	0.776237	0.706081	13.4124	1		0.0088623	12.0616	38.6876	0	0	0	
2024-06-13 02:17:23	267	513	1	0	0	7.75	32	0	0	0	32	0	0	3.75	32	0	0	0	32	0	0	3.464		99.947	57.5305	0.0549076	0	0.549367	0.350972	13.8071	1		0	12.0616	39.0775	0	0	0	
2024-06-13 02:26:04	329	514	1	0	0	1.25	6	0	0	6.5	6	0	0	3	6	0	0	4.75	6	0	0	0.908		99.9552	20.3555	0.0894873	0	0.895274	0.145308	9.84405	2		0	12.0616	38.8176	0	0	0	
2024-06-13 02:14:41	246	515	1	0	0	6	25	0	0	0	25	0	0	1	25	0	0	0	25	0	0	4.33		99.9483	57.7334	0.0584219	0	0.584522	0.0240965	18.3633	1		0	12.0616	39.2074	0	0	0	
2024-06-13 02:10:41	216	516	1	0	0	4	17	0	0	0	17	0	0	3.25	17	0	0	0	17	0	0	0.649		99.9549	57.9519	0.340353	0	3.40507	0.782477	16.046	1		0	12.0616	39.8571	0	0	0	
2024-06-13 02:05:15	175	517	5	0	0	0	1	0	0	0	1	0	0	0.75	1	0	0	0	1	0	0	0.649		99.9597	59.4878	0.329554	0	3.29687	0.0891753	15.5361	2		0	12.0705	42.4561	0	0	0	
2024-06-13 02:25:33	326	518	1	0	0	3.5	15	0	0	4.25	15	0	0	3.75	15	0	0	4	15	0	0	0.13		99.957	19.6001	0.614083	0	6.14348	0.139875	9.65015	2		0	12.0616	39.0775	0	0	0	
2024-06-13 02:07:53	194	519	5	0	0	2	9	0	0	0	9	0	0	5	9	0	0	0	9	0	0	2.598		99.961	58.6117	0.0775331	0	0.775634	0.132515	14.6203	1		0	12.0616	40.8967	0	0	0	
2024-06-13 02:07:29	191	520	1	0	0	2	9	0	0	0	9	0	0	3.75	9	0	0	0	9	0	0	1.515		99.9603	59.049	0.131658	0	1.3171	0.551657	14.4823	2		0	12.0616	40.8967	0	0	0	
2024-06-13 02:15:53	255	521	1	0	0	7	29	0	0	0	29	0	0	2.75	29	0	0	0	29	0	0	3.68		99.9442	57.3115	0.0561012	0	0.561325	0.0496235	14.9894	1		0	12.0616	39.0775	0	0	0	
2024-06-13 02:16:22	259	522	5	0	0	7	29	0	0	0	29	0	0	2.25	29	0	0	0	29	0	0	4.113		99.9459	57.3786	0.0518545	0	0.518826	0.654095	15.4844	1		0	12.0616	39.0775	0	0	0	
2024-06-13 02:04:46	171	523	5	0	0	0	1	0	0	0	1	0	0	7.75	1	0	0	0	1	0	0	6.711		99.9666	60.6984	0.0360488	0	0.360609	0.782561	17.5597	1		0	12.0616	42.8459	0	0	0	
2024-06-13 02:04:39	170	524	5	0	0	0	1	0	0	0	1	0	0	6.5	1	0	0	0	1	0	0	5.628		99.9621	60.6411	0.0425654	0	0.425815	0.487195	17.3906	1		0	12.0616	43.2357	0	0	0	
2024-06-13 02:12:45	232	525	1	0	0	5	21	0	0	0	21	0	0	0.75	21	0	0	0	21	0	0	3.68		99.9515	57.9882	0.0605823	0	0.606117	0.0614486	16.1855	1		0	12.0616	39.4673	0	0	0	
2024-06-13 02:12:53	233	526	5	0	0	5	21	0	0	0	21	0	0	7.25	21	0	0	0	21	0	0	1.948		99.9532	57.9603	0.127486	0	1.27546	0.364574	18.0313	2		0	12.0616	39.4673	0	0	0	
2024-06-13 02:24:20	318	527	9	0	0	5.75	24	0	0	0	24	0	0	4	24	0	0	0	24	0	0	1.515		99.9506	57.1757	0.130492	0	1.30557	0.334163	14.3555	1		0	12.0616	39.0775	0	0	0	
2024-06-13 02:21:12	294	528	9	0	0	4.5	19	0	0	0	19	0	0	5.25	19	0	0	0	19	0	0	0.649		99.9505	56.989	0.342927	0	3.43097	0.916101	16.1681	1		0	12.0616	38.8176	0	0	0	
2024-06-13 02:25:44	327	529	1	0	0	2.75	12	0	0	5	12	0	0	3.5	12	0	0	4.25	12	0	0	0.389		99.9558	20.8539	0.334704	0	3.34852	0.834856	15.7795	2		0	12.0616	39.0775	0	0	0	
2024-06-13 02:08:08	196	530	1	0	0	2	9	0	0	0	9	0	0	0.5	9	0	0	0	9	0	0	1.299		99.9564	58.2204	0.144882	0	1.44946	0.020925	13.6608	2		0	12.0616	40.7668	0	0	0	
2024-06-13 02:19:49	285	531	9	0	0	0.5	3	0	0	0	3	0	0	7.25	3	0	0	0	3	0	0	5.845		99.9487	57.1738	0.105439	0	1.05493	0.293148	44.7413	2		0	12.0439	38.8176	0	0	0	
2024-06-13 02:11:04	219	532	5	0	0	4	17	0	0	0	17	0	0	7.25	17	0	0	0	17	0	0	2.814		99.9542	57.8213	0.0844072	0	0.844459	0.827178	17.2441	1		0	12.0616	39.7272	0	0	0	
2024-06-13 02:09:51	209	533	9	0	0	3	13	0	0	0	13	0	0	5.75	13	0	0	0	13	0	0	2.381		99.9539	58.7903	0.0808307	0	0.80868	0.00743456	13.973	1		0	12.0616	39.8571	0	0	0	
2024-06-13 02:09:12	204	534	5	0	0	3	13	0	0	0	13	0	0	4.5	13	0	0	0	13	0	0	1.299		99.9611	59.0329	0.14899	0	1.49048	0.684758	14.0474	1		0	12.0616	40.3769	0	0	0	
2024-06-13 02:15:36	253	535	9	0	0	7	29	0	0	0	29	0	0	6.75	29	0	0	0	29	0	0	0.216		99.9454	57.238	0.862693	0	8.63165	0.115853	13.5586	2		0	12.0616	39.0775	0	0	0	
2024-06-13 02:06:08	181	536	5	0	0	1	5	0	0	0	5	0	0	7.5	5	0	0	0	5	0	0	5.628		99.9615	58.7419	0.0435633	0	0.435801	0.715202	17.7984	1		0	12.0616	41.6764	0	0	0	
2024-06-13 02:06:00	180	537	5	0	0	1	5	0	0	0	5	0	0	6.25	5	0	0	0	5	0	0	4.546		99.9646	58.5209	0.0539051	0	0.539242	0.015111	17.7878	1		0	11.9641	42.0662	0	0	0	
2024-06-13 02:13:55	240	538	5	0	0	6	25	0	0	0	25	0	0	5.25	25	0	0	0	25	0	0	0.649		99.9495	57.8431	0.349967	0	3.50144	0.720407	16.5002	1		0.0088623	12.0616	39.2074	0	0	0	
2024-06-13 02:14:27	244	539	5	0	0	6	25	0	0	0	25	0	0	4	25	0	0	0	25	0	0	1.732		99.9495	57.6241	0.113308	0	1.13365	0.398081	14.2459	1		0	12.0616	39.2074	0	0	0	
2024-06-13 02:13:10	235	540	5	0	0	5	21	0	0	0	21	0	0	2.5	21	0	0	0	21	0	0	2.165		99.9521	58.052	0.0944289	0	0.944742	0.818029	14.84	1		0	12.0616	39.3374	0	0	0	
2024-06-13 02:06:46	186	541	5	0	0	1	5	0	0	0	5	0	0	0.25	5	0	0	0	5	0	0	0.649		99.9603	58.8471	0.33174	0	3.31871	0.727471	15.6391	1		0	12.0616	41.5464	0	0	0	
2024-06-13 02:11:40	224	542	5	0	0	4	17	0	0	0	17	0	0	0.5	17	0	0	0	17	0	0	3.031		99.9549	57.6717	0.0673479	0	0.673783	0.476463	14.8173	1		0	11.9552	39.5972	0	0	0	
2024-06-13 02:17:38	269	543	1	0	0	7.75	32	0	0	0	32	0	0	3	32	0	0	0	32	0	0	4.113		99.9507	57.3753	0.0471701	0	0.471934	0.0368874	14.0849	2		0	12.0616	38.8176	0	0	0	
2024-06-13 02:14:13	242	544	1	0	0	6	25	0	0	0	25	0	0	0.25	25	0	0	0	25	0	0	4.979		99.9531	57.6476	0.0476443	0	0.476667	0.109451	17.2212	1		0	12.0616	39.0775	0	0	0	
2024-06-13 02:22:16	302	545	1	0	0	5.25	22	0	0	0	22	0	0	2.5	22	0	0	0	22	0	0	2.381		99.9519	56.87	0.145842	0	1.45912	0.687391	25.2118	2		0	12.0616	38.9475	0	0	0	
2024-06-13 02:10:56	218	546	1	0	0	4	17	0	0	0	17	0	0	2.5	17	0	0	0	17	0	0	1.299		99.9534	57.7267	0.148254	0	1.48323	0.770304	13.9792	1		0	12.0616	39.8571	0	0	0	
2024-06-13 02:08:18	197	547	1	0	0	2	9	0	0	0	9	0	0	3	9	0	0	0	9	0	0	0.866		99.9584	58.2136	0.234295	0	2.34393	0.604531	14.7273	1		0	12.0616	40.7668	0	0	0	
2024-06-13 02:16:22	259	548	1	0	0	7	29	0	0	0	29	0	0	1.5	29	0	0	0	29	0	0	4.762		99.9459	57.3786	0.0488247	0	0.488511	0.843415	16.8817	1		0	12.0616	39.0775	0	0	0	
2024-06-13 02:03:58	166	549	9	0	0	0	1	0	0	0	1	0	0	5.75	1	0	0	0	1	0	0	4.979		99.9642	65.2895	0.0472375	0	0.472544	0.361182	17.0722	1		0.0088623	12.0793	43.8855	0	0	0	
2024-06-13 02:04:39	170	550	9	0	0	0	1	0	0	0	1	0	0	4.5	1	0	0	0	1	0	0	3.897		99.9621	60.6411	0.0546267	0	0.546474	0.0148181	15.4512	1		0	12.0616	43.2357	0	0	0	
2024-06-13 02:13:03	234	551	1	0	0	5	21	0	0	0	21	0	0	0	21	0	0	0	21	0	0	4.33		99.9498	58.4577	0.0516576	0	0.516835	0.168337	16.2369	1		0	12.0616	39.3374	0	0	0	
2024-06-13 02:17:48	270	552	5	0	0	7.75	32	0	0	0	32	0	0	2.25	32	0	0	0	32	0	0	4.762		99.9503	57.4421	0.0420972	0	0.421181	0.377914	14.555	1		0	12.0616	38.8176	0	0	0	
2024-06-13 02:12:16	228	553	9	0	0	5	21	0	0	0	21	0	0	7.75	21	0	0	0	21	0	0	2.381		99.95	58.1464	0.0824986	0	0.825398	0.0607794	14.2619	1		0	12.0616	39.3374	0	0	0	
2024-06-13 02:12:45	232	554	5	0	0	5	21	0	0	0	21	0	0	6.5	21	0	0	0	21	0	0	1.299		99.9515	57.9882	0.161514	0	1.61592	0.342739	15.2297	1		0	12.0616	39.4673	0	0	0	
2024-06-13 02:09:58	210	555	1	0	0	3	13	0	0	0	13	0	0	2	13	0	0	0	13	0	0	0.866		99.9577	59.0353	0.232661	0	2.3276	0.738048	14.6247	1		0	12.0616	40.117	0	0	0	
2024-06-13 02:22:01	300	556	1	0	0	4.5	19	0	0	0	19	0	0	3.25	19	0	0	0	19	0	0	1.082		99.9526	57.0455	0.189514	0	1.89604	0.87029	14.8914	1		0	12.0616	38.9475	0	0	0	
2024-06-13 02:17:06	265	557	5	0	0	7.75	32	0	0	0	32	0	0	7	32	0	0	0	32	0	0	0.649		99.9441	57.3241	0.335772	0	3.3596	0.106065	15.8318	2		0	12.0616	39.0775	0	0	0	
2024-06-13 02:24:12	317	558	9	0	0	5.5	23	0	0	0	23	0	0	4.25	23	0	0	0	23	0	0	1.082		99.9536	56.8033	0.194598	0	1.94688	0.7127	15.2908	1		0	12.0616	38.8176	0	0	0	
2024-06-13 02:22:57	307	559	1	0	0	6.75	28	0	0	0	28	0	0	1	28	0	0	0	28	0	0	4.979		99.9527	56.7257	0.0523062	0	0.52331	0.11572	18.9063	1		0	12.0616	38.8176	0	0	0	
2024-06-13 02:21:19	295	560	9	0	0	4.25	18	0	0	0	18	0	0	5.5	18	0	0	0	18	0	0	1.082		99.9532	57.197	0.195414	0	1.95506	0.666746	15.355	1		0	12.0616	38.9475	0	0	0	
2024-06-13 02:10:56	218	561	9	0	0	4	17	0	0	0	17	0	0	7.75	17	0	0	0	17	0	0	3.247		99.9534	57.7267	0.0621555	0	0.621844	0.033905	14.6519	1		0	12.0616	39.8571	0	0	0	
2024-06-13 02:10:49	217	562	5	0	0	4	17	0	0	0	17	0	0	6.5	17	0	0	0	17	0	0	2.165		99.9574	57.7851	0.0919199	0	0.91959	0.254492	14.4449	1		0	12.0616	39.8571	0	0	0	
2024-06-13 02:09:30	206	563	9	0	0	3	13	0	0	0	13	0	0	5	13	0	0	0	13	0	0	1.732		99.9564	58.774	0.109688	0	1.09736	0.265282	13.7898	1		0	12.0616	40.117	0	0	0	
2024-06-13 02:09:20	205	564	1	0	0	3	13	0	0	0	13	0	0	3.75	13	0	0	0	13	0	0	0.649		99.9569	58.6847	0.328235	0	3.28377	0.0803669	15.4744	2		0	12.0616	40.3769	0	0	0	
2024-06-13 02:07:46	193	565	9	0	0	2	9	0	0	0	9	0	0	7	9	0	0	0	9	0	0	4.33		99.9601	58.4504	0.0516882	0	0.517088	0.255534	16.2448	1		0	12.0616	40.7668	0	0	0	
2024-06-13 02:16:08	257	566	5	0	0	7	29	0	0	0	29	0	0	6	29	0	0	0	29	0	0	0.866		99.9439	57.5254	0.255319	0	2.55462	0.622933	16.0511	1		0	12.0616	39.0775	0	0	0	
2024-06-13 02:15:28	252	567	5	0	0	7	29	0	0	0	29	0	0	4.75	29	0	0	0	29	0	0	1.948		99.9504	57.5471	0.100838	0	1.00888	0.306716	14.2627	1		0	12.0616	39.0775	0	0	0	
2024-06-13 02:06:39	185	568	5	0	0	1	5	0	0	0	5	0	0	5.5	5	0	0	0	5	0	0	3.897		99.9596	58.2492	0.0634253	0	0.634509	0.354778	17.9403	1		0	11.9552	41.5464	0	0	0	
2024-06-13 02:06:08	181	569	9	0	0	1	5	0	0	0	5	0	0	4.25	5	0	0	0	5	0	0	2.814		99.9615	58.7419	0.0733559	0	0.733841	0.577021	14.9853	1		0	12.0616	41.6764	0	0	0	
2024-06-13 02:15:04	249	570	1	0	0	6	25	0	0	0	25	0	0	3.25	25	0	0	0	25	0	0	2.381		99.9485	57.599	0.0822451	0	0.822875	0.144918	14.2183	1		0.0088623	12.0616	38.9475	0	0	0	
2024-06-13 02:20:28	289	571	1	0	0	0.25	2	0	0	0	2	0	0	1.5	2	0	0	0	2	0	0	1.082		99.9466	57.0781	0.176991	0	1.77086	0.445735	13.9083	1		0	12.0616	38.9475	0	0	0	
2024-06-13 02:16:29	260	572	5	0	0	7	29	0	0	0	29	0	0	0.75	29	0	0	0	29	0	0	5.412		99.9483	57.6561	0.0451316	0	0.451549	0.600951	17.7323	1		0	12.0616	39.0775	0	0	0	
2024-06-13 02:03:58	166	573	5	0	0	0	1	0	0	0	1	0	0	5	1	0	0	0	1	0	0	4.33		99.9642	65.2895	0.0516454	0	0.516638	0.527027	16.2307	1		0.0088623	12.0793	43.8855	0	0	0	
2024-06-13 02:05:33	177	574	1	0	0	0	1	0	0	0	1	0	0	3.75	1	0	0	0	1	0	0	3.247		99.9576	59.4698	0.0627022	0	0.627287	0.225329	14.7801	1		0	12.0616	42.3261	0	0	0	
2024-06-13 02:24:34	320	575	9	0	0	7.5	31	0	0	0	31	0	0	6.25	31	0	0	0	31	0	0	1.082		99.9531	56.781	0.189632	0	1.89721	0.0561631	14.9007	2		0	12.0616	39.0775	0	0	0	
2024-06-13 02:21:47	298	576	9	0	0	6.25	26	0	0	0	26	0	0	7.5	26	0	0	0	26	0	0	1.082		99.9492	57.1433	0.189802	0	1.89899	0.512513	14.9146	1		0	12.0616	38.9475	0	0	0	
2024-06-13 02:14:02	241	577	5	0	0	6	25	0	0	0	25	0	0	7.25	25	0	0	0	25	0	0	1.082		99.9509	57.4737	0.250811	0	2.50935	0.470227	19.7084	2		0	12.0616	39.2074	0	0	0	
2024-06-13 02:17:55	271	578	1	0	0	7.75	32	0	0	0	32	0	0	1.5	32	0	0	0	32	0	0	5.412		99.9487	57.5142	0.0388393	0	0.388592	0.746004	15.26	1		0	12.0616	39.0775	0	0	0	
2024-06-13 02:12:31	230	579	5	0	0	5	21	0	0	0	21	0	0	5.75	21	0	0	0	21	0	0	0.649		99.9523	58.3026	0.34822	0	3.48386	0.589165	16.4173	1		0	12.0616	39.4673	0	0	0	
2024-06-13 02:12:23	229	580	5	0	0	5	21	0	0	0	21	0	0	4.5	21	0	0	0	21	0	0	0.433		99.9503	58.1903	0.50437	0	5.04621	0.777788	15.8531	1		0	12.0616	39.4673	0	0	0	
2024-06-13 02:10:20	213	581	1	0	0	3	13	0	0	0	13	0	0	1.25	13	0	0	0	13	0	0	1.515		99.9602	58.7716	0.121441	0	1.21489	0.415336	13.3585	1		0	11.9552	39.9871	0	0	0	
2024-06-13 02:07:07	189	582	1	0	0	1	5	0	0	0	5	0	0	2.25	5	0	0	0	5	0	0	1.082		99.958	58.3931	0.17527	0	1.75344	0.459332	13.7715	1		0	12.0705	41.4165	0	0	0	
2024-06-13 02:20:17	288	583	1	0	0	0.5	3	0	0	0	3	0	0	1.25	3	0	0	0	3	0	0	0.649		99.9467	57.0037	0.339574	0	3.39755	0.0851657	16.0106	2		0	12.0616	38.9475	0	0	0	
2024-06-13 02:18:56	279	584	9	0	0	2.5	11	0	0	0	11	0	0	5.25	11	0	0	0	11	0	0	2.381		99.9479	57.5376	0.0943714	0	0.944206	0.206577	16.3147	2		0	12.0616	38.9475	0	0	0	
2024-06-13 02:17:16	266	585	5	0	0	7.75	32	0	0	0	32	0	0	7.5	32	0	0	0	32	0	0	0.216		99.9437	57.4786	0.905652	0	9.06163	0.870915	14.234	1		0	12.0616	39.0775	0	0	0	
2024-06-13 02:16:51	263	586	5	0	0	7.75	32	0	0	0	32	0	0	6.25	32	0	0	0	32	0	0	1.299		99.9469	57.6073	0.15199	0	1.52071	0.988927	14.3324	1		0	12.0616	38.8176	0	0	0	
2024-06-13 02:21:54	299	587	1	0	0	4.25	18	0	0	0	18	0	0	3.5	18	0	0	0	18	0	0	0.649		99.9519	57.1045	0.345416	0	3.45583	0.574583	16.2852	1		0.0088623	12.0705	38.6876	0	0	0	
2024-06-13 02:14:56	248	588	5	0	0	6	25	0	0	0	25	0	0	2.25	25	0	0	0	25	0	0	3.247		99.9513	57.778	0.0647418	0	0.647733	0.026788	15.2619	1		0	12.0616	39.0775	0	0	0	
2024-06-13 02:24:05	316	589	9	0	0	5.25	22	0	0	0	22	0	0	4.5	22	0	0	0	22	0	0	0.649		99.9515	57.1488	0.343495	0	3.43662	0.887577	16.1947	1		0	11.9552	39.0775	0	0	0	
2024-06-13 02:11:04	219	590	9	0	0	4	17	0	0	0	17	0	0	5.75	17	0	0	0	17	0	0	1.515		99.9542	57.8213	0.130699	0	1.30759	0.291868	14.3777	1		0	12.0616	39.7272	0	0	0	
2024-06-13 02:10:34	215	591	9	0	0	4	17	0	0	0	17	0	0	4.5	17	0	0	0	17	0	0	0.433		99.9573	57.8494	0.544088	0	5.4432	0.940719	17.1003	1		0	12.0616	39.8571	0	0	0	
2024-06-13 02:04:46	171	592	1	0	0	0	1	0	0	0	1	0	0	2	1	0	0	0	1	0	0	1.732		99.9666	60.6984	0.137595	0	1.37641	0.322005	17.2965	1		0	12.0616	42.8459	0	0	0	
2024-06-13 02:07:29	191	593	5	0	0	2	9	0	0	0	9	0	0	7.5	9	0	0	0	9	0	0	4.762		99.9603	59.049	0.052122	0	0.521427	0.0438953	18.0192	2		0	12.0616	40.8967	0	0	0	
2024-06-13 02:08:18	197	594	5	0	0	2	9	0	0	0	9	0	0	6.25	9	0	0	0	9	0	0	3.68		99.9584	58.2136	0.0590865	0	0.591111	0.0234433	15.7848	1		0	12.0616	40.7668	0	0	0	
2024-06-13 02:15:46	254	595	5	0	0	7	29	0	0	0	29	0	0	5.25	29	0	0	0	29	0	0	1.515		99.9434	57.3335	0.131149	0	1.31223	0.270528	14.4287	1		0.0088623	11.9552	39.0775	0	0	0	
2024-06-13 02:15:11	250	596	9	0	0	7	29	0	0	0	29	0	0	4	29	0	0	0	29	0	0	2.598		99.9478	57.2867	0.0754642	0	0.755036	0.150499	14.2321	2		0	12.0616	39.0775	0	0	0	
2024-06-13 02:06:39	185	597	1	0	0	1	5	0	0	0	5	0	0	3.5	5	0	0	0	5	0	0	2.165		99.9596	58.2492	0.0851091	0	0.851434	0.343211	13.3743	1		0	11.9552	41.5464	0	0	0	
2024-06-13 02:14:02	241	598	1	0	0	6	25	0	0	0	25	0	0	2.5	25	0	0	0	25	0	0	3.031		99.9509	57.4737	0.0755187	0	0.755558	0.131186	16.6156	2		0	12.0616	39.2074	0	0	0	
2024-06-13 02:23:58	315	599	1	0	0	3.75	16	0	0	0	16	0	0	2	16	0	0	0	16	0	0	1.515		99.9528	56.8267	0.13019	0	1.30252	0.21278	14.3219	1		0	12.0616	38.6876	0	0	0	
2024-06-13 02:13:10	235	600	1	0	0	5	21	0	0	0	21	0	0	2	21	0	0	0	21	0	0	2.598		99.9521	58.052	0.0771927	0	0.772298	0.134422	14.5575	1		0	12.0616	39.3374	0	0	0	
2024-06-13 02:08:40	200	601	5	0	0	2	9	0	0	0	9	0	0	1.75	9	0	0	0	9	0	0	0.216		99.956	58.212	0.821575	0	8.21937	0.553188	12.911	1		0	12.0616	40.5069	0	0	0	
2024-06-13 02:15:21	251	602	1	0	0	7	29	0	0	0	29	0	0	0	29	0	0	0	29	0	0	6.061		99.9529	57.588	0.0409877	0	0.41007	0.0412587	18.0358	1		0	12.0616	39.0775	0	0	0	
2024-06-13 02:05:25	176	603	1	0	0	0	1	0	0	0	1	0	0	3	1	0	0	0	1	0	0	2.598		99.9583	60.0836	0.0772707	0	0.773029	0.422687	14.5712	1		0	12.0705	42.4561	0	0	0	
2024-06-13 02:09:05	203	604	5	0	0	3	13	0	0	0	13	0	0	7	13	0	0	0	13	0	0	3.464		99.9572	58.9283	0.0609489	0	0.60975	0.556018	15.3247	1		0	12.0616	40.3769	0	0	0	
2024-06-13 02:13:48	239	605	5	0	0	6	25	0	0	0	25	0	0	7.75	25	0	0	0	25	0	0	1.515		99.9466	58.697	0.134025	0	1.34096	0.379738	14.7446	1		0	12.0616	39.3374	0	0	0	
2024-06-13 02:14:20	243	606	9	0	0	6	25	0	0	0	25	0	0	6.5	25	0	0	0	25	0	0	0.433		99.9505	57.6115	0.55178	0	5.52053	0.765727	17.3433	1		0.0088623	12.0616	39.0775	0	0	0	
2024-06-13 02:17:48	270	607	1	0	0	7.75	32	0	0	0	32	0	0	0.75	32	0	0	0	32	0	0	6.061		99.9503	57.4421	0.0363475	0	0.363655	0.313937	15.9944	1		0	12.0616	38.8176	0	0	0	
2024-06-13 02:12:09	227	608	1	0	0	5	21	0	0	0	21	0	0	3.75	21	0	0	0	21	0	0	1.082		99.9525	59.1139	0.18761	0	1.87699	0.654544	14.7418	1		0	12.0705	39.3374	0	0	0	
2024-06-13 02:08:54	202	609	1	0	0	3	13	0	0	0	13	0	0	0.5	13	0	0	0	13	0	0	2.165		99.9572	58.88	0.0872624	0	0.872998	0.172001	13.713	2		0	12.0616	40.5069	0	0	0	
2024-06-13 02:06:08	181	610	1	0	0	1	5	0	0	0	5	0	0	1.5	5	0	0	0	5	0	0	0.433		99.9615	58.7419	0.495387	0	4.95578	0.757259	15.569	1		0	12.0616	41.6764	0	0	0	
2024-06-13 02:25:54	328	611	1	0	0	2	9	0	0	5.75	9	0	0	3.25	9	0	0	4.5	9	0	0	0.649		99.9572	20.4951	0.171304	0	1.71377	0.427665	13.4599	2		0	12.0616	39.0775	0	0	0	
2024-06-13 02:11:47	225	612	1	0	0	4	17	0	0	0	17	0	0	1.75	17	0	0	0	17	0	0	1.948		99.9524	57.7044	0.0956785	0	0.95724	0.501497	13.5327	1		0	12.0616	39.5972	0	0	0	
2024-06-13 02:20:45	291	613	1	0	0	2.5	11	0	0	0	11	0	0	3.25	11	0	0	0	11	0	0	0.649		99.9495	57.2412	0.323219	0	3.23382	0.29736	15.239	2		0	12.0616	38.9475	0	0	0	
2024-06-13 02:17:16	266	614	9	0	0	7.75	32	0	0	0	32	0	0	5.5	32	0	0	0	32	0	0	1.948		99.9437	57.4786	0.09705	0	0.971047	0.576561	13.7279	1		0	12.0616	39.0775	0	0	0	
2024-06-13 02:16:44	262	615	9	0	0	7.75	32	0	0	0	32	0	0	4.25	32	0	0	0	32	0	0	3.031		99.9431	57.664	0.0621364	0	0.621717	0.909252	13.6723	1		0	12.0616	39.0775	0	0	0	
2024-06-13 02:14:34	245	616	1	0	0	6	25	0	0	0	25	0	0	1.5	25	0	0	0	25	0	0	3.897		99.9504	57.539	0.0573833	0	0.574118	0.420816	16.2328	1		0	11.9552	39.0775	0	0	0	
2024-06-13 02:11:11	220	617	5	0	0	4	17	0	0	0	17	0	0	5	17	0	0	0	17	0	0	0.866		99.9536	57.7314	0.251698	0	2.51815	0.488748	15.822	1		0	12.0616	39.7272	0	0	0	
2024-06-13 02:10:49	217	618	1	0	0	4	17	0	0	0	17	0	0	3.75	17	0	0	0	17	0	0	0.216		99.9574	57.7851	0.915281	0	9.15671	0.823286	14.3833	1		0	12.0616	39.8571	0	0	0	
2024-06-13 02:05:01	173	619	1	0	0	0	1	0	0	0	1	0	0	1.25	1	0	0	0	1	0	0	1.082		99.9634	60.2101	0.177385	0	1.7745	0.656414	13.9369	1		0.0088623	12.0616	42.8459	0	0	0	
2024-06-13 02:08:08	196	620	5	0	0	2	9	0	0	0	9	0	0	5.5	9	0	0	0	9	0	0	3.031		99.9564	58.2204	0.117814	0	1.17866	0.194722	25.92	2		0	12.0616	40.7668	0	0	0	
2024-06-13 02:07:14	190	621	5	0	0	2	9	0	0	0	9	0	0	4.25	9	0	0	0	9	0	0	1.948		99.9591	58.1191	0.101125	0	1.01166	0.173064	14.302	4		0	12.0616	41.2865	0	0	0	
2024-06-13 02:15:28	252	622	1	0	0	7	29	0	0	0	29	0	0	3.25	29	0	0	0	29	0	0	3.247		99.9504	57.5471	0.0614339	0	0.614644	0.0569757	14.4822	1		0	12.0616	39.0775	0	0	0	
2024-06-13 02:06:53	187	623	5	0	0	1	5	0	0	0	5	0	0	2.75	5	0	0	0	5	0	0	1.515		99.9622	58.3323	0.120698	0	1.20743	0.422402	13.2764	1		0	11.9552	41.2865	0	0	0	
2024-06-13 02:05:01	173	624	5	0	0	0	1	0	0	0	1	0	0	7	1	0	0	0	1	0	0	6.061		99.9634	60.2101	0.0409404	0	0.409554	0.559736	18.0131	1		0.0088623	12.0616	42.8459	0	0	0	
2024-06-13 02:13:25	237	625	5	0	0	5	21	0	0	0	21	0	0	1.25	21	0	0	0	21	0	0	3.247		99.9534	57.9725	0.0692398	0	0.692721	0.25786	16.3219	1		0	12.0616	39.3374	0	0	0	
2024-06-13 02:07:14	190	626	1	0	0	2	9	0	0	0	9	0	0	1	9	0	0	0	9	0	0	0.866		99.9591	58.1191	0.221119	0	2.21209	3.05561	13.899	4		0	12.0616	41.2865	0	0	0	
2024-06-13 02:09:20	205	627	5	0	0	3	13	0	0	0	13	0	0	7.5	13	0	0	0	13	0	0	3.897		99.9569	58.6847	0.0555995	0	0.556235	0.101088	15.7272	2		0	12.0616	40.3769	0	0	0	
2024-06-13 02:09:37	207	628	9	0	0	3	13	0	0	0	13	0	0	6.25	13	0	0	0	13	0	0	2.814		99.9567	58.8957	0.0731195	0	0.731511	0.00777997	14.9377	1		0	12.0616	40.117	0	0	0	
2024-06-13 02:15:36	253	629	5	0	0	7	29	0	0	0	29	0	0	7.25	29	0	0	0	29	0	0	0.216		99.9454	57.238	0.760165	0	7.6058	0.274995	11.9472	2		0	12.0616	39.0775	0	0	0	
2024-06-13 02:05:51	179	630	9	0	0	1	5	0	0	0	5	0	0	6.75	5	0	0	0	5	0	0	4.979		99.9636	58.4867	0.0523345	0	0.523536	0.1074	18.9145	2		0	12.0616	42.1962	0	0	0	
2024-06-13 02:14:27	244	631	9	0	0	6	25	0	0	0	25	0	0	5.75	25	0	0	0	25	0	0	0.216		99.9495	57.6241	0.903598	0	9.04055	0.699349	14.2009	1		0	12.0616	39.2074	0	0	0	
2024-06-13 02:13:55	240	632	9	0	0	6	25	0	0	0	25	0	0	4.5	25	0	0	0	25	0	0	1.299		99.9495	57.8431	0.158823	0	1.58903	0.237863	14.9762	1		0.0088623	12.0616	39.2074	0	0	0	
2024-06-13 02:18:02	272	633	1	0	0	7.75	32	0	0	0	32	0	0	0	32	0	0	0	32	0	0	6.711		99.9499	57.4774	0.0339021	0	0.339191	0.226113	16.5168	1		0	12.0616	39.0775	0	0	0	
2024-06-13 02:12:53	233	634	1	0	0	5	21	0	0	0	21	0	0	3	21	0	0	0	21	0	0	1.732		99.9532	57.9603	0.108498	0	1.08549	0.0424704	13.6406	2		0	12.0616	39.4673	0	0	0	
2024-06-13 02:07:00	188	635	1	0	0	1	5	0	0	0	5	0	0	0.75	5	0	0	0	5	0	0	0.216		99.961	58.2324	0.855017	0	8.5535	0.717201	13.4358	1		0.0088623	11.9552	41.4165	0	0	0	
2024-06-13 02:22:36	304	636	1	0	0	5.75	24	0	0	0	24	0	0	2	24	0	0	0	24	0	0	3.247		99.951	56.8571	0.0669241	0	0.669569	0.424776	15.7763	1		0	11.9552	38.9475	0	0	0	
2024-06-13 02:11:26	222	637	5	0	0	4	17	0	0	0	17	0	0	1	17	0	0	0	17	0	0	2.598		99.9566	57.7337	0.0737424	0	0.737744	0.353818	13.9062	1		0.0088623	12.0616	39.7272	0	0	0	
2024-06-13 02:16:51	263	638	1	0	0	7.75	32	0	0	0	32	0	0	3.5	32	0	0	0	32	0	0	3.68		99.9469	57.6073	0.051485	0	0.515123	0.36832	13.7556	1		0	12.0616	38.8176	0	0	0	
2024-06-13 02:14:27	244	639	1	0	0	6	25	0	0	0	25	0	0	0.75	25	0	0	0	25	0	0	4.546		99.9495	57.6241	0.0541836	0	0.54211	0.266733	17.8824	1		0	12.0616	39.2074	0	0	0	
2024-06-13 02:11:33	223	640	5	0	0	4	17	0	0	0	17	0	0	3	17	0	0	0	17	0	0	0.866		99.9513	57.7102	0.239212	0	2.39329	0.402826	15.0375	1		0	12.0616	39.7272	0	0	0	
2024-06-13 02:05:08	174	641	1	0	0	0	1	0	0	0	1	0	0	0.5	1	0	0	0	1	0	0	0.433		99.96	59.9772	0.486408	0	4.86603	0.850906	15.2871	1		0.0088623	12.0616	42.7159	0	0	0	
2024-06-13 02:24:51	322	642	1	0	0	3.5	15	0	0	4.25	15	0	0	2.75	15	0	0	5	15	0	0	0.389		99.9571	19.5048	0.342905	0	3.43052	0.0325082	16.166	1		0	12.0616	39.0775	0	0	0	
2024-06-13 02:07:46	193	643	1	0	0	2	9	0	0	0	9	0	0	3.5	9	0	0	0	9	0	0	1.299		99.9601	58.4504	0.149826	0	1.49886	0.524768	14.1264	1		0	12.0616	40.7668	0	0	0	
2024-06-13 02:15:46	254	644	1	0	0	7	29	0	0	0	29	0	0	2.5	29	0	0	0	29	0	0	3.897		99.9434	57.3335	0.0558621	0	0.558937	0.338269	15.8036	1		0.0088623	11.9552	39.0775	0	0	0	
2024-06-13 02:16:08	257	645	1	0	0	7	29	0	0	0	29	0	0	2	29	0	0	0	29	0	0	4.33		99.9439	57.5254	0.0510039	0	0.510325	0.0969186	16.0323	1		0	12.0616	39.0775	0	0	0	
2024-06-13 02:04:29	169	646	9	0	0	0	1	0	0	0	1	0	0	7.5	1	0	0	0	1	0	0	6.494		99.964	61.0409	0.0388491	0	0.388631	0.0842607	18.3138	2		0	12.0616	43.4956	0	0	0	
2024-06-13 02:04:11	167	647	9	0	0	0	1	0	0	0	1	0	0	6.25	1	0	0	0	1	0	0	5.412		99.9661	62.7552	0.044116	0	0.44131	0.0458049	17.3302	2		0	12.0616	43.8855	0	0	0	
2024-06-13 02:13:17	236	648	1	0	0	5	21	0	0	0	21	0	0	0.5	21	0	0	0	21	0	0	3.897		99.9519	58.0175	0.0617992	0	0.61829	0.119765	17.4817	1		0	12.0616	39.3374	0	0	0	
2024-06-13 02:23:19	310	649	1	0	0	1.25	6	0	0	0	6	0	0	0.5	6	0	0	0	6	0	0	0.649		99.9529	56.9987	0.331757	0	3.31913	0.812974	15.641	1		0	12.0616	38.8176	0	0	0	
2024-06-13 02:12:45	232	650	9	0	0	5	21	0	0	0	21	0	0	7	21	0	0	0	21	0	0	1.732		99.9515	57.9882	0.115796	0	1.15852	0.28438	14.5584	1		0	12.0616	39.4673	0	0	0	
2024-06-13 02:07:39	192	651	1	0	0	2	9	0	0	0	9	0	0	0.25	9	0	0	0	9	0	0	1.515		99.9545	58.5517	0.12714	0	1.27198	0.427454	13.9862	1		0	12.0616	40.7668	0	0	0	
2024-06-13 02:10:41	216	652	9	0	0	4	17	0	0	0	17	0	0	7	17	0	0	0	17	0	0	2.598		99.9549	57.9519	0.0779823	0	0.780175	0.0985264	14.7059	1		0	12.0616	39.8571	0	0	0	
2024-06-13 02:09:44	208	653	9	0	0	3	13	0	0	0	13	0	0	5.5	13	0	0	0	13	0	0	2.165		99.9568	58.8236	0.0937137	0	0.937542	0.423027	14.7269	1		0	12.0616	40.117	0	0	0	
2024-06-13 02:09:12	204	654	9	0	0	3	13	0	0	0	13	0	0	4.25	13	0	0	0	13	0	0	1.082		99.9611	59.0329	0.184162	0	1.84233	0.790335	14.4696	1		0	12.0616	40.3769	0	0	0	
2024-06-13 02:15:11	250	655	5	0	0	7	29	0	0	0	29	0	0	7.75	29	0	0	0	29	0	0	0.649		99.9478	57.2867	0.341213	0	3.41391	0.136539	16.0877	2		0	12.0616	39.0775	0	0	0	
2024-06-13 02:15:53	255	656	5	0	0	7	29	0	0	0	29	0	0	6.5	29	0	0	0	29	0	0	0.433		99.9442	57.3115	0.518914	0	5.19204	0.637024	16.3113	1		0	12.0616	39.0775	0	0	0	
2024-06-13 02:06:29	184	657	5	0	0	1	5	0	0	0	5	0	0	6	5	0	0	0	5	0	0	4.33		99.9566	58.183	0.0583275	0	0.583528	0.0985996	18.3321	2		0	12.0705	41.6764	0	0	0	
2024-06-13 02:06:22	183	658	9	0	0	1	5	0	0	0	5	0	0	4.75	5	0	0	0	5	0	0	3.247		99.9591	58.4712	0.0706663	0	0.706952	0.282223	16.6572	1		0	12.0616	41.8063	0	0	0	
2024-06-13 02:21:02	293	659	9	0	0	4.75	20	0	0	0	20	0	0	5	20	0	0	0	20	0	0	0.216		99.9503	56.7514	0.861016	0	8.61444	0.1463	13.5315	2		0	12.0616	38.9475	0	0	0	
2024-06-13 02:13:32	238	660	5	0	0	6	25	0	0	0	25	0	0	5	25	0	0	0	25	0	0	0.866		99.9466	57.2036	0.250744	0	2.50878	1.47624	15.7631	4		0	12.0616	39.3374	0	0	0	
2024-06-13 02:14:41	246	661	5	0	0	6	25	0	0	0	25	0	0	3.75	25	0	0	0	25	0	0	1.948		99.9483	57.7334	0.101431	0	1.01484	0.321243	14.347	1		0	12.0616	39.2074	0	0	0	
2024-06-13 02:06:46	186	662	1	0	0	1	5	0	0	0	5	0	0	0	5	0	0	0	5	0	0	0.866		99.9603	58.8471	0.233261	0	2.33354	0.622601	14.6621	1		0	12.0616	41.5464	0	0	0	
2024-06-13 02:19:42	284	663	9	0	0	0.75	4	0	0	0	4	0	0	7	4	0	0	0	4	0	0	5.412		99.9478	57.4884	0.0448616	0	0.44885	0.944553	17.6263	1		0	12.0616	38.9475	0	0	0	
2024-06-13 02:11:40	224	664	1	0	0	4	17	0	0	0	17	0	0	0.25	17	0	0	0	17	0	0	3.247		99.9549	57.6717	0.0608124	0	0.608398	0.136853	14.335	1		0	11.9552	39.5972	0	0	0	
2024-06-13 02:18:17	274	665	1	0	0	7.75	32	0	0	0	32	0	0	2.75	32	0	0	0	32	0	0	4.33		99.9496	57.4848	0.0459943	0	0.460175	0.212141	14.4568	1		0	12.0616	39.0775	0	0	0	
2024-06-13 02:13:55	240	666	1	0	0	6	25	0	0	0	25	0	0	0	25	0	0	0	25	0	0	5.195		99.9495	57.8431	0.0513603	0	0.513862	0.218479	19.3722	1		0.0088623	12.0616	39.2074	0	0	0	
2024-06-13 02:08:33	199	667	1	0	0	2	9	0	0	0	9	0	0	2.75	9	0	0	0	9	0	0	0.649		99.949	58.4734	0.332766	0	3.32936	0.685395	15.6892	1		0	12.0616	40.6368	0	0	0	
2024-06-13 02:16:15	258	668	5	0	0	7	29	0	0	0	29	0	0	1.25	29	0	0	0	29	0	0	4.979		99.9408	57.4759	0.049677	0	0.497064	0.1526	17.9581	1		0	12.0616	38.9475	0	0	0	
2024-06-13 02:04:54	172	669	9	0	0	0	1	0	0	0	1	0	0	5.5	1	0	0	0	1	0	0	4.762		99.9638	60.4993	0.0708313	0	0.70857	0.00937957	24.4864	1		0	12.0616	42.7159	0	0	0	
2024-06-13 02:04:54	172	670	5	0	0	0	1	0	0	0	1	0	0	4.25	1	0	0	0	1	0	0	3.68		99.9638	60.4993	0.0568239	0	0.568445	0.109343	15.1795	1		0	12.0616	42.7159	0	0	0	
