Time	MeasID	DPID	Channel	A(x)	A(y)	A(z)	A(adr)	B(x)	B(y)	B(z)	B(adr)	M(x)	M(y)	M(z)	M(adr)	N(x)	N(y)	N(z)	N(adr)	F(x)	F(y)	F(z)	Note	I(mA)	Uout(V)	U(V)	SP(V)	R(Ohm)	Var(%)	Rho-a(Ohm-m)	Cycles	IP Delay Window(mV/V)	Pint(V)	Pext(V)	T int(deg C)	T log(deg C)	Latitude	Longitude
2024-06-13 16:17:59	1430	2681	1	0	0	7.75	32	0	0	0	32	0	0	2	32	0	0	0	32	0	0	4.979		99.9775	61.5552	0.0418637	0	0.418731	0.395883	15.128	1		0	12.0616	41.8063	0	0	0	
2024-06-13 16:12:29	1387	2682	5	0	0	5	21	0	0	0	21	0	0	7.5	21	0	0	0	21	0	0	2.165		99.9774	61.9218	0.0910103	0	0.910309	0.0642503	14.2991	2		0	12.0616	42.1962	0	0	0	
2024-06-13 16:13:01	1391	2683	5	0	0	5	21	0	0	0	21	0	0	6.25	21	0	0	0	21	0	0	1.082		99.9755	62.1994	0.19947	0	1.99519	0.414977	15.6702	1		0	12.0616	42.0662	0	0	0	
2024-06-13 16:10:13	1370	2684	5	0	0	3	13	0	0	0	13	0	0	1.75	13	0	0	0	13	0	0	1.082		99.9834	63.1883	0.180181	0	1.80211	0.34822	14.1538	1		0.0088623	12.0616	42.7159	0	0	0	
2024-06-13 16:17:22	1425	2685	9	0	0	7.75	32	0	0	0	32	0	0	6.75	32	0	0	0	32	0	0	0.866		99.9769	61.6017	0.249103	0	2.49161	0.39666	15.6552	1		0	12.0616	41.6764	0	0	0	
2024-06-13 16:23:19	1470	2686	1	0	0	3.25	14	0	0	0	14	0	0	2.5	14	0	0	0	14	0	0	0.649		99.978	60.8854	0.313217	0	3.13286	0.13483	14.7633	2		0	11.9552	41.8063	0	0	0	
2024-06-13 16:11:12	1378	2687	9	0	0	4	17	0	0	0	17	0	0	7.5	17	0	0	0	17	0	0	3.031		99.9773	61.6082	0.0668726	0	0.668878	0.197163	14.7094	2		0	12.0616	42.4561	0	0	0	
2024-06-13 16:10:50	1375	2688	9	0	0	4	17	0	0	0	17	0	0	6.25	17	0	0	0	17	0	0	1.948		99.9794	62.1215	0.102431	0	1.02452	0.247499	14.4838	1		0.0088623	12.0616	42.4561	0	0	0	
2024-06-13 16:09:04	1361	2689	1	0	0	3	13	0	0	0	13	0	0	3.5	13	0	0	0	13	0	0	0.433		99.9866	63.7699	0.494483	0	4.94549	0.810461	15.5367	1		0.0088623	12.0616	43.1058	0	0	0	
2024-06-13 16:07:30	1349	2690	5	0	0	2	9	0	0	0	9	0	0	6.75	9	0	0	0	9	0	0	4.113		99.9888	63.5607	0.0537666	0	0.537726	0.00359181	16.0485	2		0.0088623	12.0705	43.8855	0	0	0	
2024-06-13 16:15:58	1414	2691	9	0	0	7	29	0	0	0	29	0	0	5.75	29	0	0	0	29	0	0	1.082		99.9727	61.5828	0.197574	0	1.97628	0.402168	15.5216	1		0	12.0616	41.6764	0	0	0	
2024-06-13 16:15:10	1408	2692	5	0	0	7	29	0	0	0	29	0	0	4.5	29	0	0	0	29	0	0	2.165		99.9743	61.9004	0.0905812	0	0.906045	0.358742	14.2321	1		0	12.0616	41.9363	0	0	0	
2024-06-13 16:06:00	1338	2693	9	0	0	1	5	0	0	0	5	0	0	5.25	5	0	0	0	5	0	0	3.68		99.9912	63.3245	0.0611575	0	0.611629	0.34004	16.3326	1		0	12.0616	44.5352	0	0	0	
2024-06-13 16:06:32	1342	2694	9	0	0	1	5	0	0	0	5	0	0	4	5	0	0	0	5	0	0	2.598		99.9929	62.8774	0.0734728	0	0.73478	0.0959046	13.8503	1		0.0088623	12.0705	44.2753	0	0	0	
2024-06-13 16:21:43	1458	2695	1	0	0	4.75	20	0	0	0	20	0	0	3	20	0	0	0	20	0	0	1.515		99.9768	60.7974	0.127787	0	1.27816	0.272491	14.0541	1		0	12.0616	41.5464	0	0	0	
2024-06-13 16:14:01	1399	2696	1	0	0	6	25	0	0	0	25	0	0	3	25	0	0	0	25	0	0	2.598		99.9738	61.4392	0.0782635	0	0.78284	0.0239163	14.7562	2		0	12.0616	42.0662	0	0	0	
2024-06-13 16:08:12	1354	2697	1	0	0	2	9	0	0	0	9	0	0	2.25	9	0	0	0	9	0	0	0.216		99.9894	62.7977	0.807017	0	8.07102	0.372665	12.6779	1		0	12.0616	43.3657	0	0	0	
2024-06-13 16:15:25	1410	2698	1	0	0	7	29	0	0	0	29	0	0	0.5	29	0	0	0	29	0	0	5.628		99.9774	61.8496	0.0446093	0	0.446194	0.123749	18.2229	1		0	12.0616	41.6764	0	0	0	
2024-06-13 16:05:14	1332	2699	5	0	0	0	1	0	0	0	1	0	0	3.5	1	0	0	0	1	0	0	3.031		99.9876	64.1401	0.0716008	0	0.716097	0.167746	15.7478	2		0	12.0705	45.4448	0	0	0	
2024-06-13 16:23:12	1469	2700	1	0	0	1.75	8	0	0	0	8	0	0	0	8	0	0	0	8	0	0	1.515		99.9776	61.235	0.123956	0	1.23984	0.213673	13.6327	1		0.0088623	12.0705	41.8063	0	0	0	
2024-06-13 16:14:01	1399	2701	9	0	0	6	25	0	0	0	25	0	0	7	25	0	0	0	25	0	0	0.866		99.9738	61.4392	0.262114	0	2.62183	0.00276398	16.4734	2		0	12.0616	42.0662	0	0	0	
2024-06-13 16:22:28	1463	2702	1	0	0	6.5	27	0	0	0	27	0	0	1.25	27	0	0	0	27	0	0	4.546		99.9754	60.7823	0.0591164	0	0.59131	0.751023	19.5054	1		0	12.0616	41.8063	0	0	0	
2024-06-13 16:17:37	1427	2703	1	0	0	7.75	32	0	0	0	32	0	0	1.25	32	0	0	0	32	0	0	5.628		99.9716	61.7943	0.0391603	0	0.391714	0.372032	15.9979	1		0.0088623	12.0616	41.8063	0	0	0	
2024-06-13 16:12:39	1388	2704	5	0	0	5	21	0	0	0	21	0	0	5.5	21	0	0	0	21	0	0	0.433		99.9729	61.9362	0.516186	0	5.16326	0.471101	16.2209	1		0.0088623	12.0616	41.9363	0	0	0	
2024-06-13 16:11:58	1384	2705	5	0	0	5	21	0	0	0	21	0	0	4.25	21	0	0	0	21	0	0	0.649		99.9721	61.4492	0.34211	0	3.42206	0.297622	16.1261	4		0	12.0616	42.0662	0	0	0	
2024-06-13 16:10:13	1370	2706	1	0	0	3	13	0	0	0	13	0	0	1	13	0	0	0	13	0	0	1.732		99.9834	63.1883	0.106724	0	1.06742	0.250212	13.4136	1		0.0088623	12.0616	42.7159	0	0	0	
2024-06-13 16:07:02	1346	2707	1	0	0	1	5	0	0	0	5	0	0	2	5	0	0	0	5	0	0	0.866		99.9927	62.9709	0.225958	0	2.25975	0.241464	14.1984	1		0	12.0616	44.1454	0	0	0	
2024-06-13 16:19:03	1438	2708	9	0	0	1.75	8	0	0	0	8	0	0	6	8	0	0	0	8	0	0	3.68		99.9774	61.2023	0.0622683	0	0.622823	0.072219	16.6316	1		0	12.0616	41.6764	0	0	0	
2024-06-13 16:10:43	1374	2709	1	0	0	4	17	0	0	0	17	0	0	2.25	17	0	0	0	17	0	0	1.515		99.9786	62.0258	0.124467	0	1.24494	0.313005	13.6888	1		0.0088623	12.0616	42.7159	0	0	0	
2024-06-13 16:17:30	1426	2710	9	0	0	7.75	32	0	0	0	32	0	0	6	32	0	0	0	32	0	0	1.515		99.9744	61.8637	0.131183	0	1.31216	0.308915	14.428	1		0	12.0616	41.8063	0	0	0	
2024-06-13 16:17:00	1422	2711	9	0	0	7.75	32	0	0	0	32	0	0	4.75	32	0	0	0	32	0	0	2.598		99.9786	61.5442	0.0730258	0	0.730414	0.509148	13.768	1		0	12.0616	41.8063	0	0	0	
2024-06-13 16:14:42	1404	2712	5	0	0	6	25	0	0	0	25	0	0	2	25	0	0	0	25	0	0	3.464		99.9714	61.7083	0.0656147	0	0.656335	0.164779	16.4955	1		0	12.0616	41.9363	0	0	0	
2024-06-13 16:10:35	1373	2713	9	0	0	4	17	0	0	0	17	0	0	5.5	17	0	0	0	17	0	0	1.299		99.9802	62.0039	0.161905	0	1.61937	0.0384558	15.2622	1		0	12.0616	42.7159	0	0	0	
2024-06-13 16:10:28	1372	2714	9	0	0	4	17	0	0	0	17	0	0	4.25	17	0	0	0	17	0	0	0.216		99.9817	62.131	0.91619	0	9.16358	0.630647	14.3941	1		0	12.0705	42.586	0	0	0	
2024-06-13 16:05:14	1332	2715	1	0	0	0	1	0	0	0	1	0	0	1.75	1	0	0	0	1	0	0	1.515		99.9876	64.1401	0.123082	0	1.23097	0.103024	13.5353	2		0	12.0705	45.4448	0	0	0	
2024-06-13 16:24:23	1478	2716	1	0	0	3.75	16	0	0	4	16	0	0	3.5	16	0	0	4.25	16	0	0	0.13		99.9851	18.4017	0.646843	0	6.46939	0.13654	10.1621	1		0	12.0616	41.8063	0	0	0	
2024-06-13 16:10:21	1371	2717	1	0	0	3	13	0	0	0	13	0	0	2.75	13	0	0	0	13	0	0	0.216		99.9832	63.1342	0.799607	0	7.99742	0.434122	12.5623	1		0.0088623	11.9552	42.586	0	0	0	
2024-06-13 16:07:58	1352	2718	5	0	0	2	9	0	0	0	9	0	0	6	9	0	0	0	9	0	0	3.464		99.9867	62.996	0.0661055	0	0.661143	0.154507	16.6163	1		0	12.0616	43.6256	0	0	0	
2024-06-13 16:07:15	1348	2719	5	0	0	2	9	0	0	0	9	0	0	4.75	9	0	0	0	9	0	0	2.381		99.9883	62.486	0.0838888	0	0.838986	0.210045	14.4966	4		0	12.0705	43.8855	0	0	0	
2024-06-13 16:15:40	1412	2720	5	0	0	7	29	0	0	0	29	0	0	5	29	0	0	0	29	0	0	1.732		99.975	61.8453	0.1142	0	1.14228	0.362864	14.3544	1		0.0088623	12.0616	41.8063	0	0	0	
2024-06-13 16:15:40	1412	2721	1	0	0	7	29	0	0	0	29	0	0	3.75	29	0	0	0	29	0	0	2.814		99.975	61.8453	0.070528	0	0.705457	0.27441	14.4057	1		0.0088623	12.0616	41.8063	0	0	0	
2024-06-13 16:05:52	1337	2722	1	0	0	1	5	0	0	0	5	0	0	3.25	5	0	0	0	5	0	0	1.948		99.9883	63.4565	0.0942859	0	0.942969	0.304401	13.3309	1		0.0088623	12.0616	44.7951	0	0	0	
2024-06-13 16:18:36	1435	2723	9	0	0	2.75	12	0	0	0	12	0	0	5	12	0	0	0	12	0	0	1.948		99.9739	61.8698	0.0971802	0	0.972056	0.327783	13.7421	1		0	12.0616	41.8063	0	0	0	
2024-06-13 16:13:24	1394	2724	5	0	0	5	21	0	0	0	21	0	0	1.75	21	0	0	0	21	0	0	2.814		99.9794	62.074	0.0733655	0	0.733806	0.290435	14.9846	1		0	12.0616	42.0662	0	0	0	
2024-06-13 16:08:20	1355	2725	1	0	0	2	9	0	0	0	9	0	0	1.5	9	0	0	0	9	0	0	0.433		99.988	62.7774	0.476542	0	4.76599	0.344157	14.9728	1		0	12.0705	43.4956	0	0	0	
2024-06-13 16:05:32	1334	2726	5	0	0	0	1	0	0	0	1	0	0	2.75	1	0	0	0	1	0	0	2.381		99.9889	63.9414	0.105831	0	1.05843	0.151082	18.2884	1		0.0088623	12.0616	45.055	0	0	0	
2024-06-13 16:18:28	1434	2727	9	0	0	3.25	14	0	0	0	14	0	0	4.5	14	0	0	0	14	0	0	1.082		99.9734	61.6719	0.187728	0	1.87777	0.315354	14.748	1		0	12.0616	41.6764	0	0	0	
2024-06-13 16:09:52	1367	2728	9	0	0	3	13	0	0	0	13	0	0	6.75	13	0	0	0	13	0	0	3.247		99.9859	63.0907	0.0652424	0	0.652516	0.264007	15.3745	1		0	12.0616	42.7159	0	0	0	
2024-06-13 16:06:21	1341	2729	9	0	0	1	5	0	0	0	5	0	0	7.25	5	0	0	0	5	0	0	5.412		99.9867	62.6475	0.0662076	0	0.662164	0.516822	26.0031	2		0	11.9552	44.5352	0	0	0	
2024-06-13 16:13:46	1397	2730	9	0	0	6	25	0	0	0	25	0	0	7.5	25	0	0	0	25	0	0	1.299		99.9732	61.8963	0.158523	0	1.58566	0.316534	14.9445	1		0.0088623	12.0616	41.9363	0	0	0	
2024-06-13 16:14:34	1403	2731	5	0	0	6	25	0	0	0	25	0	0	6.25	25	0	0	0	25	0	0	0.216		99.9681	61.7691	0.894832	0	8.95118	0.477844	14.0605	1		0	12.0616	41.9363	0	0	0	
2024-06-13 16:16:41	1420	2732	1	0	0	7.75	32	0	0	0	32	0	0	0.5	32	0	0	0	32	0	0	6.278		99.9754	61.626	0.0363698	0	0.363788	0.298563	16.5716	1		0	12.0616	41.8063	0	0	0	
2024-06-13 16:12:29	1387	2733	1	0	0	5	21	0	0	0	21	0	0	3.5	21	0	0	0	21	0	0	1.299		99.9774	61.9218	0.151125	0	1.51159	0.0890213	14.2464	2		0	12.0616	42.1962	0	0	0	
2024-06-13 16:08:56	1360	2734	1	0	0	3	13	0	0	0	13	0	0	0.25	13	0	0	0	13	0	0	2.381		99.987	63.8598	0.0779822	0	0.779923	0.325949	13.4761	1		0	12.0705	43.2357	0	0	0	
2024-06-13 16:07:02	1346	2735	5	0	0	1	5	0	0	0	5	0	0	1.25	5	0	0	0	5	0	0	0.216		99.9927	62.9709	0.808468	0	8.08526	0.355952	12.7003	1		0	12.0616	44.1454	0	0	0	
2024-06-13 16:10:57	1376	2736	1	0	0	4	17	0	0	0	17	0	0	1.5	17	0	0	0	17	0	0	2.165		99.9784	62.1035	0.0859865	0	0.86005	0.0126952	13.5096	1		0	12.0616	42.586	0	0	0	
2024-06-13 16:19:11	1439	2737	9	0	0	1.5	7	0	0	0	7	0	0	6.25	7	0	0	0	7	0	0	4.113		99.9793	60.0173	0.0543287	0	0.5434	0.261094	16.2178	2		0	12.0616	41.8063	0	0	0	
2024-06-13 16:16:41	1420	2738	9	0	0	7.75	32	0	0	0	32	0	0	5.25	32	0	0	0	32	0	0	2.165		99.9754	61.626	0.0868308	0	0.868521	0.835974	13.6427	1		0	12.0616	41.8063	0	0	0	
2024-06-13 16:17:37	1427	2739	5	0	0	7.75	32	0	0	0	32	0	0	4	32	0	0	0	32	0	0	3.247		99.9716	61.7943	0.0586043	0	0.586209	0.296536	13.8122	1		0.0088623	12.0616	41.8063	0	0	0	
2024-06-13 16:15:03	1407	2740	1	0	0	6	25	0	0	0	25	0	0	1.25	25	0	0	0	25	0	0	4.113		99.9718	61.5653	0.0601022	0	0.601192	0.627276	17.9426	1		0	12.0616	41.9363	0	0	0	
2024-06-13 16:10:50	1375	2741	1	0	0	4	17	0	0	0	17	0	0	3.5	17	0	0	0	17	0	0	0.433		99.9794	62.1215	0.529493	0	5.29602	0.460293	16.6379	1		0.0088623	12.0616	42.4561	0	0	0	
2024-06-13 16:04:07	1324	2742	1	0	0	0	1	0	0	0	1	0	0	1	1	0	0	0	1	0	0	0.866		99.9926	69.9453	0.232531	0	2.32549	0.736212	14.6115	1		0	11.973	46.3544	0	0	0	
2024-06-13 16:07:15	1348	2743	9	0	0	2	9	0	0	0	9	0	0	5.25	9	0	0	0	9	0	0	2.814		99.9883	62.486	0.0784682	0	0.784774	0.0904221	16.0254	4		0	12.0705	43.8855	0	0	0	
2024-06-13 16:08:06	1353	2744	9	0	0	2	9	0	0	0	9	0	0	4	9	0	0	0	9	0	0	1.732		99.99	62.7115	0.110172	0	1.10183	0.176767	13.846	1		0.0088623	12.0616	43.4956	0	0	0	
2024-06-13 16:23:29	1471	2745	1	0	0	3.5	15	0	0	0	15	0	0	2.25	15	0	0	0	15	0	0	1.082		99.9775	60.8158	0.180897	0	1.80938	0.54523	14.2109	1		0	11.9552	41.8063	0	0	0	
2024-06-13 16:15:33	1411	2746	1	0	0	7	29	0	0	0	29	0	0	3	29	0	0	0	29	0	0	3.464		99.971	61.7019	0.0589585	0	0.589757	0.0112988	14.8222	1		0	12.0616	41.9363	0	0	0	
2024-06-13 16:06:07	1339	2747	1	0	0	1	5	0	0	0	5	0	0	2.5	5	0	0	0	5	0	0	1.299		99.9918	63.2169	0.146487	0	1.46499	0.276622	13.8072	1		0.0088623	12.0616	44.6651	0	0	0	
2024-06-13 16:04:49	1329	2748	5	0	0	0	1	0	0	0	1	0	0	6.75	1	0	0	0	1	0	0	5.845		99.994	65.6856	0.0410592	0	0.410616	0.513321	17.4149	1		0.0088623	12.0616	45.8346	0	0	0	
2024-06-13 16:20:21	1447	2749	1	0	0	2.75	12	0	0	0	12	0	0	3	12	0	0	0	12	0	0	0.216		99.9794	61.3853	0.801209	0	8.01375	0.673471	12.588	1		0	12.0616	41.6764	0	0	0	
2024-06-13 16:13:08	1392	2750	5	0	0	5	21	0	0	0	21	0	0	1	21	0	0	0	21	0	0	3.464		99.9742	62.1173	0.0638384	0	0.638549	0.0421907	16.0485	1		0	12.0616	42.0662	0	0	0	
2024-06-13 16:25:57	1487	2751	1	0	0	0.5	3	0	0	7.25	3	0	0	2.75	3	0	0	5	3	0	0	1.168		99.9805	20.5305	0.0789104	0	0.789258	0.067643	11.1579	2		0	12.0705	41.6764	0	0	0	
2024-06-13 16:21:04	1453	2752	9	0	0	6.75	28	0	0	0	28	0	0	7	28	0	0	0	28	0	0	0.216		99.9794	60.8401	0.844346	0	8.4452	0.8042	13.2657	1		0	11.9552	41.6764	0	0	0	
2024-06-13 16:08:42	1358	2753	5	0	0	2	9	0	0	0	9	0	0	0.75	9	0	0	0	9	0	0	1.082		99.9828	62.7659	0.175168	0	1.75198	0.350541	13.7601	1		0	12.0616	43.2357	0	0	0	
2024-06-13 16:09:18	1363	2754	5	0	0	3	13	0	0	0	13	0	0	6	13	0	0	0	13	0	0	2.598		99.9818	63.3085	0.0798414	0	0.798559	0.0706909	15.0525	1		0	12.0616	43.1058	0	0	0	
2024-06-13 16:08:56	1360	2755	9	0	0	3	13	0	0	0	13	0	0	4.75	13	0	0	0	13	0	0	1.515		99.987	63.8598	0.128756	0	1.28773	0.540214	14.1593	1		0	12.0705	43.2357	0	0	0	
2024-06-13 16:06:39	1343	2756	5	0	0	1	5	0	0	0	5	0	0	7.75	5	0	0	0	5	0	0	5.845		99.991	62.8468	0.0396857	0	0.396893	0.237075	16.8328	1		0	12.0616	44.2753	0	0	0	
2024-06-13 16:06:07	1339	2757	9	0	0	1	5	0	0	0	5	0	0	6.5	5	0	0	0	5	0	0	4.762		99.9918	63.2169	0.0522985	0	0.523027	0.635399	18.0745	1		0.0088623	12.0616	44.6651	0	0	0	
2024-06-13 16:14:26	1402	2758	5	0	0	6	25	0	0	0	25	0	0	5.5	25	0	0	0	25	0	0	0.433		99.9742	61.7167	0.530431	0	5.30568	0.571888	16.6683	1		0	12.0616	41.6764	0	0	0	
2024-06-13 16:13:39	1396	2759	5	0	0	6	25	0	0	0	25	0	0	4.25	25	0	0	0	25	0	0	1.515		99.9731	62.1641	0.134567	0	1.34603	0.646431	14.8004	1		0	12.0705	42.0662	0	0	0	
2024-06-13 16:13:16	1393	2760	5	0	0	5	21	0	0	0	21	0	0	2.75	21	0	0	0	21	0	0	1.948		99.978	62.2764	0.0969698	0	0.969911	0.195967	13.7118	1		0.0088623	12.0705	42.1962	0	0	0	
2024-06-13 16:06:32	1342	2761	1	0	0	1	5	0	0	0	5	0	0	0.5	5	0	0	0	5	0	0	0.433		99.9929	62.8774	0.497819	0	4.97854	0.512712	15.6406	1		0.0088623	12.0705	44.2753	0	0	0	
2024-06-13 16:11:12	1378	2762	1	0	0	4	17	0	0	0	17	0	0	0.75	17	0	0	0	17	0	0	2.814		99.9773	61.6082	0.0695117	0	0.695275	0.130613	14.1978	2		0	12.0616	42.4561	0	0	0	
2024-06-13 16:18:07	1431	2763	1	0	0	7.75	32	0	0	0	32	0	0	3.25	32	0	0	0	32	0	0	3.897		99.9753	61.5339	0.049565	0	0.495773	0.224371	14.0176	1		0	12.0616	41.5464	0	0	0	
2024-06-13 16:25:02	1482	2764	1	0	0	2.75	12	0	0	5	12	0	0	0.5	12	0	0	7.25	12	0	0	1.168		99.9811	20.805	0.0844833	0	0.844993	0.717807	11.9458	2		0	12.0616	41.8063	0	0	0	
2024-06-13 16:19:21	1440	2765	9	0	0	1.25	6	0	0	0	6	0	0	6.5	6	0	0	0	6	0	0	4.546		99.978	60.8357	0.0522368	0	0.522483	0.399758	17.235	1		0	12.0616	41.6764	0	0	0	
2024-06-13 16:13:39	1396	2766	1	0	0	6	25	0	0	0	25	0	0	0.5	25	0	0	0	25	0	0	4.762		99.9731	62.1641	0.0564388	0	0.56454	0.207183	19.5091	1		0	12.0705	42.0662	0	0	0	
2024-06-13 16:10:28	1372	2767	1	0	0	4	17	0	0	0	17	0	0	2.75	17	0	0	0	17	0	0	1.082		99.9817	62.131	0.182957	0	1.8299	0.972532	14.372	1		0	12.0705	42.586	0	0	0	
2024-06-13 16:04:49	1329	2768	1	0	0	0	1	0	0	0	1	0	0	0.25	1	0	0	0	1	0	0	0.216		99.994	65.6856	0.812101	0	8.1215	0.376362	12.7572	1		0.0088623	12.0616	45.8346	0	0	0	
2024-06-13 16:08:35	1357	2769	5	0	0	2	9	0	0	0	9	0	0	3.25	9	0	0	0	9	0	0	1.082		99.9861	62.5952	0.18224	0	1.82266	0.277607	14.3151	1		0	12.0616	43.3657	0	0	0	
2024-06-13 16:16:34	1419	2770	5	0	0	7	29	0	0	0	29	0	0	1.75	29	0	0	0	29	0	0	4.546		99.9748	61.5334	0.0506585	0	0.506713	0.71433	16.7148	1		0	12.0616	41.8063	0	0	0	
2024-06-13 16:04:57	1330	2771	5	0	0	0	1	0	0	0	1	0	0	6	1	0	0	0	1	0	0	5.195		99.9888	65.2873	0.0508281	0	0.508338	0.128768	19.1639	1		0	12.0705	45.5748	0	0	0	
2024-06-13 16:04:27	1326	2772	5	0	0	0	1	0	0	0	1	0	0	4.75	1	0	0	0	1	0	0	4.113		99.9962	67.2315	0.0527418	0	0.527438	0.204664	15.7415	1		0	12.0616	46.3544	0	0	0	
2024-06-13 16:22:43	1465	2773	1	0	0	7.25	30	0	0	0	30	0	0	0.5	30	0	0	0	30	0	0	5.845		99.9688	61.3485	0.0543551	0	0.543721	0.366883	23.06	1		0	12.0616	41.6764	0	0	0	
2024-06-13 16:12:53	1390	2774	1	0	0	5	21	0	0	0	21	0	0	0.25	21	0	0	0	21	0	0	4.113		99.9729	62.0791	0.0521122	0	0.521263	0.0988885	15.5572	1		0	12.0616	42.0662	0	0	0	
2024-06-13 16:12:14	1385	2775	9	0	0	5	21	0	0	0	21	0	0	6.75	21	0	0	0	21	0	0	1.515		99.973	63.5388	0.1388	0	1.38837	0.0953401	15.2659	1		0	12.0616	42.1962	0	0	0	
2024-06-13 16:10:21	1371	2776	5	0	0	3	13	0	0	0	13	0	0	2.25	13	0	0	0	13	0	0	0.649		99.9832	63.1342	0.325296	0	3.2535	0.344102	15.3318	1		0.0088623	11.9552	42.586	0	0	0	
2024-06-13 16:08:35	1357	2777	1	0	0	2	9	0	0	0	9	0	0	0	9	0	0	0	9	0	0	1.732		99.9861	62.5952	0.132293	0	1.32311	0.258347	16.6267	1		0	12.0616	43.3657	0	0	0	
2024-06-13 16:21:11	1454	2778	9	0	0	6.5	27	0	0	0	27	0	0	7.25	27	0	0	0	27	0	0	0.649		99.9754	60.5908	0.368398	0	3.68489	0.114202	17.3646	2		0	12.0616	41.6764	0	0	0	
2024-06-13 16:16:49	1421	2779	9	0	0	7.75	32	0	0	0	32	0	0	7.25	32	0	0	0	32	0	0	0.433		99.9772	61.379	0.477165	0	4.77274	0.243299	14.994	2		0	12.0616	41.8063	0	0	0	
2024-06-13 16:22:50	1466	2780	1	0	0	7.5	31	0	0	0	31	0	0	0.25	31	0	0	0	31	0	0	6.278		99.9735	61.1702	0.0409995	0	0.410104	0.2364	18.6815	1		0	12.0616	41.8063	0	0	0	
2024-06-13 16:19:52	1444	2781	1	0	0	0.75	4	0	0	0	4	0	0	1	4	0	0	0	4	0	0	0.216		99.9775	61.0913	0.821897	0	8.22082	0.455687	12.9132	1		0	12.0616	41.8063	0	0	0	
2024-06-13 16:22:00	1460	2782	1	0	0	5.5	23	0	0	0	23	0	0	2.25	23	0	0	0	23	0	0	2.814		99.9734	60.2555	0.1129	0	1.1293	0.619077	23.0607	2		0	12.0616	41.6764	0	0	0	
2024-06-13 16:11:05	1377	2783	5	0	0	4	17	0	0	0	17	0	0	6.75	17	0	0	0	17	0	0	2.381		99.9766	62.5735	0.0847279	0	0.847478	0.0458059	14.6434	1		0	12.0616	42.4561	0	0	0	
2024-06-13 16:09:11	1362	2784	1	0	0	3	13	0	0	0	13	0	0	5.25	13	0	0	0	13	0	0	1.948		99.9886	63.5779	0.0998743	0	0.998856	0.20166	14.121	1		0.0088623	12.0616	43.1058	0	0	0	
2024-06-13 16:09:44	1366	2785	9	0	0	3	13	0	0	0	13	0	0	4	13	0	0	0	13	0	0	0.866		99.9816	63.0527	0.245385	0	2.4543	0.28842	15.4208	1		0.0088623	11.9552	42.9758	0	0	0	
2024-06-13 16:07:51	1351	2786	5	0	0	2	9	0	0	0	9	0	0	7.25	9	0	0	0	9	0	0	4.546		99.9886	62.9426	0.0591425	0	0.591493	0.422546	19.5114	1		0.0088623	12.0705	43.7555	0	0	0	
2024-06-13 16:15:18	1409	2787	9	0	0	7	29	0	0	0	29	0	0	7.5	29	0	0	0	29	0	0	0.433		99.9764	62.0707	0.481688	0	4.81802	0.778173	15.1363	1		0	12.0616	41.9363	0	0	0	
2024-06-13 16:15:18	1409	2788	5	0	0	7	29	0	0	0	29	0	0	6.25	29	0	0	0	29	0	0	0.649		99.9764	62.0707	0.35001	0	3.50093	0.819599	16.4977	1		0	12.0616	41.9363	0	0	0	
2024-06-13 16:05:52	1337	2789	9	0	0	1	5	0	0	0	5	0	0	5.75	5	0	0	0	5	0	0	4.113		99.9883	63.4565	0.0531166	0	0.531228	0.178863	15.8546	1		0.0088623	12.0616	44.7951	0	0	0	
2024-06-13 16:06:00	1338	2790	5	0	0	1	5	0	0	0	5	0	0	4.5	5	0	0	0	5	0	0	3.031		99.9912	63.3245	0.0709117	0	0.70918	0.642231	15.5957	1		0	12.0616	44.5352	0	0	0	
2024-06-13 16:13:46	1397	2791	1	0	0	6	25	0	0	0	25	0	0	3.5	25	0	0	0	25	0	0	2.165		99.9732	61.8963	0.0891146	0	0.891384	0.15599	14.0018	1		0.0088623	12.0616	41.9363	0	0	0	
2024-06-13 16:11:29	1380	2792	1	0	0	4	17	0	0	0	17	0	0	0	17	0	0	0	17	0	0	3.464		99.9769	61.8081	0.0617052	0	0.617195	0.0828096	15.5118	1		0.0088623	11.9552	42.1962	0	0	0	
2024-06-13 16:17:59	1430	2793	5	0	0	7.75	32	0	0	0	32	0	0	2.5	32	0	0	0	32	0	0	4.546		99.9775	61.5552	0.0456095	0	0.456197	0.0992186	15.0485	1		0	12.0616	41.8063	0	0	0	
2024-06-13 16:08:06	1353	2794	1	0	0	2	9	0	0	0	9	0	0	2.5	9	0	0	0	9	0	0	0.433		99.99	62.7115	0.474982	0	4.7503	0.355019	14.9235	1		0.0088623	12.0616	43.4956	0	0	0	
2024-06-13 16:16:20	1417	2795	1	0	0	7	29	0	0	0	29	0	0	1	29	0	0	0	29	0	0	5.195		99.9737	61.7485	0.0471962	0	0.472086	0.712295	17.7972	1		0	12.0616	41.8063	0	0	0	
2024-06-13 16:04:20	1325	2796	9	0	0	0	1	0	0	0	1	0	0	5.25	1	0	0	0	1	0	0	4.546		99.9945	68.1836	0.0512593	0	0.512621	0.729294	16.9097	1		0.0088623	12.0616	46.3544	0	0	0	
2024-06-13 16:04:07	1324	2797	9	0	0	0	1	0	0	0	1	0	0	4	1	0	0	0	1	0	0	3.464		99.9926	69.9453	0.0612437	0	0.612483	0.452746	15.3934	1		0	11.973	46.3544	0	0	0	
2024-06-13 16:17:22	1425	2798	1	0	0	7.75	32	0	0	0	32	0	0	1.75	32	0	0	0	32	0	0	5.195		99.9769	61.6017	0.0407318	0	0.407412	0.266571	15.3591	1		0	12.0616	41.6764	0	0	0	
2024-06-13 16:12:53	1390	2799	9	0	0	5	21	0	0	0	21	0	0	6	21	0	0	0	21	0	0	0.866		99.9729	62.0791	0.256643	0	2.56713	0.393425	16.1297	1		0	12.0616	42.0662	0	0	0	
2024-06-13 16:12:21	1386	2800	9	0	0	5	21	0	0	0	21	0	0	4.75	21	0	0	0	21	0	0	0.216		99.9728	62.6881	0.831597	0	8.31823	0.587571	13.0662	1		0	12.0616	42.1962	0	0	0	
2024-06-13 16:09:52	1367	2801	1	0	0	3	13	0	0	0	13	0	0	1.5	13	0	0	0	13	0	0	1.299		99.9859	63.0907	0.143761	0	1.43781	0.221347	13.5511	1		0	12.0616	42.7159	0	0	0	
2024-06-13 16:17:07	1423	2802	9	0	0	7.75	32	0	0	0	32	0	0	6.5	32	0	0	0	32	0	0	1.082		99.9786	61.6208	0.192467	0	1.92508	0.397653	15.1195	1		0	12.0616	41.6764	0	0	0	
2024-06-13 16:18:53	1437	2803	9	0	0	2.25	10	0	0	0	10	0	0	5.5	10	0	0	0	10	0	0	2.814		99.9778	61.7246	0.0841792	0	0.841979	0.382708	17.1935	2		0	12.0616	41.8063	0	0	0	
2024-06-13 16:24:47	1481	2804	1	0	0	3	13	0	0	4.75	13	0	0	1.25	13	0	0	6.5	13	0	0	0.908		99.9819	20.806	0.072361	0	0.723741	1.61976	7.95795	4		0.0088623	11.973	41.8063	0	0	0	
2024-06-13 16:10:50	1375	2805	5	0	0	4	17	0	0	0	17	0	0	6	17	0	0	0	17	0	0	1.732		99.9794	62.1215	0.115645	0	1.15669	0.29537	14.5354	1		0.0088623	12.0616	42.4561	0	0	0	
2024-06-13 16:10:43	1374	2806	9	0	0	4	17	0	0	0	17	0	0	4.75	17	0	0	0	17	0	0	0.649		99.9786	62.0258	0.359496	0	3.59573	0.441469	16.9445	1		0.0088623	12.0616	42.7159	0	0	0	
2024-06-13 16:05:03	1331	2807	1	0	0	0	1	0	0	0	1	0	0	2.25	1	0	0	0	1	0	0	1.948		99.9898	64.397	0.107897	0	1.07908	0.0625803	15.2551	2		0.0088623	12.0616	45.5748	0	0	0	
2024-06-13 16:24:37	1480	2808	1	0	0	3.25	14	0	0	4.5	14	0	0	2	14	0	0	5.75	14	0	0	0.649		99.9815	20.3203	0.179506	0	1.79539	0.0130746	14.101	2		0	12.0616	41.8063	0	0	0	
2024-06-13 16:10:06	1369	2809	5	0	0	3	13	0	0	0	13	0	0	3.25	13	0	0	0	13	0	0	0.216		99.9823	62.9942	0.821213	0	8.21358	0.433747	12.9019	1		0.0088623	12.0616	42.8459	0	0	0	
2024-06-13 16:08:20	1355	2810	9	0	0	2	9	0	0	0	9	0	0	7.75	9	0	0	0	9	0	0	4.979		99.988	62.7774	0.0439596	0	0.439649	0.749918	15.8838	1		0	12.0705	43.4956	0	0	0	
2024-06-13 16:08:06	1353	2811	5	0	0	2	9	0	0	0	9	0	0	6.5	9	0	0	0	9	0	0	3.897		99.99	62.7115	0.0559104	0	0.55916	0.172838	15.8099	1		0.0088623	12.0616	43.4956	0	0	0	
2024-06-13 16:15:58	1414	2812	5	0	0	7	29	0	0	0	29	0	0	5.5	29	0	0	0	29	0	0	1.299		99.9727	61.5828	0.159187	0	1.5923	0.389991	15.0071	1		0	12.0616	41.6764	0	0	0	
2024-06-13 16:15:10	1408	2813	9	0	0	7	29	0	0	0	29	0	0	4.25	29	0	0	0	29	0	0	2.381		99.9743	61.9004	0.0829319	0	0.829533	0.217087	14.3333	1		0	12.0616	41.9363	0	0	0	
2024-06-13 16:05:45	1336	2814	9	0	0	1	5	0	0	0	5	0	0	5	5	0	0	0	5	0	0	3.464		99.9919	63.5583	0.0637712	0	0.637763	0.407449	16.0287	1		0	12.0616	44.7951	0	0	0	
2024-06-13 16:06:47	1344	2815	5	0	0	1	5	0	0	0	5	0	0	3.75	5	0	0	0	5	0	0	2.381		99.9904	62.9474	0.080833	0	0.808408	0.262718	13.9683	1		0.0088623	12.0705	44.1454	0	0	0	
2024-06-13 16:14:26	1402	2816	1	0	0	6	25	0	0	0	25	0	0	2.75	25	0	0	0	25	0	0	2.814		99.9742	61.7167	0.0717368	0	0.717554	0.150598	14.6527	1		0	12.0616	41.6764	0	0	0	
2024-06-13 16:13:31	1395	2817	1	0	0	5	21	0	0	0	21	0	0	2.25	21	0	0	0	21	0	0	2.381		99.9739	62.2746	0.0808076	0	0.808287	0.126153	13.9662	1		0.0088623	12.0616	42.0662	0	0	0	
2024-06-13 16:15:10	1408	2818	1	0	0	7	29	0	0	0	29	0	0	0.25	29	0	0	0	29	0	0	5.845		99.9743	61.9004	0.0407075	0	0.40718	0.885929	17.2691	1		0	12.0616	41.9363	0	0	0	
2024-06-13 16:05:25	1333	2819	5	0	0	0	1	0	0	0	1	0	0	3.25	1	0	0	0	1	0	0	2.814		99.9896	64.1055	0.0695283	0	0.695355	0.306222	14.1994	1		0.0088623	12.0616	45.3149	0	0	0	
2024-06-13 16:09:34	1365	2820	5	0	0	3	13	0	0	0	13	0	0	7.25	13	0	0	0	13	0	0	3.68		99.9824	62.9396	0.0756114	0	0.756247	0.394996	20.1945	2		0	12.0705	42.9758	0	0	0	
2024-06-13 16:14:19	1401	2821	5	0	0	6	25	0	0	0	25	0	0	6.75	25	0	0	0	25	0	0	0.649		99.9706	61.7604	0.367472	0	3.6758	0.476957	17.3218	1		0	12.0616	41.9363	0	0	0	
2024-06-13 16:18:14	1432	2822	9	0	0	3.75	16	0	0	0	16	0	0	4	16	0	0	0	16	0	0	0.216		99.9732	61.1698	0.902344	0	9.02586	0.768989	14.1778	1		0	12.0616	41.8063	0	0	0	
2024-06-13 16:17:15	1424	2823	1	0	0	7.75	32	0	0	0	32	0	0	1	32	0	0	0	32	0	0	5.845		99.975	61.8228	0.0380801	0	0.380896	0.74241	16.1544	1		0	12.0616	41.8063	0	0	0	
2024-06-13 16:12:39	1388	2824	9	0	0	5	21	0	0	0	21	0	0	5.25	21	0	0	0	21	0	0	0.216		99.9729	61.9362	0.850191	0	8.50422	0.388804	13.3584	1		0.0088623	12.0616	41.9363	0	0	0	
2024-06-13 16:11:58	1384	2825	9	0	0	5	21	0	0	0	21	0	0	4	21	0	0	0	21	0	0	0.866		99.9721	61.4492	0.248232	0	2.48302	2.55626	15.6013	4		0	12.0616	42.0662	0	0	0	
2024-06-13 16:10:06	1369	2826	1	0	0	3	13	0	0	0	13	0	0	0.75	13	0	0	0	13	0	0	1.948		99.9823	62.9942	0.0946398	0	0.946565	0.253943	13.3817	1		0.0088623	12.0616	42.8459	0	0	0	
2024-06-13 16:06:21	1341	2827	1	0	0	1	5	0	0	0	5	0	0	1.75	5	0	0	0	5	0	0	0.649		99.9867	62.6475	0.320703	0	3.20746	0.0307986	15.1148	2		0	11.9552	44.5352	0	0	0	
2024-06-13 16:11:36	1381	2828	1	0	0	4	17	0	0	0	17	0	0	2	17	0	0	0	17	0	0	1.732		99.9787	61.7543	0.10936	0	1.09383	0.366929	13.7455	1		0	12.0616	42.4561	0	0	0	
2024-06-13 16:17:15	1424	2829	5	0	0	7.75	32	0	0	0	32	0	0	5.75	32	0	0	0	32	0	0	1.732		99.975	61.8228	0.111948	0	1.11976	0.528572	14.0713	1		0	12.0616	41.8063	0	0	0	
2024-06-13 16:17:15	1424	2830	9	0	0	7.75	32	0	0	0	32	0	0	4.5	32	0	0	0	32	0	0	2.814		99.975	61.8228	0.0674705	0	0.674874	0.531517	13.7812	1		0	12.0616	41.8063	0	0	0	
2024-06-13 16:20:34	1449	2831	1	0	0	2.25	10	0	0	0	10	0	0	3.5	10	0	0	0	10	0	0	1.082		99.9858	61.91	0.181967	0	1.81993	0.478114	14.2937	1		0	11.9552	41.6764	0	0	0	
2024-06-13 16:19:45	1443	2832	9	0	0	0.25	2	0	0	0	2	0	0	7.5	2	0	0	0	2	0	0	6.278		99.9786	60.9457	0.0385676	0	0.385758	0.12392	17.5725	1		0	12.0616	41.6764	0	0	0	
2024-06-13 16:15:03	1407	2833	5	0	0	6	25	0	0	0	25	0	0	1.75	25	0	0	0	25	0	0	3.68		99.9718	61.5653	0.0639941	0	0.640121	0.397247	17.0935	1		0	12.0616	41.9363	0	0	0	
2024-06-13 16:10:35	1373	2834	5	0	0	4	17	0	0	0	17	0	0	5.25	17	0	0	0	17	0	0	1.082		99.9802	62.0039	0.197493	0	1.97532	0.374955	15.5142	1		0	12.0616	42.7159	0	0	0	
2024-06-13 16:04:57	1330	2835	1	0	0	0	1	0	0	0	1	0	0	1.5	1	0	0	0	1	0	0	1.299		99.9888	65.2873	0.144381	0	1.44398	0.235094	13.6091	1		0	12.0705	45.5748	0	0	0	
2024-06-13 16:09:18	1363	2836	1	0	0	3	13	0	0	0	13	0	0	2.5	13	0	0	0	13	0	0	0.433		99.9818	63.3085	0.475159	0	4.75245	0.55958	14.9303	1		0	12.0616	43.1058	0	0	0	
2024-06-13 16:08:12	1354	2837	5	0	0	2	9	0	0	0	9	0	0	5.75	9	0	0	0	9	0	0	3.247		99.9894	62.7977	0.0658634	0	0.658704	0.0248623	15.5203	1		0	12.0616	43.3657	0	0	0	
2024-06-13 16:07:41	1350	2838	9	0	0	2	9	0	0	0	9	0	0	4.5	9	0	0	0	9	0	0	2.165		99.992	62.8689	0.0903645	0	0.903717	0.06742	14.1956	2		0	12.0616	43.7555	0	0	0	
2024-06-13 16:15:18	1409	2839	1	0	0	7	29	0	0	0	29	0	0	3.5	29	0	0	0	29	0	0	3.031		99.9764	62.0707	0.0651513	0	0.651666	0.0609719	14.3309	1		0	12.0616	41.9363	0	0	0	
2024-06-13 16:05:45	1336	2840	1	0	0	1	5	0	0	0	5	0	0	3	5	0	0	0	5	0	0	1.732		99.9919	63.5583	0.106966	0	1.06975	0.67228	13.4428	1		0	12.0616	44.7951	0	0	0	
2024-06-13 16:05:03	1331	2841	5	0	0	0	1	0	0	0	1	0	0	7.25	1	0	0	0	1	0	0	6.278		99.9898	64.397	0.0421978	0	0.422021	0.167233	19.2244	2		0.0088623	12.0616	45.5748	0	0	0	
2024-06-13 16:13:24	1394	2842	1	0	0	5	21	0	0	0	21	0	0	1.5	21	0	0	0	21	0	0	3.031		99.9794	62.074	0.0663103	0	0.663239	0.0468509	14.5854	1		0	12.0616	42.0662	0	0	0	
2024-06-13 16:08:27	1356	2843	1	0	0	2	9	0	0	0	9	0	0	1.25	9	0	0	0	9	0	0	0.649		99.9867	62.6576	0.311247	0	3.11288	0.311241	14.6691	1		0	12.0616	43.3657	0	0	0	
2024-06-13 16:23:04	1468	2844	1	0	0	1.5	7	0	0	0	7	0	0	0.25	7	0	0	0	7	0	0	1.082		99.9769	60.1044	0.179521	0	1.79562	0.331056	14.1028	1		0	12.0616	41.6764	0	0	0	
2024-06-13 16:05:38	1335	2845	1	0	0	0	1	0	0	0	1	0	0	2.5	1	0	0	0	1	0	0	2.165		99.9913	63.7821	0.0885946	0	0.886023	0.156118	13.9176	1		0	11.9552	45.055	0	0	0	
2024-06-13 16:22:18	1462	2846	1	0	0	6.25	26	0	0	0	26	0	0	1.5	26	0	0	0	26	0	0	4.113		99.9743	60.6446	0.059975	0	0.599905	0.160084	17.9042	2		0	12.0616	41.5464	0	0	0	
2024-06-13 16:24:05	1476	2847	9	0	0	7.25	30	0	0	0	30	0	0	6.5	30	0	0	0	30	0	0	0.649		99.9796	61.1662	0.341624	0	3.41693	0.654972	16.1019	1		0	12.0616	41.8063	0	0	0	
2024-06-13 16:09:04	1361	2848	5	0	0	3	13	0	0	0	13	0	0	7.75	13	0	0	0	13	0	0	4.113		99.9866	63.7699	0.0504848	0	0.504916	0.255619	15.0693	1		0.0088623	12.0616	43.1058	0	0	0	
2024-06-13 16:09:18	1363	2849	9	0	0	3	13	0	0	0	13	0	0	6.5	13	0	0	0	13	0	0	3.031		99.9818	63.3085	0.0692686	0	0.692812	0.337133	15.2357	1		0	12.0616	43.1058	0	0	0	
2024-06-13 16:06:21	1341	2850	5	0	0	1	5	0	0	0	5	0	0	7	5	0	0	0	5	0	0	5.195		99.9867	62.6475	0.0461258	0	0.461319	0.0724665	17.3913	2		0	11.9552	44.5352	0	0	0	
2024-06-13 16:13:54	1398	2851	5	0	0	6	25	0	0	0	25	0	0	4.75	25	0	0	0	25	0	0	1.082		99.9743	62.0043	0.199228	0	1.9928	0.759647	15.6514	1		0	12.0616	41.9363	0	0	0	
2024-06-13 16:17:00	1422	2852	1	0	0	7.75	32	0	0	0	32	0	0	0.25	32	0	0	0	32	0	0	6.494		99.9786	61.5442	0.0337317	0	0.33739	0.552787	15.8991	1		0	12.0616	41.8063	0	0	0	
2024-06-13 16:12:46	1389	2853	1	0	0	5	21	0	0	0	21	0	0	3.25	21	0	0	0	21	0	0	1.515		99.9759	62.1593	0.126275	0	1.26305	0.16311	13.888	1		0	12.0616	42.1962	0	0	0	
2024-06-13 16:09:59	1368	2854	1	0	0	3	13	0	0	0	13	0	0	0	13	0	0	0	13	0	0	2.598		99.984	63.0722	0.0779258	0	0.779383	0.0879624	14.691	1		0	12.0616	42.8459	0	0	0	
2024-06-13 16:18:21	1433	2855	9	0	0	3.5	15	0	0	0	15	0	0	4.25	15	0	0	0	15	0	0	0.649		99.9745	60.9777	0.345895	0	3.45983	0.525922	16.3041	1		0	12.0616	41.8063	0	0	0	
2024-06-13 16:11:51	1383	2856	5	0	0	4	17	0	0	0	17	0	0	1.25	17	0	0	0	17	0	0	2.381		99.9759	61.5762	0.080644	0	0.806635	0.378778	13.9376	1		0	12.0616	42.3261	0	0	0	
2024-06-13 16:16:41	1420	2857	5	0	0	7.75	32	0	0	0	32	0	0	5	32	0	0	0	32	0	0	2.381		99.9754	61.626	0.0788608	0	0.788802	0.749399	13.6295	1		0	12.0616	41.8063	0	0	0	
2024-06-13 16:17:52	1429	2858	5	0	0	7.75	32	0	0	0	32	0	0	3.75	32	0	0	0	32	0	0	3.464		99.9729	61.6073	0.05549	0	0.555051	0.135404	13.95	1		0	12.0616	41.6764	0	0	0	
2024-06-13 16:25:47	1486	2859	1	0	0	1.25	6	0	0	6.5	6	0	0	3	6	0	0	4.75	6	0	0	0.908		99.9832	20.1773	0.0942367	0	0.942525	0.014249	10.3636	2		0.0088623	12.0705	41.8063	0	0	0	
2024-06-13 16:14:49	1405	2860	1	0	0	6	25	0	0	0	25	0	0	1	25	0	0	0	25	0	0	4.33		99.9743	61.6259	0.0583914	0	0.584064	0.386016	18.3489	1		0	12.0616	41.9363	0	0	0	
2024-06-13 16:11:05	1377	2861	1	0	0	4	17	0	0	0	17	0	0	3.25	17	0	0	0	17	0	0	0.649		99.9766	62.5735	0.344934	0	3.45015	0.412646	16.2584	1		0	12.0616	42.4561	0	0	0	
2024-06-13 16:05:32	1334	2862	1	0	0	0	1	0	0	0	1	0	0	0.75	1	0	0	0	1	0	0	0.649		99.9889	63.9414	0.326921	0	3.26957	0.293439	15.4075	1		0.0088623	12.0616	45.055	0	0	0	
2024-06-13 16:25:13	1483	2863	1	0	0	3.5	15	0	0	4.25	15	0	0	3.75	15	0	0	4	15	0	0	0.13		99.9844	19.4272	0.604789	0	6.04883	0.119884	9.50149	2		0.0088623	12.0616	41.8063	0	0	0	
2024-06-13 16:07:58	1352	2864	9	0	0	2	9	0	0	0	9	0	0	5	9	0	0	0	9	0	0	2.598		99.9867	62.996	0.0779758	0	0.779862	0.103731	14.7001	1		0	12.0616	43.6256	0	0	0	
2024-06-13 16:08:27	1356	2865	5	0	0	2	9	0	0	0	9	0	0	3.75	9	0	0	0	9	0	0	1.515		99.9867	62.6576	0.132721	0	1.32738	0.469844	14.5953	1		0	12.0616	43.3657	0	0	0	
2024-06-13 16:15:58	1414	2866	1	0	0	7	29	0	0	0	29	0	0	2.75	29	0	0	0	29	0	0	3.68		99.9727	61.5828	0.0559989	0	0.560141	0.0659524	14.9578	1		0	12.0616	41.6764	0	0	0	
2024-06-13 16:15:47	1413	2867	1	0	0	7	29	0	0	0	29	0	0	2.25	29	0	0	0	29	0	0	4.113		99.9758	61.3384	0.0516596	0	0.516721	0.166663	15.4216	2		0	12.0616	41.6764	0	0	0	
2024-06-13 16:04:34	1327	2868	5	0	0	0	1	0	0	0	1	0	0	7.75	1	0	0	0	1	0	0	6.711		99.9951	66.6019	0.0356883	0	0.3569	0.258922	17.3792	1		0	12.0705	46.0945	0	0	0	
2024-06-13 16:04:34	1327	2869	9	0	0	0	1	0	0	0	1	0	0	6.5	1	0	0	0	1	0	0	5.628		99.9951	66.6019	0.0422927	0	0.422948	0.28296	17.2735	1		0	12.0705	46.0945	0	0	0	
2024-06-13 16:13:08	1392	2870	1	0	0	5	21	0	0	0	21	0	0	0.75	21	0	0	0	21	0	0	3.68		99.9742	62.1173	0.0596767	0	0.596921	0.113808	15.9399	1		0	12.0616	42.0662	0	0	0	
2024-06-13 16:12:29	1387	2871	9	0	0	5	21	0	0	0	21	0	0	7.25	21	0	0	0	21	0	0	1.948		99.9774	61.9218	0.126658	0	1.26687	0.392991	17.9099	2		0	12.0616	42.1962	0	0	0	
2024-06-13 16:23:58	1475	2872	9	0	0	5.75	24	0	0	0	24	0	0	4	24	0	0	0	24	0	0	1.515		99.9806	61.1898	0.131615	0	1.31641	0.376531	14.4747	1		0	12.0616	41.6764	0	0	0	
2024-06-13 16:20:49	1451	2873	9	0	0	4.5	19	0	0	0	19	0	0	5.25	19	0	0	0	19	0	0	0.649		99.9814	61.2022	0.345067	0	3.45131	0.479806	16.2639	1		0	12.0616	41.8063	0	0	0	
2024-06-13 16:25:23	1484	2874	1	0	0	2.75	12	0	0	5	12	0	0	3.5	12	0	0	4.25	12	0	0	0.389		99.9828	20.8112	0.335129	0	3.35186	0.961741	15.7953	3		0	12.0705	41.8063	0	0	0	
2024-06-13 16:07:58	1352	2875	1	0	0	2	9	0	0	0	9	0	0	0.5	9	0	0	0	9	0	0	1.299		99.9867	62.996	0.144607	0	1.44627	0.36131	13.6307	1		0	12.0616	43.6256	0	0	0	
2024-06-13 16:19:35	1442	2876	9	0	0	0.5	3	0	0	0	3	0	0	7.25	3	0	0	0	3	0	0	5.845		99.9772	60.851	0.108868	0	1.08892	0.57301	46.1829	2		0	12.0616	41.8063	0	0	0	
2024-06-13 16:11:12	1378	2877	5	0	0	4	17	0	0	0	17	0	0	7.25	17	0	0	0	17	0	0	2.814		99.9773	61.6082	0.0833211	0	0.8334	0.0535926	17.0183	2		0	12.0616	42.4561	0	0	0	
2024-06-13 16:09:44	1366	2878	5	0	0	3	13	0	0	0	13	0	0	5.75	13	0	0	0	13	0	0	2.381		99.9816	63.0527	0.0812615	0	0.812764	0.156745	14.0436	1		0.0088623	11.9552	42.9758	0	0	0	
2024-06-13 16:09:11	1362	2879	5	0	0	3	13	0	0	0	13	0	0	4.5	13	0	0	0	13	0	0	1.299		99.9886	63.5779	0.151788	0	1.51805	0.425015	14.3073	1		0.0088623	12.0616	43.1058	0	0	0	
2024-06-13 16:15:33	1411	2880	9	0	0	7	29	0	0	0	29	0	0	6.75	29	0	0	0	29	0	0	0.216		99.971	61.7019	0.843731	0	8.43976	0.687563	13.2571	1		0	12.0616	41.9363	0	0	0	
2024-06-13 16:06:39	1343	2881	9	0	0	1	5	0	0	0	5	0	0	7.5	5	0	0	0	5	0	0	5.628		99.991	62.8468	0.0426506	0	0.426544	0.327604	17.4204	1		0	12.0616	44.2753	0	0	0	
2024-06-13 16:06:07	1339	2882	5	0	0	1	5	0	0	0	5	0	0	6.25	5	0	0	0	5	0	0	4.546		99.9918	63.2169	0.0536841	0	0.536884	0.00877469	17.7101	1		0.0088623	12.0616	44.6651	0	0	0	
2024-06-13 16:14:11	1400	2883	5	0	0	6	25	0	0	0	25	0	0	5.25	25	0	0	0	25	0	0	0.649		99.9719	61.533	0.35137	0	3.51469	0.621244	16.5626	1		0	12.0616	42.0662	0	0	0	
2024-06-13 16:13:54	1398	2884	9	0	0	6	25	0	0	0	25	0	0	4	25	0	0	0	25	0	0	1.732		99.9743	62.0043	0.114196	0	1.14226	0.515651	14.354	1		0	12.0616	41.9363	0	0	0	
2024-06-13 16:13:16	1393	2885	1	0	0	5	21	0	0	0	21	0	0	2.5	21	0	0	0	21	0	0	2.165		99.978	62.2764	0.0945234	0	0.945442	0.331359	14.851	1		0.0088623	12.0705	42.1962	0	0	0	
2024-06-13 16:06:54	1345	2886	1	0	0	1	5	0	0	0	5	0	0	0.25	5	0	0	0	5	0	0	0.649		99.996	62.7463	0.328655	0	3.28668	0.32536	15.4881	1		0	12.0616	44.1454	0	0	0	
2024-06-13 16:11:44	1382	2887	1	0	0	4	17	0	0	0	17	0	0	0.5	17	0	0	0	17	0	0	3.031		99.9761	61.786	0.0669753	0	0.669913	0.3944	14.7322	1		0	12.0616	42.1962	0	0	0	
2024-06-13 16:18:07	1431	2888	5	0	0	7.75	32	0	0	0	32	0	0	3	32	0	0	0	32	0	0	4.113		99.9753	61.5339	0.0477216	0	0.477334	0.187025	14.2461	1		0	12.0616	41.5464	0	0	0	
2024-06-13 16:14:56	1406	2889	5	0	0	6	25	0	0	0	25	0	0	0.25	25	0	0	0	25	0	0	4.979		99.9781	61.6768	0.0473357	0	0.473461	0.203174	17.1053	1		0	12.0616	41.9363	0	0	0	
2024-06-13 16:21:50	1459	2890	1	0	0	5.25	22	0	0	0	22	0	0	2.5	22	0	0	0	22	0	0	2.381		99.978	60.7098	0.145447	0	1.45479	0.756565	25.137	2		0	12.0616	41.6764	0	0	0	
2024-06-13 16:11:36	1381	2891	5	0	0	4	17	0	0	0	17	0	0	2.5	17	0	0	0	17	0	0	1.299		99.9787	61.7543	0.150673	0	1.50705	0.665393	14.2036	1		0	12.0616	42.4561	0	0	0	
2024-06-13 16:07:51	1351	2892	1	0	0	2	9	0	0	0	9	0	0	3	9	0	0	0	9	0	0	0.866		99.9886	62.9426	0.234999	0	2.35025	0.36359	14.7671	1		0.0088623	12.0705	43.7555	0	0	0	
2024-06-13 16:16:05	1415	2893	1	0	0	7	29	0	0	0	29	0	0	1.5	29	0	0	0	29	0	0	4.762		99.9729	61.7612	0.0481048	0	0.481178	0.251057	16.6283	1		0	12.0616	41.6764	0	0	0	
2024-06-13 16:04:41	1328	2894	9	0	0	0	1	0	0	0	1	0	0	5.75	1	0	0	0	1	0	0	4.979		99.9954	65.9862	0.0466759	0	0.46678	0.046408	16.864	1		0.0088623	12.0705	45.9646	0	0	0	
2024-06-13 16:04:27	1326	2895	9	0	0	0	1	0	0	0	1	0	0	4.5	1	0	0	0	1	0	0	3.897		99.9962	67.2315	0.0545792	0	0.545813	0.0368683	15.4325	1		0	12.0616	46.3544	0	0	0	
2024-06-13 16:11:58	1384	2896	1	0	0	5	21	0	0	0	21	0	0	0	21	0	0	0	21	0	0	4.33		99.9721	61.4492	0.05154	0	0.515543	0.227716	16.1963	4		0	12.0616	42.0662	0	0	0	
2024-06-13 16:17:07	1423	2897	1	0	0	7.75	32	0	0	0	32	0	0	2.25	32	0	0	0	32	0	0	4.762		99.9786	61.6208	0.0425641	0	0.425732	0.316861	14.7122	1		0	12.0616	41.6764	0	0	0	
2024-06-13 16:12:46	1389	2898	5	0	0	5	21	0	0	0	21	0	0	7.75	21	0	0	0	21	0	0	2.381		99.9759	62.1593	0.0827597	0	0.827796	0.0334544	14.3033	1		0	12.0616	42.1962	0	0	0	
2024-06-13 16:12:14	1385	2899	5	0	0	5	21	0	0	0	21	0	0	6.5	21	0	0	0	21	0	0	1.299		99.973	63.5388	0.162914	0	1.62958	0.2674	15.3584	1		0	12.0616	42.1962	0	0	0	
2024-06-13 16:09:34	1365	2900	1	0	0	3	13	0	0	0	13	0	0	2	13	0	0	0	13	0	0	0.866		99.9824	62.9396	0.233358	0	2.33399	0.0959966	14.6649	2		0	12.0705	42.9758	0	0	0	
2024-06-13 16:21:36	1457	2901	1	0	0	4.5	19	0	0	0	19	0	0	3.25	19	0	0	0	19	0	0	1.082		99.9792	61.2564	0.192261	0	1.92301	0.568609	15.1033	1		0	12.0616	41.6764	0	0	0	
2024-06-13 16:17:22	1425	2902	5	0	0	7.75	32	0	0	0	32	0	0	7	32	0	0	0	32	0	0	0.649		99.9769	61.6017	0.341451	0	3.41529	0.431738	16.0942	1		0	12.0616	41.6764	0	0	0	
2024-06-13 16:23:51	1474	2903	9	0	0	5.5	23	0	0	0	23	0	0	4.25	23	0	0	0	23	0	0	1.082		99.9766	60.5054	0.196718	0	1.96765	0.505732	15.4539	1		0	12.0616	41.8063	0	0	0	
2024-06-13 16:22:35	1464	2904	1	0	0	6.75	28	0	0	0	28	0	0	1	28	0	0	0	28	0	0	4.979		99.9771	60.7	0.0524634	0	0.524754	0.347458	18.9585	1		0	12.0616	41.8063	0	0	0	
2024-06-13 16:20:57	1452	2905	9	0	0	4.25	18	0	0	0	18	0	0	5.5	18	0	0	0	18	0	0	1.082		99.9801	61.1601	0.197174	0	1.97213	0.367235	15.4891	1		0	12.0616	41.5464	0	0	0	
2024-06-13 16:11:22	1379	2906	5	0	0	4	17	0	0	0	17	0	0	7.75	17	0	0	0	17	0	0	3.247		99.9795	61.6426	0.061874	0	0.618867	0.0847931	14.5817	1		0	12.0616	42.1962	0	0	0	
2024-06-13 16:10:57	1376	2907	5	0	0	4	17	0	0	0	17	0	0	6.5	17	0	0	0	17	0	0	2.165		99.9784	62.1035	0.0924663	0	0.924863	0.0259927	14.5277	1		0	12.0616	42.586	0	0	0	
2024-06-13 16:08:56	1360	2908	5	0	0	3	13	0	0	0	13	0	0	5	13	0	0	0	13	0	0	1.732		99.987	63.8598	0.111159	0	1.11174	0.396655	13.9705	1		0	12.0705	43.2357	0	0	0	
2024-06-13 16:09:59	1368	2909	5	0	0	3	13	0	0	0	13	0	0	3.75	13	0	0	0	13	0	0	0.649		99.984	63.0722	0.333806	0	3.33859	0.405955	15.7328	1		0	12.0616	42.8459	0	0	0	
2024-06-13 16:08:12	1354	2910	9	0	0	2	9	0	0	0	9	0	0	7	9	0	0	0	9	0	0	4.33		99.9894	62.7977	0.0509488	0	0.509542	0.21233	16.0077	1		0	12.0616	43.3657	0	0	0	
2024-06-13 16:16:05	1415	2911	5	0	0	7	29	0	0	0	29	0	0	6	29	0	0	0	29	0	0	0.866		99.9729	61.7612	0.258133	0	2.58203	0.469218	16.2233	1		0	12.0616	41.6764	0	0	0	
2024-06-13 16:15:25	1410	2912	5	0	0	7	29	0	0	0	29	0	0	4.75	29	0	0	0	29	0	0	1.948		99.9774	61.8496	0.101935	0	1.01958	0.408661	14.414	1		0	12.0616	41.6764	0	0	0	
2024-06-13 16:05:52	1337	2913	5	0	0	1	5	0	0	0	5	0	0	5.5	5	0	0	0	5	0	0	3.897		99.9883	63.4565	0.0621917	0	0.621989	0.227359	17.5863	1		0.0088623	12.0616	44.7951	0	0	0	
2024-06-13 16:06:14	1340	2914	9	0	0	1	5	0	0	0	5	0	0	4.25	5	0	0	0	5	0	0	2.814		99.99	63.0683	0.0730063	0	0.730136	0.367415	14.9096	1		0	12.0616	44.5352	0	0	0	
2024-06-13 16:14:56	1406	2915	1	0	0	6	25	0	0	0	25	0	0	3.25	25	0	0	0	25	0	0	2.381		99.9781	61.6768	0.082938	0	0.829561	0.0627293	14.3338	1		0	12.0616	41.9363	0	0	0	
2024-06-13 16:20:10	1446	2916	1	0	0	0.25	2	0	0	0	2	0	0	1.5	2	0	0	0	2	0	0	1.082		99.9771	60.5158	0.176794	0	1.76835	0.159494	13.8886	2		0	12.0616	41.8063	0	0	0	
2024-06-13 16:16:20	1417	2917	5	0	0	7	29	0	0	0	29	0	0	0.75	29	0	0	0	29	0	0	5.412		99.9737	61.7485	0.0444981	0	0.445099	0.771464	17.479	1		0	12.0616	41.8063	0	0	0	
2024-06-13 16:04:20	1325	2918	5	0	0	0	1	0	0	0	1	0	0	5	1	0	0	0	1	0	0	4.33		99.9945	68.1836	0.0511871	0	0.511899	0.194067	16.0818	1		0.0088623	12.0616	46.3544	0	0	0	
2024-06-13 16:04:20	1325	2919	1	0	0	0	1	0	0	0	1	0	0	3.75	1	0	0	0	1	0	0	3.247		99.9945	68.1836	0.0625196	0	0.625231	0.0116623	14.7317	1		0.0088623	12.0616	46.3544	0	0	0	
2024-06-13 16:24:12	1477	2920	9	0	0	7.5	31	0	0	0	31	0	0	6.25	31	0	0	0	31	0	0	1.082		99.9815	60.7468	0.190399	0	1.90434	0.0142474	14.9567	2		0	12.0616	41.8063	0	0	0	
2024-06-13 16:21:21	1455	2921	9	0	0	6.25	26	0	0	0	26	0	0	7.5	26	0	0	0	26	0	0	1.082		99.9797	61.0915	0.191598	0	1.91637	0.295597	15.0512	1		0	11.9552	41.6764	0	0	0	
2024-06-13 16:14:01	1399	2922	5	0	0	6	25	0	0	0	25	0	0	7.25	25	0	0	0	25	0	0	1.082		99.9738	61.4392	0.257292	0	2.5736	0.476691	20.213	2		0	12.0616	42.0662	0	0	0	
2024-06-13 16:17:45	1428	2923	5	0	0	7.75	32	0	0	0	32	0	0	1.5	32	0	0	0	32	0	0	5.412		99.9723	61.6202	0.0390121	0	0.390229	0.390245	15.3242	1		0	12.0616	41.6764	0	0	0	
2024-06-13 16:12:53	1390	2924	5	0	0	5	21	0	0	0	21	0	0	5.75	21	0	0	0	21	0	0	0.649		99.9729	62.0791	0.350626	0	3.50721	0.358148	16.5273	1		0	12.0616	42.0662	0	0	0	
2024-06-13 16:12:21	1386	2925	5	0	0	5	21	0	0	0	21	0	0	4.5	21	0	0	0	21	0	0	0.433		99.9728	62.6881	0.502025	0	5.02161	0.594887	15.7759	1		0	12.0616	42.1962	0	0	0	
2024-06-13 16:09:26	1364	2926	1	0	0	3	13	0	0	0	13	0	0	1.25	13	0	0	0	13	0	0	1.515		99.9839	63.3974	0.121646	0	1.21666	0.374585	13.3779	1		0	12.0616	42.9758	0	0	0	
2024-06-13 16:06:00	1338	2927	1	0	0	1	5	0	0	0	5	0	0	2.25	5	0	0	0	5	0	0	1.082		99.9912	63.3245	0.175465	0	1.7548	0.308794	13.7822	1		0	12.0616	44.5352	0	0	0	
2024-06-13 16:20:00	1445	2928	1	0	0	0.5	3	0	0	0	3	0	0	1.25	3	0	0	0	3	0	0	0.649		99.9741	60.7165	0.334333	0	3.34419	0.0286026	15.7591	2		0	12.0616	41.6764	0	0	0	
2024-06-13 16:18:43	1436	2929	9	0	0	2.5	11	0	0	0	11	0	0	5.25	11	0	0	0	11	0	0	2.381		99.9768	61.5941	0.0939099	0	0.939317	0.168603	16.2302	2		0	12.0616	41.8063	0	0	0	
2024-06-13 16:16:49	1421	2930	5	0	0	7.75	32	0	0	0	32	0	0	7.5	32	0	0	0	32	0	0	0.216		99.9772	61.379	0.88843	0	8.88633	0.0951819	13.9586	2		0	12.0616	41.8063	0	0	0	
2024-06-13 16:17:07	1423	2931	5	0	0	7.75	32	0	0	0	32	0	0	6.25	32	0	0	0	32	0	0	1.299		99.9786	61.6208	0.156444	0	1.56477	0.40438	14.7476	1		0	12.0616	41.6764	0	0	0	
2024-06-13 16:21:28	1456	2932	1	0	0	4.25	18	0	0	0	18	0	0	3.5	18	0	0	0	18	0	0	0.649		99.9774	61.1194	0.347928	0	3.48006	0.358872	16.3994	1		0	12.0616	41.6764	0	0	0	
2024-06-13 16:14:19	1401	2933	1	0	0	6	25	0	0	0	25	0	0	2.25	25	0	0	0	25	0	0	3.247		99.9706	61.7604	0.0646108	0	0.646299	0.003976	15.2281	1		0	12.0616	41.9363	0	0	0	
2024-06-13 16:23:43	1473	2934	9	0	0	5.25	22	0	0	0	22	0	0	4.5	22	0	0	0	22	0	0	0.649		99.9782	60.9704	0.344496	0	3.44571	0.570285	16.2375	1		0	12.0616	41.6764	0	0	0	
2024-06-13 16:10:57	1376	2935	9	0	0	4	17	0	0	0	17	0	0	5.75	17	0	0	0	17	0	0	1.515		99.9784	62.1035	0.132415	0	1.32444	0.074503	14.563	1		0	12.0616	42.586	0	0	0	
2024-06-13 16:10:28	1372	2936	5	0	0	4	17	0	0	0	17	0	0	4.5	17	0	0	0	17	0	0	0.433		99.9817	62.131	0.542669	0	5.42769	0.78788	17.0516	1		0	12.0705	42.586	0	0	0	
2024-06-13 16:04:41	1328	2937	1	0	0	0	1	0	0	0	1	0	0	2	1	0	0	0	1	0	0	1.732		99.9954	65.9862	0.136296	0	1.36302	0.368644	17.1283	1		0.0088623	12.0705	45.9646	0	0	0	
2024-06-13 16:07:30	1349	2938	9	0	0	2	9	0	0	0	9	0	0	7.5	9	0	0	0	9	0	0	4.762		99.9888	63.5607	0.0505485	0	0.505542	0.301872	17.4703	2		0.0088623	12.0705	43.8855	0	0	0	
2024-06-13 16:08:20	1355	2939	5	0	0	2	9	0	0	0	9	0	0	6.25	9	0	0	0	9	0	0	3.68		99.988	62.7774	0.058969	0	0.58976	0.300813	15.7487	1		0	12.0705	43.4956	0	0	0	
2024-06-13 16:15:40	1412	2940	9	0	0	7	29	0	0	0	29	0	0	5.25	29	0	0	0	29	0	0	1.515		99.975	61.8453	0.132491	0	1.32524	0.383317	14.5718	1		0.0088623	12.0616	41.8063	0	0	0	
2024-06-13 16:15:25	1410	2941	9	0	0	7	29	0	0	0	29	0	0	4	29	0	0	0	29	0	0	2.598		99.9774	61.8496	0.0759792	0	0.759963	0.15715	14.325	1		0	12.0616	41.6764	0	0	0	
2024-06-13 16:07:08	1347	2942	1	0	0	1	5	0	0	0	5	0	0	3.5	5	0	0	0	5	0	0	2.165		99.9881	62.5668	0.0853523	0	0.853625	0.292684	13.4087	1		0.0088623	12.0705	44.0154	0	0	0	
2024-06-13 16:14:42	1404	2943	1	0	0	6	25	0	0	0	25	0	0	2.5	25	0	0	0	25	0	0	3.031		99.9714	61.7083	0.07532	0	0.753416	0.250892	16.5685	1		0	12.0616	41.9363	0	0	0	
2024-06-13 16:23:37	1472	2944	1	0	0	3.75	16	0	0	0	16	0	0	2	16	0	0	0	16	0	0	1.515		99.9783	60.8041	0.131068	0	1.31097	0.0790555	14.4148	1		0	12.0616	41.8063	0	0	0	
2024-06-13 16:13:31	1395	2945	5	0	0	5	21	0	0	0	21	0	0	2	21	0	0	0	21	0	0	2.598		99.9739	62.2746	0.0775164	0	0.775366	0.0877025	14.6153	1		0.0088623	12.0616	42.0662	0	0	0	
2024-06-13 16:08:49	1359	2946	1	0	0	2	9	0	0	0	9	0	0	1.75	9	0	0	0	9	0	0	0.216		99.9858	62.6054	0.79766	0	7.97774	0.294267	12.5314	1		0	12.0616	43.2357	0	0	0	
2024-06-13 16:16:27	1418	2947	5	0	0	7	29	0	0	0	29	0	0	0	29	0	0	0	29	0	0	6.061		99.9713	61.6674	0.0404772	0	0.404888	0.471544	17.8079	1		0	11.9552	41.8063	0	0	0	
2024-06-13 16:04:27	1326	2948	1	0	0	0	1	0	0	0	1	0	0	3	1	0	0	0	1	0	0	2.598		99.9962	67.2315	0.076235	0	0.762378	0.152447	14.3705	1		0	12.0616	46.3544	0	0	0	
2024-06-13 16:09:34	1365	2949	9	0	0	3	13	0	0	0	13	0	0	7	13	0	0	0	13	0	0	3.464		99.9824	62.9396	0.0600756	0	0.600861	0.189742	15.1013	2		0	12.0705	42.9758	0	0	0	
2024-06-13 16:13:46	1397	2950	5	0	0	6	25	0	0	0	25	0	0	7.75	25	0	0	0	25	0	0	1.515		99.9732	61.8963	0.136556	0	1.36592	0.354015	15.0191	1		0.0088623	12.0616	41.9363	0	0	0	
2024-06-13 16:14:19	1401	2951	9	0	0	6	25	0	0	0	25	0	0	6.5	25	0	0	0	25	0	0	0.433		99.9706	61.7604	0.5481	0	5.48262	0.505992	17.2242	1		0	12.0616	41.9363	0	0	0	
2024-06-13 16:17:45	1428	2952	1	0	0	7.75	32	0	0	0	32	0	0	0.75	32	0	0	0	32	0	0	6.061		99.9723	61.6202	0.0363782	0	0.363882	0.387194	16.0044	1		0	12.0616	41.6764	0	0	0	
2024-06-13 16:12:14	1385	2953	1	0	0	5	21	0	0	0	21	0	0	3.75	21	0	0	0	21	0	0	1.082		99.973	63.5388	0.190407	0	1.90458	0.424042	14.9585	1		0	12.0616	42.1962	0	0	0	
2024-06-13 16:09:44	1366	2954	1	0	0	3	13	0	0	0	13	0	0	0.5	13	0	0	0	13	0	0	2.165		99.9816	63.0527	0.0876226	0	0.876387	0.118761	13.7662	1		0.0088623	11.9552	42.9758	0	0	0	
2024-06-13 16:06:14	1340	2955	1	0	0	1	5	0	0	0	5	0	0	1.5	5	0	0	0	5	0	0	0.433		99.99	63.0683	0.485066	0	4.85115	0.354573	15.2403	1		0	12.0616	44.5352	0	0	0	
2024-06-13 16:25:37	1485	2956	1	0	0	2	9	0	0	5.75	9	0	0	3.25	9	0	0	4.5	9	0	0	0.649		99.9839	20.3197	0.174636	0	1.74664	0.25808	13.7181	2		0	12.0616	41.8063	0	0	0	
2024-06-13 16:11:51	1383	2957	1	0	0	4	17	0	0	0	17	0	0	1.75	17	0	0	0	17	0	0	1.948		99.9759	61.5762	0.0964786	0	0.965019	0.266266	13.6426	1		0	12.0616	42.3261	0	0	0	
2024-06-13 16:20:28	1448	2958	1	0	0	2.5	11	0	0	0	11	0	0	3.25	11	0	0	0	11	0	0	0.649		99.9802	61.5675	0.323963	0	3.24027	0.706312	15.2694	1		0	12.0616	41.6764	0	0	0	
2024-06-13 16:17:00	1422	2959	5	0	0	7.75	32	0	0	0	32	0	0	5.5	32	0	0	0	32	0	0	1.948		99.9786	61.5442	0.0987239	0	0.987451	0.468265	13.9598	1		0	12.0616	41.8063	0	0	0	
2024-06-13 16:17:30	1426	2960	5	0	0	7.75	32	0	0	0	32	0	0	4.25	32	0	0	0	32	0	0	3.031		99.9744	61.8637	0.0630085	0	0.630247	0.205792	13.8599	1		0	12.0616	41.8063	0	0	0	
2024-06-13 16:14:34	1403	2961	1	0	0	6	25	0	0	0	25	0	0	1.5	25	0	0	0	25	0	0	3.897		99.9681	61.7691	0.0566533	0	0.566714	0.277294	16.0235	1		0	12.0616	41.9363	0	0	0	
2024-06-13 16:10:43	1374	2962	5	0	0	4	17	0	0	0	17	0	0	5	17	0	0	0	17	0	0	0.866		99.9786	62.0258	0.255408	0	2.55462	0.369808	16.0512	1		0.0088623	12.0616	42.7159	0	0	0	
2024-06-13 16:10:35	1373	2963	1	0	0	4	17	0	0	0	17	0	0	3.75	17	0	0	0	17	0	0	0.216		99.9802	62.0039	0.898579	0	8.98757	0.576793	14.1176	1		0	12.0616	42.7159	0	0	0	
2024-06-13 16:04:34	1327	2964	1	0	0	0	1	0	0	0	1	0	0	1.25	1	0	0	0	1	0	0	1.082		99.9951	66.6019	0.177369	0	1.77378	0.459371	13.9312	1		0	12.0705	46.0945	0	0	0	
2024-06-13 16:07:41	1350	2965	5	0	0	2	9	0	0	0	9	0	0	5.5	9	0	0	0	9	0	0	3.031		99.992	62.8689	0.116371	0	1.1638	0.493069	25.5932	2		0	12.0616	43.7555	0	0	0	
2024-06-13 16:07:51	1351	2966	9	0	0	2	9	0	0	0	9	0	0	4.25	9	0	0	0	9	0	0	1.948		99.9886	62.9426	0.101534	0	1.01546	0.0743151	14.3557	1		0.0088623	12.0705	43.7555	0	0	0	
2024-06-13 16:16:27	1418	2967	1	0	0	7	29	0	0	0	29	0	0	3.25	29	0	0	0	29	0	0	3.247		99.9713	61.6674	0.0615726	0	0.615903	0.1253	14.5119	1		0	11.9552	41.8063	0	0	0	
2024-06-13 16:06:54	1345	2968	5	0	0	1	5	0	0	0	5	0	0	2.75	5	0	0	0	5	0	0	1.515		99.996	62.7463	0.121325	0	1.2133	0.202347	13.3409	1		0	12.0616	44.1454	0	0	0	
2024-06-13 16:05:03	1331	2969	9	0	0	0	1	0	0	0	1	0	0	7	1	0	0	0	1	0	0	6.061		99.9898	64.397	0.0402461	0	0.402502	0.1165	17.703	2		0.0088623	12.0616	45.5748	0	0	0	
2024-06-13 16:12:21	1386	2970	1	0	0	5	21	0	0	0	21	0	0	1.25	21	0	0	0	21	0	0	3.247		99.9728	62.6881	0.0683266	0	0.683452	0.0169213	16.1035	1		0	12.0616	42.1962	0	0	0	
2024-06-13 16:07:15	1348	2971	1	0	0	2	9	0	0	0	9	0	0	1	9	0	0	0	9	0	0	0.866		99.9883	62.486	0.22071	0	2.20736	2.96146	13.8693	4		0	12.0705	43.8855	0	0	0	
2024-06-13 16:09:52	1367	2972	5	0	0	3	13	0	0	0	13	0	0	7.5	13	0	0	0	13	0	0	3.897		99.9859	63.0907	0.0542876	0	0.542952	0.43046	15.3516	1		0	12.0616	42.7159	0	0	0	
2024-06-13 16:09:04	1361	2973	9	0	0	3	13	0	0	0	13	0	0	6.25	13	0	0	0	13	0	0	2.814		99.9866	63.7699	0.0733001	0	0.733099	0.344701	14.9701	1		0.0088623	12.0616	43.1058	0	0	0	
2024-06-13 16:15:47	1413	2974	9	0	0	7	29	0	0	0	29	0	0	7.25	29	0	0	0	29	0	0	0.216		99.9758	61.3384	0.743962	0	7.44142	0.263154	11.689	2		0	12.0616	41.6764	0	0	0	
2024-06-13 16:06:32	1342	2975	5	0	0	1	5	0	0	0	5	0	0	6.75	5	0	0	0	5	0	0	4.979		99.9929	62.8774	0.051274	0	0.512776	0.195221	18.5257	1		0.0088623	12.0705	44.2753	0	0	0	
2024-06-13 16:14:26	1402	2976	9	0	0	6	25	0	0	0	25	0	0	5.75	25	0	0	0	25	0	0	0.216		99.9742	61.7167	0.882462	0	8.8269	0.505447	13.8653	1		0	12.0616	41.6764	0	0	0	
2024-06-13 16:13:39	1396	2977	9	0	0	6	25	0	0	0	25	0	0	4.5	25	0	0	0	25	0	0	1.299		99.9731	62.1641	0.159044	0	1.59087	0.951401	14.9936	1		0	12.0705	42.0662	0	0	0	
2024-06-13 16:17:30	1426	2978	1	0	0	7.75	32	0	0	0	32	0	0	0	32	0	0	0	32	0	0	6.711		99.9744	61.8637	0.0338913	0	0.339	0.13645	16.5075	1		0	12.0616	41.8063	0	0	0	
2024-06-13 16:13:01	1391	2979	1	0	0	5	21	0	0	0	21	0	0	3	21	0	0	0	21	0	0	1.732		99.9755	62.1994	0.109894	0	1.09921	0.385608	13.8131	1		0	12.0616	42.0662	0	0	0	
2024-06-13 16:06:39	1343	2980	1	0	0	1	5	0	0	0	5	0	0	0.75	5	0	0	0	5	0	0	0.216		99.991	62.8468	0.826413	0	8.26487	0.378609	12.9824	1		0	12.0616	44.2753	0	0	0	
2024-06-13 16:22:10	1461	2981	1	0	0	5.75	24	0	0	0	24	0	0	2	24	0	0	0	24	0	0	3.247		99.9763	61.1368	0.066928	0	0.669439	0.199399	15.7733	1		0	12.0616	41.8063	0	0	0	
2024-06-13 16:11:44	1382	2982	5	0	0	4	17	0	0	0	17	0	0	1	17	0	0	0	17	0	0	2.598		99.9761	61.786	0.0740069	0	0.740246	0.291791	13.9533	1		0	12.0616	42.1962	0	0	0	
2024-06-13 16:17:52	1429	2983	1	0	0	7.75	32	0	0	0	32	0	0	3.5	32	0	0	0	32	0	0	3.68		99.9729	61.6073	0.0520804	0	0.520946	0.208062	13.9111	1		0	12.0616	41.6764	0	0	0	
2024-06-13 16:14:49	1405	2984	5	0	0	6	25	0	0	0	25	0	0	0.75	25	0	0	0	25	0	0	4.546		99.9743	61.6259	0.0531644	0	0.53178	0.242715	17.5417	1		0	12.0616	41.9363	0	0	0	
2024-06-13 16:11:22	1379	2985	1	0	0	4	17	0	0	0	17	0	0	3	17	0	0	0	17	0	0	0.866		99.9795	61.6426	0.24317	0	2.4322	0.323966	15.282	1		0	12.0616	42.1962	0	0	0	
2024-06-13 16:05:25	1333	2986	1	0	0	0	1	0	0	0	1	0	0	0.5	1	0	0	0	1	0	0	0.433		99.9896	64.1055	0.478833	0	4.78883	0.351713	15.0446	1		0.0088623	12.0616	45.3149	0	0	0	
2024-06-13 16:24:30	1479	2987	1	0	0	3.5	15	0	0	4.25	15	0	0	2.75	15	0	0	5	15	0	0	0.389		99.983	19.3326	0.342488	0	3.42546	0.00560306	16.1421	1		0.0088623	12.0616	41.8063	0	0	0	
2024-06-13 16:07:30	1349	2988	1	0	0	2	9	0	0	0	9	0	0	3.5	9	0	0	0	9	0	0	1.299		99.9888	63.5607	0.151288	0	1.51305	0.0640821	14.2601	2		0.0088623	12.0705	43.8855	0	0	0	
2024-06-13 16:16:12	1416	2989	1	0	0	7	29	0	0	0	29	0	0	2.5	29	0	0	0	29	0	0	3.897		99.9746	61.6548	0.0562616	0	0.562759	0.621264	15.9116	1		0.0088623	12.0616	41.5464	0	0	0	
2024-06-13 16:16:12	1416	2990	5	0	0	7	29	0	0	0	29	0	0	2	29	0	0	0	29	0	0	4.33		99.9746	61.6548	0.0510527	0	0.510657	0.554641	16.0428	1		0.0088623	12.0616	41.5464	0	0	0	
2024-06-13 16:04:41	1328	2991	5	0	0	0	1	0	0	0	1	0	0	7.5	1	0	0	0	1	0	0	6.494		99.9954	65.9862	0.0378799	0	0.378816	0.597546	17.8513	1		0.0088623	12.0705	45.9646	0	0	0	
2024-06-13 16:04:57	1330	2992	9	0	0	0	1	0	0	0	1	0	0	6.25	1	0	0	0	1	0	0	5.412		99.9888	65.2873	0.0438377	0	0.438427	0.103632	17.217	1		0	12.0705	45.5748	0	0	0	
2024-06-13 16:12:39	1388	2993	1	0	0	5	21	0	0	0	21	0	0	0.5	21	0	0	0	21	0	0	3.897		99.9729	61.9362	0.0607107	0	0.607272	0.506853	17.1702	1		0.0088623	12.0616	41.9363	0	0	0	
2024-06-13 16:22:57	1467	2994	1	0	0	1.25	6	0	0	0	6	0	0	0.5	6	0	0	0	6	0	0	0.649		99.9764	60.8659	0.329218	0	3.29295	0.491427	15.5177	1		0.0088623	12.0616	41.6764	0	0	0	
2024-06-13 16:12:46	1389	2995	9	0	0	5	21	0	0	0	21	0	0	7	21	0	0	0	21	0	0	1.732		99.9759	62.1593	0.116414	0	1.16442	0.057745	14.6325	1		0	12.0616	42.1962	0	0	0	
2024-06-13 16:07:41	1350	2996	1	0	0	2	9	0	0	0	9	0	0	0.25	9	0	0	0	9	0	0	1.515		99.992	62.8689	0.126566	0	1.26576	0.0917759	13.9178	2		0	12.0616	43.7555	0	0	0	
2024-06-13 16:11:05	1377	2997	9	0	0	4	17	0	0	0	17	0	0	7	17	0	0	0	17	0	0	2.598		99.9766	62.5735	0.0774903	0	0.775085	0.12145	14.61	1		0	12.0616	42.4561	0	0	0	
2024-06-13 16:09:26	1364	2998	5	0	0	3	13	0	0	0	13	0	0	5.5	13	0	0	0	13	0	0	2.165		99.9839	63.3974	0.0938429	0	0.938581	0.307682	14.7432	1		0	12.0616	42.9758	0	0	0	
2024-06-13 16:09:26	1364	2999	9	0	0	3	13	0	0	0	13	0	0	4.25	13	0	0	0	13	0	0	1.082		99.9839	63.3974	0.187548	0	1.87578	0.432502	14.7324	1		0	12.0616	42.9758	0	0	0	
2024-06-13 16:15:47	1413	3000	5	0	0	7	29	0	0	0	29	0	0	7.75	29	0	0	0	29	0	0	0.649		99.9758	61.3384	0.346651	0	3.46735	0.0206596	16.3395	2		0	12.0616	41.6764	0	0	0	
2024-06-13 16:15:33	1411	3001	5	0	0	7	29	0	0	0	29	0	0	6.5	29	0	0	0	29	0	0	0.433		99.971	61.7019	0.515031	0	5.15181	0.62118	16.1849	1		0	12.0616	41.9363	0	0	0	
2024-06-13 16:06:14	1340	3002	5	0	0	1	5	0	0	0	5	0	0	6	5	0	0	0	5	0	0	4.33		99.99	63.0683	0.0579041	0	0.579099	0.0652509	18.1929	1		0	12.0616	44.5352	0	0	0	
2024-06-13 16:05:45	1336	3003	5	0	0	1	5	0	0	0	5	0	0	4.75	5	0	0	0	5	0	0	3.247		99.9919	63.5583	0.0696217	0	0.696273	0.104664	16.4056	1		0	12.0616	44.7951	0	0	0	
2024-06-13 16:20:42	1450	3004	9	0	0	4.75	20	0	0	0	20	0	0	5	20	0	0	0	20	0	0	0.216		99.9829	61.0972	0.839356	0	8.39499	0.676063	13.1868	1		0	12.0616	41.8063	0	0	0	
2024-06-13 16:14:11	1400	3005	9	0	0	6	25	0	0	0	25	0	0	5	25	0	0	0	25	0	0	0.866		99.9719	61.533	0.254784	0	2.54856	0.770962	16.0131	1		0	12.0616	42.0662	0	0	0	
2024-06-13 16:14:11	1400	3006	1	0	0	6	25	0	0	0	25	0	0	3.75	25	0	0	0	25	0	0	1.948		99.9719	61.533	0.101674	0	1.01703	0.465256	14.3779	1		0	12.0616	42.0662	0	0	0	
2024-06-13 16:06:47	1344	3007	1	0	0	1	5	0	0	0	5	0	0	0	5	0	0	0	5	0	0	0.866		99.9904	62.9474	0.232243	0	2.32265	0.369261	14.5936	1		0.0088623	12.0705	44.1454	0	0	0	
2024-06-13 16:19:28	1441	3008	9	0	0	0.75	4	0	0	0	4	0	0	7	4	0	0	0	4	0	0	5.412		99.9787	61.1215	0.0441635	0	0.441729	0.519487	17.3466	1		0	12.0616	41.6764	0	0	0	
2024-06-13 16:11:29	1380	3009	5	0	0	4	17	0	0	0	17	0	0	0.25	17	0	0	0	17	0	0	3.247		99.9769	61.8081	0.0608483	0	0.608624	0.213294	14.3404	1		0.0088623	11.9552	42.1962	0	0	0	
2024-06-13 16:16:49	1421	3010	1	0	0	7.75	32	0	0	0	32	0	0	2.75	32	0	0	0	32	0	0	4.33		99.9772	61.379	0.046273	0	0.462836	0.090478	14.5404	2		0	12.0616	41.8063	0	0	0	
2024-06-13 16:13:54	1398	3011	1	0	0	6	25	0	0	0	25	0	0	0	25	0	0	0	25	0	0	5.195		99.9743	62.0043	0.0508077	0	0.508208	0.342863	19.159	1		0	12.0616	41.9363	0	0	0	
2024-06-13 16:08:42	1358	3012	1	0	0	2	9	0	0	0	9	0	0	2.75	9	0	0	0	9	0	0	0.649		99.9828	62.7659	0.329773	0	3.2983	0.457255	15.5429	1		0	12.0616	43.2357	0	0	0	
2024-06-13 16:16:34	1419	3013	1	0	0	7	29	0	0	0	29	0	0	1.25	29	0	0	0	29	0	0	4.979		99.9748	61.5334	0.0488919	0	0.489043	0.514488	17.6683	1		0	12.0616	41.8063	0	0	0	
2024-06-13 16:04:49	1329	3014	9	0	0	0	1	0	0	0	1	0	0	5.5	1	0	0	0	1	0	0	4.762		99.994	65.6856	0.0679114	0	0.679155	0.166915	23.4699	1		0.0088623	12.0616	45.8346	0	0	0	
2024-06-13 16:04:07	1324	3015	5	0	0	0	1	0	0	0	1	0	0	4.25	1	0	0	0	1	0	0	3.68		99.9926	69.9453	0.0568557	0	0.568599	0.644819	15.1836	1		0	11.973	46.3544	0	0	0	
