Time	MeasID	DPID	Channel	A(x)	A(y)	A(z)	A(adr)	B(x)	B(y)	B(z)	B(adr)	M(x)	M(y)	M(z)	M(adr)	N(x)	N(y)	N(z)	N(adr)	F(x)	F(y)	F(z)	Note	I(mA)	Uout(V)	U(V)	SP(V)	R(Ohm)	Var(%)	Rho-a(Ohm-m)	Cycles	IP Delay Window(mV/V)	Pint(V)	Pext(V)	T int(deg C)	T log(deg C)	Latitude	Longitude
2024-06-23 22:55:49	1280	2725	1	0	0	7.75	32	0	0	0	32	0	0	2	32	0	0	0	32	0	0	4.979		99.9321	41.1518	0.0416935	0	0.417219	0.0358621	15.0734	2		0	12.0439	38.9475	0	0	0	
2024-06-23 22:50:46	1246	2726	5	0	0	5	21	0	0	0	21	0	0	7.5	21	0	0	0	21	0	0	2.165		99.9406	41.2077	0.0887423	0	0.88795	0.23613	13.9479	1		0	12.0439	39.3374	0	0	0	
2024-06-23 22:50:21	1243	2727	5	0	0	5	21	0	0	0	21	0	0	6.25	21	0	0	0	21	0	0	1.082		99.9416	41.0932	0.183454	0	1.83561	0.0194214	14.4168	1		0	12.0439	39.3374	0	0	0	
2024-06-23 22:47:46	1225	2728	5	0	0	3	13	0	0	0	13	0	0	1.75	13	0	0	0	13	0	0	1.082		99.9454	41.2534	0.167224	0	1.67315	0.134124	13.1409	1		0	12.0439	39.8571	0	0	0	
2024-06-23 22:56:35	1285	2729	5	0	0	7.75	32	0	0	0	32	0	0	6.75	32	0	0	0	32	0	0	0.866		99.9405	41.2128	0.234435	0	2.34574	0.0671398	14.7387	1		0	12.0439	38.9475	0	0	0	
2024-06-23 23:02:46	1328	2730	1	0	0	3.25	14	0	0	0	14	0	0	2.5	14	0	0	0	14	0	0	0.649		99.9419	41.629	0.285094	0	2.85259	0.191317	13.4425	1		0	12.0439	38.9475	0	0	0	
2024-06-23 22:49:12	1235	2731	9	0	0	4	17	0	0	0	17	0	0	7.5	17	0	0	0	17	0	0	3.031		99.9437	40.5391	0.0652583	0	0.65295	0.182753	14.3591	1		0	12.0439	39.5972	0	0	0	
2024-06-23 22:48:47	1232	2732	5	0	0	4	17	0	0	0	17	0	0	6.25	17	0	0	0	17	0	0	1.948		99.9428	40.5988	0.0995319	0	0.995889	0.0150165	14.079	1		0	12.0439	39.5972	0	0	0	
2024-06-23 22:47:54	1226	2733	5	0	0	3	13	0	0	0	13	0	0	3.5	13	0	0	0	13	0	0	0.433		99.9497	41.4049	0.433384	0	4.33602	0.157511	13.622	1		0	12.0439	39.8571	0	0	0	
2024-06-23 22:45:37	1210	2734	5	0	0	2	9	0	0	0	9	0	0	6.75	9	0	0	0	9	0	0	4.113		99.956	40.7307	0.0527257	0	0.527489	0.198342	15.743	1		0	12.0439	40.7668	0	0	0	
2024-06-23 22:54:06	1268	2735	1	0	0	7	29	0	0	0	29	0	0	5.75	29	0	0	0	29	0	0	1.082		99.9388	41.0537	0.183989	0	1.84102	0.0712637	14.4593	1		0.0088623	12.0439	38.9475	0	0	0	
2024-06-23 22:53:57	1267	2736	9	0	0	7	29	0	0	0	29	0	0	4.5	29	0	0	0	29	0	0	2.165		99.9419	41.0835	0.0894084	0	0.894603	0.0990321	14.0524	1		0	12.0439	38.9475	0	0	0	
2024-06-23 22:43:42	1197	2737	9	0	0	1	5	0	0	0	5	0	0	5.25	5	0	0	0	5	0	0	3.68		99.9551	40.1653	0.0604626	0	0.604897	0.522931	16.1529	1		0	12.0439	41.6764	0	0	0	
2024-06-23 22:43:16	1194	2738	5	0	0	1	5	0	0	0	5	0	0	4	5	0	0	0	5	0	0	2.598		99.9519	40.1989	0.0725212	0	0.725561	0.121222	13.6765	1		0.0088623	12.0439	41.9363	0	0	0	
2024-06-23 23:01:08	1316	2739	1	0	0	4.75	20	0	0	0	20	0	0	3	20	0	0	0	20	0	0	1.515		99.9405	41.0206	0.121323	0	1.21396	0.0341599	13.3481	1		0	12.0439	38.8176	0	0	0	
2024-06-23 22:52:51	1260	2740	1	0	0	6	25	0	0	0	25	0	0	3	25	0	0	0	25	0	0	2.598		99.9402	41.0455	0.0764909	0	0.765367	0.0474278	14.4268	1		0	12.0439	39.0775	0	0	0	
2024-06-23 22:46:20	1215	2741	5	0	0	2	9	0	0	0	9	0	0	2.25	9	0	0	0	9	0	0	0.216		99.9439	40.5411	0.71465	0	7.15051	0.125288	11.232	1		0	12.0439	40.3769	0	0	0	
2024-06-23 22:55:06	1275	2742	1	0	0	7	29	0	0	0	29	0	0	0.5	29	0	0	0	29	0	0	5.628		99.9371	41.0745	0.043026	0	0.43053	0.0459391	17.5832	1		0	12.0439	38.9475	0	0	0	
2024-06-23 22:42:46	1191	2743	1	0	0	0	1	0	0	0	1	0	0	3.5	1	0	0	0	1	0	0	3.031		99.9639	40.5221	0.0679767	0	0.680012	0.00973169	14.9543	1		0.0088623	11.9375	42.3261	0	0	0	
2024-06-23 23:02:39	1327	2744	1	0	0	1.75	8	0	0	0	8	0	0	0	8	0	0	0	8	0	0	1.515		99.9365	41.2982	0.117193	0	1.17267	0.0447914	12.8942	1		0	12.0439	38.9475	0	0	0	
2024-06-23 22:51:57	1254	2745	5	0	0	6	25	0	0	0	25	0	0	7	25	0	0	0	25	0	0	0.866		99.9359	41.0716	0.238691	0	2.38844	0.0479429	15.007	2		0	12.0439	39.0775	0	0	0	
2024-06-23 23:01:49	1321	2746	1	0	0	6.5	27	0	0	0	27	0	0	1.25	27	0	0	0	27	0	0	4.546		99.9421	41.2035	0.0520125	0	0.520426	0.416101	17.1672	1		0	12.0439	38.9475	0	0	0	
2024-06-23 22:56:43	1286	2747	5	0	0	7.75	32	0	0	0	32	0	0	1.25	32	0	0	0	32	0	0	5.628		99.9365	41.1217	0.0390055	0	0.390303	0.0711418	15.9402	1		0	12.0439	38.8176	0	0	0	
2024-06-23 22:50:21	1243	2748	9	0	0	5	21	0	0	0	21	0	0	5.5	21	0	0	0	21	0	0	0.433		99.9416	41.0932	0.4552	0	4.55466	0.241686	14.3089	1		0	12.0439	39.3374	0	0	0	
2024-06-23 22:50:54	1247	2749	9	0	0	5	21	0	0	0	21	0	0	4.25	21	0	0	0	21	0	0	0.649		99.9403	41.2618	0.302787	0	3.02968	0.230925	14.277	1		0	11.9375	39.3374	0	0	0	
2024-06-23 22:48:03	1227	2750	1	0	0	3	13	0	0	0	13	0	0	1	13	0	0	0	13	0	0	1.732		99.9476	41.2586	0.103154	0	1.03208	0.00714471	12.9695	1		0	12.0439	39.8571	0	0	0	
2024-06-23 22:44:27	1202	2751	1	0	0	1	5	0	0	0	5	0	0	2	5	0	0	0	5	0	0	0.866		99.9509	40.1796	0.205224	0	2.05325	0.049249	12.9009	1		0	12.0439	41.1566	0	0	0	
2024-06-23 22:58:15	1296	2752	9	0	0	1.75	8	0	0	0	8	0	0	6	8	0	0	0	8	0	0	3.68		99.9402	41.2771	0.0605159	0	0.605521	0.290182	16.1696	1		0	12.0439	38.6876	0	0	0	
2024-06-23 22:49:38	1238	2753	1	0	0	4	17	0	0	0	17	0	0	2.25	17	0	0	0	17	0	0	1.515		99.9403	40.509	0.118799	0	1.1887	0.0337807	13.0704	1		0	12.0439	39.4673	0	0	0	
2024-06-23 22:56:25	1284	2754	9	0	0	7.75	32	0	0	0	32	0	0	6	32	0	0	0	32	0	0	1.515		99.9418	41.3735	0.128063	0	1.28138	0.208958	14.0895	1		0.0088623	12.0439	38.8176	0	0	0	
2024-06-23 22:55:49	1280	2755	5	0	0	7.75	32	0	0	0	32	0	0	4.75	32	0	0	0	32	0	0	2.598		99.9321	41.1518	0.0735009	0	0.735509	0.0299392	13.864	2		0	12.0439	38.9475	0	0	0	
2024-06-23 22:53:31	1264	2756	5	0	0	6	25	0	0	0	25	0	0	2	25	0	0	0	25	0	0	3.464		99.9369	41.0404	0.0639313	0	0.639716	0.115985	16.0778	1		0	12.0439	38.9475	0	0	0	
2024-06-23 22:48:29	1230	2757	5	0	0	4	17	0	0	0	17	0	0	5.5	17	0	0	0	17	0	0	1.299		99.9446	40.653	0.151163	0	1.51247	0.0437801	14.2547	1		0	12.0439	39.7272	0	0	0	
2024-06-23 22:48:21	1229	2758	9	0	0	4	17	0	0	0	17	0	0	4.25	17	0	0	0	17	0	0	0.216		99.9479	40.6781	0.820026	0	8.20453	0.0755493	12.8876	1		0	12.0439	39.7272	0	0	0	
2024-06-23 22:41:25	1182	2759	1	0	0	0	1	0	0	0	1	0	0	1.75	1	0	0	0	1	0	0	1.515		99.9571	40.4435	0.118053	0	1.18104	0.00696318	12.9862	2		0	12.0439	43.6256	0	0	0	
2024-06-23 23:03:51	1336	2760	1	0	0	3.75	16	0	0	4	16	0	0	3.5	16	0	0	4.25	16	0	0	0.13		99.9448	18.0152	0.555961	0	5.56268	0.320339	8.73784	1		0	12.0439	39.0775	0	0	0	
2024-06-23 22:48:12	1228	2761	1	0	0	3	13	0	0	0	13	0	0	2.75	13	0	0	0	13	0	0	0.216		99.9461	41.2555	0.709284	0	7.09666	0.239637	11.1474	1		0	12.0439	39.7272	0	0	0	
2024-06-23 22:45:54	1212	2762	9	0	0	2	9	0	0	0	9	0	0	6	9	0	0	0	9	0	0	3.464		99.9528	40.6079	0.0633392	0	0.633691	0.367148	15.9264	1		0	12.0439	40.5069	0	0	0	
2024-06-23 22:44:51	1205	2763	9	0	0	2	9	0	0	0	9	0	0	4.75	9	0	0	0	9	0	0	2.381		99.9489	40.7258	0.0816446	0	0.816864	0.124176	14.1144	1		0	12.0439	41.0267	0	0	0	
2024-06-23 22:53:48	1266	2764	5	0	0	7	29	0	0	0	29	0	0	5	29	0	0	0	29	0	0	1.732		99.9388	41.0941	0.110691	0	1.10759	0.0972202	13.9184	1		0	12.0439	38.9475	0	0	0	
2024-06-23 22:53:48	1266	2765	1	0	0	7	29	0	0	0	29	0	0	3.75	29	0	0	0	29	0	0	2.814		99.9388	41.0941	0.0704109	0	0.70454	0.0214954	14.387	1		0	12.0439	38.9475	0	0	0	
2024-06-23 22:43:50	1198	2766	1	0	0	1	5	0	0	0	5	0	0	3.25	5	0	0	0	5	0	0	1.948		99.9541	40.1101	0.0925401	0	0.925826	0.0527191	13.0886	2		0	12.0439	41.5464	0	0	0	
2024-06-23 22:57:42	1293	2767	9	0	0	2.75	12	0	0	0	12	0	0	5	12	0	0	0	12	0	0	1.948		99.9387	41.0982	0.0937461	0	0.938036	0.0662464	13.2612	1		0.0088623	11.9375	38.9475	0	0	0	
2024-06-23 22:50:30	1244	2768	1	0	0	5	21	0	0	0	21	0	0	1.75	21	0	0	0	21	0	0	2.814		99.9405	41.0651	0.0727252	0	0.727684	0.594052	14.8596	1		0	12.0439	39.3374	0	0	0	
2024-06-23 22:46:20	1215	2769	1	0	0	2	9	0	0	0	9	0	0	1.5	9	0	0	0	9	0	0	0.433		99.9439	40.5411	0.415535	0	4.15768	0.0381966	13.0617	1		0	12.0439	40.3769	0	0	0	
2024-06-23 22:41:12	1181	2770	1	0	0	0	1	0	0	0	1	0	0	2.75	1	0	0	0	1	0	0	2.381		99.9587	40.5165	0.119015	0	1.19064	0.667565	20.5728	1		0.0088623	12.0616	43.7555	0	0	0	
2024-06-23 22:57:35	1292	2771	9	0	0	3.25	14	0	0	0	14	0	0	4.5	14	0	0	0	14	0	0	1.082		99.9407	41.293	0.172139	0	1.72242	0.10006	13.5278	1		0	12.0439	38.8176	0	0	0	
2024-06-23 22:46:46	1218	2772	9	0	0	3	13	0	0	0	13	0	0	6.75	13	0	0	0	13	0	0	3.247		99.948	41.3284	0.0639045	0	0.639377	0.258635	15.065	1		0	12.0439	40.117	0	0	0	
2024-06-23 22:43:50	1198	2773	5	0	0	1	5	0	0	0	5	0	0	7.25	5	0	0	0	5	0	0	5.412		99.9541	40.1101	0.057462	0	0.574884	0.250669	22.5756	2		0	12.0439	41.5464	0	0	0	
2024-06-23 22:52:17	1256	2774	9	0	0	6	25	0	0	0	25	0	0	7.5	25	0	0	0	25	0	0	1.299		99.9358	41.0416	0.150426	0	1.50522	0.072328	14.1864	1		0	12.0439	39.0775	0	0	0	
2024-06-23 22:52:42	1259	2775	9	0	0	6	25	0	0	0	25	0	0	6.25	25	0	0	0	25	0	0	0.216		99.9368	41.0932	0.786451	0	7.86949	0.272567	12.3614	1		0	12.0439	39.0775	0	0	0	
2024-06-23 22:57:01	1288	2776	5	0	0	7.75	32	0	0	0	32	0	0	0.5	32	0	0	0	32	0	0	6.278		99.9438	41.1748	0.0361537	0	0.36174	0.0916033	16.4784	1		0.0088623	12.0439	38.8176	0	0	0	
2024-06-23 22:51:20	1250	2777	5	0	0	5	21	0	0	0	21	0	0	3.5	21	0	0	0	21	0	0	1.299		99.9349	41.1941	0.141768	0	1.41861	0.153587	13.3701	1		0	12.0439	39.2074	0	0	0	
2024-06-23 22:47:12	1221	2778	1	0	0	3	13	0	0	0	13	0	0	0.25	13	0	0	0	13	0	0	2.381		99.9501	41.2716	0.0767934	0	0.768317	0.102044	13.2756	1		0	12.0439	39.9871	0	0	0	
2024-06-23 22:43:25	1195	2779	1	0	0	1	5	0	0	0	5	0	0	1.25	5	0	0	0	5	0	0	0.216		99.9566	40.171	0.720103	0	7.20415	0.113065	11.3163	1		0	12.0439	41.8063	0	0	0	
2024-06-23 22:49:54	1240	2780	5	0	0	4	17	0	0	0	17	0	0	1.5	17	0	0	0	17	0	0	2.165		99.944	40.6513	0.0848017	0	0.848492	0.166979	13.3281	1		0	12.0439	39.4673	0	0	0	
2024-06-23 22:58:23	1297	2781	9	0	0	1.5	7	0	0	0	7	0	0	6.25	7	0	0	0	7	0	0	4.113		99.9392	40.4529	0.0592406	0	0.592767	0.873214	17.6912	3		0	12.0439	38.9475	0	0	0	
2024-06-23 22:56:08	1282	2782	5	0	0	7.75	32	0	0	0	32	0	0	5.25	32	0	0	0	32	0	0	2.165		99.9407	41.133	0.087435	0	0.874869	0.091443	13.7424	1		0	12.0439	38.9475	0	0	0	
2024-06-23 22:55:31	1278	2783	9	0	0	7.75	32	0	0	0	32	0	0	4	32	0	0	0	32	0	0	3.247		99.932	41.3001	0.0592816	0	0.593219	0.144892	13.9774	1		0	12.0439	38.9475	0	0	0	
2024-06-23 22:52:59	1261	2784	5	0	0	6	25	0	0	0	25	0	0	1.25	25	0	0	0	25	0	0	4.113		99.9432	41.2067	0.0583068	0	0.5834	0.683967	17.4116	1		0	12.0439	39.0775	0	0	0	
2024-06-23 22:48:47	1232	2785	1	0	0	4	17	0	0	0	17	0	0	3.5	17	0	0	0	17	0	0	0.433		99.9428	40.5988	0.465933	0	4.662	0.0932265	14.6461	1		0	12.0439	39.5972	0	0	0	
2024-06-23 22:42:39	1190	2786	5	0	0	0	1	0	0	0	1	0	0	1	1	0	0	0	1	0	0	0.866		99.9594	40.4714	0.210511	0	2.10596	0.0774083	13.2322	1		0.0088623	12.0439	42.4561	0	0	0	
2024-06-23 22:45:08	1207	2787	5	0	0	2	9	0	0	0	9	0	0	5.25	9	0	0	0	9	0	0	2.814		99.9555	40.6404	0.0769755	0	0.770098	0.504107	15.7257	1		0	12.0439	40.8967	0	0	0	
2024-06-23 22:45:46	1211	2788	5	0	0	2	9	0	0	0	9	0	0	4	9	0	0	0	9	0	0	1.732		99.9522	40.6373	0.105166	0	1.05216	0.0233354	13.2219	1		0	12.0439	40.3769	0	0	0	
2024-06-23 23:02:54	1329	2789	1	0	0	3.5	15	0	0	0	15	0	0	2.25	15	0	0	0	15	0	0	1.082		99.9406	40.9215	0.167084	0	1.67183	0.0582058	13.1305	1		0	12.0439	39.0775	0	0	0	
2024-06-23 22:53:40	1265	2790	1	0	0	7	29	0	0	0	29	0	0	3	29	0	0	0	29	0	0	3.464		99.9397	41.0562	0.0584864	0	0.585217	0.0922072	14.7081	1		0	12.0439	38.9475	0	0	0	
2024-06-23 22:44:10	1200	2791	1	0	0	1	5	0	0	0	5	0	0	2.5	5	0	0	0	5	0	0	1.299		99.9573	40.1199	0.139711	0	1.3977	0.00643359	13.1731	1		0	12.0439	41.2865	0	0	0	
2024-06-23 22:41:36	1183	2792	9	0	0	0	1	0	0	0	1	0	0	6.75	1	0	0	0	1	0	0	5.845		99.9555	40.436	0.0403876	0	0.404056	0.176473	17.1366	1		0.0088623	12.0439	43.4956	0	0	0	
2024-06-23 22:59:35	1305	2793	1	0	0	2.75	12	0	0	0	12	0	0	3	12	0	0	0	12	0	0	0.216		99.9417	40.9441	0.712775	0	7.1319	0.181468	11.2028	1		0	12.0439	38.8176	0	0	0	
2024-06-23 22:50:39	1245	2794	1	0	0	5	21	0	0	0	21	0	0	1	21	0	0	0	21	0	0	3.464		99.9377	41.0469	0.0612342	0	0.612724	0.635516	15.3994	1		0.0088623	12.0439	39.2074	0	0	0	
2024-06-23 23:05:08	1345	2795	1	0	0	0.5	3	0	0	7.25	3	0	0	2.75	3	0	0	5	3	0	0	1.168		99.9468	19.4991	0.0711791	0	0.71217	0.101463	10.0681	2		0	12.0439	39.0775	0	0	0	
2024-06-23 23:00:24	1311	2796	9	0	0	6.75	28	0	0	0	28	0	0	7	28	0	0	0	28	0	0	0.216		99.9435	41.3891	0.765911	0	7.66344	0.287149	12.0377	1		0	12.0439	38.9475	0	0	0	
2024-06-23 22:45:46	1211	2797	1	0	0	2	9	0	0	0	9	0	0	0.75	9	0	0	0	9	0	0	1.082		99.9522	40.6373	0.163144	0	1.63222	0.0609415	12.8194	1		0	12.0439	40.3769	0	0	0	
2024-06-23 22:47:38	1224	2798	5	0	0	3	13	0	0	0	13	0	0	6	13	0	0	0	13	0	0	2.598		99.95	41.2621	0.0758528	0	0.758908	0.0173796	14.3051	1		0	12.0439	39.8571	0	0	0	
2024-06-23 22:47:03	1220	2799	9	0	0	3	13	0	0	0	13	0	0	4.75	13	0	0	0	13	0	0	1.515		99.9489	41.2867	0.122099	0	1.22161	0.0396782	13.4323	1		0	12.0439	40.117	0	0	0	
2024-06-23 22:43:33	1196	2800	5	0	0	1	5	0	0	0	5	0	0	7.75	5	0	0	0	5	0	0	5.845		99.9556	40.1757	0.0385211	0	0.385382	0.086296	16.3446	1		0.0088623	12.0439	41.6764	0	0	0	
2024-06-23 22:44:10	1200	2801	5	0	0	1	5	0	0	0	5	0	0	6.5	5	0	0	0	5	0	0	4.762		99.9573	40.1199	0.0505536	0	0.505752	0.333111	17.4775	1		0	12.0439	41.2865	0	0	0	
2024-06-23 22:52:33	1258	2802	5	0	0	6	25	0	0	0	25	0	0	5.5	25	0	0	0	25	0	0	0.433		99.9378	41.2484	0.462655	0	4.62943	0.278078	14.5438	1		0	12.0439	39.0775	0	0	0	
2024-06-23 22:51:48	1253	2803	9	0	0	6	25	0	0	0	25	0	0	4.25	25	0	0	0	25	0	0	1.515		99.9362	41.1921	0.127985	0	1.28067	0.336971	14.0817	1		0.0088623	12.0439	39.0775	0	0	0	
2024-06-23 22:51:39	1252	2804	5	0	0	5	21	0	0	0	21	0	0	2.75	21	0	0	0	21	0	0	1.948		99.9362	41.2618	0.0941439	0	0.94204	0.134162	13.3178	1		0	12.0439	39.2074	0	0	0	
2024-06-23 22:44:34	1203	2805	1	0	0	1	5	0	0	0	5	0	0	0.5	5	0	0	0	5	0	0	0.433		99.9552	40.3183	0.435071	0	4.35266	0.126204	13.6743	1		0	12.0439	41.0267	0	0	0	
2024-06-23 22:49:47	1239	2806	1	0	0	4	17	0	0	0	17	0	0	0.75	17	0	0	0	17	0	0	2.814		99.9439	40.5315	0.0689961	0	0.690348	0.210848	14.0972	1		0	12.0439	39.4673	0	0	0	
2024-06-23 22:56:17	1283	2807	1	0	0	7.75	32	0	0	0	32	0	0	3.25	32	0	0	0	32	0	0	3.897		99.9432	41.3	0.050243	0	0.502716	0.193239	14.214	1		0	12.0439	38.9475	0	0	0	
2024-06-23 23:04:23	1340	2808	1	0	0	2.75	12	0	0	5	12	0	0	0.5	12	0	0	7.25	12	0	0	1.168		99.9465	19.2768	0.0709667	0	0.710046	0.184874	10.038	1		0	12.0439	38.9475	0	0	0	
2024-06-23 22:58:36	1298	2809	9	0	0	1.25	6	0	0	0	6	0	0	6.5	6	0	0	0	6	0	0	4.546		99.9392	41.282	0.0514571	0	0.514884	0.122479	16.9843	1		0.0088623	12.0439	38.9475	0	0	0	
2024-06-23 22:51:48	1253	2810	1	0	0	6	25	0	0	0	25	0	0	0.5	25	0	0	0	25	0	0	4.762		99.9362	41.1921	0.053338	0	0.53372	0.143583	18.4441	1		0.0088623	12.0439	39.0775	0	0	0	
2024-06-23 22:49:38	1238	2811	5	0	0	4	17	0	0	0	17	0	0	2.75	17	0	0	0	17	0	0	1.082		99.9403	40.509	0.170009	0	1.7011	0.0860035	13.3604	1		0	12.0439	39.4673	0	0	0	
2024-06-23 22:41:36	1183	2812	1	0	0	0	1	0	0	0	1	0	0	0.25	1	0	0	0	1	0	0	0.216		99.9555	40.436	0.718177	0	7.18497	0.0429241	11.2861	1		0.0088623	12.0439	43.4956	0	0	0	
2024-06-23 22:46:12	1214	2813	5	0	0	2	9	0	0	0	9	0	0	3.25	9	0	0	0	9	0	0	1.082		99.9487	40.5435	0.16761	0	1.67696	0.144531	13.1708	1		0.0088623	12.0439	40.3769	0	0	0	
2024-06-23 22:55:14	1276	2814	5	0	0	7	29	0	0	0	29	0	0	1.75	29	0	0	0	29	0	0	4.546		99.9393	41.2243	0.050212	0	0.502425	0.622167	16.5734	1		0	12.0439	38.9475	0	0	0	
2024-06-23 22:42:23	1188	2815	5	0	0	0	1	0	0	0	1	0	0	6	1	0	0	0	1	0	0	5.195		99.957	40.3096	0.0487302	0	0.487511	0.280548	18.3787	1		0	12.0439	42.586	0	0	0	
2024-06-23 22:42:14	1187	2816	5	0	0	0	1	0	0	0	1	0	0	4.75	1	0	0	0	1	0	0	4.113		99.9593	40.3453	0.0518407	0	0.518617	0.371609	15.4782	1		0	12.0439	42.7159	0	0	0	
2024-06-23 23:02:04	1323	2817	1	0	0	7.25	30	0	0	0	30	0	0	0.5	30	0	0	0	30	0	0	5.845		99.9432	41.5573	0.0477284	0	0.477555	0.451178	20.2538	1		0	12.0439	38.9475	0	0	0	
2024-06-23 22:50:54	1247	2818	1	0	0	5	21	0	0	0	21	0	0	0.25	21	0	0	0	21	0	0	4.113		99.9403	41.2618	0.0510854	0	0.511159	0.21507	15.2556	1		0	11.9375	39.3374	0	0	0	
2024-06-23 22:50:30	1244	2819	5	0	0	5	21	0	0	0	21	0	0	6.75	21	0	0	0	21	0	0	1.515		99.9405	41.0651	0.13107	0	1.31148	0.388201	14.4205	1		0	12.0439	39.3374	0	0	0	
2024-06-23 22:47:29	1223	2820	1	0	0	3	13	0	0	0	13	0	0	2.25	13	0	0	0	13	0	0	0.649		99.9485	41.2948	0.284678	0	2.84825	0.178605	13.4221	1		0	12.0439	39.9871	0	0	0	
2024-06-23 22:45:26	1209	2821	1	0	0	2	9	0	0	0	9	0	0	0	9	0	0	0	9	0	0	1.732		99.9523	40.5399	0.127062	0	1.27123	0.156579	15.9748	2		0	12.0439	40.6368	0	0	0	
2024-06-23 23:00:35	1312	2822	9	0	0	6.5	27	0	0	0	27	0	0	7.25	27	0	0	0	27	0	0	0.649		99.9404	41.3179	0.310473	0	3.10658	0.177724	14.6394	1		0	12.0439	38.8176	0	0	0	
2024-06-23 22:56:17	1283	2823	5	0	0	7.75	32	0	0	0	32	0	0	7.25	32	0	0	0	32	0	0	0.433		99.9432	41.3	0.453972	0	4.5423	0.426638	14.27	1		0	12.0439	38.9475	0	0	0	
2024-06-23 23:02:12	1324	2824	1	0	0	7.5	31	0	0	0	31	0	0	0.25	31	0	0	0	31	0	0	6.278		99.9418	41.4993	0.0360741	0	0.360951	0.250017	16.4424	1		0	12.0439	38.9475	0	0	0	
2024-06-23 22:59:10	1302	2825	1	0	0	0.75	4	0	0	0	4	0	0	1	4	0	0	0	4	0	0	0.216		99.9393	41.1711	0.728954	0	7.29397	0.066486	11.4573	1		0	12.0439	38.8176	0	0	0	
2024-06-23 23:01:23	1318	2826	1	0	0	5.5	23	0	0	0	23	0	0	2.25	23	0	0	0	23	0	0	2.814		99.9451	41.184	0.0812279	0	0.812725	0.462299	16.5961	1		0	12.0439	38.9475	0	0	0	
2024-06-23 22:49:12	1235	2827	5	0	0	4	17	0	0	0	17	0	0	6.75	17	0	0	0	17	0	0	2.381		99.9437	40.5391	0.0828173	0	0.828639	0.138339	14.3179	1		0	12.0439	39.5972	0	0	0	
2024-06-23 22:47:20	1222	2828	5	0	0	3	13	0	0	0	13	0	0	5.25	13	0	0	0	13	0	0	1.948		99.9525	41.3961	0.0971373	0	0.971835	0.243166	13.739	1		0	12.0439	39.9871	0	0	0	
2024-06-23 22:46:55	1219	2829	9	0	0	3	13	0	0	0	13	0	0	4	13	0	0	0	13	0	0	0.866		99.9496	41.2901	0.220943	0	2.21054	0.0704084	13.8892	1		0	12.0439	40.117	0	0	0	
2024-06-23 22:45:17	1208	2830	9	0	0	2	9	0	0	0	9	0	0	7.25	9	0	0	0	9	0	0	4.546		99.9529	40.6117	0.0534014	0	0.534265	0.0657903	17.6237	1		0	12.0439	40.7668	0	0	0	
2024-06-23 22:54:32	1271	2831	9	0	0	7	29	0	0	0	29	0	0	7.5	29	0	0	0	29	0	0	0.433		99.9404	41.0106	0.443259	0	4.43523	0.162269	13.9337	1		0.0088623	12.0439	38.9475	0	0	0	
2024-06-23 22:54:15	1269	2832	5	0	0	7	29	0	0	0	29	0	0	6.25	29	0	0	0	29	0	0	0.649		99.9443	41.0285	0.315535	0	3.15711	0.230245	14.8775	1		0	12.0439	38.9475	0	0	0	
2024-06-23 22:44:02	1199	2833	5	0	0	1	5	0	0	0	5	0	0	5.75	5	0	0	0	5	0	0	4.113		99.9558	40.0919	0.0518986	0	0.519215	0.0140308	15.496	1		0	12.0439	41.4165	0	0	0	
2024-06-23 22:43:04	1193	2834	5	0	0	1	5	0	0	0	5	0	0	4.5	5	0	0	0	5	0	0	3.031		99.9549	40.2153	0.0686839	0	0.687149	0.0630729	15.1112	2		0	12.0439	42.0662	0	0	0	
2024-06-23 22:52:17	1256	2835	1	0	0	6	25	0	0	0	25	0	0	3.5	25	0	0	0	25	0	0	2.165		99.9358	41.0416	0.0874322	0	0.874883	0.0111147	13.7426	1		0	12.0439	39.0775	0	0	0	
2024-06-23 22:49:30	1237	2836	1	0	0	4	17	0	0	0	17	0	0	0	17	0	0	0	17	0	0	3.464		99.9453	40.5532	0.0601575	0	0.601904	0.113827	15.1275	1		0	12.0439	39.4673	0	0	0	
2024-06-23 22:56:51	1287	2837	1	0	0	7.75	32	0	0	0	32	0	0	2.5	32	0	0	0	32	0	0	4.546		99.9442	41.2971	0.0461575	0	0.461833	0.607049	15.2344	1		0	12.0439	38.9475	0	0	0	
2024-06-23 22:45:37	1210	2838	1	0	0	2	9	0	0	0	9	0	0	2.5	9	0	0	0	9	0	0	0.433		99.956	40.7307	0.413624	0	4.13806	0.0883682	13.0001	1		0	12.0439	40.7668	0	0	0	
2024-06-23 22:55:06	1275	2839	5	0	0	7	29	0	0	0	29	0	0	1	29	0	0	0	29	0	0	5.195		99.9371	41.0745	0.0453193	0	0.453478	0.109463	17.0957	1		0	12.0439	38.9475	0	0	0	
2024-06-23 22:41:45	1184	2840	9	0	0	0	1	0	0	0	1	0	0	5.25	1	0	0	0	1	0	0	4.546		99.9564	40.4352	0.0493801	0	0.494016	0.00726372	16.296	1		0	12.0439	43.2357	0	0	0	
2024-06-23 22:41:25	1182	2841	9	0	0	0	1	0	0	0	1	0	0	4	1	0	0	0	1	0	0	3.464		99.9571	40.4435	0.0604538	0	0.604797	0.00425187	15.2002	2		0	12.0439	43.6256	0	0	0	
2024-06-23 22:55:31	1278	2842	1	0	0	7.75	32	0	0	0	32	0	0	1.75	32	0	0	0	32	0	0	5.195		99.932	41.3001	0.0415108	0	0.41539	0.241808	15.6598	1		0	12.0439	38.9475	0	0	0	
2024-06-23 22:50:04	1241	2843	5	0	0	5	21	0	0	0	21	0	0	6	21	0	0	0	21	0	0	0.866		99.9397	41.1461	0.231198	0	2.31337	0.18573	14.5354	1		0.0088623	12.0439	39.3374	0	0	0	
2024-06-23 22:50:46	1246	2844	9	0	0	5	21	0	0	0	21	0	0	4.75	21	0	0	0	21	0	0	0.216		99.9406	41.2077	0.738112	0	7.38551	0.250528	11.6011	1		0	12.0439	39.3374	0	0	0	
2024-06-23 22:47:46	1225	2845	1	0	0	3	13	0	0	0	13	0	0	1.5	13	0	0	0	13	0	0	1.299		99.9454	41.2534	0.137257	0	1.37332	0.0386739	12.9432	1		0	12.0439	39.8571	0	0	0	
2024-06-23 22:56:00	1281	2846	9	0	0	7.75	32	0	0	0	32	0	0	6.5	32	0	0	0	32	0	0	1.082		99.9361	41.1681	0.183744	0	1.83861	0.0295294	14.4404	1		0	12.0439	38.9475	0	0	0	
2024-06-23 22:58:06	1295	2847	9	0	0	2.25	10	0	0	0	10	0	0	5.5	10	0	0	0	10	0	0	2.814		99.9413	41.7573	0.0797725	0	0.798194	0.617615	16.2994	1		0	12.0439	38.9475	0	0	0	
2024-06-23 23:04:15	1339	2848	1	0	0	3	13	0	0	4.75	13	0	0	1.25	13	0	0	6.5	13	0	0	0.908		99.9435	19.5704	0.0905486	0	0.905998	0.363796	9.96197	1		0	12.0439	39.0775	0	0	0	
2024-06-23 22:48:55	1233	2849	5	0	0	4	17	0	0	0	17	0	0	6	17	0	0	0	17	0	0	1.732		99.9449	40.5633	0.110542	0	1.10603	0.0778737	13.8988	1		0	12.0439	39.5972	0	0	0	
2024-06-23 22:48:38	1231	2850	9	0	0	4	17	0	0	0	17	0	0	4.75	17	0	0	0	17	0	0	0.649		99.9402	40.5682	0.318911	0	3.19101	0.118716	15.0373	1		0	12.0439	39.5972	0	0	0	
2024-06-23 22:42:31	1189	2851	5	0	0	0	1	0	0	0	1	0	0	2.25	1	0	0	0	1	0	0	1.948		99.9638	40.4225	0.104529	0	1.04566	0.524666	14.7827	1		0.0088623	12.0439	42.4561	0	0	0	
2024-06-23 23:04:07	1338	2852	1	0	0	3.25	14	0	0	4.5	14	0	0	2	14	0	0	5.75	14	0	0	0.649		99.9427	19.4342	0.148244	0	1.48329	0.591387	11.6497	1		0	12.0439	39.0775	0	0	0	
2024-06-23 22:47:54	1226	2853	1	0	0	3	13	0	0	0	13	0	0	3.25	13	0	0	0	13	0	0	0.216		99.9497	41.4049	0.726436	0	7.26801	0.169464	11.4166	1		0	12.0439	39.8571	0	0	0	
2024-06-23 22:45:17	1208	2854	5	0	0	2	9	0	0	0	9	0	0	7.75	9	0	0	0	9	0	0	4.979		99.9529	40.6117	0.0428604	0	0.428806	0.0851023	15.492	1		0	12.0439	40.7668	0	0	0	
2024-06-23 22:45:37	1210	2855	9	0	0	2	9	0	0	0	9	0	0	6.5	9	0	0	0	9	0	0	3.897		99.956	40.7307	0.0547311	0	0.547551	0.0296082	15.4816	1		0	12.0439	40.7668	0	0	0	
2024-06-23 22:54:15	1269	2856	9	0	0	7	29	0	0	0	29	0	0	5.5	29	0	0	0	29	0	0	1.299		99.9443	41.0285	0.150714	0	1.50798	0.160057	14.2124	1		0	12.0439	38.9475	0	0	0	
2024-06-23 22:53:40	1265	2857	5	0	0	7	29	0	0	0	29	0	0	4.25	29	0	0	0	29	0	0	2.381		99.9397	41.0562	0.0821686	0	0.822182	0.2446	14.2063	1		0	12.0439	38.9475	0	0	0	
2024-06-23 22:43:25	1195	2858	9	0	0	1	5	0	0	0	5	0	0	5	5	0	0	0	5	0	0	3.464		99.9566	40.171	0.0599504	0	0.599764	0.0720843	15.0737	1		0	12.0439	41.8063	0	0	0	
2024-06-23 22:43:16	1194	2859	1	0	0	1	5	0	0	0	5	0	0	3.75	5	0	0	0	5	0	0	2.381		99.9519	40.1989	0.0804878	0	0.805265	0.0909112	13.914	1		0.0088623	12.0439	41.9363	0	0	0	
2024-06-23 22:53:08	1262	2860	5	0	0	6	25	0	0	0	25	0	0	2.75	25	0	0	0	25	0	0	2.814		99.9411	41.1686	0.0708106	0	0.708524	0.0402829	14.4683	2		0	12.0439	38.9475	0	0	0	
2024-06-23 22:50:12	1242	2861	1	0	0	5	21	0	0	0	21	0	0	2.25	21	0	0	0	21	0	0	2.381		99.9421	41.0633	0.0791104	0	0.791562	0.17393	13.6772	1		0	12.0439	39.3374	0	0	0	
2024-06-23 22:54:48	1273	2862	5	0	0	7	29	0	0	0	29	0	0	0.25	29	0	0	0	29	0	0	5.845		99.9381	41.1454	0.0399439	0	0.399686	0.126829	16.9513	1		0	12.0439	39.0775	0	0	0	
2024-06-23 22:42:14	1187	2863	1	0	0	0	1	0	0	0	1	0	0	3.25	1	0	0	0	1	0	0	2.814		99.9593	40.3453	0.0689233	0	0.689513	0.158174	14.0801	1		0	12.0439	42.7159	0	0	0	
2024-06-23 22:46:37	1217	2864	9	0	0	3	13	0	0	0	13	0	0	7.25	13	0	0	0	13	0	0	3.68		99.947	41.3774	0.0650755	0	0.6511	0.288937	17.3867	1		0	12.0439	40.247	0	0	0	
2024-06-23 22:52:33	1258	2865	9	0	0	6	25	0	0	0	25	0	0	6.75	25	0	0	0	25	0	0	0.649		99.9378	41.2484	0.323997	0	3.24198	0.175877	15.2775	1		0	12.0439	39.0775	0	0	0	
2024-06-23 22:57:18	1290	2866	9	0	0	3.75	16	0	0	0	16	0	0	4	16	0	0	0	16	0	0	0.216		99.9398	40.9029	0.808978	0	8.09466	0.0716912	12.7151	1		0	12.0439	38.8176	0	0	0	
2024-06-23 22:56:08	1282	2867	1	0	0	7.75	32	0	0	0	32	0	0	1	32	0	0	0	32	0	0	5.845		99.9407	41.133	0.0377927	0	0.378151	0.201709	16.0379	1		0	12.0439	38.9475	0	0	0	
2024-06-23 22:50:39	1245	2868	9	0	0	5	21	0	0	0	21	0	0	5.25	21	0	0	0	21	0	0	0.216		99.9377	41.0469	0.758809	0	7.59282	0.151526	11.9268	1		0.0088623	12.0439	39.2074	0	0	0	
2024-06-23 22:50:54	1247	2869	5	0	0	5	21	0	0	0	21	0	0	4	21	0	0	0	21	0	0	0.866		99.9403	41.2618	0.227528	0	2.27664	0.0618296	14.3046	1		0	11.9375	39.3374	0	0	0	
2024-06-23 22:46:46	1218	2870	1	0	0	3	13	0	0	0	13	0	0	0.75	13	0	0	0	13	0	0	1.948		99.948	41.3284	0.0928753	0	0.929236	0.0631967	13.1368	1		0	12.0439	40.117	0	0	0	
2024-06-23 22:44:17	1201	2871	5	0	0	1	5	0	0	0	5	0	0	1.75	5	0	0	0	5	0	0	0.649		99.9573	40.2753	0.285863	0	2.85985	0.0280063	13.4767	1		0.0088623	12.0439	41.2865	0	0	0	
2024-06-23 22:48:38	1231	2872	1	0	0	4	17	0	0	0	17	0	0	2	17	0	0	0	17	0	0	1.732		99.9402	40.5682	0.104967	0	1.0503	0.0967504	13.1984	1		0	12.0439	39.5972	0	0	0	
2024-06-23 22:55:40	1279	2873	9	0	0	7.75	32	0	0	0	32	0	0	5.75	32	0	0	0	32	0	0	1.732		99.9317	41.2539	0.110902	0	1.10978	0.14096	13.9459	1		0	12.0439	38.8176	0	0	0	
2024-06-23 22:55:49	1280	2874	9	0	0	7.75	32	0	0	0	32	0	0	4.5	32	0	0	0	32	0	0	2.814		99.9321	41.1518	0.0679567	0	0.680029	0.0330077	13.8864	2		0	12.0439	38.9475	0	0	0	
2024-06-23 22:59:52	1307	2875	1	0	0	2.25	10	0	0	0	10	0	0	3.5	10	0	0	0	10	0	0	1.082		99.9403	41.4857	0.1672	0	1.673	0.00495509	13.1397	1		0	12.0439	38.8176	0	0	0	
2024-06-23 22:59:02	1301	2876	9	0	0	0.25	2	0	0	0	2	0	0	7.5	2	0	0	0	2	0	0	6.278		99.9375	40.93	0.0372593	0	0.372825	0.470166	16.9834	1		0	12.0439	38.8176	0	0	0	
2024-06-23 22:52:42	1259	2877	1	0	0	6	25	0	0	0	25	0	0	1.75	25	0	0	0	25	0	0	3.68		99.9368	41.0932	0.0649927	0	0.650338	0.743924	17.3663	1		0	12.0439	39.0775	0	0	0	
2024-06-23 22:48:55	1233	2878	9	0	0	4	17	0	0	0	17	0	0	5.25	17	0	0	0	17	0	0	1.082		99.9449	40.5633	0.18223	0	1.8233	0.0194564	14.3202	1		0	12.0439	39.5972	0	0	0	
2024-06-23 22:42:39	1190	2879	1	0	0	0	1	0	0	0	1	0	0	1.5	1	0	0	0	1	0	0	1.299		99.9594	40.4714	0.136067	0	1.36122	0.0703488	12.8292	1		0.0088623	12.0439	42.4561	0	0	0	
2024-06-23 22:48:12	1228	2880	5	0	0	3	13	0	0	0	13	0	0	2.5	13	0	0	0	13	0	0	0.433		99.9461	41.2555	0.417136	0	4.17361	0.21043	13.1118	1		0	12.0439	39.7272	0	0	0	
2024-06-23 22:45:46	1211	2881	9	0	0	2	9	0	0	0	9	0	0	5.75	9	0	0	0	9	0	0	3.247		99.9522	40.6373	0.0642415	0	0.642722	0.17842	15.1438	1		0	12.0439	40.3769	0	0	0	
2024-06-23 22:45:08	1207	2882	9	0	0	2	9	0	0	0	9	0	0	4.5	9	0	0	0	9	0	0	2.165		99.9555	40.6404	0.0872845	0	0.873234	0.10015	13.7167	1		0	12.0439	40.8967	0	0	0	
2024-06-23 22:54:23	1270	2883	1	0	0	7	29	0	0	0	29	0	0	3.5	29	0	0	0	29	0	0	3.031		99.9397	41.0243	0.0650349	0	0.650742	0.0512617	14.3106	1		0	12.0439	38.9475	0	0	0	
2024-06-23 22:43:42	1197	2884	1	0	0	1	5	0	0	0	5	0	0	3	5	0	0	0	5	0	0	1.732		99.9551	40.1653	0.10409	0	1.04137	0.107505	13.0862	1		0	12.0439	41.6764	0	0	0	
2024-06-23 22:42:03	1186	2885	9	0	0	0	1	0	0	0	1	0	0	7.25	1	0	0	0	1	0	0	6.278		99.9604	40.3496	0.0402723	0	0.402883	0.238725	18.3526	2		0	12.0439	42.9758	0	0	0	
2024-06-23 22:51:11	1249	2886	5	0	0	5	21	0	0	0	21	0	0	1.5	21	0	0	0	21	0	0	3.031		99.9391	41.357	0.068964	0	0.69006	0.852894	15.1752	1		0	12.0439	39.2074	0	0	0	
2024-06-23 22:46:12	1214	2887	1	0	0	2	9	0	0	0	9	0	0	1.25	9	0	0	0	9	0	0	0.649		99.9487	40.5435	0.276953	0	2.77095	0.139077	13.0578	1		0.0088623	12.0439	40.3769	0	0	0	
2024-06-23 23:02:29	1326	2888	1	0	0	1.5	7	0	0	0	7	0	0	0.25	7	0	0	0	7	0	0	1.082		99.9439	40.7183	0.164334	0	1.64427	0.200808	12.914	1		0	11.9375	38.9475	0	0	0	
2024-06-23 22:42:23	1188	2889	1	0	0	0	1	0	0	0	1	0	0	2.5	1	0	0	0	1	0	0	2.165		99.957	40.3096	0.0876062	0	0.876439	0.081497	13.7671	1		0	12.0439	42.586	0	0	0	
2024-06-23 23:01:41	1320	2890	1	0	0	6.25	26	0	0	0	26	0	0	1.5	26	0	0	0	26	0	0	4.113		99.9398	41.3984	0.0550859	0	0.551191	0.622448	16.4504	1		0	12.0439	38.8176	0	0	0	
2024-06-23 23:03:35	1334	2891	9	0	0	7.25	30	0	0	0	30	0	0	6.5	30	0	0	0	30	0	0	0.649		99.9403	41.5865	0.306484	0	3.06667	0.117136	14.4514	1		0	12.0439	38.9475	0	0	0	
2024-06-23 22:46:55	1219	2892	5	0	0	3	13	0	0	0	13	0	0	7.75	13	0	0	0	13	0	0	4.113		99.9496	41.2901	0.0495862	0	0.496112	0.219001	14.8065	1		0	12.0439	40.117	0	0	0	
2024-06-23 22:46:46	1218	2893	5	0	0	3	13	0	0	0	13	0	0	6.5	13	0	0	0	13	0	0	3.031		99.948	41.3284	0.0675172	0	0.675523	0.0525712	14.8555	1		0	12.0439	40.117	0	0	0	
2024-06-23 22:43:16	1194	2894	9	0	0	1	5	0	0	0	5	0	0	7	5	0	0	0	5	0	0	5.195		99.9519	40.1989	0.0447437	0	0.447652	0.158529	16.8761	1		0.0088623	12.0439	41.9363	0	0	0	
2024-06-23 22:52:09	1255	2895	5	0	0	6	25	0	0	0	25	0	0	4.75	25	0	0	0	25	0	0	1.082		99.9347	41.0584	0.18195	0	1.82069	0.190341	14.2997	1		0	12.0439	39.0775	0	0	0	
2024-06-23 22:56:25	1284	2896	1	0	0	7.75	32	0	0	0	32	0	0	0.25	32	0	0	0	32	0	0	6.494		99.9418	41.3735	0.0339127	0	0.339325	0.0674783	15.9903	1		0.0088623	12.0439	38.8176	0	0	0	
2024-06-23 22:51:20	1250	2897	1	0	0	5	21	0	0	0	21	0	0	3.25	21	0	0	0	21	0	0	1.515		99.9349	41.1941	0.120327	0	1.20406	0.0752034	13.2393	1		0	12.0439	39.2074	0	0	0	
2024-06-23 22:47:03	1220	2898	1	0	0	3	13	0	0	0	13	0	0	0	13	0	0	0	13	0	0	2.598		99.9489	41.2867	0.0745912	0	0.746294	0.599877	14.0673	1		0	12.0439	40.117	0	0	0	
2024-06-23 22:57:26	1291	2899	9	0	0	3.5	15	0	0	0	15	0	0	4.25	15	0	0	0	15	0	0	0.649		99.9423	40.6754	0.305088	0	3.05264	0.0143683	14.3852	1		0	12.0439	38.8176	0	0	0	
2024-06-23 22:48:55	1233	2900	1	0	0	4	17	0	0	0	17	0	0	1.25	17	0	0	0	17	0	0	2.381		99.9449	40.5633	0.0788687	0	0.789122	0.204601	13.635	1		0	12.0439	39.5972	0	0	0	
2024-06-23 22:56:08	1282	2901	9	0	0	7.75	32	0	0	0	32	0	0	5	32	0	0	0	32	0	0	2.381		99.9407	41.133	0.0794281	0	0.794752	0.0226443	13.7323	1		0	12.0439	38.9475	0	0	0	
2024-06-23 22:55:40	1279	2902	1	0	0	7.75	32	0	0	0	32	0	0	3.75	32	0	0	0	32	0	0	3.464		99.9317	41.2539	0.0564213	0	0.564598	0.309725	14.1899	1		0	12.0439	38.8176	0	0	0	
2024-06-23 23:05:00	1344	2903	1	0	0	1.25	6	0	0	6.5	6	0	0	3	6	0	0	4.75	6	0	0	0.908		99.942	19.3995	0.0910037	0	0.910565	0.202123	10.0122	1		0	12.0439	38.9475	0	0	0	
2024-06-23 22:52:59	1261	2904	1	0	0	6	25	0	0	0	25	0	0	1	25	0	0	0	25	0	0	4.33		99.9432	41.2067	0.0557299	0	0.557616	0.230138	17.518	1		0	12.0439	39.0775	0	0	0	
2024-06-23 22:49:04	1234	2905	1	0	0	4	17	0	0	0	17	0	0	3.25	17	0	0	0	17	0	0	0.649		99.9434	40.5675	0.305757	0	3.0593	0.0710642	14.4166	1		0	12.0439	39.5972	0	0	0	
2024-06-23 22:42:46	1191	2906	5	0	0	0	1	0	0	0	1	0	0	0.75	1	0	0	0	1	0	0	0.649		99.9639	40.5221	0.310008	0	3.1012	0.0539585	14.614	1		0.0088623	11.9375	42.3261	0	0	0	
2024-06-23 23:04:31	1341	2907	1	0	0	3.5	15	0	0	4.25	15	0	0	3.75	15	0	0	4	15	0	0	0.13		99.9485	18.5411	0.54562	0	5.45901	0.0845556	8.575	1		0	12.0439	39.0775	0	0	0	
2024-06-23 22:44:51	1205	2908	5	0	0	2	9	0	0	0	9	0	0	5	9	0	0	0	9	0	0	2.598		99.9489	40.7258	0.0752557	0	0.752942	0.188915	14.1926	1		0	12.0439	41.0267	0	0	0	
2024-06-23 22:46:03	1213	2909	5	0	0	2	9	0	0	0	9	0	0	3.75	9	0	0	0	9	0	0	1.515		99.9458	40.5422	0.12553	0	1.25598	0.0223811	13.8102	1		0	12.0439	40.5069	0	0	0	
2024-06-23 22:54:57	1274	2910	5	0	0	7	29	0	0	0	29	0	0	2.75	29	0	0	0	29	0	0	3.68		99.9408	41.2216	0.0557238	0	0.557568	0.00564188	14.8891	1		0	12.0439	38.9475	0	0	0	
2024-06-23 22:53:57	1267	2911	1	0	0	7	29	0	0	0	29	0	0	2.25	29	0	0	0	29	0	0	4.113		99.9419	41.0835	0.0513471	0	0.51377	0.0422099	15.3335	1		0	12.0439	38.9475	0	0	0	
2024-06-23 22:41:25	1182	2912	5	0	0	0	1	0	0	0	1	0	0	7.75	1	0	0	0	1	0	0	6.711		99.9571	40.4435	0.0349857	0	0.350007	0.0756412	17.0435	2		0	12.0439	43.6256	0	0	0	
2024-06-23 22:41:12	1181	2913	5	0	0	0	1	0	0	0	1	0	0	6.5	1	0	0	0	1	0	0	5.628		99.9587	40.5165	0.0413117	0	0.413288	0.136196	16.879	1		0.0088623	12.0616	43.7555	0	0	0	
2024-06-23 22:50:04	1241	2914	1	0	0	5	21	0	0	0	21	0	0	0.75	21	0	0	0	21	0	0	3.68		99.9397	41.1461	0.0596172	0	0.596532	0.424681	15.9295	1		0.0088623	12.0439	39.3374	0	0	0	
2024-06-23 22:50:39	1245	2915	5	0	0	5	21	0	0	0	21	0	0	7.25	21	0	0	0	21	0	0	1.948		99.9377	41.0469	0.108304	0	1.08372	0.178276	15.3207	1		0.0088623	12.0439	39.2074	0	0	0	
2024-06-23 23:03:27	1333	2916	9	0	0	5.75	24	0	0	0	24	0	0	4	24	0	0	0	24	0	0	1.515		99.9435	41.795	0.124412	0	1.24482	0.0656576	13.6875	1		0	12.0439	39.0775	0	0	0	
2024-06-23 23:00:08	1309	2917	9	0	0	4.5	19	0	0	0	19	0	0	5.25	19	0	0	0	19	0	0	0.649		99.9438	41.2893	0.308163	0	3.08336	0.153292	14.53	1		0	12.0439	38.8176	0	0	0	
2024-06-23 23:04:40	1342	2918	1	0	0	2.75	12	0	0	5	12	0	0	3.5	12	0	0	4.25	12	0	0	0.389		99.9407	19.3269	0.266312	0	2.6647	0.731568	12.5571	2		0	12.0439	38.9475	0	0	0	
2024-06-23 22:44:51	1205	2919	1	0	0	2	9	0	0	0	9	0	0	0.5	9	0	0	0	9	0	0	1.299		99.9489	40.7258	0.135949	0	1.36019	0.201203	12.8195	1		0	12.0439	41.0267	0	0	0	
2024-06-23 22:58:52	1300	2920	9	0	0	0.5	3	0	0	0	3	0	0	7.25	3	0	0	0	3	0	0	5.845		99.9425	41.5275	0.0538766	0	0.539076	0.824494	22.863	1		0	12.0439	38.9475	0	0	0	
2024-06-23 22:49:04	1234	2921	5	0	0	4	17	0	0	0	17	0	0	7.25	17	0	0	0	17	0	0	2.814		99.9434	40.5675	0.0747853	0	0.748277	0.146385	15.2801	1		0	12.0439	39.5972	0	0	0	
2024-06-23 22:47:29	1223	2922	9	0	0	3	13	0	0	0	13	0	0	5.75	13	0	0	0	13	0	0	2.381		99.9485	41.2948	0.0795045	0	0.795454	0.100722	13.7445	1		0	12.0439	39.9871	0	0	0	
2024-06-23 22:47:12	1221	2923	9	0	0	3	13	0	0	0	13	0	0	4.5	13	0	0	0	13	0	0	1.299		99.9501	41.2716	0.14179	0	1.4186	0.0534108	13.37	1		0	12.0439	39.9871	0	0	0	
2024-06-23 22:54:23	1270	2924	5	0	0	7	29	0	0	0	29	0	0	6.75	29	0	0	0	29	0	0	0.216		99.9397	41.0243	0.768038	0	7.68502	0.206466	12.0716	1		0	12.0439	38.9475	0	0	0	
2024-06-23 22:43:33	1196	2925	9	0	0	1	5	0	0	0	5	0	0	7.5	5	0	0	0	5	0	0	5.628		99.9556	40.1757	0.0408554	0	0.408735	0.174951	16.693	1		0.0088623	12.0439	41.6764	0	0	0	
2024-06-23 22:44:10	1200	2926	9	0	0	1	5	0	0	0	5	0	0	6.25	5	0	0	0	5	0	0	4.546		99.9573	40.1199	0.0532857	0	0.533084	0.325075	17.5847	1		0	12.0439	41.2865	0	0	0	
2024-06-23 22:52:25	1257	2927	9	0	0	6	25	0	0	0	25	0	0	5.25	25	0	0	0	25	0	0	0.649		99.9387	41.1864	0.309735	0	3.09924	0.201091	14.6048	1		0	12.0439	39.0775	0	0	0	
2024-06-23 22:51:48	1253	2928	5	0	0	6	25	0	0	0	25	0	0	4	25	0	0	0	25	0	0	1.732		99.9362	41.1921	0.109782	0	1.09852	0.0789732	13.8044	1		0.0088623	12.0439	39.0775	0	0	0	
2024-06-23 22:51:29	1251	2929	5	0	0	5	21	0	0	0	21	0	0	2.5	21	0	0	0	21	0	0	2.165		99.9372	41.0747	0.092382	0	0.924401	0.154857	14.5205	2		0	12.0439	39.2074	0	0	0	
2024-06-23 22:44:42	1204	2930	1	0	0	1	5	0	0	0	5	0	0	0.25	5	0	0	0	5	0	0	0.649		99.9538	40.3883	0.289377	0	2.8951	0.0180334	13.6428	1		0	12.0439	41.1566	0	0	0	
2024-06-23 22:49:12	1235	2931	1	0	0	4	17	0	0	0	17	0	0	0.5	17	0	0	0	17	0	0	3.031		99.9437	40.5391	0.0657206	0	0.657576	0.195853	14.4608	1		0	12.0439	39.5972	0	0	0	
2024-06-23 22:56:51	1287	2932	5	0	0	7.75	32	0	0	0	32	0	0	3	32	0	0	0	32	0	0	4.113		99.9442	41.2971	0.0480349	0	0.480617	0.108565	14.3441	1		0	12.0439	38.9475	0	0	0	
2024-06-23 22:53:19	1263	2933	1	0	0	6	25	0	0	0	25	0	0	0.25	25	0	0	0	25	0	0	4.979		99.9395	41.1526	0.0466291	0	0.466573	0.0551543	16.8565	2		0	12.0439	39.0775	0	0	0	
2024-06-23 23:01:15	1317	2934	1	0	0	5.25	22	0	0	0	22	0	0	2.5	22	0	0	0	22	0	0	2.381		99.941	41.451	0.0917532	0	0.918074	0.0621091	15.8632	1		0.0088623	12.0439	38.9475	0	0	0	
2024-06-23 22:48:21	1229	2935	1	0	0	4	17	0	0	0	17	0	0	2.5	17	0	0	0	17	0	0	1.299		99.9479	40.6781	0.141519	0	1.41592	0.0190597	13.3448	1		0	12.0439	39.7272	0	0	0	
2024-06-23 22:45:17	1208	2936	1	0	0	2	9	0	0	0	9	0	0	3	9	0	0	0	9	0	0	0.866		99.9529	40.6117	0.212125	0	2.12225	0.111803	13.3345	1		0	12.0439	40.7668	0	0	0	
2024-06-23 22:54:15	1269	2937	1	0	0	7	29	0	0	0	29	0	0	1.5	29	0	0	0	29	0	0	4.762		99.9443	41.0285	0.0473595	0	0.473859	0.0208221	16.3754	1		0	12.0439	38.9475	0	0	0	
2024-06-23 22:41:45	1184	2938	5	0	0	0	1	0	0	0	1	0	0	5.75	1	0	0	0	1	0	0	4.979		99.9564	40.4352	0.0452463	0	0.45266	0.307414	16.3538	1		0	12.0439	43.2357	0	0	0	
2024-06-23 22:42:14	1187	2939	9	0	0	0	1	0	0	0	1	0	0	4.5	1	0	0	0	1	0	0	3.897		99.9593	40.3453	0.0535264	0	0.535482	0.326911	15.1404	1		0	12.0439	42.7159	0	0	0	
2024-06-23 22:50:21	1243	2940	1	0	0	5	21	0	0	0	21	0	0	0	21	0	0	0	21	0	0	4.33		99.9416	41.0932	0.0497912	0	0.498203	0.244559	15.6515	1		0	12.0439	39.3374	0	0	0	
2024-06-23 22:57:09	1289	2941	1	0	0	7.75	32	0	0	0	32	0	0	2.25	32	0	0	0	32	0	0	4.762		99.9409	41.1405	0.0429253	0	0.429507	0.328022	14.8427	1		0	12.0439	38.9475	0	0	0	
2024-06-23 22:50:12	1242	2942	5	0	0	5	21	0	0	0	21	0	0	7.75	21	0	0	0	21	0	0	2.381		99.9421	41.0633	0.081294	0	0.81341	0.100981	14.0547	1		0	12.0439	39.3374	0	0	0	
2024-06-23 22:50:12	1242	2943	9	0	0	5	21	0	0	0	21	0	0	6.5	21	0	0	0	21	0	0	1.299		99.9421	41.0633	0.151881	0	1.51969	0.037476	14.3228	1		0	12.0439	39.3374	0	0	0	
2024-06-23 22:48:03	1227	2944	5	0	0	3	13	0	0	0	13	0	0	2	13	0	0	0	13	0	0	0.866		99.9476	41.2586	0.210918	0	2.11028	0.098562	13.2593	1		0	12.0439	39.8571	0	0	0	
2024-06-23 23:00:59	1315	2945	1	0	0	4.5	19	0	0	0	19	0	0	3.25	19	0	0	0	19	0	0	1.082		99.9393	41.2128	0.17243	0	1.72535	0.0529156	13.5508	1		0	12.0439	38.8176	0	0	0	
2024-06-23 22:56:00	1281	2946	5	0	0	7.75	32	0	0	0	32	0	0	7	32	0	0	0	32	0	0	0.649		99.9361	41.1681	0.319133	0	3.19337	0.0463114	15.0484	1		0	12.0439	38.9475	0	0	0	
2024-06-23 23:03:19	1332	2947	9	0	0	5.5	23	0	0	0	23	0	0	4.25	23	0	0	0	23	0	0	1.082		99.9432	41.1392	0.178781	0	1.78883	0.0969921	14.0494	1		0	12.0439	38.9475	0	0	0	
2024-06-23 23:01:57	1322	2948	1	0	0	6.75	28	0	0	0	28	0	0	1	28	0	0	0	28	0	0	4.979		99.9457	41.219	0.0518395	0	0.518677	0.390524	18.7389	1		0	12.0439	38.9475	0	0	0	
2024-06-23 23:00:16	1310	2949	9	0	0	4.25	18	0	0	0	18	0	0	5.5	18	0	0	0	18	0	0	1.082		99.941	41.4676	0.180803	0	1.80909	0.150118	14.2086	1		0	12.0439	38.8176	0	0	0	
2024-06-23 22:49:20	1236	2950	5	0	0	4	17	0	0	0	17	0	0	7.75	17	0	0	0	17	0	0	3.247		99.9408	40.5333	0.0609342	0	0.609703	0.0319089	14.3658	1		0	12.0439	39.4673	0	0	0	
2024-06-23 22:48:47	1232	2951	9	0	0	4	17	0	0	0	17	0	0	6.5	17	0	0	0	17	0	0	2.165		99.9428	40.5988	0.0899693	0	0.900207	0.0240877	14.1404	1		0	12.0439	39.5972	0	0	0	
2024-06-23 22:47:20	1222	2952	1	0	0	3	13	0	0	0	13	0	0	5	13	0	0	0	13	0	0	1.732		99.9525	41.3961	0.105689	0	1.05739	0.0706613	13.2875	1		0	12.0439	39.9871	0	0	0	
2024-06-23 22:47:38	1224	2953	1	0	0	3	13	0	0	0	13	0	0	3.75	13	0	0	0	13	0	0	0.649		99.95	41.2621	0.295912	0	2.9606	0.1453	13.9515	1		0	12.0439	39.8571	0	0	0	
2024-06-23 22:45:00	1206	2954	5	0	0	2	9	0	0	0	9	0	0	7	9	0	0	0	9	0	0	4.33		99.9518	40.6878	0.0496816	0	0.497055	0.0506835	15.6155	1		0	12.0439	40.8967	0	0	0	
2024-06-23 22:54:06	1268	2955	5	0	0	7	29	0	0	0	29	0	0	6	29	0	0	0	29	0	0	0.866		99.9388	41.0537	0.235814	0	2.35959	0.295967	14.8257	1		0.0088623	12.0439	38.9475	0	0	0	
2024-06-23 22:53:57	1267	2956	5	0	0	7	29	0	0	0	29	0	0	4.75	29	0	0	0	29	0	0	1.948		99.9419	41.0835	0.0992144	0	0.99272	0.113997	14.0342	1		0	12.0439	38.9475	0	0	0	
2024-06-23 22:43:42	1197	2957	5	0	0	1	5	0	0	0	5	0	0	5.5	5	0	0	0	5	0	0	3.897		99.9551	40.1653	0.0608195	0	0.608468	0.527212	17.204	1		0	12.0439	41.6764	0	0	0	
2024-06-23 22:43:04	1193	2958	9	0	0	1	5	0	0	0	5	0	0	4.25	5	0	0	0	5	0	0	2.814		99.9549	40.2153	0.0713758	0	0.71408	0.0867164	14.5818	2		0	12.0439	42.0662	0	0	0	
2024-06-23 22:52:33	1258	2959	1	0	0	6	25	0	0	0	25	0	0	3.25	25	0	0	0	25	0	0	2.381		99.9378	41.2484	0.0819542	0	0.820052	0.147819	14.1695	1		0	12.0439	39.0775	0	0	0	
2024-06-23 22:59:26	1304	2960	1	0	0	0.25	2	0	0	0	2	0	0	1.5	2	0	0	0	2	0	0	1.082		99.9439	41.0588	0.163529	0	1.63621	0.0661749	12.8508	1		0	11.9375	38.9475	0	0	0	
2024-06-23 22:54:32	1271	2961	1	0	0	7	29	0	0	0	29	0	0	0.75	29	0	0	0	29	0	0	5.412		99.9404	41.0106	0.043825	0	0.438511	0.197858	17.2203	1		0.0088623	12.0439	38.9475	0	0	0	
2024-06-23 22:42:23	1188	2962	9	0	0	0	1	0	0	0	1	0	0	5	1	0	0	0	1	0	0	4.33		99.957	40.3096	0.0494641	0	0.494853	0.140935	15.5463	1		0	12.0439	42.586	0	0	0	
2024-06-23 22:41:54	1185	2963	1	0	0	0	1	0	0	0	1	0	0	3.75	1	0	0	0	1	0	0	3.247		99.9557	40.3995	0.0619021	0	0.619296	0.104232	14.5918	1		0	12.0439	43.1058	0	0	0	
2024-06-23 23:03:44	1335	2964	9	0	0	7.5	31	0	0	0	31	0	0	6.25	31	0	0	0	31	0	0	1.082		99.9381	41.2524	0.178397	0	1.78508	0.0264395	14.02	1		0	12.0439	38.9475	0	0	0	
2024-06-23 23:00:41	1313	2965	9	0	0	6.25	26	0	0	0	26	0	0	7.5	26	0	0	0	26	0	0	1.082		99.9432	41.6662	0.179643	0	1.79745	0.178993	14.1172	1		0	12.0439	38.9475	0	0	0	
2024-06-23 22:51:57	1254	2966	9	0	0	6	25	0	0	0	25	0	0	7.25	25	0	0	0	25	0	0	1.082		99.9359	41.0716	0.205995	0	2.06127	0.206993	16.1892	2		0	12.0439	39.0775	0	0	0	
2024-06-23 22:57:09	1289	2967	5	0	0	7.75	32	0	0	0	32	0	0	1.5	32	0	0	0	32	0	0	5.412		99.9409	41.1405	0.0392581	0	0.392813	0.329853	15.4257	1		0	12.0439	38.9475	0	0	0	
2024-06-23 22:50:04	1241	2968	9	0	0	5	21	0	0	0	21	0	0	5.75	21	0	0	0	21	0	0	0.649		99.9397	41.1461	0.312189	0	3.12378	0.238906	14.7205	1		0.0088623	12.0439	39.3374	0	0	0	
2024-06-23 22:51:03	1248	2969	5	0	0	5	21	0	0	0	21	0	0	4.5	21	0	0	0	21	0	0	0.433		99.9425	41.2984	0.439082	0	4.39335	0.27305	13.8021	1		0	12.0439	39.2074	0	0	0	
2024-06-23 22:46:37	1217	2970	1	0	0	3	13	0	0	0	13	0	0	1.25	13	0	0	0	13	0	0	1.515		99.947	41.3774	0.11708	0	1.17142	0.0630953	12.8805	1		0	12.0439	40.247	0	0	0	
2024-06-23 22:44:02	1199	2971	1	0	0	1	5	0	0	0	5	0	0	2.25	5	0	0	0	5	0	0	1.082		99.9558	40.0919	0.16277	0	1.62842	0.0618556	12.7896	1		0	12.0439	41.4165	0	0	0	
2024-06-23 22:59:19	1303	2972	1	0	0	0.5	3	0	0	0	3	0	0	1.25	3	0	0	0	3	0	0	0.649		99.9413	41.0797	0.288414	0	2.88583	0.116413	13.5992	1		0	12.0439	38.8176	0	0	0	
2024-06-23 22:57:50	1294	2973	9	0	0	2.5	11	0	0	0	11	0	0	5.25	11	0	0	0	11	0	0	2.381		99.9374	40.9529	0.0913633	0	0.914205	1.36664	15.7963	4		0	12.0439	38.9475	0	0	0	
2024-06-23 22:56:17	1283	2974	9	0	0	7.75	32	0	0	0	32	0	0	7.5	32	0	0	0	32	0	0	0.216		99.9432	41.3	0.816967	0	8.17432	0.103396	12.8402	1		0	12.0439	38.9475	0	0	0	
2024-06-23 22:55:40	1279	2975	5	0	0	7.75	32	0	0	0	32	0	0	6.25	32	0	0	0	32	0	0	1.299		99.9317	41.2539	0.151388	0	1.51491	0.0753338	14.2777	1		0	12.0439	38.8176	0	0	0	
2024-06-23 23:00:49	1314	2976	1	0	0	4.25	18	0	0	0	18	0	0	3.5	18	0	0	0	18	0	0	0.649		99.943	41.5249	0.304989	0	3.05163	0.041639	14.3805	1		0	12.0439	38.9475	0	0	0	
2024-06-23 22:53:31	1264	2977	1	0	0	6	25	0	0	0	25	0	0	2.25	25	0	0	0	25	0	0	3.247		99.9369	41.0404	0.0636892	0	0.637294	0.0987632	15.0159	1		0	12.0439	38.9475	0	0	0	
2024-06-23 23:03:12	1331	2978	9	0	0	5.25	22	0	0	0	22	0	0	4.5	22	0	0	0	22	0	0	0.649		99.9376	41.2984	0.307067	0	3.07259	0.0527256	14.4792	1		0	12.0439	38.9475	0	0	0	
2024-06-23 22:48:29	1230	2979	9	0	0	4	17	0	0	0	17	0	0	5.75	17	0	0	0	17	0	0	1.515		99.9446	40.653	0.126203	0	1.26273	0.0159581	13.8844	1		0	12.0439	39.7272	0	0	0	
2024-06-23 22:48:21	1229	2980	5	0	0	4	17	0	0	0	17	0	0	4.5	17	0	0	0	17	0	0	0.433		99.9479	40.6781	0.479666	0	4.79916	0.089947	15.077	1		0	12.0439	39.7272	0	0	0	
2024-06-23 22:42:56	1192	2981	1	0	0	0	1	0	0	0	1	0	0	2	1	0	0	0	1	0	0	1.732		99.9578	40.4128	0.13288	0	1.32936	0.752879	16.7053	1		0	12.0439	42.1962	0	0	0	
2024-06-23 22:45:00	1206	2982	9	0	0	2	9	0	0	0	9	0	0	7.5	9	0	0	0	9	0	0	4.762		99.9518	40.6878	0.0453735	0	0.453954	0.0698371	15.6875	1		0	12.0439	40.8967	0	0	0	
2024-06-23 22:45:54	1212	2983	5	0	0	2	9	0	0	0	9	0	0	6.25	9	0	0	0	9	0	0	3.68		99.9528	40.6079	0.0583781	0	0.584056	0.123648	15.5964	1		0	12.0439	40.5069	0	0	0	
2024-06-23 22:53:48	1266	2984	9	0	0	7	29	0	0	0	29	0	0	5.25	29	0	0	0	29	0	0	1.515		99.9388	41.0941	0.127001	0	1.27079	0.0903278	13.973	1		0	12.0439	38.9475	0	0	0	
2024-06-23 22:53:40	1265	2985	9	0	0	7	29	0	0	0	29	0	0	4	29	0	0	0	29	0	0	2.598		99.9397	41.0562	0.075226	0	0.752714	0.05776	14.1883	1		0	12.0439	38.9475	0	0	0	
2024-06-23 22:43:33	1196	2986	1	0	0	1	5	0	0	0	5	0	0	3.5	5	0	0	0	5	0	0	2.165		99.9556	40.1757	0.0841133	0	0.841506	0.0151159	13.2184	1		0.0088623	12.0439	41.6764	0	0	0	
2024-06-23 22:53:08	1262	2987	1	0	0	6	25	0	0	0	25	0	0	2.5	25	0	0	0	25	0	0	3.031		99.9411	41.1686	0.0747327	0	0.747767	0.488574	16.4443	2		0	12.0439	38.9475	0	0	0	
2024-06-23 23:03:03	1330	2988	1	0	0	3.75	16	0	0	0	16	0	0	2	16	0	0	0	16	0	0	1.515		99.9419	41.3343	0.122841	0	1.22913	0.195382	13.515	1		0	12.0439	38.9475	0	0	0	
2024-06-23 22:51:29	1251	2989	1	0	0	5	21	0	0	0	21	0	0	2	21	0	0	0	21	0	0	2.598		99.9372	41.0747	0.0754828	0	0.755302	0.0189447	14.2371	2		0	12.0439	39.2074	0	0	0	
2024-06-23 22:45:54	1212	2990	1	0	0	2	9	0	0	0	9	0	0	1.75	9	0	0	0	9	0	0	0.216		99.9528	40.6079	0.702869	0	7.03201	0.107426	11.0458	1		0	12.0439	40.5069	0	0	0	
2024-06-23 22:54:48	1273	2991	1	0	0	7	29	0	0	0	29	0	0	0	29	0	0	0	29	0	0	6.061		99.9381	41.1454	0.0395476	0	0.395721	0.227014	17.4047	1		0	12.0439	39.0775	0	0	0	
2024-06-23 22:42:31	1189	2992	1	0	0	0	1	0	0	0	1	0	0	3	1	0	0	0	1	0	0	2.598		99.9638	40.4225	0.0747678	0	0.747948	0.539221	14.0985	1		0.0088623	12.0439	42.4561	0	0	0	
2024-06-23 22:46:37	1217	2993	5	0	0	3	13	0	0	0	13	0	0	7	13	0	0	0	13	0	0	3.464		99.947	41.3774	0.0588065	0	0.588376	0.0903687	14.7875	1		0	12.0439	40.247	0	0	0	
2024-06-23 22:52:17	1256	2994	5	0	0	6	25	0	0	0	25	0	0	7.75	25	0	0	0	25	0	0	1.515		99.9358	41.0416	0.131376	0	1.31461	0.063278	14.4548	1		0	12.0439	39.0775	0	0	0	
2024-06-23 22:52:51	1260	2995	5	0	0	6	25	0	0	0	25	0	0	6.5	25	0	0	0	25	0	0	0.433		99.9402	41.0455	0.478487	0	4.78773	0.265813	15.0411	1		0	12.0439	39.0775	0	0	0	
2024-06-23 22:56:43	1286	2996	1	0	0	7.75	32	0	0	0	32	0	0	0.75	32	0	0	0	32	0	0	6.061		99.9365	41.1217	0.0368403	0	0.368637	0.129467	16.2135	1		0	12.0439	38.8176	0	0	0	
2024-06-23 22:51:03	1248	2997	1	0	0	5	21	0	0	0	21	0	0	3.75	21	0	0	0	21	0	0	1.082		99.9425	41.2984	0.176358	0	1.7646	0.0188643	13.8591	1		0	12.0439	39.2074	0	0	0	
2024-06-23 22:46:55	1219	2998	1	0	0	3	13	0	0	0	13	0	0	0.5	13	0	0	0	13	0	0	2.165		99.9496	41.2901	0.0857694	0	0.858127	0.126368	13.4794	1		0	12.0439	40.117	0	0	0	
2024-06-23 22:44:17	1201	2999	1	0	0	1	5	0	0	0	5	0	0	1.5	5	0	0	0	5	0	0	0.433		99.9573	40.2753	0.428126	0	4.28309	0.0557723	13.4557	1		0.0088623	12.0439	41.2865	0	0	0	
2024-06-23 23:04:50	1343	3000	1	0	0	2	9	0	0	5.75	9	0	0	3.25	9	0	0	4.5	9	0	0	0.649		99.9507	19.1906	0.145759	0	1.45831	0.370562	11.4536	1		0.0088623	12.0439	39.0775	0	0	0	
2024-06-23 22:49:54	1240	3001	1	0	0	4	17	0	0	0	17	0	0	1.75	17	0	0	0	17	0	0	1.948		99.944	40.6513	0.0939653	0	0.94018	0.13398	13.2915	1		0	12.0439	39.4673	0	0	0	
2024-06-23 22:59:43	1306	3002	1	0	0	2.5	11	0	0	0	11	0	0	3.25	11	0	0	0	11	0	0	0.649		99.9451	41.1951	0.284006	0	2.84162	0.192669	13.3908	1		0	12.0439	38.8176	0	0	0	
2024-06-23 22:56:25	1284	3003	5	0	0	7.75	32	0	0	0	32	0	0	5.5	32	0	0	0	32	0	0	1.948		99.9418	41.3735	0.0985002	0	0.985576	0.169108	13.9332	1		0.0088623	12.0439	38.8176	0	0	0	
2024-06-23 22:55:31	1278	3004	5	0	0	7.75	32	0	0	0	32	0	0	4.25	32	0	0	0	32	0	0	3.031		99.932	41.3001	0.0637195	0	0.637628	0.0357543	14.0222	1		0	12.0439	38.9475	0	0	0	
2024-06-23 22:53:19	1263	3005	5	0	0	6	25	0	0	0	25	0	0	1.5	25	0	0	0	25	0	0	3.897		99.9395	41.1526	0.0593628	0	0.593987	0.758796	16.7946	2		0	12.0439	39.0775	0	0	0	
2024-06-23 22:48:38	1231	3006	5	0	0	4	17	0	0	0	17	0	0	5	17	0	0	0	17	0	0	0.866		99.9402	40.5682	0.23072	0	2.30858	0.0834181	14.5052	1		0	12.0439	39.5972	0	0	0	
2024-06-23 22:48:29	1230	3007	1	0	0	4	17	0	0	0	17	0	0	3.75	17	0	0	0	17	0	0	0.216		99.9446	40.653	0.802671	0	8.03116	0.114927	12.6153	1		0	12.0439	39.7272	0	0	0	
2024-06-23 22:41:45	1184	3008	1	0	0	0	1	0	0	0	1	0	0	1.25	1	0	0	0	1	0	0	1.082		99.9564	40.4352	0.164637	0	1.64709	0.0187325	12.9362	1		0	12.0439	43.2357	0	0	0	
2024-06-23 22:45:26	1209	3009	5	0	0	2	9	0	0	0	9	0	0	5.5	9	0	0	0	9	0	0	3.031		99.9523	40.5399	0.10559	0	1.05641	0.173619	23.2316	2		0	12.0439	40.6368	0	0	0	
2024-06-23 22:45:26	1209	3010	9	0	0	2	9	0	0	0	9	0	0	4.25	9	0	0	0	9	0	0	1.948		99.9523	40.5399	0.0963442	0	0.963901	0.0119638	13.6268	2		0	12.0439	40.6368	0	0	0	
2024-06-23 22:54:40	1272	3011	1	0	0	7	29	0	0	0	29	0	0	3.25	29	0	0	0	29	0	0	3.247		99.939	40.9944	0.0615334	0	0.615709	0.0609104	14.5073	1		0	12.0439	38.9475	0	0	0	
2024-06-23 22:44:34	1203	3012	5	0	0	1	5	0	0	0	5	0	0	2.75	5	0	0	0	5	0	0	1.515		99.9552	40.3183	0.11618	0	1.16232	0.139487	12.7804	1		0	12.0439	41.0267	0	0	0	
2024-06-23 22:41:36	1183	3013	5	0	0	0	1	0	0	0	1	0	0	7	1	0	0	0	1	0	0	6.061		99.9555	40.436	0.0391482	0	0.391656	0.281122	17.2259	1		0.0088623	12.0439	43.4956	0	0	0	
2024-06-23 22:50:46	1246	3014	1	0	0	5	21	0	0	0	21	0	0	1.25	21	0	0	0	21	0	0	3.247		99.9406	41.2077	0.0668121	0	0.668518	0.885201	15.7516	1		0	12.0439	39.3374	0	0	0	
2024-06-23 22:46:03	1213	3015	1	0	0	2	9	0	0	0	9	0	0	1	9	0	0	0	9	0	0	0.866		99.9458	40.5422	0.204503	0	2.04614	0.00635375	12.8563	1		0	12.0439	40.5069	0	0	0	
2024-06-23 22:47:03	1220	3016	5	0	0	3	13	0	0	0	13	0	0	7.5	13	0	0	0	13	0	0	3.897		99.9489	41.2867	0.0525889	0	0.526158	0.385269	14.8768	1		0	12.0439	40.117	0	0	0	
2024-06-23 22:47:38	1224	3017	9	0	0	3	13	0	0	0	13	0	0	6.25	13	0	0	0	13	0	0	2.814		99.95	41.2621	0.0721847	0	0.722208	0.125122	14.7477	1		0	12.0439	39.8571	0	0	0	
2024-06-23 22:54:32	1271	3018	5	0	0	7	29	0	0	0	29	0	0	7.25	29	0	0	0	29	0	0	0.216		99.9404	41.0106	0.71725	0	7.17678	0.565476	11.2733	1		0.0088623	12.0439	38.9475	0	0	0	
2024-06-23 22:43:50	1198	3019	9	0	0	1	5	0	0	0	5	0	0	6.75	5	0	0	0	5	0	0	4.979		99.9541	40.1101	0.0503468	0	0.503699	0.118705	18.1978	2		0	12.0439	41.5464	0	0	0	
2024-06-23 22:52:42	1259	3020	5	0	0	6	25	0	0	0	25	0	0	5.75	25	0	0	0	25	0	0	0.216		99.9368	41.0932	0.775257	0	7.75747	0.276561	12.1854	1		0	12.0439	39.0775	0	0	0	
2024-06-23 22:52:09	1255	3021	9	0	0	6	25	0	0	0	25	0	0	4.5	25	0	0	0	25	0	0	1.299		99.9347	41.0584	0.149143	0	1.49241	0.0988868	14.0656	1		0	12.0439	39.0775	0	0	0	
2024-06-23 22:57:01	1288	3022	1	0	0	7.75	32	0	0	0	32	0	0	0	32	0	0	0	32	0	0	6.711		99.9438	41.1748	0.0340784	0	0.340976	0.106396	16.6037	1		0.0088623	12.0439	38.8176	0	0	0	
2024-06-23 22:51:39	1252	3023	1	0	0	5	21	0	0	0	21	0	0	3	21	0	0	0	21	0	0	1.732		99.9362	41.2618	0.105338	0	1.05406	0.123728	13.2456	1		0	12.0439	39.2074	0	0	0	
2024-06-23 22:44:27	1202	3024	5	0	0	1	5	0	0	0	5	0	0	0.75	5	0	0	0	5	0	0	0.216		99.9509	40.1796	0.727051	0	7.27408	0.120167	11.4261	1		0	12.0439	41.1566	0	0	0	
2024-06-23 23:01:32	1319	3025	1	0	0	5.75	24	0	0	0	24	0	0	2	24	0	0	0	24	0	0	3.247		99.9416	41.4959	0.065396	0	0.654342	0.0555644	15.4176	1		0	12.0439	38.9475	0	0	0	
2024-06-23 22:49:47	1239	3026	5	0	0	4	17	0	0	0	17	0	0	1	17	0	0	0	17	0	0	2.598		99.9439	40.5315	0.0724053	0	0.72446	0.255098	13.6557	1		0	12.0439	39.4673	0	0	0	
2024-06-23 22:56:00	1281	3027	1	0	0	7.75	32	0	0	0	32	0	0	3.5	32	0	0	0	32	0	0	3.68		99.9361	41.1681	0.0528633	0	0.528971	0.10373	14.1254	1		0	12.0439	38.9475	0	0	0	
2024-06-23 22:52:09	1255	3028	1	0	0	6	25	0	0	0	25	0	0	0.75	25	0	0	0	25	0	0	4.546		99.9347	41.0584	0.0533745	0	0.534094	0.024822	17.618	1		0	12.0439	39.0775	0	0	0	
2024-06-23 22:49:20	1236	3029	1	0	0	4	17	0	0	0	17	0	0	3	17	0	0	0	17	0	0	0.866		99.9408	40.5333	0.219284	0	2.19414	0.0936169	13.7862	1		0	12.0439	39.4673	0	0	0	
2024-06-23 22:42:03	1186	3030	1	0	0	0	1	0	0	0	1	0	0	0.5	1	0	0	0	1	0	0	0.433		99.9604	40.3496	0.420203	0	4.2037	0.0280839	13.2063	2		0	12.0439	42.9758	0	0	0	
2024-06-23 23:03:59	1337	3031	1	0	0	3.5	15	0	0	4.25	15	0	0	2.75	15	0	0	5	15	0	0	0.389		99.9468	18.5405	0.273066	0	2.73212	0.317997	12.8748	1		0	12.0439	38.9475	0	0	0	
2024-06-23 22:45:00	1206	3032	1	0	0	2	9	0	0	0	9	0	0	3.5	9	0	0	0	9	0	0	1.299		99.9518	40.6878	0.142691	0	1.4276	0.119844	13.4548	1		0	12.0439	40.8967	0	0	0	
2024-06-23 22:54:57	1274	3033	1	0	0	7	29	0	0	0	29	0	0	2.5	29	0	0	0	29	0	0	3.897		99.9408	41.2216	0.0558659	0	0.55899	0.604216	15.8051	1		0	12.0439	38.9475	0	0	0	
2024-06-23 22:55:14	1276	3034	1	0	0	7	29	0	0	0	29	0	0	2	29	0	0	0	29	0	0	4.33		99.9393	41.2243	0.0497611	0	0.497913	0.317827	15.6424	1		0	12.0439	38.9475	0	0	0	
2024-06-23 22:41:54	1185	3035	5	0	0	0	1	0	0	0	1	0	0	7.5	1	0	0	0	1	0	0	6.494		99.9557	40.3995	0.0364155	0	0.364316	0.631988	17.168	1		0	12.0439	43.1058	0	0	0	
2024-06-23 22:41:12	1181	3036	9	0	0	0	1	0	0	0	1	0	0	6.25	1	0	0	0	1	0	0	5.412		99.9587	40.5165	0.0429602	0	0.42978	0.016026	16.8774	1		0.0088623	12.0616	43.7555	0	0	0	
2024-06-23 22:51:11	1249	3037	1	0	0	5	21	0	0	0	21	0	0	0.5	21	0	0	0	21	0	0	3.897		99.9391	41.357	0.0583836	0	0.584191	0.366624	16.5176	1		0	12.0439	39.2074	0	0	0	
2024-06-23 23:02:22	1325	3038	1	0	0	1.25	6	0	0	0	6	0	0	0.5	6	0	0	0	6	0	0	0.649		99.939	41.156	0.29087	0	2.91047	0.00550288	13.7153	1		0	12.0439	38.9475	0	0	0	
2024-06-23 22:50:30	1244	3039	9	0	0	5	21	0	0	0	21	0	0	7	21	0	0	0	21	0	0	1.732		99.9405	41.0651	0.111719	0	1.11785	0.027013	14.0474	1		0	12.0439	39.3374	0	0	0	
2024-06-23 22:45:08	1207	3040	1	0	0	2	9	0	0	0	9	0	0	0.25	9	0	0	0	9	0	0	1.515		99.9555	40.6404	0.121731	0	1.21785	0.0656589	13.391	1		0	12.0439	40.8967	0	0	0	
2024-06-23 22:49:04	1234	3041	9	0	0	4	17	0	0	0	17	0	0	7	17	0	0	0	17	0	0	2.598		99.9434	40.5675	0.0758191	0	0.758621	0.115622	14.2997	1		0	12.0439	39.5972	0	0	0	
2024-06-23 22:47:29	1223	3042	5	0	0	3	13	0	0	0	13	0	0	5.5	13	0	0	0	13	0	0	2.165		99.9485	41.2948	0.0903575	0	0.90404	0.00256335	14.2006	1		0	12.0439	39.9871	0	0	0	
2024-06-23 22:47:12	1221	3043	5	0	0	3	13	0	0	0	13	0	0	4.25	13	0	0	0	13	0	0	1.082		99.9501	41.2716	0.17202	0	1.72105	0.0885645	13.5171	1		0	12.0439	39.9871	0	0	0	
2024-06-23 22:54:40	1272	3044	5	0	0	7	29	0	0	0	29	0	0	7.75	29	0	0	0	29	0	0	0.649		99.939	40.9944	0.322842	0	3.23039	0.168756	15.2229	1		0	12.0439	38.9475	0	0	0	
2024-06-23 22:54:23	1270	3045	9	0	0	7	29	0	0	0	29	0	0	6.5	29	0	0	0	29	0	0	0.433		99.9397	41.0243	0.459939	0	4.60216	0.204711	14.4581	1		0	12.0439	38.9475	0	0	0	
2024-06-23 22:44:02	1199	3046	9	0	0	1	5	0	0	0	5	0	0	6	5	0	0	0	5	0	0	4.33		99.9558	40.0919	0.0534379	0	0.534615	0.0240711	16.7954	1		0	12.0439	41.4165	0	0	0	
2024-06-23 22:43:25	1195	3047	5	0	0	1	5	0	0	0	5	0	0	4.75	5	0	0	0	5	0	0	3.247		99.9566	40.171	0.0670888	0	0.67118	0.241734	15.8143	1		0	12.0439	41.8063	0	0	0	
2024-06-23 23:00:01	1308	3048	9	0	0	4.75	20	0	0	0	20	0	0	5	20	0	0	0	20	0	0	0.216		99.9427	40.9722	0.744804	0	7.45232	0.18435	11.7061	1		0	12.0439	38.8176	0	0	0	
2024-06-23 22:52:25	1257	3049	5	0	0	6	25	0	0	0	25	0	0	5	25	0	0	0	25	0	0	0.866		99.9387	41.1864	0.228289	0	2.28429	0.170039	14.3526	1		0	12.0439	39.0775	0	0	0	
2024-06-23 22:51:57	1254	3050	1	0	0	6	25	0	0	0	25	0	0	3.75	25	0	0	0	25	0	0	1.948		99.9359	41.0716	0.0995704	0	0.996343	0.0956998	14.0855	2		0	12.0439	39.0775	0	0	0	
2024-06-23 22:43:04	1193	3051	1	0	0	1	5	0	0	0	5	0	0	0	5	0	0	0	5	0	0	0.866		99.9549	40.2153	0.209088	0	2.09183	0.431817	13.1433	2		0	12.0439	42.0662	0	0	0	
2024-06-23 22:58:44	1299	3052	9	0	0	0.75	4	0	0	0	4	0	0	7	4	0	0	0	4	0	0	5.412		99.9424	41.4971	0.0427999	0	0.428246	0.344875	16.8172	1		0.0088623	11.9375	38.8176	0	0	0	
2024-06-23 22:49:30	1237	3053	5	0	0	4	17	0	0	0	17	0	0	0.25	17	0	0	0	17	0	0	3.247		99.9453	40.5532	0.0599904	0	0.600232	0.189117	14.1426	1		0	12.0439	39.4673	0	0	0	
2024-06-23 22:56:35	1285	3054	1	0	0	7.75	32	0	0	0	32	0	0	2.75	32	0	0	0	32	0	0	4.33		99.9405	41.2128	0.0467681	0	0.467959	0.0264222	14.7014	1		0	12.0439	38.9475	0	0	0	
2024-06-23 22:52:25	1257	3055	1	0	0	6	25	0	0	0	25	0	0	0	25	0	0	0	25	0	0	5.195		99.9387	41.1864	0.0491991	0	0.492292	0.645166	18.559	1		0	12.0439	39.0775	0	0	0	
2024-06-23 22:46:29	1216	3056	1	0	0	2	9	0	0	0	9	0	0	2.75	9	0	0	0	9	0	0	0.649		99.9489	40.6745	0.290292	0	2.90441	0.256188	13.6867	1		0	12.0439	40.3769	0	0	0	
2024-06-23 22:55:21	1277	3057	1	0	0	7	29	0	0	0	29	0	0	1.25	29	0	0	0	29	0	0	4.979		99.9389	41.2861	0.0471912	0	0.4722	0.578266	17.0598	1		0	11.9375	38.9475	0	0	0	
2024-06-23 22:42:03	1186	3058	5	0	0	0	1	0	0	0	1	0	0	5.5	1	0	0	0	1	0	0	4.762		99.9604	40.3496	0.0577503	0	0.577732	0.140995	19.965	2		0	12.0439	42.9758	0	0	0	
2024-06-23 22:41:54	1185	3059	9	0	0	0	1	0	0	0	1	0	0	4.25	1	0	0	0	1	0	0	3.68		99.9557	40.3995	0.0557993	0	0.558241	0.00573499	14.907	1		0	12.0439	43.1058	0	0	0	
