Time	MeasID	DPID	Channel	A(x)	A(y)	A(z)	A(adr)	B(x)	B(y)	B(z)	B(adr)	M(x)	M(y)	M(z)	M(adr)	N(x)	N(y)	N(z)	N(adr)	F(x)	F(y)	F(z)	Note	I(mA)	Uout(V)	U(V)	SP(V)	R(Ohm)	Var(%)	Rho-a(Ohm-m)	Cycles	IP Delay Window(mV/V)	Pint(V)	Pext(V)	T int(deg C)	T log(deg C)	Latitude	Longitude
2024-06-22 21:06:20	937	1676	5	0	0	7.75	32	0	0	0	32	0	0	2	32	0	0	0	32	0	0	4.979		99.9387	38.6963	0.041648	0	0.416735	0.283413	15.0559	1		0	12.0439	38.5577	0	0	0	
2024-06-22 21:00:05	893	1677	9	0	0	5	21	0	0	0	21	0	0	7.5	21	0	0	0	21	0	0	2.165		99.9435	38.7972	0.0892373	0	0.892877	0.0638684	14.0253	1		0.0088623	12.0439	38.8176	0	0	0	
2024-06-22 20:59:29	889	1678	9	0	0	5	21	0	0	0	21	0	0	6.25	21	0	0	0	21	0	0	1.082		99.9383	38.9357	0.190483	0	1.906	0.209874	14.9697	1		0	12.0439	39.0775	0	0	0	
2024-06-22 20:57:10	873	1679	1	0	0	3	13	0	0	0	13	0	0	1.75	13	0	0	0	13	0	0	1.082		99.9463	39.2934	0.171823	0	1.71915	0.149708	13.5022	1		0	12.0439	39.5972	0	0	0	
2024-06-22 21:04:54	927	1680	9	0	0	7.75	32	0	0	0	32	0	0	6.75	32	0	0	0	32	0	0	0.866		99.9402	38.8272	0.240616	0	2.4076	0.00276385	15.1274	1		0	12.0439	38.6876	0	0	0	
2024-06-22 21:11:51	976	1681	1	0	0	3.25	14	0	0	0	14	0	0	2.5	14	0	0	0	14	0	0	0.649		99.9386	38.6881	0.295684	0	2.95865	0.037148	13.9423	1		0	12.0439	38.6876	0	0	0	
2024-06-22 20:57:36	876	1682	5	0	0	4	17	0	0	0	17	0	0	7.5	17	0	0	0	17	0	0	3.031		99.9427	38.4987	0.0654181	0	0.654556	0.0421831	14.3944	1		0	12.0439	39.3374	0	0	0	
2024-06-22 20:58:27	882	1683	5	0	0	4	17	0	0	0	17	0	0	6.25	17	0	0	0	17	0	0	1.948		99.9378	38.2969	0.101136	0	1.01199	0.0873079	14.3066	1		0	12.0439	39.2074	0	0	0	
2024-06-22 20:57:03	872	1684	1	0	0	3	13	0	0	0	13	0	0	3.5	13	0	0	0	13	0	0	0.433		99.9437	39.0893	0.438834	0	4.39081	0.185597	13.7942	1		0	12.0439	39.4673	0	0	0	
2024-06-22 20:54:27	854	1685	9	0	0	2	9	0	0	0	9	0	0	6.75	9	0	0	0	9	0	0	4.113		99.9495	38.4383	0.0526039	0	0.526305	0.0386585	15.7076	1		0	12.0439	40.117	0	0	0	
2024-06-22 21:03:47	919	1686	5	0	0	7	29	0	0	0	29	0	0	5.75	29	0	0	0	29	0	0	1.082		99.9396	38.6092	0.19086	0	1.90976	0.135334	14.9992	1		0	12.0439	38.4277	0	0	0	
2024-06-22 21:03:11	915	1687	9	0	0	7	29	0	0	0	29	0	0	4.5	29	0	0	0	29	0	0	2.165		99.9376	38.697	0.0903565	0	0.904128	0.155809	14.202	1		0	12.0439	38.6876	0	0	0	
2024-06-22 20:52:24	840	1688	5	0	0	1	5	0	0	0	5	0	0	5.25	5	0	0	0	5	0	0	3.68		99.9569	38.0586	0.0592495	0	0.59275	0.218856	15.8285	1		0	12.0439	41.5464	0	0	0	
2024-06-22 20:52:16	839	1689	9	0	0	1	5	0	0	0	5	0	0	4	5	0	0	0	5	0	0	2.598		99.9528	38.0598	0.0727836	0	0.728179	0.188765	13.7259	1		0	12.0439	41.5464	0	0	0	
2024-06-22 21:10:10	964	1690	1	0	0	4.75	20	0	0	0	20	0	0	3	20	0	0	0	20	0	0	1.515		99.9438	38.8949	0.124001	0	1.2407	0.0679331	13.6422	1		0	12.0439	38.8176	0	0	0	
2024-06-22 21:02:28	910	1691	5	0	0	6	25	0	0	0	25	0	0	3	25	0	0	0	25	0	0	2.598		99.94	38.7464	0.076182	0	0.762277	0.0648867	14.3686	1		0	12.0439	38.6876	0	0	0	
2024-06-22 20:54:27	854	1692	1	0	0	2	9	0	0	0	9	0	0	2.25	9	0	0	0	9	0	0	0.216		99.9495	38.4383	0.683807	0	6.84153	0.10315	10.7466	1		0	12.0439	40.117	0	0	0	
2024-06-22 21:02:54	913	1693	1	0	0	7	29	0	0	0	29	0	0	0.5	29	0	0	0	29	0	0	5.628		99.9384	38.7565	0.0432833	0	0.4331	0.402223	17.6881	1		0	12.0439	38.6876	0	0	0	
2024-06-22 20:51:48	836	1694	5	0	0	0	1	0	0	0	1	0	0	3.5	1	0	0	0	1	0	0	3.031		99.9542	38.2585	0.0675046	0	0.675355	0.440036	14.8518	1		0	12.0439	42.0662	0	0	0	
2024-06-22 21:11:43	975	1695	1	0	0	1.75	8	0	0	0	8	0	0	0	8	0	0	0	8	0	0	1.515		99.9349	38.4933	0.119893	0	1.19971	0.00176232	13.1915	1		0	12.0439	38.5577	0	0	0	
2024-06-22 21:01:55	906	1696	9	0	0	6	25	0	0	0	25	0	0	7	25	0	0	0	25	0	0	0.866		99.935	38.6854	0.24671	0	2.4687	0.143204	15.5113	1		0	12.0439	38.8176	0	0	0	
2024-06-22 21:10:51	969	1697	1	0	0	6.5	27	0	0	0	27	0	0	1.25	27	0	0	0	27	0	0	4.546		99.9381	38.6614	0.052201	0	0.522333	0.0237265	17.2301	1		0	12.0439	38.6876	0	0	0	
2024-06-22 21:06:12	936	1698	1	0	0	7.75	32	0	0	0	32	0	0	1.25	32	0	0	0	32	0	0	5.628		99.9427	38.7181	0.0389996	0	0.390219	0.29742	15.9368	1		0	12.0439	38.5577	0	0	0	
2024-06-22 20:59:55	892	1699	5	0	0	5	21	0	0	0	21	0	0	5.5	21	0	0	0	21	0	0	0.433		99.9368	38.8421	0.458795	0	4.59085	0.162209	14.4226	1		0	12.0439	38.9475	0	0	0	
2024-06-22 20:59:17	888	1700	1	0	0	5	21	0	0	0	21	0	0	4.25	21	0	0	0	21	0	0	0.649		99.9353	38.9562	0.31488	0	3.15084	0.0577913	14.848	2		0	12.0439	39.0775	0	0	0	
2024-06-22 20:56:20	867	1701	1	0	0	3	13	0	0	0	13	0	0	1	13	0	0	0	13	0	0	1.732		99.944	39.1125	0.10457	0	1.04628	0.0947677	13.148	1		0.0088623	12.0439	39.7272	0	0	0	
2024-06-22 20:53:35	848	1702	5	0	0	1	5	0	0	0	5	0	0	2	5	0	0	0	5	0	0	0.866		99.9525	38.1459	0.213579	0	2.1368	0.0192568	13.4259	1		0	12.0439	40.8967	0	0	0	
2024-06-22 21:07:19	944	1703	9	0	0	1.75	8	0	0	0	8	0	0	6	8	0	0	0	8	0	0	3.68		99.941	38.6718	0.0587954	0	0.588301	0.12976	15.7097	1		0	12.0439	38.6876	0	0	0	
2024-06-22 20:59:00	886	1704	5	0	0	4	17	0	0	0	17	0	0	2.25	17	0	0	0	17	0	0	1.515		99.9412	38.5832	0.121613	0	1.21685	0.0209064	13.3799	1		0	12.0439	39.0775	0	0	0	
2024-06-22 21:05:38	932	1705	5	0	0	7.75	32	0	0	0	32	0	0	6	32	0	0	0	32	0	0	1.515		99.9378	38.791	0.130193	0	1.30274	0.163881	14.3244	1		0	12.0439	38.4277	0	0	0	
2024-06-22 21:05:03	928	1706	5	0	0	7.75	32	0	0	0	32	0	0	4.75	32	0	0	0	32	0	0	2.598		99.9407	38.8226	0.0733248	0	0.733683	0.239886	13.8296	1		0	12.0439	38.5577	0	0	0	
2024-06-22 21:02:36	911	1707	5	0	0	6	25	0	0	0	25	0	0	2	25	0	0	0	25	0	0	3.464		99.9399	38.9163	0.0628112	0	0.62849	0.290428	15.7957	1		0	12.0439	38.8176	0	0	0	
2024-06-22 20:58:01	879	1708	5	0	0	4	17	0	0	0	17	0	0	5.5	17	0	0	0	17	0	0	1.299		99.9438	38.4361	0.15533	0	1.55417	0.00434001	14.6477	1		0	12.0439	39.0775	0	0	0	
2024-06-22 20:57:27	875	1709	9	0	0	4	17	0	0	0	17	0	0	4.25	17	0	0	0	17	0	0	0.216		99.9438	38.5416	0.772541	0	7.72975	0.160037	12.1419	1		0	12.0439	39.3374	0	0	0	
2024-06-22 20:51:55	837	1710	5	0	0	0	1	0	0	0	1	0	0	1.75	1	0	0	0	1	0	0	1.515		99.954	38.4483	0.120056	0	1.20111	0.0478581	13.2069	1		0	12.0439	41.6764	0	0	0	
2024-06-22 21:12:57	984	1711	1	0	0	3.75	16	0	0	4	16	0	0	3.5	16	0	0	4.25	16	0	0	0.13		99.9438	16.6846	0.48355	0	4.83821	0.232747	7.59985	1		0	12.0439	38.8176	0	0	0	
2024-06-22 20:57:18	874	1712	5	0	0	3	13	0	0	0	13	0	0	2.75	13	0	0	0	13	0	0	0.216		99.949	39.4038	0.677759	0	6.78105	0.232171	10.6516	1		0	12.0439	39.4673	0	0	0	
2024-06-22 20:54:18	853	1713	5	0	0	2	9	0	0	0	9	0	0	6	9	0	0	0	9	0	0	3.464		99.9502	38.4697	0.0621844	0	0.622154	0.150789	15.6364	1		0	12.0439	40.5069	0	0	0	
2024-06-22 20:54:52	857	1714	5	0	0	2	9	0	0	0	9	0	0	4.75	9	0	0	0	9	0	0	2.381		99.9556	38.636	0.0816437	0	0.816799	0.255456	14.1133	1		0	12.0439	40.247	0	0	0	
2024-06-22 21:03:20	916	1715	5	0	0	7	29	0	0	0	29	0	0	5	29	0	0	0	29	0	0	1.732		99.9353	38.6816	0.113087	0	1.13161	0.0841949	14.2202	1		0	12.0439	38.6876	0	0	0	
2024-06-22 21:03:02	914	1716	1	0	0	7	29	0	0	0	29	0	0	3.75	29	0	0	0	29	0	0	2.814		99.9345	38.759	0.0707164	0	0.707627	0.209478	14.45	1		0	12.0439	38.6876	0	0	0	
2024-06-22 20:52:59	844	1717	1	0	0	1	5	0	0	0	5	0	0	3.25	5	0	0	0	5	0	0	1.948		99.9555	38.0206	0.0935295	0	0.935711	0.211194	13.2283	1		0	12.0439	41.1566	0	0	0	
2024-06-22 21:06:52	941	1718	9	0	0	2.75	12	0	0	0	12	0	0	5	12	0	0	0	12	0	0	1.948		99.9431	38.838	0.0956827	0	0.957372	0.365504	13.5345	1		0	12.0439	38.6876	0	0	0	
2024-06-22 21:00:30	896	1719	1	0	0	5	21	0	0	0	21	0	0	1.75	21	0	0	0	21	0	0	2.814		99.9388	38.7607	0.0711603	0	0.712038	0.121341	14.5401	1		0	12.0439	38.9475	0	0	0	
2024-06-22 20:54:44	856	1720	1	0	0	2	9	0	0	0	9	0	0	1.5	9	0	0	0	9	0	0	0.433		99.9486	38.3844	0.421169	0	4.21385	0.0994049	13.2382	1		0.0088623	12.0439	40.247	0	0	0	
2024-06-22 20:52:05	838	1721	1	0	0	0	1	0	0	0	1	0	0	2.75	1	0	0	0	1	0	0	2.381		99.9513	38.2248	0.106053	0	1.06104	0.215468	18.3335	2		0	12.0439	41.8063	0	0	0	
2024-06-22 21:06:45	940	1722	9	0	0	3.25	14	0	0	0	14	0	0	4.5	14	0	0	0	14	0	0	1.082		99.9425	39.174	0.179212	0	1.79316	0.0111506	14.0834	1		0	12.0439	38.6876	0	0	0	
2024-06-22 20:56:11	866	1723	5	0	0	3	13	0	0	0	13	0	0	6.75	13	0	0	0	13	0	0	3.247		99.9494	39.283	0.0634064	0	0.634385	0.198669	14.9474	1		0	12.0439	39.7272	0	0	0	
2024-06-22 20:53:07	845	1724	9	0	0	1	5	0	0	0	5	0	0	7.25	5	0	0	0	5	0	0	5.412		99.9482	37.9687	0.0552173	0	0.552459	0.344746	21.695	2		0	12.0439	41.1566	0	0	0	
2024-06-22 21:01:12	901	1725	5	0	0	6	25	0	0	0	25	0	0	7.5	25	0	0	0	25	0	0	1.299		99.9389	38.7209	0.154425	0	1.54519	0.0461611	14.5631	1		0	12.0439	38.6876	0	0	0	
2024-06-22 21:02:12	908	1726	5	0	0	6	25	0	0	0	25	0	0	6.25	25	0	0	0	25	0	0	0.216		99.9402	38.7216	0.749504	0	7.49953	0.20018	11.7802	1		0	12.0439	38.8176	0	0	0	
2024-06-22 21:05:03	928	1727	1	0	0	7.75	32	0	0	0	32	0	0	0.5	32	0	0	0	32	0	0	6.278		99.9407	38.8226	0.0362084	0	0.362299	0.585994	16.5038	1		0	12.0439	38.5577	0	0	0	
2024-06-22 20:59:29	889	1728	1	0	0	5	21	0	0	0	21	0	0	3.5	21	0	0	0	21	0	0	1.299		99.9383	38.9357	0.1471	0	1.4719	0.162091	13.8724	1		0	12.0439	39.0775	0	0	0	
2024-06-22 20:56:38	869	1729	1	0	0	3	13	0	0	0	13	0	0	0.25	13	0	0	0	13	0	0	2.381		99.9428	39.0264	0.0771753	0	0.772195	0.0759372	13.3426	1		0	12.0439	39.5972	0	0	0	
2024-06-22 20:53:44	849	1730	5	0	0	1	5	0	0	0	5	0	0	1.25	5	0	0	0	5	0	0	0.216		99.9569	38.0899	0.682718	0	6.83012	0.123745	10.7287	1		0	12.0439	40.7668	0	0	0	
2024-06-22 20:58:52	885	1731	1	0	0	4	17	0	0	0	17	0	0	1.5	17	0	0	0	17	0	0	2.165		99.9411	38.3704	0.0851533	0	0.852035	0.0677308	13.3837	1		0	12.0439	38.9475	0	0	0	
2024-06-22 21:07:27	945	1732	9	0	0	1.5	7	0	0	0	7	0	0	6.25	7	0	0	0	7	0	0	4.113		99.941	37.8666	0.0564202	0	0.564535	0.466695	16.8486	2		0.0088623	12.0439	38.6876	0	0	0	
2024-06-22 21:05:20	930	1733	9	0	0	7.75	32	0	0	0	32	0	0	5.25	32	0	0	0	32	0	0	2.165		99.9405	38.7527	0.0876474	0	0.876996	0.275782	13.7758	1		0	12.0439	38.5577	0	0	0	
2024-06-22 21:04:46	926	1734	5	0	0	7.75	32	0	0	0	32	0	0	4	32	0	0	0	32	0	0	3.247		99.9393	38.7937	0.0594811	0	0.595172	0.12018	14.0234	1		0	12.0439	38.6876	0	0	0	
2024-06-22 21:02:36	911	1735	1	0	0	6	25	0	0	0	25	0	0	1.25	25	0	0	0	25	0	0	4.113		99.9399	38.9163	0.0566075	0	0.566416	0.497763	16.9047	1		0	12.0439	38.8176	0	0	0	
2024-06-22 20:58:10	880	1736	1	0	0	4	17	0	0	0	17	0	0	3.5	17	0	0	0	17	0	0	0.433		99.9388	38.3689	0.466406	0	4.66692	0.120609	14.6616	1		0	12.0439	39.2074	0	0	0	
2024-06-22 20:51:48	836	1737	1	0	0	0	1	0	0	0	1	0	0	1	1	0	0	0	1	0	0	0.866		99.9542	38.2585	0.218966	0	2.19066	0.03552	13.7643	1		0	12.0439	42.0662	0	0	0	
2024-06-22 20:54:18	853	1738	9	0	0	2	9	0	0	0	9	0	0	5.25	9	0	0	0	9	0	0	2.814		99.9502	38.4697	0.0750442	0	0.750816	0.483916	15.3319	1		0	12.0439	40.5069	0	0	0	
2024-06-22 20:54:52	857	1739	9	0	0	2	9	0	0	0	9	0	0	4	9	0	0	0	9	0	0	1.732		99.9556	38.636	0.107279	0	1.07326	0.0482017	13.487	1		0	12.0439	40.247	0	0	0	
2024-06-22 21:12:00	977	1740	1	0	0	3.5	15	0	0	0	15	0	0	2.25	15	0	0	0	15	0	0	1.082		99.9339	37.9067	0.17353	0	1.73645	0.0660528	13.638	1		0	12.0439	38.5577	0	0	0	
2024-06-22 21:04:12	922	1741	5	0	0	7	29	0	0	0	29	0	0	3	29	0	0	0	29	0	0	3.464		99.9467	38.7707	0.0588956	0	0.58927	0.477192	14.81	1		0	12.0439	38.6876	0	0	0	
2024-06-22 20:52:33	841	1742	1	0	0	1	5	0	0	0	5	0	0	2.5	5	0	0	0	5	0	0	1.299		99.9531	38.0435	0.142058	0	1.42124	0.200097	13.3949	1		0	12.0439	41.4165	0	0	0	
2024-06-22 20:51:23	833	1743	5	0	0	0	1	0	0	0	1	0	0	6.75	1	0	0	0	1	0	0	5.845		99.9544	38.2467	0.0407519	0	0.407705	0.22546	17.2914	1		0	12.0439	42.3261	0	0	0	
2024-06-22 21:08:39	953	1744	1	0	0	2.75	12	0	0	0	12	0	0	3	12	0	0	0	12	0	0	0.216		99.9405	38.6568	0.681299	0	6.81705	0.0705464	10.7082	1		0	12.0439	38.6876	0	0	0	
2024-06-22 21:01:03	900	1745	1	0	0	5	21	0	0	0	21	0	0	1	21	0	0	0	21	0	0	3.464		99.9374	38.8341	0.0612112	0	0.612495	0.0287907	15.3937	1		0	12.0439	38.8176	0	0	0	
2024-06-22 21:14:16	993	1746	1	0	0	0.5	3	0	0	7.25	3	0	0	2.75	3	0	0	5	3	0	0	1.168		99.9447	18.2066	0.0727295	0	0.727697	0.138786	10.2876	2		0	12.0439	38.8176	0	0	0	
2024-06-22 21:09:28	959	1747	9	0	0	6.75	28	0	0	0	28	0	0	7	28	0	0	0	28	0	0	0.216		99.9402	38.8207	0.727807	0	7.28243	0.0774722	11.4392	1		0	12.0439	38.6876	0	0	0	
2024-06-22 20:54:00	851	1748	1	0	0	2	9	0	0	0	9	0	0	0.75	9	0	0	0	9	0	0	1.082		99.9527	38.5078	0.168491	0	1.6857	0.0105358	13.2395	1		0	12.0439	40.6368	0	0	0	
2024-06-22 20:55:55	864	1749	9	0	0	3	13	0	0	0	13	0	0	6	13	0	0	0	13	0	0	2.598		99.9491	39.0204	0.0761016	0	0.761404	0.347575	14.3521	1		0	12.0439	39.8571	0	0	0	
2024-06-22 20:56:29	868	1750	9	0	0	3	13	0	0	0	13	0	0	4.75	13	0	0	0	13	0	0	1.515		99.9428	39.0624	0.125046	0	1.25118	0.0676255	13.7574	1		0.0088623	12.0439	39.5972	0	0	0	
2024-06-22 20:53:18	846	1751	5	0	0	1	5	0	0	0	5	0	0	7.75	5	0	0	0	5	0	0	5.845		99.9576	38.2382	0.0387474	0	0.387639	0.2799	16.4403	1		0	12.0439	41.0267	0	0	0	
2024-06-22 20:53:07	845	1752	5	0	0	1	5	0	0	0	5	0	0	6.5	5	0	0	0	5	0	0	4.762		99.9482	37.9687	0.0499186	0	0.499444	0.177221	17.2596	2		0	12.0439	41.1566	0	0	0	
2024-06-22 21:01:21	902	1753	9	0	0	6	25	0	0	0	25	0	0	5.5	25	0	0	0	25	0	0	0.433		99.9346	38.7199	0.469231	0	4.69538	0.0721505	14.751	1		0	12.0439	38.6876	0	0	0	
2024-06-22 21:01:28	903	1754	5	0	0	6	25	0	0	0	25	0	0	4.25	25	0	0	0	25	0	0	1.515		99.9408	38.8812	0.130835	0	1.30913	0.0877937	14.3946	1		0	12.0439	38.8176	0	0	0	
2024-06-22 20:59:47	891	1755	1	0	0	5	21	0	0	0	21	0	0	2.75	21	0	0	0	21	0	0	1.948		99.9414	38.8188	0.0956252	0	0.956812	0.16556	13.5266	1		0	12.0439	38.8176	0	0	0	
2024-06-22 20:53:44	849	1756	1	0	0	1	5	0	0	0	5	0	0	0.5	5	0	0	0	5	0	0	0.433		99.9569	38.0899	0.438164	0	4.38353	0.192961	13.7713	1		0	12.0439	40.7668	0	0	0	
2024-06-22 20:57:27	875	1757	1	0	0	4	17	0	0	0	17	0	0	0.75	17	0	0	0	17	0	0	2.814		99.9438	38.5416	0.0686081	0	0.686467	0.147159	14.0179	1		0	12.0439	39.3374	0	0	0	
2024-06-22 21:05:28	931	1758	1	0	0	7.75	32	0	0	0	32	0	0	3.25	32	0	0	0	32	0	0	3.897		99.9418	38.9566	0.0500239	0	0.50053	0.0549415	14.1522	1		0	12.0439	38.6876	0	0	0	
2024-06-22 21:13:29	988	1759	1	0	0	2.75	12	0	0	5	12	0	0	0.5	12	0	0	7.25	12	0	0	1.168		99.9456	17.8606	0.0729832	0	0.730229	0.586387	10.3234	1		0	12.0439	38.6876	0	0	0	
2024-06-22 21:07:39	946	1760	9	0	0	1.25	6	0	0	0	6	0	0	6.5	6	0	0	0	6	0	0	4.546		99.9423	38.4968	0.0509865	0	0.510159	0.356395	16.8285	1		0	12.0439	38.6876	0	0	0	
2024-06-22 21:02:19	909	1761	1	0	0	6	25	0	0	0	25	0	0	0.5	25	0	0	0	25	0	0	4.762		99.9419	38.9054	0.0518814	0	0.519116	0.188289	17.9394	1		0	12.0439	38.8176	0	0	0	
2024-06-22 20:58:43	884	1762	1	0	0	4	17	0	0	0	17	0	0	2.75	17	0	0	0	17	0	0	1.082		99.9444	38.5943	0.176116	0	1.76214	0.0666037	13.8398	1		0	12.0439	39.2074	0	0	0	
2024-06-22 20:51:39	835	1763	1	0	0	0	1	0	0	0	1	0	0	0.25	1	0	0	0	1	0	0	0.216		99.9561	38.379	0.682937	0	6.83237	0.0175676	10.7323	1		0.0088623	12.0439	42.1962	0	0	0	
2024-06-22 20:55:10	859	1764	5	0	0	2	9	0	0	0	9	0	0	3.25	9	0	0	0	9	0	0	1.082		99.9511	38.4281	0.174082	0	1.74167	0.0570659	13.6791	1		0	12.0439	40.117	0	0	0	
2024-06-22 21:03:29	917	1765	1	0	0	7	29	0	0	0	29	0	0	1.75	29	0	0	0	29	0	0	4.546		99.9359	38.6741	0.0496376	0	0.496694	0.506011	16.3843	1		0	12.0439	38.5577	0	0	0	
2024-06-22 20:50:49	829	1766	9	0	0	0	1	0	0	0	1	0	0	6	1	0	0	0	1	0	0	5.195		99.9544	38.2918	0.0476143	0	0.476361	0.422456	17.9584	1		0.0088623	12.0439	42.9758	0	0	0	
2024-06-22 20:50:49	829	1767	5	0	0	0	1	0	0	0	1	0	0	4.75	1	0	0	0	1	0	0	4.113		99.9544	38.2918	0.0518277	0	0.518513	0.296708	15.4751	1		0.0088623	12.0439	42.9758	0	0	0	
2024-06-22 21:11:09	971	1768	1	0	0	7.25	30	0	0	0	30	0	0	0.5	30	0	0	0	30	0	0	5.845		99.9422	38.7219	0.0469629	0	0.469901	0.518191	19.9292	1		0	12.0439	38.6876	0	0	0	
2024-06-22 21:00:55	899	1769	1	0	0	5	21	0	0	0	21	0	0	0.25	21	0	0	0	21	0	0	4.113		99.9392	38.7988	0.0512662	0	0.512974	0.633249	15.3098	1		0	12.0439	38.8176	0	0	0	
2024-06-22 21:00:21	895	1770	5	0	0	5	21	0	0	0	21	0	0	6.75	21	0	0	0	21	0	0	1.515		99.9392	38.7806	0.13313	0	1.33211	0.00411315	14.6473	1		0	12.0439	38.9475	0	0	0	
2024-06-22 20:57:10	873	1771	5	0	0	3	13	0	0	0	13	0	0	2.25	13	0	0	0	13	0	0	0.649		99.9463	39.2934	0.293302	0	2.9346	0.14698	13.829	1		0	12.0439	39.5972	0	0	0	
2024-06-22 20:54:52	857	1772	1	0	0	2	9	0	0	0	9	0	0	0	9	0	0	0	9	0	0	1.732		99.9556	38.636	0.121617	0	1.21671	0.529583	15.2896	1		0	12.0439	40.247	0	0	0	
2024-06-22 21:09:36	960	1773	9	0	0	6.5	27	0	0	0	27	0	0	7.25	27	0	0	0	27	0	0	0.649		99.9433	39.0512	0.315928	0	3.16107	0.256694	14.8962	1		0	12.0439	38.8176	0	0	0	
2024-06-22 21:05:47	933	1774	5	0	0	7.75	32	0	0	0	32	0	0	7.25	32	0	0	0	32	0	0	0.433		99.9451	38.7251	0.450239	0	4.50486	0.368292	14.1524	1		0	12.0439	38.6876	0	0	0	
2024-06-22 21:11:18	972	1775	1	0	0	7.5	31	0	0	0	31	0	0	0.25	31	0	0	0	31	0	0	6.278		99.9404	38.5985	0.0365042	0	0.36526	0.29297	16.6387	1		0	12.0439	38.6876	0	0	0	
2024-06-22 21:08:15	950	1776	1	0	0	0.75	4	0	0	0	4	0	0	1	4	0	0	0	4	0	0	0.216		99.9459	38.7917	0.691574	0	6.91949	0.0313802	10.8691	1		0	12.0439	38.6876	0	0	0	
2024-06-22 21:10:27	966	1777	1	0	0	5.5	23	0	0	0	23	0	0	2.25	23	0	0	0	23	0	0	2.814		99.9391	38.417	0.0783039	0	0.783516	0.699626	15.9997	1		0	12.0439	38.6876	0	0	0	
2024-06-22 20:57:52	878	1778	9	0	0	4	17	0	0	0	17	0	0	6.75	17	0	0	0	17	0	0	2.381		99.9448	38.679	0.0833375	0	0.833835	0.00826911	14.4076	1		0	12.0439	39.3374	0	0	0	
2024-06-22 20:56:03	865	1779	5	0	0	3	13	0	0	0	13	0	0	5.25	13	0	0	0	13	0	0	1.948		99.9494	39.0356	0.0982275	0	0.982772	0.198454	13.8936	1		0	12.0439	39.8571	0	0	0	
2024-06-22 20:56:38	869	1780	9	0	0	3	13	0	0	0	13	0	0	4	13	0	0	0	13	0	0	0.866		99.9428	39.0264	0.230158	0	2.3029	0.131375	14.4695	1		0	12.0439	39.5972	0	0	0	
2024-06-22 20:54:10	852	1781	9	0	0	2	9	0	0	0	9	0	0	7.25	9	0	0	0	9	0	0	4.546		99.9529	38.4387	0.0530823	0	0.531073	0.0419056	17.5183	1		0	12.0439	40.5069	0	0	0	
2024-06-22 21:03:02	914	1782	5	0	0	7	29	0	0	0	29	0	0	7.5	29	0	0	0	29	0	0	0.433		99.9345	38.759	0.442984	0	4.43275	0.106036	13.9259	1		0	12.0439	38.6876	0	0	0	
2024-06-22 21:03:38	918	1783	5	0	0	7	29	0	0	0	29	0	0	6.25	29	0	0	0	29	0	0	0.649		99.9364	38.6664	0.324086	0	3.24292	0.169448	15.2819	1		0	12.0439	38.5577	0	0	0	
2024-06-22 20:52:50	843	1784	5	0	0	1	5	0	0	0	5	0	0	5.75	5	0	0	0	5	0	0	4.113		99.951	38.0219	0.0523313	0	0.52357	0.242023	15.626	1		0.0088623	12.0439	41.2865	0	0	0	
2024-06-22 20:52:33	841	1785	9	0	0	1	5	0	0	0	5	0	0	4.5	5	0	0	0	5	0	0	3.031		99.9531	38.0435	0.0678099	0	0.678417	0.616285	14.9192	1		0	12.0439	41.4165	0	0	0	
2024-06-22 21:01:55	906	1786	1	0	0	6	25	0	0	0	25	0	0	3.5	25	0	0	0	25	0	0	2.165		99.935	38.6854	0.0884212	0	0.884787	0.0736184	13.8982	1		0	12.0439	38.8176	0	0	0	
2024-06-22 20:58:19	881	1787	1	0	0	4	17	0	0	0	17	0	0	0	17	0	0	0	17	0	0	3.464		99.9414	38.3246	0.0600897	0	0.60125	0.0209345	15.1111	1		0	12.0439	39.0775	0	0	0	
2024-06-22 21:06:03	935	1788	1	0	0	7.75	32	0	0	0	32	0	0	2.5	32	0	0	0	32	0	0	4.546		99.9372	38.732	0.0455427	0	0.455713	0.491432	15.0325	1		0.0088623	12.0439	38.6876	0	0	0	
2024-06-22 20:55:18	860	1789	1	0	0	2	9	0	0	0	9	0	0	2.5	9	0	0	0	9	0	0	0.433		99.9532	38.3801	0.419613	0	4.19809	0.0213429	13.1887	1		0	12.0439	40.117	0	0	0	
2024-06-22 21:03:47	919	1790	1	0	0	7	29	0	0	0	29	0	0	1	29	0	0	0	29	0	0	5.195		99.9396	38.6092	0.0456178	0	0.456454	0.0891026	17.2079	1		0	12.0439	38.4277	0	0	0	
2024-06-22 20:50:26	827	1791	5	0	0	0	1	0	0	0	1	0	0	5.25	1	0	0	0	1	0	0	4.546		99.954	38.3389	0.0491889	0	0.492116	0.661724	16.2333	1		0.0088623	11.9375	43.2357	0	0	0	
2024-06-22 20:51:23	833	1792	9	0	0	0	1	0	0	0	1	0	0	4	1	0	0	0	1	0	0	3.464		99.9544	38.2467	0.0597828	0	0.598101	0.244757	15.0319	1		0	12.0439	42.3261	0	0	0	
2024-06-22 21:06:12	936	1793	5	0	0	7.75	32	0	0	0	32	0	0	1.75	32	0	0	0	32	0	0	5.195		99.9427	38.7181	0.0408706	0	0.40894	0.349523	15.4167	1		0	12.0439	38.5577	0	0	0	
2024-06-22 21:00:13	894	1794	9	0	0	5	21	0	0	0	21	0	0	6	21	0	0	0	21	0	0	0.866		99.9362	38.7933	0.239859	0	2.40012	0.169221	15.0804	1		0	12.0439	38.9475	0	0	0	
2024-06-22 20:59:39	890	1795	5	0	0	5	21	0	0	0	21	0	0	4.75	21	0	0	0	21	0	0	0.216		99.9426	38.8676	0.709741	0	7.10149	0.0132003	11.155	1		0	12.0439	38.8176	0	0	0	
2024-06-22 20:56:11	866	1796	1	0	0	3	13	0	0	0	13	0	0	1.5	13	0	0	0	13	0	0	1.299		99.9494	39.283	0.139729	0	1.398	0.0874827	13.1758	1		0	12.0439	39.7272	0	0	0	
2024-06-22 21:05:12	929	1797	9	0	0	7.75	32	0	0	0	32	0	0	6.5	32	0	0	0	32	0	0	1.082		99.9398	38.8001	0.187842	0	1.87955	0.214664	14.7619	1		0	12.0439	38.6876	0	0	0	
2024-06-22 21:07:09	943	1798	9	0	0	2.25	10	0	0	0	10	0	0	5.5	10	0	0	0	10	0	0	2.814		99.9409	38.973	0.0773948	0	0.774405	0.174129	15.8136	1		0	12.0439	38.5577	0	0	0	
2024-06-22 21:13:22	987	1799	1	0	0	3	13	0	0	4.75	13	0	0	1.25	13	0	0	6.5	13	0	0	0.908		99.9428	18.2065	0.0962967	0	0.963518	0.142352	10.5944	1		0	12.0439	38.8176	0	0	0	
2024-06-22 20:58:19	881	1800	9	0	0	4	17	0	0	0	17	0	0	6	17	0	0	0	17	0	0	1.732		99.9414	38.3246	0.113099	0	1.13165	0.120525	14.2208	1		0	12.0439	39.0775	0	0	0	
2024-06-22 20:57:45	877	1801	9	0	0	4	17	0	0	0	17	0	0	4.75	17	0	0	0	17	0	0	0.649		99.9415	38.4166	0.329117	0	3.2931	0.0345233	15.5184	1		0	12.0439	39.3374	0	0	0	
2024-06-22 20:50:49	829	1802	1	0	0	0	1	0	0	0	1	0	0	2.25	1	0	0	0	1	0	0	1.948		99.9544	38.2918	0.102634	0	1.02681	0.182223	14.5162	1		0.0088623	12.0439	42.9758	0	0	0	
2024-06-22 21:13:13	986	1803	1	0	0	3.25	14	0	0	4.5	14	0	0	2	14	0	0	5.75	14	0	0	0.649		99.9486	18.0452	0.158405	0	1.58487	0.819063	12.4475	1		0	12.0439	38.8176	0	0	0	
2024-06-22 20:57:18	874	1804	1	0	0	3	13	0	0	0	13	0	0	3.25	13	0	0	0	13	0	0	0.216		99.949	39.4038	0.693859	0	6.94213	0.173603	10.9047	1		0	12.0439	39.4673	0	0	0	
2024-06-22 20:54:44	856	1805	5	0	0	2	9	0	0	0	9	0	0	7.75	9	0	0	0	9	0	0	4.979		99.9486	38.3844	0.0428988	0	0.429208	0.00249605	15.5066	1		0.0088623	12.0439	40.247	0	0	0	
2024-06-22 20:54:27	854	1806	5	0	0	2	9	0	0	0	9	0	0	6.5	9	0	0	0	9	0	0	3.897		99.9495	38.4383	0.0548646	0	0.548923	0.0101122	15.5204	1		0	12.0439	40.117	0	0	0	
2024-06-22 21:03:29	917	1807	5	0	0	7	29	0	0	0	29	0	0	5.5	29	0	0	0	29	0	0	1.299		99.9359	38.6741	0.155503	0	1.55603	0.0394574	14.6652	1		0	12.0439	38.5577	0	0	0	
2024-06-22 21:02:54	913	1808	5	0	0	7	29	0	0	0	29	0	0	4.25	29	0	0	0	29	0	0	2.381		99.9384	38.7565	0.0830669	0	0.83118	0.0545751	14.3618	1		0	12.0439	38.6876	0	0	0	
2024-06-22 20:52:50	843	1809	9	0	0	1	5	0	0	0	5	0	0	5	5	0	0	0	5	0	0	3.464		99.951	38.0219	0.06093	0	0.609598	0.373304	15.3209	1		0.0088623	12.0439	41.2865	0	0	0	
2024-06-22 20:52:24	840	1810	1	0	0	1	5	0	0	0	5	0	0	3.75	5	0	0	0	5	0	0	2.381		99.9569	38.0586	0.0801575	0	0.80192	0.0982515	13.8562	1		0	12.0439	41.5464	0	0	0	
2024-06-22 21:02:28	910	1811	1	0	0	6	25	0	0	0	25	0	0	2.75	25	0	0	0	25	0	0	2.814		99.94	38.7464	0.0705593	0	0.706017	0.0192417	14.4171	1		0	12.0439	38.6876	0	0	0	
2024-06-22 21:00:13	894	1812	1	0	0	5	21	0	0	0	21	0	0	2.25	21	0	0	0	21	0	0	2.381		99.9362	38.7933	0.0796871	0	0.797379	0.0256312	13.7777	1		0	12.0439	38.9475	0	0	0	
2024-06-22 21:03:11	915	1813	1	0	0	7	29	0	0	0	29	0	0	0.25	29	0	0	0	29	0	0	5.845		99.9376	38.697	0.0403668	0	0.40392	0.164938	17.1309	1		0	12.0439	38.6876	0	0	0	
2024-06-22 20:50:39	828	1814	1	0	0	0	1	0	0	0	1	0	0	3.25	1	0	0	0	1	0	0	2.814		99.9522	38.3295	0.0690148	0	0.690478	0.0543231	14.0998	1		0.0088623	12.0439	43.2357	0	0	0	
2024-06-22 20:56:20	867	1815	5	0	0	3	13	0	0	0	13	0	0	7.25	13	0	0	0	13	0	0	3.68		99.944	39.1125	0.0638516	0	0.638874	0.732227	17.0602	1		0.0088623	12.0439	39.7272	0	0	0	
2024-06-22 21:01:38	904	1816	5	0	0	6	25	0	0	0	25	0	0	6.75	25	0	0	0	25	0	0	0.649		99.9367	38.7493	0.334285	0	3.34497	0.175446	15.7628	1		0	12.0439	38.8176	0	0	0	
2024-06-22 21:06:28	938	1817	9	0	0	3.75	16	0	0	0	16	0	0	4	16	0	0	0	16	0	0	0.216		99.9441	38.7588	0.759037	0	7.59462	0.0354292	11.9296	1		0	12.0439	38.6876	0	0	0	
2024-06-22 21:05:54	934	1818	5	0	0	7.75	32	0	0	0	32	0	0	1	32	0	0	0	32	0	0	5.845		99.9438	38.9195	0.0378816	0	0.379029	0.00599405	16.0752	1		0	12.0439	38.6876	0	0	0	
2024-06-22 20:59:55	892	1819	9	0	0	5	21	0	0	0	21	0	0	5.25	21	0	0	0	21	0	0	0.216		99.9368	38.8421	0.724094	0	7.24551	0.111784	11.3812	1		0	12.0439	38.9475	0	0	0	
2024-06-22 20:59:17	888	1820	5	0	0	5	21	0	0	0	21	0	0	4	21	0	0	0	21	0	0	0.866		99.9353	38.9562	0.236709	0	2.36862	0.274031	14.8825	2		0	12.0439	39.0775	0	0	0	
2024-06-22 20:56:29	868	1821	1	0	0	3	13	0	0	0	13	0	0	0.75	13	0	0	0	13	0	0	1.948		99.9428	39.0624	0.09318	0	0.932333	0.167305	13.1805	1		0.0088623	12.0439	39.5972	0	0	0	
2024-06-22 20:52:50	843	1822	1	0	0	1	5	0	0	0	5	0	0	1.75	5	0	0	0	5	0	0	0.649		99.951	38.0219	0.294392	0	2.94537	0.117608	13.8797	1		0.0088623	12.0439	41.2865	0	0	0	
2024-06-22 20:59:09	887	1823	1	0	0	4	17	0	0	0	17	0	0	2	17	0	0	0	17	0	0	1.732		99.9373	38.3698	0.106863	0	1.0693	0.130266	13.4372	1		0	12.0439	39.0775	0	0	0	
2024-06-22 21:05:28	931	1824	9	0	0	7.75	32	0	0	0	32	0	0	5.75	32	0	0	0	32	0	0	1.732		99.9418	38.9566	0.111815	0	1.11881	0.174077	14.0593	1		0	12.0439	38.6876	0	0	0	
2024-06-22 21:05:03	928	1825	9	0	0	7.75	32	0	0	0	32	0	0	4.5	32	0	0	0	32	0	0	2.814		99.9407	38.8226	0.0678856	0	0.679259	0.231083	13.8707	1		0	12.0439	38.5577	0	0	0	
2024-06-22 21:08:56	955	1826	1	0	0	2.25	10	0	0	0	10	0	0	3.5	10	0	0	0	10	0	0	1.082		99.9381	38.9849	0.173359	0	1.73467	0.041446	13.624	1		0	12.0439	38.6876	0	0	0	
2024-06-22 21:08:08	949	1827	9	0	0	0.25	2	0	0	0	2	0	0	7.5	2	0	0	0	2	0	0	6.278		99.9418	38.2474	0.0378151	0	0.378372	0.341772	17.236	1		0	12.0439	38.6876	0	0	0	
2024-06-22 21:01:12	901	1828	1	0	0	6	25	0	0	0	25	0	0	1.75	25	0	0	0	25	0	0	3.68		99.9389	38.7209	0.0615085	0	0.615461	0.132826	16.435	1		0	12.0439	38.6876	0	0	0	
2024-06-22 20:58:01	879	1829	9	0	0	4	17	0	0	0	17	0	0	5.25	17	0	0	0	17	0	0	1.082		99.9438	38.4361	0.188842	0	1.88948	0.0749191	14.84	1		0	12.0439	39.0775	0	0	0	
2024-06-22 20:51:05	831	1830	1	0	0	0	1	0	0	0	1	0	0	1.5	1	0	0	0	1	0	0	1.299		99.9506	38.2703	0.140474	0	1.40543	0.0392317	13.2459	1		0	12.0439	42.7159	0	0	0	
2024-06-22 20:55:55	864	1831	1	0	0	3	13	0	0	0	13	0	0	2.5	13	0	0	0	13	0	0	0.433		99.9491	39.0204	0.42419	0	4.24406	0.0653534	13.3331	1		0	12.0439	39.8571	0	0	0	
2024-06-22 20:54:00	851	1832	5	0	0	2	9	0	0	0	9	0	0	5.75	9	0	0	0	9	0	0	3.247		99.9527	38.5078	0.0642834	0	0.643138	0.131506	15.1536	1		0	12.0439	40.6368	0	0	0	
2024-06-22 20:55:02	858	1833	5	0	0	2	9	0	0	0	9	0	0	4.5	9	0	0	0	9	0	0	2.165		99.9484	38.4696	0.0881002	0	0.881457	0.351928	13.8459	1		0	12.0439	40.117	0	0	0	
2024-06-22 21:03:20	916	1834	1	0	0	7	29	0	0	0	29	0	0	3.5	29	0	0	0	29	0	0	3.031		99.9353	38.6816	0.0654842	0	0.655266	0.0197439	14.4101	1		0	12.0439	38.6876	0	0	0	
2024-06-22 20:52:16	839	1835	1	0	0	1	5	0	0	0	5	0	0	3	5	0	0	0	5	0	0	1.732		99.9528	38.0598	0.10535	0	1.054	0.0508028	13.2449	1		0	12.0439	41.5464	0	0	0	
2024-06-22 20:51:14	832	1836	5	0	0	0	1	0	0	0	1	0	0	7.25	1	0	0	0	1	0	0	6.278		99.9552	38.2561	0.0403244	0	0.403425	0.550329	18.3772	1		0	12.0439	42.4561	0	0	0	
2024-06-22 21:00:30	896	1837	5	0	0	5	21	0	0	0	21	0	0	1.5	21	0	0	0	21	0	0	3.031		99.9388	38.7607	0.066066	0	0.661064	0.173414	14.5376	1		0	12.0439	38.9475	0	0	0	
2024-06-22 20:55:26	861	1838	5	0	0	2	9	0	0	0	9	0	0	1.25	9	0	0	0	9	0	0	0.649		99.9538	38.6398	0.285497	0	2.85629	0.01788	13.46	1		0	12.0439	40.117	0	0	0	
2024-06-22 21:11:34	974	1839	1	0	0	1.5	7	0	0	0	7	0	0	0.25	7	0	0	0	7	0	0	1.082		99.9368	37.8039	0.170568	0	1.70676	0.10267	13.4048	1		0	12.0439	38.6876	0	0	0	
2024-06-22 20:52:05	838	1840	5	0	0	0	1	0	0	0	1	0	0	2.5	1	0	0	0	1	0	0	2.165		99.9513	38.2248	0.0874868	0	0.875294	0.0267661	13.7491	2		0	12.0439	41.8063	0	0	0	
2024-06-22 21:10:43	968	1841	1	0	0	6.25	26	0	0	0	26	0	0	1.5	26	0	0	0	26	0	0	4.113		99.9407	38.9264	0.0559267	0	0.559599	0.583344	16.7013	1		0	12.0439	38.6876	0	0	0	
2024-06-22 21:12:41	982	1842	9	0	0	7.25	30	0	0	0	30	0	0	6.5	30	0	0	0	30	0	0	0.649		99.9368	38.5998	0.314288	0	3.14487	0.0441362	14.8198	1		0	12.0439	38.5577	0	0	0	
2024-06-22 20:56:38	869	1843	5	0	0	3	13	0	0	0	13	0	0	7.75	13	0	0	0	13	0	0	4.113		99.9428	39.0264	0.0494631	0	0.494914	0.156951	14.7708	1		0	12.0439	39.5972	0	0	0	
2024-06-22 20:56:03	865	1844	1	0	0	3	13	0	0	0	13	0	0	6.5	13	0	0	0	13	0	0	3.031		99.9494	39.0356	0.0675185	0	0.675526	0.442027	14.8556	1		0	12.0439	39.8571	0	0	0	
2024-06-22 20:52:59	844	1845	9	0	0	1	5	0	0	0	5	0	0	7	5	0	0	0	5	0	0	5.195		99.9555	38.0206	0.0451108	0	0.451308	0.344873	17.0139	1		0	12.0439	41.1566	0	0	0	
2024-06-22 21:01:46	905	1846	5	0	0	6	25	0	0	0	25	0	0	4.75	25	0	0	0	25	0	0	1.082		99.9389	38.727	0.1876	0	1.87714	0.116024	14.743	1		0	12.0439	38.8176	0	0	0	
2024-06-22 21:05:54	934	1847	1	0	0	7.75	32	0	0	0	32	0	0	0.25	32	0	0	0	32	0	0	6.494		99.9438	38.9195	0.03422	0	0.342392	0.141444	16.1349	1		0	12.0439	38.6876	0	0	0	
2024-06-22 21:00:46	898	1848	5	0	0	5	21	0	0	0	21	0	0	3.25	21	0	0	0	21	0	0	1.515		99.9411	38.9456	0.123752	0	1.23825	0.081761	13.6153	1		0	12.0439	38.9475	0	0	0	
2024-06-22 20:56:46	870	1849	1	0	0	3	13	0	0	0	13	0	0	0	13	0	0	0	13	0	0	2.598		99.942	39.0166	0.074732	0	0.747753	0.449502	14.0948	1		0	12.0439	39.5972	0	0	0	
2024-06-22 21:06:36	939	1850	9	0	0	3.5	15	0	0	0	15	0	0	4.25	15	0	0	0	15	0	0	0.649		99.9427	38.3817	0.314773	0	3.14953	0.0239845	14.8418	1		0	12.0439	38.6876	0	0	0	
2024-06-22 20:58:34	883	1851	5	0	0	4	17	0	0	0	17	0	0	1.25	17	0	0	0	17	0	0	2.381		99.9444	38.521	0.079204	0	0.792481	0.0656122	13.6931	1		0	12.0439	39.0775	0	0	0	
2024-06-22 21:05:20	930	1852	5	0	0	7.75	32	0	0	0	32	0	0	5	32	0	0	0	32	0	0	2.381		99.9405	38.7527	0.0796057	0	0.796531	0.403313	13.7631	1		0	12.0439	38.5577	0	0	0	
2024-06-22 21:04:54	927	1853	1	0	0	7.75	32	0	0	0	32	0	0	3.75	32	0	0	0	32	0	0	3.464		99.9402	38.8272	0.0561465	0	0.561801	0.0927142	14.1196	1		0	12.0439	38.6876	0	0	0	
2024-06-22 21:14:08	992	1854	1	0	0	1.25	6	0	0	6.5	6	0	0	3	6	0	0	4.75	6	0	0	0.908		99.9437	18.0171	0.0975103	0	0.975652	0.0494982	10.7279	1		0	12.0439	38.8176	0	0	0	
2024-06-22 21:02:19	909	1855	5	0	0	6	25	0	0	0	25	0	0	1	25	0	0	0	25	0	0	4.33		99.9419	38.9054	0.0547805	0	0.548123	0.0650302	17.2198	1		0	12.0439	38.8176	0	0	0	
2024-06-22 20:58:27	882	1856	1	0	0	4	17	0	0	0	17	0	0	3.25	17	0	0	0	17	0	0	0.649		99.9378	38.2969	0.315504	0	3.157	0.0888521	14.877	1		0	12.0439	39.2074	0	0	0	
2024-06-22 20:51:23	833	1857	1	0	0	0	1	0	0	0	1	0	0	0.75	1	0	0	0	1	0	0	0.649		99.9544	38.2467	0.31331	0	3.13453	0.0107143	14.7711	1		0	12.0439	42.3261	0	0	0	
2024-06-22 21:13:36	989	1858	1	0	0	3.5	15	0	0	4.25	15	0	0	3.75	15	0	0	4	15	0	0	0.13		99.9477	17.2021	0.472331	0	4.72578	0.24273	7.42324	1		0.0088623	12.0439	38.6876	0	0	0	
2024-06-22 20:54:36	855	1859	9	0	0	2	9	0	0	0	9	0	0	5	9	0	0	0	9	0	0	2.598		99.9542	38.4107	0.0758569	0	0.758917	0.188053	14.3052	1		0	12.0439	40.3769	0	0	0	
2024-06-22 20:55:26	861	1860	1	0	0	2	9	0	0	0	9	0	0	3.75	9	0	0	0	9	0	0	1.515		99.9538	38.6398	0.126246	0	1.26305	0.0856335	13.8879	1		0	12.0439	40.117	0	0	0	
2024-06-22 21:04:12	922	1861	1	0	0	7	29	0	0	0	29	0	0	2.75	29	0	0	0	29	0	0	3.68		99.9467	38.7707	0.0560193	0	0.560492	0.450094	14.9671	1		0	12.0439	38.6876	0	0	0	
2024-06-22 21:04:29	924	1862	5	0	0	7	29	0	0	0	29	0	0	2.25	29	0	0	0	29	0	0	4.113		99.9395	38.5691	0.0515724	0	0.516036	0.030489	15.4012	1		0	12.0439	38.6876	0	0	0	
2024-06-22 20:51:32	834	1863	5	0	0	0	1	0	0	0	1	0	0	7.75	1	0	0	0	1	0	0	6.711		99.9558	38.2181	0.0350237	0	0.350392	0.694774	17.0622	1		0	12.0439	42.1962	0	0	0	
2024-06-22 20:50:57	830	1864	5	0	0	0	1	0	0	0	1	0	0	6.5	1	0	0	0	1	0	0	5.628		99.9533	38.2513	0.041832	0	0.418516	0.19195	17.0925	1		0.0088623	12.0439	42.8459	0	0	0	
2024-06-22 21:00:38	897	1865	5	0	0	5	21	0	0	0	21	0	0	0.75	21	0	0	0	21	0	0	3.68		99.9357	38.7257	0.0579205	0	0.579578	0.190738	15.4768	1		0	12.0439	38.8176	0	0	0	
2024-06-22 20:59:47	891	1866	5	0	0	5	21	0	0	0	21	0	0	7.25	21	0	0	0	21	0	0	1.948		99.9414	38.8188	0.109131	0	1.09195	0.481775	15.4371	1		0	12.0439	38.8176	0	0	0	
2024-06-22 21:12:33	981	1867	9	0	0	5.75	24	0	0	0	24	0	0	4	24	0	0	0	24	0	0	1.515		99.9432	38.7865	0.128278	0	1.2835	0.0469989	14.1129	1		0	12.0439	38.8176	0	0	0	
2024-06-22 21:09:12	957	1868	9	0	0	4.5	19	0	0	0	19	0	0	5.25	19	0	0	0	19	0	0	0.649		99.9407	39.001	0.315275	0	3.15462	0.00287379	14.8658	1		0	12.0439	38.6876	0	0	0	
2024-06-22 21:13:46	990	1869	1	0	0	2.75	12	0	0	5	12	0	0	3.5	12	0	0	4.25	12	0	0	0.389		99.9383	17.929	0.275372	0	2.75542	0.896027	12.9846	3		0.0088623	12.0439	38.6876	0	0	0	
2024-06-22 20:55:02	858	1870	1	0	0	2	9	0	0	0	9	0	0	0.5	9	0	0	0	9	0	0	1.299		99.9484	38.4696	0.139521	0	1.39593	0.116864	13.1564	1		0	12.0439	40.117	0	0	0	
2024-06-22 21:07:55	948	1871	9	0	0	0.5	3	0	0	0	3	0	0	7.25	3	0	0	0	3	0	0	5.845		99.9396	38.562	0.0548495	0	0.548826	0.905701	23.2765	2		0	12.0439	38.5577	0	0	0	
2024-06-22 20:58:10	880	1872	9	0	0	4	17	0	0	0	17	0	0	7.25	17	0	0	0	17	0	0	2.814		99.9388	38.3689	0.0751782	0	0.752242	0.236684	15.361	1		0	12.0439	39.2074	0	0	0	
2024-06-22 20:55:44	863	1873	5	0	0	3	13	0	0	0	13	0	0	5.75	13	0	0	0	13	0	0	2.381		99.945	39.0493	0.0803889	0	0.804331	0.0535992	13.8978	2		0	12.0439	39.9871	0	0	0	
2024-06-22 20:56:46	870	1874	5	0	0	3	13	0	0	0	13	0	0	4.5	13	0	0	0	13	0	0	1.299		99.942	39.0166	0.146813	0	1.46898	0.0364088	13.8448	1		0	12.0439	39.5972	0	0	0	
2024-06-22 21:03:55	920	1875	5	0	0	7	29	0	0	0	29	0	0	6.75	29	0	0	0	29	0	0	0.216		99.9388	38.5899	0.728239	0	7.28685	0.138669	11.4462	1		0	12.0439	38.5577	0	0	0	
2024-06-22 20:53:18	846	1876	9	0	0	1	5	0	0	0	5	0	0	7.5	5	0	0	0	5	0	0	5.628		99.9576	38.2382	0.0412726	0	0.412901	0.275792	16.8632	1		0	12.0439	41.0267	0	0	0	
2024-06-22 20:52:42	842	1877	9	0	0	1	5	0	0	0	5	0	0	6.25	5	0	0	0	5	0	0	4.546		99.9524	38.0307	0.0523798	0	0.524048	0.0723335	17.2866	1		0.0088623	12.0439	41.4165	0	0	0	
2024-06-22 21:02:03	907	1878	9	0	0	6	25	0	0	0	25	0	0	5.25	25	0	0	0	25	0	0	0.649		99.9402	38.8748	0.319838	0	3.20029	0.071596	15.081	1		0	12.0439	38.8176	0	0	0	
2024-06-22 21:01:28	903	1879	9	0	0	6	25	0	0	0	25	0	0	4	25	0	0	0	25	0	0	1.732		99.9408	38.8812	0.112275	0	1.12342	0.3249	14.1173	1		0	12.0439	38.8176	0	0	0	
2024-06-22 21:00:46	898	1880	1	0	0	5	21	0	0	0	21	0	0	2.5	21	0	0	0	21	0	0	2.165		99.9411	38.9456	0.0914569	0	0.915108	0.561378	14.3745	1		0	12.0439	38.9475	0	0	0	
2024-06-22 20:53:26	847	1881	5	0	0	1	5	0	0	0	5	0	0	0.25	5	0	0	0	5	0	0	0.649		99.9576	38.3562	0.298696	0	2.98823	0.0410501	14.0817	1		0	12.0439	41.0267	0	0	0	
2024-06-22 20:58:34	883	1882	1	0	0	4	17	0	0	0	17	0	0	0.5	17	0	0	0	17	0	0	3.031		99.9444	38.521	0.0653136	0	0.653499	0.191933	14.3712	1		0	12.0439	39.0775	0	0	0	
2024-06-22 21:05:47	933	1883	1	0	0	7.75	32	0	0	0	32	0	0	3	32	0	0	0	32	0	0	4.113		99.9451	38.7251	0.0480417	0	0.480681	0.0115453	14.346	1		0	12.0439	38.6876	0	0	0	
2024-06-22 21:01:21	902	1884	1	0	0	6	25	0	0	0	25	0	0	0.25	25	0	0	0	25	0	0	4.979		99.9346	38.7199	0.046592	0	0.466225	0.298683	16.8439	1		0	12.0439	38.6876	0	0	0	
2024-06-22 21:10:19	965	1885	1	0	0	5.25	22	0	0	0	22	0	0	2.5	22	0	0	0	22	0	0	2.381		99.9428	38.916	0.0885229	0	0.885736	0.89633	15.3044	1		0	12.0439	38.5577	0	0	0	
2024-06-22 20:59:00	886	1886	1	0	0	4	17	0	0	0	17	0	0	2.5	17	0	0	0	17	0	0	1.299		99.9412	38.5832	0.145164	0	1.4525	0.252744	13.6895	1		0	12.0439	39.0775	0	0	0	
2024-06-22 20:55:34	862	1887	1	0	0	2	9	0	0	0	9	0	0	3	9	0	0	0	9	0	0	0.866		99.9464	38.3815	0.219879	0	2.19997	0.147914	13.8228	1		0	12.0439	39.9871	0	0	0	
2024-06-22 21:04:20	923	1888	5	0	0	7	29	0	0	0	29	0	0	1.5	29	0	0	0	29	0	0	4.762		99.94	38.6424	0.047788	0	0.478167	0.411341	16.5243	1		0	12.0439	38.6876	0	0	0	
2024-06-22 20:50:39	828	1889	5	0	0	0	1	0	0	0	1	0	0	5.75	1	0	0	0	1	0	0	4.979		99.9522	38.3295	0.0454867	0	0.455084	0.53892	16.4414	1		0.0088623	12.0439	43.2357	0	0	0	
2024-06-22 20:51:05	831	1890	9	0	0	0	1	0	0	0	1	0	0	4.5	1	0	0	0	1	0	0	3.897		99.9506	38.2703	0.0537518	0	0.537784	0.52502	15.2055	1		0	12.0439	42.7159	0	0	0	
2024-06-22 21:00:55	899	1891	5	0	0	5	21	0	0	0	21	0	0	0	21	0	0	0	21	0	0	4.33		99.9392	38.7988	0.050269	0	0.502996	0.707729	15.8021	1		0	12.0439	38.8176	0	0	0	
2024-06-22 21:06:20	937	1892	1	0	0	7.75	32	0	0	0	32	0	0	2.25	32	0	0	0	32	0	0	4.762		99.9387	38.6963	0.0428135	0	0.428398	0.201739	14.8044	1		0	12.0439	38.5577	0	0	0	
2024-06-22 21:00:05	893	1893	5	0	0	5	21	0	0	0	21	0	0	7.75	21	0	0	0	21	0	0	2.381		99.9435	38.7972	0.0815242	0	0.815704	0.0888124	14.0943	1		0.0088623	12.0439	38.8176	0	0	0	
2024-06-22 20:59:29	889	1894	5	0	0	5	21	0	0	0	21	0	0	6.5	21	0	0	0	21	0	0	1.299		99.9383	38.9357	0.156679	0	1.56776	0.115951	14.7758	1		0	12.0439	39.0775	0	0	0	
2024-06-22 20:55:44	863	1895	1	0	0	3	13	0	0	0	13	0	0	2	13	0	0	0	13	0	0	0.866		99.945	39.0493	0.218328	0	2.18448	0.252273	13.7255	2		0	12.0439	39.9871	0	0	0	
2024-06-22 21:10:01	963	1896	1	0	0	4.5	19	0	0	0	19	0	0	3.25	19	0	0	0	19	0	0	1.082		99.9446	38.9645	0.179422	0	1.79521	0.161923	14.0996	1		0	12.0439	38.8176	0	0	0	
2024-06-22 21:04:54	927	1897	5	0	0	7.75	32	0	0	0	32	0	0	7	32	0	0	0	32	0	0	0.649		99.9402	38.8272	0.324155	0	3.24349	0.644035	15.2846	1		0	12.0439	38.6876	0	0	0	
2024-06-22 21:12:24	980	1898	9	0	0	5.5	23	0	0	0	23	0	0	4.25	23	0	0	0	23	0	0	1.082		99.9407	38.3482	0.185527	0	1.85637	0.0762051	14.5799	1		0	12.0439	38.8176	0	0	0	
2024-06-22 21:11:01	970	1899	1	0	0	6.75	28	0	0	0	28	0	0	1	28	0	0	0	28	0	0	4.979		99.9438	38.4581	0.0506214	0	0.506499	0.392518	18.2989	1		0	12.0439	38.6876	0	0	0	
2024-06-22 21:09:21	958	1900	9	0	0	4.25	18	0	0	0	18	0	0	5.5	18	0	0	0	18	0	0	1.082		99.9384	38.8069	0.186315	0	1.86429	0.0510093	14.6421	1		0	12.0439	38.5577	0	0	0	
2024-06-22 20:58:10	880	1901	5	0	0	4	17	0	0	0	17	0	0	7.75	17	0	0	0	17	0	0	3.247		99.9388	38.3689	0.0609342	0	0.609715	0.158533	14.3661	1		0	12.0439	39.2074	0	0	0	
2024-06-22 20:57:36	876	1902	1	0	0	4	17	0	0	0	17	0	0	6.5	17	0	0	0	17	0	0	2.165		99.9427	38.4987	0.091239	0	0.912912	0.0423201	14.34	1		0	12.0439	39.3374	0	0	0	
2024-06-22 20:56:11	866	1903	9	0	0	3	13	0	0	0	13	0	0	5	13	0	0	0	13	0	0	1.732		99.9494	39.283	0.108477	0	1.08532	0.0542303	13.6385	1		0	12.0439	39.7272	0	0	0	
2024-06-22 20:57:03	872	1904	5	0	0	3	13	0	0	0	13	0	0	3.75	13	0	0	0	13	0	0	0.649		99.9437	39.0893	0.305947	0	3.06119	0.210571	14.4255	1		0	12.0439	39.4673	0	0	0	
2024-06-22 20:54:44	856	1905	9	0	0	2	9	0	0	0	9	0	0	7	9	0	0	0	9	0	0	4.33		99.9486	38.3844	0.049981	0	0.500067	0.0152833	15.7101	1		0.0088623	12.0439	40.247	0	0	0	
2024-06-22 21:03:38	918	1906	1	0	0	7	29	0	0	0	29	0	0	6	29	0	0	0	29	0	0	0.866		99.9364	38.6664	0.244465	0	2.44621	0.0826871	15.37	1		0	12.0439	38.5577	0	0	0	
2024-06-22 21:03:29	917	1907	9	0	0	7	29	0	0	0	29	0	0	4.75	29	0	0	0	29	0	0	1.948		99.9359	38.6741	0.100545	0	1.00609	0.140834	14.2233	1		0	12.0439	38.5577	0	0	0	
2024-06-22 20:52:24	840	1908	9	0	0	1	5	0	0	0	5	0	0	5.5	5	0	0	0	5	0	0	3.897		99.9569	38.0586	0.0598627	0	0.598885	0.862185	16.9331	1		0	12.0439	41.5464	0	0	0	
2024-06-22 20:52:16	839	1909	5	0	0	1	5	0	0	0	5	0	0	4.25	5	0	0	0	5	0	0	2.814		99.9528	38.0598	0.0706994	0	0.707328	0.410877	14.4439	1		0	12.0439	41.5464	0	0	0	
2024-06-22 21:02:12	908	1910	1	0	0	6	25	0	0	0	25	0	0	3.25	25	0	0	0	25	0	0	2.381		99.9402	38.7216	0.0816992	0	0.817481	0.161262	14.1251	1		0	12.0439	38.8176	0	0	0	
2024-06-22 21:08:31	952	1911	1	0	0	0.25	2	0	0	0	2	0	0	1.5	2	0	0	0	2	0	0	1.082		99.9455	38.565	0.16949	0	1.69583	0.0866337	13.319	1		0	11.9375	38.6876	0	0	0	
2024-06-22 21:04:04	921	1912	5	0	0	7	29	0	0	0	29	0	0	0.75	29	0	0	0	29	0	0	5.412		99.9367	38.5921	0.043874	0	0.439018	0.230573	17.2402	1		0	12.0439	38.6876	0	0	0	
2024-06-22 20:50:26	827	1913	9	0	0	0	1	0	0	0	1	0	0	5	1	0	0	0	1	0	0	4.33		99.954	38.3389	0.0498867	0	0.499097	0.921952	15.6796	1		0.0088623	11.9375	43.2357	0	0	0	
2024-06-22 20:51:32	834	1914	1	0	0	0	1	0	0	0	1	0	0	3.75	1	0	0	0	1	0	0	3.247		99.9558	38.2181	0.0616603	0	0.616876	0.602257	14.5348	1		0	12.0439	42.1962	0	0	0	
2024-06-22 21:12:49	983	1915	9	0	0	7.5	31	0	0	0	31	0	0	6.25	31	0	0	0	31	0	0	1.082		99.9455	38.6956	0.182894	0	1.82993	0.211468	14.3723	1		0	12.0439	38.8176	0	0	0	
2024-06-22 21:09:45	961	1916	9	0	0	6.25	26	0	0	0	26	0	0	7.5	26	0	0	0	26	0	0	1.082		99.945	39.2712	0.183979	0	1.84081	0.238306	14.4577	1		0	12.0439	38.8176	0	0	0	
2024-06-22 21:01:55	906	1917	5	0	0	6	25	0	0	0	25	0	0	7.25	25	0	0	0	25	0	0	1.082		99.935	38.6854	0.204016	0	2.04149	0.456029	16.0338	1		0	12.0439	38.8176	0	0	0	
2024-06-22 21:05:38	932	1918	1	0	0	7.75	32	0	0	0	32	0	0	1.5	32	0	0	0	32	0	0	5.412		99.9378	38.791	0.0394808	0	0.395053	0.15162	15.5137	1		0	12.0439	38.4277	0	0	0	
2024-06-22 21:00:13	894	1919	5	0	0	5	21	0	0	0	21	0	0	5.75	21	0	0	0	21	0	0	0.649		99.9362	38.7933	0.321805	0	3.2201	0.13004	15.1744	1		0	12.0439	38.9475	0	0	0	
2024-06-22 20:59:39	890	1920	9	0	0	5	21	0	0	0	21	0	0	4.5	21	0	0	0	21	0	0	0.433		99.9426	38.8676	0.44703	0	4.47286	0.157771	14.0519	1		0	12.0439	38.8176	0	0	0	
2024-06-22 20:56:54	871	1921	5	0	0	3	13	0	0	0	13	0	0	1.25	13	0	0	0	13	0	0	1.515		99.9485	39.2481	0.118934	0	1.18996	0.0592609	13.0843	1		0	12.0439	39.5972	0	0	0	
2024-06-22 20:53:35	848	1922	1	0	0	1	5	0	0	0	5	0	0	2.25	5	0	0	0	5	0	0	1.082		99.9525	38.1459	0.168589	0	1.68669	0.014041	13.2472	1		0	12.0439	40.8967	0	0	0	
2024-06-22 21:08:24	951	1923	1	0	0	0.5	3	0	0	0	3	0	0	1.25	3	0	0	0	3	0	0	0.649		99.9409	38.6548	0.296574	0	2.96749	0.27863	13.984	1		0	12.0439	38.6876	0	0	0	
2024-06-22 21:07:01	942	1924	9	0	0	2.5	11	0	0	0	11	0	0	5.25	11	0	0	0	11	0	0	2.381		99.9373	38.617	0.0883985	0	0.88454	0.486445	15.2838	1		0	12.0439	38.6876	0	0	0	
2024-06-22 21:05:12	929	1925	5	0	0	7.75	32	0	0	0	32	0	0	7.5	32	0	0	0	32	0	0	0.216		99.9398	38.8001	0.76802	0	7.68482	0.0364676	12.0713	1		0	12.0439	38.6876	0	0	0	
2024-06-22 21:05:38	932	1926	9	0	0	7.75	32	0	0	0	32	0	0	6.25	32	0	0	0	32	0	0	1.299		99.9378	38.791	0.153986	0	1.54082	0.0259759	14.5219	1		0	12.0439	38.4277	0	0	0	
2024-06-22 21:09:54	962	1927	1	0	0	4.25	18	0	0	0	18	0	0	3.5	18	0	0	0	18	0	0	0.649		99.94	38.8407	0.316341	0	3.16531	0.0411636	14.9162	1		0	12.0439	38.5577	0	0	0	
2024-06-22 21:02:45	912	1928	5	0	0	6	25	0	0	0	25	0	0	2.25	25	0	0	0	25	0	0	3.247		99.9403	38.7391	0.0632673	0	0.633051	0.108022	14.9159	1		0	12.0439	38.6876	0	0	0	
2024-06-22 21:12:16	979	1929	9	0	0	5.25	22	0	0	0	22	0	0	4.5	22	0	0	0	22	0	0	0.649		99.9363	38.5209	0.314275	0	3.14475	0.0900526	14.8193	1		0	12.0439	38.5577	0	0	0	
2024-06-22 20:58:19	881	1930	5	0	0	4	17	0	0	0	17	0	0	5.75	17	0	0	0	17	0	0	1.515		99.9414	38.3246	0.129798	0	1.29874	0.0674978	14.2804	1		0	12.0439	39.0775	0	0	0	
2024-06-22 20:57:27	875	1931	5	0	0	4	17	0	0	0	17	0	0	4.5	17	0	0	0	17	0	0	0.433		99.9438	38.5416	0.48102	0	4.81291	0.123775	15.1202	1		0	12.0439	39.3374	0	0	0	
2024-06-22 20:51:14	832	1932	1	0	0	0	1	0	0	0	1	0	0	2	1	0	0	0	1	0	0	1.732		99.9552	38.2561	0.125877	0	1.25933	0.504096	15.8252	1		0	12.0439	42.4561	0	0	0	
2024-06-22 20:54:10	852	1933	5	0	0	2	9	0	0	0	9	0	0	7.5	9	0	0	0	9	0	0	4.762		99.9529	38.4387	0.0456397	0	0.456612	0.355734	15.7794	1		0	12.0439	40.5069	0	0	0	
2024-06-22 20:54:36	855	1934	5	0	0	2	9	0	0	0	9	0	0	6.25	9	0	0	0	9	0	0	3.68		99.9542	38.4107	0.058312	0	0.583387	0.338392	15.5785	1		0	12.0439	40.3769	0	0	0	
2024-06-22 21:03:20	916	1935	9	0	0	7	29	0	0	0	29	0	0	5.25	29	0	0	0	29	0	0	1.515		99.9353	38.6816	0.130283	0	1.30368	0.0390213	14.3347	1		0	12.0439	38.6876	0	0	0	
2024-06-22 21:02:54	913	1936	9	0	0	7	29	0	0	0	29	0	0	4	29	0	0	0	29	0	0	2.598		99.9384	38.7565	0.0760518	0	0.760987	0.267573	14.3443	1		0	12.0439	38.6876	0	0	0	
2024-06-22 20:52:42	842	1937	1	0	0	1	5	0	0	0	5	0	0	3.5	5	0	0	0	5	0	0	2.165		99.9524	38.0307	0.0848763	0	0.849167	0.140014	13.3387	1		0.0088623	12.0439	41.4165	0	0	0	
2024-06-22 21:02:45	912	1938	1	0	0	6	25	0	0	0	25	0	0	2.5	25	0	0	0	25	0	0	3.031		99.9403	38.7391	0.0717288	0	0.717716	0.902968	15.7834	1		0	12.0439	38.6876	0	0	0	
2024-06-22 21:12:08	978	1939	1	0	0	3.75	16	0	0	0	16	0	0	2	16	0	0	0	16	0	0	1.515		99.9342	38.377	0.125022	0	1.25105	0.0334274	13.756	1		0	12.0439	38.5577	0	0	0	
2024-06-22 21:00:05	893	1940	1	0	0	5	21	0	0	0	21	0	0	2	21	0	0	0	21	0	0	2.598		99.9435	38.7972	0.0756977	0	0.757405	0.00400896	14.2767	1		0.0088623	12.0439	38.8176	0	0	0	
2024-06-22 20:55:18	860	1941	5	0	0	2	9	0	0	0	9	0	0	1.75	9	0	0	0	9	0	0	0.216		99.9532	38.3801	0.674084	0	6.744	0.0635668	10.5934	1		0	12.0439	40.117	0	0	0	
2024-06-22 21:04:04	921	1942	1	0	0	7	29	0	0	0	29	0	0	0	29	0	0	0	29	0	0	6.061		99.9367	38.5921	0.0402161	0	0.402416	0.350622	17.6992	1		0	12.0439	38.6876	0	0	0	
2024-06-22 20:50:26	827	1943	1	0	0	0	1	0	0	0	1	0	0	3	1	0	0	0	1	0	0	2.598		99.954	38.3389	0.0746892	0	0.747236	0.510034	14.0851	1		0.0088623	11.9375	43.2357	0	0	0	
2024-06-22 20:56:20	867	1944	9	0	0	3	13	0	0	0	13	0	0	7	13	0	0	0	13	0	0	3.464		99.944	39.1125	0.0590609	0	0.59094	0.0464309	14.8519	1		0.0088623	12.0439	39.7272	0	0	0	
2024-06-22 21:01:12	901	1945	9	0	0	6	25	0	0	0	25	0	0	7.75	25	0	0	0	25	0	0	1.515		99.9389	38.7209	0.134019	0	1.34101	0.0634706	14.7451	1		0	12.0439	38.6876	0	0	0	
2024-06-22 21:01:38	904	1946	9	0	0	6	25	0	0	0	25	0	0	6.5	25	0	0	0	25	0	0	0.433		99.9367	38.7493	0.481472	0	4.81777	0.207125	15.1355	1		0	12.0439	38.8176	0	0	0	
2024-06-22 21:04:46	926	1947	1	0	0	7.75	32	0	0	0	32	0	0	0.75	32	0	0	0	32	0	0	6.061		99.9393	38.7937	0.0368217	0	0.368441	0.0306677	16.2049	1		0	12.0439	38.6876	0	0	0	
2024-06-22 20:59:39	890	1948	1	0	0	5	21	0	0	0	21	0	0	3.75	21	0	0	0	21	0	0	1.082		99.9426	38.8676	0.183283	0	1.83388	0.148517	14.4033	1		0	12.0439	38.8176	0	0	0	
2024-06-22 20:56:54	871	1949	1	0	0	3	13	0	0	0	13	0	0	0.5	13	0	0	0	13	0	0	2.165		99.9485	39.2481	0.0855168	0	0.855608	0.464147	13.4399	1		0	12.0439	39.5972	0	0	0	
2024-06-22 20:53:52	850	1950	1	0	0	1	5	0	0	0	5	0	0	1.5	5	0	0	0	5	0	0	0.433		99.9535	38.0583	0.429345	0	4.29545	0.161617	13.4945	1		0	12.0439	40.6368	0	0	0	
2024-06-22 21:14:00	991	1951	1	0	0	2	9	0	0	5.75	9	0	0	3.25	9	0	0	4.5	9	0	0	0.649		99.9361	17.8702	0.156004	0	1.56103	0.123651	12.2603	1		0	12.0439	38.8176	0	0	0	
2024-06-22 20:58:52	885	1952	5	0	0	4	17	0	0	0	17	0	0	1.75	17	0	0	0	17	0	0	1.948		99.9411	38.3704	0.0948493	0	0.949052	0.115244	13.4169	1		0	12.0439	38.9475	0	0	0	
2024-06-22 21:08:47	954	1953	1	0	0	2.5	11	0	0	0	11	0	0	3.25	11	0	0	0	11	0	0	0.649		99.9396	38.7957	0.294017	0	2.94194	0.0357585	13.8636	1		0	12.0439	38.8176	0	0	0	
2024-06-22 21:05:28	931	1954	5	0	0	7.75	32	0	0	0	32	0	0	5.5	32	0	0	0	32	0	0	1.948		99.9418	38.9566	0.0990351	0	0.990928	0.225695	14.0089	1		0	12.0439	38.6876	0	0	0	
2024-06-22 21:04:46	926	1955	9	0	0	7.75	32	0	0	0	32	0	0	4.25	32	0	0	0	32	0	0	3.031		99.9393	38.7937	0.0637993	0	0.638381	0.0197244	14.0387	1		0	12.0439	38.6876	0	0	0	
2024-06-22 21:01:28	903	1956	1	0	0	6	25	0	0	0	25	0	0	1.5	25	0	0	0	25	0	0	3.897		99.9408	38.8812	0.057988	0	0.580223	0.815236	16.4054	1		0	12.0439	38.8176	0	0	0	
2024-06-22 20:57:45	877	1957	5	0	0	4	17	0	0	0	17	0	0	5	17	0	0	0	17	0	0	0.866		99.9415	38.4166	0.240389	0	2.40529	0.0525024	15.1129	1		0	12.0439	39.3374	0	0	0	
2024-06-22 20:57:52	878	1958	1	0	0	4	17	0	0	0	17	0	0	3.75	17	0	0	0	17	0	0	0.216		99.9448	38.679	0.754003	0	7.54419	0.106857	11.8504	1		0	12.0439	39.3374	0	0	0	
2024-06-22 20:51:55	837	1959	1	0	0	0	1	0	0	0	1	0	0	1.25	1	0	0	0	1	0	0	1.082		99.954	38.4483	0.170027	0	1.70105	0.0584995	13.36	1		0	12.0439	41.6764	0	0	0	
2024-06-22 20:54:00	851	1960	9	0	0	2	9	0	0	0	9	0	0	5.5	9	0	0	0	9	0	0	3.031		99.9527	38.5078	0.0971993	0	0.972453	0.62449	21.3854	1		0	12.0439	40.6368	0	0	0	
2024-06-22 20:55:02	858	1961	9	0	0	2	9	0	0	0	9	0	0	4.25	9	0	0	0	9	0	0	1.948		99.9484	38.4696	0.0975843	0	0.976347	0.18329	13.8028	1		0	12.0439	40.117	0	0	0	
2024-06-22 21:03:55	920	1962	1	0	0	7	29	0	0	0	29	0	0	3.25	29	0	0	0	29	0	0	3.247		99.9388	38.5899	0.0617701	0	0.61808	0.131582	14.5632	1		0	12.0439	38.5577	0	0	0	
2024-06-22 20:53:18	846	1963	1	0	0	1	5	0	0	0	5	0	0	2.75	5	0	0	0	5	0	0	1.515		99.9576	38.2382	0.11873	0	1.1878	0.224623	13.0606	1		0	12.0439	41.0267	0	0	0	
2024-06-22 20:51:14	832	1964	9	0	0	0	1	0	0	0	1	0	0	7	1	0	0	0	1	0	0	6.061		99.9552	38.2561	0.0395714	0	0.395891	0.557966	17.4122	1		0	12.0439	42.4561	0	0	0	
2024-06-22 21:00:21	895	1965	1	0	0	5	21	0	0	0	21	0	0	1.25	21	0	0	0	21	0	0	3.247		99.9392	38.7806	0.0651545	0	0.651941	0.149798	15.361	1		0	12.0439	38.9475	0	0	0	
2024-06-22 20:54:36	855	1966	1	0	0	2	9	0	0	0	9	0	0	1	9	0	0	0	9	0	0	0.866		99.9542	38.4107	0.212648	0	2.12745	0.30086	13.3672	1		0	12.0439	40.3769	0	0	0	
2024-06-22 20:56:29	868	1967	5	0	0	3	13	0	0	0	13	0	0	7.5	13	0	0	0	13	0	0	3.897		99.9428	39.0624	0.0526934	0	0.527235	0.143258	14.9072	1		0.0088623	12.0439	39.5972	0	0	0	
2024-06-22 20:55:55	864	1968	5	0	0	3	13	0	0	0	13	0	0	6.25	13	0	0	0	13	0	0	2.814		99.9491	39.0204	0.0722785	0	0.723153	0.415922	14.767	1		0	12.0439	39.8571	0	0	0	
2024-06-22 21:03:11	915	1969	5	0	0	7	29	0	0	0	29	0	0	7.25	29	0	0	0	29	0	0	0.216		99.9376	38.697	0.683548	0	6.83974	0.482209	10.7438	1		0	12.0439	38.6876	0	0	0	
2024-06-22 20:52:59	844	1970	5	0	0	1	5	0	0	0	5	0	0	6.75	5	0	0	0	5	0	0	4.979		99.9555	38.0206	0.0491413	0	0.491632	0.676554	17.7618	1		0	12.0439	41.1566	0	0	0	
2024-06-22 21:01:21	902	1971	5	0	0	6	25	0	0	0	25	0	0	5.75	25	0	0	0	25	0	0	0.216		99.9346	38.7199	0.745346	0	7.45834	0.0241178	11.7155	1		0	12.0439	38.6876	0	0	0	
2024-06-22 21:01:46	905	1972	9	0	0	6	25	0	0	0	25	0	0	4.5	25	0	0	0	25	0	0	1.299		99.9389	38.727	0.153276	0	1.5337	0.126407	14.4548	1		0	12.0439	38.8176	0	0	0	
2024-06-22 21:05:20	930	1973	1	0	0	7.75	32	0	0	0	32	0	0	0	32	0	0	0	32	0	0	6.711		99.9405	38.7527	0.0343549	0	0.343753	0.64666	16.7389	1		0	12.0439	38.5577	0	0	0	
2024-06-22 20:59:55	892	1974	1	0	0	5	21	0	0	0	21	0	0	3	21	0	0	0	21	0	0	1.732		99.9368	38.8421	0.107706	0	1.07774	0.0998223	13.5433	1		0	12.0439	38.9475	0	0	0	
2024-06-22 20:53:07	845	1975	1	0	0	1	5	0	0	0	5	0	0	0.75	5	0	0	0	5	0	0	0.216		99.9482	37.9687	0.693733	0	6.94093	0.00503109	10.9028	2		0	12.0439	41.1566	0	0	0	
2024-06-22 21:10:35	967	1976	1	0	0	5.75	24	0	0	0	24	0	0	2	24	0	0	0	24	0	0	3.247		99.9453	39.2104	0.0652592	0	0.65295	0.412256	15.3848	1		0	12.0439	38.8176	0	0	0	
2024-06-22 20:58:01	879	1977	1	0	0	4	17	0	0	0	17	0	0	1	17	0	0	0	17	0	0	2.598		99.9438	38.4361	0.0729739	0	0.730149	0.0748356	13.763	1		0	12.0439	39.0775	0	0	0	
2024-06-22 21:05:12	929	1978	1	0	0	7.75	32	0	0	0	32	0	0	3.5	32	0	0	0	32	0	0	3.68		99.9398	38.8001	0.0524857	0	0.525173	0.649674	14.024	1		0	12.0439	38.6876	0	0	0	
2024-06-22 21:01:46	905	1979	1	0	0	6	25	0	0	0	25	0	0	0.75	25	0	0	0	25	0	0	4.546		99.9389	38.727	0.0514256	0	0.514571	0.0654789	16.974	1		0	12.0439	38.8176	0	0	0	
2024-06-22 20:58:43	884	1980	5	0	0	4	17	0	0	0	17	0	0	3	17	0	0	0	17	0	0	0.866		99.9444	38.5943	0.227799	0	2.27925	0.0381472	14.321	1		0	12.0439	39.2074	0	0	0	
2024-06-22 20:51:39	835	1981	5	0	0	0	1	0	0	0	1	0	0	0.5	1	0	0	0	1	0	0	0.433		99.9561	38.379	0.423243	0	4.23429	0.222508	13.3024	1		0.0088623	12.0439	42.1962	0	0	0	
2024-06-22 21:13:05	985	1982	1	0	0	3.5	15	0	0	4.25	15	0	0	2.75	15	0	0	5	15	0	0	0.389		99.9462	17.2135	0.282952	0	2.83105	0.478624	13.341	1		0	12.0439	38.8176	0	0	0	
2024-06-22 20:55:10	859	1983	1	0	0	2	9	0	0	0	9	0	0	3.5	9	0	0	0	9	0	0	1.299		99.9511	38.4281	0.145994	0	1.46065	0.0535081	13.7663	1		0	12.0439	40.117	0	0	0	
2024-06-22 21:04:29	924	1984	1	0	0	7	29	0	0	0	29	0	0	2.5	29	0	0	0	29	0	0	3.897		99.9395	38.5691	0.0553837	0	0.554172	0.269321	15.6689	1		0	12.0439	38.6876	0	0	0	
2024-06-22 21:04:36	925	1985	1	0	0	7	29	0	0	0	29	0	0	2	29	0	0	0	29	0	0	4.33		99.9462	38.7859	0.0502021	0	0.502291	0.43276	15.7799	1		0	12.0439	38.6876	0	0	0	
2024-06-22 20:51:32	834	1986	9	0	0	0	1	0	0	0	1	0	0	7.5	1	0	0	0	1	0	0	6.494		99.9558	38.2181	0.0366962	0	0.367124	0.543794	17.3003	1		0	12.0439	42.1962	0	0	0	
2024-06-22 20:50:57	830	1987	1	0	0	0	1	0	0	0	1	0	0	6.25	1	0	0	0	1	0	0	5.412		99.9533	38.2513	0.0433694	0	0.433896	0.21201	17.0391	1		0.0088623	12.0439	42.8459	0	0	0	
2024-06-22 21:00:38	897	1988	1	0	0	5	21	0	0	0	21	0	0	0.5	21	0	0	0	21	0	0	3.897		99.9357	38.7257	0.0566034	0	0.566399	0.718647	16.0145	1		0	12.0439	38.8176	0	0	0	
2024-06-22 21:11:26	973	1989	1	0	0	1.25	6	0	0	0	6	0	0	0.5	6	0	0	0	6	0	0	0.649		99.938	38.4953	0.299369	0	2.99555	0.0407713	14.1162	1		0	12.0439	38.5577	0	0	0	
2024-06-22 20:59:47	891	1990	9	0	0	5	21	0	0	0	21	0	0	7	21	0	0	0	21	0	0	1.732		99.9414	38.8188	0.114091	0	1.14158	0.104788	14.3455	1		0	12.0439	38.8176	0	0	0	
2024-06-22 20:54:18	853	1991	1	0	0	2	9	0	0	0	9	0	0	0.25	9	0	0	0	9	0	0	1.515		99.9502	38.4697	0.122039	0	1.221	0.177876	13.4255	1		0	12.0439	40.5069	0	0	0	
2024-06-22 20:57:52	878	1992	5	0	0	4	17	0	0	0	17	0	0	7	17	0	0	0	17	0	0	2.598		99.9448	38.679	0.0764112	0	0.764534	0.0511745	14.4111	1		0	12.0439	39.3374	0	0	0	
2024-06-22 20:55:44	863	1993	9	0	0	3	13	0	0	0	13	0	0	5.5	13	0	0	0	13	0	0	2.165		99.945	39.0493	0.0909447	0	0.909947	0.015149	14.2934	2		0	12.0439	39.9871	0	0	0	
2024-06-22 20:56:46	870	1994	9	0	0	3	13	0	0	0	13	0	0	4.25	13	0	0	0	13	0	0	1.082		99.942	39.0166	0.17911	0	1.79214	0.0399853	14.0754	1		0	12.0439	39.5972	0	0	0	
2024-06-22 21:03:02	914	1995	9	0	0	7	29	0	0	0	29	0	0	7.75	29	0	0	0	29	0	0	0.649		99.9345	38.759	0.32921	0	3.29426	0.0747005	15.5238	1		0	12.0439	38.6876	0	0	0	
2024-06-22 21:03:47	919	1996	9	0	0	7	29	0	0	0	29	0	0	6.5	29	0	0	0	29	0	0	0.433		99.9396	38.6092	0.461078	0	4.61357	0.154869	14.494	1		0	12.0439	38.4277	0	0	0	
2024-06-22 20:52:42	842	1997	5	0	0	1	5	0	0	0	5	0	0	6	5	0	0	0	5	0	0	4.33		99.9524	38.0307	0.0526724	0	0.526975	0.209589	16.5554	1		0.0088623	12.0439	41.4165	0	0	0	
2024-06-22 20:52:33	841	1998	5	0	0	1	5	0	0	0	5	0	0	4.75	5	0	0	0	5	0	0	3.247		99.9531	38.0435	0.0653815	0	0.654122	0.910768	15.4124	1		0	12.0439	41.4165	0	0	0	
2024-06-22 21:09:04	956	1999	9	0	0	4.75	20	0	0	0	20	0	0	5	20	0	0	0	20	0	0	0.216		99.9457	38.7967	0.709415	0	7.09801	0.06293	11.1495	1		0	12.0439	38.8176	0	0	0	
2024-06-22 21:02:03	907	2000	5	0	0	6	25	0	0	0	25	0	0	5	25	0	0	0	25	0	0	0.866		99.9402	38.8748	0.237762	0	2.37904	0.00956446	14.9479	1		0	12.0439	38.8176	0	0	0	
2024-06-22 21:01:38	904	2001	1	0	0	6	25	0	0	0	25	0	0	3.75	25	0	0	0	25	0	0	1.948		99.9367	38.7493	0.100079	0	1.00143	0.180707	14.1573	1		0	12.0439	38.8176	0	0	0	
2024-06-22 20:53:26	847	2002	1	0	0	1	5	0	0	0	5	0	0	0	5	0	0	0	5	0	0	0.866		99.9576	38.3562	0.218208	0	2.18301	0.162159	13.7162	1		0	12.0439	41.0267	0	0	0	
2024-06-22 21:07:47	947	2003	9	0	0	0.75	4	0	0	0	4	0	0	7	4	0	0	0	4	0	0	5.412		99.94	38.6434	0.0430933	0	0.431192	0.185319	16.9329	1		0	12.0439	38.6876	0	0	0	
2024-06-22 20:57:45	877	2004	1	0	0	4	17	0	0	0	17	0	0	0.25	17	0	0	0	17	0	0	3.247		99.9415	38.4166	0.0603205	0	0.603558	0.0634627	14.221	1		0	12.0439	39.3374	0	0	0	
2024-06-22 21:06:03	935	2005	5	0	0	7.75	32	0	0	0	32	0	0	2.75	32	0	0	0	32	0	0	4.33		99.9372	38.732	0.0463664	0	0.463956	0.225872	14.5756	1		0.0088623	12.0439	38.6876	0	0	0	
2024-06-22 21:02:03	907	2006	1	0	0	6	25	0	0	0	25	0	0	0	25	0	0	0	25	0	0	5.195		99.9402	38.8748	0.0484007	0	0.484297	0.336472	18.2575	1		0	12.0439	38.8176	0	0	0	
2024-06-22 20:54:10	852	2007	1	0	0	2	9	0	0	0	9	0	0	2.75	9	0	0	0	9	0	0	0.649		99.9529	38.4387	0.298252	0	2.98393	0.0486	14.0614	1		0	12.0439	40.5069	0	0	0	
2024-06-22 21:04:20	923	2008	1	0	0	7	29	0	0	0	29	0	0	1.25	29	0	0	0	29	0	0	4.979		99.94	38.6424	0.0472724	0	0.473008	0.322988	17.089	1		0	12.0439	38.6876	0	0	0	
2024-06-22 20:50:39	828	2009	9	0	0	0	1	0	0	0	1	0	0	5.5	1	0	0	0	1	0	0	4.762		99.9522	38.3295	0.055082	0	0.551084	0.361585	19.0441	1		0.0088623	12.0439	43.2357	0	0	0	
2024-06-22 20:51:05	831	2010	5	0	0	0	1	0	0	0	1	0	0	4.25	1	0	0	0	1	0	0	3.68		99.9506	38.2703	0.0559673	0	0.55995	0.477267	14.9526	1		0	12.0439	42.7159	0	0	0	
