Time	MeasID	DPID	Channel	A(x)	A(y)	A(z)	A(adr)	B(x)	B(y)	B(z)	B(adr)	M(x)	M(y)	M(z)	M(adr)	N(x)	N(y)	N(z)	N(adr)	F(x)	F(y)	F(z)	Note	I(mA)	Uout(V)	U(V)	SP(V)	R(Ohm)	Var(%)	Rho-a(Ohm-m)	Cycles	IP Delay Window(mV/V)	Pint(V)	Pext(V)	T int(deg C)	T log(deg C)	Latitude	Longitude
2024-06-22 01:05:16	107	1	5	0	0	7.75	32	0	0	0	32	0	0	2	32	0	0	0	32	0	0	4.979		99.9503	36.708	0.0416253	0	0.41646	0.403591	15.046	1		0.0088623	12.0439	39.7272	0	0	0	
2024-06-22 00:59:12	64	2	9	0	0	5	21	0	0	0	21	0	0	7.5	21	0	0	0	21	0	0	2.165		99.9513	36.946	0.0892195	0	0.89263	0.00175513	14.0214	1		0	12.0439	40.117	0	0	0	
2024-06-22 00:59:27	66	3	9	0	0	5	21	0	0	0	21	0	0	6.25	21	0	0	0	21	0	0	1.082		99.956	37.1177	0.189647	0	1.89731	0.0336023	14.9014	1		0	12.0439	40.117	0	0	0	
2024-06-22 00:56:32	45	4	5	0	0	3	13	0	0	0	13	0	0	1.75	13	0	0	0	13	0	0	1.082		99.9575	37.0836	0.172754	0	1.72828	0.175569	13.5739	1		0	12.0439	40.7668	0	0	0	
2024-06-22 01:04:08	99	5	9	0	0	7.75	32	0	0	0	32	0	0	6.75	32	0	0	0	32	0	0	0.866		99.949	36.8087	0.241297	0	2.4142	0.0877765	15.1689	1		0	12.0439	39.5972	0	0	0	
2024-06-22 01:10:57	148	6	1	0	0	3.25	14	0	0	0	14	0	0	2.5	14	0	0	0	14	0	0	0.649		99.9574	37.0981	0.296043	0	2.96169	0.105735	13.9567	1		0.0088623	12.0439	39.8571	0	0	0	
2024-06-22 00:58:02	56	7	5	0	0	4	17	0	0	0	17	0	0	7.5	17	0	0	0	17	0	0	3.031		99.9582	36.5151	0.0654727	0	0.655001	0.084435	14.4042	1		0	11.9375	40.3769	0	0	0	
2024-06-22 00:57:22	51	8	9	0	0	4	17	0	0	0	17	0	0	6.25	17	0	0	0	17	0	0	1.948		99.9549	36.3832	0.101097	0	1.01143	0.201584	14.2987	1		0	12.0439	40.3769	0	0	0	
2024-06-22 00:56:06	42	9	1	0	0	3	13	0	0	0	13	0	0	3.5	13	0	0	0	13	0	0	0.433		99.9582	37.1799	0.442156	0	4.42341	0.11103	13.8965	1		0.0088623	12.0439	40.6368	0	0	0	
2024-06-22 00:54:28	30	10	9	0	0	2	9	0	0	0	9	0	0	6.75	9	0	0	0	9	0	0	4.113		99.9605	36.4652	0.052735	0	0.527558	0.0943836	15.745	1		0.0088623	12.0439	41.4165	0	0	0	
2024-06-22 01:02:43	89	11	9	0	0	7	29	0	0	0	29	0	0	5.75	29	0	0	0	29	0	0	1.082		99.9489	36.6727	0.191363	0	1.91461	0.0829321	15.0373	1		0	12.0439	39.8571	0	0	0	
2024-06-22 01:02:43	89	12	5	0	0	7	29	0	0	0	29	0	0	4.5	29	0	0	0	29	0	0	2.165		99.9489	36.6727	0.0904631	0	0.905094	0.00605327	14.2172	1		0	12.0439	39.8571	0	0	0	
2024-06-22 00:52:39	17	13	9	0	0	1	5	0	0	0	5	0	0	5.25	5	0	0	0	5	0	0	3.68		99.9635	36.1571	0.0594537	0	0.594754	0.0148684	15.882	1		0	12.0439	42.4561	0	0	0	
2024-06-22 00:52:14	14	14	9	0	0	1	5	0	0	0	5	0	0	4	5	0	0	0	5	0	0	2.598		99.9674	36.2131	0.0729553	0	0.729791	0.226717	13.7562	1		0	12.0439	42.7159	0	0	0	
2024-06-22 01:09:19	136	15	1	0	0	4.75	20	0	0	0	20	0	0	3	20	0	0	0	20	0	0	1.515		99.9618	36.7876	0.12429	0	1.24338	0.079721	13.6716	1		0	12.0439	39.8571	0	0	0	
2024-06-22 01:01:33	81	16	1	0	0	6	25	0	0	0	25	0	0	3	25	0	0	0	25	0	0	2.598		99.9514	36.863	0.076466	0	0.765032	0.0419917	14.4205	1		0	12.0439	39.9871	0	0	0	
2024-06-22 00:54:53	33	17	1	0	0	2	9	0	0	0	9	0	0	2.25	9	0	0	0	9	0	0	0.216		99.9592	36.4806	0.686828	0	6.87108	0.123213	10.7931	1		0	12.0439	41.2865	0	0	0	
2024-06-22 01:02:43	89	18	1	0	0	7	29	0	0	0	29	0	0	0.5	29	0	0	0	29	0	0	5.628		99.9489	36.6727	0.0432005	0	0.432226	0.434377	17.6524	1		0	12.0439	39.8571	0	0	0	
2024-06-22 00:51:33	9	19	5	0	0	0	1	0	0	0	1	0	0	3.5	1	0	0	0	1	0	0	3.031		99.9655	36.3259	0.0673965	0	0.674198	0.0180568	14.8264	1		0	12.0439	43.2357	0	0	0	
2024-06-22 01:10:49	147	20	1	0	0	1.75	8	0	0	0	8	0	0	0	8	0	0	0	8	0	0	1.515		99.9569	36.9202	0.120019	0	1.20071	0.273372	13.2025	1		0	12.0439	39.8571	0	0	0	
2024-06-22 01:00:35	74	21	9	0	0	6	25	0	0	0	25	0	0	7	25	0	0	0	25	0	0	0.866		99.9522	36.7922	0.248709	0	2.48828	0.0712657	15.6343	1		0	12.0439	39.9871	0	0	0	
2024-06-22 01:10:02	141	22	1	0	0	6.5	27	0	0	0	27	0	0	1.25	27	0	0	0	27	0	0	4.546		99.9528	36.6906	0.0524976	0	0.525224	0.227648	17.3254	1		0	12.0439	39.7272	0	0	0	
2024-06-22 01:05:33	109	23	5	0	0	7.75	32	0	0	0	32	0	0	1.25	32	0	0	0	32	0	0	5.628		99.9525	36.7618	0.0389537	0	0.389722	0.061319	15.9165	1		0	12.0439	39.7272	0	0	0	
2024-06-22 00:59:36	67	24	5	0	0	5	21	0	0	0	21	0	0	5.5	21	0	0	0	21	0	0	0.433		99.952	36.95	0.460103	0	4.60324	0.200793	14.4615	1		0	12.0439	40.117	0	0	0	
2024-06-22 00:59:03	63	25	9	0	0	5	21	0	0	0	21	0	0	4.25	21	0	0	0	21	0	0	0.649		99.9552	36.9551	0.315855	0	3.15997	0.184839	14.891	1		0	12.0439	40.117	0	0	0	
2024-06-22 00:56:49	47	26	5	0	0	3	13	0	0	0	13	0	0	1	13	0	0	0	13	0	0	1.732		99.9553	37.0347	0.1046	0	1.04647	0.0194929	13.1503	1		0.0088623	12.0439	40.6368	0	0	0	
2024-06-22 00:53:15	21	27	5	0	0	1	5	0	0	0	5	0	0	2	5	0	0	0	5	0	0	0.866		99.9637	36.2824	0.213966	0	2.14044	0.0428188	13.4488	1		0	12.0439	42.1962	0	0	0	
2024-06-22 01:06:31	116	28	9	0	0	1.75	8	0	0	0	8	0	0	6	8	0	0	0	8	0	0	3.68		99.9528	36.5465	0.0587184	0	0.587462	0.149559	15.6873	1		0	12.0439	39.7272	0	0	0	
2024-06-22 00:57:14	50	29	1	0	0	4	17	0	0	0	17	0	0	2.25	17	0	0	0	17	0	0	1.515		99.9543	36.4008	0.122064	0	1.22119	0.0597573	13.4277	1		0	12.0439	40.3769	0	0	0	
2024-06-22 01:04:51	104	30	9	0	0	7.75	32	0	0	0	32	0	0	6	32	0	0	0	32	0	0	1.515		99.9525	36.7484	0.130558	0	1.3062	0.142795	14.3624	1		0	12.0439	39.5972	0	0	0	
2024-06-22 01:04:25	101	31	9	0	0	7.75	32	0	0	0	32	0	0	4.75	32	0	0	0	32	0	0	2.598		99.9568	36.9204	0.0734101	0	0.734418	0.154939	13.8434	1		0.0088623	12.0439	39.7272	0	0	0	
2024-06-22 01:01:09	78	32	1	0	0	6	25	0	0	0	25	0	0	2	25	0	0	0	25	0	0	3.464		99.9525	36.688	0.0627551	0	0.627849	0.187778	15.7796	1		0	12.0439	39.5972	0	0	0	
2024-06-22 00:57:14	50	33	9	0	0	4	17	0	0	0	17	0	0	5.5	17	0	0	0	17	0	0	1.299		99.9543	36.4008	0.155755	0	1.55827	0.042858	14.6863	1		0	12.0439	40.3769	0	0	0	
2024-06-22 00:57:56	55	34	9	0	0	4	17	0	0	0	17	0	0	4.25	17	0	0	0	17	0	0	0.216		99.9568	36.3644	0.773959	0	7.74294	0.0115522	12.1626	1		0.0088623	12.0439	40.117	0	0	0	
2024-06-22 00:51:25	8	35	1	0	0	0	1	0	0	0	1	0	0	1.75	1	0	0	0	1	0	0	1.515		99.9671	36.3181	0.120328	0	1.20368	0.120692	13.2352	1		0	12.0439	43.3657	0	0	0	
2024-06-22 01:12:04	156	36	1	0	0	3.75	16	0	0	4	16	0	0	3.5	16	0	0	4.25	16	0	0	0.13		99.9561	16.6186	0.485668	0	4.85881	0.262082	7.6322	1		0	12.0439	39.8571	0	0	0	
2024-06-22 00:56:40	46	37	1	0	0	3	13	0	0	0	13	0	0	2.75	13	0	0	0	13	0	0	0.216		99.9577	37.0615	0.685626	0	6.85916	0.200905	10.7743	1		0	12.0439	40.6368	0	0	0	
2024-06-22 00:54:36	31	38	9	0	0	2	9	0	0	0	9	0	0	6	9	0	0	0	9	0	0	3.464		99.9641	36.678	0.0625861	0	0.626086	0.0623975	15.7353	1		0	12.0439	41.5464	0	0	0	
2024-06-22 00:54:04	27	39	9	0	0	2	9	0	0	0	9	0	0	4.75	9	0	0	0	9	0	0	2.381		99.9607	36.5518	0.0817143	0	0.817464	0.114936	14.1248	1		0	12.0439	41.4165	0	0	0	
2024-06-22 01:02:09	85	40	9	0	0	7	29	0	0	0	29	0	0	5	29	0	0	0	29	0	0	1.732		99.9515	36.7641	0.113172	0	1.13227	0.0216739	14.2285	1		0	12.0439	39.8571	0	0	0	
2024-06-22 01:02:52	90	41	1	0	0	7	29	0	0	0	29	0	0	3.75	29	0	0	0	29	0	0	2.814		99.9508	36.654	0.0706375	0	0.706722	0.11672	14.4315	1		0	12.0439	39.8571	0	0	0	
2024-06-22 00:52:30	16	42	1	0	0	1	5	0	0	0	5	0	0	3.25	5	0	0	0	5	0	0	1.948		99.9696	36.1517	0.0934561	0	0.934845	0.103357	13.2161	1		0	12.0439	42.1962	0	0	0	
2024-06-22 01:06:06	113	43	9	0	0	2.75	12	0	0	0	12	0	0	5	12	0	0	0	12	0	0	1.948		99.9521	36.3924	0.0957193	0	0.957652	0.112718	13.5385	1		0	12.0439	39.7272	0	0	0	
2024-06-22 01:00:09	71	44	5	0	0	5	21	0	0	0	21	0	0	1.75	21	0	0	0	21	0	0	2.814		99.9508	36.8816	0.0713216	0	0.713567	0.136593	14.5713	1		0	12.0439	39.8571	0	0	0	
2024-06-22 00:54:53	33	45	5	0	0	2	9	0	0	0	9	0	0	1.5	9	0	0	0	9	0	0	0.433		99.9592	36.4806	0.422215	0	4.22388	0.0922103	13.2697	1		0	12.0439	41.2865	0	0	0	
2024-06-22 00:51:49	11	46	1	0	0	0	1	0	0	0	1	0	0	2.75	1	0	0	0	1	0	0	2.381		99.9692	36.5196	0.105468	0	1.05501	0.67492	18.2292	1		0.0088623	12.0439	43.1058	0	0	0	
2024-06-22 01:05:58	112	47	9	0	0	3.25	14	0	0	0	14	0	0	4.5	14	0	0	0	14	0	0	1.082		99.9496	36.8338	0.180319	0	1.8041	0.180385	14.1694	1		0	12.0439	39.5972	0	0	0	
2024-06-22 00:55:58	41	48	5	0	0	3	13	0	0	0	13	0	0	6.75	13	0	0	0	13	0	0	3.247		99.9613	37.2972	0.0638155	0	0.638402	0.109998	15.042	1		0	11.9375	41.0267	0	0	0	
2024-06-22 00:53:04	20	49	5	0	0	1	5	0	0	0	5	0	0	7.25	5	0	0	0	5	0	0	5.412		99.9597	36.0696	0.0556773	0	0.556997	0.3993	21.8732	2		0.0088623	12.0439	42.1962	0	0	0	
2024-06-22 01:00:52	76	50	9	0	0	6	25	0	0	0	25	0	0	7.5	25	0	0	0	25	0	0	1.299		99.9483	36.7462	0.154182	0	1.54262	0.0780739	14.5388	1		0	12.0439	39.8571	0	0	0	
2024-06-22 01:01:26	80	51	5	0	0	6	25	0	0	0	25	0	0	6.25	25	0	0	0	25	0	0	0.216		99.9545	36.7374	0.75573	0	7.56075	0.192875	11.8764	1		0	12.0439	39.8571	0	0	0	
2024-06-22 01:05:33	109	52	1	0	0	7.75	32	0	0	0	32	0	0	0.5	32	0	0	0	32	0	0	6.278		99.9525	36.7618	0.0360604	0	0.360775	0.184799	16.4344	1		0	12.0439	39.7272	0	0	0	
2024-06-22 00:59:12	64	53	1	0	0	5	21	0	0	0	21	0	0	3.5	21	0	0	0	21	0	0	1.299		99.9513	36.946	0.147356	0	1.47428	0.0901296	13.8947	1		0	12.0439	40.117	0	0	0	
2024-06-22 00:56:15	43	54	1	0	0	3	13	0	0	0	13	0	0	0.25	13	0	0	0	13	0	0	2.381		99.9589	37.131	0.0772425	0	0.772742	0.0198843	13.352	1		0	12.0439	40.6368	0	0	0	
2024-06-22 00:53:30	23	55	5	0	0	1	5	0	0	0	5	0	0	1.25	5	0	0	0	5	0	0	0.216		99.9639	36.3686	0.686228	0	6.86476	0.0533694	10.7831	1		0	12.0439	42.0662	0	0	0	
2024-06-22 00:57:06	49	56	1	0	0	4	17	0	0	0	17	0	0	1.5	17	0	0	0	17	0	0	2.165		99.9532	36.4167	0.0851841	0	0.85224	0.206495	13.387	1		0	12.0439	40.5069	0	0	0	
2024-06-22 01:06:40	117	57	9	0	0	1.5	7	0	0	0	7	0	0	6.25	7	0	0	0	7	0	0	4.113		99.9532	35.804	0.0558706	0	0.558968	0.33296	16.6825	2		0	12.0439	39.5972	0	0	0	
2024-06-22 01:04:42	103	58	5	0	0	7.75	32	0	0	0	32	0	0	5.25	32	0	0	0	32	0	0	2.165		99.9526	36.7736	0.0876661	0	0.877076	0.128082	13.7771	1		0	12.0439	39.7272	0	0	0	
2024-06-22 01:04:16	100	59	9	0	0	7.75	32	0	0	0	32	0	0	4	32	0	0	0	32	0	0	3.247		99.9526	36.7868	0.059317	0	0.593452	0.392432	13.9829	1		0	12.0439	39.7272	0	0	0	
2024-06-22 01:00:44	75	60	1	0	0	6	25	0	0	0	25	0	0	1.25	25	0	0	0	25	0	0	4.113		99.9501	36.7572	0.0568697	0	0.568981	0.291978	16.9813	1		0	12.0439	39.9871	0	0	0	
2024-06-22 00:58:27	59	61	5	0	0	4	17	0	0	0	17	0	0	3.5	17	0	0	0	17	0	0	0.433		99.9569	36.5972	0.466732	0	4.66933	0.109069	14.6691	1		0	12.0439	40.3769	0	0	0	
2024-06-22 00:51:41	10	62	5	0	0	0	1	0	0	0	1	0	0	1	1	0	0	0	1	0	0	0.866		99.9674	36.3132	0.219881	0	2.19953	0.0838735	13.82	1		0.0088623	12.0616	43.1058	0	0	0	
2024-06-22 00:54:20	29	63	9	0	0	2	9	0	0	0	9	0	0	5.25	9	0	0	0	9	0	0	2.814		99.9624	36.5004	0.0751259	0	0.751541	0.604257	15.3467	1		0	12.0439	41.4165	0	0	0	
2024-06-22 00:53:55	26	64	9	0	0	2	9	0	0	0	9	0	0	4	9	0	0	0	9	0	0	1.732		99.9596	36.6226	0.107635	0	1.07679	0.11086	13.5313	1		0.0088623	12.0439	41.6764	0	0	0	
2024-06-22 01:11:06	149	65	1	0	0	3.5	15	0	0	0	15	0	0	2.25	15	0	0	0	15	0	0	1.082		99.9539	36.1985	0.173842	0	1.73922	0.0867341	13.6598	1		0	12.0439	39.8571	0	0	0	
2024-06-22 01:03:43	96	66	1	0	0	7	29	0	0	0	29	0	0	3	29	0	0	0	29	0	0	3.464		99.9494	36.6022	0.058816	0	0.588458	0.00540517	14.7896	1		0	12.0439	39.7272	0	0	0	
2024-06-22 00:52:47	18	67	1	0	0	1	5	0	0	0	5	0	0	2.5	5	0	0	0	5	0	0	1.299		99.9661	36.1694	0.141764	0	1.41812	0.231661	13.3655	1		0	12.0439	42.4561	0	0	0	
2024-06-22 00:50:41	3	68	9	0	0	0	1	0	0	0	1	0	0	6.75	1	0	0	0	1	0	0	5.845		99.9665	36.3913	0.0407851	0	0.407987	0.380929	17.3034	1		0.0088623	12.0439	44.1454	0	0	0	
2024-06-22 01:07:52	125	69	1	0	0	2.75	12	0	0	0	12	0	0	3	12	0	0	0	12	0	0	0.216		99.9538	36.3209	0.689048	0	6.89367	0.0575126	10.8285	1		0	12.0439	39.5972	0	0	0	
2024-06-22 00:59:52	69	70	5	0	0	5	21	0	0	0	21	0	0	1	21	0	0	0	21	0	0	3.464		99.9557	37.0965	0.0612546	0	0.612818	0.16207	15.4018	1		0.0088623	12.0439	40.117	0	0	0	
2024-06-22 01:13:26	165	71	1	0	0	0.5	3	0	0	7.25	3	0	0	2.75	3	0	0	5	3	0	0	1.168		99.9538	18.0955	0.0718146	0	0.718478	0.179097	10.1572	2		0	12.0439	39.7272	0	0	0	
2024-06-22 01:08:39	131	72	9	0	0	6.75	28	0	0	0	28	0	0	7	28	0	0	0	28	0	0	0.216		99.9499	36.6122	0.735454	0	7.35823	0.0505011	11.5583	1		0	12.0439	39.5972	0	0	0	
2024-06-22 00:53:47	25	73	1	0	0	2	9	0	0	0	9	0	0	0.75	9	0	0	0	9	0	0	1.082		99.9606	36.6222	0.168588	0	1.68655	0.118457	13.2461	1		0	12.0439	41.8063	0	0	0	
2024-06-22 00:55:58	41	74	9	0	0	3	13	0	0	0	13	0	0	6	13	0	0	0	13	0	0	2.598		99.9613	37.2972	0.0763778	0	0.764074	0.159109	14.4024	1		0	11.9375	41.0267	0	0	0	
2024-06-22 00:56:23	44	75	9	0	0	3	13	0	0	0	13	0	0	4.75	13	0	0	0	13	0	0	1.515		99.9591	37.1028	0.125212	0	1.25264	0.148336	13.7735	1		0	12.0439	40.5069	0	0	0	
2024-06-22 00:52:30	16	76	5	0	0	1	5	0	0	0	5	0	0	7.75	5	0	0	0	5	0	0	5.845		99.9696	36.1517	0.0387058	0	0.387175	0.236597	16.4207	1		0	12.0439	42.1962	0	0	0	
2024-06-22 00:52:47	18	77	9	0	0	1	5	0	0	0	5	0	0	6.5	5	0	0	0	5	0	0	4.762		99.9661	36.1694	0.0499769	0	0.499938	0.376885	17.2766	1		0	12.0439	42.4561	0	0	0	
2024-06-22 01:01:16	79	78	9	0	0	6	25	0	0	0	25	0	0	5.5	25	0	0	0	25	0	0	0.433		99.9562	36.8619	0.469116	0	4.69322	0.142817	14.7442	1		0	11.9375	39.8571	0	0	0	
2024-06-22 01:00:26	73	79	5	0	0	6	25	0	0	0	25	0	0	4.25	25	0	0	0	25	0	0	1.515		99.9553	36.764	0.131703	0	1.31762	0.100817	14.488	1		0.0088623	12.0439	39.9871	0	0	0	
2024-06-22 01:00:01	70	80	5	0	0	5	21	0	0	0	21	0	0	2.75	21	0	0	0	21	0	0	1.948		99.9521	36.9166	0.095775	0	0.958209	0.120741	13.5464	1		0	12.0439	39.8571	0	0	0	
2024-06-22 00:53:23	22	81	1	0	0	1	5	0	0	0	5	0	0	0.5	5	0	0	0	5	0	0	0.433		99.9643	36.1671	0.440484	0	4.40642	0.217159	13.8432	1		0	12.0439	41.9363	0	0	0	
2024-06-22 00:57:22	51	82	1	0	0	4	17	0	0	0	17	0	0	0.75	17	0	0	0	17	0	0	2.814		99.9549	36.3832	0.068637	0	0.68668	0.316674	14.0222	1		0	12.0439	40.3769	0	0	0	
2024-06-22 01:05:24	108	83	5	0	0	7.75	32	0	0	0	32	0	0	3.25	32	0	0	0	32	0	0	3.897		99.9548	36.8441	0.0499212	0	0.499437	0.162857	14.1213	1		0	12.0439	39.7272	0	0	0	
2024-06-22 01:12:36	160	84	1	0	0	2.75	12	0	0	5	12	0	0	0.5	12	0	0	7.25	12	0	0	1.168		99.9558	17.8247	0.0721472	0	0.721791	0.0199147	10.2041	1		0	12.0439	39.8571	0	0	0	
2024-06-22 01:06:51	118	85	9	0	0	1.25	6	0	0	0	6	0	0	6.5	6	0	0	0	6	0	0	4.546		99.9571	36.4563	0.0509988	0	0.510207	0.47458	16.8301	1		0	12.0439	39.7272	0	0	0	
2024-06-22 01:02:01	84	86	1	0	0	6	25	0	0	0	25	0	0	0.5	25	0	0	0	25	0	0	4.762		99.9502	36.7212	0.0521897	0	0.522157	0.0738662	18.0444	1		0	12.0439	39.7272	0	0	0	
2024-06-22 00:58:19	58	87	5	0	0	4	17	0	0	0	17	0	0	2.75	17	0	0	0	17	0	0	1.082		99.9582	36.5195	0.176991	0	1.77065	0.00947355	13.9066	1		0	12.0439	40.3769	0	0	0	
2024-06-22 00:51:17	7	88	1	0	0	0	1	0	0	0	1	0	0	0.25	1	0	0	0	1	0	0	0.216		99.9666	36.4244	0.689306	0	6.89536	0.00699553	10.8312	1		0	12.0439	43.2357	0	0	0	
2024-06-22 00:54:20	29	89	1	0	0	2	9	0	0	0	9	0	0	3.25	9	0	0	0	9	0	0	1.082		99.9624	36.5004	0.174584	0	1.7465	0.0943691	13.717	1		0	12.0439	41.4165	0	0	0	
2024-06-22 01:03:01	91	90	1	0	0	7	29	0	0	0	29	0	0	1.75	29	0	0	0	29	0	0	4.546		99.9483	36.6605	0.0494557	0	0.494813	0.1505	16.3223	1		0	12.0439	39.5972	0	0	0	
2024-06-22 00:50:19	1	91	9	0	0	0	1	0	0	0	1	0	0	6	1	0	0	0	1	0	0	5.195		99.9646	36.4611	0.0476253	0	0.476421	0.931493	17.9607	1		0.0088623	11.9375	44.2753	0	0	0	
2024-06-22 00:51:17	7	92	9	0	0	0	1	0	0	0	1	0	0	4.75	1	0	0	0	1	0	0	4.113		99.9666	36.4244	0.0518521	0	0.518694	0.159363	15.4805	1		0	12.0439	43.2357	0	0	0	
2024-06-22 01:10:18	143	93	1	0	0	7.25	30	0	0	0	30	0	0	0.5	30	0	0	0	30	0	0	5.845		99.952	36.8334	0.046815	0	0.468374	0.0320877	19.8645	1		0	12.0439	39.5972	0	0	0	
2024-06-22 00:59:36	67	94	1	0	0	5	21	0	0	0	21	0	0	0.25	21	0	0	0	21	0	0	4.113		99.952	36.95	0.0511227	0	0.511473	0.265168	15.265	1		0	12.0439	40.117	0	0	0	
2024-06-22 00:58:55	62	95	5	0	0	5	21	0	0	0	21	0	0	6.75	21	0	0	0	21	0	0	1.515		99.9512	37.0092	0.133813	0	1.33878	0.0707987	14.7206	1		0	12.0439	40.117	0	0	0	
2024-06-22 00:56:40	46	96	5	0	0	3	13	0	0	0	13	0	0	2.25	13	0	0	0	13	0	0	0.649		99.9577	37.0615	0.295634	0	2.95759	0.197269	13.9373	1		0	12.0439	40.6368	0	0	0	
2024-06-22 00:55:08	35	97	5	0	0	2	9	0	0	0	9	0	0	0	9	0	0	0	9	0	0	1.732		99.9623	36.6576	0.12252	0	1.22566	0.666502	15.4021	1		0	12.0439	41.2865	0	0	0	
2024-06-22 01:08:47	132	98	9	0	0	6.5	27	0	0	0	27	0	0	7.25	27	0	0	0	27	0	0	0.649		99.9594	36.8805	0.317055	0	3.17184	0.153169	14.9469	1		0	12.0439	39.8571	0	0	0	
2024-06-22 01:04:25	101	99	5	0	0	7.75	32	0	0	0	32	0	0	7.25	32	0	0	0	32	0	0	0.433		99.9568	36.9204	0.452597	0	4.52792	0.500515	14.2249	1		0.0088623	12.0439	39.7272	0	0	0	
2024-06-22 01:10:25	144	100	1	0	0	7.5	31	0	0	0	31	0	0	0.25	31	0	0	0	31	0	0	6.278		99.9513	36.8575	0.03646	0	0.364778	0.0310153	16.6168	1		0	12.0439	39.5972	0	0	0	
2024-06-22 01:07:26	122	101	1	0	0	0.75	4	0	0	0	4	0	0	1	4	0	0	0	4	0	0	0.216		99.9525	36.6251	0.6982	0	6.98532	0.0542148	10.9725	1		0	12.0439	39.4673	0	0	0	
2024-06-22 01:09:37	138	102	1	0	0	5.5	23	0	0	0	23	0	0	2.25	23	0	0	0	23	0	0	2.814		99.9548	36.3328	0.0786389	0	0.786745	0.599166	16.0656	1		0	12.0439	39.8571	0	0	0	
2024-06-22 00:57:39	53	103	5	0	0	4	17	0	0	0	17	0	0	6.75	17	0	0	0	17	0	0	2.381		99.9506	36.3184	0.083568	0	0.836093	0.0893295	14.4467	1		0	12.0439	40.3769	0	0	0	
2024-06-22 00:56:15	43	104	5	0	0	3	13	0	0	0	13	0	0	5.25	13	0	0	0	13	0	0	1.948		99.9589	37.131	0.0981997	0	0.9824	0.00712787	13.8884	1		0	12.0439	40.6368	0	0	0	
2024-06-22 00:55:25	37	105	9	0	0	3	13	0	0	0	13	0	0	4	13	0	0	0	13	0	0	0.866		99.9627	37.1901	0.232141	0	2.32228	0.0843307	14.5913	1		0	12.0439	41.1566	0	0	0	
2024-06-22 00:53:55	26	106	5	0	0	2	9	0	0	0	9	0	0	7.25	9	0	0	0	9	0	0	4.546		99.9596	36.6226	0.0529412	0	0.529626	0.304451	17.4706	1		0.0088623	12.0439	41.6764	0	0	0	
2024-06-22 01:02:35	88	107	5	0	0	7	29	0	0	0	29	0	0	7.5	29	0	0	0	29	0	0	0.433		99.9517	36.6976	0.444652	0	4.44867	0.121911	13.9759	1		0	12.0439	39.7272	0	0	0	
2024-06-22 01:03:01	91	108	9	0	0	7	29	0	0	0	29	0	0	6.25	29	0	0	0	29	0	0	0.649		99.9483	36.6605	0.325719	0	3.25888	0.179294	15.3571	1		0	12.0439	39.5972	0	0	0	
2024-06-22 00:52:56	19	109	9	0	0	1	5	0	0	0	5	0	0	5.75	5	0	0	0	5	0	0	4.113		99.9634	36.1291	0.0522687	0	0.522879	0.0302753	15.6054	1		0	12.0439	42.1962	0	0	0	
2024-06-22 00:52:05	13	110	5	0	0	1	5	0	0	0	5	0	0	4.5	5	0	0	0	5	0	0	3.031		99.9678	36.2437	0.0678632	0	0.67885	0.410685	14.9287	1		0	12.0439	42.8459	0	0	0	
2024-06-22 01:02:01	84	111	5	0	0	6	25	0	0	0	25	0	0	3.5	25	0	0	0	25	0	0	2.165		99.9502	36.7212	0.0889248	0	0.889691	0.00538932	13.9752	1		0	12.0439	39.7272	0	0	0	
2024-06-22 00:57:39	53	112	1	0	0	4	17	0	0	0	17	0	0	0	17	0	0	0	17	0	0	3.464		99.9506	36.3184	0.0600706	0	0.601003	0.0359527	15.1049	1		0	12.0439	40.3769	0	0	0	
2024-06-22 01:05:07	106	113	1	0	0	7.75	32	0	0	0	32	0	0	2.5	32	0	0	0	32	0	0	4.546		99.9521	36.7306	0.0456425	0	0.456643	0.130971	15.0632	1		0	12.0439	39.4673	0	0	0	
2024-06-22 00:54:36	31	114	1	0	0	2	9	0	0	0	9	0	0	2.5	9	0	0	0	9	0	0	0.433		99.9641	36.678	0.421202	0	4.21353	0.0575613	13.2372	1		0	12.0439	41.5464	0	0	0	
2024-06-22 01:03:17	93	115	1	0	0	7	29	0	0	0	29	0	0	1	29	0	0	0	29	0	0	5.195		99.9499	36.6785	0.0457032	0	0.457261	0.0735096	17.2383	1		0	12.0439	39.7272	0	0	0	
2024-06-22 00:51:08	6	116	5	0	0	0	1	0	0	0	1	0	0	5.25	1	0	0	0	1	0	0	4.546		99.9669	36.5826	0.0493871	0	0.494035	0.281909	16.2966	1		0.0088623	11.9464	43.7555	0	0	0	
2024-06-22 00:51:25	8	117	9	0	0	0	1	0	0	0	1	0	0	4	1	0	0	0	1	0	0	3.464		99.9671	36.3181	0.0599617	0	0.599814	0.0434287	15.075	1		0	12.0439	43.3657	0	0	0	
2024-06-22 01:05:16	107	118	1	0	0	7.75	32	0	0	0	32	0	0	1.75	32	0	0	0	32	0	0	5.195		99.9503	36.708	0.040885	0	0.409053	0.453016	15.4209	1		0.0088623	12.0439	39.7272	0	0	0	
2024-06-22 00:59:45	68	119	5	0	0	5	21	0	0	0	21	0	0	6	21	0	0	0	21	0	0	0.866		99.9581	36.8936	0.240427	0	2.40528	0.192745	15.1128	1		0	12.0439	40.117	0	0	0	
2024-06-22 00:59:20	65	120	5	0	0	5	21	0	0	0	21	0	0	4.75	21	0	0	0	21	0	0	0.216		99.954	36.9183	0.713944	0	7.14272	0.0579165	11.2198	1		0	12.0439	40.117	0	0	0	
2024-06-22 00:55:42	39	121	1	0	0	3	13	0	0	0	13	0	0	1.5	13	0	0	0	13	0	0	1.299		99.9642	37.1493	0.140363	0	1.40414	0.0895296	13.2337	1		0	12.0439	40.8967	0	0	0	
2024-06-22 01:04:16	100	122	5	0	0	7.75	32	0	0	0	32	0	0	6.5	32	0	0	0	32	0	0	1.082		99.9526	36.7868	0.188791	0	1.8888	0.0984109	14.8346	1		0	12.0439	39.7272	0	0	0	
2024-06-22 01:06:23	115	123	9	0	0	2.25	10	0	0	0	10	0	0	5.5	10	0	0	0	10	0	0	2.814		99.9469	36.771	0.0772528	0	0.772938	0.0972929	15.7837	1		0	12.0439	39.4673	0	0	0	
2024-06-22 01:12:28	159	124	1	0	0	3	13	0	0	4.75	13	0	0	1.25	13	0	0	6.5	13	0	0	0.908		99.9605	18.0814	0.0956459	0	0.956838	0.316474	10.521	1		0	12.0439	39.8571	0	0	0	
2024-06-22 00:57:06	49	125	5	0	0	4	17	0	0	0	17	0	0	6	17	0	0	0	17	0	0	1.732		99.9532	36.4167	0.113574	0	1.13627	0.137902	14.2788	1		0	12.0439	40.5069	0	0	0	
2024-06-22 00:57:47	54	126	9	0	0	4	17	0	0	0	17	0	0	4.75	17	0	0	0	17	0	0	0.649		99.9599	36.4905	0.329204	0	3.29336	0.0256658	15.5196	1		0	12.0439	40.5069	0	0	0	
2024-06-22 00:50:19	1	127	1	0	0	0	1	0	0	0	1	0	0	2.25	1	0	0	0	1	0	0	1.948		99.9646	36.4611	0.102945	0	1.02982	0.742044	14.5587	1		0.0088623	11.9375	44.2753	0	0	0	
2024-06-22 01:12:20	158	128	1	0	0	3.25	14	0	0	4.5	14	0	0	2	14	0	0	5.75	14	0	0	0.649		99.9598	17.9441	0.157765	0	1.57828	0.677629	12.3958	1		0	12.0439	39.8571	0	0	0	
2024-06-22 00:56:23	44	129	1	0	0	3	13	0	0	0	13	0	0	3.25	13	0	0	0	13	0	0	0.216		99.9591	37.1028	0.702792	0	7.03079	0.173434	11.0439	1		0	12.0439	40.5069	0	0	0	
2024-06-22 00:54:12	28	130	5	0	0	2	9	0	0	0	9	0	0	7.75	9	0	0	0	9	0	0	4.979		99.966	36.4917	0.042838	0	0.428526	0.363037	15.4819	1		0.0088623	12.0439	41.5464	0	0	0	
2024-06-22 00:54:12	28	131	9	0	0	2	9	0	0	0	9	0	0	6.5	9	0	0	0	9	0	0	3.897		99.966	36.4917	0.0548889	0	0.549076	0.249533	15.5248	1		0.0088623	12.0439	41.5464	0	0	0	
2024-06-22 01:02:27	87	132	5	0	0	7	29	0	0	0	29	0	0	5.5	29	0	0	0	29	0	0	1.299		99.9503	36.7256	0.155787	0	1.55865	0.114708	14.6899	1		0.0088623	12.0439	39.8571	0	0	0	
2024-06-22 01:02:35	88	133	1	0	0	7	29	0	0	0	29	0	0	4.25	29	0	0	0	29	0	0	2.381		99.9517	36.6976	0.0828914	0	0.829314	0.0699819	14.3295	1		0	12.0439	39.7272	0	0	0	
2024-06-22 00:52:22	15	134	1	0	0	1	5	0	0	0	5	0	0	5	5	0	0	0	5	0	0	3.464		99.9682	36.1807	0.0609035	0	0.609228	0.269483	15.3116	1		0	12.0439	42.7159	0	0	0	
2024-06-22 00:52:14	14	135	1	0	0	1	5	0	0	0	5	0	0	3.75	5	0	0	0	5	0	0	2.381		99.9674	36.2131	0.0802767	0	0.803028	0.12991	13.8753	1		0	12.0439	42.7159	0	0	0	
2024-06-22 01:01:52	83	136	5	0	0	6	25	0	0	0	25	0	0	2.75	25	0	0	0	25	0	0	2.814		99.9543	36.8329	0.0708256	0	0.70858	0.087146	14.4695	1		0	12.0439	39.8571	0	0	0	
2024-06-22 01:00:18	72	137	1	0	0	5	21	0	0	0	21	0	0	2.25	21	0	0	0	21	0	0	2.381		99.9529	36.8529	0.0797327	0	0.797702	0.00399837	13.7833	1		0.0088623	12.0439	39.9871	0	0	0	
2024-06-22 01:02:09	85	138	1	0	0	7	29	0	0	0	29	0	0	0.25	29	0	0	0	29	0	0	5.845		99.9515	36.7641	0.0403938	0	0.404134	0.00708525	17.1399	1		0	12.0439	39.8571	0	0	0	
2024-06-22 00:51:57	12	139	1	0	0	0	1	0	0	0	1	0	0	3.25	1	0	0	0	1	0	0	2.814		99.9675	36.3808	0.06885	0	0.688723	0.136244	14.064	1		0.0088623	12.0439	42.9758	0	0	0	
2024-06-22 00:55:51	40	140	5	0	0	3	13	0	0	0	13	0	0	7.25	13	0	0	0	13	0	0	3.68		99.9594	37.1059	0.0641728	0	0.641989	0.769409	17.1434	1		0.0088623	12.0439	40.8967	0	0	0	
2024-06-22 01:00:52	76	141	5	0	0	6	25	0	0	0	25	0	0	6.75	25	0	0	0	25	0	0	0.649		99.9483	36.7462	0.336234	0	3.36408	0.155201	15.8528	1		0	12.0439	39.8571	0	0	0	
2024-06-22 01:05:42	110	142	9	0	0	3.75	16	0	0	0	16	0	0	4	16	0	0	0	16	0	0	0.216		99.9532	36.5558	0.767109	0	7.67468	0.0528769	12.0554	1		0	12.0439	39.5972	0	0	0	
2024-06-22 01:04:16	100	143	1	0	0	7.75	32	0	0	0	32	0	0	1	32	0	0	0	32	0	0	5.845		99.9526	36.7868	0.0379623	0	0.379803	0.392467	16.108	1		0	12.0439	39.7272	0	0	0	
2024-06-22 00:59:20	65	144	9	0	0	5	21	0	0	0	21	0	0	5.25	21	0	0	0	21	0	0	0.216		99.954	36.9183	0.729275	0	7.29611	0.129317	11.4607	1		0	12.0439	40.117	0	0	0	
2024-06-22 00:58:44	61	145	9	0	0	5	21	0	0	0	21	0	0	4	21	0	0	0	21	0	0	0.866		99.955	37.0805	0.237304	0	2.37411	0.419419	14.917	2		0	12.0439	40.117	0	0	0	
2024-06-22 00:55:58	41	146	1	0	0	3	13	0	0	0	13	0	0	0.75	13	0	0	0	13	0	0	1.948		99.9613	37.2972	0.0933921	0	0.934282	0.0407027	13.2081	1		0	11.9375	41.0267	0	0	0	
2024-06-22 00:53:04	20	147	1	0	0	1	5	0	0	0	5	0	0	1.75	5	0	0	0	5	0	0	0.649		99.9597	36.0696	0.294929	0	2.95048	0.0104191	13.9038	2		0.0088623	12.0439	42.1962	0	0	0	
2024-06-22 00:58:02	56	148	1	0	0	4	17	0	0	0	17	0	0	2	17	0	0	0	17	0	0	1.732		99.9582	36.5151	0.106835	0	1.0688	0.0672742	13.4309	1		0	11.9375	40.3769	0	0	0	
2024-06-22 01:04:51	104	149	5	0	0	7.75	32	0	0	0	32	0	0	5.75	32	0	0	0	32	0	0	1.732		99.9525	36.7484	0.112179	0	1.12233	0.0457978	14.1036	1		0	12.0439	39.5972	0	0	0	
2024-06-22 01:04:34	102	150	5	0	0	7.75	32	0	0	0	32	0	0	4.5	32	0	0	0	32	0	0	2.814		99.9539	36.8054	0.0677643	0	0.677955	0.134479	13.8441	1		0	12.0439	39.5972	0	0	0	
2024-06-22 01:08:08	127	151	1	0	0	2.25	10	0	0	0	10	0	0	3.5	10	0	0	0	10	0	0	1.082		99.9515	36.8555	0.174048	0	1.74132	0.0492909	13.6763	1		0	12.0439	39.5972	0	0	0	
2024-06-22 01:07:17	121	152	9	0	0	0.25	2	0	0	0	2	0	0	7.5	2	0	0	0	2	0	0	6.278		99.9604	36.4333	0.0374751	0	0.3749	0.525332	17.0778	1		0	12.0439	39.7272	0	0	0	
2024-06-22 01:00:26	73	153	1	0	0	6	25	0	0	0	25	0	0	1.75	25	0	0	0	25	0	0	3.68		99.9553	36.764	0.0619156	0	0.619433	0.532819	16.5411	1		0.0088623	12.0439	39.9871	0	0	0	
2024-06-22 00:57:31	52	154	9	0	0	4	17	0	0	0	17	0	0	5.25	17	0	0	0	17	0	0	1.082		99.9506	36.3638	0.189476	0	1.8957	0.137513	14.8888	1		0	12.0439	40.5069	0	0	0	
2024-06-22 00:50:41	3	155	1	0	0	0	1	0	0	0	1	0	0	1.5	1	0	0	0	1	0	0	1.299		99.9665	36.3913	0.140977	0	1.41025	0.103279	13.2913	1		0.0088623	12.0439	44.1454	0	0	0	
2024-06-22 00:55:34	38	156	1	0	0	3	13	0	0	0	13	0	0	2.5	13	0	0	0	13	0	0	0.433		99.9642	37.1742	0.426338	0	4.26491	0.192466	13.3986	1		0	12.0439	41.0267	0	0	0	
2024-06-22 00:54:36	31	157	5	0	0	2	9	0	0	0	9	0	0	5.75	9	0	0	0	9	0	0	3.247		99.9641	36.678	0.0645587	0	0.64582	0.244316	15.2168	1		0	12.0439	41.5464	0	0	0	
2024-06-22 00:53:47	25	158	5	0	0	2	9	0	0	0	9	0	0	4.5	9	0	0	0	9	0	0	2.165		99.9606	36.6222	0.0881929	0	0.882277	0.0800853	13.8588	1		0	12.0439	41.8063	0	0	0	
2024-06-22 01:03:08	92	159	1	0	0	7	29	0	0	0	29	0	0	3.5	29	0	0	0	29	0	0	3.031		99.9512	36.7954	0.0654367	0	0.654687	0.0812125	14.3973	1		0	12.0439	39.8571	0	0	0	
2024-06-22 00:53:38	24	160	1	0	0	1	5	0	0	0	5	0	0	3	5	0	0	0	5	0	0	1.732		99.9664	36.4357	0.104834	0	1.04869	0.0926419	13.1783	1		0	12.0439	41.9363	0	0	0	
2024-06-22 00:50:49	4	161	9	0	0	0	1	0	0	0	1	0	0	7.25	1	0	0	0	1	0	0	6.278		99.9621	36.3074	0.040517	0	0.405324	0.265827	18.4637	2		0	12.0439	44.0154	0	0	0	
2024-06-22 00:58:44	61	162	1	0	0	5	21	0	0	0	21	0	0	1.5	21	0	0	0	21	0	0	3.031		99.955	37.0805	0.0663005	0	0.663304	0.325754	14.5868	2		0	12.0439	40.117	0	0	0	
2024-06-22 00:55:17	36	163	1	0	0	2	9	0	0	0	9	0	0	1.25	9	0	0	0	9	0	0	0.649		99.9633	36.5022	0.286715	0	2.8682	0.196648	13.5161	1		0	12.0439	41.0267	0	0	0	
2024-06-22 01:10:42	146	164	1	0	0	1.5	7	0	0	0	7	0	0	0.25	7	0	0	0	7	0	0	1.082		99.9537	36.1565	0.170658	0	1.70737	0.123381	13.4097	1		0	12.0439	39.8571	0	0	0	
2024-06-22 00:51:41	10	165	1	0	0	0	1	0	0	0	1	0	0	2.5	1	0	0	0	1	0	0	2.165		99.9674	36.3132	0.0875177	0	0.875462	0.354464	13.7517	1		0.0088623	12.0616	43.1058	0	0	0	
2024-06-22 01:09:53	140	166	1	0	0	6.25	26	0	0	0	26	0	0	1.5	26	0	0	0	26	0	0	4.113		99.9556	37.0188	0.0558763	0	0.559012	0.780568	16.6838	1		0	12.0439	39.8571	0	0	0	
2024-06-22 01:11:47	154	167	9	0	0	7.25	30	0	0	0	30	0	0	6.5	30	0	0	0	30	0	0	0.649		99.9604	36.8998	0.314877	0	3.15001	0.0189053	14.8441	1		0	12.0439	39.8571	0	0	0	
2024-06-22 00:56:06	42	168	5	0	0	3	13	0	0	0	13	0	0	7.75	13	0	0	0	13	0	0	4.113		99.9582	37.1799	0.0496246	0	0.496454	0.56402	14.8167	1		0.0088623	12.0439	40.6368	0	0	0	
2024-06-22 00:55:34	38	169	9	0	0	3	13	0	0	0	13	0	0	6.5	13	0	0	0	13	0	0	3.031		99.9642	37.1742	0.0673878	0	0.674119	0.0444266	14.8247	1		0	12.0439	41.0267	0	0	0	
2024-06-22 00:53:04	20	170	9	0	0	1	5	0	0	0	5	0	0	7	5	0	0	0	5	0	0	5.195		99.9597	36.0696	0.0449321	0	0.449502	0.203802	16.9458	2		0.0088623	12.0439	42.1962	0	0	0	
2024-06-22 01:01:01	77	171	9	0	0	6	25	0	0	0	25	0	0	4.75	25	0	0	0	25	0	0	1.082		99.9519	36.7163	0.188285	0	1.88376	0.12474	14.795	1		0	12.0439	39.7272	0	0	0	
2024-06-22 01:04:34	102	172	1	0	0	7.75	32	0	0	0	32	0	0	0.25	32	0	0	0	32	0	0	6.494		99.9539	36.8054	0.0342037	0	0.342195	0.329021	16.1256	1		0	12.0439	39.5972	0	0	0	
2024-06-22 00:59:27	66	173	1	0	0	5	21	0	0	0	21	0	0	3.25	21	0	0	0	21	0	0	1.515		99.956	37.1177	0.123654	0	1.23708	0.204351	13.6025	1		0	12.0439	40.117	0	0	0	
2024-06-22 00:55:25	37	174	1	0	0	3	13	0	0	0	13	0	0	0	13	0	0	0	13	0	0	2.598		99.9627	37.1901	0.0746861	0	0.74714	0.00219622	14.0833	1		0	12.0439	41.1566	0	0	0	
2024-06-22 01:05:49	111	175	9	0	0	3.5	15	0	0	0	15	0	0	4.25	15	0	0	0	15	0	0	0.649		99.9544	36.2586	0.316855	0	3.17	0.0367016	14.9383	1		0	12.0439	39.8571	0	0	0	
2024-06-22 00:58:35	60	176	5	0	0	4	17	0	0	0	17	0	0	1.25	17	0	0	0	17	0	0	2.381		99.9553	36.6306	0.0794834	0	0.795189	0.1638	13.7399	1		0	12.0439	40.3769	0	0	0	
2024-06-22 01:04:34	102	177	9	0	0	7.75	32	0	0	0	32	0	0	5	32	0	0	0	32	0	0	2.381		99.9539	36.8054	0.0794771	0	0.795137	0.0108833	13.739	1		0	12.0439	39.5972	0	0	0	
2024-06-22 01:05:24	108	178	1	0	0	7.75	32	0	0	0	32	0	0	3.75	32	0	0	0	32	0	0	3.464		99.9548	36.8441	0.0557973	0	0.558225	0.204809	14.0297	1		0	12.0439	39.7272	0	0	0	
2024-06-22 01:13:17	164	179	1	0	0	1.25	6	0	0	6.5	6	0	0	3	6	0	0	4.75	6	0	0	0.908		99.9531	17.9743	0.0965412	0	0.965865	0.318731	10.6202	1		0	12.0439	39.8571	0	0	0	
2024-06-22 01:01:26	80	180	1	0	0	6	25	0	0	0	25	0	0	1	25	0	0	0	25	0	0	4.33		99.9545	36.7374	0.0549171	0	0.549422	0.0339463	17.2606	1		0	12.0439	39.8571	0	0	0	
2024-06-22 00:58:27	59	181	1	0	0	4	17	0	0	0	17	0	0	3.25	17	0	0	0	17	0	0	0.649		99.9569	36.5972	0.315662	0	3.15798	0.0624939	14.8817	1		0	12.0439	40.3769	0	0	0	
2024-06-22 00:51:00	5	182	1	0	0	0	1	0	0	0	1	0	0	0.75	1	0	0	0	1	0	0	0.649		99.9656	36.5032	0.316062	0	3.1617	0.109087	14.8992	1		0.0088623	12.0439	43.8855	0	0	0	
2024-06-22 01:12:44	161	183	1	0	0	3.5	15	0	0	4.25	15	0	0	3.75	15	0	0	4	15	0	0	0.13		99.9605	17.1544	0.465791	0	4.65975	0.637988	7.31952	1		0	11.9641	39.8571	0	0	0	
2024-06-22 00:54:04	27	184	5	0	0	2	9	0	0	0	9	0	0	5	9	0	0	0	9	0	0	2.598		99.9607	36.5518	0.0758981	0	0.759279	0.0168866	14.3121	1		0	12.0439	41.4165	0	0	0	
2024-06-22 00:53:55	26	185	1	0	0	2	9	0	0	0	9	0	0	3.75	9	0	0	0	9	0	0	1.515		99.9596	36.6226	0.12656	0	1.26611	0.0049224	13.9216	1		0.0088623	12.0439	41.6764	0	0	0	
2024-06-22 01:02:18	86	186	1	0	0	7	29	0	0	0	29	0	0	2.75	29	0	0	0	29	0	0	3.68		99.9531	36.735	0.0561191	0	0.561454	0.0937334	14.9928	1		0	12.0439	39.7272	0	0	0	
2024-06-22 01:03:43	96	187	5	0	0	7	29	0	0	0	29	0	0	2.25	29	0	0	0	29	0	0	4.113		99.9494	36.6022	0.0515245	0	0.515506	0.0113047	15.3854	1		0	12.0439	39.7272	0	0	0	
2024-06-22 00:51:00	5	188	9	0	0	0	1	0	0	0	1	0	0	7.75	1	0	0	0	1	0	0	6.711		99.9656	36.5032	0.035201	0	0.352131	0.279778	17.1469	1		0.0088623	12.0439	43.8855	0	0	0	
2024-06-22 00:50:32	2	189	9	0	0	0	1	0	0	0	1	0	0	6.5	1	0	0	0	1	0	0	5.628		99.9672	36.4206	0.0417648	0	0.417785	0.0132765	17.0626	1		0	12.0439	44.4052	0	0	0	
2024-06-22 00:59:03	63	190	1	0	0	5	21	0	0	0	21	0	0	0.75	21	0	0	0	21	0	0	3.68		99.9552	36.9551	0.0581563	0	0.581823	0.332989	15.5367	1		0	12.0439	40.117	0	0	0	
2024-06-22 00:58:44	61	191	5	0	0	5	21	0	0	0	21	0	0	7.25	21	0	0	0	21	0	0	1.948		99.955	37.0805	0.109718	0	1.09767	0.0285211	15.518	2		0	12.0439	40.117	0	0	0	
2024-06-22 01:11:39	153	192	9	0	0	5.75	24	0	0	0	24	0	0	4	24	0	0	0	24	0	0	1.515		99.9579	37.0131	0.128567	0	1.28621	0.16212	14.1427	1		0	12.0439	39.8571	0	0	0	
2024-06-22 01:08:23	129	193	9	0	0	4.5	19	0	0	0	19	0	0	5.25	19	0	0	0	19	0	0	0.649		99.9593	36.8332	0.316449	0	3.16578	0.0480457	14.9184	1		0	11.9375	39.8571	0	0	0	
2024-06-22 01:12:52	162	194	1	0	0	2.75	12	0	0	5	12	0	0	3.5	12	0	0	4.25	12	0	0	0.389		99.9538	17.8518	0.274461	0	2.74588	1.21798	12.9396	4		0.0088623	12.0439	39.8571	0	0	0	
2024-06-22 00:54:04	27	195	1	0	0	2	9	0	0	0	9	0	0	0.5	9	0	0	0	9	0	0	1.299		99.9607	36.5518	0.139711	0	1.39766	0.142865	13.1726	1		0	12.0439	41.4165	0	0	0	
2024-06-22 01:07:07	120	196	9	0	0	0.5	3	0	0	0	3	0	0	7.25	3	0	0	0	3	0	0	5.845		99.9529	36.612	0.0543787	0	0.544044	0.727247	23.0737	2		0	12.0439	39.5972	0	0	0	
2024-06-22 00:57:39	53	197	9	0	0	4	17	0	0	0	17	0	0	7.25	17	0	0	0	17	0	0	2.814		99.9506	36.3184	0.0755543	0	0.755917	0.234742	15.4361	1		0	12.0439	40.3769	0	0	0	
2024-06-22 00:55:42	39	198	9	0	0	3	13	0	0	0	13	0	0	5.75	13	0	0	0	13	0	0	2.381		99.9642	37.1493	0.0804642	0	0.80493	0.0299646	13.9082	1		0	12.0439	40.8967	0	0	0	
2024-06-22 00:56:15	43	199	9	0	0	3	13	0	0	0	13	0	0	4.5	13	0	0	0	13	0	0	1.299		99.9589	37.131	0.147149	0	1.47209	0.138935	13.8741	1		0	12.0439	40.6368	0	0	0	
2024-06-22 01:02:18	86	200	9	0	0	7	29	0	0	0	29	0	0	6.75	29	0	0	0	29	0	0	0.216		99.9531	36.735	0.736733	0	7.37078	0.155692	11.578	1		0	12.0439	39.7272	0	0	0	
2024-06-22 00:52:14	14	201	5	0	0	1	5	0	0	0	5	0	0	7.5	5	0	0	0	5	0	0	5.628		99.9674	36.2131	0.0413291	0	0.413426	0.177095	16.8846	1		0	12.0439	42.7159	0	0	0	
2024-06-22 00:52:30	16	202	9	0	0	1	5	0	0	0	5	0	0	6.25	5	0	0	0	5	0	0	4.546		99.9696	36.1517	0.0516461	0	0.516618	0.167204	17.0415	1		0	12.0439	42.1962	0	0	0	
2024-06-22 01:01:16	79	203	5	0	0	6	25	0	0	0	25	0	0	5.25	25	0	0	0	25	0	0	0.649		99.9562	36.8619	0.321753	0	3.21894	0.0474938	15.1689	1		0	11.9375	39.8571	0	0	0	
2024-06-22 01:00:44	75	204	5	0	0	6	25	0	0	0	25	0	0	4	25	0	0	0	25	0	0	1.732		99.9501	36.7572	0.112584	0	1.1264	0.203751	14.1547	1		0	12.0439	39.9871	0	0	0	
2024-06-22 01:00:01	70	205	1	0	0	5	21	0	0	0	21	0	0	2.5	21	0	0	0	21	0	0	2.165		99.9521	36.9166	0.0914095	0	0.914533	0.366069	14.3655	1		0	12.0439	39.8571	0	0	0	
2024-06-22 00:53:23	22	206	5	0	0	1	5	0	0	0	5	0	0	0.25	5	0	0	0	5	0	0	0.649		99.9643	36.1671	0.300509	0	3.00616	0.116815	14.1662	1		0	12.0439	41.9363	0	0	0	
2024-06-22 00:57:56	55	207	1	0	0	4	17	0	0	0	17	0	0	0.5	17	0	0	0	17	0	0	3.031		99.9568	36.3644	0.0652555	0	0.652837	0.209299	14.3566	1		0.0088623	12.0439	40.117	0	0	0	
2024-06-22 01:04:42	103	208	1	0	0	7.75	32	0	0	0	32	0	0	3	32	0	0	0	32	0	0	4.113		99.9526	36.7736	0.0481095	0	0.481323	0.262489	14.3651	1		0	12.0439	39.7272	0	0	0	
2024-06-22 01:01:42	82	209	1	0	0	6	25	0	0	0	25	0	0	0.25	25	0	0	0	25	0	0	4.979		99.9537	36.6879	0.0467654	0	0.467871	0.0142828	16.9034	2		0	12.0439	39.8571	0	0	0	
2024-06-22 01:09:29	137	210	1	0	0	5.25	22	0	0	0	22	0	0	2.5	22	0	0	0	22	0	0	2.381		99.9541	36.7556	0.0905154	0	0.905569	0.119833	15.6471	1		0	12.0439	39.5972	0	0	0	
2024-06-22 00:58:35	60	211	1	0	0	4	17	0	0	0	17	0	0	2.5	17	0	0	0	17	0	0	1.299		99.9553	36.6306	0.145383	0	1.45448	0.155462	13.7081	1		0	12.0439	40.3769	0	0	0	
2024-06-22 00:55:08	35	212	1	0	0	2	9	0	0	0	9	0	0	3	9	0	0	0	9	0	0	0.866		99.9623	36.6576	0.220269	0	2.20353	0.0886343	13.8452	1		0	12.0439	41.2865	0	0	0	
2024-06-22 01:03:51	97	213	1	0	0	7	29	0	0	0	29	0	0	1.5	29	0	0	0	29	0	0	4.762		99.9492	36.601	0.0476201	0	0.476443	0.0256766	16.4647	1		0	12.0439	39.5972	0	0	0	
2024-06-22 00:50:32	2	214	5	0	0	0	1	0	0	0	1	0	0	5.75	1	0	0	0	1	0	0	4.979		99.9672	36.4206	0.0455111	0	0.455261	0.104457	16.4478	1		0	12.0439	44.4052	0	0	0	
2024-06-22 00:51:17	7	215	5	0	0	0	1	0	0	0	1	0	0	4.5	1	0	0	0	1	0	0	3.897		99.9666	36.4244	0.0538196	0	0.538376	0.18489	15.2222	1		0	12.0439	43.2357	0	0	0	
2024-06-22 00:59:20	65	216	1	0	0	5	21	0	0	0	21	0	0	0	21	0	0	0	21	0	0	4.33		99.954	36.9183	0.0501298	0	0.501529	0.188631	15.756	1		0	12.0439	40.117	0	0	0	
2024-06-22 01:04:59	105	217	1	0	0	7.75	32	0	0	0	32	0	0	2.25	32	0	0	0	32	0	0	4.762		99.9532	36.7415	0.0427296	0	0.427496	0.336472	14.7732	1		0	12.0439	39.7272	0	0	0	
2024-06-22 00:59:12	64	218	5	0	0	5	21	0	0	0	21	0	0	7.75	21	0	0	0	21	0	0	2.381		99.9513	36.946	0.0814817	0	0.815213	0.0169205	14.0859	1		0	12.0439	40.117	0	0	0	
2024-06-22 00:58:55	62	219	9	0	0	5	21	0	0	0	21	0	0	6.5	21	0	0	0	21	0	0	1.299		99.9512	37.0092	0.157065	0	1.57142	0.0176168	14.8103	1		0	12.0439	40.117	0	0	0	
2024-06-22 00:56:57	48	220	1	0	0	3	13	0	0	0	13	0	0	2	13	0	0	0	13	0	0	0.866		99.9553	37.049	0.219833	0	2.19931	0.096221	13.8187	1		0	12.0439	40.6368	0	0	0	
2024-06-22 01:09:11	135	221	1	0	0	4.5	19	0	0	0	19	0	0	3.25	19	0	0	0	19	0	0	1.082		99.9596	36.8943	0.179681	0	1.79754	0.0314498	14.1178	1		0	12.0439	39.8571	0	0	0	
2024-06-22 01:04:59	105	222	5	0	0	7.75	32	0	0	0	32	0	0	7	32	0	0	0	32	0	0	0.649		99.9532	36.7415	0.32501	0	3.25162	0.0500935	15.3229	1		0	12.0439	39.7272	0	0	0	
2024-06-22 01:11:31	152	223	9	0	0	5.5	23	0	0	0	23	0	0	4.25	23	0	0	0	23	0	0	1.082		99.9547	36.281	0.186275	0	1.8636	0.0914308	14.6367	1		0	12.0439	39.7272	0	0	0	
2024-06-22 01:10:09	142	224	1	0	0	6.75	28	0	0	0	28	0	0	1	28	0	0	0	28	0	0	4.979		99.9564	36.7122	0.0506734	0	0.506955	0.161825	18.3154	1		0	12.0439	39.8571	0	0	0	
2024-06-22 01:08:30	130	225	9	0	0	4.25	18	0	0	0	18	0	0	5.5	18	0	0	0	18	0	0	1.082		99.9576	36.9627	0.187139	0	1.87218	0.158751	14.7041	1		0.0088623	12.0439	39.8571	0	0	0	
2024-06-22 00:57:31	52	226	5	0	0	4	17	0	0	0	17	0	0	7.75	17	0	0	0	17	0	0	3.247		99.9506	36.3638	0.0608979	0	0.60928	0.103635	14.3558	1		0	12.0439	40.5069	0	0	0	
2024-06-22 00:57:22	51	227	5	0	0	4	17	0	0	0	17	0	0	6.5	17	0	0	0	17	0	0	2.165		99.9549	36.3832	0.0912229	0	0.912641	0.158745	14.3357	1		0	12.0439	40.3769	0	0	0	
2024-06-22 00:56:23	44	228	5	0	0	3	13	0	0	0	13	0	0	5	13	0	0	0	13	0	0	1.732		99.9591	37.1028	0.108744	0	1.08789	0.219116	13.6708	1		0	12.0439	40.5069	0	0	0	
2024-06-22 00:55:51	40	229	1	0	0	3	13	0	0	0	13	0	0	3.75	13	0	0	0	13	0	0	0.649		99.9594	37.1059	0.308448	0	3.08574	0.170172	14.5412	1		0.0088623	12.0439	40.8967	0	0	0	
2024-06-22 00:54:28	30	230	5	0	0	2	9	0	0	0	9	0	0	7	9	0	0	0	9	0	0	4.33		99.9605	36.4652	0.0500182	0	0.500379	0.0779754	15.7199	1		0.0088623	12.0439	41.4165	0	0	0	
2024-06-22 01:03:01	91	231	5	0	0	7	29	0	0	0	29	0	0	6	29	0	0	0	29	0	0	0.866		99.9483	36.6605	0.245365	0	2.45492	0.0891826	15.4247	1		0	12.0439	39.5972	0	0	0	
2024-06-22 01:02:27	87	232	9	0	0	7	29	0	0	0	29	0	0	4.75	29	0	0	0	29	0	0	1.948		99.9503	36.7256	0.100573	0	1.00623	0.0673131	14.2253	1		0.0088623	12.0439	39.8571	0	0	0	
2024-06-22 00:52:39	17	233	5	0	0	1	5	0	0	0	5	0	0	5.5	5	0	0	0	5	0	0	3.897		99.9635	36.1571	0.0598758	0	0.598977	0.686569	16.9357	1		0	12.0439	42.4561	0	0	0	
2024-06-22 00:52:05	13	234	9	0	0	1	5	0	0	0	5	0	0	4.25	5	0	0	0	5	0	0	2.814		99.9678	36.2437	0.0707399	0	0.707627	0.230644	14.45	1		0	12.0439	42.8459	0	0	0	
2024-06-22 01:00:35	74	235	1	0	0	6	25	0	0	0	25	0	0	3.25	25	0	0	0	25	0	0	2.381		99.9522	36.7922	0.0820603	0	0.820995	0.0230583	14.1858	1		0	12.0439	39.9871	0	0	0	
2024-06-22 01:07:43	124	236	1	0	0	0.25	2	0	0	0	2	0	0	1.5	2	0	0	0	2	0	0	1.082		99.9529	36.29	0.170177	0	1.70257	0.159706	13.372	1		0	12.0439	39.7272	0	0	0	
2024-06-22 01:03:34	95	237	5	0	0	7	29	0	0	0	29	0	0	0.75	29	0	0	0	29	0	0	5.412		99.954	36.6263	0.0437848	0	0.438049	0.0490289	17.2022	1		0	12.0439	39.7272	0	0	0	
2024-06-22 00:51:08	6	238	9	0	0	0	1	0	0	0	1	0	0	5	1	0	0	0	1	0	0	4.33		99.9669	36.5826	0.0499242	0	0.499408	0.283991	15.6894	1		0.0088623	11.9464	43.7555	0	0	0	
2024-06-22 00:51:33	9	239	1	0	0	0	1	0	0	0	1	0	0	3.75	1	0	0	0	1	0	0	3.247		99.9655	36.3259	0.0616587	0	0.6168	0.278159	14.533	1		0	12.0439	43.2357	0	0	0	
2024-06-22 01:11:56	155	240	9	0	0	7.5	31	0	0	0	31	0	0	6.25	31	0	0	0	31	0	0	1.082		99.9587	36.6681	0.183318	0	1.83394	0.0651726	14.4037	1		0	12.0439	39.8571	0	0	0	
2024-06-22 01:08:56	133	241	9	0	0	6.25	26	0	0	0	26	0	0	7.5	26	0	0	0	26	0	0	1.082		99.9534	36.9248	0.185023	0	1.85109	0.0323169	14.5384	1		0	12.0439	39.5972	0	0	0	
2024-06-22 01:01:09	78	242	9	0	0	6	25	0	0	0	25	0	0	7.25	25	0	0	0	25	0	0	1.082		99.9525	36.688	0.206504	0	2.06602	0.803442	16.2265	1		0	12.0439	39.5972	0	0	0	
2024-06-22 01:04:08	99	243	1	0	0	7.75	32	0	0	0	32	0	0	1.5	32	0	0	0	32	0	0	5.412		99.949	36.8087	0.0393613	0	0.393814	0.520834	15.465	1		0	12.0439	39.5972	0	0	0	
2024-06-22 00:59:36	67	244	9	0	0	5	21	0	0	0	21	0	0	5.75	21	0	0	0	21	0	0	0.649		99.952	36.95	0.322474	0	3.22629	0.141119	15.2035	1		0	12.0439	40.117	0	0	0	
2024-06-22 00:59:03	63	245	5	0	0	5	21	0	0	0	21	0	0	4.5	21	0	0	0	21	0	0	0.433		99.9552	36.9551	0.449555	0	4.49756	0.14521	14.1295	1		0	12.0439	40.117	0	0	0	
2024-06-22 00:56:32	45	246	1	0	0	3	13	0	0	0	13	0	0	1.25	13	0	0	0	13	0	0	1.515		99.9575	37.0836	0.119315	0	1.19366	0.168728	13.125	1		0	12.0439	40.7668	0	0	0	
2024-06-22 00:53:15	21	247	1	0	0	1	5	0	0	0	5	0	0	2.25	5	0	0	0	5	0	0	1.082		99.9637	36.2824	0.16864	0	1.68701	0.0568422	13.2497	1		0	12.0439	42.1962	0	0	0	
2024-06-22 01:07:35	123	248	1	0	0	0.5	3	0	0	0	3	0	0	1.25	3	0	0	0	3	0	0	0.649		99.9538	36.6273	0.297621	0	2.97758	0.31311	14.0315	1		0	12.0439	39.7272	0	0	0	
2024-06-22 01:06:15	114	249	9	0	0	2.5	11	0	0	0	11	0	0	5.25	11	0	0	0	11	0	0	2.381		99.9556	36.4097	0.0883145	0	0.883537	0.77986	15.2664	1		0	12.0439	39.7272	0	0	0	
2024-06-22 01:04:08	99	250	5	0	0	7.75	32	0	0	0	32	0	0	7.5	32	0	0	0	32	0	0	0.216		99.949	36.8087	0.776166	0	7.76562	0.0221778	12.1982	1		0	12.0439	39.5972	0	0	0	
2024-06-22 01:03:59	98	251	5	0	0	7.75	32	0	0	0	32	0	0	6.25	32	0	0	0	32	0	0	1.299		99.9499	36.7788	0.154911	0	1.54989	0.0594484	14.6074	1		0	12.0439	39.7272	0	0	0	
2024-06-22 01:09:04	134	252	1	0	0	4.25	18	0	0	0	18	0	0	3.5	18	0	0	0	18	0	0	0.649		99.9575	36.9004	0.317089	0	3.17224	0.0603063	14.9488	1		0	12.0439	39.8571	0	0	0	
2024-06-22 01:01:52	83	253	1	0	0	6	25	0	0	0	25	0	0	2.25	25	0	0	0	25	0	0	3.247		99.9543	36.8329	0.0633508	0	0.633798	0.122099	14.9335	1		0	12.0439	39.8571	0	0	0	
2024-06-22 01:11:23	151	254	9	0	0	5.25	22	0	0	0	22	0	0	4.5	22	0	0	0	22	0	0	0.649		99.9566	36.6791	0.316297	0	3.16434	0.121715	14.9116	1		0.0088623	12.0439	39.8571	0	0	0	
2024-06-22 00:57:06	49	255	9	0	0	4	17	0	0	0	17	0	0	5.75	17	0	0	0	17	0	0	1.515		99.9532	36.4167	0.130315	0	1.30376	0.0491682	14.3356	1		0	12.0439	40.5069	0	0	0	
2024-06-22 00:57:56	55	256	5	0	0	4	17	0	0	0	17	0	0	4.5	17	0	0	0	17	0	0	0.433		99.9568	36.3644	0.480501	0	4.80709	0.0400055	15.1019	1		0.0088623	12.0439	40.117	0	0	0	
2024-06-22 00:50:32	2	257	1	0	0	0	1	0	0	0	1	0	0	2	1	0	0	0	1	0	0	1.732		99.9672	36.4206	0.127089	0	1.27131	0.32675	15.9757	1		0	12.0439	44.4052	0	0	0	
2024-06-22 00:54:45	32	258	5	0	0	2	9	0	0	0	9	0	0	7.5	9	0	0	0	9	0	0	4.762		99.959	36.5327	0.0456348	0	0.456535	0.155602	15.7767	1		0.0088623	12.0439	41.4165	0	0	0	
2024-06-22 00:54:45	32	259	9	0	0	2	9	0	0	0	9	0	0	6.25	9	0	0	0	9	0	0	3.68		99.959	36.5327	0.0579797	0	0.580035	0.0231037	15.489	1		0.0088623	12.0439	41.4165	0	0	0	
2024-06-22 01:02:09	85	260	5	0	0	7	29	0	0	0	29	0	0	5.25	29	0	0	0	29	0	0	1.515		99.9515	36.7641	0.130385	0	1.30448	0.134272	14.3435	1		0	12.0439	39.8571	0	0	0	
2024-06-22 01:02:52	90	261	9	0	0	7	29	0	0	0	29	0	0	4	29	0	0	0	29	0	0	2.598		99.9508	36.654	0.0758517	0	0.758891	0.0578074	14.3047	1		0	12.0439	39.8571	0	0	0	
2024-06-22 00:52:39	17	262	1	0	0	1	5	0	0	0	5	0	0	3.5	5	0	0	0	5	0	0	2.165		99.9635	36.1571	0.0848971	0	0.849282	0.0596227	13.3405	1		0	12.0439	42.4561	0	0	0	
2024-06-22 01:00:52	76	263	1	0	0	6	25	0	0	0	25	0	0	2.5	25	0	0	0	25	0	0	3.031		99.9483	36.7462	0.0719291	0	0.719664	0.563279	15.8262	1		0	12.0439	39.8571	0	0	0	
2024-06-22 01:11:14	150	264	1	0	0	3.75	16	0	0	0	16	0	0	2	16	0	0	0	16	0	0	1.515		99.9523	36.6002	0.125276	0	1.25336	0.0596364	13.7814	1		0	12.0439	39.8571	0	0	0	
2024-06-22 01:00:18	72	265	5	0	0	5	21	0	0	0	21	0	0	2	21	0	0	0	21	0	0	2.598		99.9529	36.8529	0.0756699	0	0.757055	0.0850958	14.2702	1		0.0088623	12.0439	39.9871	0	0	0	
2024-06-22 00:54:45	32	266	1	0	0	2	9	0	0	0	9	0	0	1.75	9	0	0	0	9	0	0	0.216		99.959	36.5327	0.678498	0	6.78776	0.100745	10.6622	1		0.0088623	12.0439	41.4165	0	0	0	
2024-06-22 01:02:27	87	267	1	0	0	7	29	0	0	0	29	0	0	0	29	0	0	0	29	0	0	6.061		99.9503	36.7256	0.0400325	0	0.400524	0.107312	17.616	1		0.0088623	12.0439	39.8571	0	0	0	
2024-06-22 00:51:49	11	268	5	0	0	0	1	0	0	0	1	0	0	3	1	0	0	0	1	0	0	2.598		99.9692	36.5196	0.0744549	0	0.744778	0.134242	14.0387	1		0.0088623	12.0439	43.1058	0	0	0	
2024-06-22 00:55:51	40	269	9	0	0	3	13	0	0	0	13	0	0	7	13	0	0	0	13	0	0	3.464		99.9594	37.1059	0.0590767	0	0.591007	0.0375123	14.8536	1		0.0088623	12.0439	40.8967	0	0	0	
2024-06-22 01:01:09	78	270	5	0	0	6	25	0	0	0	25	0	0	7.75	25	0	0	0	25	0	0	1.515		99.9525	36.688	0.133586	0	1.33649	0.0872371	14.6955	1		0	12.0439	39.5972	0	0	0	
2024-06-22 01:00:35	74	271	5	0	0	6	25	0	0	0	25	0	0	6.5	25	0	0	0	25	0	0	0.433		99.9522	36.7922	0.486489	0	4.86722	0.125545	15.2908	1		0	12.0439	39.9871	0	0	0	
2024-06-22 01:04:25	101	272	1	0	0	7.75	32	0	0	0	32	0	0	0.75	32	0	0	0	32	0	0	6.061		99.9568	36.9204	0.0368067	0	0.368226	0.00685755	16.1954	1		0.0088623	12.0439	39.7272	0	0	0	
2024-06-22 00:58:55	62	273	1	0	0	5	21	0	0	0	21	0	0	3.75	21	0	0	0	21	0	0	1.082		99.9512	37.0092	0.183756	0	1.83846	0.11749	14.4392	1		0	12.0439	40.117	0	0	0	
2024-06-22 00:56:49	47	274	1	0	0	3	13	0	0	0	13	0	0	0.5	13	0	0	0	13	0	0	2.165		99.9553	37.0347	0.0856146	0	0.856529	0.244938	13.4543	1		0.0088623	12.0439	40.6368	0	0	0	
2024-06-22 00:53:38	24	275	5	0	0	1	5	0	0	0	5	0	0	1.5	5	0	0	0	5	0	0	0.433		99.9664	36.4357	0.430376	0	4.30521	0.00437078	13.5252	1		0	12.0439	41.9363	0	0	0	
2024-06-22 01:13:09	163	276	1	0	0	2	9	0	0	5.75	9	0	0	3.25	9	0	0	4.5	9	0	0	0.649		99.9515	17.7841	0.15515	0	1.55225	0.230779	12.1914	1		0	12.0439	39.8571	0	0	0	
2024-06-22 00:57:31	52	277	1	0	0	4	17	0	0	0	17	0	0	1.75	17	0	0	0	17	0	0	1.948		99.9506	36.3638	0.0950029	0	0.950499	0.165477	13.4374	1		0	12.0439	40.5069	0	0	0	
2024-06-22 01:07:58	126	278	1	0	0	2.5	11	0	0	0	11	0	0	3.25	11	0	0	0	11	0	0	0.649		99.9552	36.5232	0.296121	0	2.96254	0.0897865	13.9606	1		0	12.0439	39.8571	0	0	0	
2024-06-22 01:04:42	103	279	9	0	0	7.75	32	0	0	0	32	0	0	5.5	32	0	0	0	32	0	0	1.948		99.9526	36.7736	0.099304	0	0.993511	0.152887	14.0454	1		0	12.0439	39.7272	0	0	0	
2024-06-22 01:03:59	98	280	9	0	0	7.75	32	0	0	0	32	0	0	4.25	32	0	0	0	32	0	0	3.031		99.9499	36.7788	0.0637875	0	0.638195	0.135057	14.0346	1		0	12.0439	39.7272	0	0	0	
2024-06-22 01:01:42	82	281	5	0	0	6	25	0	0	0	25	0	0	1.5	25	0	0	0	25	0	0	3.897		99.9537	36.6879	0.0579928	0	0.580196	0.10465	16.4047	2		0	12.0439	39.8571	0	0	0	
2024-06-22 00:57:47	54	282	5	0	0	4	17	0	0	0	17	0	0	5	17	0	0	0	17	0	0	0.866		99.9599	36.4905	0.240228	0	2.40325	0.0122721	15.1	1		0	12.0439	40.5069	0	0	0	
2024-06-22 00:58:11	57	283	5	0	0	4	17	0	0	0	17	0	0	3.75	17	0	0	0	17	0	0	0.216		99.9545	36.355	0.760157	0	7.60503	0.128597	11.946	1		0	12.0439	40.3769	0	0	0	
2024-06-22 00:50:49	4	284	1	0	0	0	1	0	0	0	1	0	0	1.25	1	0	0	0	1	0	0	1.082		99.9621	36.3074	0.171045	0	1.7111	0.0097215	13.4389	2		0	12.0439	44.0154	0	0	0	
2024-06-22 00:54:20	29	285	5	0	0	2	9	0	0	0	9	0	0	5.5	9	0	0	0	9	0	0	3.031		99.9624	36.5004	0.0983998	0	0.984368	0.758551	21.6474	1		0	12.0439	41.4165	0	0	0	
2024-06-22 00:53:47	25	286	9	0	0	2	9	0	0	0	9	0	0	4.25	9	0	0	0	9	0	0	1.948		99.9606	36.6222	0.0976506	0	0.976891	0.245024	13.8105	1		0	12.0439	41.8063	0	0	0	
2024-06-22 01:03:26	94	287	1	0	0	7	29	0	0	0	29	0	0	3.25	29	0	0	0	29	0	0	3.247		99.9489	36.6537	0.0617854	0	0.61817	0.0506742	14.5653	1		0	12.0439	39.5972	0	0	0	
2024-06-22 00:52:56	19	288	1	0	0	1	5	0	0	0	5	0	0	2.75	5	0	0	0	5	0	0	1.515		99.9634	36.1291	0.119079	0	1.19123	0.0678832	13.0982	1		0	12.0439	42.1962	0	0	0	
2024-06-22 00:50:41	3	289	5	0	0	0	1	0	0	0	1	0	0	7	1	0	0	0	1	0	0	6.061		99.9665	36.3913	0.0396797	0	0.39693	0.467198	17.4579	1		0.0088623	12.0439	44.1454	0	0	0	
2024-06-22 01:00:09	71	290	1	0	0	5	21	0	0	0	21	0	0	1.25	21	0	0	0	21	0	0	3.247		99.9508	36.8816	0.0654371	0	0.654693	0.0524882	15.4258	1		0	12.0439	39.8571	0	0	0	
2024-06-22 00:55:01	34	291	1	0	0	2	9	0	0	0	9	0	0	1	9	0	0	0	9	0	0	0.866		99.9623	36.44	0.212812	0	2.12892	0.00697404	13.3764	1		0.0088623	12.0439	41.2865	0	0	0	
2024-06-22 00:56:06	42	292	9	0	0	3	13	0	0	0	13	0	0	7.5	13	0	0	0	13	0	0	3.897		99.9582	37.1799	0.0528839	0	0.52906	0.5513	14.9588	1		0.0088623	12.0439	40.6368	0	0	0	
2024-06-22 00:55:34	38	293	5	0	0	3	13	0	0	0	13	0	0	6.25	13	0	0	0	13	0	0	2.814		99.9642	37.1742	0.0716726	0	0.716983	0.303283	14.641	1		0	12.0439	41.0267	0	0	0	
2024-06-22 01:02:52	90	294	5	0	0	7	29	0	0	0	29	0	0	7.25	29	0	0	0	29	0	0	0.216		99.9508	36.654	0.686244	0	6.86582	0.544313	10.7848	1		0	12.0439	39.8571	0	0	0	
2024-06-22 00:52:47	18	295	5	0	0	1	5	0	0	0	5	0	0	6.75	5	0	0	0	5	0	0	4.979		99.9661	36.1694	0.0491363	0	0.49153	0.253355	17.7582	1		0	12.0439	42.4561	0	0	0	
2024-06-22 01:00:26	73	296	9	0	0	6	25	0	0	0	25	0	0	5.75	25	0	0	0	25	0	0	0.216		99.9553	36.764	0.752265	0	7.52601	0.0645003	11.8218	1		0.0088623	12.0439	39.9871	0	0	0	
2024-06-22 01:00:44	75	297	9	0	0	6	25	0	0	0	25	0	0	4.5	25	0	0	0	25	0	0	1.299		99.9501	36.7572	0.153923	0	1.54	0.0721772	14.5141	1		0	12.0439	39.9871	0	0	0	
2024-06-22 01:03:59	98	298	1	0	0	7.75	32	0	0	0	32	0	0	0	32	0	0	0	32	0	0	6.711		99.9499	36.7788	0.0343613	0	0.343785	0.275177	16.7405	1		0	12.0439	39.7272	0	0	0	
2024-06-22 00:59:45	68	299	1	0	0	5	21	0	0	0	21	0	0	3	21	0	0	0	21	0	0	1.732		99.9581	36.8936	0.107851	0	1.07896	0.0304159	13.5586	1		0	12.0439	40.117	0	0	0	
2024-06-22 00:52:05	13	300	1	0	0	1	5	0	0	0	5	0	0	0.75	5	0	0	0	5	0	0	0.216		99.9678	36.2437	0.70183	0	7.02056	0.0443581	11.0279	1		0	12.0439	42.8459	0	0	0	
2024-06-22 01:09:45	139	301	1	0	0	5.75	24	0	0	0	24	0	0	2	24	0	0	0	24	0	0	3.247		99.955	36.9089	0.0651543	0	0.651836	0.357983	15.3585	1		0	12.0439	39.7272	0	0	0	
2024-06-22 00:57:47	54	302	1	0	0	4	17	0	0	0	17	0	0	1	17	0	0	0	17	0	0	2.598		99.9599	36.4905	0.072893	0	0.729223	0.108944	13.7455	1		0	12.0439	40.5069	0	0	0	
2024-06-22 01:04:51	104	303	1	0	0	7.75	32	0	0	0	32	0	0	3.5	32	0	0	0	32	0	0	3.68		99.9525	36.7484	0.052584	0	0.526089	0.0944106	14.0485	1		0	12.0439	39.5972	0	0	0	
2024-06-22 01:01:01	77	304	1	0	0	6	25	0	0	0	25	0	0	0.75	25	0	0	0	25	0	0	4.546		99.9519	36.7163	0.0515366	0	0.515614	0.163809	17.0084	1		0	12.0439	39.7272	0	0	0	
2024-06-22 00:58:11	57	305	1	0	0	4	17	0	0	0	17	0	0	3	17	0	0	0	17	0	0	0.866		99.9545	36.355	0.229252	0	2.29357	0.174217	14.4109	1		0	12.0439	40.3769	0	0	0	
2024-06-22 00:51:08	6	306	1	0	0	0	1	0	0	0	1	0	0	0.5	1	0	0	0	1	0	0	0.433		99.9669	36.5826	0.425689	0	4.2583	0.235723	13.3778	1		0.0088623	11.9464	43.7555	0	0	0	
2024-06-22 01:12:13	157	307	1	0	0	3.5	15	0	0	4.25	15	0	0	2.75	15	0	0	5	15	0	0	0.389		99.9529	17.1498	0.281927	0	2.8206	0.16488	13.2918	1		0	12.0439	39.5972	0	0	0	
2024-06-22 00:54:12	28	308	1	0	0	2	9	0	0	0	9	0	0	3.5	9	0	0	0	9	0	0	1.299		99.966	36.4917	0.146365	0	1.46415	0.270445	13.7993	1		0.0088623	12.0439	41.5464	0	0	0	
2024-06-22 01:03:26	94	309	5	0	0	7	29	0	0	0	29	0	0	2.5	29	0	0	0	29	0	0	3.897		99.9489	36.6537	0.0554597	0	0.554881	0.365883	15.6889	1		0	12.0439	39.5972	0	0	0	
2024-06-22 01:03:34	95	310	1	0	0	7	29	0	0	0	29	0	0	2	29	0	0	0	29	0	0	4.33		99.954	36.6263	0.0501429	0	0.50166	0.129257	15.7601	1		0	12.0439	39.7272	0	0	0	
2024-06-22 00:51:00	5	311	5	0	0	0	1	0	0	0	1	0	0	7.5	1	0	0	0	1	0	0	6.494		99.9656	36.5032	0.0368984	0	0.369111	0.382783	17.3939	1		0.0088623	12.0439	43.8855	0	0	0	
2024-06-22 00:50:19	1	312	5	0	0	0	1	0	0	0	1	0	0	6.25	1	0	0	0	1	0	0	5.412		99.9646	36.4611	0.0430867	0	0.43102	0.711142	16.9261	1		0.0088623	11.9375	44.2753	0	0	0	
2024-06-22 00:59:52	69	313	1	0	0	5	21	0	0	0	21	0	0	0.5	21	0	0	0	21	0	0	3.897		99.9557	37.0965	0.0576126	0	0.576381	0.0581252	16.2968	1		0.0088623	12.0439	40.117	0	0	0	
2024-06-22 01:10:34	145	314	1	0	0	1.25	6	0	0	0	6	0	0	0.5	6	0	0	0	6	0	0	0.649		99.9517	36.7013	0.300185	0	3.0033	0.0524454	14.1527	1		0	12.0439	39.7272	0	0	0	
2024-06-22 00:59:27	66	315	5	0	0	5	21	0	0	0	21	0	0	7	21	0	0	0	21	0	0	1.732		99.956	37.1177	0.113762	0	1.13813	0.257723	14.3021	1		0	12.0439	40.117	0	0	0	
2024-06-22 00:55:01	34	316	5	0	0	2	9	0	0	0	9	0	0	0.25	9	0	0	0	9	0	0	1.515		99.9623	36.44	0.122203	0	1.22249	0.136358	13.442	1		0.0088623	12.0439	41.2865	0	0	0	
2024-06-22 00:57:14	50	317	5	0	0	4	17	0	0	0	17	0	0	7	17	0	0	0	17	0	0	2.598		99.9543	36.4008	0.076481	0	0.76516	0.0105291	14.4229	1		0	12.0439	40.3769	0	0	0	
2024-06-22 00:55:25	37	318	5	0	0	3	13	0	0	0	13	0	0	5.5	13	0	0	0	13	0	0	2.165		99.9627	37.1901	0.0911885	0	0.912225	0.21681	14.3292	1		0	12.0439	41.1566	0	0	0	
2024-06-22 00:55:42	39	319	5	0	0	3	13	0	0	0	13	0	0	4.25	13	0	0	0	13	0	0	1.082		99.9642	37.1493	0.180118	0	1.80183	0.135603	14.1515	1		0	12.0439	40.8967	0	0	0	
2024-06-22 01:02:18	86	320	5	0	0	7	29	0	0	0	29	0	0	7.75	29	0	0	0	29	0	0	0.649		99.9531	36.735	0.331	0	3.31155	0.148468	15.6053	1		0	12.0439	39.7272	0	0	0	
2024-06-22 01:03:08	92	321	5	0	0	7	29	0	0	0	29	0	0	6.5	29	0	0	0	29	0	0	0.433		99.9512	36.7954	0.462317	0	4.62543	0.151288	14.5312	1		0	12.0439	39.8571	0	0	0	
2024-06-22 00:52:56	19	322	5	0	0	1	5	0	0	0	5	0	0	6	5	0	0	0	5	0	0	4.33		99.9634	36.1291	0.0530669	0	0.530863	0.1801	16.6776	1		0	12.0439	42.1962	0	0	0	
2024-06-22 00:52:22	15	323	5	0	0	1	5	0	0	0	5	0	0	4.75	5	0	0	0	5	0	0	3.247		99.9682	36.1807	0.0652932	0	0.65314	0.474512	15.3892	1		0	12.0439	42.7159	0	0	0	
2024-06-22 01:08:15	128	324	9	0	0	4.75	20	0	0	0	20	0	0	5	20	0	0	0	20	0	0	0.216		99.9563	36.5851	0.715141	0	7.15454	0.115725	11.2383	1		0.0088623	12.0439	39.5972	0	0	0	
2024-06-22 01:01:01	77	325	5	0	0	6	25	0	0	0	25	0	0	5	25	0	0	0	25	0	0	0.866		99.9519	36.7163	0.239355	0	2.3947	0.276183	15.0463	1		0	12.0439	39.7272	0	0	0	
2024-06-22 01:01:33	81	326	5	0	0	6	25	0	0	0	25	0	0	3.75	25	0	0	0	25	0	0	1.948		99.9514	36.863	0.100699	0	1.00748	0.0240744	14.2429	1		0	12.0439	39.9871	0	0	0	
2024-06-22 00:53:30	23	327	1	0	0	1	5	0	0	0	5	0	0	0	5	0	0	0	5	0	0	0.866		99.9639	36.3686	0.219145	0	2.19224	0.225395	13.7742	1		0	12.0439	42.0662	0	0	0	
2024-06-22 01:06:59	119	328	9	0	0	0.75	4	0	0	0	4	0	0	7	4	0	0	0	4	0	0	5.412		99.9584	36.7851	0.0431973	0	0.432153	0.548773	16.9706	1		0	12.0439	39.8571	0	0	0	
2024-06-22 00:58:19	58	329	1	0	0	4	17	0	0	0	17	0	0	0.25	17	0	0	0	17	0	0	3.247		99.9582	36.5195	0.0603988	0	0.60424	0.251003	14.2371	1		0	12.0439	40.3769	0	0	0	
2024-06-22 01:05:07	106	330	5	0	0	7.75	32	0	0	0	32	0	0	2.75	32	0	0	0	32	0	0	4.33		99.9521	36.7306	0.0465707	0	0.465931	0.1108	14.6376	1		0	12.0439	39.4673	0	0	0	
2024-06-22 01:01:16	79	331	1	0	0	6	25	0	0	0	25	0	0	0	25	0	0	0	25	0	0	5.195		99.9562	36.8619	0.0486727	0	0.486941	0.210861	18.3572	1		0	11.9375	39.8571	0	0	0	
2024-06-22 00:54:28	30	332	1	0	0	2	9	0	0	0	9	0	0	2.75	9	0	0	0	9	0	0	0.649		99.9605	36.4652	0.298914	0	2.99032	0.145973	14.0916	1		0.0088623	12.0439	41.4165	0	0	0	
2024-06-22 01:03:17	93	333	5	0	0	7	29	0	0	0	29	0	0	1.25	29	0	0	0	29	0	0	4.979		99.9499	36.6785	0.0473542	0	0.473779	0.0431464	17.1168	1		0	12.0439	39.7272	0	0	0	
2024-06-22 00:50:49	4	334	5	0	0	0	1	0	0	0	1	0	0	5.5	1	0	0	0	1	0	0	4.762		99.9621	36.3074	0.0554158	0	0.554369	0.0937611	19.1576	2		0	12.0439	44.0154	0	0	0	
2024-06-22 00:51:25	8	335	5	0	0	0	1	0	0	0	1	0	0	4.25	1	0	0	0	1	0	0	3.68		99.9671	36.3181	0.0558934	0	0.559118	0.160627	14.9304	1		0	12.0439	43.3657	0	0	0	
