Time	MeasID	DPID	Channel	A(x)	A(y)	A(z)	A(adr)	B(x)	B(y)	B(z)	B(adr)	M(x)	M(y)	M(z)	M(adr)	N(x)	N(y)	N(z)	N(adr)	F(x)	F(y)	F(z)	Note	I(mA)	Uout(V)	U(V)	SP(V)	R(Ohm)	Var(%)	Rho-a(Ohm-m)	Cycles	IP Delay Window(mV/V)	Pint(V)	Pext(V)	T int(deg C)	T log(deg C)	Latitude	Longitude
2024-06-10 16:35:05	1045	2509	5	0	0	7.75	32	0	0	0	32	0	0	2	32	0	0	0	32	0	0	4.979		99.9236	46.1605	0.0424937	0	0.425262	0.440801	15.364	1		0	12.0705	36.9983	0	0	0	
2024-06-10 16:29:12	1003	2510	9	0	0	5	21	0	0	0	21	0	0	7.5	21	0	0	0	21	0	0	2.165		99.9221	46.2297	0.104919	0	1.05001	0.00692642	16.4935	2		0	12.0705	37.3882	0	0	0	
2024-06-10 16:28:30	999	2511	9	0	0	5	21	0	0	0	21	0	0	6.25	21	0	0	0	21	0	0	1.082		99.9242	46.2639	0.271307	0	2.71513	0.0525735	21.3246	2		0	12.0616	37.5181	0	0	0	
2024-06-10 16:25:30	976	2512	1	0	0	3	13	0	0	0	13	0	0	1.75	13	0	0	0	13	0	0	1.082		99.9316	46.0714	0.204818	0	2.04958	0.976903	16.0973	1		0	12.0705	38.1678	0	0	0	
2024-06-10 16:33:50	1035	2513	9	0	0	7.75	32	0	0	0	32	0	0	6.75	32	0	0	0	32	0	0	0.866		99.9206	46.0163	0.28423	0	2.84456	0.0875502	17.8729	2		0	12.0705	36.7384	0	0	0	
2024-06-10 16:41:14	1084	2514	1	0	0	3.25	14	0	0	0	14	0	0	2.5	14	0	0	0	14	0	0	0.649		99.9206	46.0927	0.348248	0	3.48525	0.289489	16.4238	2		0	12.0616	36.9983	0	0	0	
2024-06-10 16:27:44	993	2515	5	0	0	4	17	0	0	0	17	0	0	7.5	17	0	0	0	17	0	0	3.031		99.923	45.358	0.0647891	0	0.64839	0.211368	14.2588	1		0	12.0705	37.6481	0	0	0	
2024-06-10 16:27:29	991	2516	5	0	0	4	17	0	0	0	17	0	0	6.25	17	0	0	0	17	0	0	1.948		99.9266	45.3917	0.104217	0	1.04293	0.0736497	14.7441	1		0	12.0705	37.6481	0	0	0	
2024-06-10 16:25:20	975	2517	1	0	0	3	13	0	0	0	13	0	0	3.5	13	0	0	0	13	0	0	0.433		99.9309	45.9866	0.578451	0	5.78851	0.0481085	18.1851	2		0	12.0705	38.2978	0	0	0	
2024-06-10 16:23:35	963	2518	5	0	0	2	9	0	0	0	9	0	0	6.75	9	0	0	0	9	0	0	4.113		99.9324	45.5168	0.0503353	0	0.503694	0.0961523	15.0328	2		0	12.0793	39.0775	0	0	0	
2024-06-10 16:31:59	1022	2519	9	0	0	7	29	0	0	0	29	0	0	5.75	29	0	0	0	29	0	0	1.082		99.9239	45.5673	0.239647	0	2.3983	0.571097	18.8362	2		0	12.0705	36.9983	0	0	0	
2024-06-10 16:32:56	1028	2520	9	0	0	7	29	0	0	0	29	0	0	4.5	29	0	0	0	29	0	0	2.165		99.9234	45.7104	0.0964538	0	0.965277	0.125053	15.1625	1		0	12.0705	36.9983	0	0	0	
2024-06-10 16:22:35	955	2521	1	0	0	1	5	0	0	0	5	0	0	5.25	5	0	0	0	5	0	0	3.68		99.9376	45.7423	0.064986	0	0.650266	0.266624	17.3644	1		0	12.0705	39.5972	0	0	0	
2024-06-10 16:22:28	954	2522	9	0	0	1	5	0	0	0	5	0	0	4	5	0	0	0	5	0	0	2.598		99.9357	45.7463	0.0805823	0	0.806342	0.0714388	15.1992	1		0	12.0705	39.7272	0	0	0	
2024-06-10 16:39:25	1072	2523	1	0	0	4.75	20	0	0	0	20	0	0	3	20	0	0	0	20	0	0	1.515		99.9236	46.0006	0.132959	0	1.33061	0.217864	14.6308	2		0	12.0705	36.9983	0	0	0	
2024-06-10 16:30:22	1011	2524	1	0	0	6	25	0	0	0	25	0	0	3	25	0	0	0	25	0	0	2.598		99.9273	45.7317	0.0762882	0	0.763437	0.0603067	14.3905	2		0.0088623	12.0705	37.2582	0	0	0	
2024-06-10 16:23:35	963	2525	1	0	0	2	9	0	0	0	9	0	0	2.25	9	0	0	0	9	0	0	0.216		99.9324	45.5168	0.967765	0	9.6842	0.110563	15.2119	2		0	12.0793	39.0775	0	0	0	
2024-06-10 16:33:25	1032	2526	1	0	0	7	29	0	0	0	29	0	0	0.5	29	0	0	0	29	0	0	5.628		99.9226	45.6649	0.0419619	0	0.419944	0.0974254	17.1508	1		0	12.0705	36.7384	0	0	0	
2024-06-10 16:21:06	945	2527	1	0	0	0	1	0	0	0	1	0	0	3.5	1	0	0	0	1	0	0	3.031		99.9407	46.4177	0.0810671	0	0.811152	0.232582	17.8382	2		0	12.0793	40.7668	0	0	0	
2024-06-10 16:41:07	1083	2528	1	0	0	1.75	8	0	0	0	8	0	0	0	8	0	0	0	8	0	0	1.515		99.9221	46.1381	0.130921	0	1.31023	0.953591	14.4067	1		0	12.0705	36.9983	0	0	0	
2024-06-10 16:30:53	1014	2529	5	0	0	6	25	0	0	0	25	0	0	7	25	0	0	0	25	0	0	0.866		99.924	45.7061	0.300805	0	3.01033	0.00621259	18.9145	2		0	12.0705	36.9983	0	0	0	
2024-06-10 16:40:16	1077	2530	1	0	0	6.5	27	0	0	0	27	0	0	1.25	27	0	0	0	27	0	0	4.546		99.9212	46.22	0.0616106	0	0.616592	0.542287	20.3394	1		0	12.0705	36.9983	0	0	0	
2024-06-10 16:34:59	1044	2531	5	0	0	7.75	32	0	0	0	32	0	0	1.25	32	0	0	0	32	0	0	5.628		99.9213	46.1359	0.0382795	0	0.383097	0.256573	15.6459	1		0	12.0705	36.9983	0	0	0	
2024-06-10 16:28:20	998	2532	9	0	0	5	21	0	0	0	21	0	0	5.5	21	0	0	0	21	0	0	0.433		99.9233	46.2846	0.894091	0	8.94778	0.0484618	28.1103	2		0	12.0705	37.5181	0	0	0	
2024-06-10 16:29:02	1002	2533	5	0	0	5	21	0	0	0	21	0	0	4.25	21	0	0	0	21	0	0	0.649		99.9195	46.2378	0.420009	0	4.20348	0.0437314	19.8084	2		0	12.0705	37.3882	0	0	0	
2024-06-10 16:25:48	978	2534	1	0	0	3	13	0	0	0	13	0	0	1	13	0	0	0	13	0	0	1.732		99.9272	46.0437	0.118041	0	1.18127	0.598336	14.8442	1		0	12.0705	38.1678	0	0	0	
2024-06-10 16:22:57	958	2535	1	0	0	1	5	0	0	0	5	0	0	2	5	0	0	0	5	0	0	0.866		99.9377	45.689	0.263617	0	2.63781	0.77427	16.5739	1		0	12.0705	39.4673	0	0	0	
2024-06-10 16:36:12	1052	2536	9	0	0	1.75	8	0	0	0	8	0	0	6	8	0	0	0	8	0	0	3.68		99.9175	45.8572	0.0601012	0	0.601508	0.719831	16.0624	1		0	12.0705	36.9983	0	0	0	
2024-06-10 16:27:22	990	2537	1	0	0	4	17	0	0	0	17	0	0	2.25	17	0	0	0	17	0	0	1.515		99.9267	45.3457	0.131849	0	1.31946	0.151129	14.5082	1		0	12.0705	37.6481	0	0	0	
2024-06-10 16:34:37	1041	2538	5	0	0	7.75	32	0	0	0	32	0	0	6	32	0	0	0	32	0	0	1.515		99.9251	46.1295	0.156905	0	1.57023	0.395974	17.2656	1		0	12.0705	36.9983	0	0	0	
2024-06-10 16:34:15	1038	2539	9	0	0	7.75	32	0	0	0	32	0	0	4.75	32	0	0	0	32	0	0	2.598		99.9254	46.1161	0.0852361	0	0.852998	0.032609	16.0786	1		0	12.0705	36.7384	0	0	0	
2024-06-10 16:31:21	1017	2540	1	0	0	6	25	0	0	0	25	0	0	2	25	0	0	0	25	0	0	3.464		99.9212	45.7379	0.0626104	0	0.626598	0.16559	15.7481	2		0	12.0705	37.1283	0	0	0	
2024-06-10 16:27:22	990	2541	9	0	0	4	17	0	0	0	17	0	0	5.5	17	0	0	0	17	0	0	1.299		99.9267	45.3457	0.195519	0	1.95662	0.624989	18.4407	1		0	12.0705	37.6481	0	0	0	
2024-06-10 16:27:14	989	2542	9	0	0	4	17	0	0	0	17	0	0	4.25	17	0	0	0	17	0	0	0.216		99.9284	45.3465	0.857805	0	8.5842	0.58193	13.484	1		0	12.0705	37.778	0	0	0	
2024-06-10 16:20:13	939	2543	1	0	0	0	1	0	0	0	1	0	0	1.75	1	0	0	0	1	0	0	1.515		99.9419	46.879	0.130198	0	1.30274	0.102642	14.3244	2		0	12.0705	41.8063	0	0	0	
2024-06-10 16:42:33	1092	2544	1	0	0	3.75	16	0	0	4	16	0	0	3.5	16	0	0	4.25	16	0	0	0.13		99.928	19.3859	0.734922	0	7.35451	0.65234	11.5524	1		0	12.0705	36.9983	0	0	0	
2024-06-10 16:25:38	977	2545	1	0	0	3	13	0	0	0	13	0	0	2.75	13	0	0	0	13	0	0	0.216		99.9303	46.0045	0.983974	0	9.84661	0.131618	15.467	2		0	12.0705	38.1678	0	0	0	
2024-06-10 16:23:25	962	2546	5	0	0	2	9	0	0	0	9	0	0	6	9	0	0	0	9	0	0	3.464		99.9324	45.5899	0.0672372	0	0.672827	0.0502781	16.91	2		0	12.0705	39.2074	0	0	0	
2024-06-10 16:24:30	969	2547	9	0	0	2	9	0	0	0	9	0	0	4.75	9	0	0	0	9	0	0	2.381		99.9386	45.3998	0.0912566	0	0.913127	0.136722	15.7777	2		0	12.0793	38.6876	0	0	0	
2024-06-10 16:32:48	1027	2548	5	0	0	7	29	0	0	0	29	0	0	5	29	0	0	0	29	0	0	1.732		99.9214	45.6453	0.137888	0	1.37996	0.453559	17.3411	1		0	12.0705	36.9983	0	0	0	
2024-06-10 16:32:09	1023	2549	1	0	0	7	29	0	0	0	29	0	0	3.75	29	0	0	0	29	0	0	2.814		99.9274	45.5509	0.0695587	0	0.696092	0.0606712	14.2144	2		0	12.0705	36.9983	0	0	0	
2024-06-10 16:22:20	953	2550	1	0	0	1	5	0	0	0	5	0	0	3.25	5	0	0	0	5	0	0	1.948		99.9362	45.7059	0.104339	0	1.04405	0.463797	14.76	1		0	12.0705	39.8571	0	0	0	
2024-06-10 16:35:44	1049	2551	9	0	0	2.75	12	0	0	0	12	0	0	5	12	0	0	0	12	0	0	1.948		99.9223	45.3365	0.106654	0	1.06737	0.344509	15.0895	2		0	12.0705	36.9983	0	0	0	
2024-06-10 16:28:20	998	2552	1	0	0	5	21	0	0	0	21	0	0	1.75	21	0	0	0	21	0	0	2.814		99.9233	46.2846	0.0707872	0	0.708416	0.323864	14.4661	2		0	12.0705	37.5181	0	0	0	
2024-06-10 16:23:25	962	2553	1	0	0	2	9	0	0	0	9	0	0	1.5	9	0	0	0	9	0	0	0.433		99.9324	45.5899	0.54643	0	5.468	0.310915	17.1782	2		0	12.0705	39.2074	0	0	0	
2024-06-10 16:19:57	938	2554	1	0	0	0	1	0	0	0	1	0	0	2.75	1	0	0	0	1	0	0	2.381		99.9404	47.1187	0.115917	0	1.15986	0.784662	20.0409	2		0	12.0793	41.8063	0	0	0	
2024-06-10 16:35:34	1048	2555	9	0	0	3.25	14	0	0	0	14	0	0	4.5	14	0	0	0	14	0	0	1.082		99.9232	45.7613	0.200061	0	2.00215	0.380389	15.7248	2		0	12.0705	36.9983	0	0	0	
2024-06-10 16:25:38	977	2556	9	0	0	3	13	0	0	0	13	0	0	6.75	13	0	0	0	13	0	0	3.247		99.9303	46.0045	0.0627615	0	0.628053	0.167873	14.7982	2		0	12.0705	38.1678	0	0	0	
2024-06-10 16:22:00	951	2557	5	0	0	1	5	0	0	0	5	0	0	7.25	5	0	0	0	5	0	0	5.412		99.9362	45.717	0.0641636	0	0.642046	0.339392	25.2131	2		0	12.0793	39.9871	0	0	0	
2024-06-10 16:30:43	1013	2558	5	0	0	6	25	0	0	0	25	0	0	7.5	25	0	0	0	25	0	0	1.299		99.9213	45.7048	0.182311	0	1.82454	0.0417366	17.1959	2		0	12.0705	37.1283	0	0	0	
2024-06-10 16:31:21	1017	2559	5	0	0	6	25	0	0	0	25	0	0	6.25	25	0	0	0	25	0	0	0.216		99.9212	45.7379	1.06301	0	10.6385	0.131948	16.7109	2		0	12.0705	37.1283	0	0	0	
2024-06-10 16:33:39	1034	2560	1	0	0	7.75	32	0	0	0	32	0	0	0.5	32	0	0	0	32	0	0	6.278		99.9229	46.0362	0.0368105	0	0.368389	0.0544082	16.7812	2		0	12.0705	36.9983	0	0	0	
2024-06-10 16:29:42	1006	2561	5	0	0	5	21	0	0	0	21	0	0	3.5	21	0	0	0	21	0	0	1.299		99.9248	46.275	0.163872	0	1.63995	0.96778	15.4562	1		0	12.0705	37.2582	0	0	0	
2024-06-10 16:26:06	980	2562	1	0	0	3	13	0	0	0	13	0	0	0.25	13	0	0	0	13	0	0	2.381		99.9269	45.9875	0.08204	0	0.821	0.301152	14.1859	1		0	12.0793	38.0379	0	0	0	
2024-06-10 16:23:10	960	2563	5	0	0	1	5	0	0	0	5	0	0	1.25	5	0	0	0	5	0	0	0.216		99.9352	45.6794	0.967658	0	9.68285	0.88652	15.2098	1		0	12.0705	39.3374	0	0	0	
2024-06-10 16:27:29	991	2564	1	0	0	4	17	0	0	0	17	0	0	1.5	17	0	0	0	17	0	0	2.165		99.9266	45.3917	0.0883862	0	0.884511	0.194685	13.8939	1		0	12.0705	37.6481	0	0	0	
2024-06-10 16:36:19	1053	2565	9	0	0	1.5	7	0	0	0	7	0	0	6.25	7	0	0	0	7	0	0	4.113		99.9179	45.21	0.0558835	0	0.559295	0.00554167	16.6922	2		0	11.973	36.8684	0	0	0	
2024-06-10 16:34:00	1036	2566	9	0	0	7.75	32	0	0	0	32	0	0	5.25	32	0	0	0	32	0	0	2.165		99.9227	46.0725	0.10942	0	1.09504	0.31955	17.2009	1		0	12.0705	36.9983	0	0	0	
2024-06-10 16:34:23	1039	2567	9	0	0	7.75	32	0	0	0	32	0	0	4	32	0	0	0	32	0	0	3.247		99.9231	46.1206	0.0617871	0	0.618347	0.092819	14.5694	1		0	12.0705	36.9983	0	0	0	
2024-06-10 16:31:45	1020	2568	1	0	0	6	25	0	0	0	25	0	0	1.25	25	0	0	0	25	0	0	4.113		99.9204	45.7891	0.0562211	0	0.562659	0.153558	16.7926	1		0	12.0705	37.1283	0	0	0	
2024-06-10 16:28:12	997	2569	5	0	0	4	17	0	0	0	17	0	0	3.5	17	0	0	0	17	0	0	0.433		99.9216	45.3287	0.527962	0	5.28376	0.366661	16.5994	1		0	12.0705	37.5181	0	0	0	
2024-06-10 16:20:30	941	2570	1	0	0	0	1	0	0	0	1	0	0	1	1	0	0	0	1	0	0	0.866		99.9418	46.6475	0.254048	0	2.54196	0.0436948	15.9716	2		0	11.973	41.4165	0	0	0	
2024-06-10 16:23:55	965	2571	5	0	0	2	9	0	0	0	9	0	0	5.25	9	0	0	0	9	0	0	2.814		99.9359	45.5036	0.0814068	0	0.814591	0.0115208	16.6342	1		0	12.0793	38.6876	0	0	0	
2024-06-10 16:24:19	968	2572	5	0	0	2	9	0	0	0	9	0	0	4	9	0	0	0	9	0	0	1.732		99.9356	45.409	0.120943	0	1.21021	0.0271242	15.208	2		0	11.973	38.6876	0	0	0	
2024-06-10 16:41:25	1085	2573	1	0	0	3.5	15	0	0	0	15	0	0	2.25	15	0	0	0	15	0	0	1.082		99.9189	45.4959	0.197163	0	1.97323	0.390565	15.4977	2		0	12.0705	36.9983	0	0	0	
2024-06-10 16:33:32	1033	2574	1	0	0	7	29	0	0	0	29	0	0	3	29	0	0	0	29	0	0	3.464		99.9224	45.6648	0.0571115	0	0.571559	0.286926	14.3648	1		0	12.0705	36.9983	0	0	0	
2024-06-10 16:23:18	961	2575	5	0	0	1	5	0	0	0	5	0	0	2.5	5	0	0	0	5	0	0	1.299		99.9335	45.6666	0.169779	0	1.69892	0.472564	16.012	1		0	12.0705	39.2074	0	0	0	
2024-06-10 16:20:40	942	2576	9	0	0	0	1	0	0	0	1	0	0	6.75	1	0	0	0	1	0	0	5.845		99.9398	46.6535	0.0369471	0	0.369694	0.0167933	15.6793	1		0	12.0705	41.1566	0	0	0	
2024-06-10 16:37:36	1061	2577	1	0	0	2.75	12	0	0	0	12	0	0	3	12	0	0	0	12	0	0	0.216		99.9207	45.4335	1.01439	0	10.152	0.282698	15.9467	2		0	12.0705	36.8684	0	0	0	
2024-06-10 16:29:50	1007	2578	5	0	0	5	21	0	0	0	21	0	0	1	21	0	0	0	21	0	0	3.464		99.9278	46.2957	0.0590241	0	0.590668	0.519453	14.8451	1		0	12.0705	37.2582	0	0	0	
2024-06-10 16:43:57	1101	2579	1	0	0	0.5	3	0	0	7.25	3	0	0	2.75	3	0	0	5	3	0	0	1.168		99.9298	21.3742	0.0915893	0	0.916536	0.165866	12.9572	2		0	12.0705	36.9983	0	0	0	
2024-06-10 16:38:37	1067	2580	9	0	0	6.75	28	0	0	0	28	0	0	7	28	0	0	0	28	0	0	0.216		99.9197	45.8678	1.00506	0	10.0587	0.191892	15.8001	2		0	12.0705	36.9983	0	0	0	
2024-06-10 16:24:48	971	2581	1	0	0	2	9	0	0	0	9	0	0	0.75	9	0	0	0	9	0	0	1.082		99.9284	45.4729	0.204972	0	2.05119	0.707379	16.11	1		0	12.0705	38.5577	0	0	0	
2024-06-10 16:25:20	975	2582	9	0	0	3	13	0	0	0	13	0	0	6	13	0	0	0	13	0	0	2.598		99.9309	45.9866	0.0826251	0	0.826823	0.0562781	15.5852	2		0	12.0705	38.2978	0	0	0	
2024-06-10 16:25:09	974	2583	9	0	0	3	13	0	0	0	13	0	0	4.75	13	0	0	0	13	0	0	1.515		99.9308	45.999	0.143762	0	1.43862	0.0935283	15.8185	2		0	12.0793	38.0379	0	0	0	
2024-06-10 16:22:20	953	2584	5	0	0	1	5	0	0	0	5	0	0	7.75	5	0	0	0	5	0	0	5.845		99.9362	45.7059	0.0373833	0	0.374071	0.450956	15.8649	1		0	12.0705	39.8571	0	0	0	
2024-06-10 16:21:50	950	2585	9	0	0	1	5	0	0	0	5	0	0	6.5	5	0	0	0	5	0	0	4.762		99.9417	45.7694	0.0506682	0	0.506977	0.0212186	17.5199	2		0	12.0705	40.117	0	0	0	
2024-06-10 16:30:43	1013	2586	9	0	0	6	25	0	0	0	25	0	0	5.5	25	0	0	0	25	0	0	0.433		99.9213	45.7048	0.819067	0	8.19713	0.138671	25.752	2		0	12.0705	37.1283	0	0	0	
2024-06-10 16:30:11	1010	2587	5	0	0	6	25	0	0	0	25	0	0	4.25	25	0	0	0	25	0	0	1.515		99.9239	45.7211	0.145023	0	1.45133	0.334638	15.9583	2		0	12.0705	37.2582	0	0	0	
2024-06-10 16:28:30	999	2588	1	0	0	5	21	0	0	0	21	0	0	2.75	21	0	0	0	21	0	0	1.948		99.9242	46.2639	0.101309	0	1.01386	0.0529814	14.3331	2		0	12.0616	37.5181	0	0	0	
2024-06-10 16:23:10	960	2589	1	0	0	1	5	0	0	0	5	0	0	0.5	5	0	0	0	5	0	0	0.433		99.9352	45.6794	0.594581	0	5.94966	0.971886	18.6914	1		0	12.0705	39.3374	0	0	0	
2024-06-10 16:27:36	992	2590	1	0	0	4	17	0	0	0	17	0	0	0.75	17	0	0	0	17	0	0	2.814		99.9265	45.3735	0.0711893	0	0.712417	0.162708	14.5478	1		0	12.0705	37.6481	0	0	0	
2024-06-10 16:34:23	1039	2591	1	0	0	7.75	32	0	0	0	32	0	0	3.25	32	0	0	0	32	0	0	3.897		99.9231	46.1206	0.0517261	0	0.517659	0.191071	14.6365	1		0	12.0705	36.9983	0	0	0	
2024-06-10 16:43:08	1096	2592	1	0	0	2.75	12	0	0	5	12	0	0	0.5	12	0	0	7.25	12	0	0	1.168		99.927	21.0614	0.0969363	0	0.970071	0.445594	13.7141	2		0	12.0705	36.9983	0	0	0	
2024-06-10 16:36:29	1054	2593	9	0	0	1.25	6	0	0	0	6	0	0	6.5	6	0	0	0	6	0	0	4.546		99.9162	45.7902	0.0495818	0	0.496234	0.665551	16.3691	1		0	12.0705	36.7384	0	0	0	
2024-06-10 16:31:52	1021	2594	5	0	0	6	25	0	0	0	25	0	0	0.5	25	0	0	0	25	0	0	4.762		99.9244	45.788	0.0591503	0	0.591951	0.137438	20.4564	1		0	11.973	36.9983	0	0	0	
2024-06-10 16:28:12	997	2595	1	0	0	4	17	0	0	0	17	0	0	2.75	17	0	0	0	17	0	0	1.082		99.9216	45.3287	0.200578	0	2.00736	0.197463	15.7657	1		0	12.0705	37.5181	0	0	0	
2024-06-10 16:21:33	948	2596	1	0	0	0	1	0	0	0	1	0	0	0.25	1	0	0	0	1	0	0	0.216		99.9404	46.1804	0.941066	0	9.41627	0.0571236	14.791	2		0	12.0705	40.3769	0	0	0	
2024-06-10 16:24:40	970	2597	1	0	0	2	9	0	0	0	9	0	0	3.25	9	0	0	0	9	0	0	1.082		99.9352	45.4416	0.209204	0	2.09339	0.573913	16.4415	1		0	12.0705	38.5577	0	0	0	
2024-06-10 16:32:48	1027	2598	1	0	0	7	29	0	0	0	29	0	0	1.75	29	0	0	0	29	0	0	4.546		99.9214	45.6453	0.046471	0	0.465076	0.245635	15.3413	1		0	12.0705	36.9983	0	0	0	
2024-06-10 16:20:30	941	2599	9	0	0	0	1	0	0	0	1	0	0	6	1	0	0	0	1	0	0	5.195		99.9418	46.6475	0.0501382	0	0.501675	0.0723663	18.9127	2		0	11.973	41.4165	0	0	0	
2024-06-10 16:21:06	945	2600	9	0	0	0	1	0	0	0	1	0	0	4.75	1	0	0	0	1	0	0	4.113		99.9407	46.4177	0.053648	0	0.536798	0.0256775	16.0208	2		0	12.0793	40.7668	0	0	0	
2024-06-10 16:40:29	1079	2601	1	0	0	7.25	30	0	0	0	30	0	0	0.5	30	0	0	0	30	0	0	5.845		99.9181	46.1392	0.0466608	0	0.466991	0.217006	19.8058	2		0	11.973	36.6085	0	0	0	
2024-06-10 16:29:50	1007	2602	1	0	0	5	21	0	0	0	21	0	0	0.25	21	0	0	0	21	0	0	4.113		99.9278	46.2957	0.0464869	0	0.465205	0.382175	13.8841	1		0	12.0705	37.2582	0	0	0	
2024-06-10 16:28:51	1001	2603	5	0	0	5	21	0	0	0	21	0	0	6.75	21	0	0	0	21	0	0	1.515		99.9214	46.2217	0.164173	0	1.64302	0.0247316	18.066	2		0	12.0705	37.3882	0	0	0	
2024-06-10 16:26:34	984	2604	5	0	0	3	13	0	0	0	13	0	0	2.25	13	0	0	0	13	0	0	0.649		99.9246	46.0014	0.389265	0	3.89558	0.91657	18.3575	1		0	12.0705	37.908	0	0	0	
2024-06-10 16:24:19	968	2605	1	0	0	2	9	0	0	0	9	0	0	0	9	0	0	0	9	0	0	1.732		99.9356	45.409	0.13937	0	1.39459	0.0791362	17.525	2		0	11.973	38.6876	0	0	0	
2024-06-10 16:38:48	1068	2606	9	0	0	6.5	27	0	0	0	27	0	0	7.25	27	0	0	0	27	0	0	0.649		99.9186	46.0764	0.409012	0	4.09346	0.296284	19.29	2		0	12.0705	36.9983	0	0	0	
2024-06-10 16:33:50	1035	2607	5	0	0	7.75	32	0	0	0	32	0	0	7.25	32	0	0	0	32	0	0	0.433		99.9206	46.0163	0.572579	0	5.73034	0.106047	18.0024	2		0	12.0705	36.7384	0	0	0	
2024-06-10 16:40:40	1080	2608	1	0	0	7.5	31	0	0	0	31	0	0	0.25	31	0	0	0	31	0	0	6.278		99.918	46.44	0.0401009	0	0.401338	0.619613	18.2822	1		0	12.0705	36.9983	0	0	0	
2024-06-10 16:37:05	1058	2609	1	0	0	0.75	4	0	0	0	4	0	0	1	4	0	0	0	4	0	0	0.216		99.9198	46.3165	1.05811	0	10.5896	0.269789	16.6341	2		0	12.0705	36.9983	0	0	0	
2024-06-10 16:39:45	1074	2610	1	0	0	5.5	23	0	0	0	23	0	0	2.25	23	0	0	0	23	0	0	2.814		99.921	46.3465	0.114186	0	1.14276	0.33429	23.3356	2		0	12.0705	36.8684	0	0	0	
2024-06-10 16:27:03	988	2611	5	0	0	4	17	0	0	0	17	0	0	6.75	17	0	0	0	17	0	0	2.381		99.9259	45.3172	0.0805445	0	0.806043	0.135415	13.9274	2		0	12.0705	37.778	0	0	0	
2024-06-10 16:25:30	976	2612	9	0	0	3	13	0	0	0	13	0	0	5.25	13	0	0	0	13	0	0	1.948		99.9316	46.0714	0.111226	0	1.11302	0.521159	15.735	1		0	12.0705	38.1678	0	0	0	
2024-06-10 16:26:06	980	2613	9	0	0	3	13	0	0	0	13	0	0	4	13	0	0	0	13	0	0	0.866		99.9269	45.9875	0.265449	0	2.65644	0.497689	16.6909	1		0	12.0793	38.0379	0	0	0	
2024-06-10 16:24:03	966	2614	9	0	0	2	9	0	0	0	9	0	0	7.25	9	0	0	0	9	0	0	4.546		99.9339	45.4711	0.0559702	0	0.560072	0.208537	18.4749	2		0	12.0705	38.8176	0	0	0	
2024-06-10 16:33:03	1029	2615	5	0	0	7	29	0	0	0	29	0	0	7.5	29	0	0	0	29	0	0	0.433		99.92	45.6957	0.578689	0	5.79152	0.931938	18.1946	1		0	12.0705	36.9983	0	0	0	
2024-06-10 16:32:21	1024	2616	9	0	0	7	29	0	0	0	29	0	0	6.25	29	0	0	0	29	0	0	0.649		99.9228	45.5765	0.408517	0	4.08833	0.0748641	19.2658	2		0	12.0705	36.9983	0	0	0	
2024-06-10 16:22:49	957	2617	9	0	0	1	5	0	0	0	5	0	0	5.75	5	0	0	0	5	0	0	4.113		99.9351	45.6878	0.0527373	0	0.527715	0.160024	15.7497	1		0	12.0705	39.5972	0	0	0	
2024-06-10 16:22:10	952	2618	9	0	0	1	5	0	0	0	5	0	0	4.5	5	0	0	0	5	0	0	3.031		99.9387	45.7045	0.0699242	0	0.69967	0.0421	15.3866	2		0	12.0705	39.8571	0	0	0	
2024-06-10 16:31:52	1021	2619	1	0	0	6	25	0	0	0	25	0	0	3.5	25	0	0	0	25	0	0	2.165		99.9244	45.788	0.0892614	0	0.893289	0.501982	14.0318	1		0	11.973	36.9983	0	0	0	
2024-06-10 16:27:51	994	2620	1	0	0	4	17	0	0	0	17	0	0	0	17	0	0	0	17	0	0	3.464		99.9205	45.3333	0.060948	0	0.609965	0.92834	15.3301	1		0	12.0705	37.5181	0	0	0	
2024-06-10 16:34:30	1040	2621	1	0	0	7.75	32	0	0	0	32	0	0	2.5	32	0	0	0	32	0	0	4.546		99.919	46.1311	0.0475026	0	0.475411	0.150533	15.6822	1		0	12.0705	36.9983	0	0	0	
2024-06-10 16:24:55	972	2622	1	0	0	2	9	0	0	0	9	0	0	2.5	9	0	0	0	9	0	0	0.433		99.9296	45.451	0.576278	0	5.76685	0.715025	18.1171	1		0	11.973	38.4277	0	0	0	
2024-06-10 16:33:11	1030	2623	5	0	0	7	29	0	0	0	29	0	0	1	29	0	0	0	29	0	0	5.195		99.9196	45.6871	0.0413203	0	0.413536	0.395555	15.5899	1		0	12.0705	36.9983	0	0	0	
2024-06-10 16:20:30	941	2624	5	0	0	0	1	0	0	0	1	0	0	5.25	1	0	0	0	1	0	0	4.546		99.9418	46.6475	0.0501046	0	0.501338	0.157595	16.5375	2		0	11.973	41.4165	0	0	0	
2024-06-10 16:19:57	938	2625	9	0	0	0	1	0	0	0	1	0	0	4	1	0	0	0	1	0	0	3.464		99.9404	47.1187	0.0678586	0	0.678991	0.216932	17.0649	2		0	12.0793	41.8063	0	0	0	
2024-06-10 16:34:44	1042	2626	1	0	0	7.75	32	0	0	0	32	0	0	1.75	32	0	0	0	32	0	0	5.195		99.9189	46.1384	0.0409868	0	0.4102	0.261334	15.4642	1		0	12.0705	36.8684	0	0	0	
2024-06-10 16:28:30	999	2627	5	0	0	5	21	0	0	0	21	0	0	6	21	0	0	0	21	0	0	0.866		99.9242	46.2639	0.384784	0	3.85076	0.0713588	24.195	2		0	12.0616	37.5181	0	0	0	
2024-06-10 16:28:41	1000	2628	5	0	0	5	21	0	0	0	21	0	0	4.75	21	0	0	0	21	0	0	0.216		99.9231	46.231	1.1623	0	11.6319	0.101806	18.2713	2		0	12.0705	37.5181	0	0	0	
2024-06-10 16:26:27	983	2629	5	0	0	3	13	0	0	0	13	0	0	1.5	13	0	0	0	13	0	0	1.299		99.9252	45.9949	0.162934	0	1.63056	0.642816	15.3676	1		0	12.0705	37.908	0	0	0	
2024-06-10 16:33:39	1034	2630	5	0	0	7.75	32	0	0	0	32	0	0	6.5	32	0	0	0	32	0	0	1.082		99.9229	46.0362	0.220373	0	2.20543	0.412285	17.3214	2		0	12.0705	36.9983	0	0	0	
2024-06-10 16:36:05	1051	2631	9	0	0	2.25	10	0	0	0	10	0	0	5.5	10	0	0	0	10	0	0	2.814		99.9185	45.956	0.0890099	0	0.890825	0.854559	18.191	1		0	12.0705	36.9983	0	0	0	
2024-06-10 16:42:58	1095	2632	1	0	0	3	13	0	0	4.75	13	0	0	1.25	13	0	0	6.5	13	0	0	0.908		99.9255	21.1874	0.0600931	0	0.601379	0.145631	6.61251	2		0	12.0705	36.9983	0	0	0	
2024-06-10 16:26:48	986	2633	5	0	0	4	17	0	0	0	17	0	0	6	17	0	0	0	17	0	0	1.732		99.9231	45.3662	0.122239	0	1.22333	0.556953	15.3728	1		0	11.973	37.908	0	0	0	
2024-06-10 16:26:56	987	2634	9	0	0	4	17	0	0	0	17	0	0	4.75	17	0	0	0	17	0	0	0.649		99.9278	45.3676	0.380829	0	3.81105	0.724603	17.9591	1		0	12.0705	37.778	0	0	0	
2024-06-10 16:20:23	940	2635	1	0	0	0	1	0	0	0	1	0	0	2.25	1	0	0	0	1	0	0	1.948		99.9412	46.7945	0.117871	0	1.17941	0.984932	16.6735	1		0	12.0705	41.5464	0	0	0	
2024-06-10 16:42:47	1094	2636	1	0	0	3.25	14	0	0	4.5	14	0	0	2	14	0	0	5.75	14	0	0	0.649		99.926	20.9241	0.236336	0	2.36511	0.0954084	18.5756	2		0	12.0705	36.9983	0	0	0	
2024-06-10 16:26:34	984	2637	1	0	0	3	13	0	0	0	13	0	0	3.25	13	0	0	0	13	0	0	0.216		99.9246	46.0014	0.992112	0	9.92861	0.900784	15.5958	1		0	12.0705	37.908	0	0	0	
2024-06-10 16:24:03	966	2638	5	0	0	2	9	0	0	0	9	0	0	7.75	9	0	0	0	9	0	0	4.979		99.9339	45.4711	0.0422984	0	0.423263	0.142998	15.2918	2		0	12.0705	38.8176	0	0	0	
2024-06-10 16:23:45	964	2639	5	0	0	2	9	0	0	0	9	0	0	6.5	9	0	0	0	9	0	0	3.897		99.9321	45.4752	0.0537794	0	0.53816	0.0782168	15.2161	2		0	12.0705	38.9475	0	0	0	
2024-06-10 16:32:41	1026	2640	5	0	0	7	29	0	0	0	29	0	0	5.5	29	0	0	0	29	0	0	1.299		99.9214	45.6747	0.203654	0	2.03814	0.64922	19.209	1		0	12.0705	36.7384	0	0	0	
2024-06-10 16:32:09	1023	2641	9	0	0	7	29	0	0	0	29	0	0	4.25	29	0	0	0	29	0	0	2.381		99.9274	45.5509	0.0846563	0	0.847177	0.0345673	14.6382	2		0	12.0705	36.9983	0	0	0	
2024-06-10 16:22:42	956	2642	5	0	0	1	5	0	0	0	5	0	0	5	5	0	0	0	5	0	0	3.464		99.9423	45.7164	0.0674103	0	0.674492	0.394219	16.9518	1		0	12.0705	39.5972	0	0	0	
2024-06-10 16:22:49	957	2643	1	0	0	1	5	0	0	0	5	0	0	3.75	5	0	0	0	5	0	0	2.381		99.9351	45.6878	0.089294	0	0.89352	0.334973	15.4389	1		0	12.0705	39.5972	0	0	0	
2024-06-10 16:31:14	1016	2644	1	0	0	6	25	0	0	0	25	0	0	2.75	25	0	0	0	25	0	0	2.814		99.9206	45.7584	0.0711399	0	0.711964	0.506174	14.5386	1		0	12.0705	37.1283	0	0	0	
2024-06-10 16:28:51	1001	2645	1	0	0	5	21	0	0	0	21	0	0	2.25	21	0	0	0	21	0	0	2.381		99.9214	46.2217	0.0809229	0	0.809866	0.2081	13.9935	2		0	12.0705	37.3882	0	0	0	
2024-06-10 16:33:25	1032	2646	5	0	0	7	29	0	0	0	29	0	0	0.25	29	0	0	0	29	0	0	5.845		99.9226	45.6649	0.0350367	0	0.350639	0.258978	14.8711	1		0	12.0705	36.7384	0	0	0	
2024-06-10 16:21:25	947	2647	1	0	0	0	1	0	0	0	1	0	0	3.25	1	0	0	0	1	0	0	2.814		99.9409	46.3752	0.0727084	0	0.727514	0.180654	14.8561	1		0	12.0705	40.5069	0	0	0	
2024-06-10 16:25:38	977	2648	5	0	0	3	13	0	0	0	13	0	0	7.25	13	0	0	0	13	0	0	3.68		99.9303	46.0045	0.0707713	0	0.708207	0.00157646	18.9116	2		0	12.0705	38.1678	0	0	0	
2024-06-10 16:30:22	1011	2649	5	0	0	6	25	0	0	0	25	0	0	6.75	25	0	0	0	25	0	0	0.649		99.9273	45.7317	0.425916	0	4.26226	0.0919461	20.0854	2		0.0088623	12.0705	37.2582	0	0	0	
2024-06-10 16:35:13	1046	2650	9	0	0	3.75	16	0	0	0	16	0	0	4	16	0	0	0	16	0	0	0.216		99.9224	45.7297	0.860287	0	8.60956	0.161444	13.5239	2		0	12.0705	36.9983	0	0	0	
2024-06-10 16:33:50	1035	2651	1	0	0	7.75	32	0	0	0	32	0	0	1	32	0	0	0	32	0	0	5.845		99.9206	46.0163	0.0368406	0	0.368699	0.13403	15.6371	2		0	12.0705	36.7384	0	0	0	
2024-06-10 16:28:20	998	2652	5	0	0	5	21	0	0	0	21	0	0	5.25	21	0	0	0	21	0	0	0.216		99.9233	46.2846	1.3207	0	13.2171	0.196513	20.7614	2		0	12.0705	37.5181	0	0	0	
2024-06-10 16:29:22	1004	2653	5	0	0	5	21	0	0	0	21	0	0	4	21	0	0	0	21	0	0	0.866		99.922	46.2141	0.277761	0	2.77978	0.0294516	17.4659	2		0	12.0705	37.3882	0	0	0	
2024-06-10 16:26:41	985	2654	1	0	0	3	13	0	0	0	13	0	0	0.75	13	0	0	0	13	0	0	1.948		99.9257	45.9916	0.104373	0	1.04451	0.226838	14.7664	1		0	12.0705	37.908	0	0	0	
2024-06-10 16:22:10	952	2655	1	0	0	1	5	0	0	0	5	0	0	1.75	5	0	0	0	5	0	0	0.649		99.9387	45.7045	0.374765	0	3.74994	0.107032	17.6712	2		0	12.0705	39.8571	0	0	0	
2024-06-10 16:27:14	989	2656	1	0	0	4	17	0	0	0	17	0	0	2	17	0	0	0	17	0	0	1.732		99.9284	45.3465	0.115517	0	1.156	0.349156	14.5267	1		0	12.0705	37.778	0	0	0	
2024-06-10 16:34:23	1039	2657	5	0	0	7.75	32	0	0	0	32	0	0	5.75	32	0	0	0	32	0	0	1.732		99.9231	46.1206	0.138134	0	1.3824	0.267916	17.3718	1		0	12.0705	36.9983	0	0	0	
2024-06-10 16:34:30	1040	2658	9	0	0	7.75	32	0	0	0	32	0	0	4.5	32	0	0	0	32	0	0	2.814		99.919	46.1311	0.074908	0	0.749687	0.122025	15.3089	1		0	12.0705	36.9983	0	0	0	
2024-06-10 16:37:57	1063	2659	1	0	0	2.25	10	0	0	0	10	0	0	3.5	10	0	0	0	10	0	0	1.082		99.9192	46.021	0.206524	0	2.06691	0.211597	16.2335	2		0	12.0705	36.8684	0	0	0	
2024-06-10 16:36:59	1057	2660	9	0	0	0.25	2	0	0	0	2	0	0	7.5	2	0	0	0	2	0	0	6.278		99.9189	46.0192	0.0347935	0	0.348217	0.0343798	15.8624	1		0	12.0705	36.9983	0	0	0	
2024-06-10 16:30:11	1010	2661	1	0	0	6	25	0	0	0	25	0	0	1.75	25	0	0	0	25	0	0	3.68		99.9239	45.7211	0.0603857	0	0.604317	0.826782	16.1374	2		0	12.0705	37.2582	0	0	0	
2024-06-10 16:27:36	992	2662	5	0	0	4	17	0	0	0	17	0	0	5.25	17	0	0	0	17	0	0	1.082		99.9265	45.3735	0.231897	0	2.32067	0.236403	18.2265	1		0	12.0705	37.6481	0	0	0	
2024-06-10 16:20:40	942	2663	1	0	0	0	1	0	0	0	1	0	0	1.5	1	0	0	0	1	0	0	1.299		99.9398	46.6535	0.154748	0	1.54842	0.936657	14.5935	1		0	12.0705	41.1566	0	0	0	
2024-06-10 16:25:09	974	2664	1	0	0	3	13	0	0	0	13	0	0	2.5	13	0	0	0	13	0	0	0.433		99.9308	45.999	0.584794	0	5.85199	0.195879	18.3846	2		0	12.0793	38.0379	0	0	0	
2024-06-10 16:23:45	964	2665	9	0	0	2	9	0	0	0	9	0	0	5.75	9	0	0	0	9	0	0	3.247		99.9321	45.4752	0.0672331	0	0.672787	0.0788552	15.8522	2		0	12.0705	38.9475	0	0	0	
2024-06-10 16:24:19	968	2666	9	0	0	2	9	0	0	0	9	0	0	4.5	9	0	0	0	9	0	0	2.165		99.9356	45.409	0.100005	0	1.00069	0.129129	15.7188	2		0	11.973	38.6876	0	0	0	
2024-06-10 16:31:59	1022	2667	1	0	0	7	29	0	0	0	29	0	0	3.5	29	0	0	0	29	0	0	3.031		99.9239	45.5673	0.0636162	0	0.636646	0.213193	14.0006	2		0	12.0705	36.9983	0	0	0	
2024-06-10 16:23:03	959	2668	1	0	0	1	5	0	0	0	5	0	0	3	5	0	0	0	5	0	0	1.732		99.9379	45.6529	0.121197	0	1.21272	0.600894	15.2395	1		0	11.973	39.3374	0	0	0	
2024-06-10 16:20:23	940	2669	9	0	0	0	1	0	0	0	1	0	0	7.25	1	0	0	0	1	0	0	6.278		99.9412	46.7945	0.0371316	0	0.371534	0.83049	16.9245	1		0	12.0705	41.5464	0	0	0	
2024-06-10 16:28:41	1000	2670	1	0	0	5	21	0	0	0	21	0	0	1.5	21	0	0	0	21	0	0	3.031		99.9231	46.231	0.062405	0	0.62453	0.193602	13.7341	2		0	12.0705	37.5181	0	0	0	
2024-06-10 16:23:55	965	2671	1	0	0	2	9	0	0	0	9	0	0	1.25	9	0	0	0	9	0	0	0.649		99.9359	45.5036	0.363485	0	3.63718	0.926538	17.1398	1		0	12.0793	38.6876	0	0	0	
2024-06-10 16:40:57	1082	2672	1	0	0	1.5	7	0	0	0	7	0	0	0.25	7	0	0	0	7	0	0	1.082		99.9221	45.4508	0.190378	0	1.90527	0.360501	14.9639	2		0	12.0705	36.9983	0	0	0	
2024-06-10 16:21:43	949	2673	1	0	0	0	1	0	0	0	1	0	0	2.5	1	0	0	0	1	0	0	2.165		99.9418	46.2094	0.0939836	0	0.940383	0.710863	14.7715	1		0	12.0705	40.247	0	0	0	
2024-06-10 16:40:05	1076	2674	1	0	0	6.25	26	0	0	0	26	0	0	1.5	26	0	0	0	26	0	0	4.113		99.9209	46.3234	0.0552728	0	0.553165	0.213826	16.5093	2		0	12.0705	36.8684	0	0	0	
2024-06-10 16:42:14	1090	2675	9	0	0	7.25	30	0	0	0	30	0	0	6.5	30	0	0	0	30	0	0	0.649		99.9242	46.2292	0.40939	0	4.09701	0.190842	19.3067	2		0	12.0705	36.9983	0	0	0	
2024-06-10 16:26:13	981	2676	9	0	0	3	13	0	0	0	13	0	0	7.75	13	0	0	0	13	0	0	4.113		99.9249	45.9818	0.0492741	0	0.493111	0.304307	14.717	1		0	12.0705	38.0379	0	0	0	
2024-06-10 16:25:20	975	2677	5	0	0	3	13	0	0	0	13	0	0	6.5	13	0	0	0	13	0	0	3.031		99.9309	45.9866	0.0687637	0	0.688113	0.036714	15.1324	2		0	12.0705	38.2978	0	0	0	
2024-06-10 16:22:35	955	2678	5	0	0	1	5	0	0	0	5	0	0	7	5	0	0	0	5	0	0	5.195		99.9376	45.7423	0.041855	0	0.418811	0.510661	15.7888	1		0	12.0705	39.5972	0	0	0	
2024-06-10 16:30:11	1010	2679	9	0	0	6	25	0	0	0	25	0	0	4.75	25	0	0	0	25	0	0	1.082		99.9239	45.7211	0.264269	0	2.6447	0.415712	20.7714	2		0	12.0705	37.2582	0	0	0	
2024-06-10 16:34:00	1036	2680	1	0	0	7.75	32	0	0	0	32	0	0	0.25	32	0	0	0	32	0	0	6.494		99.9227	46.0725	0.032623	0	0.326483	0.586207	15.3851	1		0	12.0705	36.9983	0	0	0	
2024-06-10 16:29:57	1008	2681	1	0	0	5	21	0	0	0	21	0	0	3.25	21	0	0	0	21	0	0	1.515		99.9266	46.3048	0.133698	0	1.33796	0.886832	14.7117	1		0	12.0705	37.2582	0	0	0	
2024-06-10 16:26:27	983	2682	1	0	0	3	13	0	0	0	13	0	0	0	13	0	0	0	13	0	0	2.598		99.9252	45.9949	0.0796625	0	0.797221	0.274043	15.0273	1		0	12.0705	37.908	0	0	0	
2024-06-10 16:35:23	1047	2683	9	0	0	3.5	15	0	0	0	15	0	0	4.25	15	0	0	0	15	0	0	0.649		99.9222	45.0922	0.340206	0	3.40471	0.358394	16.0443	2		0	12.0705	36.9983	0	0	0	
2024-06-10 16:26:48	986	2684	1	0	0	4	17	0	0	0	17	0	0	1.25	17	0	0	0	17	0	0	2.381		99.9231	45.3662	0.0818509	0	0.81914	0.61489	14.1537	1		0	11.973	37.908	0	0	0	
2024-06-10 16:34:30	1040	2685	5	0	0	7.75	32	0	0	0	32	0	0	5	32	0	0	0	32	0	0	2.381		99.919	46.1311	0.0959517	0	0.960295	0.185399	16.5927	1		0	12.0705	36.9983	0	0	0	
2024-06-10 16:34:08	1037	2686	1	0	0	7.75	32	0	0	0	32	0	0	3.75	32	0	0	0	32	0	0	3.464		99.9234	46.1059	0.0582646	0	0.583092	0.35317	14.6547	1		0	12.0705	36.9983	0	0	0	
2024-06-10 16:43:47	1100	2687	1	0	0	1.25	6	0	0	6.5	6	0	0	3	6	0	0	4.75	6	0	0	0.908		99.926	21.2793	0.117553	0	1.1764	0.304967	12.9352	2		0	12.0705	36.9983	0	0	0	
2024-06-10 16:30:33	1012	2688	1	0	0	6	25	0	0	0	25	0	0	1	25	0	0	0	25	0	0	4.33		99.9233	45.7198	0.0520812	0	0.521212	0.0993931	16.3743	2		0	12.0793	37.2582	0	0	0	
2024-06-10 16:27:58	995	2689	5	0	0	4	17	0	0	0	17	0	0	3.25	17	0	0	0	17	0	0	0.649		99.9233	45.4062	0.354944	0	3.55216	0.210561	16.7392	1		0	12.0705	37.5181	0	0	0	
2024-06-10 16:21:33	948	2690	5	0	0	0	1	0	0	0	1	0	0	0.75	1	0	0	0	1	0	0	0.649		99.9404	46.1804	0.369205	0	3.69425	0.0572836	17.4087	2		0	12.0705	40.3769	0	0	0	
2024-06-10 16:43:18	1097	2691	1	0	0	3.5	15	0	0	4.25	15	0	0	3.75	15	0	0	4	15	0	0	0.13		99.9286	20.1113	0.711393	0	7.11902	0.21664	11.1825	1		0	12.0705	36.9983	0	0	0	
2024-06-10 16:24:13	967	2692	5	0	0	2	9	0	0	0	9	0	0	5	9	0	0	0	9	0	0	2.598		99.9333	45.4677	0.0836143	0	0.836702	0.163456	15.7715	1		0	12.0705	38.6876	0	0	0	
2024-06-10 16:24:40	970	2693	5	0	0	2	9	0	0	0	9	0	0	3.75	9	0	0	0	9	0	0	1.515		99.9352	45.4416	0.155576	0	1.55677	0.944771	17.1175	1		0	12.0705	38.5577	0	0	0	
2024-06-10 16:32:31	1025	2694	1	0	0	7	29	0	0	0	29	0	0	2.75	29	0	0	0	29	0	0	3.68		99.9223	45.5617	0.0548454	0	0.548881	0.157483	14.6571	2		0	12.0705	36.9983	0	0	0	
2024-06-10 16:32:41	1026	2695	1	0	0	7	29	0	0	0	29	0	0	2.25	29	0	0	0	29	0	0	4.113		99.9214	45.6747	0.0487082	0	0.487465	0.429699	14.5485	1		0	12.0705	36.7384	0	0	0	
2024-06-10 16:20:40	942	2696	5	0	0	0	1	0	0	0	1	0	0	7.75	1	0	0	0	1	0	0	6.711		99.9398	46.6535	0.0331556	0	0.331756	0.17709	16.1547	1		0	12.0705	41.1566	0	0	0	
2024-06-10 16:20:48	943	2697	5	0	0	0	1	0	0	0	1	0	0	6.5	1	0	0	0	1	0	0	5.628		99.9415	46.6006	0.0386924	0	0.38715	0.398099	15.8115	1		0	12.0705	41.1566	0	0	0	
2024-06-10 16:29:02	1002	2698	1	0	0	5	21	0	0	0	21	0	0	0.75	21	0	0	0	21	0	0	3.68		99.9195	46.2378	0.0571615	0	0.572075	0.288042	15.2764	2		0	12.0705	37.3882	0	0	0	
2024-06-10 16:29:32	1005	2699	5	0	0	5	21	0	0	0	21	0	0	7.25	21	0	0	0	21	0	0	1.948		99.9234	46.2295	0.141328	0	1.41436	0.123771	19.9951	2		0	11.973	37.2582	0	0	0	
2024-06-10 16:42:03	1089	2700	9	0	0	5.75	24	0	0	0	24	0	0	4	24	0	0	0	24	0	0	1.515		99.9239	46.9925	0.133872	0	1.33974	0.00307926	14.7312	2		0	12.0705	36.9983	0	0	0	
2024-06-10 16:38:16	1065	2701	9	0	0	4.5	19	0	0	0	19	0	0	5.25	19	0	0	0	19	0	0	0.649		99.9187	46.0032	0.484169	0	4.84563	0.3711	22.8345	2		0	11.973	36.8684	0	0	0	
2024-06-10 16:43:25	1098	2702	1	0	0	2.75	12	0	0	5	12	0	0	3.5	12	0	0	4.25	12	0	0	0.389		99.9297	21.1138	0.400703	0	4.00985	1.80999	18.896	4		0	12.0705	36.9983	0	0	0	
2024-06-10 16:24:03	966	2703	1	0	0	2	9	0	0	0	9	0	0	0.5	9	0	0	0	9	0	0	1.299		99.9339	45.4711	0.16244	0	1.62547	0.128023	15.3197	2		0	12.0705	38.8176	0	0	0	
2024-06-10 16:36:43	1056	2704	9	0	0	0.5	3	0	0	0	3	0	0	7.25	3	0	0	0	3	0	0	5.845		99.9217	45.9205	0.0911926	0	0.912641	2.74094	38.7065	4		0	12.0705	36.9983	0	0	0	
2024-06-10 16:27:22	990	2705	5	0	0	4	17	0	0	0	17	0	0	7.25	17	0	0	0	17	0	0	2.814		99.9267	45.3457	0.0742624	0	0.743169	0.179884	15.1758	1		0	12.0705	37.6481	0	0	0	
2024-06-10 16:25:56	979	2706	9	0	0	3	13	0	0	0	13	0	0	5.75	13	0	0	0	13	0	0	2.381		99.9297	45.986	0.0865971	0	0.86658	0.0889295	14.9734	2		0	12.0705	38.0379	0	0	0	
2024-06-10 16:25:30	976	2707	5	0	0	3	13	0	0	0	13	0	0	4.5	13	0	0	0	13	0	0	1.299		99.9316	46.0714	0.166512	0	1.66626	0.637766	15.7041	1		0	12.0705	38.1678	0	0	0	
2024-06-10 16:31:59	1022	2708	5	0	0	7	29	0	0	0	29	0	0	6.75	29	0	0	0	29	0	0	0.216		99.9239	45.5673	0.978905	0	9.7965	0.259233	15.3883	2		0	12.0705	36.9983	0	0	0	
2024-06-10 16:22:10	952	2709	5	0	0	1	5	0	0	0	5	0	0	7.5	5	0	0	0	5	0	0	5.628		99.9387	45.7045	0.0388542	0	0.38878	0.0653348	15.8781	2		0	12.0705	39.8571	0	0	0	
2024-06-10 16:22:49	957	2710	5	0	0	1	5	0	0	0	5	0	0	6.25	5	0	0	0	5	0	0	4.546		99.9351	45.6878	0.0542949	0	0.543301	0.0808549	17.9217	1		0	12.0705	39.5972	0	0	0	
2024-06-10 16:30:22	1011	2711	9	0	0	6	25	0	0	0	25	0	0	5.25	25	0	0	0	25	0	0	0.649		99.9273	45.7317	0.564686	0	5.65097	0.197898	26.6296	2		0.0088623	12.0705	37.2582	0	0	0	
2024-06-10 16:30:33	1012	2712	9	0	0	6	25	0	0	0	25	0	0	4	25	0	0	0	25	0	0	1.732		99.9233	45.7198	0.117069	0	1.17159	0.0552381	14.7226	2		0	12.0793	37.2582	0	0	0	
2024-06-10 16:30:04	1009	2713	5	0	0	5	21	0	0	0	21	0	0	2.5	21	0	0	0	21	0	0	2.165		99.9263	46.3006	0.0991453	0	0.992184	0.046254	15.5852	1		0	12.0705	37.2582	0	0	0	
2024-06-10 16:22:28	954	2714	1	0	0	1	5	0	0	0	5	0	0	0.25	5	0	0	0	5	0	0	0.649		99.9357	45.7463	0.374352	0	3.74593	0.814244	17.6523	1		0	12.0705	39.7272	0	0	0	
2024-06-10 16:27:44	993	2715	1	0	0	4	17	0	0	0	17	0	0	0.5	17	0	0	0	17	0	0	3.031		99.923	45.358	0.0685893	0	0.686421	0.106329	15.0952	1		0	12.0705	37.6481	0	0	0	
2024-06-10 16:34:44	1042	2716	5	0	0	7.75	32	0	0	0	32	0	0	3	32	0	0	0	32	0	0	4.113		99.9189	46.1384	0.0495792	0	0.496195	0.426395	14.809	1		0	12.0705	36.8684	0	0	0	
2024-06-10 16:30:53	1014	2717	1	0	0	6	25	0	0	0	25	0	0	0.25	25	0	0	0	25	0	0	4.979		99.924	45.7061	0.041063	0	0.410942	0.134047	14.8467	2		0	12.0705	36.9983	0	0	0	
2024-06-10 16:39:35	1073	2718	1	0	0	5.25	22	0	0	0	22	0	0	2.5	22	0	0	0	22	0	0	2.381		99.924	46.5512	0.220266	0	2.20434	0.589127	38.0882	2		0	12.0705	36.9983	0	0	0	
2024-06-10 16:28:05	996	2719	1	0	0	4	17	0	0	0	17	0	0	2.5	17	0	0	0	17	0	0	1.299		99.9273	45.3396	0.15978	0	1.59896	0.166578	15.0698	1		0	11.973	37.5181	0	0	0	
2024-06-10 16:24:55	972	2720	5	0	0	2	9	0	0	0	9	0	0	3	9	0	0	0	9	0	0	0.866		99.9296	45.451	0.274926	0	2.7512	0.635469	17.2863	1		0	11.973	38.4277	0	0	0	
2024-06-10 16:33:18	1031	2721	5	0	0	7	29	0	0	0	29	0	0	1.5	29	0	0	0	29	0	0	4.762		99.9225	45.6733	0.0423861	0	0.42419	0.363395	14.659	1		0	12.0705	36.9983	0	0	0	
2024-06-10 16:20:13	939	2722	9	0	0	0	1	0	0	0	1	0	0	5.75	1	0	0	0	1	0	0	4.979		99.9419	46.879	0.0444565	0	0.444824	0.0720518	16.0707	2		0	12.0705	41.8063	0	0	0	
2024-06-10 16:20:55	944	2723	5	0	0	0	1	0	0	0	1	0	0	4.5	1	0	0	0	1	0	0	3.897		99.9355	46.4867	0.0554309	0	0.554667	0.0817027	15.6828	2		0	12.0793	40.8967	0	0	0	
2024-06-10 16:29:22	1004	2724	1	0	0	5	21	0	0	0	21	0	0	0	21	0	0	0	21	0	0	4.33		99.922	46.2141	0.0463299	0	0.46366	0.0582829	14.5663	2		0	12.0705	37.3882	0	0	0	
2024-06-10 16:34:52	1043	2725	5	0	0	7.75	32	0	0	0	32	0	0	2.25	32	0	0	0	32	0	0	4.762		99.9194	46.1583	0.0433648	0	0.433998	0.0423964	14.9979	1		0	12.0705	36.8684	0	0	0	
2024-06-10 16:29:12	1003	2726	5	0	0	5	21	0	0	0	21	0	0	7.75	21	0	0	0	21	0	0	2.381		99.9221	46.2297	0.0942056	0	0.942791	0.000699538	16.2903	2		0	12.0705	37.3882	0	0	0	
2024-06-10 16:29:22	1004	2727	9	0	0	5	21	0	0	0	21	0	0	6.5	21	0	0	0	21	0	0	1.299		99.922	46.2141	0.204933	0	2.05093	0.0309955	19.3295	2		0	12.0705	37.3882	0	0	0	
2024-06-10 16:25:56	979	2728	1	0	0	3	13	0	0	0	13	0	0	2	13	0	0	0	13	0	0	0.866		99.9297	45.986	0.27322	0	2.73412	0.0380104	17.179	2		0	12.0705	38.0379	0	0	0	
2024-06-10 16:39:15	1071	2729	1	0	0	4.5	19	0	0	0	19	0	0	3.25	19	0	0	0	19	0	0	1.082		99.9226	46.1133	0.19339	0	1.9354	0.245377	15.2006	2		0	12.0705	36.7384	0	0	0	
2024-06-10 16:34:08	1037	2730	5	0	0	7.75	32	0	0	0	32	0	0	7	32	0	0	0	32	0	0	0.649		99.9234	46.1059	0.390949	0	3.91248	0.800886	18.4371	1		0	12.0705	36.9983	0	0	0	
2024-06-10 16:41:53	1088	2731	9	0	0	5.5	23	0	0	0	23	0	0	4.25	23	0	0	0	23	0	0	1.082		99.9243	46.5711	0.227707	0	2.27879	0.038141	17.8976	2		0	12.0705	36.9983	0	0	0	
2024-06-10 16:40:23	1078	2732	1	0	0	6.75	28	0	0	0	28	0	0	1	28	0	0	0	28	0	0	4.979		99.921	46.0354	0.0475696	0	0.476072	0.326691	17.1997	1		0	12.0705	36.7384	0	0	0	
2024-06-10 16:38:27	1066	2733	9	0	0	4.25	18	0	0	0	18	0	0	5.5	18	0	0	0	18	0	0	1.082		99.919	46.0107	0.250972	0	2.51175	0.271781	19.7273	2		0	12.0705	36.9983	0	0	0	
2024-06-10 16:27:36	992	2734	9	0	0	4	17	0	0	0	17	0	0	7.75	17	0	0	0	17	0	0	3.247		99.9265	45.3735	0.0597056	0	0.597495	0.19412	14.0781	1		0	12.0705	37.6481	0	0	0	
2024-06-10 16:27:03	988	2735	9	0	0	4	17	0	0	0	17	0	0	6.5	17	0	0	0	17	0	0	2.165		99.9259	45.3172	0.0903234	0	0.903904	0.125376	14.1985	2		0	12.0705	37.778	0	0	0	
2024-06-10 16:25:09	974	2736	5	0	0	3	13	0	0	0	13	0	0	5	13	0	0	0	13	0	0	1.732		99.9308	45.999	0.124894	0	1.24981	0.0746642	15.7055	2		0	12.0793	38.0379	0	0	0	
2024-06-10 16:26:20	982	2737	5	0	0	3	13	0	0	0	13	0	0	3.75	13	0	0	0	13	0	0	0.649		99.9338	45.9872	0.383418	0	3.83672	0.783439	18.0801	1		0	12.0616	37.908	0	0	0	
2024-06-10 16:23:55	965	2738	9	0	0	2	9	0	0	0	9	0	0	7	9	0	0	0	9	0	0	4.33		99.9359	45.5036	0.0470525	0	0.470826	0.337025	14.7914	1		0	12.0793	38.6876	0	0	0	
2024-06-10 16:32:09	1023	2739	5	0	0	7	29	0	0	0	29	0	0	6	29	0	0	0	29	0	0	0.866		99.9274	45.5509	0.302571	0	3.0279	0.246054	19.0249	2		0	12.0705	36.9983	0	0	0	
2024-06-10 16:32:56	1028	2740	5	0	0	7	29	0	0	0	29	0	0	4.75	29	0	0	0	29	0	0	1.948		99.9234	45.7104	0.115075	0	1.15164	0.351454	16.2809	1		0	12.0705	36.9983	0	0	0	
2024-06-10 16:22:42	956	2741	9	0	0	1	5	0	0	0	5	0	0	5.5	5	0	0	0	5	0	0	3.897		99.9423	45.7164	0.0641664	0	0.642035	0.153396	18.1531	1		0	12.0705	39.5972	0	0	0	
2024-06-10 16:21:50	950	2742	5	0	0	1	5	0	0	0	5	0	0	4.25	5	0	0	0	5	0	0	2.814		99.9417	45.7694	0.0758219	0	0.758661	0.219777	15.4921	2		0	12.0705	40.117	0	0	0	
2024-06-10 16:30:43	1013	2743	1	0	0	6	25	0	0	0	25	0	0	3.25	25	0	0	0	25	0	0	2.381		99.9213	45.7048	0.0809301	0	0.809939	0.109646	13.9947	2		0	12.0705	37.1283	0	0	0	
2024-06-10 16:37:26	1060	2744	1	0	0	0.25	2	0	0	0	2	0	0	1.5	2	0	0	0	2	0	0	1.082		99.923	45.8453	0.1926	0	1.92748	0.174192	15.1384	2		0	12.0705	36.9983	0	0	0	
2024-06-10 16:33:11	1030	2745	1	0	0	7	29	0	0	0	29	0	0	0.75	29	0	0	0	29	0	0	5.412		99.9196	45.6871	0.0397788	0	0.398108	0.348696	15.6337	1		0	12.0705	36.9983	0	0	0	
2024-06-10 16:20:48	943	2746	9	0	0	0	1	0	0	0	1	0	0	5	1	0	0	0	1	0	0	4.33		99.9415	46.6006	0.051199	0	0.512289	0.126115	16.094	1		0	12.0705	41.1566	0	0	0	
2024-06-10 16:20:48	943	2747	1	0	0	0	1	0	0	0	1	0	0	3.75	1	0	0	0	1	0	0	3.247		99.9415	46.6006	0.0666046	0	0.666436	0.160063	15.7025	1		0	12.0705	41.1566	0	0	0	
2024-06-10 16:42:24	1091	2748	9	0	0	7.5	31	0	0	0	31	0	0	6.25	31	0	0	0	31	0	0	1.082		99.9252	46.4665	0.221945	0	2.22111	0.0307708	17.4445	2		0	12.0705	36.9983	0	0	0	
2024-06-10 16:38:57	1069	2749	9	0	0	6.25	26	0	0	0	26	0	0	7.5	26	0	0	0	26	0	0	1.082		99.9221	46.2231	0.21308	0	2.13246	0.2907	16.7483	2		0	12.0705	36.8684	0	0	0	
2024-06-10 16:31:04	1015	2750	5	0	0	6	25	0	0	0	25	0	0	7.25	25	0	0	0	25	0	0	1.082		99.919	45.723	0.287291	0	2.87523	0.380622	22.582	2		0	12.0705	37.1283	0	0	0	
2024-06-10 16:34:52	1043	2751	1	0	0	7.75	32	0	0	0	32	0	0	1.5	32	0	0	0	32	0	0	5.412		99.9194	46.1583	0.0382369	0	0.382678	0.0122785	15.0277	1		0	12.0705	36.8684	0	0	0	
2024-06-10 16:28:41	1000	2752	9	0	0	5	21	0	0	0	21	0	0	5.75	21	0	0	0	21	0	0	0.649		99.9231	46.231	0.601144	0	6.01607	0.0172682	28.35	2		0	12.0705	37.5181	0	0	0	
2024-06-10 16:29:02	1002	2753	9	0	0	5	21	0	0	0	21	0	0	4.5	21	0	0	0	21	0	0	0.433		99.9195	46.2378	0.682987	0	6.83537	0.0831311	21.4739	2		0	12.0705	37.3882	0	0	0	
2024-06-10 16:26:13	981	2754	1	0	0	3	13	0	0	0	13	0	0	1.25	13	0	0	0	13	0	0	1.515		99.9249	45.9818	0.137504	0	1.37608	0.634248	15.1308	1		0	12.0705	38.0379	0	0	0	
2024-06-10 16:22:57	958	2755	5	0	0	1	5	0	0	0	5	0	0	2.25	5	0	0	0	5	0	0	1.082		99.9377	45.689	0.204345	0	2.04472	0.725714	16.0592	1		0	12.0705	39.4673	0	0	0	
2024-06-10 16:37:15	1059	2756	1	0	0	0.5	3	0	0	0	3	0	0	1.25	3	0	0	0	3	0	0	0.649		99.9188	45.9329	0.389855	0	3.90172	0.181572	18.3864	2		0	12.0705	36.9983	0	0	0	
2024-06-10 16:35:54	1050	2757	9	0	0	2.5	11	0	0	0	11	0	0	5.25	11	0	0	0	11	0	0	2.381		99.9165	45.5777	0.105552	0	1.0564	0.0574782	18.2533	2		0	12.0705	36.9983	0	0	0	
2024-06-10 16:34:00	1036	2758	5	0	0	7.75	32	0	0	0	32	0	0	7.5	32	0	0	0	32	0	0	0.216		99.9227	46.0725	1.01024	0	10.1103	0.595477	15.8812	1		0	12.0705	36.9983	0	0	0	
2024-06-10 16:33:39	1034	2759	9	0	0	7.75	32	0	0	0	32	0	0	6.25	32	0	0	0	32	0	0	1.299		99.9229	46.0362	0.181264	0	1.81404	0.329105	17.0969	2		0	12.0705	36.9983	0	0	0	
2024-06-10 16:39:07	1070	2760	1	0	0	4.25	18	0	0	0	18	0	0	3.5	18	0	0	0	18	0	0	0.649		99.9205	46.0806	0.341499	0	3.41771	0.579854	16.1056	1		0	12.0705	36.8684	0	0	0	
2024-06-10 16:31:38	1019	2761	5	0	0	6	25	0	0	0	25	0	0	2.25	25	0	0	0	25	0	0	3.247		99.9193	45.7956	0.0621598	0	0.622101	0.371908	14.6579	1		0	12.0705	37.1283	0	0	0	
2024-06-10 16:41:43	1087	2762	9	0	0	5.25	22	0	0	0	22	0	0	4.5	22	0	0	0	22	0	0	0.649		99.919	46.762	0.45661	0	4.5698	0.00480376	21.5347	2		0	12.0705	36.9983	0	0	0	
2024-06-10 16:26:48	986	2763	9	0	0	4	17	0	0	0	17	0	0	5.75	17	0	0	0	17	0	0	1.515		99.9231	45.3662	0.152578	0	1.52696	0.411421	16.7898	1		0	11.973	37.908	0	0	0	
2024-06-10 16:26:56	987	2764	5	0	0	4	17	0	0	0	17	0	0	4.5	17	0	0	0	17	0	0	0.433		99.9278	45.3676	0.543702	0	5.44095	0.824211	17.0933	1		0	12.0705	37.778	0	0	0	
2024-06-10 16:21:16	946	2765	5	0	0	0	1	0	0	0	1	0	0	2	1	0	0	0	1	0	0	1.732		99.9399	46.327	0.158176	0	1.58271	0.155778	19.889	2		0	12.0705	40.6368	0	0	0	
2024-06-10 16:23:35	963	2766	9	0	0	2	9	0	0	0	9	0	0	7.5	9	0	0	0	9	0	0	4.762		99.9324	45.5168	0.046214	0	0.462452	0.0801878	15.9812	2		0	12.0793	39.0775	0	0	0	
2024-06-10 16:23:25	962	2767	9	0	0	2	9	0	0	0	9	0	0	6.25	9	0	0	0	9	0	0	3.68		99.9324	45.5899	0.0576838	0	0.577229	0.028413	15.4141	2		0	12.0705	39.2074	0	0	0	
2024-06-10 16:32:48	1027	2768	9	0	0	7	29	0	0	0	29	0	0	5.25	29	0	0	0	29	0	0	1.515		99.9214	45.6453	0.168839	0	1.68972	0.580979	18.5795	1		0	12.0705	36.9983	0	0	0	
2024-06-10 16:32:31	1025	2769	9	0	0	7	29	0	0	0	29	0	0	4	29	0	0	0	29	0	0	2.598		99.9223	45.5617	0.0752323	0	0.752908	0.148825	14.192	2		0	12.0705	36.9983	0	0	0	
2024-06-10 16:23:03	959	2770	5	0	0	1	5	0	0	0	5	0	0	3.5	5	0	0	0	5	0	0	2.165		99.9379	45.6529	0.0952214	0	0.952806	0.279209	14.9666	1		0	11.973	39.3374	0	0	0	
2024-06-10 16:31:04	1015	2771	1	0	0	6	25	0	0	0	25	0	0	2.5	25	0	0	0	25	0	0	3.031		99.919	45.723	0.0763187	0	0.763805	0.140388	16.7969	2		0	12.0705	37.1283	0	0	0	
2024-06-10 16:41:36	1086	2772	1	0	0	3.75	16	0	0	0	16	0	0	2	16	0	0	0	16	0	0	1.515		99.9213	46.0828	0.149272	0	1.4939	0.232521	16.4263	1		0	12.0705	36.9983	0	0	0	
2024-06-10 16:29:12	1003	2773	1	0	0	5	21	0	0	0	21	0	0	2	21	0	0	0	21	0	0	2.598		99.9221	46.2297	0.0770351	0	0.770951	0.0720765	14.5321	2		0	12.0705	37.3882	0	0	0	
2024-06-10 16:24:48	971	2774	5	0	0	2	9	0	0	0	9	0	0	1.75	9	0	0	0	9	0	0	0.216		99.9284	45.4729	0.935969	0	9.3664	0.67827	14.7127	1		0	12.0705	38.5577	0	0	0	
2024-06-10 16:33:32	1033	2775	5	0	0	7	29	0	0	0	29	0	0	0	29	0	0	0	29	0	0	6.061		99.9224	45.6648	0.0350186	0	0.350459	0.171624	15.414	1		0	12.0705	36.9983	0	0	0	
2024-06-10 16:21:25	947	2776	5	0	0	0	1	0	0	0	1	0	0	3	1	0	0	0	1	0	0	2.598		99.9409	46.3752	0.0785946	0	0.78641	0.412191	14.8235	1		0	12.0705	40.5069	0	0	0	
2024-06-10 16:26:13	981	2777	5	0	0	3	13	0	0	0	13	0	0	7	13	0	0	0	13	0	0	3.464		99.9249	45.9818	0.0569092	0	0.56952	0.265026	14.3136	1		0	12.0705	38.0379	0	0	0	
2024-06-10 16:31:14	1016	2778	5	0	0	6	25	0	0	0	25	0	0	7.75	25	0	0	0	25	0	0	1.515		99.9206	45.7584	0.154272	0	1.54394	0.782274	16.9765	1		0	12.0705	37.1283	0	0	0	
2024-06-10 16:30:33	1012	2779	5	0	0	6	25	0	0	0	25	0	0	6.5	25	0	0	0	25	0	0	0.433		99.9233	45.7198	0.64555	0	6.46046	0.099061	20.2961	2		0	12.0793	37.2582	0	0	0	
2024-06-10 16:35:05	1045	2780	1	0	0	7.75	32	0	0	0	32	0	0	0.75	32	0	0	0	32	0	0	6.061		99.9236	46.1605	0.0359268	0	0.359543	0.304765	15.8135	1		0	12.0705	36.9983	0	0	0	
2024-06-10 16:29:32	1005	2781	1	0	0	5	21	0	0	0	21	0	0	3.75	21	0	0	0	21	0	0	1.082		99.9234	46.2295	0.20958	0	2.09741	0.0186666	16.473	2		0	11.973	37.2582	0	0	0	
2024-06-10 16:26:20	982	2782	1	0	0	3	13	0	0	0	13	0	0	0.5	13	0	0	0	13	0	0	2.165		99.9338	45.9872	0.096148	0	0.962117	0.647491	15.1129	1		0	12.0616	37.908	0	0	0	
2024-06-10 16:22:00	951	2783	1	0	0	1	5	0	0	0	5	0	0	1.5	5	0	0	0	5	0	0	0.433		99.9362	45.717	0.571322	0	5.71687	0.0888043	17.9601	2		0	12.0793	39.9871	0	0	0	
2024-06-10 16:43:40	1099	2784	1	0	0	2	9	0	0	5.75	9	0	0	3.25	9	0	0	4.5	9	0	0	0.649		99.9299	21.2255	0.215664	0	2.15815	0.388988	16.9501	1		0	12.0705	36.9983	0	0	0	
2024-06-10 16:26:56	987	2785	1	0	0	4	17	0	0	0	17	0	0	1.75	17	0	0	0	17	0	0	1.948		99.9278	45.3676	0.0992684	0	0.993401	0.334331	14.0439	1		0	12.0705	37.778	0	0	0	
2024-06-10 16:37:47	1062	2786	1	0	0	2.5	11	0	0	0	11	0	0	3.25	11	0	0	0	11	0	0	0.649		99.9221	45.715	0.384003	0	3.84302	0.440933	18.1098	2		0	12.0793	36.9983	0	0	0	
2024-06-10 16:34:15	1038	2787	5	0	0	7.75	32	0	0	0	32	0	0	5.5	32	0	0	0	32	0	0	1.948		99.9254	46.1161	0.12354	0	1.23632	0.12996	17.478	1		0	12.0705	36.7384	0	0	0	
2024-06-10 16:34:08	1037	2788	9	0	0	7.75	32	0	0	0	32	0	0	4.25	32	0	0	0	32	0	0	3.031		99.9234	46.1059	0.0680786	0	0.681307	0.284215	14.9827	1		0	12.0705	36.9983	0	0	0	
2024-06-10 16:31:31	1018	2789	1	0	0	6	25	0	0	0	25	0	0	1.5	25	0	0	0	25	0	0	3.897		99.921	45.7664	0.0514856	0	0.515263	0.166055	14.5687	1		0	12.0705	36.8684	0	0	0	
2024-06-10 16:27:14	989	2790	5	0	0	4	17	0	0	0	17	0	0	5	17	0	0	0	17	0	0	0.866		99.9284	45.3465	0.292008	0	2.92217	0.474924	18.3605	1		0	12.0705	37.778	0	0	0	
2024-06-10 16:27:51	994	2791	5	0	0	4	17	0	0	0	17	0	0	3.75	17	0	0	0	17	0	0	0.216		99.9205	45.3333	0.8532	0	8.53879	0.406719	13.4127	1		0	12.0705	37.5181	0	0	0	
2024-06-10 16:21:16	946	2792	1	0	0	0	1	0	0	0	1	0	0	1.25	1	0	0	0	1	0	0	1.082		99.9399	46.327	0.192844	0	1.9296	0.0755239	15.155	2		0	12.0705	40.6368	0	0	0	
2024-06-10 16:24:30	969	2793	5	0	0	2	9	0	0	0	9	0	0	5.5	9	0	0	0	9	0	0	3.031		99.9386	45.3998	0.122893	0	1.22969	0.313577	27.0423	2		0	12.0793	38.6876	0	0	0	
2024-06-10 16:24:13	967	2794	9	0	0	2	9	0	0	0	9	0	0	4.25	9	0	0	0	9	0	0	1.948		99.9333	45.4677	0.109739	0	1.09812	0.201967	15.5243	1		0	12.0705	38.6876	0	0	0	
2024-06-10 16:32:21	1024	2795	1	0	0	7	29	0	0	0	29	0	0	3.25	29	0	0	0	29	0	0	3.247		99.9228	45.5765	0.0598141	0	0.598603	0.148317	14.1043	2		0	12.0705	36.9983	0	0	0	
2024-06-10 16:23:18	961	2796	1	0	0	1	5	0	0	0	5	0	0	2.75	5	0	0	0	5	0	0	1.515		99.9335	45.6666	0.138712	0	1.38804	0.594996	15.2623	1		0	12.0705	39.2074	0	0	0	
2024-06-10 16:20:23	940	2797	5	0	0	0	1	0	0	0	1	0	0	7	1	0	0	0	1	0	0	6.061		99.9412	46.7945	0.0358952	0	0.359163	0.654869	15.7968	1		0	12.0705	41.5464	0	0	0	
2024-06-10 16:29:57	1008	2798	5	0	0	5	21	0	0	0	21	0	0	1.25	21	0	0	0	21	0	0	3.247		99.9266	46.3048	0.06768	0	0.677297	0.156239	15.9584	1		0	12.0705	37.2582	0	0	0	
2024-06-10 16:23:45	964	2799	1	0	0	2	9	0	0	0	9	0	0	1	9	0	0	0	9	0	0	0.866		99.9321	45.4752	0.261932	0	2.6211	0.0763571	16.4689	2		0	12.0705	38.9475	0	0	0	
2024-06-10 16:25:56	979	2800	5	0	0	3	13	0	0	0	13	0	0	7.5	13	0	0	0	13	0	0	3.897		99.9297	45.986	0.0522155	0	0.522522	0.144974	14.774	2		0	12.0705	38.0379	0	0	0	
2024-06-10 16:26:06	980	2801	5	0	0	3	13	0	0	0	13	0	0	6.25	13	0	0	0	13	0	0	2.814		99.9269	45.9875	0.0749628	0	0.750176	0.0597933	15.3189	1		0	12.0793	38.0379	0	0	0	
2024-06-10 16:32:21	1024	2802	5	0	0	7	29	0	0	0	29	0	0	7.25	29	0	0	0	29	0	0	0.216		99.9228	45.5765	0.92788	0	9.28597	0.252416	14.5864	2		0	12.0705	36.9983	0	0	0	
2024-06-10 16:22:00	951	2803	9	0	0	1	5	0	0	0	5	0	0	6.75	5	0	0	0	5	0	0	4.979		99.9362	45.717	0.0485152	0	0.485461	0.173408	17.5389	2		0	12.0793	39.9871	0	0	0	
2024-06-10 16:30:53	1014	2804	9	0	0	6	25	0	0	0	25	0	0	5.75	25	0	0	0	25	0	0	0.216		99.924	45.7061	1.2176	0	12.1852	0.128892	19.1405	2		0	12.0705	36.9983	0	0	0	
2024-06-10 16:31:14	1016	2805	9	0	0	6	25	0	0	0	25	0	0	4.5	25	0	0	0	25	0	0	1.299		99.9206	45.7584	0.19121	0	1.91362	0.828773	18.0354	1		0	12.0705	37.1283	0	0	0	
2024-06-10 16:34:15	1038	2806	1	0	0	7.75	32	0	0	0	32	0	0	0	32	0	0	0	32	0	0	6.711		99.9254	46.1161	0.0330611	0	0.330857	0.129144	16.111	1		0	12.0705	36.7384	0	0	0	
2024-06-10 16:30:04	1009	2807	1	0	0	5	21	0	0	0	21	0	0	3	21	0	0	0	21	0	0	1.732		99.9263	46.3006	0.115259	0	1.15344	0.953006	14.4946	1		0	12.0705	37.2582	0	0	0	
2024-06-10 16:21:50	950	2808	1	0	0	1	5	0	0	0	5	0	0	0.75	5	0	0	0	5	0	0	0.216		99.9417	45.7694	1.0393	0	10.3991	0.24593	16.3348	2		0	12.0705	40.117	0	0	0	
2024-06-10 16:39:55	1075	2809	1	0	0	5.75	24	0	0	0	24	0	0	2	24	0	0	0	24	0	0	3.247		99.9206	46.7983	0.0653931	0	0.654451	0.0412375	15.4201	2		0	12.0705	36.9983	0	0	0	
2024-06-10 16:28:05	996	2810	5	0	0	4	17	0	0	0	17	0	0	1	17	0	0	0	17	0	0	2.598		99.9273	45.3396	0.0752344	0	0.752891	0.0066391	14.1917	1		0	11.973	37.5181	0	0	0	
2024-06-10 16:34:59	1044	2811	1	0	0	7.75	32	0	0	0	32	0	0	3.5	32	0	0	0	32	0	0	3.68		99.9213	46.1359	0.0549615	0	0.550048	0.221624	14.6882	1		0	12.0705	36.9983	0	0	0	
2024-06-10 16:31:31	1018	2812	5	0	0	6	25	0	0	0	25	0	0	0.75	25	0	0	0	25	0	0	4.546		99.921	45.7664	0.0495613	0	0.496005	0.467153	16.3616	1		0	12.0705	36.8684	0	0	0	
2024-06-10 16:27:03	988	2813	1	0	0	4	17	0	0	0	17	0	0	3	17	0	0	0	17	0	0	0.866		99.9259	45.3172	0.255034	0	2.55223	0.0757677	16.0362	2		0	12.0705	37.778	0	0	0	
2024-06-10 16:20:55	944	2814	1	0	0	0	1	0	0	0	1	0	0	0.5	1	0	0	0	1	0	0	0.433		99.9355	46.4867	0.533712	0	5.34057	0.0620814	16.7779	2		0	12.0793	40.8967	0	0	0	
2024-06-10 16:42:40	1093	2815	1	0	0	3.5	15	0	0	4.25	15	0	0	2.75	15	0	0	5	15	0	0	0.389		99.9247	19.97	0.423062	0	4.23381	0.406954	19.9514	1		0	11.9907	36.9983	0	0	0	
2024-06-10 16:25:02	973	2816	1	0	0	2	9	0	0	0	9	0	0	3.5	9	0	0	0	9	0	0	1.299		99.9319	45.4536	0.173202	0	1.7332	0.725174	16.3351	1		0	12.0616	38.4277	0	0	0	
2024-06-10 16:33:18	1031	2817	1	0	0	7	29	0	0	0	29	0	0	2.5	29	0	0	0	29	0	0	3.897		99.9225	45.6733	0.0541881	0	0.542301	0.544492	15.3332	1		0	12.0705	36.9983	0	0	0	
2024-06-10 16:32:56	1028	2818	1	0	0	7	29	0	0	0	29	0	0	2	29	0	0	0	29	0	0	4.33		99.9234	45.7104	0.0468794	0	0.469153	0.164084	14.7389	1		0	12.0705	36.9983	0	0	0	
2024-06-10 16:21:06	945	2819	5	0	0	0	1	0	0	0	1	0	0	7.5	1	0	0	0	1	0	0	6.494		99.9407	46.4177	0.0389131	0	0.389362	0.3289	18.3482	2		0	12.0793	40.7668	0	0	0	
2024-06-10 16:19:57	938	2820	5	0	0	0	1	0	0	0	1	0	0	6.25	1	0	0	0	1	0	0	5.412		99.9404	47.1187	0.0407034	0	0.407277	0.385401	15.9937	2		0	12.0793	41.8063	0	0	0	
2024-06-10 16:29:42	1006	2821	1	0	0	5	21	0	0	0	21	0	0	0.5	21	0	0	0	21	0	0	3.897		99.9248	46.275	0.0627898	0	0.628371	0.613201	17.7668	1		0	12.0705	37.2582	0	0	0	
2024-06-10 16:40:47	1081	2822	1	0	0	1.25	6	0	0	0	6	0	0	0.5	6	0	0	0	6	0	0	0.649		99.9213	46.0186	0.367481	0	3.67771	0.12782	17.3308	2		0	12.0705	36.9983	0	0	0	
2024-06-10 16:28:51	1001	2823	9	0	0	5	21	0	0	0	21	0	0	7	21	0	0	0	21	0	0	1.732		99.9214	46.2217	0.13166	0	1.31763	0.16185	16.5578	2		0	12.0705	37.3882	0	0	0	
2024-06-10 16:24:13	967	2824	1	0	0	2	9	0	0	0	9	0	0	0.25	9	0	0	0	9	0	0	1.515		99.9333	45.4677	0.136794	0	1.36885	0.47099	15.0513	1		0	12.0705	38.6876	0	0	0	
2024-06-10 16:27:29	991	2825	9	0	0	4	17	0	0	0	17	0	0	7	17	0	0	0	17	0	0	2.598		99.9266	45.3917	0.0727704	0	0.728238	0.0714026	13.727	1		0	12.0705	37.6481	0	0	0	
2024-06-10 16:25:48	978	2826	5	0	0	3	13	0	0	0	13	0	0	5.5	13	0	0	0	13	0	0	2.165		99.9272	46.0437	0.103671	0	1.03747	0.393079	16.2965	1		0	12.0705	38.1678	0	0	0	
2024-06-10 16:25:48	978	2827	9	0	0	3	13	0	0	0	13	0	0	4.25	13	0	0	0	13	0	0	1.082		99.9272	46.0437	0.202367	0	2.02515	0.365852	15.9055	1		0	12.0705	38.1678	0	0	0	
2024-06-10 16:32:41	1026	2828	9	0	0	7	29	0	0	0	29	0	0	7.75	29	0	0	0	29	0	0	0.649		99.9214	45.6747	0.393052	0	3.93361	0.86942	18.5367	1		0	12.0705	36.7384	0	0	0	
2024-06-10 16:32:31	1025	2829	5	0	0	7	29	0	0	0	29	0	0	6.5	29	0	0	0	29	0	0	0.433		99.9223	45.5617	0.608577	0	6.0905	0.0546013	19.1339	2		0	12.0705	36.9983	0	0	0	
2024-06-10 16:22:20	953	2830	9	0	0	1	5	0	0	0	5	0	0	6	5	0	0	0	5	0	0	4.33		99.9362	45.7059	0.0592745	0	0.593123	0.612189	18.6335	1		0	12.0705	39.8571	0	0	0	
2024-06-10 16:22:28	954	2831	5	0	0	1	5	0	0	0	5	0	0	4.75	5	0	0	0	5	0	0	3.247		99.9357	45.7463	0.0735137	0	0.735611	0.252103	17.3324	1		0	12.0705	39.7272	0	0	0	
2024-06-10 16:38:07	1064	2832	9	0	0	4.75	20	0	0	0	20	0	0	5	20	0	0	0	20	0	0	0.216		99.9178	45.8904	1.21509	0	12.1609	0.0636471	19.1023	2		0	12.0705	36.9983	0	0	0	
2024-06-10 16:31:04	1015	2833	9	0	0	6	25	0	0	0	25	0	0	5	25	0	0	0	25	0	0	0.866		99.919	45.723	0.388464	0	3.88779	0.114592	24.4277	2		0	12.0705	37.1283	0	0	0	
2024-06-10 16:31:38	1019	2834	1	0	0	6	25	0	0	0	25	0	0	3.75	25	0	0	0	25	0	0	1.948		99.9193	45.7956	0.10305	0	1.03133	0.447482	14.5801	1		0	12.0705	37.1283	0	0	0	
2024-06-10 16:22:42	956	2835	1	0	0	1	5	0	0	0	5	0	0	0	5	0	0	0	5	0	0	0.866		99.9423	45.7164	0.259086	0	2.59236	0.852618	16.2882	1		0	12.0705	39.5972	0	0	0	
2024-06-10 16:36:36	1055	2836	9	0	0	0.75	4	0	0	0	4	0	0	7	4	0	0	0	4	0	0	5.412		99.917	46.3078	0.03905	0	0.390824	0.84597	15.3476	1		0	12.0705	36.8684	0	0	0	
2024-06-10 16:27:58	995	2837	1	0	0	4	17	0	0	0	17	0	0	0.25	17	0	0	0	17	0	0	3.247		99.9233	45.4062	0.0608448	0	0.608915	0.172131	14.3472	1		0	12.0705	37.5181	0	0	0	
2024-06-10 16:34:37	1041	2838	1	0	0	7.75	32	0	0	0	32	0	0	2.75	32	0	0	0	32	0	0	4.33		99.9251	46.1295	0.0494644	0	0.495015	0.432845	15.5514	1		0	12.0705	36.9983	0	0	0	
2024-06-10 16:31:45	1020	2839	5	0	0	6	25	0	0	0	25	0	0	0	25	0	0	0	25	0	0	5.195		99.9204	45.7891	0.0451374	0	0.451733	0.336615	17.0299	1		0	12.0705	37.1283	0	0	0	
2024-06-10 16:24:30	969	2840	1	0	0	2	9	0	0	0	9	0	0	2.75	9	0	0	0	9	0	0	0.649		99.9386	45.3998	0.398204	0	3.98449	0.0424063	18.7765	2		0	12.0793	38.6876	0	0	0	
2024-06-10 16:33:03	1029	2841	1	0	0	7	29	0	0	0	29	0	0	1.25	29	0	0	0	29	0	0	4.979		99.92	45.6957	0.0431707	0	0.432052	0.138238	15.6093	1		0	12.0705	36.9983	0	0	0	
2024-06-10 16:20:13	939	2842	5	0	0	0	1	0	0	0	1	0	0	5.5	1	0	0	0	1	0	0	4.762		99.9419	46.879	0.0611332	0	0.611687	0.0150733	21.1384	2		0	12.0705	41.8063	0	0	0	
2024-06-10 16:20:55	944	2843	9	0	0	0	1	0	0	0	1	0	0	4.25	1	0	0	0	1	0	0	3.68		99.9355	46.4867	0.0601649	0	0.602037	0.0261791	16.0765	2		0	12.0793	40.8967	0	0	0	
