Time	MeasID	DPID	Channel	A(x)	A(y)	A(z)	A(adr)	B(x)	B(y)	B(z)	B(adr)	M(x)	M(y)	M(z)	M(adr)	N(x)	N(y)	N(z)	N(adr)	F(x)	F(y)	F(z)	Note	I(mA)	Uout(V)	U(V)	SP(V)	R(Ohm)	Var(%)	Rho-a(Ohm-m)	Cycles	IP Delay Window(mV/V)	Pint(V)	Pext(V)	T int(deg C)	T log(deg C)	Latitude	Longitude
2024-06-10 12:54:30	707	1504	1	0	0	7.75	32	0	0	0	32	0	0	2	32	0	0	0	32	0	0	4.979		99.9331	45.1813	0.0420635	0	0.420917	0.350029	15.207	1		0	12.0705	37.6481	0	0	0	
2024-06-10 12:49:42	674	1505	5	0	0	5	21	0	0	0	21	0	0	7.5	21	0	0	0	21	0	0	2.165		99.9299	45.3105	0.104837	0	1.0491	0.133073	16.4793	2		0	12.0705	38.0379	0	0	0	
2024-06-10 12:49:31	673	1506	5	0	0	5	21	0	0	0	21	0	0	6.25	21	0	0	0	21	0	0	1.082		99.9293	45.288	0.281438	0	2.81637	0.00426368	22.1198	2		0	12.0705	38.0379	0	0	0	
2024-06-10 12:47:09	655	1507	1	0	0	3	13	0	0	0	13	0	0	1.75	13	0	0	0	13	0	0	1.082		99.9313	45.2066	0.210403	0	2.10548	0.641894	16.5364	1		0	11.973	38.6876	0	0	0	
2024-06-10 12:54:52	710	1508	5	0	0	7.75	32	0	0	0	32	0	0	6.75	32	0	0	0	32	0	0	0.866		99.9322	45.1365	0.29293	0	2.93129	0.0484992	18.4178	2		0	12.0705	37.6481	0	0	0	
2024-06-10 13:01:26	755	1509	1	0	0	3.25	14	0	0	0	14	0	0	2.5	14	0	0	0	14	0	0	0.649		99.9298	45.1666	0.381589	0	3.81857	0.120673	17.9946	2		0	11.973	37.6481	0	0	0	
2024-06-10 12:47:32	658	1510	9	0	0	4	17	0	0	0	17	0	0	7.5	17	0	0	0	17	0	0	3.031		99.9378	44.5203	0.0641983	0	0.642383	0.168999	14.1267	1		0	12.0705	38.5577	0	0	0	
2024-06-10 12:47:52	661	1511	5	0	0	4	17	0	0	0	17	0	0	6.25	17	0	0	0	17	0	0	1.948		99.9342	44.4779	0.106041	0	1.06111	0.122336	15.0011	1		0	11.973	38.5577	0	0	0	
2024-06-10 12:47:09	655	1512	5	0	0	3	13	0	0	0	13	0	0	3.5	13	0	0	0	13	0	0	0.433		99.9313	45.2066	0.592805	0	5.93212	0.907309	18.6363	1		0	11.973	38.6876	0	0	0	
2024-06-10 12:44:00	632	1513	5	0	0	2	9	0	0	0	9	0	0	6.75	9	0	0	0	9	0	0	4.113		99.9392	44.9146	0.0498337	0	0.49864	0.183435	14.882	2		0	12.0705	39.9871	0	0	0	
2024-06-10 12:52:44	694	1514	9	0	0	7	29	0	0	0	29	0	0	5.75	29	0	0	0	29	0	0	1.082		99.9289	44.7175	0.253264	0	2.53444	0.0348464	19.9055	2		0	12.0705	37.778	0	0	0	
2024-06-10 12:53:26	699	1515	5	0	0	7	29	0	0	0	29	0	0	4.5	29	0	0	0	29	0	0	2.165		99.9309	44.7755	0.0977038	0	0.977714	0.170765	15.3579	2		0	12.0705	37.778	0	0	0	
2024-06-10 12:43:17	627	1516	5	0	0	1	5	0	0	0	5	0	0	5.25	5	0	0	0	5	0	0	3.68		99.9369	45.2192	0.0652638	0	0.65305	0.481146	17.4388	1		0	12.0705	40.5069	0	0	0	
2024-06-10 12:43:07	626	1517	5	0	0	1	5	0	0	0	5	0	0	4	5	0	0	0	5	0	0	2.598		99.9377	45.2429	0.0800248	0	0.800747	0.102385	15.0937	2		0	12.0705	40.6368	0	0	0	
2024-06-10 12:59:37	743	1518	1	0	0	4.75	20	0	0	0	20	0	0	3	20	0	0	0	20	0	0	1.515		99.9278	45.049	0.135952	0	1.3605	0.159931	14.9595	2		0	12.0705	37.5181	0	0	0	
2024-06-10 12:50:59	683	1519	1	0	0	6	25	0	0	0	25	0	0	3	25	0	0	0	25	0	0	2.598		99.9286	44.8866	0.0768353	0	0.768902	0.161254	14.4935	2		0	12.0705	37.908	0	0	0	
2024-06-10 12:45:27	642	1520	5	0	0	2	9	0	0	0	9	0	0	2.25	9	0	0	0	9	0	0	0.216		99.9405	44.6974	0.97245	0	9.73029	0.759829	15.2843	1		0	12.0793	39.3374	0	0	0	
2024-06-10 12:54:05	704	1521	5	0	0	7	29	0	0	0	29	0	0	0.5	29	0	0	0	29	0	0	5.628		99.9337	44.8123	0.0394381	0	0.394643	0.286054	16.1175	1		0	11.973	37.6481	0	0	0	
2024-06-10 12:41:07	612	1522	1	0	0	0	1	0	0	0	1	0	0	3.5	1	0	0	0	1	0	0	3.031		99.9385	46.6545	0.080979	0	0.810289	0.494977	17.8192	2		0	12.0705	42.3261	0	0	0	
2024-06-10 13:01:16	754	1523	1	0	0	1.75	8	0	0	0	8	0	0	0	8	0	0	0	8	0	0	1.515		99.9288	45.1488	0.133559	0	1.33655	0.237844	14.6961	2		0	12.0705	37.6481	0	0	0	
2024-06-10 12:51:41	687	1524	9	0	0	6	25	0	0	0	25	0	0	7	25	0	0	0	25	0	0	0.866		99.9292	44.9114	0.311098	0	3.11318	0.0504579	19.5607	2		0	12.0705	37.908	0	0	0	
2024-06-10 13:00:24	748	1525	1	0	0	6.5	27	0	0	0	27	0	0	1.25	27	0	0	0	27	0	0	4.546		99.9315	45.2627	0.0489164	0	0.489499	0.801845	16.147	1		0	12.0793	37.5181	0	0	0	
2024-06-10 12:54:45	709	1526	1	0	0	7.75	32	0	0	0	32	0	0	1.25	32	0	0	0	32	0	0	5.628		99.9316	45.1891	0.0375159	0	0.375416	0.0718568	15.3322	1		0	11.973	37.6481	0	0	0	
2024-06-10 12:49:11	671	1527	9	0	0	5	21	0	0	0	21	0	0	5.5	21	0	0	0	21	0	0	0.433		99.9306	45.3062	0.900525	0	9.0115	0.0759202	28.3105	2		0.0088623	12.0705	38.2978	0	0	0	
2024-06-10 12:49:42	674	1528	9	0	0	5	21	0	0	0	21	0	0	4.25	21	0	0	0	21	0	0	0.649		99.9299	45.3105	0.420087	0	4.20382	0.0190648	19.81	2		0	12.0705	38.0379	0	0	0	
2024-06-10 12:47:02	654	1529	1	0	0	3	13	0	0	0	13	0	0	1	13	0	0	0	13	0	0	1.732		99.9317	45.1823	0.119651	0	1.19733	0.497801	15.0461	1		0	12.0793	38.8176	0	0	0	
2024-06-10 12:43:17	627	1530	1	0	0	1	5	0	0	0	5	0	0	2	5	0	0	0	5	0	0	0.866		99.9369	45.2192	0.26028	0	2.60444	0.758897	16.3642	1		0	12.0705	40.5069	0	0	0	
2024-06-10 12:56:36	723	1531	9	0	0	1.75	8	0	0	0	8	0	0	6	8	0	0	0	8	0	0	3.68		99.9339	45.0021	0.0610232	0	0.610636	0.603705	16.3061	1		0	12.0705	37.6481	0	0	0	
2024-06-10 12:48:43	668	1532	5	0	0	4	17	0	0	0	17	0	0	2.25	17	0	0	0	17	0	0	1.515		99.9345	44.4382	0.134492	0	1.3458	0.161758	14.7979	1		0	12.0793	38.2978	0	0	0	
2024-06-10 12:55:03	711	1533	5	0	0	7.75	32	0	0	0	32	0	0	6	32	0	0	0	32	0	0	1.515		99.928	45.1958	0.159999	0	1.60114	0.446061	17.6055	1		0	12.0705	37.6481	0	0	0	
2024-06-10 12:54:30	707	1534	9	0	0	7.75	32	0	0	0	32	0	0	4.75	32	0	0	0	32	0	0	2.598		99.9331	45.1813	0.0845739	0	0.846305	0.18339	15.9525	1		0	12.0705	37.6481	0	0	0	
2024-06-10 12:51:20	685	1535	1	0	0	6	25	0	0	0	25	0	0	2	25	0	0	0	25	0	0	3.464		99.9289	44.9123	0.0629861	0	0.630309	0.225068	15.8414	2		0	12.0705	37.908	0	0	0	
2024-06-10 12:48:14	664	1536	5	0	0	4	17	0	0	0	17	0	0	5.5	17	0	0	0	17	0	0	1.299		99.9295	44.47	0.199986	0	2.00127	0.177862	18.8615	1		0	12.0705	38.4277	0	0	0	
2024-06-10 12:47:52	661	1537	9	0	0	4	17	0	0	0	17	0	0	4.25	17	0	0	0	17	0	0	0.216		99.9342	44.4779	0.853377	0	8.53938	0.578923	13.4136	1		0	11.973	38.5577	0	0	0	
2024-06-10 12:41:49	617	1538	5	0	0	0	1	0	0	0	1	0	0	1.75	1	0	0	0	1	0	0	1.515		99.9424	46.2715	0.127687	0	1.27761	0.736324	14.048	1		0	12.0705	41.6764	0	0	0	
2024-06-10 13:02:45	763	1539	1	0	0	3.75	16	0	0	4	16	0	0	3.5	16	0	0	4.25	16	0	0	0.13		99.9335	18.6331	0.718551	0	7.19029	0.584934	11.2945	1		0	12.0705	37.6481	0	0	0	
2024-06-10 12:47:16	656	1540	1	0	0	3	13	0	0	0	13	0	0	2.75	13	0	0	0	13	0	0	0.216		99.9316	45.1447	0.985088	0	9.85762	0.993085	15.4843	1		0	12.0705	38.6876	0	0	0	
2024-06-10 12:45:05	639	1541	9	0	0	2	9	0	0	0	9	0	0	6	9	0	0	0	9	0	0	3.464		99.939	44.6989	0.0680153	0	0.680568	0.00914018	17.1045	1		0	12.0705	39.4673	0	0	0	
2024-06-10 12:44:10	633	1542	9	0	0	2	9	0	0	0	9	0	0	4.75	9	0	0	0	9	0	0	2.381		99.9349	44.8578	0.090063	0	0.901217	0.0630235	15.5719	2		0	12.0705	39.9871	0	0	0	
2024-06-10 12:52:54	695	1543	9	0	0	7	29	0	0	0	29	0	0	5	29	0	0	0	29	0	0	1.732		99.9289	44.7689	0.139979	0	1.40078	0.692519	17.6028	1		0	12.0705	37.778	0	0	0	
2024-06-10 12:53:51	702	1544	5	0	0	7	29	0	0	0	29	0	0	3.75	29	0	0	0	29	0	0	2.814		99.9327	44.8134	0.0705473	0	0.705948	0.0174334	14.4157	1		0	12.0705	37.6481	0	0	0	
2024-06-10 12:42:42	623	1545	1	0	0	1	5	0	0	0	5	0	0	3.25	5	0	0	0	5	0	0	1.948		99.9395	45.4376	0.10331	0	1.03372	0.408656	14.6139	1		0	12.0705	40.8967	0	0	0	
2024-06-10 12:56:12	720	1546	9	0	0	2.75	12	0	0	0	12	0	0	5	12	0	0	0	12	0	0	1.948		99.9284	44.5154	0.108523	0	1.086	0.270095	15.353	2		0	12.0705	37.5181	0	0	0	
2024-06-10 12:49:42	674	1547	1	0	0	5	21	0	0	0	21	0	0	1.75	21	0	0	0	21	0	0	2.814		99.9299	45.3105	0.0726708	0	0.727218	0.0509681	14.8501	2		0	12.0705	38.0379	0	0	0	
2024-06-10 12:44:10	633	1548	1	0	0	2	9	0	0	0	9	0	0	1.5	9	0	0	0	9	0	0	0.433		99.9349	44.8578	0.552826	0	5.53186	0.0899465	17.3788	2		0	12.0705	39.9871	0	0	0	
2024-06-10 12:41:39	616	1549	1	0	0	0	1	0	0	0	1	0	0	2.75	1	0	0	0	1	0	0	2.381		99.9387	46.334	0.123662	0	1.23737	0.479276	21.3803	2		0	12.0705	41.6764	0	0	0	
2024-06-10 12:56:05	719	1550	9	0	0	3.25	14	0	0	0	14	0	0	4.5	14	0	0	0	14	0	0	1.082		99.9268	45.0297	0.203673	0	2.03822	0.924726	16.0082	1		0	12.0705	37.5181	0	0	0	
2024-06-10 12:46:16	648	1551	1	0	0	3	13	0	0	0	13	0	0	6.75	13	0	0	0	13	0	0	3.247		99.9363	45.2406	0.0622521	0	0.622917	0.0577881	14.6771	1		0	12.0705	39.0775	0	0	0	
2024-06-10 12:42:57	625	1552	9	0	0	1	5	0	0	0	5	0	0	7.25	5	0	0	0	5	0	0	5.412		99.9387	45.3165	0.0482666	0	0.482962	0.726265	18.9659	2		0	12.0705	40.6368	0	0	0	
2024-06-10 12:51:09	684	1553	9	0	0	6	25	0	0	0	25	0	0	7.5	25	0	0	0	25	0	0	1.299		99.9275	44.8929	0.186723	0	1.86858	0.080672	17.611	2		0	12.0705	37.908	0	0	0	
2024-06-10 12:51:41	687	1554	5	0	0	6	25	0	0	0	25	0	0	6.25	25	0	0	0	25	0	0	0.216		99.9292	44.9114	1.072	0	10.7276	0.0927849	16.8509	2		0	12.0705	37.908	0	0	0	
2024-06-10 12:55:03	711	1555	1	0	0	7.75	32	0	0	0	32	0	0	0.5	32	0	0	0	32	0	0	6.278		99.928	45.1958	0.0349286	0	0.349537	0.113449	15.9225	1		0	12.0705	37.6481	0	0	0	
2024-06-10 12:50:07	677	1556	5	0	0	5	21	0	0	0	21	0	0	3.5	21	0	0	0	21	0	0	1.299		99.931	45.3057	0.167818	0	1.67934	0.135584	15.8274	2		0	12.0705	38.0379	0	0	0	
2024-06-10 12:46:56	653	1557	1	0	0	3	13	0	0	0	13	0	0	0.25	13	0	0	0	13	0	0	2.381		99.9336	45.1881	0.0825508	0	0.826057	0.365	14.2732	1		0	12.0705	38.8176	0	0	0	
2024-06-10 12:43:07	626	1558	1	0	0	1	5	0	0	0	5	0	0	1.25	5	0	0	0	5	0	0	0.216		99.9377	45.2429	0.996451	0	9.97071	0.0318005	15.662	2		0	12.0705	40.6368	0	0	0	
2024-06-10 12:48:00	662	1559	1	0	0	4	17	0	0	0	17	0	0	1.5	17	0	0	0	17	0	0	2.165		99.9329	44.5103	0.0894173	0	0.894774	0.128121	14.0551	1		0	12.0705	38.5577	0	0	0	
2024-06-10 12:56:43	724	1560	9	0	0	1.5	7	0	0	0	7	0	0	6.25	7	0	0	0	7	0	0	4.113		99.9317	44.3805	0.052134	0	0.521697	0.752524	15.5701	1		0	12.0705	37.5181	0	0	0	
2024-06-10 12:54:23	706	1561	9	0	0	7.75	32	0	0	0	32	0	0	5.25	32	0	0	0	32	0	0	2.165		99.9323	45.1674	0.109553	0	1.09628	0.615456	17.2202	1		0	12.0616	37.778	0	0	0	
2024-06-10 12:54:45	709	1562	9	0	0	7.75	32	0	0	0	32	0	0	4	32	0	0	0	32	0	0	3.247		99.9316	45.1891	0.0617941	0	0.618364	0.0354614	14.5699	1		0	11.973	37.6481	0	0	0	
2024-06-10 12:51:41	687	1563	1	0	0	6	25	0	0	0	25	0	0	1.25	25	0	0	0	25	0	0	4.113		99.9292	44.9114	0.0536065	0	0.536444	0.26125	16.0103	2		0	12.0705	37.908	0	0	0	
2024-06-10 12:48:07	663	1564	1	0	0	4	17	0	0	0	17	0	0	3.5	17	0	0	0	17	0	0	0.433		99.9337	44.4903	0.538082	0	5.38439	0.58633	16.9156	1		0	12.0705	38.4277	0	0	0	
2024-06-10 12:41:16	613	1565	1	0	0	0	1	0	0	0	1	0	0	1	1	0	0	0	1	0	0	0.866		99.9383	46.6119	0.24134	0	2.41489	0.928484	15.1732	1		0	11.973	42.1962	0	0	0	
2024-06-10 12:44:55	638	1566	9	0	0	2	9	0	0	0	9	0	0	5.25	9	0	0	0	9	0	0	2.814		99.9389	44.6672	0.0812993	0	0.81349	0.0866873	16.6118	2		0	12.0616	39.4673	0	0	0	
2024-06-10 12:44:31	635	1567	9	0	0	2	9	0	0	0	9	0	0	4	9	0	0	0	9	0	0	1.732		99.938	44.8487	0.12087	0	1.20945	0.156055	15.1984	1		0.0088623	11.973	39.7272	0	0	0	
2024-06-10 13:01:36	756	1568	1	0	0	3.5	15	0	0	0	15	0	0	2.25	15	0	0	0	15	0	0	1.082		99.9295	44.4697	0.20337	0	2.03513	0.261151	15.9839	2		0	12.0705	37.6481	0	0	0	
2024-06-10 12:52:44	694	1569	1	0	0	7	29	0	0	0	29	0	0	3	29	0	0	0	29	0	0	3.464		99.9289	44.7175	0.056553	0	0.565933	0.35967	14.2234	2		0	12.0705	37.778	0	0	0	
2024-06-10 12:42:57	625	1570	1	0	0	1	5	0	0	0	5	0	0	2.5	5	0	0	0	5	0	0	1.299		99.9387	45.3165	0.166291	0	1.66393	0.191091	15.6822	2		0	12.0705	40.6368	0	0	0	
2024-06-10 12:41:24	614	1571	5	0	0	0	1	0	0	0	1	0	0	6.75	1	0	0	0	1	0	0	5.845		99.9439	46.5568	0.0370283	0	0.370491	0.167751	15.7131	1		0	12.0705	42.0662	0	0	0	
2024-06-10 12:57:48	732	1572	1	0	0	2.75	12	0	0	0	12	0	0	3	12	0	0	0	12	0	0	0.216		99.9282	44.5372	1.00094	0	10.0166	0.210018	15.734	2		0	12.0705	37.6481	0	0	0	
2024-06-10 12:50:00	676	1573	1	0	0	5	21	0	0	0	21	0	0	1	21	0	0	0	21	0	0	3.464		99.9317	45.3568	0.059754	0	0.597949	0.77288	15.0281	1		0	12.0705	38.0379	0	0	0	
2024-06-10 13:04:18	772	1574	1	0	0	0.5	3	0	0	7.25	3	0	0	2.75	3	0	0	5	3	0	0	1.168		99.9372	20.7755	0.0934746	0	0.935333	0.0718972	13.223	2		0	12.0705	37.6481	0	0	0	
2024-06-10 12:58:50	738	1575	9	0	0	6.75	28	0	0	0	28	0	0	7	28	0	0	0	28	0	0	0.216		99.93	44.9481	0.995757	0	9.96455	0.171903	15.6523	2		0	12.0705	37.6481	0	0	0	
2024-06-10 12:44:31	635	1576	1	0	0	2	9	0	0	0	9	0	0	0.75	9	0	0	0	9	0	0	1.082		99.938	44.8487	0.202995	0	2.03121	0.748084	15.9531	1		0.0088623	11.973	39.7272	0	0	0	
2024-06-10 12:46:02	646	1577	5	0	0	3	13	0	0	0	13	0	0	6	13	0	0	0	13	0	0	2.598		99.9352	45.2305	0.08361	0	0.836642	0.576467	15.7703	1		0	12.0705	39.0775	0	0	0	
2024-06-10 12:45:41	644	1578	9	0	0	3	13	0	0	0	13	0	0	4.75	13	0	0	0	13	0	0	1.515		99.9378	45.2319	0.144692	0	1.44782	0.0224566	15.9196	2		0	11.973	39.2074	0	0	0	
2024-06-10 12:42:22	621	1579	5	0	0	1	5	0	0	0	5	0	0	7.75	5	0	0	0	5	0	0	5.845		99.9392	45.5462	0.0371039	0	0.371265	0.178306	15.7459	2		0	12.0705	41.1566	0	0	0	
2024-06-10 12:42:42	623	1580	5	0	0	1	5	0	0	0	5	0	0	6.5	5	0	0	0	5	0	0	4.762		99.9395	45.4376	0.0495927	0	0.496228	0.451584	17.1484	1		0	12.0705	40.8967	0	0	0	
2024-06-10 12:51:20	685	1581	9	0	0	6	25	0	0	0	25	0	0	5.5	25	0	0	0	25	0	0	0.433		99.9289	44.9123	0.842175	0	8.42775	0.0804148	26.4765	2		0	12.0705	37.908	0	0	0	
2024-06-10 12:50:49	682	1582	9	0	0	6	25	0	0	0	25	0	0	4.25	25	0	0	0	25	0	0	1.515		99.9266	44.9072	0.148618	0	1.48727	0.0497449	16.3534	2		0	12.0705	38.0379	0	0	0	
2024-06-10 12:50:31	680	1583	5	0	0	5	21	0	0	0	21	0	0	2.75	21	0	0	0	21	0	0	1.948		99.9317	45.3607	0.102786	0	1.02856	0.900791	14.541	1		0	12.0705	38.0379	0	0	0	
2024-06-10 12:43:31	629	1584	1	0	0	1	5	0	0	0	5	0	0	0.5	5	0	0	0	5	0	0	0.433		99.939	45.1286	0.59638	0	5.96744	0.00919549	18.7473	2		0	12.0705	40.3769	0	0	0	
2024-06-10 12:47:38	659	1585	1	0	0	4	17	0	0	0	17	0	0	0.75	17	0	0	0	17	0	0	2.814		99.9325	44.4865	0.0711361	0	0.711841	0.180901	14.536	1		0	11.973	38.5577	0	0	0	
2024-06-10 12:55:25	714	1586	5	0	0	7.75	32	0	0	0	32	0	0	3.25	32	0	0	0	32	0	0	3.897		99.9339	45.2014	0.0514379	0	0.51472	0.471416	14.5534	1		0	12.0705	37.6481	0	0	0	
2024-06-10 13:03:24	767	1587	1	0	0	2.75	12	0	0	5	12	0	0	0.5	12	0	0	7.25	12	0	0	1.168		99.9377	20.3528	0.100119	0	1.00181	0.640025	14.1628	2		0	12.0705	37.6481	0	0	0	
2024-06-10 12:56:50	725	1588	9	0	0	1.25	6	0	0	0	6	0	0	6.5	6	0	0	0	6	0	0	4.546		99.9309	44.906	0.0481892	0	0.482225	0.348669	15.907	1		0.0088623	12.0793	37.6481	0	0	0	
2024-06-10 12:52:00	689	1589	1	0	0	6	25	0	0	0	25	0	0	0.5	25	0	0	0	25	0	0	4.762		99.9305	44.8896	0.0526699	0	0.527065	0.0484751	18.2141	2		0	12.0705	37.778	0	0	0	
2024-06-10 12:48:29	666	1590	5	0	0	4	17	0	0	0	17	0	0	2.75	17	0	0	0	17	0	0	1.082		99.9312	44.4968	0.204884	0	2.05025	0.466389	16.1027	1		0	12.0705	38.2978	0	0	0	
2024-06-10 12:40:22	608	1591	1	0	0	0	1	0	0	0	1	0	0	0.25	1	0	0	0	1	0	0	0.216		99.9431	47.4822	0.957021	0	9.57566	0.125931	15.0414	2		0	12.0882	42.9758	0	0	0	
2024-06-10 12:45:19	641	1592	5	0	0	2	9	0	0	0	9	0	0	3.25	9	0	0	0	9	0	0	1.082		99.9379	44.6919	0.211236	0	2.11367	0.566088	16.6008	1		0	12.0705	39.3374	0	0	0	
2024-06-10 12:52:54	695	1593	1	0	0	7	29	0	0	0	29	0	0	1.75	29	0	0	0	29	0	0	4.546		99.9289	44.7689	0.0456148	0	0.456473	0.383932	15.0575	1		0	12.0705	37.778	0	0	0	
2024-06-10 12:41:32	615	1594	5	0	0	0	1	0	0	0	1	0	0	6	1	0	0	0	1	0	0	5.195		99.9389	46.4937	0.0510828	0	0.51114	0.115813	19.2695	1		0	12.0705	41.9363	0	0	0	
2024-06-10 12:40:36	609	1595	5	0	0	0	1	0	0	0	1	0	0	4.75	1	0	0	0	1	0	0	4.113		99.9411	47.1324	0.0529051	0	0.529363	0.0809434	15.7989	2		0	12.0793	43.1058	0	0	0	
2024-06-10 13:00:39	750	1596	1	0	0	7.25	30	0	0	0	30	0	0	0.5	30	0	0	0	30	0	0	5.845		99.9318	45.1357	0.0516171	0	0.516523	0.030692	21.9065	2		0	12.0793	37.6481	0	0	0	
2024-06-10 12:50:16	678	1597	5	0	0	5	21	0	0	0	21	0	0	0.25	21	0	0	0	21	0	0	4.113		99.9304	45.3318	0.0471218	0	0.471546	0.41533	14.0733	1		0	12.0705	38.0379	0	0	0	
2024-06-10 12:49:52	675	1598	5	0	0	5	21	0	0	0	21	0	0	6.75	21	0	0	0	21	0	0	1.515		99.9291	45.3504	0.167411	0	1.6753	0.766957	18.4209	1		0	12.0705	38.0379	0	0	0	
2024-06-10 12:45:51	645	1599	1	0	0	3	13	0	0	0	13	0	0	2.25	13	0	0	0	13	0	0	0.649		99.9382	45.2182	0.390817	0	3.91059	0.0150182	18.4282	2		0	12.0705	38.8176	0	0	0	
2024-06-10 12:44:21	634	1600	1	0	0	2	9	0	0	0	9	0	0	0	9	0	0	0	9	0	0	1.732		99.9359	44.8249	0.142055	0	1.42146	0.158287	17.8626	2		0.0088623	12.0705	39.8571	0	0	0	
2024-06-10 12:59:00	739	1601	9	0	0	6.5	27	0	0	0	27	0	0	7.25	27	0	0	0	27	0	0	0.649		99.9323	45.1313	0.395613	0	3.95881	0.279764	18.6554	2		0	12.0705	37.6481	0	0	0	
2024-06-10 12:55:03	711	1602	9	0	0	7.75	32	0	0	0	32	0	0	7.25	32	0	0	0	32	0	0	0.433		99.928	45.1958	0.593707	0	5.94134	0.525076	18.6653	1		0	12.0705	37.6481	0	0	0	
2024-06-10 13:00:49	751	1603	1	0	0	7.5	31	0	0	0	31	0	0	0.25	31	0	0	0	31	0	0	6.278		99.9337	45.4511	0.036276	0	0.363	0.779376	16.5358	1		0	12.0705	37.6481	0	0	0	
2024-06-10 12:57:19	729	1604	1	0	0	0.75	4	0	0	0	4	0	0	1	4	0	0	0	4	0	0	0.216		99.936	45.3058	1.03249	0	10.3315	0.221069	16.2287	2		0	12.0705	37.6481	0	0	0	
2024-06-10 12:59:57	745	1605	1	0	0	5.5	23	0	0	0	23	0	0	2.25	23	0	0	0	23	0	0	2.814		99.9288	45.3157	0.0932356	0	0.93302	0.0308533	19.0526	2		0	11.973	37.6481	0	0	0	
2024-06-10 12:47:32	658	1606	5	0	0	4	17	0	0	0	17	0	0	6.75	17	0	0	0	17	0	0	2.381		99.9378	44.5203	0.0812651	0	0.813156	0.0986266	14.0503	1		0	12.0705	38.5577	0	0	0	
2024-06-10 12:45:51	645	1607	9	0	0	3	13	0	0	0	13	0	0	5.25	13	0	0	0	13	0	0	1.948		99.9382	45.2182	0.112716	0	1.12786	0.170529	15.9447	2		0	12.0705	38.8176	0	0	0	
2024-06-10 12:46:23	649	1608	9	0	0	3	13	0	0	0	13	0	0	4	13	0	0	0	13	0	0	0.866		99.9372	45.2136	0.272257	0	2.72428	0.587664	17.1171	1		0	12.0705	38.9475	0	0	0	
2024-06-10 12:44:45	637	1609	5	0	0	2	9	0	0	0	9	0	0	7.25	9	0	0	0	9	0	0	4.546		99.9384	44.7311	0.0470798	0	0.471088	0.662691	15.5397	2		0	12.0705	39.5972	0	0	0	
2024-06-10 12:53:18	698	1610	9	0	0	7	29	0	0	0	29	0	0	7.5	29	0	0	0	29	0	0	0.433		99.9331	44.7994	0.586373	0	5.86765	0.854714	18.4338	1		0	12.0705	37.778	0	0	0	
2024-06-10 12:53:26	699	1611	9	0	0	7	29	0	0	0	29	0	0	6.25	29	0	0	0	29	0	0	0.649		99.9309	44.7755	0.42117	0	4.21461	0.0117354	19.8609	2		0	12.0705	37.778	0	0	0	
2024-06-10 12:42:49	624	1612	9	0	0	1	5	0	0	0	5	0	0	5.75	5	0	0	0	5	0	0	4.113		99.9418	45.4256	0.0531325	0	0.531634	0.430757	15.8667	1		0	12.0793	40.7668	0	0	0	
2024-06-10 12:42:12	620	1613	9	0	0	1	5	0	0	0	5	0	0	4.5	5	0	0	0	5	0	0	3.031		99.9402	45.6359	0.0694361	0	0.694776	0.0508471	15.2789	2		0	12.0705	41.1566	0	0	0	
2024-06-10 12:50:49	682	1614	1	0	0	6	25	0	0	0	25	0	0	3.5	25	0	0	0	25	0	0	2.165		99.9266	44.9072	0.0903008	0	0.903671	0.0744979	14.1948	2		0	12.0705	38.0379	0	0	0	
2024-06-10 12:47:52	661	1615	1	0	0	4	17	0	0	0	17	0	0	0	17	0	0	0	17	0	0	3.464		99.9342	44.4779	0.0623869	0	0.624279	0.584775	15.6898	1		0	11.973	38.5577	0	0	0	
2024-06-10 12:54:38	708	1616	1	0	0	7.75	32	0	0	0	32	0	0	2.5	32	0	0	0	32	0	0	4.546		99.9321	45.2064	0.0462514	0	0.462829	0.423042	15.2672	1		0	12.0705	37.6481	0	0	0	
2024-06-10 12:45:27	642	1617	1	0	0	2	9	0	0	0	9	0	0	2.5	9	0	0	0	9	0	0	0.433		99.9405	44.6974	0.581493	0	5.81839	0.775181	18.279	1		0	12.0793	39.3374	0	0	0	
2024-06-10 12:53:11	697	1618	1	0	0	7	29	0	0	0	29	0	0	1	29	0	0	0	29	0	0	5.195		99.9277	44.7672	0.0408508	0	0.408803	0.389477	15.4115	1		0	12.0705	37.6481	0	0	0	
2024-06-10 12:40:57	611	1619	5	0	0	0	1	0	0	0	1	0	0	5.25	1	0	0	0	1	0	0	4.546		99.9421	46.7955	0.0504445	0	0.504737	0.0564001	16.6496	2		0	12.0705	42.586	0	0	0	
2024-06-10 12:40:22	608	1620	9	0	0	0	1	0	0	0	1	0	0	4	1	0	0	0	1	0	0	3.464		99.9431	47.4822	0.0671014	0	0.671396	0.0327617	16.874	2		0	12.0882	42.9758	0	0	0	
2024-06-10 12:55:32	715	1621	5	0	0	7.75	32	0	0	0	32	0	0	1.75	32	0	0	0	32	0	0	5.195		99.9343	45.2231	0.0403467	0	0.403732	0.751591	15.2203	1		0	12.0705	37.6481	0	0	0	
2024-06-10 12:49:31	673	1622	9	0	0	5	21	0	0	0	21	0	0	6	21	0	0	0	21	0	0	0.866		99.9293	45.288	0.400865	0	4.01149	0.0186863	25.2049	2		0	12.0705	38.0379	0	0	0	
2024-06-10 12:48:50	669	1623	5	0	0	5	21	0	0	0	21	0	0	4.75	21	0	0	0	21	0	0	0.216		99.9326	45.3429	1.13914	0	11.3991	0.448416	17.9057	2		0	12.0705	38.2978	0	0	0	
2024-06-10 12:46:09	647	1624	1	0	0	3	13	0	0	0	13	0	0	1.5	13	0	0	0	13	0	0	1.299		99.9307	45.2327	0.16402	0	1.64134	0.596211	15.4692	1		0	12.0705	39.0775	0	0	0	
2024-06-10 12:54:52	710	1625	9	0	0	7.75	32	0	0	0	32	0	0	6.5	32	0	0	0	32	0	0	1.082		99.9322	45.1365	0.228565	0	2.2872	0.0588424	17.9636	2		0	12.0705	37.6481	0	0	0	
2024-06-10 12:56:30	722	1626	9	0	0	2.25	10	0	0	0	10	0	0	5.5	10	0	0	0	10	0	0	2.814		99.9316	45.1435	0.0864009	0	0.8646	0.527835	17.6554	1		0	12.0705	37.6481	0	0	0	
2024-06-10 13:03:09	766	1627	1	0	0	3	13	0	0	4.75	13	0	0	1.25	13	0	0	6.5	13	0	0	0.908		99.9323	20.4896	0.0972871	0	0.973531	1.39014	10.7045	4		0	12.0705	37.5181	0	0	0	
2024-06-10 12:47:45	660	1628	5	0	0	4	17	0	0	0	17	0	0	6	17	0	0	0	17	0	0	1.732		99.9357	44.4921	0.126056	0	1.26137	0.468262	15.8509	1		0	12.0705	38.5577	0	0	0	
2024-06-10 12:47:24	657	1629	5	0	0	4	17	0	0	0	17	0	0	4.75	17	0	0	0	17	0	0	0.649		99.9329	44.5435	0.386432	0	3.86692	0.751753	18.2224	1		0	12.0705	38.5577	0	0	0	
2024-06-10 12:41:55	618	1630	5	0	0	0	1	0	0	0	1	0	0	2.25	1	0	0	0	1	0	0	1.948		99.9425	46.2014	0.113691	0	1.13756	0.387113	16.0819	1		0	12.0705	41.5464	0	0	0	
2024-06-10 13:02:59	765	1631	1	0	0	3.25	14	0	0	4.5	14	0	0	2	14	0	0	5.75	14	0	0	0.649		99.9349	20.2153	0.248352	0	2.48513	0.0944777	19.5182	2		0	12.0705	37.6481	0	0	0	
2024-06-10 12:46:56	653	1632	5	0	0	3	13	0	0	0	13	0	0	3.25	13	0	0	0	13	0	0	0.216		99.9336	45.1881	0.991425	0	9.92084	0.905286	15.5836	1		0	12.0705	38.8176	0	0	0	
2024-06-10 12:44:10	633	1633	5	0	0	2	9	0	0	0	9	0	0	7.75	9	0	0	0	9	0	0	4.979		99.9349	44.8578	0.0418947	0	0.41922	0.10864	15.1457	2		0	12.0705	39.9871	0	0	0	
2024-06-10 12:44:00	632	1634	9	0	0	2	9	0	0	0	9	0	0	6.5	9	0	0	0	9	0	0	3.897		99.9392	44.9146	0.0529693	0	0.530016	0.162885	14.9858	2		0	12.0705	39.9871	0	0	0	
2024-06-10 12:53:37	700	1635	5	0	0	7	29	0	0	0	29	0	0	5.5	29	0	0	0	29	0	0	1.299		99.927	44.7867	0.210346	0	2.10499	0.954331	19.8391	1		0	12.0705	37.778	0	0	0	
2024-06-10 12:52:54	695	1636	5	0	0	7	29	0	0	0	29	0	0	4.25	29	0	0	0	29	0	0	2.381		99.9289	44.7689	0.0850306	0	0.850911	0.137379	14.7027	1		0	12.0705	37.778	0	0	0	
2024-06-10 12:42:32	622	1637	5	0	0	1	5	0	0	0	5	0	0	5	5	0	0	0	5	0	0	3.464		99.9401	45.4853	0.068757	0	0.687982	0.121631	17.2909	2		0	12.0705	41.0267	0	0	0	
2024-06-10 12:42:22	621	1638	1	0	0	1	5	0	0	0	5	0	0	3.75	5	0	0	0	5	0	0	2.381		99.9392	45.5462	0.0887503	0	0.888043	0.0565763	15.3443	2		0	12.0705	41.1566	0	0	0	
2024-06-10 12:50:39	681	1639	1	0	0	6	25	0	0	0	25	0	0	2.75	25	0	0	0	25	0	0	2.814		99.9267	44.9066	0.0695859	0	0.69637	0.0734132	14.2201	2		0	12.0793	38.0379	0	0	0	
2024-06-10 12:49:21	672	1640	1	0	0	5	21	0	0	0	21	0	0	2.25	21	0	0	0	21	0	0	2.381		99.9307	45.3001	0.0817279	0	0.817846	0.117911	14.1314	2		0	12.0705	38.1678	0	0	0	
2024-06-10 12:53:26	699	1641	1	0	0	7	29	0	0	0	29	0	0	0.25	29	0	0	0	29	0	0	5.845		99.9309	44.7755	0.0350408	0	0.35065	0.423654	14.8716	2		0	12.0705	37.778	0	0	0	
2024-06-10 12:41:24	614	1642	1	0	0	0	1	0	0	0	1	0	0	3.25	1	0	0	0	1	0	0	2.814		99.9439	46.5568	0.0721135	0	0.72154	0.340032	14.7341	1		0	12.0705	42.0662	0	0	0	
2024-06-10 12:46:40	651	1643	9	0	0	3	13	0	0	0	13	0	0	7.25	13	0	0	0	13	0	0	3.68		99.9368	45.1776	0.0573806	0	0.574168	0.10936	15.3323	1		0	12.0616	38.9475	0	0	0	
2024-06-10 12:50:59	683	1644	5	0	0	6	25	0	0	0	25	0	0	6.75	25	0	0	0	25	0	0	0.649		99.9286	44.8866	0.441161	0	4.41476	0.0123289	20.8041	2		0	12.0705	37.908	0	0	0	
2024-06-10 12:55:47	717	1645	9	0	0	3.75	16	0	0	0	16	0	0	4	16	0	0	0	16	0	0	0.216		99.9328	44.8207	0.864461	0	8.65042	0.108393	13.5881	2		0	12.0705	37.6481	0	0	0	
2024-06-10 12:55:40	716	1646	1	0	0	7.75	32	0	0	0	32	0	0	1	32	0	0	0	32	0	0	5.845		99.936	45.2244	0.0364113	0	0.364346	0.149716	15.4525	1		0	12.0705	37.6481	0	0	0	
2024-06-10 12:48:50	669	1647	9	0	0	5	21	0	0	0	21	0	0	5.25	21	0	0	0	21	0	0	0.216		99.9326	45.3429	1.30002	0	13.009	0.265386	20.4345	2		0	12.0705	38.2978	0	0	0	
2024-06-10 12:49:21	672	1648	9	0	0	5	21	0	0	0	21	0	0	4	21	0	0	0	21	0	0	0.866		99.9307	45.3001	0.284274	0	2.84471	0.0223696	17.8738	2		0	12.0705	38.1678	0	0	0	
2024-06-10 12:46:23	649	1649	1	0	0	3	13	0	0	0	13	0	0	0.75	13	0	0	0	13	0	0	1.948		99.9372	45.2136	0.104765	0	1.04831	0.577474	14.8201	1		0	12.0705	38.9475	0	0	0	
2024-06-10 12:43:42	630	1650	1	0	0	1	5	0	0	0	5	0	0	1.75	5	0	0	0	5	0	0	0.649		99.9405	45.0546	0.378572	0	3.78798	0.209835	17.8504	2		0	12.0705	40.117	0	0	0	
2024-06-10 12:48:36	667	1651	1	0	0	4	17	0	0	0	17	0	0	2	17	0	0	0	17	0	0	1.732		99.9365	44.4846	0.117141	0	1.17216	0.188399	14.7298	1		0	12.0705	38.2978	0	0	0	
2024-06-10 12:54:38	708	1652	9	0	0	7.75	32	0	0	0	32	0	0	5.75	32	0	0	0	32	0	0	1.732		99.9321	45.2064	0.140342	0	1.40437	0.0737058	17.6478	1		0	12.0705	37.6481	0	0	0	
2024-06-10 12:54:12	705	1653	5	0	0	7.75	32	0	0	0	32	0	0	4.5	32	0	0	0	32	0	0	2.814		99.9329	45.1319	0.0748906	0	0.749408	0.147613	15.3032	2		0	12.0705	37.6481	0	0	0	
2024-06-10 12:58:09	734	1654	1	0	0	2.25	10	0	0	0	10	0	0	3.5	10	0	0	0	10	0	0	1.082		99.9286	45.0937	0.210366	0	2.10516	0.222343	16.5339	2		0	12.0705	37.6481	0	0	0	
2024-06-10 12:57:11	728	1655	9	0	0	0.25	2	0	0	0	2	0	0	7.5	2	0	0	0	2	0	0	6.278		99.9335	45.0487	0.0345192	0	0.345421	0.780866	15.735	1		0	12.0705	37.6481	0	0	0	
2024-06-10 12:52:19	691	1656	5	0	0	6	25	0	0	0	25	0	0	1.75	25	0	0	0	25	0	0	3.68		99.9296	44.9847	0.0621236	0	0.621674	0.740927	16.6009	1		0	12.0705	37.778	0	0	0	
2024-06-10 12:47:38	659	1657	5	0	0	4	17	0	0	0	17	0	0	5.25	17	0	0	0	17	0	0	1.082		99.9325	44.4865	0.236593	0	2.36753	0.469158	18.5945	1		0	11.973	38.5577	0	0	0	
2024-06-10 12:41:49	617	1658	1	0	0	0	1	0	0	0	1	0	0	1.5	1	0	0	0	1	0	0	1.299		99.9424	46.2715	0.149524	0	1.4961	0.804217	14.1004	1		0	12.0705	41.6764	0	0	0	
2024-06-10 12:45:41	644	1659	1	0	0	3	13	0	0	0	13	0	0	2.5	13	0	0	0	13	0	0	0.433		99.9378	45.2319	0.5924	0	5.92769	0.235744	18.6224	2		0	11.973	39.2074	0	0	0	
2024-06-10 12:45:05	639	1660	5	0	0	2	9	0	0	0	9	0	0	5.75	9	0	0	0	9	0	0	3.247		99.939	44.6989	0.0677129	0	0.677542	0.312353	15.9642	1		0	12.0705	39.4673	0	0	0	
2024-06-10 12:44:38	636	1661	9	0	0	2	9	0	0	0	9	0	0	4.5	9	0	0	0	9	0	0	2.165		99.9354	44.8174	0.0987701	0	0.988339	0.510126	15.5248	1		0	12.0705	39.7272	0	0	0	
2024-06-10 12:53:37	700	1662	1	0	0	7	29	0	0	0	29	0	0	3.5	29	0	0	0	29	0	0	3.031		99.927	44.7867	0.0643967	0	0.644438	0.568117	14.1719	1		0	12.0705	37.778	0	0	0	
2024-06-10 12:43:24	628	1663	1	0	0	1	5	0	0	0	5	0	0	3	5	0	0	0	5	0	0	1.732		99.9385	45.2199	0.121013	0	1.21087	0.645733	15.2163	1		0	12.0705	40.3769	0	0	0	
2024-06-10 12:41:07	612	1664	5	0	0	0	1	0	0	0	1	0	0	7.25	1	0	0	0	1	0	0	6.278		99.9385	46.6545	0.0355749	0	0.355968	0.22447	16.2155	2		0	12.0705	42.3261	0	0	0	
2024-06-10 12:49:52	675	1665	1	0	0	5	21	0	0	0	21	0	0	1.5	21	0	0	0	21	0	0	3.031		99.9291	45.3504	0.0627534	0	0.627979	0.410221	13.81	1		0	12.0705	38.0379	0	0	0	
2024-06-10 12:45:05	639	1666	1	0	0	2	9	0	0	0	9	0	0	1.25	9	0	0	0	9	0	0	0.649		99.939	44.6989	0.368938	0	3.69163	0.723919	17.3964	1		0	12.0705	39.4673	0	0	0	
2024-06-10 13:01:06	753	1667	1	0	0	1.5	7	0	0	0	7	0	0	0.25	7	0	0	0	7	0	0	1.082		99.9335	44.5065	0.196342	0	1.96472	0.327174	15.4309	2		0	12.0705	37.6481	0	0	0	
2024-06-10 12:41:55	618	1668	1	0	0	0	1	0	0	0	1	0	0	2.5	1	0	0	0	1	0	0	2.165		99.9425	46.2014	0.0925085	0	0.925618	0.423064	14.5396	1		0	12.0705	41.5464	0	0	0	
2024-06-10 13:00:17	747	1669	1	0	0	6.25	26	0	0	0	26	0	0	1.5	26	0	0	0	26	0	0	4.113		99.933	45.3827	0.0498243	0	0.498577	0.696136	14.8801	1		0	12.0705	37.6481	0	0	0	
2024-06-10 13:02:25	761	1670	9	0	0	7.25	30	0	0	0	30	0	0	6.5	30	0	0	0	30	0	0	0.649		99.9356	45.2783	0.411044	0	4.11308	0.0131879	19.3825	2		0	12.0793	37.6481	0	0	0	
2024-06-10 12:46:30	650	1671	5	0	0	3	13	0	0	0	13	0	0	7.75	13	0	0	0	13	0	0	4.113		99.9343	45.1624	0.0489674	0	0.489995	0.105046	14.624	2		0.0088623	12.0705	38.9475	0	0	0	
2024-06-10 12:46:16	648	1672	5	0	0	3	13	0	0	0	13	0	0	6.5	13	0	0	0	13	0	0	3.031		99.9363	45.2406	0.0679303	0	0.679736	0.0891012	14.9482	1		0	12.0705	39.0775	0	0	0	
2024-06-10 12:42:57	625	1673	5	0	0	1	5	0	0	0	5	0	0	7	5	0	0	0	5	0	0	5.195		99.9387	45.3165	0.041658	0	0.416835	0.555671	15.7143	2		0	12.0705	40.6368	0	0	0	
2024-06-10 12:51:30	686	1674	5	0	0	6	25	0	0	0	25	0	0	4.75	25	0	0	0	25	0	0	1.082		99.9291	44.901	0.276366	0	2.76562	0.0862925	21.7211	2		0	12.0705	37.778	0	0	0	
2024-06-10 12:55:25	714	1675	1	0	0	7.75	32	0	0	0	32	0	0	0.25	32	0	0	0	32	0	0	6.494		99.9339	45.2014	0.0323391	0	0.323605	0.839054	15.2495	1		0	12.0705	37.6481	0	0	0	
2024-06-10 12:50:24	679	1676	5	0	0	5	21	0	0	0	21	0	0	3.25	21	0	0	0	21	0	0	1.515		99.9308	45.3673	0.137317	0	1.37412	0.899811	15.1093	1		0	12.0705	38.0379	0	0	0	
2024-06-10 12:46:40	651	1677	1	0	0	3	13	0	0	0	13	0	0	0	13	0	0	0	13	0	0	2.598		99.9368	45.1776	0.081115	0	0.811663	0.267739	15.2995	1		0	12.0616	38.9475	0	0	0	
2024-06-10 12:55:57	718	1678	9	0	0	3.5	15	0	0	0	15	0	0	4.25	15	0	0	0	15	0	0	0.649		99.9308	44.2855	0.343596	0	3.43834	0.93102	16.2028	1		0	12.0705	37.6481	0	0	0	
2024-06-10 12:47:24	657	1679	1	0	0	4	17	0	0	0	17	0	0	1.25	17	0	0	0	17	0	0	2.381		99.9329	44.5435	0.0820473	0	0.821024	0.324704	14.1863	1		0	12.0705	38.5577	0	0	0	
2024-06-10 12:54:23	706	1680	5	0	0	7.75	32	0	0	0	32	0	0	5	32	0	0	0	32	0	0	2.381		99.9323	45.1674	0.0959138	0	0.959788	0.648807	16.5839	1		0	12.0616	37.778	0	0	0	
2024-06-10 12:55:18	713	1681	5	0	0	7.75	32	0	0	0	32	0	0	3.75	32	0	0	0	32	0	0	3.464		99.9368	45.2174	0.0583665	0	0.584034	0.0792974	14.6784	1		0	12.0705	37.6481	0	0	0	
2024-06-10 13:04:03	771	1682	1	0	0	1.25	6	0	0	6.5	6	0	0	3	6	0	0	4.75	6	0	0	0.908		99.9346	20.6444	0.078306	0	0.783572	2.57258	8.61583	4		0	12.0793	37.6481	0	0	0	
2024-06-10 12:52:26	692	1683	5	0	0	6	25	0	0	0	25	0	0	1	25	0	0	0	25	0	0	4.33		99.9301	44.9765	0.05367	0	0.537076	0.297202	16.8727	1		0	12.0705	37.778	0	0	0	
2024-06-10 12:48:43	668	1684	1	0	0	4	17	0	0	0	17	0	0	3.25	17	0	0	0	17	0	0	0.649		99.9345	44.4382	0.365386	0	3.65626	0.45176	17.2297	1		0	12.0793	38.2978	0	0	0	
2024-06-10 12:40:57	611	1685	1	0	0	0	1	0	0	0	1	0	0	0.75	1	0	0	0	1	0	0	0.649		99.9421	46.7955	0.343358	0	3.43557	0.0761583	16.1898	2		0	12.0705	42.586	0	0	0	
2024-06-10 13:03:34	768	1686	1	0	0	3.5	15	0	0	4.25	15	0	0	3.75	15	0	0	4	15	0	0	0.13		99.9385	19.3712	0.677839	0	6.78256	0.743602	10.654	1		0	12.0705	37.6481	0	0	0	
2024-06-10 12:44:38	636	1687	5	0	0	2	9	0	0	0	9	0	0	5	9	0	0	0	9	0	0	2.598		99.9354	44.8174	0.0841137	0	0.841681	0.030171	15.8653	1		0	12.0705	39.7272	0	0	0	
2024-06-10 12:45:12	640	1688	5	0	0	2	9	0	0	0	9	0	0	3.75	9	0	0	0	9	0	0	1.515		99.9353	44.6902	0.151659	0	1.51757	0.843719	16.6865	1		0	12.0705	39.4673	0	0	0	
2024-06-10 12:53:44	701	1689	5	0	0	7	29	0	0	0	29	0	0	2.75	29	0	0	0	29	0	0	3.68		99.9306	44.8017	0.0541184	0	0.54156	0.440865	14.4616	1		0	12.0705	37.778	0	0	0	
2024-06-10 12:52:33	693	1690	1	0	0	7	29	0	0	0	29	0	0	2.25	29	0	0	0	29	0	0	4.113		99.9333	44.7245	0.0478896	0	0.479215	0.0396304	14.3022	2		0	12.0705	37.778	0	0	0	
2024-06-10 12:40:47	610	1691	5	0	0	0	1	0	0	0	1	0	0	7.75	1	0	0	0	1	0	0	6.711		99.943	46.9704	0.0332922	0	0.333112	0.100714	16.2208	2		0	12.0705	42.8459	0	0	0	
2024-06-10 12:41:24	614	1692	9	0	0	0	1	0	0	0	1	0	0	6.5	1	0	0	0	1	0	0	5.628		99.9439	46.5568	0.0385075	0	0.385292	0.195953	15.7356	1		0	12.0705	42.0662	0	0	0	
2024-06-10 12:50:16	678	1693	1	0	0	5	21	0	0	0	21	0	0	0.75	21	0	0	0	21	0	0	3.68		99.9304	45.3318	0.0576031	0	0.576432	0.580218	15.3928	1		0	12.0705	38.0379	0	0	0	
2024-06-10 12:50:00	676	1694	5	0	0	5	21	0	0	0	21	0	0	7.25	21	0	0	0	21	0	0	1.948		99.9317	45.3568	0.122459	0	1.22543	0.463338	17.324	1		0	12.0705	38.0379	0	0	0	
2024-06-10 13:02:14	760	1695	9	0	0	5.75	24	0	0	0	24	0	0	4	24	0	0	0	24	0	0	1.515		99.9328	45.9731	0.137756	0	1.37849	0.0840519	15.1573	2		0	12.0705	37.6481	0	0	0	
2024-06-10 12:58:29	736	1696	9	0	0	4.5	19	0	0	0	19	0	0	5.25	19	0	0	0	19	0	0	0.649		99.932	45.044	0.490005	0	4.90338	0.206658	23.1066	2		0	12.0705	37.6481	0	0	0	
2024-06-10 13:03:41	769	1697	1	0	0	2.75	12	0	0	5	12	0	0	3.5	12	0	0	4.25	12	0	0	0.389		99.9361	20.4019	0.407203	0	4.07463	1.75289	19.2013	4		0	12.0705	37.5181	0	0	0	
2024-06-10 12:44:00	632	1698	1	0	0	2	9	0	0	0	9	0	0	0.5	9	0	0	0	9	0	0	1.299		99.9392	44.9146	0.157687	0	1.57783	0.405294	14.8707	2		0	12.0705	39.9871	0	0	0	
2024-06-10 12:57:04	727	1699	9	0	0	0.5	3	0	0	0	3	0	0	7.25	3	0	0	0	3	0	0	5.845		99.9317	45.0685	0.0425998	0	0.426289	0.41522	18.0796	1		0	12.0705	37.5181	0	0	0	
2024-06-10 12:47:24	657	1700	9	0	0	4	17	0	0	0	17	0	0	7.25	17	0	0	0	17	0	0	2.814		99.9329	44.5435	0.0690166	0	0.690629	0.220727	14.1029	1		0	12.0705	38.5577	0	0	0	
2024-06-10 12:46:40	651	1701	5	0	0	3	13	0	0	0	13	0	0	5.75	13	0	0	0	13	0	0	2.381		99.9368	45.1776	0.0878152	0	0.878707	0.258402	15.183	1		0	12.0616	38.9475	0	0	0	
2024-06-10 12:46:23	649	1702	5	0	0	3	13	0	0	0	13	0	0	4.5	13	0	0	0	13	0	0	1.299		99.9372	45.2136	0.169169	0	1.69275	0.5032	15.9538	1		0	12.0705	38.9475	0	0	0	
2024-06-10 12:53:01	696	1703	5	0	0	7	29	0	0	0	29	0	0	6.75	29	0	0	0	29	0	0	0.216		99.9268	44.7345	0.992841	0	9.93568	0.0696394	15.6069	2		0	12.0705	37.778	0	0	0	
2024-06-10 12:42:49	624	1704	5	0	0	1	5	0	0	0	5	0	0	7.5	5	0	0	0	5	0	0	5.628		99.9418	45.4256	0.0385812	0	0.386037	0.805619	15.766	1		0	12.0793	40.7668	0	0	0	
2024-06-10 12:42:42	623	1705	9	0	0	1	5	0	0	0	5	0	0	6.25	5	0	0	0	5	0	0	4.546		99.9395	45.4376	0.0524393	0	0.524711	0.154223	17.3085	1		0	12.0705	40.8967	0	0	0	
2024-06-10 12:50:39	681	1706	9	0	0	6	25	0	0	0	25	0	0	5.25	25	0	0	0	25	0	0	0.649		99.9267	44.9066	0.578552	0	5.78976	0.421588	27.2836	2		0	12.0793	38.0379	0	0	0	
2024-06-10 12:50:59	683	1707	9	0	0	6	25	0	0	0	25	0	0	4	25	0	0	0	25	0	0	1.732		99.9286	44.8866	0.119936	0	1.20022	0.0773286	15.0824	2		0	12.0705	37.908	0	0	0	
2024-06-10 12:49:31	673	1708	1	0	0	5	21	0	0	0	21	0	0	2.5	21	0	0	0	21	0	0	2.165		99.9293	45.288	0.0989671	0	0.99037	0.308285	15.5567	2		0	12.0705	38.0379	0	0	0	
2024-06-10 12:42:12	620	1709	1	0	0	1	5	0	0	0	5	0	0	0.25	5	0	0	0	5	0	0	0.649		99.9402	45.6359	0.358206	0	3.5842	0.346777	16.8902	2		0	12.0705	41.1566	0	0	0	
2024-06-10 12:48:36	667	1710	5	0	0	4	17	0	0	0	17	0	0	0.5	17	0	0	0	17	0	0	3.031		99.9365	44.4846	0.0672312	0	0.672739	0.163065	14.7943	1		0	12.0705	38.2978	0	0	0	
2024-06-10 12:54:23	706	1711	1	0	0	7.75	32	0	0	0	32	0	0	3	32	0	0	0	32	0	0	4.113		99.9323	45.1674	0.0491107	0	0.491439	0.969855	14.6671	1		0	12.0616	37.778	0	0	0	
2024-06-10 12:52:26	692	1712	1	0	0	6	25	0	0	0	25	0	0	0.25	25	0	0	0	25	0	0	4.979		99.9301	44.9765	0.0410078	0	0.410364	0.14776	14.8258	1		0	12.0705	37.778	0	0	0	
2024-06-10 12:59:47	744	1713	1	0	0	5.25	22	0	0	0	22	0	0	2.5	22	0	0	0	22	0	0	2.381		99.9293	45.6856	0.170538	0	1.70658	0.00118053	29.4876	2		0	12.0705	37.6481	0	0	0	
2024-06-10 12:47:45	660	1714	1	0	0	4	17	0	0	0	17	0	0	2.5	17	0	0	0	17	0	0	1.299		99.9357	44.4921	0.163245	0	1.6335	0.522342	15.3954	1		0	12.0705	38.5577	0	0	0	
2024-06-10 12:45:12	640	1715	1	0	0	2	9	0	0	0	9	0	0	3	9	0	0	0	9	0	0	0.866		99.9353	44.6902	0.277338	0	2.77518	0.789157	17.437	1		0	12.0705	39.4673	0	0	0	
2024-06-10 12:53:18	698	1716	1	0	0	7	29	0	0	0	29	0	0	1.5	29	0	0	0	29	0	0	4.762		99.9331	44.7994	0.0420388	0	0.420669	0.223942	14.5373	1		0	12.0705	37.778	0	0	0	
2024-06-10 12:41:16	613	1717	9	0	0	0	1	0	0	0	1	0	0	5.75	1	0	0	0	1	0	0	4.979		99.9383	46.6119	0.0450541	0	0.450819	0.0089698	16.2873	1		0	11.973	42.1962	0	0	0	
2024-06-10 12:40:36	609	1718	9	0	0	0	1	0	0	0	1	0	0	4.5	1	0	0	0	1	0	0	3.897		99.9411	47.1324	0.0548172	0	0.548495	0.0794669	15.5083	2		0	12.0793	43.1058	0	0	0	
2024-06-10 12:49:11	671	1719	1	0	0	5	21	0	0	0	21	0	0	0	21	0	0	0	21	0	0	4.33		99.9306	45.3062	0.0471378	0	0.471706	0.105603	14.8191	2		0.0088623	12.0705	38.2978	0	0	0	
2024-06-10 12:54:12	705	1720	1	0	0	7.75	32	0	0	0	32	0	0	2.25	32	0	0	0	32	0	0	4.762		99.9329	45.1319	0.042845	0	0.428737	0.283618	14.8161	2		0	12.0705	37.6481	0	0	0	
2024-06-10 12:49:00	670	1721	5	0	0	5	21	0	0	0	21	0	0	7.75	21	0	0	0	21	0	0	2.381		99.9296	45.3045	0.094423	0	0.944895	0.09865	16.3266	2		0	12.0705	38.2978	0	0	0	
2024-06-10 12:49:21	672	1722	5	0	0	5	21	0	0	0	21	0	0	6.5	21	0	0	0	21	0	0	1.299		99.9307	45.3001	0.210858	0	2.11004	0.101761	19.8867	2		0	12.0705	38.1678	0	0	0	
2024-06-10 12:46:30	650	1723	1	0	0	3	13	0	0	0	13	0	0	2	13	0	0	0	13	0	0	0.866		99.9343	45.1624	0.277972	0	2.78155	0.0117543	17.477	2		0.0088623	12.0705	38.9475	0	0	0	
2024-06-10 12:59:27	742	1724	1	0	0	4.5	19	0	0	0	19	0	0	3.25	19	0	0	0	19	0	0	1.082		99.9356	45.1229	0.19806	0	1.98188	0.0394213	15.5656	2		0	12.0705	37.6481	0	0	0	
2024-06-10 12:54:30	707	1725	5	0	0	7.75	32	0	0	0	32	0	0	7	32	0	0	0	32	0	0	0.649		99.9331	45.1813	0.397971	0	3.98237	0.920147	18.7665	1		0	12.0705	37.6481	0	0	0	
2024-06-10 13:02:04	759	1726	9	0	0	5.5	23	0	0	0	23	0	0	4.25	23	0	0	0	23	0	0	1.082		99.9323	45.5143	0.227853	0	2.28007	0.150652	17.9076	2		0	12.0705	37.6481	0	0	0	
2024-06-10 13:00:31	749	1727	1	0	0	6.75	28	0	0	0	28	0	0	1	28	0	0	0	28	0	0	4.979		99.9305	45.0952	0.0474351	0	0.474681	0.243571	17.1494	1		0	12.0705	37.6481	0	0	0	
2024-06-10 12:58:40	737	1728	9	0	0	4.25	18	0	0	0	18	0	0	5.5	18	0	0	0	18	0	0	1.082		99.9315	44.9753	0.25594	0	2.56116	0.323054	20.1153	2		0	12.0705	37.6481	0	0	0	
2024-06-10 12:48:00	662	1729	5	0	0	4	17	0	0	0	17	0	0	7.75	17	0	0	0	17	0	0	3.247		99.9329	44.5103	0.0597939	0	0.59834	0.0749406	14.0981	1		0	12.0705	38.5577	0	0	0	
2024-06-10 12:48:07	663	1730	9	0	0	4	17	0	0	0	17	0	0	6.5	17	0	0	0	17	0	0	2.165		99.9337	44.4903	0.0915886	0	0.916493	0.0478169	14.3962	1		0	12.0705	38.4277	0	0	0	
2024-06-10 12:45:41	644	1731	5	0	0	3	13	0	0	0	13	0	0	5	13	0	0	0	13	0	0	1.732		99.9378	45.2319	0.126921	0	1.27	0.00687365	15.9593	2		0	11.973	39.2074	0	0	0	
2024-06-10 12:46:47	652	1732	5	0	0	3	13	0	0	0	13	0	0	3.75	13	0	0	0	13	0	0	0.649		99.935	45.1937	0.391508	0	3.91762	0.703561	18.4614	1		0	12.0705	38.8176	0	0	0	
2024-06-10 12:44:21	634	1733	9	0	0	2	9	0	0	0	9	0	0	7	9	0	0	0	9	0	0	4.33		99.9359	44.8249	0.0470411	0	0.470713	0.0633903	14.7879	2		0.0088623	12.0705	39.8571	0	0	0	
2024-06-10 12:52:44	694	1734	5	0	0	7	29	0	0	0	29	0	0	6	29	0	0	0	29	0	0	0.866		99.9289	44.7175	0.313558	0	3.13781	0.101388	19.7154	2		0	12.0705	37.778	0	0	0	
2024-06-10 12:52:33	693	1735	9	0	0	7	29	0	0	0	29	0	0	4.75	29	0	0	0	29	0	0	1.948		99.9333	44.7245	0.114425	0	1.14502	0.280561	16.1873	2		0	12.0705	37.778	0	0	0	
2024-06-10 12:43:17	627	1736	9	0	0	1	5	0	0	0	5	0	0	5.5	5	0	0	0	5	0	0	3.897		99.9369	45.2192	0.0640522	0	0.640926	0.358378	18.1218	1		0	12.0705	40.5069	0	0	0	
2024-06-10 12:42:32	622	1737	9	0	0	1	5	0	0	0	5	0	0	4.25	5	0	0	0	5	0	0	2.814		99.9401	45.4853	0.074997	0	0.75042	0.0695221	15.3238	2		0	12.0705	41.0267	0	0	0	
2024-06-10 12:52:11	690	1738	5	0	0	6	25	0	0	0	25	0	0	3.25	25	0	0	0	25	0	0	2.381		99.9327	44.9436	0.0824735	0	0.82529	0.216599	14.26	1		0	12.0705	37.778	0	0	0	
2024-06-10 12:57:38	731	1739	1	0	0	0.25	2	0	0	0	2	0	0	1.5	2	0	0	0	2	0	0	1.082		99.9322	44.9794	0.19876	0	1.98895	0.321531	15.6212	2		0	12.0616	37.5181	0	0	0	
2024-06-10 12:53:44	701	1740	1	0	0	7	29	0	0	0	29	0	0	0.75	29	0	0	0	29	0	0	5.412		99.9306	44.8017	0.0393561	0	0.393835	0.60937	15.4659	1		0	12.0705	37.778	0	0	0	
2024-06-10 12:40:57	611	1741	9	0	0	0	1	0	0	0	1	0	0	5	1	0	0	0	1	0	0	4.33		99.9421	46.7955	0.0513129	0	0.513426	0.0620019	16.1298	2		0	12.0705	42.586	0	0	0	
2024-06-10 12:40:47	610	1742	1	0	0	0	1	0	0	0	1	0	0	3.75	1	0	0	0	1	0	0	3.247		99.943	46.9704	0.0661294	0	0.661672	0.106838	15.5903	2		0	12.0705	42.8459	0	0	0	
2024-06-10 13:02:35	762	1743	9	0	0	7.5	31	0	0	0	31	0	0	6.25	31	0	0	0	31	0	0	1.082		99.9329	45.5448	0.224259	0	2.24409	0.148156	17.625	2		0	12.0705	37.6481	0	0	0	
2024-06-10 12:59:10	740	1744	9	0	0	6.25	26	0	0	0	26	0	0	7.5	26	0	0	0	26	0	0	1.082		99.9326	45.2577	0.21918	0	2.19328	0.315901	17.226	2		0	11.973	37.5181	0	0	0	
2024-06-10 12:50:49	682	1745	5	0	0	6	25	0	0	0	25	0	0	7.25	25	0	0	0	25	0	0	1.082		99.9266	44.9072	0.248603	0	2.48785	0.154757	19.5396	2		0	12.0705	38.0379	0	0	0	
2024-06-10 12:54:52	710	1746	1	0	0	7.75	32	0	0	0	32	0	0	1.5	32	0	0	0	32	0	0	5.412		99.9322	45.1365	0.0380972	0	0.38123	0.425625	14.9709	2		0	12.0705	37.6481	0	0	0	
2024-06-10 12:49:11	671	1747	5	0	0	5	21	0	0	0	21	0	0	5.75	21	0	0	0	21	0	0	0.649		99.9306	45.3062	0.613697	0	6.14123	0.119184	28.9399	2		0.0088623	12.0705	38.2978	0	0	0	
2024-06-10 12:49:00	670	1748	9	0	0	5	21	0	0	0	21	0	0	4.5	21	0	0	0	21	0	0	0.433		99.9296	45.3045	0.681624	0	6.82104	0.027614	21.4289	2		0	12.0705	38.2978	0	0	0	
2024-06-10 12:46:47	652	1749	1	0	0	3	13	0	0	0	13	0	0	1.25	13	0	0	0	13	0	0	1.515		99.935	45.1937	0.138356	0	1.38446	0.516121	15.2229	1		0	12.0705	38.8176	0	0	0	
2024-06-10 12:43:52	631	1750	1	0	0	1	5	0	0	0	5	0	0	2.25	5	0	0	0	5	0	0	1.082		99.9405	45.1317	0.203163	0	2.03284	0.6325	15.9659	1		0	12.0705	40.117	0	0	0	
2024-06-10 12:57:28	730	1751	1	0	0	0.5	3	0	0	0	3	0	0	1.25	3	0	0	0	3	0	0	0.649		99.9312	45.0587	0.385822	0	3.86088	0.160597	18.194	2		0	12.0705	37.6481	0	0	0	
2024-06-10 12:56:22	721	1752	9	0	0	2.5	11	0	0	0	11	0	0	5.25	11	0	0	0	11	0	0	2.381		99.9283	44.7736	0.104376	0	1.04451	0.867909	18.0478	1		0	11.973	37.6481	0	0	0	
2024-06-10 12:55:11	712	1753	5	0	0	7.75	32	0	0	0	32	0	0	7.5	32	0	0	0	32	0	0	0.216		99.9302	45.2008	0.996212	0	9.96908	0.606086	15.6594	1		0	12.0705	37.6481	0	0	0	
2024-06-10 12:54:12	705	1754	9	0	0	7.75	32	0	0	0	32	0	0	6.25	32	0	0	0	32	0	0	1.299		99.9329	45.1319	0.184687	0	1.84811	0.428891	17.4181	2		0	12.0705	37.6481	0	0	0	
2024-06-10 12:59:20	741	1755	1	0	0	4.25	18	0	0	0	18	0	0	3.5	18	0	0	0	18	0	0	0.649		99.9334	45.0408	0.345564	0	3.45794	0.449045	16.2952	1		0	12.0705	37.6481	0	0	0	
2024-06-10 12:51:51	688	1756	1	0	0	6	25	0	0	0	25	0	0	2.25	25	0	0	0	25	0	0	3.247		99.9298	44.8975	0.0615625	0	0.616057	0.165978	14.5155	2		0	12.0705	37.908	0	0	0	
2024-06-10 13:01:53	758	1757	9	0	0	5.25	22	0	0	0	22	0	0	4.5	22	0	0	0	22	0	0	0.649		99.9307	45.8528	0.46261	0	4.62931	0.00831821	21.8151	2		0	12.0705	37.6481	0	0	0	
2024-06-10 12:47:45	660	1758	9	0	0	4	17	0	0	0	17	0	0	5.75	17	0	0	0	17	0	0	1.515		99.9357	44.4921	0.156686	0	1.56787	0.393434	17.2396	1		0	12.0705	38.5577	0	0	0	
2024-06-10 12:48:00	662	1759	9	0	0	4	17	0	0	0	17	0	0	4.5	17	0	0	0	17	0	0	0.433		99.9329	44.5103	0.551391	0	5.51762	0.584325	17.3341	1		0	12.0705	38.5577	0	0	0	
2024-06-10 12:42:02	619	1760	1	0	0	0	1	0	0	0	1	0	0	2	1	0	0	0	1	0	0	1.732		99.945	46.1064	0.160463	0	1.60552	0.589812	20.1755	2		0	12.0705	41.4165	0	0	0	
2024-06-10 12:44:31	635	1761	5	0	0	2	9	0	0	0	9	0	0	7.5	9	0	0	0	9	0	0	4.762		99.938	44.8487	0.0454132	0	0.454414	0.408226	15.7034	1		0.0088623	11.973	39.7272	0	0	0	
2024-06-10 12:44:21	634	1762	5	0	0	2	9	0	0	0	9	0	0	6.25	9	0	0	0	9	0	0	3.68		99.9359	44.8249	0.0574414	0	0.574783	0.0971008	15.3487	2		0.0088623	12.0705	39.8571	0	0	0	
2024-06-10 12:53:11	697	1763	9	0	0	7	29	0	0	0	29	0	0	5.25	29	0	0	0	29	0	0	1.515		99.9277	44.7672	0.172806	0	1.72931	0.638678	19.0148	1		0	12.0705	37.6481	0	0	0	
2024-06-10 12:52:33	693	1764	5	0	0	7	29	0	0	0	29	0	0	4	29	0	0	0	29	0	0	2.598		99.9333	44.7245	0.0754023	0	0.754526	0.0235001	14.2225	2		0	12.0705	37.778	0	0	0	
2024-06-10 12:43:24	628	1765	5	0	0	1	5	0	0	0	5	0	0	3.5	5	0	0	0	5	0	0	2.165		99.9385	45.2199	0.0946754	0	0.947337	0.369171	14.8807	1		0	12.0705	40.3769	0	0	0	
2024-06-10 12:51:09	684	1766	1	0	0	6	25	0	0	0	25	0	0	2.5	25	0	0	0	25	0	0	3.031		99.9275	44.8929	0.0746779	0	0.747321	0.0336058	16.4345	2		0	12.0705	37.908	0	0	0	
2024-06-10 13:01:46	757	1767	1	0	0	3.75	16	0	0	0	16	0	0	2	16	0	0	0	16	0	0	1.515		99.9279	45.083	0.144698	0	1.44802	0.0600944	15.9219	1		0	12.0705	37.6481	0	0	0	
2024-06-10 12:50:31	680	1768	1	0	0	5	21	0	0	0	21	0	0	2	21	0	0	0	21	0	0	2.598		99.9317	45.3607	0.078156	0	0.782094	0.896372	14.7421	1		0	12.0705	38.0379	0	0	0	
2024-06-10 12:45:19	641	1769	1	0	0	2	9	0	0	0	9	0	0	1.75	9	0	0	0	9	0	0	0.216		99.9379	44.6919	0.937867	0	9.3845	0.634746	14.7411	1		0	12.0705	39.3374	0	0	0	
2024-06-10 12:53:58	703	1770	1	0	0	7	29	0	0	0	29	0	0	0	29	0	0	0	29	0	0	6.061		99.9332	44.8366	0.0350237	0	0.350472	0.438134	15.4145	1		0	12.0705	37.6481	0	0	0	
2024-06-10 12:41:39	616	1771	5	0	0	0	1	0	0	0	1	0	0	3	1	0	0	0	1	0	0	2.598		99.9387	46.334	0.0777985	0	0.778461	0.0963946	14.6737	2		0	12.0705	41.6764	0	0	0	
2024-06-10 12:45:51	645	1772	5	0	0	3	13	0	0	0	13	0	0	7	13	0	0	0	13	0	0	3.464		99.9382	45.2182	0.0568197	0	0.568549	0.333339	14.2892	2		0	12.0705	38.8176	0	0	0	
2024-06-10 12:51:20	685	1773	5	0	0	6	25	0	0	0	25	0	0	7.75	25	0	0	0	25	0	0	1.515		99.9289	44.9123	0.157193	0	1.57305	0.0536282	17.2965	2		0	12.0705	37.908	0	0	0	
2024-06-10 12:51:30	686	1774	9	0	0	6	25	0	0	0	25	0	0	6.5	25	0	0	0	25	0	0	0.433		99.9291	44.901	0.664183	0	6.64654	0.0440993	20.8807	2		0	12.0705	37.778	0	0	0	
2024-06-10 12:55:11	712	1775	1	0	0	7.75	32	0	0	0	32	0	0	0.75	32	0	0	0	32	0	0	6.061		99.9302	45.2008	0.0353453	0	0.3537	0.192196	15.5565	1		0	12.0705	37.6481	0	0	0	
2024-06-10 12:50:07	677	1776	1	0	0	5	21	0	0	0	21	0	0	3.75	21	0	0	0	21	0	0	1.082		99.931	45.3057	0.214895	0	2.15043	0.111385	16.8894	2		0	12.0705	38.0379	0	0	0	
2024-06-10 12:47:02	654	1777	5	0	0	3	13	0	0	0	13	0	0	0.5	13	0	0	0	13	0	0	2.165		99.9317	45.1823	0.0945001	0	0.945647	0.250592	14.8542	1		0	12.0793	38.8176	0	0	0	
2024-06-10 12:43:31	629	1778	5	0	0	1	5	0	0	0	5	0	0	1.5	5	0	0	0	5	0	0	0.433		99.939	45.1286	0.581511	0	5.81866	0.000339966	18.2799	2		0	12.0705	40.3769	0	0	0	
2024-06-10 13:03:56	770	1779	1	0	0	2	9	0	0	5.75	9	0	0	3.25	9	0	0	4.5	9	0	0	0.649		99.938	20.5601	0.225065	0	2.25204	0.319441	17.6875	1		0	12.0793	37.778	0	0	0	
2024-06-10 12:48:29	666	1780	1	0	0	4	17	0	0	0	17	0	0	1.75	17	0	0	0	17	0	0	1.948		99.9312	44.4968	0.101406	0	1.01476	0.597564	14.3458	1		0	12.0705	38.2978	0	0	0	
2024-06-10 12:57:59	733	1781	1	0	0	2.5	11	0	0	0	11	0	0	3.25	11	0	0	0	11	0	0	0.649		99.9304	44.7588	0.395311	0	3.95587	0.193348	18.6416	2		0	12.0705	37.6481	0	0	0	
2024-06-10 12:54:38	708	1782	5	0	0	7.75	32	0	0	0	32	0	0	5.5	32	0	0	0	32	0	0	1.948		99.9321	45.2064	0.124202	0	1.24286	0.0796334	17.5706	1		0	12.0705	37.6481	0	0	0	
2024-06-10 12:54:45	709	1783	5	0	0	7.75	32	0	0	0	32	0	0	4.25	32	0	0	0	32	0	0	3.031		99.9316	45.1891	0.067747	0	0.677934	0.0625096	14.9085	1		0	11.973	37.6481	0	0	0	
2024-06-10 12:52:00	689	1784	5	0	0	6	25	0	0	0	25	0	0	1.5	25	0	0	0	25	0	0	3.897		99.9305	44.8896	0.0508845	0	0.509198	0.134233	14.3972	2		0	12.0705	37.778	0	0	0	
2024-06-10 12:47:38	659	1785	9	0	0	4	17	0	0	0	17	0	0	5	17	0	0	0	17	0	0	0.866		99.9325	44.4865	0.29658	0	2.9678	0.592628	18.6472	1		0	11.973	38.5577	0	0	0	
2024-06-10 12:47:32	658	1786	1	0	0	4	17	0	0	0	17	0	0	3.75	17	0	0	0	17	0	0	0.216		99.9378	44.5203	0.858195	0	8.58729	0.855407	13.4889	1		0	12.0705	38.5577	0	0	0	
2024-06-10 12:41:32	615	1787	1	0	0	0	1	0	0	0	1	0	0	1.25	1	0	0	0	1	0	0	1.082		99.9389	46.4937	0.182754	0	1.82865	0.930157	14.3622	1		0	12.0705	41.9363	0	0	0	
2024-06-10 12:44:55	638	1788	5	0	0	2	9	0	0	0	9	0	0	5.5	9	0	0	0	9	0	0	3.031		99.9389	44.6672	0.116202	0	1.16273	0.0169286	25.5698	2		0	12.0616	39.4673	0	0	0	
2024-06-10 12:44:45	637	1789	9	0	0	2	9	0	0	0	9	0	0	4.25	9	0	0	0	9	0	0	1.948		99.9384	44.7311	0.108138	0	1.08205	0.279856	15.2971	2		0	12.0705	39.5972	0	0	0	
2024-06-10 12:53:58	703	1790	5	0	0	7	29	0	0	0	29	0	0	3.25	29	0	0	0	29	0	0	3.247		99.9332	44.8366	0.0598488	0	0.598888	0.422522	14.111	1		0	12.0705	37.6481	0	0	0	
2024-06-10 12:43:42	630	1791	5	0	0	1	5	0	0	0	5	0	0	2.75	5	0	0	0	5	0	0	1.515		99.9405	45.0546	0.137708	0	1.3779	0.475881	15.1508	2		0	12.0705	40.117	0	0	0	
2024-06-10 12:41:07	612	1792	9	0	0	0	1	0	0	0	1	0	0	7	1	0	0	0	1	0	0	6.061		99.9385	46.6545	0.035962	0	0.359841	0.196026	15.8266	2		0	12.0705	42.3261	0	0	0	
2024-06-10 12:50:24	679	1793	1	0	0	5	21	0	0	0	21	0	0	1.25	21	0	0	0	21	0	0	3.247		99.9308	45.3673	0.0652455	0	0.652907	0.0707752	15.3838	1		0	12.0705	38.0379	0	0	0	
2024-06-10 12:44:55	638	1794	1	0	0	2	9	0	0	0	9	0	0	1	9	0	0	0	9	0	0	0.866		99.9389	44.6672	0.266347	0	2.6651	0.0178885	16.7453	2		0	12.0616	39.4673	0	0	0	
2024-06-10 12:46:09	647	1795	5	0	0	3	13	0	0	0	13	0	0	7.5	13	0	0	0	13	0	0	3.897		99.9307	45.2327	0.0514076	0	0.514432	0.370883	14.5452	1		0	12.0705	39.0775	0	0	0	
2024-06-10 12:46:02	646	1796	1	0	0	3	13	0	0	0	13	0	0	6.25	13	0	0	0	13	0	0	2.814		99.9352	45.2305	0.0736244	0	0.736721	0.559515	15.0441	1		0	12.0705	39.0775	0	0	0	
2024-06-10 12:53:18	698	1797	5	0	0	7	29	0	0	0	29	0	0	7.25	29	0	0	0	29	0	0	0.216		99.9331	44.7994	0.958194	0	9.58835	0.716052	15.0613	1		0	12.0705	37.778	0	0	0	
2024-06-10 12:43:07	626	1798	9	0	0	1	5	0	0	0	5	0	0	6.75	5	0	0	0	5	0	0	4.979		99.9377	45.2429	0.0477754	0	0.478052	0.443882	17.2712	2		0	12.0705	40.6368	0	0	0	
2024-06-10 12:50:39	681	1799	5	0	0	6	25	0	0	0	25	0	0	5.75	25	0	0	0	25	0	0	0.216		99.9267	44.9066	1.23169	0	12.3259	0.485306	19.3615	2		0	12.0793	38.0379	0	0	0	
2024-06-10 12:51:09	684	1800	5	0	0	6	25	0	0	0	25	0	0	4.5	25	0	0	0	25	0	0	1.299		99.9275	44.8929	0.197008	0	1.97151	0.0360628	18.581	2		0	12.0705	37.908	0	0	0	
2024-06-10 12:55:18	713	1801	1	0	0	7.75	32	0	0	0	32	0	0	0	32	0	0	0	32	0	0	6.711		99.9368	45.2174	0.0331911	0	0.332121	0.433271	16.1725	1		0	12.0705	37.6481	0	0	0	
2024-06-10 12:49:00	670	1802	1	0	0	5	21	0	0	0	21	0	0	3	21	0	0	0	21	0	0	1.732		99.9296	45.3045	0.117757	0	1.1784	0.114416	14.8083	2		0	12.0705	38.2978	0	0	0	
2024-06-10 12:42:49	624	1803	1	0	0	1	5	0	0	0	5	0	0	0.75	5	0	0	0	5	0	0	0.216		99.9418	45.4256	1.07431	0	10.7493	0.879129	16.885	1		0	12.0793	40.7668	0	0	0	
2024-06-10 13:00:07	746	1804	1	0	0	5.75	24	0	0	0	24	0	0	2	24	0	0	0	24	0	0	3.247		99.93	45.788	0.0652677	0	0.653134	0.372373	15.3891	2		0	12.0705	37.6481	0	0	0	
2024-06-10 12:48:21	665	1805	1	0	0	4	17	0	0	0	17	0	0	1	17	0	0	0	17	0	0	2.598		99.9355	44.4749	0.0759166	0	0.759657	0.457658	14.3192	1		0	11.973	38.4277	0	0	0	
2024-06-10 12:55:40	716	1806	5	0	0	7.75	32	0	0	0	32	0	0	3.5	32	0	0	0	32	0	0	3.68		99.936	45.2244	0.0547419	0	0.54777	0.369313	14.6274	1		0	12.0705	37.6481	0	0	0	
2024-06-10 12:52:11	690	1807	1	0	0	6	25	0	0	0	25	0	0	0.75	25	0	0	0	25	0	0	4.546		99.9327	44.9436	0.0496923	0	0.497258	0.0511873	16.4029	1		0	12.0705	37.778	0	0	0	
2024-06-10 12:48:21	665	1808	5	0	0	4	17	0	0	0	17	0	0	3	17	0	0	0	17	0	0	0.866		99.9355	44.4749	0.264387	0	2.64558	0.402599	16.6227	1		0	11.973	38.4277	0	0	0	
2024-06-10 12:40:36	609	1809	1	0	0	0	1	0	0	0	1	0	0	0.5	1	0	0	0	1	0	0	0.433		99.9411	47.1324	0.511224	0	5.11525	0.0504502	16.07	2		0	12.0793	43.1058	0	0	0	
2024-06-10 13:02:52	764	1810	1	0	0	3.5	15	0	0	4.25	15	0	0	2.75	15	0	0	5	15	0	0	0.389		99.9374	19.1836	0.43385	0	4.34122	0.395042	20.4575	1		0	12.0705	37.6481	0	0	0	
2024-06-10 12:45:34	643	1811	1	0	0	2	9	0	0	0	9	0	0	3.5	9	0	0	0	9	0	0	1.299		99.9367	44.6691	0.173271	0	1.73381	0.561037	16.3408	1		0	12.0705	39.3374	0	0	0	
2024-06-10 12:53:01	696	1812	1	0	0	7	29	0	0	0	29	0	0	2.5	29	0	0	0	29	0	0	3.897		99.9268	44.7345	0.0530224	0	0.530612	0.361086	15.0027	2		0	12.0705	37.778	0	0	0	
2024-06-10 12:54:05	704	1813	1	0	0	7	29	0	0	0	29	0	0	2	29	0	0	0	29	0	0	4.33		99.9337	44.8123	0.0471089	0	0.471401	0.0458176	14.8095	1		0	11.973	37.6481	0	0	0	
2024-06-10 12:40:47	610	1814	9	0	0	0	1	0	0	0	1	0	0	7.5	1	0	0	0	1	0	0	6.494		99.943	46.9704	0.0397792	0	0.398019	0.140575	18.7562	2		0	12.0705	42.8459	0	0	0	
2024-06-10 12:41:32	615	1815	9	0	0	0	1	0	0	0	1	0	0	6.25	1	0	0	0	1	0	0	5.412		99.9389	46.4937	0.0406083	0	0.406331	0.281437	15.9566	1		0	12.0705	41.9363	0	0	0	
2024-06-10 12:48:50	669	1816	1	0	0	5	21	0	0	0	21	0	0	0.5	21	0	0	0	21	0	0	3.897		99.9326	45.3429	0.0566629	0	0.567011	0.989333	16.0318	2		0	12.0705	38.2978	0	0	0	
2024-06-10 13:00:56	752	1817	1	0	0	1.25	6	0	0	0	6	0	0	0.5	6	0	0	0	6	0	0	0.649		99.9311	45.0416	0.378292	0	3.78552	0.0886353	17.8389	2		0	12.0705	37.6481	0	0	0	
2024-06-10 12:49:52	675	1818	9	0	0	5	21	0	0	0	21	0	0	7	21	0	0	0	21	0	0	1.732		99.9291	45.3504	0.134678	0	1.34774	0.794197	16.9362	1		0	12.0705	38.0379	0	0	0	
2024-06-10 12:44:38	636	1819	1	0	0	2	9	0	0	0	9	0	0	0.25	9	0	0	0	9	0	0	1.515		99.9354	44.8174	0.136305	0	1.36393	0.358587	14.9972	1		0	12.0705	39.7272	0	0	0	
2024-06-10 12:48:07	663	1820	5	0	0	4	17	0	0	0	17	0	0	7	17	0	0	0	17	0	0	2.598		99.9337	44.4903	0.0733939	0	0.734426	0.0857379	13.8436	1		0	12.0705	38.4277	0	0	0	
2024-06-10 12:46:30	650	1821	9	0	0	3	13	0	0	0	13	0	0	5.5	13	0	0	0	13	0	0	2.165		99.9343	45.1624	0.104376	0	1.04445	0.0536681	16.4062	2		0.0088623	12.0705	38.9475	0	0	0	
2024-06-10 12:46:09	647	1822	9	0	0	3	13	0	0	0	13	0	0	4.25	13	0	0	0	13	0	0	1.082		99.9307	45.2327	0.203989	0	2.04131	0.281878	16.0324	1		0	12.0705	39.0775	0	0	0	
2024-06-10 12:53:11	697	1823	5	0	0	7	29	0	0	0	29	0	0	7.75	29	0	0	0	29	0	0	0.649		99.9277	44.7672	0.401165	0	4.01455	0.746649	18.9181	1		0	12.0705	37.6481	0	0	0	
2024-06-10 12:53:01	696	1824	9	0	0	7	29	0	0	0	29	0	0	6.5	29	0	0	0	29	0	0	0.433		99.9268	44.7345	0.619281	0	6.19735	0.0456553	19.4696	2		0	12.0705	37.778	0	0	0	
2024-06-10 12:42:22	621	1825	9	0	0	1	5	0	0	0	5	0	0	6	5	0	0	0	5	0	0	4.33		99.9392	45.5462	0.0597914	0	0.598278	0.370395	18.7955	2		0	12.0705	41.1566	0	0	0	
2024-06-10 12:42:12	620	1826	5	0	0	1	5	0	0	0	5	0	0	4.75	5	0	0	0	5	0	0	3.247		99.9402	45.6359	0.0718024	0	0.718453	0.00859635	16.9281	2		0	12.0705	41.1566	0	0	0	
2024-06-10 12:58:19	735	1827	9	0	0	4.75	20	0	0	0	20	0	0	5	20	0	0	0	20	0	0	0.216		99.9306	44.975	1.17553	0	11.7634	0.0564975	18.4779	2		0	12.0705	37.6481	0	0	0	
2024-06-10 12:51:51	688	1828	5	0	0	6	25	0	0	0	25	0	0	5	25	0	0	0	25	0	0	0.866		99.9298	44.8975	0.400468	0	4.00749	0.006843	25.1798	2		0	12.0705	37.908	0	0	0	
2024-06-10 12:51:30	686	1829	1	0	0	6	25	0	0	0	25	0	0	3.75	25	0	0	0	25	0	0	1.948		99.9291	44.901	0.105382	0	1.05457	0.128649	14.9086	2		0	12.0705	37.778	0	0	0	
2024-06-10 12:42:32	622	1830	1	0	0	1	5	0	0	0	5	0	0	0	5	0	0	0	5	0	0	0.866		99.9401	45.4853	0.248081	0	2.48229	0.18558	15.5967	2		0	12.0705	41.0267	0	0	0	
2024-06-10 12:56:57	726	1831	9	0	0	0.75	4	0	0	0	4	0	0	7	4	0	0	0	4	0	0	5.412		99.9323	45.3409	0.0383772	0	0.384031	0.950408	15.0809	1		0	12.0705	37.6481	0	0	0	
2024-06-10 12:48:14	664	1832	1	0	0	4	17	0	0	0	17	0	0	0.25	17	0	0	0	17	0	0	3.247		99.9295	44.47	0.0612185	0	0.612617	0.0246147	14.4344	1		0	12.0705	38.4277	0	0	0	
2024-06-10 12:55:32	715	1833	1	0	0	7.75	32	0	0	0	32	0	0	2.75	32	0	0	0	32	0	0	4.33		99.9343	45.2231	0.0479742	0	0.480058	0.739319	15.0815	1		0	12.0705	37.6481	0	0	0	
2024-06-10 12:52:19	691	1834	1	0	0	6	25	0	0	0	25	0	0	0	25	0	0	0	25	0	0	5.195		99.9296	44.9847	0.0456358	0	0.456679	0.172501	17.2164	1		0	12.0705	37.778	0	0	0	
2024-06-10 12:44:45	637	1835	1	0	0	2	9	0	0	0	9	0	0	2.75	9	0	0	0	9	0	0	0.649		99.9384	44.7311	0.397453	0	3.97698	0.0612658	18.7411	2		0	12.0705	39.5972	0	0	0	
2024-06-10 12:53:51	702	1836	1	0	0	7	29	0	0	0	29	0	0	1.25	29	0	0	0	29	0	0	4.979		99.9327	44.8134	0.0422981	0	0.423266	0.0186037	15.2919	1		0	12.0705	37.6481	0	0	0	
2024-06-10 12:41:16	613	1837	5	0	0	0	1	0	0	0	1	0	0	5.5	1	0	0	0	1	0	0	4.762		99.9383	46.6119	0.0640737	0	0.641133	0.267138	22.156	1		0	11.973	42.1962	0	0	0	
2024-06-10 12:40:22	608	1838	5	0	0	0	1	0	0	0	1	0	0	4.25	1	0	0	0	1	0	0	3.68		99.9431	47.4822	0.059966	0	0.600002	0.254532	16.0222	2		0	12.0882	42.9758	0	0	0	
