Time	MeasID	DPID	Channel	A(x)	A(y)	A(z)	A(adr)	B(x)	B(y)	B(z)	B(adr)	M(x)	M(y)	M(z)	M(adr)	N(x)	N(y)	N(z)	N(adr)	F(x)	F(y)	F(z)	Note	I(mA)	Uout(V)	U(V)	SP(V)	R(Ohm)	Var(%)	Rho-a(Ohm-m)	Cycles	IP Delay Window(mV/V)	Pint(V)	Pext(V)	T int(deg C)	T log(deg C)	Latitude	Longitude
2024-06-10 20:33:51	1367	3179	1	0	0	7.75	32	0	0	0	32	0	0	2	32	0	0	0	32	0	0	4.979		99.9174	46.7545	0.0424058	0	0.424408	0.824498	15.3332	1		0	11.973	35.8288	0	0	0	
2024-06-10 20:28:44	1331	3180	5	0	0	5	21	0	0	0	21	0	0	7.5	21	0	0	0	21	0	0	2.165		99.9103	47.4992	0.102816	0	1.02908	0.0780294	16.1648	2		0	12.0705	36.3486	0	0	0	
2024-06-10 20:28:54	1332	3181	5	0	0	5	21	0	0	0	21	0	0	6.25	21	0	0	0	21	0	0	1.082		99.9086	47.453	0.259854	0	2.60092	0.0875004	20.4276	2		0	12.0705	36.2187	0	0	0	
2024-06-10 20:26:27	1313	3182	1	0	0	3	13	0	0	0	13	0	0	1.75	13	0	0	0	13	0	0	1.082		99.9191	47.2806	0.196079	0	1.96238	0.630182	15.4125	1		0	12.0705	36.7384	0	0	0	
2024-06-10 20:34:05	1369	3183	9	0	0	7.75	32	0	0	0	32	0	0	6.75	32	0	0	0	32	0	0	0.866		99.9189	46.778	0.285005	0	2.85237	0.404015	17.922	1		0	12.0705	35.8288	0	0	0	
2024-06-10 20:41:03	1416	3184	1	0	0	3.25	14	0	0	0	14	0	0	2.5	14	0	0	0	14	0	0	0.649		99.9121	46.0883	0.364179	0	3.64499	0.418189	17.1766	2		0	12.0705	35.8288	0	0	0	
2024-06-10 20:26:56	1317	3185	9	0	0	4	17	0	0	0	17	0	0	7.5	17	0	0	0	17	0	0	3.031		99.9135	46.7131	0.064382	0	0.644377	0.103565	14.1706	1		0	12.0705	36.7384	0	0	0	
2024-06-10 20:27:47	1324	3186	5	0	0	4	17	0	0	0	17	0	0	6.25	17	0	0	0	17	0	0	1.948		99.9141	46.6087	0.100011	0	1.00097	0.195523	14.1509	1		0	12.0705	36.4785	0	0	0	
2024-06-10 20:25:25	1306	3187	1	0	0	3	13	0	0	0	13	0	0	3.5	13	0	0	0	13	0	0	0.433		99.9213	47.2964	0.565146	0	5.65592	0.138716	17.7686	2		0	12.0705	37.1283	0	0	0	
2024-06-10 20:24:38	1300	3188	9	0	0	2	9	0	0	0	9	0	0	6.75	9	0	0	0	9	0	0	4.113		99.9232	46.7658	0.050286	0	0.503246	0.00538518	15.0195	1		0	12.0705	37.5181	0	0	0	
2024-06-10 20:32:23	1356	3189	9	0	0	7	29	0	0	0	29	0	0	5.75	29	0	0	0	29	0	0	1.082		99.9153	46.4829	0.240578	0	2.40782	0.865415	18.9109	1		0	12.0705	35.8288	0	0	0	
2024-06-10 20:31:58	1353	3190	5	0	0	7	29	0	0	0	29	0	0	4.5	29	0	0	0	29	0	0	2.165		99.9136	46.3829	0.0943109	0	0.943924	0.152396	14.8271	2		0	12.0705	35.9588	0	0	0	
2024-06-10 20:22:11	1283	3191	9	0	0	1	5	0	0	0	5	0	0	5.25	5	0	0	0	5	0	0	3.68		99.9331	47.0259	0.0649872	0	0.650307	0.731214	17.3655	1		0	12.0705	38.8176	0	0	0	
2024-06-10 20:23:01	1288	3192	9	0	0	1	5	0	0	0	5	0	0	4	5	0	0	0	5	0	0	2.598		99.9245	46.98	0.0797455	0	0.798058	0.110816	15.043	1		0	12.0705	38.2978	0	0	0	
2024-06-10 20:39:16	1404	3193	1	0	0	4.75	20	0	0	0	20	0	0	3	20	0	0	0	20	0	0	1.515		99.911	46.2015	0.135569	0	1.3569	0.888381	14.9199	1		0	12.0705	35.8288	0	0	0	
2024-06-10 20:30:59	1346	3194	1	0	0	6	25	0	0	0	25	0	0	3	25	0	0	0	25	0	0	2.598		99.9078	46.697	0.0765719	0	0.766426	0.122086	14.4468	2		0	12.0705	35.9588	0	0	0	
2024-06-10 20:24:38	1300	3195	1	0	0	2	9	0	0	0	9	0	0	2.25	9	0	0	0	9	0	0	0.216		99.9232	46.7658	0.997878	0	9.98645	0.722053	15.6867	1		0	12.0705	37.5181	0	0	0	
2024-06-10 20:31:58	1353	3196	1	0	0	7	29	0	0	0	29	0	0	0.5	29	0	0	0	29	0	0	5.628		99.9136	46.3829	0.0418921	0	0.419283	0.331578	17.1238	2		0	12.0705	35.9588	0	0	0	
2024-06-10 20:20:10	1270	3197	1	0	0	0	1	0	0	0	1	0	0	3.5	1	0	0	0	1	0	0	3.031		99.9352	47.7566	0.0806099	0	0.806622	1.2041	17.7385	4		0	12.0705	40.8967	0	0	0	
2024-06-10 20:40:56	1415	3198	1	0	0	1.75	8	0	0	0	8	0	0	0	8	0	0	0	8	0	0	1.515		99.9112	46.1878	0.133691	0	1.3381	0.87546	14.7131	1		0	11.973	35.8288	0	0	0	
2024-06-10 20:30:31	1343	3199	5	0	0	6	25	0	0	0	25	0	0	7	25	0	0	0	25	0	0	0.866		99.9116	46.703	0.291709	0	2.91967	0.185864	18.3449	2		0	12.0705	35.9588	0	0	0	
2024-06-10 20:40:01	1409	3200	1	0	0	6.5	27	0	0	0	27	0	0	1.25	27	0	0	0	27	0	0	4.546		99.9115	46.2211	0.0612176	0	0.612718	0.296257	20.2116	2		0	12.0705	35.8288	0	0	0	
2024-06-10 20:34:05	1369	3201	1	0	0	7.75	32	0	0	0	32	0	0	1.25	32	0	0	0	32	0	0	5.628		99.9189	46.778	0.0388196	0	0.388511	0.198029	15.8671	1		0	12.0705	35.8288	0	0	0	
2024-06-10 20:29:15	1334	3202	9	0	0	5	21	0	0	0	21	0	0	5.5	21	0	0	0	21	0	0	0.433		99.9111	47.4313	0.916018	0	9.16833	0.167851	28.8032	2		0	12.0616	36.2187	0	0	0	
2024-06-10 20:29:05	1333	3203	5	0	0	5	21	0	0	0	21	0	0	4.25	21	0	0	0	21	0	0	0.649		99.913	47.4714	0.40822	0	4.08575	0.130698	19.2537	2		0	12.0705	36.2187	0	0	0	
2024-06-10 20:26:27	1313	3204	5	0	0	3	13	0	0	0	13	0	0	1	13	0	0	0	13	0	0	1.732		99.9191	47.2806	0.114766	0	1.14859	0.612922	14.4337	1		0	12.0705	36.7384	0	0	0	
2024-06-10 20:22:11	1283	3205	1	0	0	1	5	0	0	0	5	0	0	2	5	0	0	0	5	0	0	0.866		99.9331	47.0259	0.250031	0	2.50198	0.796299	15.7204	1		0	12.0705	38.8176	0	0	0	
2024-06-10 20:36:10	1384	3206	9	0	0	1.75	8	0	0	0	8	0	0	6	8	0	0	0	8	0	0	3.68		99.9098	46.403	0.0603539	0	0.604084	0.447659	16.1312	1		0	12.0705	35.8288	0	0	0	
2024-06-10 20:28:08	1327	3207	1	0	0	4	17	0	0	0	17	0	0	2.25	17	0	0	0	17	0	0	1.515		99.913	46.5937	0.127399	0	1.2751	0.260354	14.0204	1		0	12.0705	36.3486	0	0	0	
2024-06-10 20:33:51	1367	3208	5	0	0	7.75	32	0	0	0	32	0	0	6	32	0	0	0	32	0	0	1.515		99.9174	46.7545	0.156273	0	1.56402	0.624578	17.1973	1		0	11.973	35.8288	0	0	0	
2024-06-10 20:34:29	1372	3209	5	0	0	7.75	32	0	0	0	32	0	0	4.75	32	0	0	0	32	0	0	2.598		99.913	46.7917	0.085407	0	0.854813	0.010266	16.1129	1		0	12.0705	35.8288	0	0	0	
2024-06-10 20:31:41	1351	3210	5	0	0	6	25	0	0	0	25	0	0	2	25	0	0	0	25	0	0	3.464		99.9097	46.6848	0.0628577	0	0.629145	0.331358	15.8121	1		0	12.0705	35.9588	0	0	0	
2024-06-10 20:27:40	1323	3211	9	0	0	4	17	0	0	0	17	0	0	5.5	17	0	0	0	17	0	0	1.299		99.9176	46.6094	0.184358	0	1.8451	0.379727	17.3896	1		0	12.0705	36.4785	0	0	0	
2024-06-10 20:27:33	1322	3212	9	0	0	4	17	0	0	0	17	0	0	4.25	17	0	0	0	17	0	0	0.216		99.9155	46.644	0.876665	0	8.77407	0.54053	13.7823	1		0	12.0705	36.4785	0	0	0	
2024-06-10 20:21:38	1280	3213	1	0	0	0	1	0	0	0	1	0	0	1.75	1	0	0	0	1	0	0	1.515		99.927	47.442	0.128389	0	1.28483	0.367514	14.1274	1		0	12.0705	39.2074	0	0	0	
2024-06-10 20:42:21	1424	3214	1	0	0	3.75	16	0	0	4	16	0	0	3.5	16	0	0	4.25	16	0	0	0.13		99.9155	18.3914	0.691413	0	6.91997	0.440828	10.8699	1		0	12.0705	35.8288	0	0	0	
2024-06-10 20:25:52	1309	3215	1	0	0	3	13	0	0	0	13	0	0	2.75	13	0	0	0	13	0	0	0.216		99.919	47.225	1.01104	0	10.1186	0.102065	15.8943	2		0	11.973	36.9983	0	0	0	
2024-06-10 20:24:31	1299	3216	9	0	0	2	9	0	0	0	9	0	0	6	9	0	0	0	9	0	0	3.464		99.924	46.7504	0.0677872	0	0.678387	0.104187	17.0497	1		0	11.973	37.5181	0	0	0	
2024-06-10 20:24:15	1297	3217	5	0	0	2	9	0	0	0	9	0	0	4.75	9	0	0	0	9	0	0	2.381		99.9247	46.7991	0.0907666	0	0.90835	0.0304745	15.6952	1		0	12.0793	37.5181	0	0	0	
2024-06-10 20:32:15	1355	3218	9	0	0	7	29	0	0	0	29	0	0	5	29	0	0	0	29	0	0	1.732		99.9182	46.4332	0.134956	0	1.35066	0.628772	16.9729	1		0	11.973	35.8288	0	0	0	
2024-06-10 20:32:23	1356	3219	1	0	0	7	29	0	0	0	29	0	0	3.75	29	0	0	0	29	0	0	2.814		99.9153	46.4829	0.0695159	0	0.695748	0.5885	14.2074	1		0	12.0705	35.8288	0	0	0	
2024-06-10 20:23:30	1292	3220	1	0	0	1	5	0	0	0	5	0	0	3.25	5	0	0	0	5	0	0	1.948		99.9226	46.9256	0.102271	0	1.0235	0.232365	14.4694	1		0	12.0705	38.0379	0	0	0	
2024-06-10 20:35:43	1381	3221	9	0	0	2.75	12	0	0	0	12	0	0	5	12	0	0	0	12	0	0	1.948		99.9157	45.8941	0.106926	0	1.07017	0.193688	15.1291	2		0	12.0705	35.6989	0	0	0	
2024-06-10 20:29:42	1337	3222	5	0	0	5	21	0	0	0	21	0	0	1.75	21	0	0	0	21	0	0	2.814		99.9074	47.4404	0.0712109	0	0.712768	0.169447	14.555	1		0	12.0705	36.0887	0	0	0	
2024-06-10 20:24:53	1302	3223	5	0	0	2	9	0	0	0	9	0	0	1.5	9	0	0	0	9	0	0	0.433		99.9235	46.7818	0.541273	0	5.41688	0.681612	17.0176	1		0	12.0705	37.2582	0	0	0	
2024-06-10 20:20:49	1274	3224	1	0	0	0	1	0	0	0	1	0	0	2.75	1	0	0	0	1	0	0	2.381		99.9318	47.5308	0.125502	0	1.25588	0.172332	21.7	2		0	12.0705	39.9871	0	0	0	
2024-06-10 20:35:33	1380	3225	9	0	0	3.25	14	0	0	0	14	0	0	4.5	14	0	0	0	14	0	0	1.082		99.9167	46.3128	0.200816	0	2.00984	0.268671	15.7852	2		0	12.0616	35.8288	0	0	0	
2024-06-10 20:25:42	1308	3226	9	0	0	3	13	0	0	0	13	0	0	6.75	13	0	0	0	13	0	0	3.247		99.9189	47.2874	0.0627277	0	0.627786	0.349947	14.7919	2		0	12.0705	36.9983	0	0	0	
2024-06-10 20:21:45	1281	3227	9	0	0	1	5	0	0	0	5	0	0	7.25	5	0	0	0	5	0	0	5.412		99.9309	46.923	0.064124	0	0.641683	1.79087	25.1988	4		0	12.0705	39.0775	0	0	0	
2024-06-10 20:31:20	1348	3228	5	0	0	6	25	0	0	0	25	0	0	7.5	25	0	0	0	25	0	0	1.299		99.9089	46.6849	0.178617	0	1.7878	0.788125	16.8496	1		0	12.0705	35.9588	0	0	0	
2024-06-10 20:30:21	1342	3229	9	0	0	6	25	0	0	0	25	0	0	6.25	25	0	0	0	25	0	0	0.216		99.9081	46.7222	1.07636	0	10.7735	0.266191	16.923	2		0	11.973	35.9588	0	0	0	
2024-06-10 20:34:21	1371	3230	1	0	0	7.75	32	0	0	0	32	0	0	0.5	32	0	0	0	32	0	0	6.278		99.9152	46.7641	0.0370687	0	0.371002	0.0577847	16.9003	1		0	12.0705	35.8288	0	0	0	
2024-06-10 20:29:50	1338	3231	5	0	0	5	21	0	0	0	21	0	0	3.5	21	0	0	0	21	0	0	1.299		99.9144	47.4872	0.158438	0	1.58574	0.679795	14.9452	1		0	12.0705	36.0887	0	0	0	
2024-06-10 20:26:35	1314	3232	5	0	0	3	13	0	0	0	13	0	0	0.25	13	0	0	0	13	0	0	2.381		99.9136	47.3666	0.0804378	0	0.805074	0.0663711	13.9107	1		0	12.0705	36.7384	0	0	0	
2024-06-10 20:22:00	1282	3233	1	0	0	1	5	0	0	0	5	0	0	1.25	5	0	0	0	5	0	0	0.216		99.9316	47.1049	0.972716	0	9.73381	0.437212	15.2898	2		0	12.0705	38.9475	0	0	0	
2024-06-10 20:27:47	1324	3234	1	0	0	4	17	0	0	0	17	0	0	1.5	17	0	0	0	17	0	0	2.165		99.9141	46.6087	0.0867856	0	0.868602	0.217209	13.644	1		0	12.0705	36.4785	0	0	0	
2024-06-10 20:36:17	1385	3235	9	0	0	1.5	7	0	0	0	7	0	0	6.25	7	0	0	0	7	0	0	4.113		99.9143	45.7615	0.0542582	0	0.543048	0.978518	16.2073	1		0	12.0705	35.6989	0	0	0	
2024-06-10 20:33:59	1368	3236	5	0	0	7.75	32	0	0	0	32	0	0	5.25	32	0	0	0	32	0	0	2.165		99.9111	46.7807	0.109014	0	1.09111	0.124004	17.1391	1		0	12.0705	35.8288	0	0	0	
2024-06-10 20:34:14	1370	3237	9	0	0	7.75	32	0	0	0	32	0	0	4	32	0	0	0	32	0	0	3.247		99.9165	46.7839	0.0618351	0	0.618867	0.181603	14.5817	1		0	12.0705	35.8288	0	0	0	
2024-06-10 20:31:34	1350	3238	5	0	0	6	25	0	0	0	25	0	0	1.25	25	0	0	0	25	0	0	4.113		99.9149	46.6781	0.0581401	0	0.581896	0.351549	17.3668	1		0	11.973	35.9588	0	0	0	
2024-06-10 20:28:01	1326	3239	5	0	0	4	17	0	0	0	17	0	0	3.5	17	0	0	0	17	0	0	0.433		99.9104	46.5722	0.517393	0	5.17857	0.344394	16.269	1		0	11.973	36.4785	0	0	0	
2024-06-10 20:21:30	1279	3240	5	0	0	0	1	0	0	0	1	0	0	1	1	0	0	0	1	0	0	0.866		99.929	47.4527	0.24629	0	2.46465	0.878756	15.4858	1		0	12.0705	39.3374	0	0	0	
2024-06-10 20:24:31	1299	3241	5	0	0	2	9	0	0	0	9	0	0	5.25	9	0	0	0	9	0	0	2.814		99.924	46.7504	0.0812656	0	0.813274	0.156614	16.6074	1		0	11.973	37.5181	0	0	0	
2024-06-10 20:23:57	1295	3242	9	0	0	2	9	0	0	0	9	0	0	4	9	0	0	0	9	0	0	1.732		99.9243	46.7374	0.117567	0	1.17656	0.0881948	14.7851	2		0	12.0705	37.6481	0	0	0	
2024-06-10 20:41:13	1417	3243	1	0	0	3.5	15	0	0	0	15	0	0	2.25	15	0	0	0	15	0	0	1.082		99.912	45.4565	0.205266	0	2.05447	0.338318	16.1358	2		0	12.0705	35.8288	0	0	0	
2024-06-10 20:32:15	1355	3244	1	0	0	7	29	0	0	0	29	0	0	3	29	0	0	0	29	0	0	3.464		99.9182	46.4332	0.0569923	0	0.570389	0.343299	14.3354	1		0	11.973	35.8288	0	0	0	
2024-06-10 20:22:39	1286	3245	1	0	0	1	5	0	0	0	5	0	0	2.5	5	0	0	0	5	0	0	1.299		99.9264	46.8592	0.164216	0	1.64337	1.06136	15.4884	4		0	12.0793	38.5577	0	0	0	
2024-06-10 20:20:35	1272	3246	5	0	0	0	1	0	0	0	1	0	0	6.75	1	0	0	0	1	0	0	5.845		99.9347	47.6453	0.0368747	0	0.368988	0.185935	15.6493	1		0	12.0705	40.247	0	0	0	
2024-06-10 20:37:29	1393	3247	1	0	0	2.75	12	0	0	0	12	0	0	3	12	0	0	0	12	0	0	0.216		99.9174	45.8081	1.00993	0	10.1077	0.248636	15.8771	2		0	12.0705	35.8288	0	0	0	
2024-06-10 20:28:33	1330	3248	1	0	0	5	21	0	0	0	21	0	0	1	21	0	0	0	21	0	0	3.464		99.911	47.4957	0.0588996	0	0.589521	0.0530526	14.8163	2		0	12.0705	36.2187	0	0	0	
2024-06-10 20:43:44	1433	3249	1	0	0	0.5	3	0	0	7.25	3	0	0	2.75	3	0	0	5	3	0	0	1.168		99.9153	20.2731	0.0978425	0	0.979255	0.279835	13.8439	2		0	12.0705	35.9588	0	0	0	
2024-06-10 20:38:28	1399	3250	9	0	0	6.75	28	0	0	0	28	0	0	7	28	0	0	0	28	0	0	0.216		99.9102	46.0987	0.993876	0	9.94769	0.247114	15.6258	2		0	12.0705	35.6989	0	0	0	
2024-06-10 20:25:07	1304	3251	1	0	0	2	9	0	0	0	9	0	0	0.75	9	0	0	0	9	0	0	1.082		99.9266	46.774	0.194477	0	1.9462	0.496349	15.2854	1		0	12.0705	37.2582	0	0	0	
2024-06-10 20:26:10	1311	3252	9	0	0	3	13	0	0	0	13	0	0	6	13	0	0	0	13	0	0	2.598		99.9181	47.3196	0.0819869	0	0.82054	0.146739	15.4668	1		0	11.973	36.8684	0	0	0	
2024-06-10 20:25:35	1307	3253	9	0	0	3	13	0	0	0	13	0	0	4.75	13	0	0	0	13	0	0	1.515		99.9171	47.329	0.140076	0	1.40192	0.489149	15.4149	1		0	12.0705	36.9983	0	0	0	
2024-06-10 20:22:11	1283	3254	5	0	0	1	5	0	0	0	5	0	0	7.75	5	0	0	0	5	0	0	5.845		99.9331	47.0259	0.0375556	0	0.375808	0.163735	15.9386	1		0	12.0705	38.8176	0	0	0	
2024-06-10 20:22:17	1284	3255	5	0	0	1	5	0	0	0	5	0	0	6.5	5	0	0	0	5	0	0	4.762		99.9273	46.875	0.0529187	0	0.529572	3.17041	18.3007	4		0	11.973	38.8176	0	0	0	
2024-06-10 20:30:59	1346	3256	5	0	0	6	25	0	0	0	25	0	0	5.5	25	0	0	0	25	0	0	0.433		99.9078	46.697	0.826303	0	8.27065	0.218053	25.983	2		0	12.0705	35.9588	0	0	0	
2024-06-10 20:30:52	1345	3257	9	0	0	6	25	0	0	0	25	0	0	4.25	25	0	0	0	25	0	0	1.515		99.913	46.749	0.142135	0	1.42258	0.629566	15.6421	1		0	12.0705	35.9588	0	0	0	
2024-06-10 20:30:04	1340	3258	1	0	0	5	21	0	0	0	21	0	0	2.75	21	0	0	0	21	0	0	1.948		99.9096	47.4523	0.10016	0	1.00251	0.921369	14.1726	1		0	11.973	35.9588	0	0	0	
2024-06-10 20:22:54	1287	3259	1	0	0	1	5	0	0	0	5	0	0	0.5	5	0	0	0	5	0	0	0.433		99.9274	47.1087	0.580051	0	5.80473	0.727386	18.2361	1		0	12.0705	38.4277	0	0	0	
2024-06-10 20:27:04	1318	3260	1	0	0	4	17	0	0	0	17	0	0	0.75	17	0	0	0	17	0	0	2.814		99.914	46.6839	0.0706807	0	0.707415	0.018478	14.4457	1		0	12.0616	36.6085	0	0	0	
2024-06-10 20:34:44	1374	3261	5	0	0	7.75	32	0	0	0	32	0	0	3.25	32	0	0	0	32	0	0	3.897		99.9166	46.7525	0.0517307	0	0.517739	0.245923	14.6387	1		0	12.0705	35.8288	0	0	0	
2024-06-10 20:42:55	1428	3262	1	0	0	2.75	12	0	0	5	12	0	0	0.5	12	0	0	7.25	12	0	0	1.168		99.918	19.9878	0.100136	0	1.00218	0.244851	14.168	2		0	11.9907	35.8288	0	0	0	
2024-06-10 20:36:24	1386	3263	9	0	0	1.25	6	0	0	0	6	0	0	6.5	6	0	0	0	6	0	0	4.546		99.9143	46.3031	0.049981	0	0.500239	0.0339816	16.5012	1		0	12.0705	35.8288	0	0	0	
2024-06-10 20:30:52	1345	3264	1	0	0	6	25	0	0	0	25	0	0	0.5	25	0	0	0	25	0	0	4.762		99.913	46.749	0.0609604	0	0.610135	0.103586	21.0848	1		0	12.0705	35.9588	0	0	0	
2024-06-10 20:28:16	1328	3265	5	0	0	4	17	0	0	0	17	0	0	2.75	17	0	0	0	17	0	0	1.082		99.9125	46.5751	0.191767	0	1.91935	0.0925627	15.0745	1		0	12.0616	36.3486	0	0	0	
2024-06-10 20:21:20	1278	3266	5	0	0	0	1	0	0	0	1	0	0	0.25	1	0	0	0	1	0	0	0.216		99.93	47.4065	0.952083	0	9.52751	0.101324	14.9658	2		0	12.0705	39.4673	0	0	0	
2024-06-10 20:25:00	1303	3267	1	0	0	2	9	0	0	0	9	0	0	3.25	9	0	0	0	9	0	0	1.082		99.9241	46.783	0.198153	0	1.98304	0.393051	15.5748	1		0	11.973	37.2582	0	0	0	
2024-06-10 20:33:29	1364	3268	5	0	0	7	29	0	0	0	29	0	0	1.75	29	0	0	0	29	0	0	4.546		99.9179	46.3853	0.0465984	0	0.466367	0.769297	15.3839	1		0	12.0705	35.8288	0	0	0	
2024-06-10 20:20:59	1275	3269	5	0	0	0	1	0	0	0	1	0	0	6	1	0	0	0	1	0	0	5.195		99.9317	47.5432	0.0503994	0	0.504338	0.126572	19.0131	1		0.0088623	12.0793	39.5972	0	0	0	
2024-06-10 20:19:58	1269	3270	5	0	0	0	1	0	0	0	1	0	0	4.75	1	0	0	0	1	0	0	4.113		99.9338	48.208	0.0543097	0	0.543457	0.305628	16.2195	1		0	12.0793	40.7668	0	0	0	
2024-06-10 20:40:19	1411	3271	1	0	0	7.25	30	0	0	0	30	0	0	0.5	30	0	0	0	30	0	0	5.845		99.9103	46.23	0.0601794	0	0.602335	0.0170935	25.5459	2		0	12.0705	35.8288	0	0	0	
2024-06-10 20:28:54	1332	3272	1	0	0	5	21	0	0	0	21	0	0	0.25	21	0	0	0	21	0	0	4.113		99.9086	47.453	0.0464739	0	0.465164	0.00510796	13.8829	2		0	12.0705	36.2187	0	0	0	
2024-06-10 20:29:15	1334	3273	5	0	0	5	21	0	0	0	21	0	0	6.75	21	0	0	0	21	0	0	1.515		99.9111	47.4313	0.158518	0	1.58659	0.238493	17.4455	2		0	12.0616	36.2187	0	0	0	
2024-06-10 20:26:03	1310	3274	1	0	0	3	13	0	0	0	13	0	0	2.25	13	0	0	0	13	0	0	0.649		99.9157	47.3237	0.370607	0	3.70919	0.783681	17.4792	1		0	12.0705	36.9983	0	0	0	
2024-06-10 20:23:37	1293	3275	1	0	0	2	9	0	0	0	9	0	0	0	9	0	0	0	9	0	0	1.732		99.9243	46.7957	0.135836	0	1.35939	0.273492	17.0826	2		0	12.0705	37.908	0	0	0	
2024-06-10 20:38:38	1400	3276	9	0	0	6.5	27	0	0	0	27	0	0	7.25	27	0	0	0	27	0	0	0.649		99.9119	46.2649	0.416258	0	4.16626	0.441433	19.633	2		0.0088623	12.0705	35.8288	0	0	0	
2024-06-10 20:34:21	1371	3277	5	0	0	7.75	32	0	0	0	32	0	0	7.25	32	0	0	0	32	0	0	0.433		99.9152	46.7641	0.575533	0	5.76021	0.945823	18.0962	1		0	12.0705	35.8288	0	0	0	
2024-06-10 20:40:29	1412	3278	1	0	0	7.5	31	0	0	0	31	0	0	0.25	31	0	0	0	31	0	0	6.278		99.9116	46.4191	0.0390061	0	0.390406	0.38198	17.7842	1		0	12.0705	35.8288	0	0	0	
2024-06-10 20:36:59	1390	3279	1	0	0	0.75	4	0	0	0	4	0	0	1	4	0	0	0	4	0	0	0.216		99.9101	46.7238	1.0566	0	10.5755	0.204691	16.612	2		0	12.0616	35.8288	0	0	0	
2024-06-10 20:39:34	1406	3280	1	0	0	5.5	23	0	0	0	23	0	0	2.25	23	0	0	0	23	0	0	2.814		99.9118	46.445	0.107415	0	1.0751	0.593238	21.9539	2		0	12.0705	35.8288	0	0	0	
2024-06-10 20:27:25	1321	3281	5	0	0	4	17	0	0	0	17	0	0	6.75	17	0	0	0	17	0	0	2.381		99.9142	46.6288	0.0786409	0	0.787084	0.219384	13.5998	1		0	12.0705	36.6085	0	0	0	
2024-06-10 20:25:52	1309	3282	9	0	0	3	13	0	0	0	13	0	0	5.25	13	0	0	0	13	0	0	1.948		99.919	47.225	0.108366	0	1.08454	0.0690159	15.3323	2		0	11.973	36.9983	0	0	0	
2024-06-10 20:25:14	1305	3283	5	0	0	3	13	0	0	0	13	0	0	4	13	0	0	0	13	0	0	0.866		99.923	47.3342	0.251053	0	2.51247	0.145594	15.7863	2		0	12.0705	37.2582	0	0	0	
2024-06-10 20:23:47	1294	3284	5	0	0	2	9	0	0	0	9	0	0	7.25	9	0	0	0	9	0	0	4.546		99.9234	46.77	0.056105	0	0.56148	0.0134759	18.5214	2		0	12.0705	37.778	0	0	0	
2024-06-10 20:32:50	1359	3285	9	0	0	7	29	0	0	0	29	0	0	7.5	29	0	0	0	29	0	0	0.433		99.9176	46.3414	0.578377	0	5.78854	0.0938631	18.1852	2		0	12.0705	35.8288	0	0	0	
2024-06-10 20:32:41	1358	3286	5	0	0	7	29	0	0	0	29	0	0	6.25	29	0	0	0	29	0	0	0.649		99.9127	46.3676	0.405166	0	4.05521	0.14137	19.1097	2		0	12.0705	35.8288	0	0	0	
2024-06-10 20:22:00	1282	3287	5	0	0	1	5	0	0	0	5	0	0	5.75	5	0	0	0	5	0	0	4.113		99.9316	47.1049	0.0519452	0	0.519807	1.82155	15.5137	2		0	12.0705	38.9475	0	0	0	
2024-06-10 20:22:54	1287	3288	5	0	0	1	5	0	0	0	5	0	0	4.5	5	0	0	0	5	0	0	3.031		99.9274	47.1087	0.0697157	0	0.697664	0.680642	15.3424	1		0	12.0705	38.4277	0	0	0	
2024-06-10 20:31:10	1347	3289	1	0	0	6	25	0	0	0	25	0	0	3.5	25	0	0	0	25	0	0	2.165		99.9099	46.6742	0.0882026	0	0.882822	0.11353	13.8673	2		0	12.0705	35.9588	0	0	0	
2024-06-10 20:26:56	1317	3290	1	0	0	4	17	0	0	0	17	0	0	0	17	0	0	0	17	0	0	3.464		99.9135	46.7131	0.0614683	0	0.615215	0.300154	15.462	1		0	12.0705	36.7384	0	0	0	
2024-06-10 20:35:05	1377	3291	1	0	0	7.75	32	0	0	0	32	0	0	2.5	32	0	0	0	32	0	0	4.546		99.913	46.7112	0.047452	0	0.474933	0.224931	15.6665	1		0	12.0705	35.8288	0	0	0	
2024-06-10 20:24:47	1301	3292	1	0	0	2	9	0	0	0	9	0	0	2.5	9	0	0	0	9	0	0	0.433		99.9275	46.802	0.561563	0	5.61971	0.777687	17.6548	1		0	12.0705	37.3882	0	0	0	
2024-06-10 20:33:08	1361	3293	5	0	0	7	29	0	0	0	29	0	0	1	29	0	0	0	29	0	0	5.195		99.9118	46.3996	0.0411532	0	0.411895	0.0553978	15.5281	1		0	12.0705	35.8288	0	0	0	
2024-06-10 20:20:42	1273	3294	9	0	0	0	1	0	0	0	1	0	0	5.25	1	0	0	0	1	0	0	4.546		99.9332	47.6687	0.0502938	0	0.503274	0.825833	16.6013	1		0	12.0705	40.117	0	0	0	
2024-06-10 20:20:42	1273	3295	5	0	0	0	1	0	0	0	1	0	0	4	1	0	0	0	1	0	0	3.464		99.9332	47.6687	0.0680255	0	0.68071	0.385982	17.1081	1		0	12.0705	40.117	0	0	0	
2024-06-10 20:34:51	1375	3296	1	0	0	7.75	32	0	0	0	32	0	0	1.75	32	0	0	0	32	0	0	5.195		99.9114	46.755	0.0412244	0	0.41261	0.202416	15.555	1		0	12.0705	35.8288	0	0	0	
2024-06-10 20:28:33	1330	3297	9	0	0	5	21	0	0	0	21	0	0	6	21	0	0	0	21	0	0	0.866		99.911	47.4957	0.370929	0	3.7126	0.0306275	23.3269	2		0	12.0705	36.2187	0	0	0	
2024-06-10 20:28:44	1331	3298	9	0	0	5	21	0	0	0	21	0	0	4.75	21	0	0	0	21	0	0	0.216		99.9103	47.4992	1.1983	0	11.9937	0.164424	18.8397	2		0	12.0705	36.3486	0	0	0	
2024-06-10 20:25:35	1307	3299	1	0	0	3	13	0	0	0	13	0	0	1.5	13	0	0	0	13	0	0	1.299		99.9171	47.329	0.154264	0	1.54392	0.653742	14.5511	1		0	12.0705	36.9983	0	0	0	
2024-06-10 20:34:05	1369	3300	5	0	0	7.75	32	0	0	0	32	0	0	6.5	32	0	0	0	32	0	0	1.082		99.9189	46.778	0.222926	0	2.23107	0.389938	17.5228	1		0	12.0705	35.8288	0	0	0	
2024-06-10 20:36:03	1383	3301	9	0	0	2.25	10	0	0	0	10	0	0	5.5	10	0	0	0	10	0	0	2.814		99.9135	46.4763	0.0886393	0	0.887161	0.804807	18.1161	1		0	11.973	35.8288	0	0	0	
2024-06-10 20:42:45	1427	3302	1	0	0	3	13	0	0	4.75	13	0	0	1.25	13	0	0	6.5	13	0	0	0.908		99.9154	20.1426	0.0802176	0	0.802855	0.00411575	8.82785	2		0	12.0705	35.8288	0	0	0	
2024-06-10 20:27:11	1319	3303	9	0	0	4	17	0	0	0	17	0	0	6	17	0	0	0	17	0	0	1.732		99.9106	46.6866	0.115906	0	1.1601	0.432945	14.5783	1		0	12.0705	36.6085	0	0	0	
2024-06-10 20:27:18	1320	3304	9	0	0	4	17	0	0	0	17	0	0	4.75	17	0	0	0	17	0	0	0.649		99.9139	46.6435	0.366274	0	3.6659	0.541978	17.2751	1		0	12.0705	36.6085	0	0	0	
2024-06-10 20:21:14	1277	3305	5	0	0	0	1	0	0	0	1	0	0	2.25	1	0	0	0	1	0	0	1.948		99.9315	47.5047	0.117442	0	1.17522	0.220821	16.6143	1		0	12.0705	39.5972	0	0	0	
2024-06-10 20:42:35	1426	3306	1	0	0	3.25	14	0	0	4.5	14	0	0	2	14	0	0	5.75	14	0	0	0.649		99.9136	19.8705	0.259212	0	2.59436	0.0726038	20.3761	2		0	12.0705	35.8288	0	0	0	
2024-06-10 20:25:42	1308	3307	1	0	0	3	13	0	0	0	13	0	0	3.25	13	0	0	0	13	0	0	0.216		99.9189	47.2874	1.01367	0	10.1449	0.152517	15.9356	2		0	12.0705	36.9983	0	0	0	
2024-06-10 20:23:37	1293	3308	9	0	0	2	9	0	0	0	9	0	0	7.75	9	0	0	0	9	0	0	4.979		99.9243	46.7957	0.042266	0	0.42298	0.0337288	15.2816	2		0	12.0705	37.908	0	0	0	
2024-06-10 20:24:07	1296	3309	5	0	0	2	9	0	0	0	9	0	0	6.5	9	0	0	0	9	0	0	3.897		99.9254	46.8076	0.0536426	0	0.536827	0.0635935	15.1784	1		0	12.0705	37.6481	0	0	0	
2024-06-10 20:32:23	1356	3310	5	0	0	7	29	0	0	0	29	0	0	5.5	29	0	0	0	29	0	0	1.299		99.9153	46.4829	0.199344	0	1.99513	0.860944	18.8037	1		0	12.0705	35.8288	0	0	0	
2024-06-10 20:31:58	1353	3311	9	0	0	7	29	0	0	0	29	0	0	4.25	29	0	0	0	29	0	0	2.381		99.9136	46.3829	0.0835202	0	0.835924	0.0493213	14.4437	2		0	12.0705	35.9588	0	0	0	
2024-06-10 20:22:32	1285	3312	5	0	0	1	5	0	0	0	5	0	0	5	5	0	0	0	5	0	0	3.464		99.9254	47.1315	0.0711125	0	0.711656	0.320774	17.8859	1		0	12.0705	38.5577	0	0	0	
2024-06-10 20:23:15	1290	3313	1	0	0	1	5	0	0	0	5	0	0	3.75	5	0	0	0	5	0	0	2.381		99.9258	46.9244	0.088396	0	0.884616	0.110052	15.2851	1		0	12.0705	38.0379	0	0	0	
2024-06-10 20:31:27	1349	3314	5	0	0	6	25	0	0	0	25	0	0	2.75	25	0	0	0	25	0	0	2.814		99.9105	46.6875	0.0713739	0	0.714378	0.511545	14.5879	1		0	12.0705	35.9588	0	0	0	
2024-06-10 20:30:04	1340	3315	5	0	0	5	21	0	0	0	21	0	0	2.25	21	0	0	0	21	0	0	2.381		99.9096	47.4523	0.0799782	0	0.800506	0.86401	13.8317	1		0	11.973	35.9588	0	0	0	
2024-06-10 20:33:22	1363	3316	5	0	0	7	29	0	0	0	29	0	0	0.25	29	0	0	0	29	0	0	5.845		99.9145	46.3878	0.0353805	0	0.354108	0.389918	15.0183	1		0	12.0705	35.8288	0	0	0	
2024-06-10 20:20:35	1272	3317	1	0	0	0	1	0	0	0	1	0	0	3.25	1	0	0	0	1	0	0	2.814		99.9347	47.6453	0.072538	0	0.725854	0.0580999	14.8222	1		0	12.0705	40.247	0	0	0	
2024-06-10 20:26:17	1312	3318	5	0	0	3	13	0	0	0	13	0	0	7.25	13	0	0	0	13	0	0	3.68		99.9161	47.2542	0.0710889	0	0.711485	0.0924189	18.9992	2		0	12.0705	36.8684	0	0	0	
2024-06-10 20:30:11	1341	3319	5	0	0	6	25	0	0	0	25	0	0	6.75	25	0	0	0	25	0	0	0.649		99.9094	46.7759	0.414502	0	4.14878	0.183405	19.5506	2		0	12.0705	35.9588	0	0	0	
2024-06-10 20:35:13	1378	3320	9	0	0	3.75	16	0	0	0	16	0	0	4	16	0	0	0	16	0	0	0.216		99.9127	46.2777	0.865117	0	8.65873	0.0575586	13.6011	2		0	12.0705	35.8288	0	0	0	
2024-06-10 20:34:14	1370	3321	1	0	0	7.75	32	0	0	0	32	0	0	1	32	0	0	0	32	0	0	5.845		99.9165	46.7839	0.0369422	0	0.369731	0.431451	15.6808	1		0	12.0705	35.8288	0	0	0	
2024-06-10 20:29:05	1333	3322	9	0	0	5	21	0	0	0	21	0	0	5.25	21	0	0	0	21	0	0	0.216		99.913	47.4714	1.38566	0	13.8687	0.182194	21.7849	2		0	12.0705	36.2187	0	0	0	
2024-06-10 20:28:54	1332	3323	9	0	0	5	21	0	0	0	21	0	0	4	21	0	0	0	21	0	0	0.866		99.9086	47.453	0.26584	0	2.66083	0.112937	16.7185	2		0	12.0705	36.2187	0	0	0	
2024-06-10 20:26:49	1316	3324	1	0	0	3	13	0	0	0	13	0	0	0.75	13	0	0	0	13	0	0	1.948		99.9142	47.2647	0.102195	0	1.02283	0.324569	14.4599	1		0	12.0705	36.7384	0	0	0	
2024-06-10 20:23:01	1288	3325	1	0	0	1	5	0	0	0	5	0	0	1.75	5	0	0	0	5	0	0	0.649		99.9245	46.98	0.361733	0	3.62007	0.662933	17.0592	1		0	12.0705	38.2978	0	0	0	
2024-06-10 20:27:40	1323	3326	1	0	0	4	17	0	0	0	17	0	0	2	17	0	0	0	17	0	0	1.732		99.9176	46.6094	0.112415	0	1.12508	0.0131508	14.1382	1		0	12.0705	36.4785	0	0	0	
2024-06-10 20:33:36	1365	3327	5	0	0	7.75	32	0	0	0	32	0	0	5.75	32	0	0	0	32	0	0	1.732		99.9171	46.7936	0.136568	0	1.36681	0.786904	17.1759	1		0	12.0705	35.8288	0	0	0	
2024-06-10 20:33:44	1366	3328	1	0	0	7.75	32	0	0	0	32	0	0	4.5	32	0	0	0	32	0	0	2.814		99.9136	46.7792	0.0745133	0	0.745777	0.16588	15.229	1		0	12.0616	35.8288	0	0	0	
2024-06-10 20:37:50	1395	3329	1	0	0	2.25	10	0	0	0	10	0	0	3.5	10	0	0	0	10	0	0	1.082		99.9118	46.3534	0.210071	0	2.10256	0.141349	16.5135	2		0	12.0705	35.8288	0	0	0	
2024-06-10 20:36:49	1389	3330	9	0	0	0.25	2	0	0	0	2	0	0	7.5	2	0	0	0	2	0	0	6.278		99.9129	46.3211	0.0348821	0	0.349125	0.0525146	15.9037	2		0	12.0705	35.8288	0	0	0	
2024-06-10 20:31:34	1350	3331	1	0	0	6	25	0	0	0	25	0	0	1.75	25	0	0	0	25	0	0	3.68		99.9149	46.6781	0.0617434	0	0.617959	0.807798	16.5017	1		0	11.973	35.9588	0	0	0	
2024-06-10 20:27:40	1323	3332	5	0	0	4	17	0	0	0	17	0	0	5.25	17	0	0	0	17	0	0	1.082		99.9176	46.6094	0.21939	0	2.19571	0.250384	17.2451	1		0	12.0705	36.4785	0	0	0	
2024-06-10 20:21:06	1276	3333	1	0	0	0	1	0	0	0	1	0	0	1.5	1	0	0	0	1	0	0	1.299		99.9312	47.5156	0.150454	0	1.50558	0.778373	14.1898	1		0	12.0705	39.7272	0	0	0	
2024-06-10 20:26:42	1315	3334	1	0	0	3	13	0	0	0	13	0	0	2.5	13	0	0	0	13	0	0	0.433		99.9159	47.2955	0.58084	0	5.81329	0.784375	18.263	1		0	12.0705	36.7384	0	0	0	
2024-06-10 20:24:22	1298	3335	5	0	0	2	9	0	0	0	9	0	0	5.75	9	0	0	0	9	0	0	3.247		99.9204	46.7388	0.0673656	0	0.674193	0.107808	15.8853	2		0	12.0705	37.5181	0	0	0	
2024-06-10 20:24:15	1297	3336	9	0	0	2	9	0	0	0	9	0	0	4.5	9	0	0	0	9	0	0	2.165		99.9247	46.7991	0.0987553	0	0.988297	0.455353	15.5241	1		0	12.0793	37.5181	0	0	0	
2024-06-10 20:32:09	1354	3337	1	0	0	7	29	0	0	0	29	0	0	3.5	29	0	0	0	29	0	0	3.031		99.9163	46.4282	0.0636554	0	0.637087	0.101058	14.0103	1		0	12.0705	35.9588	0	0	0	
2024-06-10 20:23:22	1291	3338	5	0	0	1	5	0	0	0	5	0	0	3	5	0	0	0	5	0	0	1.732		99.9282	46.9376	0.118214	0	1.18299	0.467181	14.8659	1		0	12.0705	38.0379	0	0	0	
2024-06-10 20:20:49	1274	3339	9	0	0	0	1	0	0	0	1	0	0	7.25	1	0	0	0	1	0	0	6.278		99.9318	47.5308	0.0376085	0	0.376341	0.159073	17.1435	2		0	12.0705	39.9871	0	0	0	
2024-06-10 20:29:05	1333	3340	1	0	0	5	21	0	0	0	21	0	0	1.5	21	0	0	0	21	0	0	3.031		99.913	47.4714	0.0618509	0	0.619047	0.149193	13.6136	2		0	12.0705	36.2187	0	0	0	
2024-06-10 20:24:53	1302	3341	1	0	0	2	9	0	0	0	9	0	0	1.25	9	0	0	0	9	0	0	0.649		99.9235	46.7818	0.347261	0	3.47527	0.655272	16.3768	1		0	12.0705	37.2582	0	0	0	
2024-06-10 20:40:46	1414	3342	1	0	0	1.5	7	0	0	0	7	0	0	0.25	7	0	0	0	7	0	0	1.082		99.9131	45.5072	0.198291	0	1.98464	0.437581	15.5873	2		0	12.0705	35.8288	0	0	0	
2024-06-10 20:19:58	1269	3343	1	0	0	0	1	0	0	0	1	0	0	2.5	1	0	0	0	1	0	0	2.165		99.9338	48.208	0.0932458	0	0.933076	0.681214	14.6567	1		0	12.0793	40.7668	0	0	0	
2024-06-10 20:39:51	1408	3344	1	0	0	6.25	26	0	0	0	26	0	0	1.5	26	0	0	0	26	0	0	4.113		99.9096	46.4199	0.0559672	0	0.560179	0.293052	16.7186	2		0	12.0705	35.8288	0	0	0	
2024-06-10 20:42:00	1422	3345	9	0	0	7.25	30	0	0	0	30	0	0	6.5	30	0	0	0	30	0	0	0.649		99.913	46.142	0.413771	0	4.14131	0.238204	19.5155	2		0	12.0705	35.8288	0	0	0	
2024-06-10 20:26:03	1310	3346	5	0	0	3	13	0	0	0	13	0	0	7.75	13	0	0	0	13	0	0	4.113		99.9157	47.3237	0.049306	0	0.493476	0.102177	14.7279	1		0	12.0705	36.9983	0	0	0	
2024-06-10 20:26:17	1312	3347	9	0	0	3	13	0	0	0	13	0	0	6.5	13	0	0	0	13	0	0	3.031		99.9161	47.2542	0.0695605	0	0.696189	0.0108479	15.31	2		0	12.0705	36.8684	0	0	0	
2024-06-10 20:21:45	1281	3348	5	0	0	1	5	0	0	0	5	0	0	7	5	0	0	0	5	0	0	5.195		99.9309	46.923	0.0417905	0	0.418194	0.293725	15.7655	4		0	12.0705	39.0775	0	0	0	
2024-06-10 20:31:10	1347	3349	9	0	0	6	25	0	0	0	25	0	0	4.75	25	0	0	0	25	0	0	1.082		99.9099	46.6742	0.263109	0	2.63346	0.160667	20.6832	2		0	12.0705	35.9588	0	0	0	
2024-06-10 20:34:36	1373	3350	1	0	0	7.75	32	0	0	0	32	0	0	0.25	32	0	0	0	32	0	0	6.494		99.9126	46.7543	0.0324876	0	0.325161	0.181868	15.3228	1		0	12.0616	35.8288	0	0	0	
2024-06-10 20:29:36	1336	3351	1	0	0	5	21	0	0	0	21	0	0	3.25	21	0	0	0	21	0	0	1.515		99.9074	47.436	0.129878	0	1.29999	0.723736	14.2941	1		0	12.0705	36.2187	0	0	0	
2024-06-10 20:26:42	1315	3352	5	0	0	3	13	0	0	0	13	0	0	0	13	0	0	0	13	0	0	2.598		99.9159	47.2955	0.0781388	0	0.782046	0.188056	14.7412	1		0	12.0705	36.7384	0	0	0	
2024-06-10 20:35:23	1379	3353	9	0	0	3.5	15	0	0	0	15	0	0	4.25	15	0	0	0	15	0	0	0.649		99.9133	45.6736	0.341817	0	3.42113	0.376148	16.1217	2		0	12.0705	35.8288	0	0	0	
2024-06-10 20:28:01	1326	3354	1	0	0	4	17	0	0	0	17	0	0	1.25	17	0	0	0	17	0	0	2.381		99.9104	46.5722	0.0816831	0	0.817564	0.327406	14.1265	1		0	11.973	36.4785	0	0	0	
2024-06-10 20:33:44	1366	3355	5	0	0	7.75	32	0	0	0	32	0	0	5	32	0	0	0	32	0	0	2.381		99.9136	46.7792	0.0954661	0	0.955487	0.260616	16.5096	1		0	12.0616	35.8288	0	0	0	
2024-06-10 20:34:29	1372	3356	1	0	0	7.75	32	0	0	0	32	0	0	3.75	32	0	0	0	32	0	0	3.464		99.913	46.7917	0.0584582	0	0.585091	0.046778	14.7049	1		0	12.0705	35.8288	0	0	0	
2024-06-10 20:43:34	1432	3357	1	0	0	1.25	6	0	0	6.5	6	0	0	3	6	0	0	4.75	6	0	0	0.908		99.9169	20.1724	0.131359	0	1.31468	0.408916	14.4557	2		0	11.9907	35.8288	0	0	0	
2024-06-10 20:30:42	1344	3358	1	0	0	6	25	0	0	0	25	0	0	1	25	0	0	0	25	0	0	4.33		99.9104	46.6742	0.0522269	0	0.522737	0.0742376	16.4223	2		0	12.0793	35.9588	0	0	0	
2024-06-10 20:28:16	1328	3359	1	0	0	4	17	0	0	0	17	0	0	3.25	17	0	0	0	17	0	0	0.649		99.9125	46.5751	0.341443	0	3.41743	0.254691	16.1042	1		0	12.0616	36.3486	0	0	0	
2024-06-10 20:21:30	1279	3360	1	0	0	0	1	0	0	0	1	0	0	0.75	1	0	0	0	1	0	0	0.649		99.929	47.4527	0.355462	0	3.55715	0.909871	16.7627	1		0	12.0705	39.3374	0	0	0	
2024-06-10 20:43:05	1429	3361	1	0	0	3.5	15	0	0	4.25	15	0	0	3.75	15	0	0	4	15	0	0	0.13		99.9158	19.0393	0.661324	0	6.61881	0.662583	10.3968	1		0	12.0705	35.8288	0	0	0	
2024-06-10 20:24:38	1300	3362	5	0	0	2	9	0	0	0	9	0	0	5	9	0	0	0	9	0	0	2.598		99.9232	46.7658	0.082466	0	0.825293	0.0455306	15.5564	1		0	12.0705	37.5181	0	0	0	
2024-06-10 20:24:07	1296	3363	1	0	0	2	9	0	0	0	9	0	0	3.75	9	0	0	0	9	0	0	1.515		99.9254	46.8076	0.151327	0	1.5144	0.949842	16.6517	1		0	12.0705	37.6481	0	0	0	
2024-06-10 20:33:15	1362	3364	5	0	0	7	29	0	0	0	29	0	0	2.75	29	0	0	0	29	0	0	3.68		99.9134	46.3983	0.0550777	0	0.551254	0.535806	14.7204	1		0	12.0705	35.8288	0	0	0	
2024-06-10 20:32:30	1357	3365	1	0	0	7	29	0	0	0	29	0	0	2.25	29	0	0	0	29	0	0	4.113		99.9112	46.3915	0.048599	0	0.486422	0.200443	14.5173	2		0	12.0705	35.8288	0	0	0	
2024-06-10 20:21:06	1276	3366	5	0	0	0	1	0	0	0	1	0	0	7.75	1	0	0	0	1	0	0	6.711		99.9312	47.5156	0.0333568	0	0.333798	0.379139	16.2542	1		0	12.0705	39.7272	0	0	0	
2024-06-10 20:20:35	1272	3367	9	0	0	0	1	0	0	0	1	0	0	6.5	1	0	0	0	1	0	0	5.628		99.9347	47.6453	0.0385637	0	0.385889	0.0928581	15.76	1		0	12.0705	40.247	0	0	0	
2024-06-10 20:29:57	1339	3368	1	0	0	5	21	0	0	0	21	0	0	0.75	21	0	0	0	21	0	0	3.68		99.9071	47.5156	0.0580267	0	0.580807	0.913482	15.5096	1		0	12.0705	35.9588	0	0	0	
2024-06-10 20:28:23	1329	3369	5	0	0	5	21	0	0	0	21	0	0	7.25	21	0	0	0	21	0	0	1.948		99.9106	47.554	0.136319	0	1.36441	0.169105	19.2889	2		0	12.0705	35.9588	0	0	0	
2024-06-10 20:41:50	1421	3370	9	0	0	5.75	24	0	0	0	24	0	0	4	24	0	0	0	24	0	0	1.515		99.9112	46.7939	0.140497	0	1.40621	0.104889	15.4621	2		0	12.0705	35.8288	0	0	0	
2024-06-10 20:38:10	1397	3371	9	0	0	4.5	19	0	0	0	19	0	0	5.25	19	0	0	0	19	0	0	0.649		99.9105	46.2779	0.492893	0	4.93335	0.385123	23.2478	2		0	12.0705	35.8288	0	0	0	
2024-06-10 20:43:12	1430	3372	1	0	0	2.75	12	0	0	5	12	0	0	3.5	12	0	0	4.25	12	0	0	0.389		99.9173	20.0108	0.423988	0	4.24338	1.54613	19.9965	4		0	11.9907	35.8288	0	0	0	
2024-06-10 20:23:57	1295	3373	1	0	0	2	9	0	0	0	9	0	0	0.5	9	0	0	0	9	0	0	1.299		99.9243	46.7374	0.155088	0	1.55206	0.09507	14.6278	2		0	12.0705	37.6481	0	0	0	
2024-06-10 20:36:38	1388	3374	9	0	0	0.5	3	0	0	0	3	0	0	7.25	3	0	0	0	3	0	0	5.845		99.9129	46.4055	0.0918039	0	0.91884	0.642164	38.9694	2		0	12.0705	35.8288	0	0	0	
2024-06-10 20:26:56	1317	3375	5	0	0	4	17	0	0	0	17	0	0	7.25	17	0	0	0	17	0	0	2.814		99.9135	46.7131	0.0736168	0	0.736805	0.610255	15.0458	1		0	12.0705	36.7384	0	0	0	
2024-06-10 20:26:10	1311	3376	5	0	0	3	13	0	0	0	13	0	0	5.75	13	0	0	0	13	0	0	2.381		99.9181	47.3196	0.0845662	0	0.846354	0.374428	14.624	1		0	11.973	36.8684	0	0	0	
2024-06-10 20:25:25	1306	3377	9	0	0	3	13	0	0	0	13	0	0	4.5	13	0	0	0	13	0	0	1.299		99.9213	47.2964	0.15988	0	1.60006	0.00441808	15.0802	2		0	12.0705	37.1283	0	0	0	
2024-06-10 20:33:00	1360	3378	5	0	0	7	29	0	0	0	29	0	0	6.75	29	0	0	0	29	0	0	0.216		99.9133	46.3851	1.00469	0	10.0557	0.993789	15.7954	1		0	12.0705	35.8288	0	0	0	
2024-06-10 20:22:39	1286	3379	5	0	0	1	5	0	0	0	5	0	0	7.5	5	0	0	0	5	0	0	5.628		99.9264	46.8592	0.039538	0	0.395672	4.2961	16.1595	4		0	12.0793	38.5577	0	0	0	
2024-06-10 20:22:17	1284	3380	9	0	0	1	5	0	0	0	5	0	0	6.25	5	0	0	0	5	0	0	4.546		99.9273	46.875	0.0560183	0	0.560591	3.01962	18.4921	4		0	11.973	38.8176	0	0	0	
2024-06-10 20:31:10	1347	3381	5	0	0	6	25	0	0	0	25	0	0	5.25	25	0	0	0	25	0	0	0.649		99.9099	46.6742	0.56432	0	5.64828	0.189538	26.6169	2		0	12.0705	35.9588	0	0	0	
2024-06-10 20:30:52	1345	3382	5	0	0	6	25	0	0	0	25	0	0	4	25	0	0	0	25	0	0	1.732		99.913	46.749	0.114175	0	1.14274	0.477497	14.3601	1		0	12.0705	35.9588	0	0	0	
2024-06-10 20:29:26	1335	3383	1	0	0	5	21	0	0	0	21	0	0	2.5	21	0	0	0	21	0	0	2.165		99.9071	47.4326	0.0984189	0	0.985104	0.38135	15.474	2		0	12.0705	36.2187	0	0	0	
2024-06-10 20:21:45	1281	3384	1	0	0	1	5	0	0	0	5	0	0	0.25	5	0	0	0	5	0	0	0.649		99.9309	46.923	0.355378	0	3.55623	0.502926	16.7584	4		0	12.0705	39.0775	0	0	0	
2024-06-10 20:27:55	1325	3385	1	0	0	4	17	0	0	0	17	0	0	0.5	17	0	0	0	17	0	0	3.031		99.9145	46.6258	0.0679075	0	0.679656	0.0862487	14.9464	1		0	12.0705	36.4785	0	0	0	
2024-06-10 20:35:05	1377	3386	5	0	0	7.75	32	0	0	0	32	0	0	3	32	0	0	0	32	0	0	4.113		99.913	46.7112	0.049759	0	0.498023	0.15959	14.8636	1		0	12.0705	35.8288	0	0	0	
2024-06-10 20:31:48	1352	3387	1	0	0	6	25	0	0	0	25	0	0	0.25	25	0	0	0	25	0	0	4.979		99.9124	46.6399	0.0412796	0	0.413158	0.038008	14.9267	2		0	12.0705	35.9588	0	0	0	
2024-06-10 20:39:23	1405	3388	1	0	0	5.25	22	0	0	0	22	0	0	2.5	22	0	0	0	22	0	0	2.381		99.9102	46.7534	0.198884	0	1.99063	0.496603	34.3956	2		0	12.0705	35.8288	0	0	0	
2024-06-10 20:27:25	1321	3389	1	0	0	4	17	0	0	0	17	0	0	2.5	17	0	0	0	17	0	0	1.299		99.9142	46.6288	0.153116	0	1.53248	0.360522	14.4433	1		0	12.0705	36.6085	0	0	0	
2024-06-10 20:24:47	1301	3390	5	0	0	2	9	0	0	0	9	0	0	3	9	0	0	0	9	0	0	0.866		99.9275	46.802	0.259625	0	2.59814	0.702116	16.3246	1		0	12.0705	37.3882	0	0	0	
2024-06-10 20:32:50	1359	3391	1	0	0	7	29	0	0	0	29	0	0	1.5	29	0	0	0	29	0	0	4.762		99.9176	46.3414	0.0423799	0	0.424148	0.0395843	14.6575	2		0	12.0705	35.8288	0	0	0	
2024-06-10 20:20:10	1270	3392	9	0	0	0	1	0	0	0	1	0	0	5.75	1	0	0	0	1	0	0	4.979		99.9352	47.7566	0.0445007	0	0.445295	0.362101	16.0878	4		0	12.0705	40.8967	0	0	0	
2024-06-10 20:19:58	1269	3393	9	0	0	0	1	0	0	0	1	0	0	4.5	1	0	0	0	1	0	0	3.897		99.9338	48.208	0.0554287	0	0.554654	0.312672	15.6825	1		0	12.0793	40.7668	0	0	0	
2024-06-10 20:28:44	1331	3394	1	0	0	5	21	0	0	0	21	0	0	0	21	0	0	0	21	0	0	4.33		99.9103	47.4992	0.0460385	0	0.460799	0.128863	14.4764	2		0	12.0705	36.3486	0	0	0	
2024-06-10 20:34:51	1375	3395	5	0	0	7.75	32	0	0	0	32	0	0	2.25	32	0	0	0	32	0	0	4.762		99.9114	46.755	0.0436014	0	0.436401	0.405001	15.0809	1		0	12.0705	35.8288	0	0	0	
2024-06-10 20:28:33	1330	3396	5	0	0	5	21	0	0	0	21	0	0	7.75	21	0	0	0	21	0	0	2.381		99.911	47.4957	0.0923089	0	0.923912	0.0706978	15.9641	2		0	12.0705	36.2187	0	0	0	
2024-06-10 20:29:36	1336	3397	5	0	0	5	21	0	0	0	21	0	0	6.5	21	0	0	0	21	0	0	1.299		99.9074	47.436	0.196796	0	1.96978	0.854479	18.5647	1		0	12.0705	36.2187	0	0	0	
2024-06-10 20:26:10	1311	3398	1	0	0	3	13	0	0	0	13	0	0	2	13	0	0	0	13	0	0	0.866		99.9181	47.3196	0.258735	0	2.58946	0.84999	16.2701	1		0	11.973	36.8684	0	0	0	
2024-06-10 20:39:05	1403	3399	1	0	0	4.5	19	0	0	0	19	0	0	3.25	19	0	0	0	19	0	0	1.082		99.9088	46.2907	0.198705	0	1.98887	0.215857	15.6205	2		0	12.0705	35.8288	0	0	0	
2024-06-10 20:34:14	1370	3400	5	0	0	7.75	32	0	0	0	32	0	0	7	32	0	0	0	32	0	0	0.649		99.9165	46.7839	0.391771	0	3.92098	0.676632	18.4772	1		0	12.0705	35.8288	0	0	0	
2024-06-10 20:41:40	1420	3401	9	0	0	5.5	23	0	0	0	23	0	0	4.25	23	0	0	0	23	0	0	1.082		99.9116	46.3823	0.24027	0	2.40483	0.197552	18.8875	2		0	12.0616	35.6989	0	0	0	
2024-06-10 20:40:11	1410	3402	1	0	0	6.75	28	0	0	0	28	0	0	1	28	0	0	0	28	0	0	4.979		99.911	46.1112	0.0461634	0	0.462045	0.305968	16.6929	1		0	12.0616	35.8288	0	0	0	
2024-06-10 20:38:21	1398	3403	9	0	0	4.25	18	0	0	0	18	0	0	5.5	18	0	0	0	18	0	0	1.082		99.9108	46.3489	0.256495	0	2.56724	0.97355	20.1631	1		0	12.0616	35.8288	0	0	0	
2024-06-10 20:27:04	1318	3404	5	0	0	4	17	0	0	0	17	0	0	7.75	17	0	0	0	17	0	0	3.247		99.914	46.6839	0.0590244	0	0.590752	0.0540194	13.9193	1		0	12.0616	36.6085	0	0	0	
2024-06-10 20:27:25	1321	3405	9	0	0	4	17	0	0	0	17	0	0	6.5	17	0	0	0	17	0	0	2.165		99.9142	46.6288	0.0875693	0	0.876446	0.2475	13.7672	1		0	12.0705	36.6085	0	0	0	
2024-06-10 20:25:35	1307	3406	5	0	0	3	13	0	0	0	13	0	0	5	13	0	0	0	13	0	0	1.732		99.9171	47.329	0.121497	0	1.21597	0.377837	15.2804	1		0	12.0705	36.9983	0	0	0	
2024-06-10 20:25:14	1305	3407	1	0	0	3	13	0	0	0	13	0	0	3.75	13	0	0	0	13	0	0	0.649		99.923	47.3342	0.362912	0	3.63191	0.138467	17.115	2		0	12.0705	37.2582	0	0	0	
2024-06-10 20:23:47	1294	3408	9	0	0	2	9	0	0	0	9	0	0	7	9	0	0	0	9	0	0	4.33		99.9234	46.77	0.0468891	0	0.469251	0.0886998	14.742	2		0	12.0705	37.778	0	0	0	
2024-06-10 20:32:30	1357	3409	9	0	0	7	29	0	0	0	29	0	0	6	29	0	0	0	29	0	0	0.866		99.9112	46.3915	0.300489	0	3.00756	0.0740739	18.8971	2		0	12.0705	35.8288	0	0	0	
2024-06-10 20:32:09	1354	3410	5	0	0	7	29	0	0	0	29	0	0	4.75	29	0	0	0	29	0	0	1.948		99.9163	46.4282	0.112923	0	1.13018	0.510319	15.9775	1		0	12.0705	35.9588	0	0	0	
2024-06-10 20:22:54	1287	3411	9	0	0	1	5	0	0	0	5	0	0	5.5	5	0	0	0	5	0	0	3.897		99.9274	47.1087	0.0651693	0	0.652166	0.624308	18.4396	1		0	12.0705	38.4277	0	0	0	
2024-06-10 20:23:01	1288	3412	5	0	0	1	5	0	0	0	5	0	0	4.25	5	0	0	0	5	0	0	2.814		99.9245	46.98	0.0750109	0	0.750676	0.0877165	15.3291	1		0	12.0705	38.2978	0	0	0	
2024-06-10 20:31:27	1349	3413	1	0	0	6	25	0	0	0	25	0	0	3.25	25	0	0	0	25	0	0	2.381		99.9105	46.6875	0.0805442	0	0.806164	0.45291	13.9295	1		0	12.0705	35.9588	0	0	0	
2024-06-10 20:37:19	1392	3414	1	0	0	0.25	2	0	0	0	2	0	0	1.5	2	0	0	0	2	0	0	1.082		99.9143	46.2714	0.195572	0	1.9574	0.198514	15.3734	2		0	12.0705	35.8288	0	0	0	
2024-06-10 20:33:08	1361	3415	1	0	0	7	29	0	0	0	29	0	0	0.75	29	0	0	0	29	0	0	5.412		99.9118	46.3996	0.0400795	0	0.401149	0.00844167	15.7531	1		0	12.0705	35.8288	0	0	0	
2024-06-10 20:20:25	1271	3416	5	0	0	0	1	0	0	0	1	0	0	5	1	0	0	0	1	0	0	4.33		99.9359	47.8035	0.0511885	0	0.512213	0.21216	16.0917	2		0	12.0705	40.5069	0	0	0	
2024-06-10 20:20:59	1275	3417	1	0	0	0	1	0	0	0	1	0	0	3.75	1	0	0	0	1	0	0	3.247		99.9317	47.5432	0.0665162	0	0.665617	0.246761	15.6832	1		0.0088623	12.0793	39.5972	0	0	0	
2024-06-10 20:42:10	1423	3418	9	0	0	7.5	31	0	0	0	31	0	0	6.25	31	0	0	0	31	0	0	1.082		99.9123	46.3302	0.229816	0	2.30018	0.130205	18.0656	2		0	11.973	35.8288	0	0	0	
2024-06-10 20:38:48	1401	3419	9	0	0	6.25	26	0	0	0	26	0	0	7.5	26	0	0	0	26	0	0	1.082		99.913	46.4774	0.219034	0	2.19225	0.34314	17.2179	2		0	12.0705	35.6989	0	0	0	
2024-06-10 20:30:31	1343	3420	9	0	0	6	25	0	0	0	25	0	0	7.25	25	0	0	0	25	0	0	1.082		99.9116	46.703	0.282677	0	2.82927	0.338742	22.221	2		0	12.0705	35.9588	0	0	0	
2024-06-10 20:34:44	1374	3421	1	0	0	7.75	32	0	0	0	32	0	0	1.5	32	0	0	0	32	0	0	5.412		99.9166	46.7525	0.0382799	0	0.383119	0.326541	15.045	1		0	12.0705	35.8288	0	0	0	
2024-06-10 20:29:26	1335	3422	5	0	0	5	21	0	0	0	21	0	0	5.75	21	0	0	0	21	0	0	0.649		99.9071	47.4326	0.599135	0	5.99692	0.179579	28.2598	2		0	12.0705	36.2187	0	0	0	
2024-06-10 20:29:26	1335	3423	9	0	0	5	21	0	0	0	21	0	0	4.5	21	0	0	0	21	0	0	0.433		99.9071	47.4326	0.67962	0	6.80252	0.167328	21.3707	2		0	12.0705	36.2187	0	0	0	
2024-06-10 20:26:17	1312	3424	1	0	0	3	13	0	0	0	13	0	0	1.25	13	0	0	0	13	0	0	1.515		99.9161	47.2542	0.132588	0	1.32699	0.0201874	14.5911	2		0	12.0705	36.8684	0	0	0	
2024-06-10 20:23:08	1289	3425	5	0	0	1	5	0	0	0	5	0	0	2.25	5	0	0	0	5	0	0	1.082		99.9279	46.9166	0.194793	0	1.94933	0.540823	15.31	1		0	12.0705	38.1678	0	0	0	
2024-06-10 20:37:09	1391	3426	1	0	0	0.5	3	0	0	0	3	0	0	1.25	3	0	0	0	3	0	0	0.649		99.9107	46.3532	0.392124	0	3.92474	0.276951	18.4949	2		0	12.0705	35.6989	0	0	0	
2024-06-10 20:35:53	1382	3427	9	0	0	2.5	11	0	0	0	11	0	0	5.25	11	0	0	0	11	0	0	2.381		99.9134	46.112	0.10413	0	1.0422	0.33608	18.008	2		0	12.0616	35.8288	0	0	0	
2024-06-10 20:34:21	1371	3428	9	0	0	7.75	32	0	0	0	32	0	0	7.5	32	0	0	0	32	0	0	0.216		99.9152	46.7641	1.01942	0	10.2029	0.537502	16.0266	1		0	12.0705	35.8288	0	0	0	
2024-06-10 20:33:51	1367	3429	9	0	0	7.75	32	0	0	0	32	0	0	6.25	32	0	0	0	32	0	0	1.299		99.9174	46.7545	0.182321	0	1.82472	0.587809	17.1975	1		0	11.973	35.8288	0	0	0	
2024-06-10 20:38:58	1402	3430	1	0	0	4.25	18	0	0	0	18	0	0	3.5	18	0	0	0	18	0	0	0.649		99.9163	46.3134	0.349712	0	3.50005	0.584761	16.4936	1		0	12.0705	35.8288	0	0	0	
2024-06-10 20:31:20	1348	3431	1	0	0	6	25	0	0	0	25	0	0	2.25	25	0	0	0	25	0	0	3.247		99.9089	46.6849	0.0621035	0	0.621601	0.297537	14.6461	1		0	12.0705	35.9588	0	0	0	
2024-06-10 20:41:30	1419	3432	9	0	0	5.25	22	0	0	0	22	0	0	4.5	22	0	0	0	22	0	0	0.649		99.915	46.6645	0.472073	0	4.72475	0.178918	22.2649	2		0	11.973	35.8288	0	0	0	
2024-06-10 20:27:11	1319	3433	5	0	0	4	17	0	0	0	17	0	0	5.75	17	0	0	0	17	0	0	1.515		99.9106	46.6866	0.143855	0	1.43984	0.331883	15.8318	1		0	12.0705	36.6085	0	0	0	
2024-06-10 20:27:18	1320	3434	5	0	0	4	17	0	0	0	17	0	0	4.5	17	0	0	0	17	0	0	0.433		99.9139	46.6435	0.535194	0	5.35655	0.652626	16.8281	1		0	12.0705	36.6085	0	0	0	
2024-06-10 20:20:25	1271	3435	1	0	0	0	1	0	0	0	1	0	0	2	1	0	0	0	1	0	0	1.732		99.9359	47.8035	0.156207	0	1.56308	0.681251	19.6422	2		0	12.0705	40.5069	0	0	0	
2024-06-10 20:23:37	1293	3436	5	0	0	2	9	0	0	0	9	0	0	7.5	9	0	0	0	9	0	0	4.762		99.9243	46.7957	0.0467342	0	0.467696	0.188692	16.1624	2		0	12.0705	37.908	0	0	0	
2024-06-10 20:24:07	1296	3437	9	0	0	2	9	0	0	0	9	0	0	6.25	9	0	0	0	9	0	0	3.68		99.9254	46.8076	0.0580575	0	0.581009	0.0882747	15.515	1		0	12.0705	37.6481	0	0	0	
2024-06-10 20:32:15	1355	3438	5	0	0	7	29	0	0	0	29	0	0	5.25	29	0	0	0	29	0	0	1.515		99.9182	46.4332	0.164701	0	1.64835	0.741718	18.1246	1		0	11.973	35.8288	0	0	0	
2024-06-10 20:32:09	1354	3439	9	0	0	7	29	0	0	0	29	0	0	4	29	0	0	0	29	0	0	2.598		99.9163	46.4282	0.0744351	0	0.744975	0.312961	14.0424	1		0	12.0705	35.9588	0	0	0	
2024-06-10 20:23:15	1290	3440	5	0	0	1	5	0	0	0	5	0	0	3.5	5	0	0	0	5	0	0	2.165		99.9258	46.9244	0.0936844	0	0.93754	0.0730712	14.7268	1		0	12.0705	38.0379	0	0	0	
2024-06-10 20:31:48	1352	3441	5	0	0	6	25	0	0	0	25	0	0	2.5	25	0	0	0	25	0	0	3.031		99.9124	46.6399	0.0763702	0	0.764372	0.208724	16.8094	2		0	12.0705	35.9588	0	0	0	
2024-06-10 20:41:24	1418	3442	1	0	0	3.75	16	0	0	0	16	0	0	2	16	0	0	0	16	0	0	1.515		99.9127	46.0578	0.147948	0	1.48077	0.0184852	16.282	1		0	12.0705	35.8288	0	0	0	
2024-06-10 20:29:42	1337	3443	1	0	0	5	21	0	0	0	21	0	0	2	21	0	0	0	21	0	0	2.598		99.9074	47.4404	0.0759633	0	0.760337	0.805365	14.332	1		0	12.0705	36.0887	0	0	0	
2024-06-10 20:25:00	1303	3444	5	0	0	2	9	0	0	0	9	0	0	1.75	9	0	0	0	9	0	0	0.216		99.9241	46.783	0.955662	0	9.56388	0.520277	15.0229	1		0	11.973	37.2582	0	0	0	
2024-06-10 20:33:22	1363	3445	1	0	0	7	29	0	0	0	29	0	0	0	29	0	0	0	29	0	0	6.061		99.9145	46.3878	0.0350807	0	0.351107	0.404787	15.4425	1		0	12.0705	35.8288	0	0	0	
2024-06-10 20:21:14	1277	3446	1	0	0	0	1	0	0	0	1	0	0	3	1	0	0	0	1	0	0	2.598		99.9315	47.5047	0.0785712	0	0.786251	0.274782	14.8205	1		0	12.0705	39.5972	0	0	0	
2024-06-10 20:25:42	1308	3447	5	0	0	3	13	0	0	0	13	0	0	7	13	0	0	0	13	0	0	3.464		99.9189	47.2874	0.0564802	0	0.56526	0.340028	14.2065	2		0	12.0705	36.9983	0	0	0	
2024-06-10 20:30:21	1342	3448	5	0	0	6	25	0	0	0	25	0	0	7.75	25	0	0	0	25	0	0	1.515		99.9081	46.7222	0.150881	0	1.51019	0.114079	16.6054	2		0	11.973	35.9588	0	0	0	
2024-06-10 20:30:11	1341	3449	9	0	0	6	25	0	0	0	25	0	0	6.5	25	0	0	0	25	0	0	0.433		99.9094	46.7759	0.633805	0	6.34379	0.264697	19.9296	2		0	12.0705	35.9588	0	0	0	
2024-06-10 20:34:59	1376	3450	5	0	0	7.75	32	0	0	0	32	0	0	0.75	32	0	0	0	32	0	0	6.061		99.9144	46.7477	0.0363158	0	0.36347	0.0907484	15.9862	1		0	12.0705	35.8288	0	0	0	
2024-06-10 20:29:15	1334	3451	1	0	0	5	21	0	0	0	21	0	0	3.75	21	0	0	0	21	0	0	1.082		99.9111	47.4313	0.20193	0	2.0211	0.145892	15.8737	2		0	12.0616	36.2187	0	0	0	
2024-06-10 20:26:35	1314	3452	1	0	0	3	13	0	0	0	13	0	0	0.5	13	0	0	0	13	0	0	2.165		99.9136	47.3666	0.0945189	0	0.946006	0.0501589	14.8598	1		0	12.0705	36.7384	0	0	0	
2024-06-10 20:22:32	1285	3453	1	0	0	1	5	0	0	0	5	0	0	1.5	5	0	0	0	5	0	0	0.433		99.9254	47.1315	0.563853	0	5.64274	0.878072	17.7272	1		0	12.0705	38.5577	0	0	0	
2024-06-10 20:43:27	1431	3454	1	0	0	2	9	0	0	5.75	9	0	0	3.25	9	0	0	4.5	9	0	0	0.649		99.9154	20.0981	0.237743	0	2.37944	0.139323	18.6881	1		0	12.0616	35.8288	0	0	0	
2024-06-10 20:27:18	1320	3455	1	0	0	4	17	0	0	0	17	0	0	1.75	17	0	0	0	17	0	0	1.948		99.9139	46.6435	0.0974445	0	0.975285	0.22084	13.7878	1		0	12.0705	36.6085	0	0	0	
2024-06-10 20:37:40	1394	3456	1	0	0	2.5	11	0	0	0	11	0	0	3.25	11	0	0	0	11	0	0	0.649		99.9122	46.0179	0.391481	0	3.91825	0.254225	18.4643	2		0	12.0705	35.8288	0	0	0	
2024-06-10 20:33:36	1365	3457	9	0	0	7.75	32	0	0	0	32	0	0	5.5	32	0	0	0	32	0	0	1.948		99.9171	46.7936	0.122629	0	1.22731	0.634586	17.3506	1		0	12.0705	35.8288	0	0	0	
2024-06-10 20:33:59	1368	3458	1	0	0	7.75	32	0	0	0	32	0	0	4.25	32	0	0	0	32	0	0	3.031		99.9111	46.7807	0.068122	0	0.681826	0.0351401	14.9941	1		0	12.0705	35.8288	0	0	0	
2024-06-10 20:30:21	1342	3459	1	0	0	6	25	0	0	0	25	0	0	1.5	25	0	0	0	25	0	0	3.897		99.9081	46.7222	0.051024	0	0.510709	0.171335	14.44	2		0	11.973	35.9588	0	0	0	
2024-06-10 20:27:33	1322	3460	5	0	0	4	17	0	0	0	17	0	0	5	17	0	0	0	17	0	0	0.866		99.9155	46.644	0.277678	0	2.77913	0.383035	17.4618	1		0	12.0705	36.4785	0	0	0	
2024-06-10 20:27:55	1325	3461	5	0	0	4	17	0	0	0	17	0	0	3.75	17	0	0	0	17	0	0	0.216		99.9145	46.6258	0.868662	0	8.69405	0.398309	13.6566	1		0	12.0705	36.4785	0	0	0	
2024-06-10 20:20:42	1273	3462	1	0	0	0	1	0	0	0	1	0	0	1.25	1	0	0	0	1	0	0	1.082		99.9332	47.6687	0.185198	0	1.85322	0.78705	14.5552	1		0	12.0705	40.117	0	0	0	
2024-06-10 20:24:22	1298	3463	9	0	0	2	9	0	0	0	9	0	0	5.5	9	0	0	0	9	0	0	3.031		99.9204	46.7388	0.125742	0	1.25842	0.224295	27.674	2		0	12.0705	37.5181	0	0	0	
2024-06-10 20:23:57	1295	3464	5	0	0	2	9	0	0	0	9	0	0	4.25	9	0	0	0	9	0	0	1.948		99.9243	46.7374	0.108464	0	1.08546	0.0633414	15.3454	2		0	12.0705	37.6481	0	0	0	
2024-06-10 20:32:41	1358	3465	1	0	0	7	29	0	0	0	29	0	0	3.25	29	0	0	0	29	0	0	3.247		99.9127	46.3676	0.0596661	0	0.597183	0.110774	14.0708	2		0	12.0705	35.8288	0	0	0	
2024-06-10 20:23:22	1291	3466	1	0	0	1	5	0	0	0	5	0	0	2.75	5	0	0	0	5	0	0	1.515		99.9282	46.9376	0.133866	0	1.33962	0.468044	14.7299	1		0	12.0705	38.0379	0	0	0	
2024-06-10 20:21:06	1276	3467	9	0	0	0	1	0	0	0	1	0	0	7	1	0	0	0	1	0	0	6.061		99.9312	47.5156	0.0356644	0	0.356889	0.474365	15.6968	1		0	12.0705	39.7272	0	0	0	
2024-06-10 20:29:57	1339	3468	5	0	0	5	21	0	0	0	21	0	0	1.25	21	0	0	0	21	0	0	3.247		99.9071	47.5156	0.0698735	0	0.699385	0.0506763	16.4789	1		0	12.0705	35.9588	0	0	0	
2024-06-10 20:24:15	1297	3469	1	0	0	2	9	0	0	0	9	0	0	1	9	0	0	0	9	0	0	0.866		99.9247	46.7991	0.24906	0	2.49247	0.914625	15.6607	1		0	12.0793	37.5181	0	0	0	
2024-06-10 20:26:03	1310	3470	9	0	0	3	13	0	0	0	13	0	0	7.5	13	0	0	0	13	0	0	3.897		99.9157	47.3237	0.0523679	0	0.524121	0.00594148	14.8192	1		0	12.0705	36.9983	0	0	0	
2024-06-10 20:25:25	1306	3471	5	0	0	3	13	0	0	0	13	0	0	6.25	13	0	0	0	13	0	0	2.814		99.9213	47.2964	0.0744138	0	0.744724	0.0451415	15.2075	2		0	12.0705	37.1283	0	0	0	
2024-06-10 20:32:50	1359	3472	5	0	0	7	29	0	0	0	29	0	0	7.25	29	0	0	0	29	0	0	0.216		99.9176	46.3414	0.945804	0	9.46584	0.176475	14.8689	2		0	12.0705	35.8288	0	0	0	
2024-06-10 20:22:39	1286	3473	9	0	0	1	5	0	0	0	5	0	0	6.75	5	0	0	0	5	0	0	4.979		99.9264	46.8592	0.0499728	0	0.500096	3.4651	18.0676	4		0	12.0793	38.5577	0	0	0	
2024-06-10 20:30:42	1344	3474	9	0	0	6	25	0	0	0	25	0	0	5.75	25	0	0	0	25	0	0	0.216		99.9104	46.6742	1.25105	0	12.5218	0.138173	19.6691	2		0	12.0793	35.9588	0	0	0	
2024-06-10 20:30:59	1346	3475	9	0	0	6	25	0	0	0	25	0	0	4.5	25	0	0	0	25	0	0	1.299		99.9078	46.697	0.184647	0	1.84817	0.134679	17.4186	2		0	12.0705	35.9588	0	0	0	
2024-06-10 20:34:36	1373	3476	5	0	0	7.75	32	0	0	0	32	0	0	0	32	0	0	0	32	0	0	6.711		99.9126	46.7543	0.0327292	0	0.327579	0.10923	15.9513	1		0	12.0616	35.8288	0	0	0	
2024-06-10 20:29:50	1338	3477	1	0	0	5	21	0	0	0	21	0	0	3	21	0	0	0	21	0	0	1.732		99.9144	47.4872	0.112492	0	1.12588	0.590726	14.1483	1		0	12.0705	36.0887	0	0	0	
2024-06-10 20:23:08	1289	3478	1	0	0	1	5	0	0	0	5	0	0	0.75	5	0	0	0	5	0	0	0.216		99.9279	46.9166	1.08088	0	10.8166	0.65166	16.9906	1		0	12.0705	38.1678	0	0	0	
2024-06-10 20:39:44	1407	3479	1	0	0	5.75	24	0	0	0	24	0	0	2	24	0	0	0	24	0	0	3.247		99.9088	46.8968	0.0644475	0	0.645063	0.956834	15.1989	1		0	12.0705	35.8288	0	0	0	
2024-06-10 20:27:33	1322	3480	1	0	0	4	17	0	0	0	17	0	0	1	17	0	0	0	17	0	0	2.598		99.9155	46.644	0.0744893	0	0.745523	0.070498	14.0528	1		0	12.0705	36.4785	0	0	0	
2024-06-10 20:34:59	1376	3481	1	0	0	7.75	32	0	0	0	32	0	0	3.5	32	0	0	0	32	0	0	3.68		99.9144	46.7477	0.0554046	0	0.554521	0.0255362	14.8077	1		0	12.0705	35.8288	0	0	0	
2024-06-10 20:30:11	1341	3482	1	0	0	6	25	0	0	0	25	0	0	0.75	25	0	0	0	25	0	0	4.546		99.9094	46.7759	0.0502165	0	0.50262	0.321155	16.5798	2		0	12.0705	35.9588	0	0	0	
2024-06-10 20:28:08	1327	3483	5	0	0	4	17	0	0	0	17	0	0	3	17	0	0	0	17	0	0	0.866		99.913	46.5937	0.244929	0	2.45142	0.379536	15.4028	1		0	12.0705	36.3486	0	0	0	
2024-06-10 20:21:20	1278	3484	1	0	0	0	1	0	0	0	1	0	0	0.5	1	0	0	0	1	0	0	0.433		99.93	47.4065	0.523668	0	5.24035	0.073624	16.463	2		0	12.0705	39.4673	0	0	0	
2024-06-10 20:42:28	1425	3485	1	0	0	3.5	15	0	0	4.25	15	0	0	2.75	15	0	0	5	15	0	0	0.389		99.9138	18.9691	0.443702	0	4.44084	0.461912	20.927	1		0	11.9907	35.8288	0	0	0	
2024-06-10 20:24:22	1298	3486	1	0	0	2	9	0	0	0	9	0	0	3.5	9	0	0	0	9	0	0	1.299		99.9204	46.7388	0.166375	0	1.66508	0.0227925	15.693	2		0	12.0705	37.5181	0	0	0	
2024-06-10 20:33:00	1360	3487	1	0	0	7	29	0	0	0	29	0	0	2.5	29	0	0	0	29	0	0	3.897		99.9133	46.3851	0.0542721	0	0.543192	0.16065	15.3584	1		0	12.0705	35.8288	0	0	0	
2024-06-10 20:33:15	1362	3488	1	0	0	7	29	0	0	0	29	0	0	2	29	0	0	0	29	0	0	4.33		99.9134	46.3983	0.0469352	0	0.469759	0.511976	14.7579	1		0	12.0705	35.8288	0	0	0	
2024-06-10 20:20:49	1274	3489	5	0	0	0	1	0	0	0	1	0	0	7.5	1	0	0	0	1	0	0	6.494		99.9318	47.5308	0.0380066	0	0.380325	0.305752	17.9224	2		0	12.0705	39.9871	0	0	0	
2024-06-10 20:20:59	1275	3490	9	0	0	0	1	0	0	0	1	0	0	6.25	1	0	0	0	1	0	0	5.412		99.9317	47.5432	0.0408854	0	0.409134	0.0960787	16.0666	1		0.0088623	12.0793	39.5972	0	0	0	
2024-06-10 20:28:23	1329	3491	1	0	0	5	21	0	0	0	21	0	0	0.5	21	0	0	0	21	0	0	3.897		99.9106	47.554	0.0633497	0	0.634064	0.643388	17.9277	2		0	12.0705	35.9588	0	0	0	
2024-06-10 20:40:36	1413	3492	1	0	0	1.25	6	0	0	0	6	0	0	0.5	6	0	0	0	6	0	0	0.649		99.9113	46.1035	0.38208	0	3.82419	0.0983178	18.0211	2		0	12.0705	35.8288	0	0	0	
2024-06-10 20:28:23	1329	3493	9	0	0	5	21	0	0	0	21	0	0	7	21	0	0	0	21	0	0	1.732		99.9106	47.554	0.126507	0	1.2662	0.138234	15.9115	2		0	12.0705	35.9588	0	0	0	
2024-06-10 20:23:47	1294	3494	1	0	0	2	9	0	0	0	9	0	0	0.25	9	0	0	0	9	0	0	1.515		99.9234	46.77	0.131539	0	1.3164	0.155468	14.4746	2		0	12.0705	37.778	0	0	0	
2024-06-10 20:27:04	1318	3495	9	0	0	4	17	0	0	0	17	0	0	7	17	0	0	0	17	0	0	2.598		99.914	46.6839	0.0709982	0	0.710593	0.00465688	13.3944	1		0	12.0616	36.6085	0	0	0	
2024-06-10 20:25:52	1309	3496	5	0	0	3	13	0	0	0	13	0	0	5.5	13	0	0	0	13	0	0	2.165		99.919	47.225	0.101101	0	1.01183	0.0334264	15.8937	2		0	11.973	36.9983	0	0	0	
2024-06-10 20:25:14	1305	3497	9	0	0	3	13	0	0	0	13	0	0	4.25	13	0	0	0	13	0	0	1.082		99.923	47.3342	0.192977	0	1.93125	0.0991812	15.168	2		0	12.0705	37.2582	0	0	0	
2024-06-10 20:32:41	1358	3498	9	0	0	7	29	0	0	0	29	0	0	7.75	29	0	0	0	29	0	0	0.649		99.9127	46.3676	0.389694	0	3.90035	0.114969	18.38	2		0	12.0705	35.8288	0	0	0	
2024-06-10 20:32:30	1357	3499	5	0	0	7	29	0	0	0	29	0	0	6.5	29	0	0	0	29	0	0	0.433		99.9112	46.3915	0.606481	0	6.0702	0.0985875	19.0701	2		0	12.0705	35.8288	0	0	0	
2024-06-10 20:22:00	1282	3500	9	0	0	1	5	0	0	0	5	0	0	6	5	0	0	0	5	0	0	4.33		99.9316	47.1049	0.0592119	0	0.592524	1.6425	18.6147	2		0	12.0705	38.9475	0	0	0	
2024-06-10 20:22:32	1285	3501	9	0	0	1	5	0	0	0	5	0	0	4.75	5	0	0	0	5	0	0	3.247		99.9254	47.1315	0.0790621	0	0.791211	0.559917	18.6425	1		0	12.0705	38.5577	0	0	0	
2024-06-10 20:38:00	1396	3502	9	0	0	4.75	20	0	0	0	20	0	0	5	20	0	0	0	20	0	0	0.216		99.9108	46.1669	1.20042	0	12.015	0.127084	18.873	2		0	12.0705	35.8288	0	0	0	
2024-06-10 20:30:42	1344	3503	5	0	0	6	25	0	0	0	25	0	0	5	25	0	0	0	25	0	0	0.866		99.9104	46.6742	0.379698	0	3.80038	0.110227	23.8785	2		0	12.0793	35.9588	0	0	0	
2024-06-10 20:31:41	1351	3504	1	0	0	6	25	0	0	0	25	0	0	3.75	25	0	0	0	25	0	0	1.948		99.9097	46.6848	0.10184	0	1.01932	0.430042	14.4104	1		0	12.0705	35.9588	0	0	0	
2024-06-10 20:22:17	1284	3505	1	0	0	1	5	0	0	0	5	0	0	0	5	0	0	0	5	0	0	0.866		99.9273	46.875	0.24677	0	2.4695	0.760975	15.5163	4		0	11.973	38.8176	0	0	0	
2024-06-10 20:36:31	1387	3506	9	0	0	0.75	4	0	0	0	4	0	0	7	4	0	0	0	4	0	0	5.412		99.9151	46.8352	0.0388493	0	0.388823	0.11454	15.269	1		0	12.0705	35.8288	0	0	0	
2024-06-10 20:27:11	1319	3507	1	0	0	4	17	0	0	0	17	0	0	0.25	17	0	0	0	17	0	0	3.247		99.9106	46.6866	0.0601665	0	0.602204	0.379202	14.1891	1		0	12.0705	36.6085	0	0	0	
2024-06-10 20:33:36	1365	3508	1	0	0	7.75	32	0	0	0	32	0	0	2.75	32	0	0	0	32	0	0	4.33		99.9171	46.7936	0.0496162	0	0.496574	0.641611	15.6003	1		0	12.0705	35.8288	0	0	0	
2024-06-10 20:30:31	1343	3509	1	0	0	6	25	0	0	0	25	0	0	0	25	0	0	0	25	0	0	5.195		99.9116	46.703	0.0451501	0	0.4519	0.489431	17.0362	2		0	12.0705	35.9588	0	0	0	
2024-06-10 20:24:31	1299	3510	1	0	0	2	9	0	0	0	9	0	0	2.75	9	0	0	0	9	0	0	0.649		99.924	46.7504	0.383904	0	3.84197	0.925347	18.1048	1		0	11.973	37.5181	0	0	0	
2024-06-10 20:33:29	1364	3511	1	0	0	7	29	0	0	0	29	0	0	1.25	29	0	0	0	29	0	0	4.979		99.9179	46.3853	0.0438335	0	0.438695	0.973868	15.8493	1		0	12.0705	35.8288	0	0	0	
2024-06-10 20:20:10	1270	3512	5	0	0	0	1	0	0	0	1	0	0	5.5	1	0	0	0	1	0	0	4.762		99.9352	47.7566	0.0624244	0	0.624649	0.371877	21.5863	4		0	12.0705	40.8967	0	0	0	
2024-06-10 20:20:25	1271	3513	9	0	0	0	1	0	0	0	1	0	0	4.25	1	0	0	0	1	0	0	3.68		99.9359	47.8035	0.0603231	0	0.603618	0.394983	16.1187	2		0	12.0705	40.5069	0	0	0	
