Time	MeasID	DPID	Channel	A(x)	A(y)	A(z)	A(adr)	B(x)	B(y)	B(z)	B(adr)	M(x)	M(y)	M(z)	M(adr)	N(x)	N(y)	N(z)	N(adr)	F(x)	F(y)	F(z)	Note	I(mA)	Uout(V)	U(V)	SP(V)	R(Ohm)	Var(%)	Rho-a(Ohm-m)	Cycles	IP Delay Window(mV/V)	Pint(V)	Pext(V)	T int(deg C)	T log(deg C)	Latitude	Longitude
2024-06-12 16:16:38	101	1	1	0	0	7.75	32	0	0	0	32	0	0	2	32	0	0	0	32	0	0	4.979		99.9597	53.6392	0.0413373	0	0.41354	0.000713732	14.9405	1		0	12.0616	40.117	0	0	0	
2024-06-12 16:11:39	63	2	5	0	0	5	21	0	0	0	21	0	0	7.5	21	0	0	0	21	0	0	2.165		99.9638	53.8882	0.0932811	0	0.933149	0.0918311	14.6579	1		0	12.0616	40.6368	0	0	0	
2024-06-12 16:11:28	62	3	9	0	0	5	21	0	0	0	21	0	0	6.25	21	0	0	0	21	0	0	1.082		99.9685	53.6678	0.206486	0	2.06552	0.0758402	16.2225	2		0	12.0616	40.7668	0	0	0	
2024-06-12 16:09:42	48	4	1	0	0	3	13	0	0	0	13	0	0	1.75	13	0	0	0	13	0	0	1.082		99.9649	54.2974	0.186283	0	1.86348	0.583727	14.6358	1		0	12.0616	41.4165	0	0	0	
2024-06-12 16:16:38	101	5	5	0	0	7.75	32	0	0	0	32	0	0	6.75	32	0	0	0	32	0	0	0.866		99.9597	53.6392	0.251667	0	2.51768	0.414303	15.8191	1		0	12.0616	40.117	0	0	0	
2024-06-12 16:22:58	148	6	1	0	0	3.25	14	0	0	0	14	0	0	2.5	14	0	0	0	14	0	0	0.649		99.9595	53.3524	0.333434	0	3.33569	0.265683	15.7191	2		0	12.0616	39.9871	0	0	0	
2024-06-12 16:10:03	51	7	9	0	0	4	17	0	0	0	17	0	0	7.5	17	0	0	0	17	0	0	3.031		99.9642	53.476	0.0689412	0	0.689659	0.0895213	15.1664	2		0	12.0616	41.2865	0	0	0	
2024-06-12 16:10:35	55	8	5	0	0	4	17	0	0	0	17	0	0	6.25	17	0	0	0	17	0	0	1.948		99.9648	53.5669	0.103763	0	1.03799	0.133527	14.6743	1		0	12.0616	41.1566	0	0	0	
2024-06-12 16:09:06	43	9	1	0	0	3	13	0	0	0	13	0	0	3.5	13	0	0	0	13	0	0	0.433		99.9696	54.3224	0.529275	0	5.29437	0.755329	16.6327	1		0	12.0616	41.6764	0	0	0	
2024-06-12 16:07:44	32	10	9	0	0	2	9	0	0	0	9	0	0	6.75	9	0	0	0	9	0	0	4.113		99.9712	54.2105	0.054814	0	0.548298	0.0228522	16.364	1		0	12.0616	42.1962	0	0	0	
2024-06-12 16:15:11	90	11	5	0	0	7	29	0	0	0	29	0	0	5.75	29	0	0	0	29	0	0	1.082		99.9622	53.575	0.197765	0	1.9784	0.436067	15.5383	1		0	12.0616	40.3769	0	0	0	
2024-06-12 16:15:19	91	12	9	0	0	7	29	0	0	0	29	0	0	4.5	29	0	0	0	29	0	0	2.165		99.9616	53.5486	0.0903127	0	0.903474	0.430668	14.1917	1		0	12.0616	40.3769	0	0	0	
2024-06-12 16:05:31	14	13	9	0	0	1	5	0	0	0	5	0	0	5.25	5	0	0	0	5	0	0	3.68		99.9781	54.0677	0.0625263	0	0.6254	0.276971	16.7004	1		0.0088623	12.0616	43.7555	0	0	0	
2024-06-12 16:05:52	17	14	9	0	0	1	5	0	0	0	5	0	0	4	5	0	0	0	5	0	0	2.598		99.9741	54.0274	0.0743091	0	0.743284	0.304377	14.0106	1		0.0088623	12.0616	43.3657	0	0	0	
2024-06-12 16:21:24	136	15	1	0	0	4.75	20	0	0	0	20	0	0	3	20	0	0	0	20	0	0	1.515		99.9659	53.09	0.128394	0	1.28438	0.728048	14.1225	1		0	12.0616	39.8571	0	0	0	
2024-06-12 16:13:12	75	16	1	0	0	6	25	0	0	0	25	0	0	3	25	0	0	0	25	0	0	2.598		99.964	53.6284	0.0790511	0	0.790796	0.249554	14.9061	1		0	12.0616	40.6368	0	0	0	
2024-06-12 16:08:05	35	17	5	0	0	2	9	0	0	0	9	0	0	2.25	9	0	0	0	9	0	0	0.216		99.9686	54.2234	0.925027	0	9.25318	0.497533	14.5349	1		0	12.0616	42.0662	0	0	0	
2024-06-12 16:15:41	94	18	1	0	0	7	29	0	0	0	29	0	0	0.5	29	0	0	0	29	0	0	5.628		99.9613	53.5687	0.0450878	0	0.451053	0.567954	18.4213	1		0	12.0616	40.117	0	0	0	
2024-06-12 16:04:22	4	19	1	0	0	0	1	0	0	0	1	0	0	3.5	1	0	0	0	1	0	0	3.031		99.9733	55.4315	0.0760596	0	0.760799	0.796611	16.7308	1		0.0088623	12.0616	44.925	0	0	0	
2024-06-12 16:22:50	147	20	1	0	0	1.75	8	0	0	0	8	0	0	0	8	0	0	0	8	0	0	1.515		99.9583	53.697	0.125973	0	1.26026	0.659869	13.8573	1		0	11.9552	40.117	0	0	0	
2024-06-12 16:13:12	75	21	5	0	0	6	25	0	0	0	25	0	0	7	25	0	0	0	25	0	0	0.866		99.964	53.6284	0.269456	0	2.69552	0.454725	16.9365	1		0	12.0616	40.6368	0	0	0	
2024-06-12 16:22:08	141	22	1	0	0	6.5	27	0	0	0	27	0	0	1.25	27	0	0	0	27	0	0	4.546		99.9642	53.2587	0.0591607	0	0.591819	0.0952518	19.5222	1		0	12.0705	40.117	0	0	0	
2024-06-12 16:17:14	106	23	1	0	0	7.75	32	0	0	0	32	0	0	1.25	32	0	0	0	32	0	0	5.628		99.964	53.7739	0.0391528	0	0.391669	0.287367	15.996	1		0	12.0616	40.117	0	0	0	
2024-06-12 16:11:53	65	24	5	0	0	5	21	0	0	0	21	0	0	5.5	21	0	0	0	21	0	0	0.433		99.9662	53.9417	0.562663	0	5.62853	0.764463	17.6825	1		0	12.0616	40.7668	0	0	0	
2024-06-12 16:11:18	61	25	5	0	0	5	21	0	0	0	21	0	0	4.25	21	0	0	0	21	0	0	0.649		99.9644	53.7137	0.357057	0	3.57184	0.340984	16.8319	2		0	12.0616	41.0267	0	0	0	
2024-06-12 16:09:21	45	26	5	0	0	3	13	0	0	0	13	0	0	1	13	0	0	0	13	0	0	1.732		99.9704	54.3856	0.108367	0	1.08399	0.521595	13.6218	1		0.0088623	12.0616	41.5464	0	0	0	
2024-06-12 16:05:52	17	27	1	0	0	1	5	0	0	0	5	0	0	2	5	0	0	0	5	0	0	0.866		99.9741	54.0274	0.235517	0	2.35577	0.49725	14.8018	1		0.0088623	12.0616	43.3657	0	0	0	
2024-06-12 16:18:35	116	28	9	0	0	1.75	8	0	0	0	8	0	0	6	8	0	0	0	8	0	0	3.68		99.9626	53.7458	0.0631859	0	0.632096	0.174304	16.8792	1		0	12.0616	40.117	0	0	0	
2024-06-12 16:11:03	59	29	1	0	0	4	17	0	0	0	17	0	0	2.25	17	0	0	0	17	0	0	1.515		99.9672	53.5736	0.125221	0	1.25262	0.37338	13.7733	1		0	12.0616	41.0267	0	0	0	
2024-06-12 16:16:30	100	30	5	0	0	7.75	32	0	0	0	32	0	0	6	32	0	0	0	32	0	0	1.515		99.9612	53.5544	0.129764	0	1.29815	0.650079	14.2739	1		0	12.0616	40.117	0	0	0	
2024-06-12 16:16:52	103	31	9	0	0	7.75	32	0	0	0	32	0	0	4.75	32	0	0	0	32	0	0	2.598		99.9625	53.6399	0.0723615	0	0.723887	0.209036	13.6449	1		0	12.0616	39.9871	0	0	0	
2024-06-12 16:14:06	82	32	5	0	0	6	25	0	0	0	25	0	0	2	25	0	0	0	25	0	0	3.464		99.9647	53.5517	0.0661924	0	0.662158	0.109484	16.6418	1		0	12.0616	40.5069	0	0	0	
2024-06-12 16:10:13	52	33	9	0	0	4	17	0	0	0	17	0	0	5.5	17	0	0	0	17	0	0	1.299		99.9655	53.5974	0.164607	0	1.64664	0.105535	15.5192	1		0.0088623	12.0616	41.2865	0	0	0	
2024-06-12 16:10:42	56	34	5	0	0	4	17	0	0	0	17	0	0	4.25	17	0	0	0	17	0	0	0.216		99.965	53.5776	1.03851	0	10.3887	0.359834	16.3186	1		0	12.0616	41.1566	0	0	0	
2024-06-12 16:05:10	11	35	1	0	0	0	1	0	0	0	1	0	0	1.75	1	0	0	0	1	0	0	1.515		99.9768	54.605	0.125934	0	1.25963	0.33675	13.8504	1		0.0088623	12.0616	44.0154	0	0	0	
2024-06-12 16:24:02	156	36	1	0	0	3.75	16	0	0	4	16	0	0	3.5	16	0	0	4.25	16	0	0	0.13		99.9653	19.0516	0.751222	0	7.51482	0.329235	11.8043	1		0	12.0616	39.8571	0	0	0	
2024-06-12 16:08:37	39	37	1	0	0	3	13	0	0	0	13	0	0	2.75	13	0	0	0	13	0	0	0.216		99.9701	54.4091	0.912847	0	9.1312	0.760274	14.3433	1		0	12.0616	41.8063	0	0	0	
2024-06-12 16:07:37	31	38	9	0	0	2	9	0	0	0	9	0	0	6	9	0	0	0	9	0	0	3.464		99.9702	54.1446	0.0670237	0	0.670437	0.330935	16.8499	1		0	12.0616	42.3261	0	0	0	
2024-06-12 16:06:51	25	39	5	0	0	2	9	0	0	0	9	0	0	4.75	9	0	0	0	9	0	0	2.381		99.9753	54.249	0.0843683	0	0.843892	0.679754	14.5814	1		0	12.0616	42.7159	0	0	0	
2024-06-12 16:15:11	90	40	9	0	0	7	29	0	0	0	29	0	0	5	29	0	0	0	29	0	0	1.732		99.9622	53.575	0.113736	0	1.13779	0.419286	14.2979	1		0	12.0616	40.3769	0	0	0	
2024-06-12 16:15:33	93	41	1	0	0	7	29	0	0	0	29	0	0	3.75	29	0	0	0	29	0	0	2.814		99.9627	53.5552	0.0708968	0	0.709232	0.345469	14.4828	1		0.0088623	12.0616	40.3769	0	0	0	
2024-06-12 16:05:45	16	42	1	0	0	1	5	0	0	0	5	0	0	3.25	5	0	0	0	5	0	0	1.948		99.971	54.0384	0.0950785	0	0.95106	0.320997	13.4453	1		0.0088623	12.0616	43.4956	0	0	0	
2024-06-12 16:18:11	113	43	9	0	0	2.75	12	0	0	0	12	0	0	5	12	0	0	0	12	0	0	1.948		99.9623	53.412	0.0975128	0	0.975495	0.69133	13.7907	1		0	12.0616	40.117	0	0	0	
2024-06-12 16:12:37	71	44	5	0	0	5	21	0	0	0	21	0	0	1.75	21	0	0	0	21	0	0	2.814		99.9626	53.8882	0.0762825	0	0.763111	0.679191	15.583	1		0	12.0616	40.6368	0	0	0	
2024-06-12 16:08:05	35	45	1	0	0	2	9	0	0	0	9	0	0	1.5	9	0	0	0	9	0	0	0.433		99.9686	54.2234	0.524193	0	5.24358	0.604108	16.4732	1		0	12.0616	42.0662	0	0	0	
2024-06-12 16:05:03	10	46	1	0	0	0	1	0	0	0	1	0	0	2.75	1	0	0	0	1	0	0	2.381		99.9766	54.6379	0.117636	0	1.17663	0.723665	20.3308	1		0	12.0616	44.1454	0	0	0	
2024-06-12 16:18:04	112	47	9	0	0	3.25	14	0	0	0	14	0	0	4.5	14	0	0	0	14	0	0	1.082		99.96	53.7701	0.18922	0	1.89296	0.978862	14.8672	1		0	12.0616	40.117	0	0	0	
2024-06-12 16:08:20	37	48	5	0	0	3	13	0	0	0	13	0	0	6.75	13	0	0	0	13	0	0	3.247		99.9667	54.2585	0.0666719	0	0.666941	0.0556023	15.7144	2		0	12.0616	41.9363	0	0	0	
2024-06-12 16:06:13	20	49	5	0	0	1	5	0	0	0	5	0	0	7.25	5	0	0	0	5	0	0	5.412		99.9732	53.6106	0.0552955	0	0.553103	0.109644	21.7203	2		0	12.0616	43.2357	0	0	0	
2024-06-12 16:13:34	78	50	5	0	0	6	25	0	0	0	25	0	0	7.5	25	0	0	0	25	0	0	1.299		99.9633	53.3345	0.161414	0	1.61474	0.0509947	15.2185	2		0	12.0616	40.5069	0	0	0	
2024-06-12 16:12:51	73	51	5	0	0	6	25	0	0	0	25	0	0	6.25	25	0	0	0	25	0	0	0.216		99.9602	53.4868	1.01143	0	10.1184	0.289117	15.8939	2		0	11.9552	40.6368	0	0	0	
2024-06-12 16:17:06	105	52	1	0	0	7.75	32	0	0	0	32	0	0	0.5	32	0	0	0	32	0	0	6.278		99.9626	53.5941	0.0355881	0	0.356014	0.504208	16.2176	1		0	12.0616	39.9871	0	0	0	
2024-06-12 16:11:28	62	53	1	0	0	5	21	0	0	0	21	0	0	3.5	21	0	0	0	21	0	0	1.299		99.9685	53.6678	0.152195	0	1.52243	0.0357999	14.3486	2		0	12.0616	40.7668	0	0	0	
2024-06-12 16:08:30	38	54	1	0	0	3	13	0	0	0	13	0	0	0.25	13	0	0	0	13	0	0	2.381		99.9705	54.4404	0.0788585	0	0.788817	0.386283	13.6298	1		0	12.0616	41.6764	0	0	0	
2024-06-12 16:06:06	19	55	1	0	0	1	5	0	0	0	5	0	0	1.25	5	0	0	0	5	0	0	0.216		99.9747	53.9184	0.909543	0	9.09773	0.511439	14.2907	1		0	12.0616	43.2357	0	0	0	
2024-06-12 16:10:49	57	56	5	0	0	4	17	0	0	0	17	0	0	1.5	17	0	0	0	17	0	0	2.165		99.9656	53.6399	0.0868152	0	0.868451	0.301549	13.6416	1		0	12.0616	41.1566	0	0	0	
2024-06-12 16:18:43	117	57	9	0	0	1.5	7	0	0	0	7	0	0	6.25	7	0	0	0	7	0	0	4.113		99.9601	52.9193	0.0572934	0	0.573163	0.577583	17.1061	1		0	12.0616	40.117	0	0	0	
2024-06-12 16:16:03	97	58	5	0	0	7.75	32	0	0	0	32	0	0	5.25	32	0	0	0	32	0	0	2.165		99.9619	53.4553	0.0862534	0	0.862863	0.141093	13.5538	2		0	12.0616	40.247	0	0	0	
2024-06-12 16:16:38	101	59	9	0	0	7.75	32	0	0	0	32	0	0	4	32	0	0	0	32	0	0	3.247		99.9597	53.6392	0.0578301	0	0.578534	0.0183559	13.6314	1		0	12.0616	40.117	0	0	0	
2024-06-12 16:14:06	82	60	1	0	0	6	25	0	0	0	25	0	0	1.25	25	0	0	0	25	0	0	4.113		99.9647	53.5517	0.0641903	0	0.64213	0.0664404	19.1644	1		0	12.0616	40.5069	0	0	0	
2024-06-12 16:10:56	58	61	5	0	0	4	17	0	0	0	17	0	0	3.5	17	0	0	0	17	0	0	0.433		99.9646	53.6226	0.569432	0	5.69633	0.571248	17.8956	1		0	12.0616	41.1566	0	0	0	
2024-06-12 16:04:42	7	62	1	0	0	0	1	0	0	0	1	0	0	1	1	0	0	0	1	0	0	0.866		99.9756	54.9438	0.242832	0	2.42892	0.443157	15.2613	1		0	12.0616	44.5352	0	0	0	
2024-06-12 16:07:06	27	63	9	0	0	2	9	0	0	0	9	0	0	5.25	9	0	0	0	9	0	0	2.814		99.9753	54.003	0.0779983	0	0.780175	0.0219855	15.9315	2		0	12.0616	42.4561	0	0	0	
2024-06-12 16:06:58	26	64	5	0	0	2	9	0	0	0	9	0	0	4	9	0	0	0	9	0	0	1.732		99.9742	54.5393	0.111471	0	1.115	0.311927	14.0115	1		0	12.0616	42.7159	0	0	0	
2024-06-12 16:23:08	149	65	1	0	0	3.5	15	0	0	0	15	0	0	2.25	15	0	0	0	15	0	0	1.082		99.9569	52.8164	0.184493	0	1.84572	0.977156	14.4963	1		0	12.0705	39.8571	0	0	0	
2024-06-12 16:15:26	92	66	1	0	0	7	29	0	0	0	29	0	0	3	29	0	0	0	29	0	0	3.464		99.9644	53.597	0.0588248	0	0.588457	0.362122	14.7895	1		0.0088623	12.0616	40.3769	0	0	0	
2024-06-12 16:06:30	22	67	1	0	0	1	5	0	0	0	5	0	0	2.5	5	0	0	0	5	0	0	1.299		99.9722	53.8158	0.150678	0	1.5072	0.198601	14.205	1		0.0088623	12.0616	42.9758	0	0	0	
2024-06-12 16:04:36	6	68	5	0	0	0	1	0	0	0	1	0	0	6.75	1	0	0	0	1	0	0	5.845		99.9782	54.9997	0.0417012	0	0.417102	0.325097	17.6899	1		0.0088623	12.0616	44.5352	0	0	0	
2024-06-12 16:19:52	125	69	1	0	0	2.75	12	0	0	0	12	0	0	3	12	0	0	0	12	0	0	0.216		99.9647	53.1119	0.905832	0	9.06152	0.84738	14.2338	1		0	11.9552	40.117	0	0	0	
2024-06-12 16:12:37	71	70	1	0	0	5	21	0	0	0	21	0	0	1	21	0	0	0	21	0	0	3.464		99.9626	53.8882	0.0649462	0	0.649705	0.265099	16.3289	1		0	12.0616	40.6368	0	0	0	
2024-06-12 16:25:27	165	71	1	0	0	0.5	3	0	0	7.25	3	0	0	2.75	3	0	0	5	3	0	0	1.168		99.9621	21.3142	0.0757292	0	0.757578	0.236288	10.71	2		0	12.0616	39.9871	0	0	0	
2024-06-12 16:20:43	131	72	9	0	0	6.75	28	0	0	0	28	0	0	7	28	0	0	0	28	0	0	0.216		99.9603	52.8915	0.928866	0	9.29235	0.165807	14.5964	2		0.0088623	12.0616	40.117	0	0	0	
2024-06-12 16:07:37	31	73	1	0	0	2	9	0	0	0	9	0	0	0.75	9	0	0	0	9	0	0	1.082		99.9702	54.1446	0.180954	0	1.81008	0.53288	14.2164	1		0	12.0616	42.3261	0	0	0	
2024-06-12 16:09:13	44	74	5	0	0	3	13	0	0	0	13	0	0	6	13	0	0	0	13	0	0	2.598		99.9698	54.3018	0.0798981	0	0.799222	0.173582	15.065	1		0	12.0616	41.6764	0	0	0	
2024-06-12 16:08:30	38	75	5	0	0	3	13	0	0	0	13	0	0	4.75	13	0	0	0	13	0	0	1.515		99.9705	54.4404	0.129449	0	1.29487	0.5825	14.2378	1		0	12.0616	41.6764	0	0	0	
2024-06-12 16:05:45	16	76	5	0	0	1	5	0	0	0	5	0	0	7.75	5	0	0	0	5	0	0	5.845		99.971	54.0384	0.0400627	0	0.400744	0.321114	16.9961	1		0.0088623	12.0616	43.4956	0	0	0	
2024-06-12 16:06:06	19	77	5	0	0	1	5	0	0	0	5	0	0	6.5	5	0	0	0	5	0	0	4.762		99.9747	53.9184	0.0534338	0	0.534473	0.190803	18.4701	1		0	12.0616	43.2357	0	0	0	
2024-06-12 16:13:02	74	78	5	0	0	6	25	0	0	0	25	0	0	5.5	25	0	0	0	25	0	0	0.433		99.9624	53.3184	0.576584	0	5.76801	0.124113	18.1207	2		0	12.0616	40.6368	0	0	0	
2024-06-12 16:13:12	75	79	9	0	0	6	25	0	0	0	25	0	0	4.25	25	0	0	0	25	0	0	1.515		99.964	53.6284	0.137715	0	1.37765	0.269662	15.148	1		0	12.0616	40.6368	0	0	0	
2024-06-12 16:12:30	70	80	1	0	0	5	21	0	0	0	21	0	0	2.75	21	0	0	0	21	0	0	1.948		99.9629	53.7963	0.0977225	0	0.977587	0.28767	13.8203	1		0	11.9552	40.6368	0	0	0	
2024-06-12 16:06:23	21	81	5	0	0	1	5	0	0	0	5	0	0	0.5	5	0	0	0	5	0	0	0.433		99.9738	53.731	0.544809	0	5.44952	0.619381	17.1202	1		0.0088623	12.0616	43.1058	0	0	0	
2024-06-12 16:10:13	52	82	1	0	0	4	17	0	0	0	17	0	0	0.75	17	0	0	0	17	0	0	2.814		99.9655	53.5974	0.0708845	0	0.709089	0.769816	14.4799	1		0.0088623	12.0616	41.2865	0	0	0	
2024-06-12 16:16:13	98	83	1	0	0	7.75	32	0	0	0	32	0	0	3.25	32	0	0	0	32	0	0	3.897		99.966	53.6982	0.049021	0	0.490377	0.458923	13.8651	1		0	12.0616	40.247	0	0	0	
2024-06-12 16:24:37	160	84	1	0	0	2.75	12	0	0	5	12	0	0	0.5	12	0	0	7.25	12	0	0	1.168		99.9651	20.8936	0.0775855	0	0.776126	0.120149	10.9722	2		0.0088623	12.0705	40.117	0	0	0	
2024-06-12 16:18:50	118	85	9	0	0	1.25	6	0	0	0	6	0	0	6.5	6	0	0	0	6	0	0	4.546		99.9605	53.4922	0.0544405	0	0.54462	0.592713	17.9652	1		0	12.0616	40.117	0	0	0	
2024-06-12 16:14:13	83	86	5	0	0	6	25	0	0	0	25	0	0	0.5	25	0	0	0	25	0	0	4.762		99.9591	53.9503	0.0587946	0	0.588186	0.256966	20.3263	1		0	11.9552	40.5069	0	0	0	
2024-06-12 16:09:56	50	87	1	0	0	4	17	0	0	0	17	0	0	2.75	17	0	0	0	17	0	0	1.082		99.9667	53.7229	0.186587	0	1.86649	0.56267	14.6594	1		0.0088623	11.9552	41.2865	0	0	0	
2024-06-12 16:03:50	1	88	1	0	0	0	1	0	0	0	1	0	0	0.25	1	0	0	0	1	0	0	0.216		99.9737	57.1502	0.905061	0	9.05298	0.589543	14.2204	2		0.0088623	12.0793	45.3149	0	0	0	
2024-06-12 16:07:58	34	89	1	0	0	2	9	0	0	0	9	0	0	3.25	9	0	0	0	9	0	0	1.082		99.9702	54.6324	0.187244	0	1.873	0.584272	14.7105	1		0	12.0616	42.1962	0	0	0	
2024-06-12 16:14:49	87	90	1	0	0	7	29	0	0	0	29	0	0	1.75	29	0	0	0	29	0	0	4.546		99.9643	53.7177	0.05177	0	0.517885	0.428066	17.0833	1		0	12.0616	40.3769	0	0	0	
2024-06-12 16:04:50	8	91	9	0	0	0	1	0	0	0	1	0	0	6	1	0	0	0	1	0	0	5.195		99.9784	54.901	0.0523669	0	0.523782	0.105728	19.7461	1		0	12.0705	44.2753	0	0	0	
2024-06-12 16:04:15	3	92	5	0	0	0	1	0	0	0	1	0	0	4.75	1	0	0	0	1	0	0	4.113		99.9733	55.3878	0.0533029	0	0.533171	0.289725	15.9126	1		0.0088623	12.0705	45.1849	0	0	0	
2024-06-12 16:22:22	143	93	1	0	0	7.25	30	0	0	0	30	0	0	0.5	30	0	0	0	30	0	0	5.845		99.9639	53.5979	0.0555872	0	0.556072	0.294166	23.5839	1		0	12.0616	39.8571	0	0	0	
2024-06-12 16:12:08	67	94	1	0	0	5	21	0	0	0	21	0	0	0.25	21	0	0	0	21	0	0	4.113		99.9663	53.8699	0.0524622	0	0.524798	0.00396083	15.6627	1		0	12.0616	40.7668	0	0	0	
2024-06-12 16:11:18	61	95	9	0	0	5	21	0	0	0	21	0	0	6.75	21	0	0	0	21	0	0	1.515		99.9644	53.7137	0.142328	0	1.42379	0.115082	15.6554	2		0	12.0616	41.0267	0	0	0	
2024-06-12 16:09:35	47	96	5	0	0	3	13	0	0	0	13	0	0	2.25	13	0	0	0	13	0	0	0.649		99.9693	54.3497	0.356139	0	3.56248	0.591745	16.7878	1		0	12.0616	41.4165	0	0	0	
2024-06-12 16:07:06	27	97	1	0	0	2	9	0	0	0	9	0	0	0	9	0	0	0	9	0	0	1.732		99.9753	54.003	0.142157	0	1.42192	0.0311497	17.8684	2		0	12.0616	42.4561	0	0	0	
2024-06-12 16:20:53	132	98	9	0	0	6.5	27	0	0	0	27	0	0	7.25	27	0	0	0	27	0	0	0.649		99.9601	53.171	0.35083	0	3.5097	0.770566	16.5391	1		0	12.0616	40.117	0	0	0	
2024-06-12 16:16:52	103	99	5	0	0	7.75	32	0	0	0	32	0	0	7.25	32	0	0	0	32	0	0	0.433		99.9625	53.6399	0.533148	0	5.33348	0.389872	16.7556	1		0	12.0616	39.9871	0	0	0	
2024-06-12 16:22:29	144	100	1	0	0	7.5	31	0	0	0	31	0	0	0.25	31	0	0	0	31	0	0	6.278		99.9595	53.6367	0.039704	0	0.3972	0.829237	18.0937	1		0	12.0616	40.117	0	0	0	
2024-06-12 16:19:24	122	101	1	0	0	0.75	4	0	0	0	4	0	0	1	4	0	0	0	4	0	0	0.216		99.9598	53.7258	0.925046	0	9.25418	0.671249	14.5364	1		0	12.0616	40.117	0	0	0	
2024-06-12 16:21:42	138	102	1	0	0	5.5	23	0	0	0	23	0	0	2.25	23	0	0	0	23	0	0	2.814		99.9604	52.7848	0.0953076	0	0.953454	0.501582	19.4699	2		0	12.0705	40.117	0	0	0	
2024-06-12 16:10:28	54	103	5	0	0	4	17	0	0	0	17	0	0	6.75	17	0	0	0	17	0	0	2.381		99.9656	53.6474	0.086094	0	0.861236	0.430543	14.8811	1		0	12.0616	41.1566	0	0	0	
2024-06-12 16:08:45	40	104	9	0	0	3	13	0	0	0	13	0	0	5.25	13	0	0	0	13	0	0	1.948		99.9692	54.5072	0.100124	0	1.00155	0.359766	14.1591	1		0	12.0616	41.8063	0	0	0	
2024-06-12 16:08:52	41	105	9	0	0	3	13	0	0	0	13	0	0	4	13	0	0	0	13	0	0	0.866		99.9696	54.3766	0.251697	0	2.51774	0.617754	15.8194	1		0	12.0616	41.4165	0	0	0	
2024-06-12 16:07:30	30	106	5	0	0	2	9	0	0	0	9	0	0	7.25	9	0	0	0	9	0	0	4.546		99.9705	54.1839	0.053836	0	0.538519	0.00194474	17.764	1		0	12.0616	42.0662	0	0	0	
2024-06-12 16:15:04	89	107	5	0	0	7	29	0	0	0	29	0	0	7.5	29	0	0	0	29	0	0	0.433		99.9654	53.5947	0.511241	0	5.11418	0.465978	16.0667	1		0	12.0616	40.3769	0	0	0	
2024-06-12 16:14:28	85	108	5	0	0	7	29	0	0	0	29	0	0	6.25	29	0	0	0	29	0	0	0.649		99.963	53.1491	0.361207	0	3.6134	0.548432	17.0278	4		0	12.0616	40.117	0	0	0	
2024-06-12 16:05:45	16	109	9	0	0	1	5	0	0	0	5	0	0	5.75	5	0	0	0	5	0	0	4.113		99.971	54.0384	0.0532708	0	0.532862	0.0134387	15.9033	1		0.0088623	12.0616	43.4956	0	0	0	
2024-06-12 16:05:24	13	110	9	0	0	1	5	0	0	0	5	0	0	4.5	5	0	0	0	5	0	0	3.031		99.9784	54.1933	0.0713834	0	0.713988	0.160066	15.7014	1		0	12.0616	43.7555	0	0	0	
2024-06-12 16:13:19	76	111	1	0	0	6	25	0	0	0	25	0	0	3.5	25	0	0	0	25	0	0	2.165		99.9647	53.5899	0.0894398	0	0.894714	0.130348	14.0541	1		0	12.0616	40.6368	0	0	0	
2024-06-12 16:10:35	55	112	1	0	0	4	17	0	0	0	17	0	0	0	17	0	0	0	17	0	0	3.464		99.9648	53.5669	0.0627446	0	0.627667	0.29548	15.775	1		0	12.0616	41.1566	0	0	0	
2024-06-12 16:17:35	109	113	1	0	0	7.75	32	0	0	0	32	0	0	2.5	32	0	0	0	32	0	0	4.546		99.9634	53.528	0.0445484	0	0.445647	0.327032	14.7004	1		0	12.0616	40.117	0	0	0	
2024-06-12 16:07:30	30	114	1	0	0	2	9	0	0	0	9	0	0	2.5	9	0	0	0	9	0	0	0.433		99.9705	54.1839	0.522263	0	5.22417	0.504421	16.4122	1		0	12.0616	42.0662	0	0	0	
2024-06-12 16:15:04	89	115	1	0	0	7	29	0	0	0	29	0	0	1	29	0	0	0	29	0	0	5.195		99.9654	53.5947	0.0479613	0	0.47978	0.219411	18.0873	1		0	12.0616	40.3769	0	0	0	
2024-06-12 16:04:29	5	116	9	0	0	0	1	0	0	0	1	0	0	5.25	1	0	0	0	1	0	0	4.546		99.9739	55.1577	0.0525576	0	0.525713	0.10518	17.3415	1		0	12.0616	44.7951	0	0	0	
2024-06-12 16:03:50	1	117	9	0	0	0	1	0	0	0	1	0	0	4	1	0	0	0	1	0	0	3.464		99.9737	57.1502	0.0620777	0	0.62094	0.0181387	15.6059	2		0.0088623	12.0793	45.3149	0	0	0	
2024-06-12 16:17:06	105	118	5	0	0	7.75	32	0	0	0	32	0	0	1.75	32	0	0	0	32	0	0	5.195		99.9626	53.5941	0.0404475	0	0.404626	0.393749	15.254	1		0	12.0616	39.9871	0	0	0	
2024-06-12 16:12:08	67	119	5	0	0	5	21	0	0	0	21	0	0	6	21	0	0	0	21	0	0	0.866		99.9663	53.8699	0.266458	0	2.66548	0.505843	16.7477	1		0	12.0616	40.7668	0	0	0	
2024-06-12 16:11:53	65	120	9	0	0	5	21	0	0	0	21	0	0	4.75	21	0	0	0	21	0	0	0.216		99.9662	53.9417	0.939679	0	9.39997	0.751562	14.7654	1		0	12.0616	40.7668	0	0	0	
2024-06-12 16:08:59	42	121	1	0	0	3	13	0	0	0	13	0	0	1.5	13	0	0	0	13	0	0	1.299		99.9683	54.4011	0.14711	0	1.47157	0.397964	13.8692	1		0	12.0616	41.5464	0	0	0	
2024-06-12 16:16:59	104	122	5	0	0	7.75	32	0	0	0	32	0	0	6.5	32	0	0	0	32	0	0	1.082		99.963	53.653	0.192702	0	1.92774	0.377408	15.1404	1		0	12.0616	40.117	0	0	0	
2024-06-12 16:18:29	115	123	9	0	0	2.25	10	0	0	0	10	0	0	5.5	10	0	0	0	10	0	0	2.814		99.9596	54.0977	0.0863796	0	0.864145	0.266656	17.6461	1		0	12.0616	39.8571	0	0	0	
2024-06-12 16:24:27	159	124	1	0	0	3	13	0	0	4.75	13	0	0	1.25	13	0	0	6.5	13	0	0	0.908		99.9655	21.1642	0.0736877	0	0.737132	0.869567	8.10518	2		0	12.0616	40.117	0	0	0	
2024-06-12 16:10:21	53	125	9	0	0	4	17	0	0	0	17	0	0	6	17	0	0	0	17	0	0	1.732		99.9672	53.7352	0.116194	0	1.16232	0.367413	14.6061	1		0	12.0616	41.1566	0	0	0	
2024-06-12 16:10:35	55	126	9	0	0	4	17	0	0	0	17	0	0	4.75	17	0	0	0	17	0	0	0.649		99.9648	53.5669	0.376038	0	3.76171	0.459302	17.7266	1		0	12.0616	41.1566	0	0	0	
2024-06-12 16:05:17	12	127	1	0	0	0	1	0	0	0	1	0	0	2.25	1	0	0	0	1	0	0	1.948		99.9744	54.5657	0.116469	0	1.16499	0.551009	16.4697	1		0	12.0616	43.8855	0	0	0	
2024-06-12 16:24:16	158	128	1	0	0	3.25	14	0	0	4.5	14	0	0	2	14	0	0	5.75	14	0	0	0.649		99.9658	20.9102	0.182812	0	1.82875	0.110321	14.363	2		0	12.0705	40.117	0	0	0	
2024-06-12 16:08:52	41	129	1	0	0	3	13	0	0	0	13	0	0	3.25	13	0	0	0	13	0	0	0.216		99.9696	54.3766	0.920794	0	9.21074	0.774485	14.4682	1		0	12.0616	41.4165	0	0	0	
2024-06-12 16:07:16	28	130	5	0	0	2	9	0	0	0	9	0	0	7.75	9	0	0	0	9	0	0	4.979		99.9748	54.1187	0.0449902	0	0.450016	0.15951	16.2583	1		0	12.0705	42.586	0	0	0	
2024-06-12 16:07:44	32	131	5	0	0	2	9	0	0	0	9	0	0	6.5	9	0	0	0	9	0	0	3.897		99.9712	54.2105	0.0567008	0	0.567171	0.171222	16.0364	1		0	12.0616	42.1962	0	0	0	
2024-06-12 16:14:42	86	132	5	0	0	7	29	0	0	0	29	0	0	5.5	29	0	0	0	29	0	0	1.299		99.9609	54.3315	0.158113	0	1.58175	0.687489	14.9076	1		0	12.0616	40.3769	0	0	0	
2024-06-12 16:15:04	89	133	9	0	0	7	29	0	0	0	29	0	0	4.25	29	0	0	0	29	0	0	2.381		99.9654	53.5947	0.0831588	0	0.831876	0.0870539	14.3738	1		0	12.0616	40.3769	0	0	0	
2024-06-12 16:05:38	15	134	5	0	0	1	5	0	0	0	5	0	0	5	5	0	0	0	5	0	0	3.464		99.9747	54.2264	0.0650031	0	0.650195	0.666513	16.3412	1		0	12.0616	43.6256	0	0	0	
2024-06-12 16:05:31	14	135	1	0	0	1	5	0	0	0	5	0	0	3.75	5	0	0	0	5	0	0	2.381		99.9781	54.0677	0.0831305	0	0.831487	0.595636	14.3671	1		0.0088623	12.0616	43.7555	0	0	0	
2024-06-12 16:14:20	84	136	1	0	0	6	25	0	0	0	25	0	0	2.75	25	0	0	0	25	0	0	2.814		99.9577	53.763	0.0724137	0	0.724444	0.418196	14.7934	1		0	12.0616	40.3769	0	0	0	
2024-06-12 16:12:44	72	137	5	0	0	5	21	0	0	0	21	0	0	2.25	21	0	0	0	21	0	0	2.381		99.9618	53.8492	0.0817406	0	0.817718	0.601561	14.1292	1		0	11.9552	40.6368	0	0	0	
2024-06-12 16:15:19	91	138	1	0	0	7	29	0	0	0	29	0	0	0.25	29	0	0	0	29	0	0	5.845		99.9616	53.5486	0.0405481	0	0.405636	0.104643	17.2036	1		0	12.0616	40.3769	0	0	0	
2024-06-12 16:04:36	6	139	1	0	0	0	1	0	0	0	1	0	0	3.25	1	0	0	0	1	0	0	2.814		99.9782	54.9997	0.0706837	0	0.706991	0.198764	14.437	1		0.0088623	12.0616	44.5352	0	0	0	
2024-06-12 16:09:06	43	140	9	0	0	3	13	0	0	0	13	0	0	7.25	13	0	0	0	13	0	0	3.68		99.9696	54.3224	0.0641549	0	0.641744	0.960772	17.1368	1		0	12.0616	41.6764	0	0	0	
2024-06-12 16:13:19	76	141	5	0	0	6	25	0	0	0	25	0	0	6.75	25	0	0	0	25	0	0	0.649		99.9647	53.5899	0.388387	0	3.88524	0.625435	18.3088	1		0	12.0616	40.6368	0	0	0	
2024-06-12 16:17:43	110	142	9	0	0	3.75	16	0	0	0	16	0	0	4	16	0	0	0	16	0	0	0.216		99.9632	53.1833	1.01517	0	10.1555	0.313915	15.9522	2		0.0088623	12.0616	40.117	0	0	0	
2024-06-12 16:16:45	102	143	1	0	0	7.75	32	0	0	0	32	0	0	1	32	0	0	0	32	0	0	5.845		99.964	53.5307	0.0375287	0	0.375422	0.586059	15.9222	1		0	12.0616	40.117	0	0	0	
2024-06-12 16:11:46	64	144	9	0	0	5	21	0	0	0	21	0	0	5.25	21	0	0	0	21	0	0	0.216		99.9645	53.821	0.955972	0	9.56312	0.655941	15.0217	1		0	12.0616	40.8967	0	0	0	
2024-06-12 16:11:28	62	145	5	0	0	5	21	0	0	0	21	0	0	4	21	0	0	0	21	0	0	0.866		99.9685	53.6678	0.260197	0	2.60279	0.085167	16.3538	2		0	12.0616	40.7668	0	0	0	
2024-06-12 16:09:21	45	146	1	0	0	3	13	0	0	0	13	0	0	0.75	13	0	0	0	13	0	0	1.948		99.9704	54.3856	0.0965801	0	0.966087	0.459012	13.6577	1		0.0088623	12.0616	41.5464	0	0	0	
2024-06-12 16:06:44	24	147	1	0	0	1	5	0	0	0	5	0	0	1.75	5	0	0	0	5	0	0	0.649		99.973	53.7533	0.342325	0	3.42417	0.475042	16.136	1		0	12.0616	42.8459	0	0	0	
2024-06-12 16:10:49	57	148	1	0	0	4	17	0	0	0	17	0	0	2	17	0	0	0	17	0	0	1.732		99.9656	53.6399	0.110182	0	1.1022	0.406626	13.8507	1		0	12.0616	41.1566	0	0	0	
2024-06-12 16:16:20	99	149	5	0	0	7.75	32	0	0	0	32	0	0	5.75	32	0	0	0	32	0	0	1.732		99.9624	53.4094	0.110732	0	1.10773	0.0963203	13.9202	2		0	11.9552	40.247	0	0	0	
2024-06-12 16:16:03	97	150	9	0	0	7.75	32	0	0	0	32	0	0	4.5	32	0	0	0	32	0	0	2.814		99.9619	53.4553	0.0666164	0	0.666418	0.292899	13.6085	2		0	12.0616	40.247	0	0	0	
2024-06-12 16:20:09	127	151	1	0	0	2.25	10	0	0	0	10	0	0	3.5	10	0	0	0	10	0	0	1.082		99.9614	53.9643	0.185823	0	1.85895	0.774602	14.6001	1		0	12.0616	40.117	0	0	0	
2024-06-12 16:19:13	121	152	9	0	0	0.25	2	0	0	0	2	0	0	7.5	2	0	0	0	2	0	0	6.278		99.9563	53.1969	0.0394331	0	0.394504	0.0548136	17.9709	2		0	12.0616	39.9871	0	0	0	
2024-06-12 16:13:52	80	153	1	0	0	6	25	0	0	0	25	0	0	1.75	25	0	0	0	25	0	0	3.68		99.9648	53.465	0.0686337	0	0.686579	0.77562	18.3341	1		0	12.0616	40.5069	0	0	0	
2024-06-12 16:09:50	49	154	9	0	0	4	17	0	0	0	17	0	0	5.25	17	0	0	0	17	0	0	1.082		99.9664	53.6919	0.199653	0	1.9972	0.862318	15.686	1		0	12.0616	41.2865	0	0	0	
2024-06-12 16:04:57	9	155	5	0	0	0	1	0	0	0	1	0	0	1.5	1	0	0	0	1	0	0	1.299		99.9759	54.687	0.148082	0	1.48118	0.367858	13.9598	1		0	12.0616	44.0154	0	0	0	
2024-06-12 16:09:35	47	156	1	0	0	3	13	0	0	0	13	0	0	2.5	13	0	0	0	13	0	0	0.433		99.9693	54.3497	0.523437	0	5.23598	0.706791	16.4493	1		0	12.0616	41.4165	0	0	0	
2024-06-12 16:07:23	29	157	5	0	0	2	9	0	0	0	9	0	0	5.75	9	0	0	0	9	0	0	3.247		99.9735	54.3179	0.0665279	0	0.665456	0.448069	15.6794	1		0	12.0616	42.4561	0	0	0	
2024-06-12 16:07:23	29	158	9	0	0	2	9	0	0	0	9	0	0	4.5	9	0	0	0	9	0	0	2.165		99.9735	54.3179	0.0917825	0	0.918069	0.426767	14.421	1		0	12.0616	42.4561	0	0	0	
2024-06-12 16:15:48	95	159	5	0	0	7	29	0	0	0	29	0	0	3.5	29	0	0	0	29	0	0	3.031		99.9638	53.5073	0.0649871	0	0.650106	0.153904	14.2966	1		0	12.0616	40.3769	0	0	0	
2024-06-12 16:05:24	13	160	1	0	0	1	5	0	0	0	5	0	0	3	5	0	0	0	5	0	0	1.732		99.9784	54.1933	0.108109	0	1.08133	0.682967	13.5884	1		0	12.0616	43.7555	0	0	0	
2024-06-12 16:04:22	4	161	5	0	0	0	1	0	0	0	1	0	0	7.25	1	0	0	0	1	0	0	6.278		99.9733	55.4315	0.0417282	0	0.417393	0.770364	19.0135	1		0.0088623	12.0616	44.925	0	0	0	
2024-06-12 16:12:01	66	162	1	0	0	5	21	0	0	0	21	0	0	1.5	21	0	0	0	21	0	0	3.031		99.9694	54.0698	0.0671135	0	0.67134	0.0213923	14.7635	1		0	12.0616	40.8967	0	0	0	
2024-06-12 16:07:58	34	163	5	0	0	2	9	0	0	0	9	0	0	1.25	9	0	0	0	9	0	0	0.649		99.9702	54.6324	0.330866	0	3.30964	0.686485	15.5963	1		0	12.0616	42.1962	0	0	0	
2024-06-12 16:22:44	146	164	1	0	0	1.5	7	0	0	0	7	0	0	0.25	7	0	0	0	7	0	0	1.082		99.9577	52.888	0.182913	0	1.8299	0.634799	14.372	1		0.0088623	12.0616	39.9871	0	0	0	
2024-06-12 16:05:03	10	165	5	0	0	0	1	0	0	0	1	0	0	2.5	1	0	0	0	1	0	0	2.165		99.9766	54.6379	0.090268	0	0.902891	0.356015	14.1826	1		0	12.0616	44.1454	0	0	0	
2024-06-12 16:22:00	140	166	1	0	0	6.25	26	0	0	0	26	0	0	1.5	26	0	0	0	26	0	0	4.113		99.9623	53.5083	0.056171	0	0.561922	0.593853	16.7706	1		0	12.0616	40.117	0	0	0	
2024-06-12 16:23:44	154	167	9	0	0	7.25	30	0	0	0	30	0	0	6.5	30	0	0	0	30	0	0	0.649		99.9649	53.6043	0.361971	0	3.62098	0.889951	17.0635	1		0	12.0616	39.8571	0	0	0	
2024-06-12 16:08:37	39	168	5	0	0	3	13	0	0	0	13	0	0	7.75	13	0	0	0	13	0	0	4.113		99.9701	54.4091	0.0511503	0	0.511656	0.188467	15.2704	1		0	12.0616	41.8063	0	0	0	
2024-06-12 16:09:06	43	169	5	0	0	3	13	0	0	0	13	0	0	6.5	13	0	0	0	13	0	0	3.031		99.9696	54.3224	0.0701536	0	0.70175	0.0605836	15.4323	1		0	12.0616	41.6764	0	0	0	
2024-06-12 16:05:31	14	170	5	0	0	1	5	0	0	0	5	0	0	7	5	0	0	0	5	0	0	5.195		99.9781	54.0677	0.0470925	0	0.471028	0.203473	17.7573	1		0.0088623	12.0616	43.7555	0	0	0	
2024-06-12 16:13:44	79	171	5	0	0	6	25	0	0	0	25	0	0	4.75	25	0	0	0	25	0	0	1.082		99.965	53.5195	0.205996	0	2.06068	0.490893	16.1846	1		0	12.0616	40.5069	0	0	0	
2024-06-12 16:16:20	99	172	1	0	0	7.75	32	0	0	0	32	0	0	0.25	32	0	0	0	32	0	0	6.494		99.9624	53.4094	0.0333465	0	0.33359	0.392809	15.7201	2		0	11.9552	40.247	0	0	0	
2024-06-12 16:12:15	68	173	1	0	0	5	21	0	0	0	21	0	0	3.25	21	0	0	0	21	0	0	1.515		99.9638	53.9354	0.126956	0	1.27002	0.448982	13.9646	1		0	12.0616	40.7668	0	0	0	
2024-06-12 16:08:45	40	174	1	0	0	3	13	0	0	0	13	0	0	0	13	0	0	0	13	0	0	2.598		99.9692	54.5072	0.0827706	0	0.827961	0.469775	15.6067	1		0	12.0616	41.8063	0	0	0	
2024-06-12 16:17:53	111	175	9	0	0	3.5	15	0	0	0	15	0	0	4.25	15	0	0	0	15	0	0	0.649		99.9617	52.668	0.362645	0	3.62784	0.102926	17.0958	2		0.0088623	12.0705	40.117	0	0	0	
2024-06-12 16:10:21	53	176	1	0	0	4	17	0	0	0	17	0	0	1.25	17	0	0	0	17	0	0	2.381		99.9672	53.7352	0.0825924	0	0.826195	0.325927	14.2756	1		0	12.0616	41.1566	0	0	0	
2024-06-12 16:16:30	100	177	1	0	0	7.75	32	0	0	0	32	0	0	5	32	0	0	0	32	0	0	2.381		99.9612	53.5544	0.0780757	0	0.78106	0.61748	13.4958	1		0	12.0616	40.117	0	0	0	
2024-06-12 16:17:21	107	178	5	0	0	7.75	32	0	0	0	32	0	0	3.75	32	0	0	0	32	0	0	3.464		99.9645	53.598	0.055107	0	0.551266	0.380859	13.8548	1		0	12.0616	40.117	0	0	0	
2024-06-12 16:25:20	164	179	1	0	0	1.25	6	0	0	6.5	6	0	0	3	6	0	0	4.75	6	0	0	0.908		99.9651	20.9645	0.104982	0	1.05019	0.336163	11.5475	1		0.0088623	12.0705	40.117	0	0	0	
2024-06-12 16:13:58	81	180	1	0	0	6	25	0	0	0	25	0	0	1	25	0	0	0	25	0	0	4.33		99.962	53.4986	0.0596825	0	0.597051	0.589266	18.7569	1		0	12.0616	40.3769	0	0	0	
2024-06-12 16:10:42	56	181	1	0	0	4	17	0	0	0	17	0	0	3.25	17	0	0	0	17	0	0	0.649		99.965	53.5776	0.360826	0	3.60952	0.511889	17.0095	1		0	12.0616	41.1566	0	0	0	
2024-06-12 16:04:29	5	182	1	0	0	0	1	0	0	0	1	0	0	0.75	1	0	0	0	1	0	0	0.649		99.9739	55.1577	0.346832	0	3.46923	0.58698	16.3484	1		0	12.0616	44.7951	0	0	0	
2024-06-12 16:24:47	161	183	1	0	0	3.5	15	0	0	4.25	15	0	0	3.75	15	0	0	4	15	0	0	0.13		99.9657	20.0133	0.699018	0	6.99257	0.407811	10.9839	1		0	12.0616	40.117	0	0	0	
2024-06-12 16:06:51	25	184	9	0	0	2	9	0	0	0	9	0	0	5	9	0	0	0	9	0	0	2.598		99.9753	54.249	0.0785908	0	0.786103	0.425912	14.8177	1		0	12.0616	42.7159	0	0	0	
2024-06-12 16:07:51	33	185	5	0	0	2	9	0	0	0	9	0	0	3.75	9	0	0	0	9	0	0	1.515		99.9694	54.3082	0.13824	0	1.38283	0.576272	15.205	1		0	12.0705	42.1962	0	0	0	
2024-06-12 16:15:33	93	186	5	0	0	7	29	0	0	0	29	0	0	2.75	29	0	0	0	29	0	0	3.68		99.9627	53.5552	0.0560758	0	0.560967	0.124579	14.9798	1		0.0088623	12.0616	40.3769	0	0	0	
2024-06-12 16:15:55	96	187	1	0	0	7	29	0	0	0	29	0	0	2.25	29	0	0	0	29	0	0	4.113		99.9611	53.892	0.0517471	0	0.517672	0.09962	15.45	1		0	12.0616	40.247	0	0	0	
2024-06-12 16:04:05	2	188	5	0	0	0	1	0	0	0	1	0	0	7.75	1	0	0	0	1	0	0	6.711		99.9755	55.6155	0.0360226	0	0.360314	0.0179435	17.5454	2		0.0088623	11.9552	45.3149	0	0	0	
2024-06-12 16:04:36	6	189	9	0	0	0	1	0	0	0	1	0	0	6.5	1	0	0	0	1	0	0	5.628		99.9782	54.9997	0.042536	0	0.425453	0.118409	17.3758	1		0.0088623	12.0616	44.5352	0	0	0	
2024-06-12 16:12:23	69	190	5	0	0	5	21	0	0	0	21	0	0	0.75	21	0	0	0	21	0	0	3.68		99.9659	53.9268	0.0621206	0	0.621417	0.159831	16.594	1		0	12.0616	40.6368	0	0	0	
2024-06-12 16:12:01	66	191	9	0	0	5	21	0	0	0	21	0	0	7.25	21	0	0	0	21	0	0	1.948		99.9694	54.0698	0.110746	0	1.1078	0.663422	15.6611	1		0	12.0616	40.8967	0	0	0	
2024-06-12 16:23:36	153	192	9	0	0	5.75	24	0	0	0	24	0	0	4	24	0	0	0	24	0	0	1.515		99.964	53.4123	0.132795	0	1.32843	0.635365	14.6069	1		0	12.0616	40.117	0	0	0	
2024-06-12 16:20:27	129	193	9	0	0	4.5	19	0	0	0	19	0	0	5.25	19	0	0	0	19	0	0	0.649		99.9602	53.0088	0.360077	0	3.6022	0.212138	16.975	2		0	12.0616	40.117	0	0	0	
2024-06-12 16:24:54	162	194	1	0	0	2.75	12	0	0	5	12	0	0	3.5	12	0	0	4.25	12	0	0	0.389		99.9649	20.8973	0.355925	0	3.5605	1.39114	16.7785	4		0	12.0616	40.117	0	0	0	
2024-06-12 16:07:23	29	195	1	0	0	2	9	0	0	0	9	0	0	0.5	9	0	0	0	9	0	0	1.299		99.9735	54.3179	0.148228	0	1.48268	0.714342	13.9739	1		0	12.0616	42.4561	0	0	0	
2024-06-12 16:19:04	120	196	9	0	0	0.5	3	0	0	0	3	0	0	7.25	3	0	0	0	3	0	0	5.845		99.9596	53.3396	0.0527725	0	0.527938	0.294951	22.3906	2		0	12.0439	40.117	0	0	0	
2024-06-12 16:09:56	50	197	9	0	0	4	17	0	0	0	17	0	0	7.25	17	0	0	0	17	0	0	2.814		99.9667	53.7229	0.0768739	0	0.768996	0.583374	15.7032	1		0.0088623	11.9552	41.2865	0	0	0	
2024-06-12 16:08:52	41	198	5	0	0	3	13	0	0	0	13	0	0	5.75	13	0	0	0	13	0	0	2.381		99.9696	54.3766	0.0815912	0	0.81616	0.321794	14.1022	1		0	12.0616	41.4165	0	0	0	
2024-06-12 16:09:13	44	199	9	0	0	3	13	0	0	0	13	0	0	4.5	13	0	0	0	13	0	0	1.299		99.9698	54.3018	0.152452	0	1.52498	0.607705	14.3726	1		0	12.0616	41.6764	0	0	0	
2024-06-12 16:14:42	86	200	9	0	0	7	29	0	0	0	29	0	0	6.75	29	0	0	0	29	0	0	0.216		99.9609	54.3315	0.919459	0	9.19818	0.74314	14.4485	1		0	12.0616	40.3769	0	0	0	
2024-06-12 16:06:13	20	201	9	0	0	1	5	0	0	0	5	0	0	7.5	5	0	0	0	5	0	0	5.628		99.9732	53.6106	0.0429908	0	0.430023	0.127851	17.5624	2		0	12.0616	43.2357	0	0	0	
2024-06-12 16:05:59	18	202	9	0	0	1	5	0	0	0	5	0	0	6.25	5	0	0	0	5	0	0	4.546		99.9753	54.0354	0.0565802	0	0.565942	0.379542	18.6686	1		0	12.0616	43.3657	0	0	0	
2024-06-12 16:13:52	80	203	5	0	0	6	25	0	0	0	25	0	0	5.25	25	0	0	0	25	0	0	0.649		99.9648	53.465	0.372932	0	3.73063	0.661889	17.5802	1		0	12.0616	40.5069	0	0	0	
2024-06-12 16:13:02	74	204	9	0	0	6	25	0	0	0	25	0	0	4	25	0	0	0	25	0	0	1.732		99.9624	53.3184	0.114742	0	1.14786	0.0591861	14.4244	2		0	12.0616	40.6368	0	0	0	
2024-06-12 16:12:44	72	205	1	0	0	5	21	0	0	0	21	0	0	2.5	21	0	0	0	21	0	0	2.165		99.9618	53.8492	0.0976427	0	0.9768	0.565871	15.3435	1		0	11.9552	40.6368	0	0	0	
2024-06-12 16:06:23	21	206	1	0	0	1	5	0	0	0	5	0	0	0.25	5	0	0	0	5	0	0	0.649		99.9738	53.731	0.34927	0	3.49362	0.462816	16.4633	1		0.0088623	12.0616	43.1058	0	0	0	
2024-06-12 16:09:50	49	207	1	0	0	4	17	0	0	0	17	0	0	0.5	17	0	0	0	17	0	0	3.031		99.9664	53.6919	0.0673621	0	0.673847	0.742531	14.8187	1		0	12.0616	41.2865	0	0	0	
2024-06-12 16:16:59	104	208	1	0	0	7.75	32	0	0	0	32	0	0	3	32	0	0	0	32	0	0	4.113		99.963	53.653	0.0469188	0	0.469362	0.225021	14.0082	1		0	12.0616	40.117	0	0	0	
2024-06-12 16:14:13	83	209	1	0	0	6	25	0	0	0	25	0	0	0.25	25	0	0	0	25	0	0	4.979		99.9591	53.9503	0.0477993	0	0.478189	0.388355	17.2762	1		0	11.9552	40.5069	0	0	0	
2024-06-12 16:21:32	137	210	1	0	0	5.25	22	0	0	0	22	0	0	2.5	22	0	0	0	22	0	0	2.381		99.9612	53.3668	0.125121	0	1.2517	0.87298	21.6278	2		0	12.0616	40.117	0	0	0	
2024-06-12 16:11:03	59	211	5	0	0	4	17	0	0	0	17	0	0	2.5	17	0	0	0	17	0	0	1.299		99.9672	53.5736	0.152172	0	1.52222	0.570601	14.3466	1		0	12.0616	41.0267	0	0	0	
2024-06-12 16:07:16	28	212	1	0	0	2	9	0	0	0	9	0	0	3	9	0	0	0	9	0	0	0.866		99.9748	54.1187	0.246062	0	2.46124	0.59831	15.4644	1		0	12.0705	42.586	0	0	0	
2024-06-12 16:14:42	86	213	1	0	0	7	29	0	0	0	29	0	0	1.5	29	0	0	0	29	0	0	4.762		99.9609	54.3315	0.0489159	0	0.48935	0.0860293	16.9107	1		0	12.0616	40.3769	0	0	0	
2024-06-12 16:04:42	7	214	9	0	0	0	1	0	0	0	1	0	0	5.75	1	0	0	0	1	0	0	4.979		99.9756	54.9438	0.047257	0	0.472686	0.115911	17.0773	1		0	12.0616	44.5352	0	0	0	
2024-06-12 16:04:15	3	215	9	0	0	0	1	0	0	0	1	0	0	4.5	1	0	0	0	1	0	0	3.897		99.9733	55.3878	0.0546527	0	0.546673	0.309982	15.4568	1		0.0088623	12.0705	45.1849	0	0	0	
2024-06-12 16:12:23	69	216	1	0	0	5	21	0	0	0	21	0	0	0	21	0	0	0	21	0	0	4.33		99.9659	53.9268	0.0517513	0	0.517689	0.0990324	16.2637	1		0	12.0616	40.6368	0	0	0	
2024-06-12 16:17:21	107	217	1	0	0	7.75	32	0	0	0	32	0	0	2.25	32	0	0	0	32	0	0	4.762		99.9645	53.598	0.0419371	0	0.41952	0.273903	14.4976	1		0	12.0616	40.117	0	0	0	
2024-06-12 16:12:15	68	218	5	0	0	5	21	0	0	0	21	0	0	7.75	21	0	0	0	21	0	0	2.381		99.9638	53.9354	0.0839487	0	0.839791	0.196519	14.5106	1		0	12.0616	40.7668	0	0	0	
2024-06-12 16:12:01	66	219	5	0	0	5	21	0	0	0	21	0	0	6.5	21	0	0	0	21	0	0	1.299		99.9694	54.0698	0.166769	0	1.6682	0.292477	15.7224	1		0	12.0616	40.8967	0	0	0	
2024-06-12 16:09:28	46	220	1	0	0	3	13	0	0	0	13	0	0	2	13	0	0	0	13	0	0	0.866		99.9696	54.4329	0.24425	0	2.44324	0.705291	15.3513	1		0.0088623	11.9552	41.5464	0	0	0	
2024-06-12 16:21:15	135	221	1	0	0	4.5	19	0	0	0	19	0	0	3.25	19	0	0	0	19	0	0	1.082		99.9617	53.0199	0.195364	0	1.95439	0.0873838	15.3498	2		0.0088623	12.0616	40.117	0	0	0	
2024-06-12 16:16:45	102	222	9	0	0	7.75	32	0	0	0	32	0	0	7	32	0	0	0	32	0	0	0.649		99.964	53.5307	0.348814	0	3.4894	0.582407	16.4434	1		0	12.0616	40.117	0	0	0	
2024-06-12 16:23:30	152	223	9	0	0	5.5	23	0	0	0	23	0	0	4.25	23	0	0	0	23	0	0	1.082		99.9623	53.2213	0.202381	0	2.02457	0.52185	15.9009	1		0	12.0616	40.117	0	0	0	
2024-06-12 16:22:15	142	224	1	0	0	6.75	28	0	0	0	28	0	0	1	28	0	0	0	28	0	0	4.979		99.9607	53.1717	0.0528551	0	0.528758	0.271294	19.1032	1		0	12.0616	40.117	0	0	0	
2024-06-12 16:20:36	130	225	9	0	0	4.25	18	0	0	0	18	0	0	5.5	18	0	0	0	18	0	0	1.082		99.9606	53.3956	0.20032	0	2.00399	0.852174	15.7393	1		0	12.0616	40.117	0	0	0	
2024-06-12 16:09:56	50	226	5	0	0	4	17	0	0	0	17	0	0	7.75	17	0	0	0	17	0	0	3.247		99.9667	53.7229	0.062961	0	0.62982	0.514732	14.8398	1		0.0088623	11.9552	41.2865	0	0	0	
2024-06-12 16:10:21	53	227	5	0	0	4	17	0	0	0	17	0	0	6.5	17	0	0	0	17	0	0	2.165		99.9672	53.7352	0.0933132	0	0.933438	0.261602	14.6624	1		0	12.0616	41.1566	0	0	0	
2024-06-12 16:08:30	38	228	9	0	0	3	13	0	0	0	13	0	0	5	13	0	0	0	13	0	0	1.732		99.9705	54.4404	0.111457	0	1.1149	0.585415	14.0102	1		0	12.0616	41.6764	0	0	0	
2024-06-12 16:08:20	37	229	1	0	0	3	13	0	0	0	13	0	0	3.75	13	0	0	0	13	0	0	0.649		99.9667	54.2585	0.344957	0	3.45072	0.223333	16.2611	2		0	12.0616	41.9363	0	0	0	
2024-06-12 16:07:30	30	230	9	0	0	2	9	0	0	0	9	0	0	7	9	0	0	0	9	0	0	4.33		99.9705	54.1839	0.0518942	0	0.519095	0.158216	16.3079	1		0	12.0616	42.0662	0	0	0	
2024-06-12 16:14:28	85	231	9	0	0	7	29	0	0	0	29	0	0	6	29	0	0	0	29	0	0	0.866		99.963	53.1491	0.25739	0	2.57485	2.28672	16.1783	4		0	12.0616	40.117	0	0	0	
2024-06-12 16:15:26	92	232	5	0	0	7	29	0	0	0	29	0	0	4.75	29	0	0	0	29	0	0	1.948		99.9644	53.597	0.101527	0	1.01563	0.603153	14.3581	1		0.0088623	12.0616	40.3769	0	0	0	
2024-06-12 16:05:52	17	233	5	0	0	1	5	0	0	0	5	0	0	5.5	5	0	0	0	5	0	0	3.897		99.9741	54.0274	0.0641977	0	0.642143	0.217088	18.1562	1		0.0088623	12.0616	43.3657	0	0	0	
2024-06-12 16:05:38	15	234	9	0	0	1	5	0	0	0	5	0	0	4.25	5	0	0	0	5	0	0	2.814		99.9747	54.2264	0.0739779	0	0.739967	0.307753	15.1104	1		0	12.0616	43.6256	0	0	0	
2024-06-12 16:12:51	73	235	1	0	0	6	25	0	0	0	25	0	0	3.25	25	0	0	0	25	0	0	2.381		99.9602	53.4868	0.082882	0	0.82915	0.080134	14.3267	2		0	11.9552	40.6368	0	0	0	
2024-06-12 16:19:43	124	236	1	0	0	0.25	2	0	0	0	2	0	0	1.5	2	0	0	0	2	0	0	1.082		99.9622	53.2578	0.181961	0	1.8203	0.145818	14.2966	2		0	12.0616	40.117	0	0	0	
2024-06-12 16:14:57	88	237	1	0	0	7	29	0	0	0	29	0	0	0.75	29	0	0	0	29	0	0	5.412		99.9595	53.6673	0.0453426	0	0.453609	0.188101	17.8132	1		0	12.0616	40.3769	0	0	0	
2024-06-12 16:04:29	5	238	5	0	0	0	1	0	0	0	1	0	0	5	1	0	0	0	1	0	0	4.33		99.9739	55.1577	0.0518643	0	0.518778	0.355593	16.2979	1		0	12.0616	44.7951	0	0	0	
2024-06-12 16:04:05	2	239	1	0	0	0	1	0	0	0	1	0	0	3.75	1	0	0	0	1	0	0	3.247		99.9755	55.6155	0.0641191	0	0.641348	0.0419598	15.1114	2		0.0088623	11.9552	45.3149	0	0	0	
2024-06-12 16:23:52	155	240	9	0	0	7.5	31	0	0	0	31	0	0	6.25	31	0	0	0	31	0	0	1.082		99.9655	53.4304	0.194519	0	1.94586	0.015522	15.2828	2		0	12.0616	40.117	0	0	0	
2024-06-12 16:21:01	133	241	9	0	0	6.25	26	0	0	0	26	0	0	7.5	26	0	0	0	26	0	0	1.082		99.9593	53.3317	0.195507	0	1.95587	0.639293	15.3614	1		0	12.0616	40.117	0	0	0	
2024-06-12 16:13:34	78	242	9	0	0	6	25	0	0	0	25	0	0	7.25	25	0	0	0	25	0	0	1.082		99.9633	53.3345	0.217211	0	2.1729	0.197538	17.0659	2		0	12.0616	40.5069	0	0	0	
2024-06-12 16:16:52	103	243	1	0	0	7.75	32	0	0	0	32	0	0	1.5	32	0	0	0	32	0	0	5.412		99.9625	53.6399	0.0384006	0	0.38415	0.214781	15.0856	1		0	12.0616	39.9871	0	0	0	
2024-06-12 16:12:08	67	244	9	0	0	5	21	0	0	0	21	0	0	5.75	21	0	0	0	21	0	0	0.649		99.9663	53.8699	0.370976	0	3.71101	0.513375	17.4877	1		0	12.0616	40.7668	0	0	0	
2024-06-12 16:11:39	63	245	9	0	0	5	21	0	0	0	21	0	0	4.5	21	0	0	0	21	0	0	0.433		99.9638	53.8882	0.543436	0	5.43633	0.808231	17.0787	1		0	12.0616	40.6368	0	0	0	
2024-06-12 16:09:28	46	246	5	0	0	3	13	0	0	0	13	0	0	1.25	13	0	0	0	13	0	0	1.515		99.9696	54.4329	0.124611	0	1.24648	0.567461	13.7058	1		0.0088623	11.9552	41.5464	0	0	0	
2024-06-12 16:05:59	18	247	1	0	0	1	5	0	0	0	5	0	0	2.25	5	0	0	0	5	0	0	1.082		99.9753	54.0354	0.180537	0	1.80582	0.468103	14.1829	1		0	12.0616	43.3657	0	0	0	
2024-06-12 16:19:32	123	248	1	0	0	0.5	3	0	0	0	3	0	0	1.25	3	0	0	0	3	0	0	0.649		99.9592	53.3792	0.351296	0	3.5144	0.00938715	16.5612	2		0.0088623	12.0705	39.9871	0	0	0	
2024-06-12 16:18:18	114	249	9	0	0	2.5	11	0	0	0	11	0	0	5.25	11	0	0	0	11	0	0	2.381		99.9571	53.202	0.0942117	0	0.942521	0.503284	16.2856	2		0	12.0616	40.117	0	0	0	
2024-06-12 16:16:13	98	250	5	0	0	7.75	32	0	0	0	32	0	0	7.5	32	0	0	0	32	0	0	0.216		99.966	53.6982	0.990476	0	9.90813	0.896249	15.5637	1		0	12.0616	40.247	0	0	0	
2024-06-12 16:16:45	102	251	5	0	0	7.75	32	0	0	0	32	0	0	6.25	32	0	0	0	32	0	0	1.299		99.964	53.5307	0.155379	0	1.55435	0.599954	14.6494	1		0	12.0616	40.117	0	0	0	
2024-06-12 16:21:08	134	252	1	0	0	4.25	18	0	0	0	18	0	0	3.5	18	0	0	0	18	0	0	0.649		99.9617	53.5355	0.366257	0	3.66397	0.799564	17.266	1		0	12.0616	40.117	0	0	0	
2024-06-12 16:13:27	77	253	1	0	0	6	25	0	0	0	25	0	0	2.25	25	0	0	0	25	0	0	3.247		99.9653	53.6935	0.0658262	0	0.65849	0.618508	15.5153	1		0	12.0616	40.3769	0	0	0	
2024-06-12 16:23:23	151	254	9	0	0	5.25	22	0	0	0	22	0	0	4.5	22	0	0	0	22	0	0	0.649		99.96	53.6284	0.362549	0	3.62694	0.912434	17.0915	1		0	12.0705	40.117	0	0	0	
2024-06-12 16:10:28	54	255	9	0	0	4	17	0	0	0	17	0	0	5.75	17	0	0	0	17	0	0	1.515		99.9656	53.6474	0.133109	0	1.33155	0.475589	14.6412	1		0	12.0616	41.1566	0	0	0	
2024-06-12 16:10:13	52	256	5	0	0	4	17	0	0	0	17	0	0	4.5	17	0	0	0	17	0	0	0.433		99.9655	53.5974	0.588659	0	5.88862	0.679393	18.4996	1		0.0088623	12.0616	41.2865	0	0	0	
2024-06-12 16:05:10	11	257	5	0	0	0	1	0	0	0	1	0	0	2	1	0	0	0	1	0	0	1.732		99.9768	54.605	0.145794	0	1.45828	0.279597	18.3253	1		0.0088623	12.0616	44.0154	0	0	0	
2024-06-12 16:07:16	28	258	9	0	0	2	9	0	0	0	9	0	0	7.5	9	0	0	0	9	0	0	4.762		99.9748	54.1187	0.0519616	0	0.519747	0.0603335	17.9612	1		0	12.0705	42.586	0	0	0	
2024-06-12 16:06:58	26	259	9	0	0	2	9	0	0	0	9	0	0	6.25	9	0	0	0	9	0	0	3.68		99.9742	54.5393	0.0603589	0	0.603744	0.384685	16.1221	1		0	12.0616	42.7159	0	0	0	
2024-06-12 16:14:57	88	260	9	0	0	7	29	0	0	0	29	0	0	5.25	29	0	0	0	29	0	0	1.515		99.9595	53.6673	0.132593	0	1.32647	0.401606	14.5853	1		0	12.0616	40.3769	0	0	0	
2024-06-12 16:15:19	91	261	5	0	0	7	29	0	0	0	29	0	0	4	29	0	0	0	29	0	0	2.598		99.9616	53.5486	0.0755247	0	0.755537	0.145548	14.2415	1		0	12.0616	40.3769	0	0	0	
2024-06-12 16:06:13	20	262	1	0	0	1	5	0	0	0	5	0	0	3.5	5	0	0	0	5	0	0	2.165		99.9732	53.6106	0.0860331	0	0.860562	0.0847907	13.5177	2		0	12.0616	43.2357	0	0	0	
2024-06-12 16:13:34	78	263	1	0	0	6	25	0	0	0	25	0	0	2.5	25	0	0	0	25	0	0	3.031		99.9633	53.3345	0.0797805	0	0.798098	0.24864	17.5511	2		0	12.0616	40.5069	0	0	0	
2024-06-12 16:23:15	150	264	1	0	0	3.75	16	0	0	0	16	0	0	2	16	0	0	0	16	0	0	1.515		99.9601	53.2015	0.133054	0	1.33107	0.654484	14.6359	1		0.0088623	12.0616	40.117	0	0	0	
2024-06-12 16:11:18	61	265	1	0	0	5	21	0	0	0	21	0	0	2	21	0	0	0	21	0	0	2.598		99.9644	53.7137	0.0778559	0	0.778836	0.0339862	14.6807	2		0	12.0616	41.0267	0	0	0	
2024-06-12 16:07:51	33	266	1	0	0	2	9	0	0	0	9	0	0	1.75	9	0	0	0	9	0	0	0.216		99.9694	54.3082	0.901601	0	9.01877	0.424354	14.1667	1		0	12.0705	42.1962	0	0	0	
2024-06-12 16:15:11	90	267	1	0	0	7	29	0	0	0	29	0	0	0	29	0	0	0	29	0	0	6.061		99.9622	53.575	0.0404667	0	0.40482	0.211186	17.8049	1		0	12.0616	40.3769	0	0	0	
2024-06-12 16:04:50	8	268	1	0	0	0	1	0	0	0	1	0	0	3	1	0	0	0	1	0	0	2.598		99.9784	54.901	0.0828708	0	0.828887	0.223814	15.6242	1		0	12.0705	44.2753	0	0	0	
2024-06-12 16:08:20	37	269	9	0	0	3	13	0	0	0	13	0	0	7	13	0	0	0	13	0	0	3.464		99.9667	54.2585	0.0613497	0	0.613701	0.025372	15.424	2		0	12.0616	41.9363	0	0	0	
2024-06-12 16:13:27	77	270	5	0	0	6	25	0	0	0	25	0	0	7.75	25	0	0	0	25	0	0	1.515		99.9653	53.6935	0.138142	0	1.3819	0.441174	15.1948	1		0	12.0616	40.3769	0	0	0	
2024-06-12 16:13:19	76	271	9	0	0	6	25	0	0	0	25	0	0	6.5	25	0	0	0	25	0	0	0.433		99.9647	53.5899	0.597327	0	5.97538	0.805263	18.7722	1		0	12.0616	40.6368	0	0	0	
2024-06-12 16:17:29	108	272	1	0	0	7.75	32	0	0	0	32	0	0	0.75	32	0	0	0	32	0	0	6.061		99.9655	53.6633	0.0360817	0	0.360941	0.141755	15.875	1		0	12.0616	40.117	0	0	0	
2024-06-12 16:11:46	64	273	1	0	0	5	21	0	0	0	21	0	0	3.75	21	0	0	0	21	0	0	1.082		99.9645	53.821	0.195862	0	1.95932	0.528944	15.3885	1		0	12.0616	40.8967	0	0	0	
2024-06-12 16:09:13	44	274	1	0	0	3	13	0	0	0	13	0	0	0.5	13	0	0	0	13	0	0	2.165		99.9698	54.3018	0.0887835	0	0.888103	0.543464	13.9503	1		0	12.0616	41.6764	0	0	0	
2024-06-12 16:06:37	23	275	5	0	0	1	5	0	0	0	5	0	0	1.5	5	0	0	0	5	0	0	0.433		99.9739	53.7175	0.530155	0	5.30293	0.463867	16.6597	1		0	12.0616	42.9758	0	0	0	
2024-06-12 16:25:09	163	276	1	0	0	2	9	0	0	5.75	9	0	0	3.25	9	0	0	4.5	9	0	0	0.649		99.9616	21.0436	0.178655	0	1.78723	0.45633	14.0369	2		0	12.0705	39.8571	0	0	0	
2024-06-12 16:11:11	60	277	5	0	0	4	17	0	0	0	17	0	0	1.75	17	0	0	0	17	0	0	1.948		99.9669	53.617	0.0977158	0	0.977481	0.219653	13.8188	1		0	12.0616	41.0267	0	0	0	
2024-06-12 16:19:59	126	278	1	0	0	2.5	11	0	0	0	11	0	0	3.25	11	0	0	0	11	0	0	0.649		99.9601	53.1036	0.34147	0	3.41606	0.154058	16.0978	2		0	12.0616	40.117	0	0	0	
2024-06-12 16:16:13	98	279	9	0	0	7.75	32	0	0	0	32	0	0	5.5	32	0	0	0	32	0	0	1.948		99.966	53.6982	0.0981352	0	0.981687	0.666078	13.8783	1		0	12.0616	40.247	0	0	0	
2024-06-12 16:16:20	99	280	9	0	0	7.75	32	0	0	0	32	0	0	4.25	32	0	0	0	32	0	0	3.031		99.9624	53.4094	0.0627753	0	0.627989	0.1923	13.8102	2		0	11.9552	40.247	0	0	0	
2024-06-12 16:13:44	79	281	1	0	0	6	25	0	0	0	25	0	0	1.5	25	0	0	0	25	0	0	3.897		99.965	53.5195	0.0573048	0	0.573249	0.132441	16.2082	1		0	12.0616	40.5069	0	0	0	
2024-06-12 16:09:50	49	282	5	0	0	4	17	0	0	0	17	0	0	5	17	0	0	0	17	0	0	0.866		99.9664	53.6919	0.261997	0	2.62085	0.996847	16.4673	1		0	12.0616	41.2865	0	0	0	
2024-06-12 16:11:11	60	283	1	0	0	4	17	0	0	0	17	0	0	3.75	17	0	0	0	17	0	0	0.216		99.9669	53.617	1.00635	0	10.0668	0.482829	15.8129	1		0	12.0616	41.0267	0	0	0	
2024-06-12 16:04:57	9	284	1	0	0	0	1	0	0	0	1	0	0	1.25	1	0	0	0	1	0	0	1.082		99.9759	54.687	0.182529	0	1.82573	0.436723	14.3393	1		0	12.0616	44.0154	0	0	0	
2024-06-12 16:07:06	27	285	5	0	0	2	9	0	0	0	9	0	0	5.5	9	0	0	0	9	0	0	3.031		99.9753	54.003	0.131425	0	1.31457	0.207404	28.9089	2		0	12.0616	42.4561	0	0	0	
2024-06-12 16:07:37	31	286	5	0	0	2	9	0	0	0	9	0	0	4.25	9	0	0	0	9	0	0	1.948		99.9702	54.1446	0.1039	0	1.03931	0.0762685	14.6928	1		0	12.0616	42.3261	0	0	0	
2024-06-12 16:15:48	95	287	1	0	0	7	29	0	0	0	29	0	0	3.25	29	0	0	0	29	0	0	3.247		99.9638	53.5073	0.0613595	0	0.613817	0.174073	14.4627	1		0	12.0616	40.3769	0	0	0	
2024-06-12 16:05:38	15	288	1	0	0	1	5	0	0	0	5	0	0	2.75	5	0	0	0	5	0	0	1.515		99.9747	54.2264	0.12291	0	1.22941	0.532721	13.5181	1		0	12.0616	43.6256	0	0	0	
2024-06-12 16:04:22	4	289	9	0	0	0	1	0	0	0	1	0	0	7	1	0	0	0	1	0	0	6.061		99.9733	55.4315	0.0410559	0	0.410669	0.620946	18.0622	1		0.0088623	12.0616	44.925	0	0	0	
2024-06-12 16:11:39	63	290	1	0	0	5	21	0	0	0	21	0	0	1.25	21	0	0	0	21	0	0	3.247		99.9638	53.8882	0.0718912	0	0.719172	0.17095	16.9451	1		0	12.0616	40.6368	0	0	0	
2024-06-12 16:07:44	32	291	1	0	0	2	9	0	0	0	9	0	0	1	9	0	0	0	9	0	0	0.866		99.9712	54.2105	0.234555	0	2.34623	0.667699	14.7418	1		0	12.0616	42.1962	0	0	0	
2024-06-12 16:08:37	39	292	9	0	0	3	13	0	0	0	13	0	0	7.5	13	0	0	0	13	0	0	3.897		99.9701	54.4091	0.0555195	0	0.555361	0.518596	15.7025	1		0	12.0616	41.8063	0	0	0	
2024-06-12 16:08:59	42	293	5	0	0	3	13	0	0	0	13	0	0	6.25	13	0	0	0	13	0	0	2.814		99.9683	54.4011	0.0754006	0	0.754245	0.19842	15.4019	1		0	12.0616	41.5464	0	0	0	
2024-06-12 16:14:49	87	294	9	0	0	7	29	0	0	0	29	0	0	7.25	29	0	0	0	29	0	0	0.216		99.9643	53.7177	0.853373	0	8.53678	0.445591	13.4095	1		0	12.0616	40.3769	0	0	0	
2024-06-12 16:06:06	19	295	9	0	0	1	5	0	0	0	5	0	0	6.75	5	0	0	0	5	0	0	4.979		99.9747	53.9184	0.0539729	0	0.539866	0.848054	19.5044	1		0	12.0616	43.2357	0	0	0	
2024-06-12 16:12:51	73	296	9	0	0	6	25	0	0	0	25	0	0	5.75	25	0	0	0	25	0	0	0.216		99.9602	53.4868	0.990554	0	9.90948	0.450144	15.5658	2		0	11.9552	40.6368	0	0	0	
2024-06-12 16:13:27	77	297	9	0	0	6	25	0	0	0	25	0	0	4.5	25	0	0	0	25	0	0	1.299		99.9653	53.6935	0.163449	0	1.63506	0.525173	15.4101	1		0	12.0616	40.3769	0	0	0	
2024-06-12 16:16:03	97	298	1	0	0	7.75	32	0	0	0	32	0	0	0	32	0	0	0	32	0	0	6.711		99.9619	53.4553	0.0334331	0	0.334458	0.79458	16.2863	2		0	12.0616	40.247	0	0	0	
2024-06-12 16:12:30	70	299	5	0	0	5	21	0	0	0	21	0	0	3	21	0	0	0	21	0	0	1.732		99.9629	53.7963	0.110528	0	1.1057	0.386014	13.8946	1		0	11.9552	40.6368	0	0	0	
2024-06-12 16:06:30	22	300	5	0	0	1	5	0	0	0	5	0	0	0.75	5	0	0	0	5	0	0	0.216		99.9722	53.8158	0.935245	0	9.35505	0.528227	14.6949	1		0.0088623	12.0616	42.9758	0	0	0	
2024-06-12 16:21:52	139	301	1	0	0	5.75	24	0	0	0	24	0	0	2	24	0	0	0	24	0	0	3.247		99.963	53.4344	0.0675386	0	0.675636	0.422774	15.9193	1		0.0088623	12.0616	40.117	0	0	0	
2024-06-12 16:10:56	58	302	1	0	0	4	17	0	0	0	17	0	0	1	17	0	0	0	17	0	0	2.598		99.9646	53.6226	0.0748712	0	0.748977	0.404722	14.1179	1		0	12.0616	41.1566	0	0	0	
2024-06-12 16:17:14	106	303	5	0	0	7.75	32	0	0	0	32	0	0	3.5	32	0	0	0	32	0	0	3.68		99.964	53.7739	0.0514491	0	0.514676	0.23815	13.7437	1		0	12.0616	40.117	0	0	0	
2024-06-12 16:13:58	81	304	5	0	0	6	25	0	0	0	25	0	0	0.75	25	0	0	0	25	0	0	4.546		99.962	53.4986	0.0561029	0	0.561243	0.554322	18.5136	1		0	12.0616	40.3769	0	0	0	
2024-06-12 16:10:03	51	305	1	0	0	4	17	0	0	0	17	0	0	3	17	0	0	0	17	0	0	0.866		99.9642	53.476	0.247808	0	2.47896	0.128523	15.5758	2		0	12.0616	41.2865	0	0	0	
2024-06-12 16:04:15	3	306	1	0	0	0	1	0	0	0	1	0	0	0.5	1	0	0	0	1	0	0	0.433		99.9733	55.3878	0.522627	0	5.22767	0.547613	16.4232	1		0.0088623	12.0705	45.1849	0	0	0	
2024-06-12 16:24:09	157	307	1	0	0	3.5	15	0	0	4.25	15	0	0	2.75	15	0	0	5	15	0	0	0.389		99.9655	19.9121	0.363865	0	3.63991	0.112406	17.1527	1		0	11.9818	40.117	0	0	0	
2024-06-12 16:06:58	26	308	1	0	0	2	9	0	0	0	9	0	0	3.5	9	0	0	0	9	0	0	1.299		99.9742	54.5393	0.153796	0	1.53836	0.362918	14.4987	1		0	12.0616	42.7159	0	0	0	
2024-06-12 16:15:41	94	309	5	0	0	7	29	0	0	0	29	0	0	2.5	29	0	0	0	29	0	0	3.897		99.9613	53.5687	0.0560861	0	0.561078	0.358631	15.8641	1		0	12.0616	40.117	0	0	0	
2024-06-12 16:14:28	85	310	1	0	0	7	29	0	0	0	29	0	0	2	29	0	0	0	29	0	0	4.33		99.963	53.1491	0.050912	0	0.509308	0.0605124	16.0004	4		0	12.0616	40.117	0	0	0	
2024-06-12 16:04:05	2	311	9	0	0	0	1	0	0	0	1	0	0	7.5	1	0	0	0	1	0	0	6.494		99.9755	55.6155	0.0385664	0	0.385758	0.0510003	18.1784	2		0.0088623	11.9552	45.3149	0	0	0	
2024-06-12 16:04:50	8	312	5	0	0	0	1	0	0	0	1	0	0	6.25	1	0	0	0	1	0	0	5.412		99.9784	54.901	0.0445135	0	0.445231	0.0162367	17.4842	1		0	12.0705	44.2753	0	0	0	
2024-06-12 16:11:53	65	313	1	0	0	5	21	0	0	0	21	0	0	0.5	21	0	0	0	21	0	0	3.897		99.9662	53.9417	0.0622735	0	0.622946	0.0683567	17.6134	1		0	12.0616	40.7668	0	0	0	
2024-06-12 16:22:36	145	314	1	0	0	1.25	6	0	0	0	6	0	0	0.5	6	0	0	0	6	0	0	0.649		99.9603	53.5804	0.34651	0	3.46648	0.700098	16.3354	1		0	12.0616	40.117	0	0	0	
2024-06-12 16:11:46	64	315	5	0	0	5	21	0	0	0	21	0	0	7	21	0	0	0	21	0	0	1.732		99.9645	53.821	0.11773	0	1.17772	0.0561881	14.7997	1		0	12.0616	40.8967	0	0	0	
2024-06-12 16:06:51	25	316	1	0	0	2	9	0	0	0	9	0	0	0.25	9	0	0	0	9	0	0	1.515		99.9753	54.249	0.13001	0	1.30042	0.687482	14.2988	1		0	12.0616	42.7159	0	0	0	
2024-06-12 16:10:03	51	317	5	0	0	4	17	0	0	0	17	0	0	7	17	0	0	0	17	0	0	2.598		99.9642	53.476	0.0787653	0	0.787935	0.0736408	14.8522	2		0	12.0616	41.2865	0	0	0	
2024-06-12 16:08:59	42	318	9	0	0	3	13	0	0	0	13	0	0	5.5	13	0	0	0	13	0	0	2.165		99.9683	54.4011	0.0952794	0	0.953097	0.302367	14.9712	1		0	12.0616	41.5464	0	0	0	
2024-06-12 16:08:45	40	319	5	0	0	3	13	0	0	0	13	0	0	4.25	13	0	0	0	13	0	0	1.082		99.9692	54.5072	0.19055	0	1.90608	0.622713	14.9703	1		0	12.0616	41.8063	0	0	0	
2024-06-12 16:14:57	88	320	5	0	0	7	29	0	0	0	29	0	0	7.75	29	0	0	0	29	0	0	0.649		99.9595	53.6673	0.356845	0	3.56989	0.486322	16.8227	1		0	12.0616	40.3769	0	0	0	
2024-06-12 16:14:49	87	321	5	0	0	7	29	0	0	0	29	0	0	6.5	29	0	0	0	29	0	0	0.433		99.9643	53.7177	0.547215	0	5.47411	0.773626	17.1974	1		0	12.0616	40.3769	0	0	0	
2024-06-12 16:05:59	18	322	5	0	0	1	5	0	0	0	5	0	0	6	5	0	0	0	5	0	0	4.33		99.9753	54.0354	0.0583767	0	0.583911	0.305276	18.3441	1		0	12.0616	43.3657	0	0	0	
2024-06-12 16:05:24	13	323	5	0	0	1	5	0	0	0	5	0	0	4.75	5	0	0	0	5	0	0	3.247		99.9784	54.1933	0.0713621	0	0.713775	0.542694	16.8179	1		0	12.0616	43.7555	0	0	0	
2024-06-12 16:20:16	128	324	9	0	0	4.75	20	0	0	0	20	0	0	5	20	0	0	0	20	0	0	0.216		99.9629	52.9827	0.936076	0	9.36423	0.207972	14.7093	2		0	12.0616	40.117	0	0	0	
2024-06-12 16:13:44	79	325	9	0	0	6	25	0	0	0	25	0	0	5	25	0	0	0	25	0	0	0.866		99.965	53.5195	0.26546	0	2.65553	0.867156	16.6852	1		0	12.0616	40.5069	0	0	0	
2024-06-12 16:13:02	74	326	1	0	0	6	25	0	0	0	25	0	0	3.75	25	0	0	0	25	0	0	1.948		99.9624	53.3184	0.103742	0	1.03781	0.0214803	14.6717	2		0	12.0616	40.6368	0	0	0	
2024-06-12 16:06:37	23	327	1	0	0	1	5	0	0	0	5	0	0	0	5	0	0	0	5	0	0	0.866		99.9739	53.7175	0.242083	0	2.42146	0.531773	15.2145	1		0	12.0616	42.9758	0	0	0	
2024-06-12 16:18:57	119	328	9	0	0	0.75	4	0	0	0	4	0	0	7	4	0	0	0	4	0	0	5.412		99.9611	53.7756	0.0449672	0	0.449847	0.740376	17.6654	1		0	12.0616	40.117	0	0	0	
2024-06-12 16:10:28	54	329	1	0	0	4	17	0	0	0	17	0	0	0.25	17	0	0	0	17	0	0	3.247		99.9656	53.6474	0.0612315	0	0.612526	0.538134	14.4323	1		0	12.0616	41.1566	0	0	0	
2024-06-12 16:17:29	108	330	5	0	0	7.75	32	0	0	0	32	0	0	2.75	32	0	0	0	32	0	0	4.33		99.9655	53.6633	0.0460165	0	0.460324	0.132364	14.4615	1		0	12.0616	40.117	0	0	0	
2024-06-12 16:14:20	84	331	5	0	0	6	25	0	0	0	25	0	0	0	25	0	0	0	25	0	0	5.195		99.9577	53.763	0.05192	0	0.51942	0.380242	19.5817	1		0	12.0616	40.3769	0	0	0	
2024-06-12 16:08:13	36	332	1	0	0	2	9	0	0	0	9	0	0	2.75	9	0	0	0	9	0	0	0.649		99.9694	54.1725	0.35666	0	3.56769	0.513361	16.8123	1		0.0088623	12.0616	42.0662	0	0	0	
2024-06-12 16:15:55	96	333	5	0	0	7	29	0	0	0	29	0	0	1.25	29	0	0	0	29	0	0	4.979		99.9611	53.892	0.0509533	0	0.509731	0.0246666	18.4157	1		0	12.0616	40.247	0	0	0	
2024-06-12 16:04:42	7	334	5	0	0	0	1	0	0	0	1	0	0	5.5	1	0	0	0	1	0	0	4.762		99.9756	54.9438	0.0804267	0	0.804464	0.645476	27.8003	1		0	12.0616	44.5352	0	0	0	
2024-06-12 16:03:50	1	335	5	0	0	0	1	0	0	0	1	0	0	4.25	1	0	0	0	1	0	0	3.68		99.9737	57.1502	0.0571169	0	0.571319	0.0472478	15.2562	2		0.0088623	12.0793	45.3149	0	0	0	
