Time	MeasID	DPID	Channel	A(x)	A(y)	A(z)	A(adr)	B(x)	B(y)	B(z)	B(adr)	M(x)	M(y)	M(z)	M(adr)	N(x)	N(y)	N(z)	N(adr)	F(x)	F(y)	F(z)	Note	I(mA)	Uout(V)	U(V)	SP(V)	R(Ohm)	Var(%)	Rho-a(Ohm-m)	Cycles	IP Delay Window(mV/V)	Pint(V)	Pext(V)	T int(deg C)	T log(deg C)	Latitude	Longitude
2024-06-25 02:56:42	271	336	5	0	0	7.75	32	0	0	0	32	0	0	2	32	0	0	0	32	0	0	4.979		99.9536	40.4601	0.0417974	0	0.418168	0.306289	15.1077	1		0.0088623	12.0439	39.8571	0	0	0	
2024-06-25 02:50:20	228	337	9	0	0	5	21	0	0	0	21	0	0	7.5	21	0	0	0	21	0	0	2.165		99.9516	40.389	0.088644	0	0.886869	0.00521881	13.9309	2		0	12.0439	40.3769	0	0	0	
2024-06-25 02:50:49	231	338	9	0	0	5	21	0	0	0	21	0	0	6.25	21	0	0	0	21	0	0	1.082		99.9522	40.3074	0.178414	0	1.78499	0.0795891	14.0193	1		0.0088623	12.0439	40.117	0	0	0	
2024-06-25 02:47:46	210	339	1	0	0	3	13	0	0	0	13	0	0	1.75	13	0	0	0	13	0	0	1.082		99.9617	40.5338	0.162815	0	1.62878	0.051422	12.7924	1		0	12.0439	40.8967	0	0	0	
2024-06-25 02:55:30	263	340	5	0	0	7.75	32	0	0	0	32	0	0	6.75	32	0	0	0	32	0	0	0.866		99.9494	40.429	0.229134	0	2.2925	0.156566	14.4042	2		0	12.0439	39.8571	0	0	0	
2024-06-25 03:02:47	313	341	1	0	0	3.25	14	0	0	0	14	0	0	2.5	14	0	0	0	14	0	0	0.649		99.9597	40.7708	0.274644	0	2.74754	0.128934	12.9475	1		0.0088623	12.0439	39.9871	0	0	0	
2024-06-25 02:48:36	216	342	9	0	0	4	17	0	0	0	17	0	0	7.5	17	0	0	0	17	0	0	3.031		99.9552	40.1275	0.0650173	0	0.650464	0.0346881	14.3044	1		0	12.0439	40.6368	0	0	0	
2024-06-25 02:48:53	218	343	9	0	0	4	17	0	0	0	17	0	0	6.25	17	0	0	0	17	0	0	1.948		99.9519	40.0124	0.0984413	0	0.984887	0.123768	13.9235	1		0	12.0439	40.6368	0	0	0	
2024-06-25 02:47:13	206	344	1	0	0	3	13	0	0	0	13	0	0	3.5	13	0	0	0	13	0	0	0.433		99.9648	40.5704	0.426402	0	4.26552	0.0945005	13.4005	1		0.0088623	12.0439	41.0267	0	0	0	
2024-06-25 02:45:47	196	345	5	0	0	2	9	0	0	0	9	0	0	6.75	9	0	0	0	9	0	0	4.113		99.9718	39.9288	0.0526447	0	0.526595	0.18936	15.7163	1		0	12.0439	41.6764	0	0	0	
2024-06-25 02:53:48	251	346	9	0	0	7	29	0	0	0	29	0	0	5.75	29	0	0	0	29	0	0	1.082		99.949	40.3412	0.178529	0	1.7862	0.330832	14.0288	1		0.0088623	12.0439	39.9871	0	0	0	
2024-06-25 02:54:31	256	347	5	0	0	7	29	0	0	0	29	0	0	4.5	29	0	0	0	29	0	0	2.165		99.9534	40.2812	0.0893629	0	0.894045	0.02553	14.0436	1		0	12.0439	39.8571	0	0	0	
2024-06-25 02:43:58	183	348	9	0	0	1	5	0	0	0	5	0	0	5.25	5	0	0	0	5	0	0	3.68		99.9713	39.438	0.0609103	0	0.609278	0.723158	16.2699	1		0	12.0439	42.4561	0	0	0	
2024-06-25 02:43:23	179	349	5	0	0	1	5	0	0	0	5	0	0	4	5	0	0	0	5	0	0	2.598		99.9698	39.4658	0.0723375	0	0.723594	0.114662	13.6394	1		0.0088623	12.0439	42.9758	0	0	0	
2024-06-25 03:01:07	301	350	1	0	0	4.75	20	0	0	0	20	0	0	3	20	0	0	0	20	0	0	1.515		99.9573	40.1992	0.119265	0	1.19316	0.0960065	13.1194	1		0	12.0439	39.8571	0	0	0	
2024-06-25 02:52:28	242	351	1	0	0	6	25	0	0	0	25	0	0	3	25	0	0	0	25	0	0	2.598		99.9508	40.3625	0.0767962	0	0.76834	0.358307	14.4829	1		0	12.0439	39.9871	0	0	0	
2024-06-25 02:46:38	202	352	1	0	0	2	9	0	0	0	9	0	0	2.25	9	0	0	0	9	0	0	0.216		99.9646	39.8788	0.735467	0	7.35727	0.0959919	11.5568	1		0	12.0439	41.2865	0	0	0	
2024-06-25 02:55:13	261	353	5	0	0	7	29	0	0	0	29	0	0	0.5	29	0	0	0	29	0	0	5.628		99.9508	40.3217	0.0427379	0	0.427589	0.662566	17.463	1		0	12.0439	39.8571	0	0	0	
2024-06-25 02:42:05	170	354	1	0	0	0	1	0	0	0	1	0	0	3.5	1	0	0	0	1	0	0	3.031		99.9728	39.6517	0.0677515	0	0.677699	0.166892	14.9034	1		0	12.0616	44.1454	0	0	0	
2024-06-25 03:02:39	312	355	1	0	0	1.75	8	0	0	0	8	0	0	0	8	0	0	0	8	0	0	1.515		99.962	40.5504	0.116079	0	1.16123	0.0923096	12.7684	1		0	12.0439	39.9871	0	0	0	
2024-06-25 02:52:36	243	356	9	0	0	6	25	0	0	0	25	0	0	7	25	0	0	0	25	0	0	0.866		99.9537	40.4087	0.230093	0	2.302	0.0885421	14.4639	1		0	12.0439	40.117	0	0	0	
2024-06-25 03:01:51	306	357	1	0	0	6.5	27	0	0	0	27	0	0	1.25	27	0	0	0	27	0	0	4.546		99.9573	40.4809	0.0530437	0	0.530664	0.598037	17.5049	1		0	12.0439	39.8571	0	0	0	
2024-06-25 02:55:51	265	358	1	0	0	7.75	32	0	0	0	32	0	0	1.25	32	0	0	0	32	0	0	5.628		99.949	40.4787	0.0388108	0	0.388306	0.114184	15.8587	1		0	12.0439	39.7272	0	0	0	
2024-06-25 02:50:11	227	359	5	0	0	5	21	0	0	0	21	0	0	5.5	21	0	0	0	21	0	0	0.433		99.9531	40.4109	0.44826	0	4.4847	0.294344	14.0891	1		0	12.0439	40.3769	0	0	0	
2024-06-25 02:51:15	234	360	5	0	0	5	21	0	0	0	21	0	0	4.25	21	0	0	0	21	0	0	0.649		99.9571	40.3074	0.293625	0	2.93751	0.156072	13.8427	1		0	12.0439	40.117	0	0	0	
2024-06-25 02:48:18	214	361	1	0	0	3	13	0	0	0	13	0	0	1	13	0	0	0	13	0	0	1.732		99.9604	40.6396	0.102563	0	1.02603	0.0560445	12.8935	1		0	12.0439	40.7668	0	0	0	
2024-06-25 02:44:15	185	362	1	0	0	1	5	0	0	0	5	0	0	2	5	0	0	0	5	0	0	0.866		99.9633	39.5241	0.198463	0	1.98536	0.0594296	12.4744	1		0	12.0439	42.4561	0	0	0	
2024-06-25 02:58:14	281	363	9	0	0	1.75	8	0	0	0	8	0	0	6	8	0	0	0	8	0	0	3.68		99.9534	40.3634	0.0605636	0	0.605918	0.617755	16.1802	1		0	12.0439	39.7272	0	0	0	
2024-06-25 02:49:53	225	364	5	0	0	4	17	0	0	0	17	0	0	2.25	17	0	0	0	17	0	0	1.515		99.9551	40.0662	0.1162	0	1.16253	0.0864096	12.7826	1		0	12.0439	40.3769	0	0	0	
2024-06-25 02:55:42	264	365	9	0	0	7.75	32	0	0	0	32	0	0	6	32	0	0	0	32	0	0	1.515		99.9505	40.4042	0.127402	0	1.27466	0.102671	14.0156	1		0.0088623	12.0439	39.8571	0	0	0	
2024-06-25 02:56:07	267	366	9	0	0	7.75	32	0	0	0	32	0	0	4.75	32	0	0	0	32	0	0	2.598		99.9523	40.481	0.0739318	0	0.739671	0.105675	13.9425	1		0	12.0439	39.8571	0	0	0	
2024-06-25 02:52:54	245	367	1	0	0	6	25	0	0	0	25	0	0	2	25	0	0	0	25	0	0	3.464		99.9536	40.3277	0.0658448	0	0.658754	0.0571039	16.5563	1		0	12.0439	39.9871	0	0	0	
2024-06-25 02:48:45	217	368	5	0	0	4	17	0	0	0	17	0	0	5.5	17	0	0	0	17	0	0	1.299		99.9592	40.0692	0.147266	0	1.47326	0.149423	13.8851	1		0	12.0439	40.6368	0	0	0	
2024-06-25 02:49:19	221	369	9	0	0	4	17	0	0	0	17	0	0	4.25	17	0	0	0	17	0	0	0.216		99.9583	40.0801	0.851768	0	8.52123	0.0124981	13.3851	1		0	12.0439	40.6368	0	0	0	
2024-06-25 02:42:34	173	370	1	0	0	0	1	0	0	0	1	0	0	1.75	1	0	0	0	1	0	0	1.515		99.9726	39.6309	0.11634	0	1.16371	0.0417559	12.7957	1		0.0088623	12.0439	43.6256	0	0	0	
2024-06-25 03:03:52	321	371	1	0	0	3.75	16	0	0	4	16	0	0	3.5	16	0	0	4.25	16	0	0	0.13		99.9606	19.3323	0.603428	0	6.03666	0.356913	9.48236	1		0	12.0439	39.9871	0	0	0	
2024-06-25 02:48:10	213	372	1	0	0	3	13	0	0	0	13	0	0	2.75	13	0	0	0	13	0	0	0.216		99.9602	40.5633	0.725977	0	7.26266	0.268941	11.4082	1		0.0088623	12.0439	40.8967	0	0	0	
2024-06-25 02:46:04	198	373	9	0	0	2	9	0	0	0	9	0	0	6	9	0	0	0	9	0	0	3.464		99.9694	40.025	0.0643187	0	0.643384	0.131204	16.17	1		0.0088623	12.0439	41.5464	0	0	0	
2024-06-25 02:45:21	193	374	5	0	0	2	9	0	0	0	9	0	0	4.75	9	0	0	0	9	0	0	2.381		99.9717	39.9642	0.0812023	0	0.812253	0.0457515	14.0347	1		0	12.0439	41.9363	0	0	0	
2024-06-25 02:53:57	252	375	9	0	0	7	29	0	0	0	29	0	0	5	29	0	0	0	29	0	0	1.732		99.9522	40.3456	0.109429	0	1.09482	0.106321	13.7579	1		0	12.0439	39.8571	0	0	0	
2024-06-25 02:53:57	252	376	1	0	0	7	29	0	0	0	29	0	0	3.75	29	0	0	0	29	0	0	2.814		99.9522	40.3456	0.0698862	0	0.699196	0.0221258	14.2778	1		0	12.0439	39.8571	0	0	0	
2024-06-25 02:43:41	181	377	1	0	0	1	5	0	0	0	5	0	0	3.25	5	0	0	0	5	0	0	1.948		99.9673	39.4516	0.0919783	0	0.920084	0.300228	13.0074	1		0	12.0616	42.7159	0	0	0	
2024-06-25 02:57:41	278	378	9	0	0	2.75	12	0	0	0	12	0	0	5	12	0	0	0	12	0	0	1.948		99.9529	40.0682	0.0930019	0	0.930457	0.0795578	13.154	1		0	12.0439	39.8571	0	0	0	
2024-06-25 02:51:23	235	379	5	0	0	5	21	0	0	0	21	0	0	1.75	21	0	0	0	21	0	0	2.814		99.9554	40.342	0.073763	0	0.737959	0.26914	15.0694	2		0	12.0439	40.117	0	0	0	
2024-06-25 02:46:29	201	380	1	0	0	2	9	0	0	0	9	0	0	1.5	9	0	0	0	9	0	0	0.433		99.966	39.8934	0.409038	0	4.09177	0.0112329	12.8547	1		0	12.0439	41.2865	0	0	0	
2024-06-25 02:42:22	172	381	1	0	0	0	1	0	0	0	1	0	0	2.75	1	0	0	0	1	0	0	2.381		99.9732	39.6283	0.128427	0	1.28462	0.135733	22.1966	2		0.0088623	12.0439	43.8855	0	0	0	
2024-06-25 02:57:32	277	382	9	0	0	3.25	14	0	0	0	14	0	0	4.5	14	0	0	0	14	0	0	1.082		99.9544	40.5863	0.166023	0	1.66098	0.0848911	13.0453	1		0	12.0439	39.8571	0	0	0	
2024-06-25 02:47:46	210	383	9	0	0	3	13	0	0	0	13	0	0	6.75	13	0	0	0	13	0	0	3.247		99.9617	40.5338	0.0646201	0	0.646448	0.288544	15.2316	1		0	12.0439	40.8967	0	0	0	
2024-06-25 02:43:41	181	384	9	0	0	1	5	0	0	0	5	0	0	7.25	5	0	0	0	5	0	0	5.412		99.9673	39.4516	0.0595898	0	0.596093	0.147659	23.4085	1		0	12.0616	42.7159	0	0	0	
2024-06-25 02:52:28	242	385	5	0	0	6	25	0	0	0	25	0	0	7.5	25	0	0	0	25	0	0	1.299		99.9508	40.3625	0.148147	0	1.4822	0.103936	13.9694	1		0	12.0439	39.9871	0	0	0	
2024-06-25 02:52:45	244	386	5	0	0	6	25	0	0	0	25	0	0	6.25	25	0	0	0	25	0	0	0.216		99.9549	40.3416	0.81096	0	8.11326	0.226446	12.7443	1		0	12.0439	39.9871	0	0	0	
2024-06-25 02:56:07	267	387	1	0	0	7.75	32	0	0	0	32	0	0	0.5	32	0	0	0	32	0	0	6.278		99.9523	40.481	0.0361734	0	0.361907	0.0689189	16.486	1		0	12.0439	39.8571	0	0	0	
2024-06-25 02:51:35	236	388	1	0	0	5	21	0	0	0	21	0	0	3.5	21	0	0	0	21	0	0	1.299		99.9573	40.2647	0.137983	0	1.38042	0.0768888	13.0101	1		0	12.0439	40.117	0	0	0	
2024-06-25 02:48:03	212	389	5	0	0	3	13	0	0	0	13	0	0	0.25	13	0	0	0	13	0	0	2.381		99.9595	40.5143	0.076441	0	0.764719	0.0914079	13.2134	1		0.0088623	12.0439	40.7668	0	0	0	
2024-06-25 02:44:31	187	390	5	0	0	1	5	0	0	0	5	0	0	1.25	5	0	0	0	5	0	0	0.216		99.9716	39.4723	0.74111	0	7.4132	0.0733744	11.6446	1		0	12.0439	42.3261	0	0	0	
2024-06-25 02:49:03	219	391	1	0	0	4	17	0	0	0	17	0	0	1.5	17	0	0	0	17	0	0	2.165		99.9551	39.9987	0.0834752	0	0.835126	0.207977	13.1181	1		0	12.0439	40.6368	0	0	0	
2024-06-25 02:58:22	282	392	9	0	0	1.5	7	0	0	0	7	0	0	6.25	7	0	0	0	7	0	0	4.113		99.9532	39.4411	0.0604594	0	0.604877	1.16075	18.0526	4		0	12.0439	39.7272	0	0	0	
2024-06-25 02:56:07	267	393	5	0	0	7.75	32	0	0	0	32	0	0	5.25	32	0	0	0	32	0	0	2.165		99.9523	40.481	0.087472	0	0.875138	0.0915825	13.7466	1		0	12.0439	39.8571	0	0	0	
2024-06-25 02:56:17	268	394	9	0	0	7.75	32	0	0	0	32	0	0	4	32	0	0	0	32	0	0	3.247		99.9516	40.4599	0.0595405	0	0.595694	0.158441	14.0357	1		0.0088623	12.0439	39.8571	0	0	0	
2024-06-25 02:53:01	246	395	1	0	0	6	25	0	0	0	25	0	0	1.25	25	0	0	0	25	0	0	4.113		99.9567	40.3765	0.058428	0	0.584533	0.670241	17.4455	1		0	12.0439	39.9871	0	0	0	
2024-06-25 02:49:45	224	396	5	0	0	4	17	0	0	0	17	0	0	3.5	17	0	0	0	17	0	0	0.433		99.9536	39.9848	0.457593	0	4.57806	0.134515	14.3824	1		0.0088623	12.0439	40.3769	0	0	0	
2024-06-25 02:42:51	175	397	5	0	0	0	1	0	0	0	1	0	0	1	1	0	0	0	1	0	0	0.866		99.9746	39.6285	0.204018	0	2.04069	0.00414675	12.8221	1		0.0088623	12.0439	43.3657	0	0	0	
2024-06-25 02:45:40	195	398	9	0	0	2	9	0	0	0	9	0	0	5.25	9	0	0	0	9	0	0	2.814		99.9666	39.9722	0.0779755	0	0.780016	0.573758	15.9282	1		0.0088623	12.0439	41.6764	0	0	0	
2024-06-25 02:45:05	191	399	9	0	0	2	9	0	0	0	9	0	0	4	9	0	0	0	9	0	0	1.732		99.9708	39.9444	0.104234	0	1.04264	0.137649	13.1022	1		0	12.0439	41.8063	0	0	0	
2024-06-25 03:02:55	314	400	1	0	0	3.5	15	0	0	0	15	0	0	2.25	15	0	0	0	15	0	0	1.082		99.9583	40.0376	0.162063	0	1.62131	0.0398083	12.7337	1		0	12.0439	39.9871	0	0	0	
2024-06-25 02:55:04	260	401	1	0	0	7	29	0	0	0	29	0	0	3	29	0	0	0	29	0	0	3.464		99.9529	40.381	0.0585344	0	0.58562	0.347106	14.7182	1		0	12.0439	39.9871	0	0	0	
2024-06-25 02:44:40	188	402	1	0	0	1	5	0	0	0	5	0	0	2.5	5	0	0	0	5	0	0	1.299		99.9707	39.406	0.137529	0	1.3757	0.120568	12.9656	1		0.0088623	12.0439	42.1962	0	0	0	
2024-06-25 02:42:14	171	403	5	0	0	0	1	0	0	0	1	0	0	6.75	1	0	0	0	1	0	0	5.845		99.9726	39.6525	0.0404307	0	0.404418	0.106386	17.152	1		0	12.0616	44.0154	0	0	0	
2024-06-25 02:59:36	290	404	1	0	0	2.75	12	0	0	0	12	0	0	3	12	0	0	0	12	0	0	0.216		99.9544	40.1819	0.730834	0	7.31167	0.0951715	11.4851	1		0	12.0439	39.8571	0	0	0	
2024-06-25 02:51:15	234	405	1	0	0	5	21	0	0	0	21	0	0	1	21	0	0	0	21	0	0	3.464		99.9571	40.3074	0.0621384	0	0.62165	0.55245	15.6238	1		0	12.0439	40.117	0	0	0	
2024-06-25 03:05:08	330	406	1	0	0	0.5	3	0	0	7.25	3	0	0	2.75	3	0	0	5	3	0	0	1.168		99.9596	20.7638	0.0691599	0	0.691879	0.0323131	9.7812	2		0	11.9552	39.8571	0	0	0	
2024-06-25 03:00:26	296	407	9	0	0	6.75	28	0	0	0	28	0	0	7	28	0	0	0	28	0	0	0.216		99.9559	40.3175	0.794755	0	7.95106	0.224177	12.4895	1		0.0088623	12.0439	39.8571	0	0	0	
2024-06-25 02:45:56	197	408	1	0	0	2	9	0	0	0	9	0	0	0.75	9	0	0	0	9	0	0	1.082		99.9683	39.9394	0.157721	0	1.57771	0.0549962	12.3913	1		0	12.0439	41.5464	0	0	0	
2024-06-25 02:47:30	208	409	9	0	0	3	13	0	0	0	13	0	0	6	13	0	0	0	13	0	0	2.598		99.9618	40.491	0.0756369	0	0.756658	0.153647	14.2627	1		0	12.0439	40.8967	0	0	0	
2024-06-25 02:47:04	205	410	9	0	0	3	13	0	0	0	13	0	0	4.75	13	0	0	0	13	0	0	1.515		99.9616	40.5174	0.120216	0	1.20262	0.0818324	13.2235	1		0	12.0439	41.1566	0	0	0	
2024-06-25 02:43:58	183	411	5	0	0	1	5	0	0	0	5	0	0	7.75	5	0	0	0	5	0	0	5.845		99.9713	39.438	0.0384891	0	0.385001	0.224264	16.3285	1		0	12.0439	42.4561	0	0	0	
2024-06-25 02:44:23	186	412	9	0	0	1	5	0	0	0	5	0	0	6.5	5	0	0	0	5	0	0	4.762		99.9661	39.5101	0.0508287	0	0.508459	0.719351	17.5711	1		0	12.0439	42.3261	0	0	0	
2024-06-25 02:52:54	245	413	9	0	0	6	25	0	0	0	25	0	0	5.5	25	0	0	0	25	0	0	0.433		99.9536	40.3277	0.457643	0	4.57855	0.248848	14.3839	1		0	12.0439	39.9871	0	0	0	
2024-06-25 02:51:59	239	414	9	0	0	6	25	0	0	0	25	0	0	4.25	25	0	0	0	25	0	0	1.515		99.9544	40.3989	0.127057	0	1.27115	0.00105537	13.977	2		0	12.0439	40.117	0	0	0	
2024-06-25 02:51:43	237	415	5	0	0	5	21	0	0	0	21	0	0	2.75	21	0	0	0	21	0	0	1.948		99.9564	40.3495	0.093479	0	0.935198	0.358596	13.221	1		0	12.0439	39.9871	0	0	0	
2024-06-25 02:44:31	187	416	1	0	0	1	5	0	0	0	5	0	0	0.5	5	0	0	0	5	0	0	0.433		99.9716	39.4723	0.428571	0	4.28693	0.0681625	13.4678	1		0	12.0439	42.3261	0	0	0	
2024-06-25 02:49:19	221	417	1	0	0	4	17	0	0	0	17	0	0	0.75	17	0	0	0	17	0	0	2.814		99.9583	40.0801	0.0687872	0	0.688159	0.601617	14.0524	1		0	12.0439	40.6368	0	0	0	
2024-06-25 02:56:51	272	418	5	0	0	7.75	32	0	0	0	32	0	0	3.25	32	0	0	0	32	0	0	3.897		99.9508	40.4621	0.0501684	0	0.501931	0.262131	14.1918	1		0	12.0439	39.8571	0	0	0	
2024-06-25 03:04:26	325	419	1	0	0	2.75	12	0	0	5	12	0	0	0.5	12	0	0	7.25	12	0	0	1.168		99.9632	20.6067	0.069926	0	0.699518	0.2819	9.8892	1		0	12.0439	39.8571	0	0	0	
2024-06-25 02:58:39	283	420	9	0	0	1.25	6	0	0	0	6	0	0	6.5	6	0	0	0	6	0	0	4.546		99.9551	40.2136	0.051979	0	0.520023	0.333199	17.1539	1		0	12.0439	39.7272	0	0	0	
2024-06-25 02:53:18	248	421	5	0	0	6	25	0	0	0	25	0	0	0.5	25	0	0	0	25	0	0	4.762		99.9507	40.3565	0.0536615	0	0.53688	0.915494	18.5532	1		0	12.0439	39.9871	0	0	0	
2024-06-25 02:50:02	226	422	5	0	0	4	17	0	0	0	17	0	0	2.75	17	0	0	0	17	0	0	1.082		99.957	40.0202	0.164016	0	1.64087	0.121163	12.8874	1		0	12.0439	40.3769	0	0	0	
2024-06-25 02:43:15	178	423	1	0	0	0	1	0	0	0	1	0	0	0.25	1	0	0	0	1	0	0	0.216		99.9713	39.6159	0.737098	0	7.3731	0.00518769	11.5816	1		0	12.0616	43.1058	0	0	0	
2024-06-25 02:45:47	196	424	1	0	0	2	9	0	0	0	9	0	0	3.25	9	0	0	0	9	0	0	1.082		99.9718	39.9288	0.162749	0	1.62795	0.0143902	12.7859	1		0	12.0439	41.6764	0	0	0	
2024-06-25 02:54:47	258	425	1	0	0	7	29	0	0	0	29	0	0	1.75	29	0	0	0	29	0	0	4.546		99.9524	40.3842	0.0502541	0	0.50278	0.590929	16.5851	1		0	12.0439	39.9871	0	0	0	
2024-06-25 02:42:34	173	426	5	0	0	0	1	0	0	0	1	0	0	6	1	0	0	0	1	0	0	5.195		99.9726	39.6309	0.0511409	0	0.511549	0.882065	19.2849	1		0.0088623	12.0439	43.6256	0	0	0	
2024-06-25 02:41:48	168	427	9	0	0	0	1	0	0	0	1	0	0	4.75	1	0	0	0	1	0	0	4.113		99.9701	39.6667	0.0516468	0	0.516622	0.314538	15.4187	1		0	12.0616	44.5352	0	0	0	
2024-06-25 03:02:07	308	428	1	0	0	7.25	30	0	0	0	30	0	0	0.5	30	0	0	0	30	0	0	5.845		99.9603	40.7077	0.0486864	0	0.487057	0.838172	20.6568	1		0	12.0439	39.8571	0	0	0	
2024-06-25 02:50:49	231	429	1	0	0	5	21	0	0	0	21	0	0	0.25	21	0	0	0	21	0	0	4.113		99.9522	40.3074	0.0508259	0	0.508502	0.293495	15.1763	1		0.0088623	12.0439	40.117	0	0	0	
2024-06-25 02:50:58	232	430	5	0	0	5	21	0	0	0	21	0	0	6.75	21	0	0	0	21	0	0	1.515		99.9547	40.2701	0.130046	0	1.30105	0.418506	14.3057	1		0	12.0439	40.117	0	0	0	
2024-06-25 02:47:39	209	431	1	0	0	3	13	0	0	0	13	0	0	2.25	13	0	0	0	13	0	0	0.649		99.9627	40.4866	0.275106	0	2.75209	0.104225	12.9689	1		0	12.0439	40.8967	0	0	0	
2024-06-25 02:45:21	193	432	1	0	0	2	9	0	0	0	9	0	0	0	9	0	0	0	9	0	0	1.732		99.9717	39.9642	0.135232	0	1.3527	0.741438	16.9985	1		0	12.0439	41.9363	0	0	0	
2024-06-25 03:00:33	297	433	9	0	0	6.5	27	0	0	0	27	0	0	7.25	27	0	0	0	27	0	0	0.649		99.9597	40.6331	0.30592	0	3.06043	0.132755	14.422	1		0	12.0439	39.8571	0	0	0	
2024-06-25 02:55:58	266	434	9	0	0	7.75	32	0	0	0	32	0	0	7.25	32	0	0	0	32	0	0	0.433		99.952	40.6363	0.451884	0	4.52101	0.660639	14.2032	1		0	12.0439	39.9871	0	0	0	
2024-06-25 03:02:15	309	435	1	0	0	7.5	31	0	0	0	31	0	0	0.25	31	0	0	0	31	0	0	6.278		99.9631	40.5367	0.0356811	0	0.356942	0.210754	16.2598	1		0	12.0439	39.8571	0	0	0	
2024-06-25 02:59:12	287	436	1	0	0	0.75	4	0	0	0	4	0	0	1	4	0	0	0	4	0	0	0.216		99.9523	40.2705	0.751842	0	7.52201	0.0439199	11.8155	1		0	12.0439	39.8571	0	0	0	
2024-06-25 03:01:23	303	437	1	0	0	5.5	23	0	0	0	23	0	0	2.25	23	0	0	0	23	0	0	2.814		99.9574	40.2037	0.0817201	0	0.817549	0.311467	16.6946	1		0	12.0439	39.8571	0	0	0	
2024-06-25 02:49:12	220	438	9	0	0	4	17	0	0	0	17	0	0	6.75	17	0	0	0	17	0	0	2.381		99.9541	40.0336	0.0824183	0	0.824562	0.444175	14.2474	1		0	12.0439	40.5069	0	0	0	
2024-06-25 02:47:21	207	439	5	0	0	3	13	0	0	0	13	0	0	5.25	13	0	0	0	13	0	0	1.948		99.9661	40.5038	0.0964659	0	0.964986	0.192759	13.6422	1		0	12.0439	41.0267	0	0	0	
2024-06-25 02:46:56	204	440	9	0	0	3	13	0	0	0	13	0	0	4	13	0	0	0	13	0	0	0.866		99.966	40.5605	0.212171	0	2.12243	0.00600616	13.3356	1		0	12.0439	41.1566	0	0	0	
2024-06-25 02:45:31	194	441	5	0	0	2	9	0	0	0	9	0	0	7.25	9	0	0	0	9	0	0	4.546		99.9697	39.9582	0.0533189	0	0.53335	0.328129	17.5935	1		0	12.0439	41.6764	0	0	0	
2024-06-25 02:54:23	255	442	5	0	0	7	29	0	0	0	29	0	0	7.5	29	0	0	0	29	0	0	0.433		99.957	40.2845	0.442076	0	4.42266	0.123956	13.8942	1		0	12.0439	39.8571	0	0	0	
2024-06-25 02:54:06	253	443	9	0	0	7	29	0	0	0	29	0	0	6.25	29	0	0	0	29	0	0	0.649		99.9546	40.3292	0.30645	0	3.06589	0.210136	14.4477	1		0	12.0439	39.8571	0	0	0	
2024-06-25 02:44:15	185	444	5	0	0	1	5	0	0	0	5	0	0	5.75	5	0	0	0	5	0	0	4.113		99.9633	39.5241	0.052152	0	0.521711	0.149865	15.5705	1		0	12.0439	42.4561	0	0	0	
2024-06-25 02:43:33	180	445	5	0	0	1	5	0	0	0	5	0	0	4.5	5	0	0	0	5	0	0	3.031		99.97	39.4633	0.070218	0	0.702391	0.366396	15.4464	1		0	12.0439	42.8459	0	0	0	
2024-06-25 02:52:19	241	446	1	0	0	6	25	0	0	0	25	0	0	3.5	25	0	0	0	25	0	0	2.165		99.9559	40.4457	0.0865823	0	0.866206	0.327869	13.6063	1		0.0088623	12.0439	39.9871	0	0	0	
2024-06-25 02:48:28	215	447	1	0	0	4	17	0	0	0	17	0	0	0	17	0	0	0	17	0	0	3.464		99.9607	40.144	0.0610454	0	0.610693	0.292203	15.3484	1		0	12.0439	40.6368	0	0	0	
2024-06-25 02:56:59	273	448	5	0	0	7.75	32	0	0	0	32	0	0	2.5	32	0	0	0	32	0	0	4.546		99.9553	40.535	0.0463056	0	0.463263	0.620924	15.2815	1		0	12.0439	39.8571	0	0	0	
2024-06-25 02:46:21	200	449	5	0	0	2	9	0	0	0	9	0	0	2.5	9	0	0	0	9	0	0	0.433		99.9649	39.9208	0.40571	0	4.05853	0.0701733	12.7502	1		0	12.0439	41.4165	0	0	0	
2024-06-25 02:55:13	261	450	1	0	0	7	29	0	0	0	29	0	0	1	29	0	0	0	29	0	0	5.195		99.9508	40.3217	0.0451903	0	0.452126	0.480165	17.0447	1		0	12.0439	39.8571	0	0	0	
2024-06-25 02:42:05	170	451	9	0	0	0	1	0	0	0	1	0	0	5.25	1	0	0	0	1	0	0	4.546		99.9728	39.6517	0.0493463	0	0.493597	0.308486	16.2821	1		0	12.0616	44.1454	0	0	0	
2024-06-25 02:41:35	167	452	9	0	0	0	1	0	0	0	1	0	0	4	1	0	0	0	1	0	0	3.464		99.9699	39.6932	0.0609124	0	0.609307	0.134144	15.3136	1		0	12.0616	44.6651	0	0	0	
2024-06-25 02:55:30	263	453	1	0	0	7.75	32	0	0	0	32	0	0	1.75	32	0	0	0	32	0	0	5.195		99.9494	40.429	0.0415845	0	0.416056	0.130349	15.6849	2		0	12.0439	39.8571	0	0	0	
2024-06-25 02:50:32	229	454	5	0	0	5	21	0	0	0	21	0	0	6	21	0	0	0	21	0	0	0.866		99.9537	40.3601	0.22245	0	2.22553	0.0216523	13.9834	1		0	12.0439	40.247	0	0	0	
2024-06-25 02:50:49	231	455	5	0	0	5	21	0	0	0	21	0	0	4.75	21	0	0	0	21	0	0	0.216		99.9522	40.3074	0.762824	0	7.63188	0.149107	11.9881	1		0.0088623	12.0439	40.117	0	0	0	
2024-06-25 02:47:54	211	456	5	0	0	3	13	0	0	0	13	0	0	1.5	13	0	0	0	13	0	0	1.299		99.9626	40.5608	0.13336	0	1.33409	0.054362	12.5735	1		0	12.0439	40.8967	0	0	0	
2024-06-25 02:55:58	266	457	5	0	0	7.75	32	0	0	0	32	0	0	6.5	32	0	0	0	32	0	0	1.082		99.952	40.6363	0.180478	0	1.80565	0.0327073	14.1816	1		0	12.0439	39.9871	0	0	0	
2024-06-25 02:58:04	280	458	9	0	0	2.25	10	0	0	0	10	0	0	5.5	10	0	0	0	10	0	0	2.814		99.9605	40.7289	0.0814574	0	0.814896	0.654571	16.6405	1		0	12.0439	39.8571	0	0	0	
2024-06-25 03:04:18	324	459	1	0	0	3	13	0	0	4.75	13	0	0	1.25	13	0	0	6.5	13	0	0	0.908		99.9551	20.999	0.0848033	0	0.848414	0.0166599	9.3288	1		0	12.0439	39.8571	0	0	0	
2024-06-25 02:48:53	218	460	5	0	0	4	17	0	0	0	17	0	0	6	17	0	0	0	17	0	0	1.732		99.9519	40.0124	0.108892	0	1.08945	0.119311	13.6904	1		0	12.0439	40.6368	0	0	0	
2024-06-25 02:48:45	217	461	9	0	0	4	17	0	0	0	17	0	0	4.75	17	0	0	0	17	0	0	0.649		99.9592	40.0692	0.307692	0	3.07817	0.0262976	14.5055	1		0	12.0439	40.6368	0	0	0	
2024-06-25 02:43:07	177	462	5	0	0	0	1	0	0	0	1	0	0	2.25	1	0	0	0	1	0	0	1.948		99.9761	39.6542	0.10653	0	1.06556	0.266568	15.064	1		0	11.9375	43.2357	0	0	0	
2024-06-25 03:04:10	323	463	1	0	0	3.25	14	0	0	4.5	14	0	0	2	14	0	0	5.75	14	0	0	0.649		99.9652	20.7469	0.137703	0	1.37751	0.168453	10.8189	1		0	12.0439	39.8571	0	0	0	
2024-06-25 02:47:21	207	464	1	0	0	3	13	0	0	0	13	0	0	3.25	13	0	0	0	13	0	0	0.216		99.9661	40.5038	0.749703	0	7.49957	0.109073	11.7803	1		0	12.0439	41.0267	0	0	0	
2024-06-25 02:45:14	192	465	5	0	0	2	9	0	0	0	9	0	0	7.75	9	0	0	0	9	0	0	4.979		99.9669	39.8477	0.0426725	0	0.426866	0.231915	15.422	1		0	12.0439	41.9363	0	0	0	
2024-06-25 02:45:47	196	466	9	0	0	2	9	0	0	0	9	0	0	6.5	9	0	0	0	9	0	0	3.897		99.9718	39.9288	0.0544844	0	0.544998	0.177573	15.4094	1		0	12.0439	41.6764	0	0	0	
2024-06-25 02:54:39	257	467	5	0	0	7	29	0	0	0	29	0	0	5.5	29	0	0	0	29	0	0	1.299		99.953	40.3569	0.14778	0	1.47849	0.076303	13.9345	1		0	12.0439	39.9871	0	0	0	
2024-06-25 02:54:31	256	468	9	0	0	7	29	0	0	0	29	0	0	4.25	29	0	0	0	29	0	0	2.381		99.9534	40.2812	0.0821899	0	0.822282	0.0262435	14.208	1		0	12.0439	39.8571	0	0	0	
2024-06-25 02:43:50	182	469	9	0	0	1	5	0	0	0	5	0	0	5	5	0	0	0	5	0	0	3.464		99.9688	39.44	0.0616878	0	0.61707	0.236886	15.5087	1		0	12.0439	42.7159	0	0	0	
2024-06-25 02:43:23	179	470	1	0	0	1	5	0	0	0	5	0	0	3.75	5	0	0	0	5	0	0	2.381		99.9698	39.4658	0.0801688	0	0.80193	0.170037	13.8564	1		0.0088623	12.0439	42.9758	0	0	0	
2024-06-25 02:52:36	243	471	1	0	0	6	25	0	0	0	25	0	0	2.75	25	0	0	0	25	0	0	2.814		99.9537	40.4087	0.0705872	0	0.706199	0.13281	14.4208	1		0	12.0439	40.117	0	0	0	
2024-06-25 02:51:43	237	472	1	0	0	5	21	0	0	0	21	0	0	2.25	21	0	0	0	21	0	0	2.381		99.9564	40.3495	0.0790827	0	0.791172	0.486552	13.6705	1		0	12.0439	39.9871	0	0	0	
2024-06-25 02:55:21	262	473	5	0	0	7	29	0	0	0	29	0	0	0.25	29	0	0	0	29	0	0	5.845		99.9551	40.3913	0.0395556	0	0.395734	0.260641	16.7837	1		0	12.0439	39.8571	0	0	0	
2024-06-25 02:41:48	168	474	1	0	0	0	1	0	0	0	1	0	0	3.25	1	0	0	0	1	0	0	2.814		99.9701	39.6667	0.0690143	0	0.69035	0.177186	14.0972	1		0	12.0616	44.5352	0	0	0	
2024-06-25 02:46:56	204	475	5	0	0	3	13	0	0	0	13	0	0	7.25	13	0	0	0	13	0	0	3.68		99.966	40.5605	0.0672397	0	0.672626	0.193831	17.9615	1		0	12.0439	41.1566	0	0	0	
2024-06-25 02:52:12	240	476	5	0	0	6	25	0	0	0	25	0	0	6.75	25	0	0	0	25	0	0	0.649		99.956	40.376	0.316418	0	3.16557	0.106873	14.9174	1		0	12.0439	40.117	0	0	0	
2024-06-25 02:57:15	275	477	9	0	0	3.75	16	0	0	0	16	0	0	4	16	0	0	0	16	0	0	0.216		99.9531	40.0435	0.842702	0	8.43098	0.0959723	13.2433	1		0	12.0439	39.8571	0	0	0	
2024-06-25 02:56:59	273	478	1	0	0	7.75	32	0	0	0	32	0	0	1	32	0	0	0	32	0	0	5.845		99.9553	40.535	0.0377454	0	0.377623	0.210167	16.0156	1		0	12.0439	39.8571	0	0	0	
2024-06-25 02:50:32	229	479	9	0	0	5	21	0	0	0	21	0	0	5.25	21	0	0	0	21	0	0	0.216		99.9537	40.3601	0.783993	0	7.84356	0.096534	12.3206	1		0	12.0439	40.247	0	0	0	
2024-06-25 02:51:05	233	480	9	0	0	5	21	0	0	0	21	0	0	4	21	0	0	0	21	0	0	0.866		99.9587	40.4051	0.219405	0	2.19496	0.0329456	13.7913	1		0	12.0439	40.117	0	0	0	
2024-06-25 02:48:03	212	481	1	0	0	3	13	0	0	0	13	0	0	0.75	13	0	0	0	13	0	0	1.948		99.9595	40.5143	0.0924179	0	0.924553	0.0312259	13.0706	1		0.0088623	12.0439	40.7668	0	0	0	
2024-06-25 02:43:33	180	482	1	0	0	1	5	0	0	0	5	0	0	1.75	5	0	0	0	5	0	0	0.649		99.97	39.4633	0.278626	0	2.7871	0.0922781	13.1339	1		0	12.0439	42.8459	0	0	0	
2024-06-25 02:49:12	220	483	1	0	0	4	17	0	0	0	17	0	0	2	17	0	0	0	17	0	0	1.732		99.9541	40.0336	0.103516	0	1.03564	0.362253	13.0142	1		0	12.0439	40.5069	0	0	0	
2024-06-25 02:56:17	268	484	5	0	0	7.75	32	0	0	0	32	0	0	5.75	32	0	0	0	32	0	0	1.732		99.9516	40.4599	0.110398	0	1.10451	0.0262974	13.8797	1		0.0088623	12.0439	39.8571	0	0	0	
2024-06-25 02:56:33	270	485	5	0	0	7.75	32	0	0	0	32	0	0	4.5	32	0	0	0	32	0	0	2.814		99.9501	40.4796	0.0684981	0	0.685323	0.111867	13.9945	1		0	12.0439	39.8571	0	0	0	
2024-06-25 02:59:54	292	486	1	0	0	2.25	10	0	0	0	10	0	0	3.5	10	0	0	0	10	0	0	1.082		99.954	40.5283	0.162441	0	1.62516	0.0423636	12.764	1		0	12.0439	39.8571	0	0	0	
2024-06-25 02:59:03	286	487	9	0	0	0.25	2	0	0	0	2	0	0	7.5	2	0	0	0	2	0	0	6.278		99.9493	39.9995	0.0370689	0	0.370877	0.19977	16.8946	1		0	12.0439	39.8571	0	0	0	
2024-06-25 02:53:10	247	488	1	0	0	6	25	0	0	0	25	0	0	1.75	25	0	0	0	25	0	0	3.68		99.947	40.2999	0.0660275	0	0.660625	0.952126	17.641	1		0	12.0439	39.9871	0	0	0	
2024-06-25 02:48:28	215	489	5	0	0	4	17	0	0	0	17	0	0	5.25	17	0	0	0	17	0	0	1.082		99.9607	40.144	0.176869	0	1.76938	0.0326086	13.8967	1		0	12.0439	40.6368	0	0	0	
2024-06-25 02:42:59	176	490	1	0	0	0	1	0	0	0	1	0	0	1.5	1	0	0	0	1	0	0	1.299		99.9756	39.6181	0.133568	0	1.336	0.177325	12.5915	1		0.0088623	12.0439	43.2357	0	0	0	
2024-06-25 02:47:30	208	491	1	0	0	3	13	0	0	0	13	0	0	2.5	13	0	0	0	13	0	0	0.433		99.9618	40.491	0.40989	0	4.10047	0.132435	12.882	1		0	12.0439	40.8967	0	0	0	
2024-06-25 02:45:56	197	492	9	0	0	2	9	0	0	0	9	0	0	5.75	9	0	0	0	9	0	0	3.247		99.9683	39.9394	0.0645192	0	0.645397	0.143289	15.2068	1		0	12.0439	41.5464	0	0	0	
2024-06-25 02:45:21	193	493	9	0	0	2	9	0	0	0	9	0	0	4.5	9	0	0	0	9	0	0	2.165		99.9717	39.9642	0.0869594	0	0.86984	0.0950309	13.6634	1		0	12.0439	41.9363	0	0	0	
2024-06-25 02:55:21	262	494	1	0	0	7	29	0	0	0	29	0	0	3.5	29	0	0	0	29	0	0	3.031		99.9551	40.3913	0.064801	0	0.648301	0.171967	14.2569	1		0	12.0439	39.8571	0	0	0	
2024-06-25 02:44:23	186	495	1	0	0	1	5	0	0	0	5	0	0	3	5	0	0	0	5	0	0	1.732		99.9661	39.5101	0.103355	0	1.0339	0.0189719	12.9923	1		0	12.0439	42.3261	0	0	0	
2024-06-25 02:42:22	172	496	5	0	0	0	1	0	0	0	1	0	0	7.25	1	0	0	0	1	0	0	6.278		99.9732	39.6283	0.0398816	0	0.398923	0.059116	18.1722	2		0.0088623	12.0439	43.8855	0	0	0	
2024-06-25 02:50:58	232	497	1	0	0	5	21	0	0	0	21	0	0	1.5	21	0	0	0	21	0	0	3.031		99.9547	40.2701	0.0665835	0	0.666137	0.908246	14.6491	1		0	12.0439	40.117	0	0	0	
2024-06-25 02:46:13	199	498	5	0	0	2	9	0	0	0	9	0	0	1.25	9	0	0	0	9	0	0	0.649		99.9671	39.9206	0.267651	0	2.67739	0.128772	12.6169	1		0	12.0439	41.4165	0	0	0	
2024-06-25 03:02:32	311	499	1	0	0	1.5	7	0	0	0	7	0	0	0.25	7	0	0	0	7	0	0	1.082		99.9599	39.6178	0.159846	0	1.5991	0.0650552	12.5593	1		0	12.0439	39.8571	0	0	0	
2024-06-25 02:42:14	171	500	1	0	0	0	1	0	0	0	1	0	0	2.5	1	0	0	0	1	0	0	2.165		99.9726	39.6525	0.0878953	0	0.879194	0.0799963	13.8103	1		0	12.0616	44.0154	0	0	0	
2024-06-25 03:01:39	305	501	1	0	0	6.25	26	0	0	0	26	0	0	1.5	26	0	0	0	26	0	0	4.113		99.9548	40.6928	0.0561203	0	0.561457	0.899584	16.7567	2		0	12.0439	39.8571	0	0	0	
2024-06-25 03:03:35	319	502	9	0	0	7.25	30	0	0	0	30	0	0	6.5	30	0	0	0	30	0	0	0.649		99.961	40.7925	0.299597	0	2.99714	0.0842871	14.1237	1		0	12.0439	39.9871	0	0	0	
2024-06-25 02:47:13	206	503	5	0	0	3	13	0	0	0	13	0	0	7.75	13	0	0	0	13	0	0	4.113		99.9648	40.5704	0.0494627	0	0.494801	0.263668	14.7674	1		0.0088623	12.0439	41.0267	0	0	0	
2024-06-25 02:47:39	209	504	5	0	0	3	13	0	0	0	13	0	0	6.5	13	0	0	0	13	0	0	3.031		99.9627	40.4866	0.0677376	0	0.677628	0.229589	14.9018	1		0	12.0439	40.8967	0	0	0	
2024-06-25 02:43:41	181	505	5	0	0	1	5	0	0	0	5	0	0	7	5	0	0	0	5	0	0	5.195		99.9673	39.4516	0.0445597	0	0.445742	0.428958	16.8041	1		0	12.0616	42.7159	0	0	0	
2024-06-25 02:52:19	241	506	5	0	0	6	25	0	0	0	25	0	0	4.75	25	0	0	0	25	0	0	1.082		99.9559	40.4457	0.177358	0	1.77437	0.183556	13.9359	1		0.0088623	12.0439	39.9871	0	0	0	
2024-06-25 02:56:25	269	507	1	0	0	7.75	32	0	0	0	32	0	0	0.25	32	0	0	0	32	0	0	6.494		99.9512	40.4694	0.0338633	0	0.338798	0.122615	15.9655	1		0	12.0439	39.8571	0	0	0	
2024-06-25 02:51:50	238	508	1	0	0	5	21	0	0	0	21	0	0	3.25	21	0	0	0	21	0	0	1.515		99.9592	40.4045	0.118004	0	1.18053	0.281286	12.9806	1		0.0088623	12.0439	40.117	0	0	0	
2024-06-25 02:48:10	213	509	5	0	0	3	13	0	0	0	13	0	0	0	13	0	0	0	13	0	0	2.598		99.9602	40.5633	0.0755463	0	0.755764	0.783681	14.2458	1		0.0088623	12.0439	40.8967	0	0	0	
2024-06-25 02:57:24	276	510	9	0	0	3.5	15	0	0	0	15	0	0	4.25	15	0	0	0	15	0	0	0.649		99.9521	39.6356	0.294301	0	2.94442	0.0137071	13.8753	1		0	12.0439	39.8571	0	0	0	
2024-06-25 02:49:29	222	511	1	0	0	4	17	0	0	0	17	0	0	1.25	17	0	0	0	17	0	0	2.381		99.9493	39.9836	0.0786872	0	0.787271	0.31887	13.6031	1		0	12.0439	40.3769	0	0	0	
2024-06-25 02:55:51	265	512	9	0	0	7.75	32	0	0	0	32	0	0	5	32	0	0	0	32	0	0	2.381		99.949	40.4787	0.0796359	0	0.796765	0.0577924	13.7671	1		0	12.0439	39.7272	0	0	0	
2024-06-25 02:56:17	268	513	1	0	0	7.75	32	0	0	0	32	0	0	3.75	32	0	0	0	32	0	0	3.464		99.9516	40.4599	0.0563933	0	0.564206	0.059444	14.1801	1		0.0088623	12.0439	39.8571	0	0	0	
2024-06-25 03:05:01	329	514	1	0	0	1.25	6	0	0	6.5	6	0	0	3	6	0	0	4.75	6	0	0	0.908		99.9599	20.6597	0.0847317	0	0.847657	0.819264	9.32048	1		0.0088623	12.0439	39.8571	0	0	0	
2024-06-25 02:53:10	247	515	5	0	0	6	25	0	0	0	25	0	0	1	25	0	0	0	25	0	0	4.33		99.947	40.2999	0.0564978	0	0.565277	0.362429	17.7587	1		0	12.0439	39.9871	0	0	0	
2024-06-25 02:50:02	226	516	1	0	0	4	17	0	0	0	17	0	0	3.25	17	0	0	0	17	0	0	0.649		99.957	40.0202	0.294075	0	2.94201	0.119111	13.8639	1		0	12.0439	40.3769	0	0	0	
2024-06-25 02:42:59	176	517	5	0	0	0	1	0	0	0	1	0	0	0.75	1	0	0	0	1	0	0	0.649		99.9756	39.6181	0.309358	0	3.09433	0.102497	14.5817	1		0.0088623	12.0439	43.2357	0	0	0	
2024-06-25 03:04:33	326	518	1	0	0	3.5	15	0	0	4.25	15	0	0	3.75	15	0	0	4	15	0	0	0.13		99.9627	19.8372	0.595076	0	5.95298	0.0641093	9.35092	1		0	11.9552	39.9871	0	0	0	
2024-06-25 02:45:40	195	519	5	0	0	2	9	0	0	0	9	0	0	5	9	0	0	0	9	0	0	2.598		99.9666	39.9722	0.0752917	0	0.753168	0.0055794	14.1969	1		0.0088623	12.0439	41.6764	0	0	0	
2024-06-25 02:45:14	192	520	1	0	0	2	9	0	0	0	9	0	0	3.75	9	0	0	0	9	0	0	1.515		99.9669	39.8477	0.123828	0	1.2387	0.439932	13.6202	1		0	12.0439	41.9363	0	0	0	
2024-06-25 02:54:31	256	521	1	0	0	7	29	0	0	0	29	0	0	2.75	29	0	0	0	29	0	0	3.68		99.9534	40.2812	0.0554642	0	0.5549	0.140585	14.8178	1		0	12.0439	39.8571	0	0	0	
2024-06-25 02:54:06	253	522	1	0	0	7	29	0	0	0	29	0	0	2.25	29	0	0	0	29	0	0	4.113		99.9546	40.3292	0.0512473	0	0.512706	0.0318996	15.3018	1		0	12.0439	39.8571	0	0	0	
2024-06-25 02:42:42	174	523	5	0	0	0	1	0	0	0	1	0	0	7.75	1	0	0	0	1	0	0	6.711		99.9752	39.6306	0.0348802	0	0.348889	0.214375	16.989	1		0	12.0616	43.4956	0	0	0	
2024-06-25 02:42:05	170	524	5	0	0	0	1	0	0	0	1	0	0	6.5	1	0	0	0	1	0	0	5.628		99.9728	39.6517	0.0410837	0	0.410949	0.242342	16.7835	1		0	12.0616	44.1454	0	0	0	
2024-06-25 02:51:05	233	525	1	0	0	5	21	0	0	0	21	0	0	0.75	21	0	0	0	21	0	0	3.68		99.9587	40.4051	0.059928	0	0.599528	0.621862	16.0095	1		0	12.0439	40.117	0	0	0	
2024-06-25 02:50:40	230	526	5	0	0	5	21	0	0	0	21	0	0	7.25	21	0	0	0	21	0	0	1.948		99.9545	40.2976	0.110768	0	1.10819	0.0865212	15.6667	1		0.0088623	12.0439	40.117	0	0	0	
2024-06-25 03:03:28	318	527	9	0	0	5.75	24	0	0	0	24	0	0	4	24	0	0	0	24	0	0	1.515		99.9583	40.9631	0.121952	0	1.22003	0.0356189	13.4149	1		0	12.0439	39.9871	0	0	0	
2024-06-25 03:00:09	294	528	9	0	0	4.5	19	0	0	0	19	0	0	5.25	19	0	0	0	19	0	0	0.649		99.9574	40.4051	0.298845	0	2.98973	0.0883135	14.0888	1		0	12.0439	39.8571	0	0	0	
2024-06-25 03:04:42	327	529	1	0	0	2.75	12	0	0	5	12	0	0	3.5	12	0	0	4.25	12	0	0	0.389		99.9582	20.6441	0.251079	0	2.51184	0.566178	11.8368	2		0	12.0439	39.9871	0	0	0	
2024-06-25 02:45:40	195	530	1	0	0	2	9	0	0	0	9	0	0	0.5	9	0	0	0	9	0	0	1.299		99.9666	39.9722	0.133441	0	1.33486	0.0699037	12.5807	1		0.0088623	12.0439	41.6764	0	0	0	
2024-06-25 02:58:54	285	531	9	0	0	0.5	3	0	0	0	3	0	0	7.25	3	0	0	0	3	0	0	5.845		99.9571	40.4568	0.0561121	0	0.561362	0.542455	23.8082	1		0	12.0439	39.7272	0	0	0	
2024-06-25 02:49:29	222	532	5	0	0	4	17	0	0	0	17	0	0	7.25	17	0	0	0	17	0	0	2.814		99.9493	39.9836	0.0753558	0	0.75394	0.458448	15.3957	1		0	12.0439	40.3769	0	0	0	
2024-06-25 02:47:39	209	533	9	0	0	3	13	0	0	0	13	0	0	5.75	13	0	0	0	13	0	0	2.381		99.9627	40.4866	0.0790669	0	0.790964	0.00584051	13.6669	1		0	12.0439	40.8967	0	0	0	
2024-06-25 02:46:47	203	534	5	0	0	3	13	0	0	0	13	0	0	4.5	13	0	0	0	13	0	0	1.299		99.9638	40.5539	0.138686	0	1.38736	0.0236107	13.0756	1		0	12.0439	41.1566	0	0	0	
2024-06-25 02:54:15	254	535	9	0	0	7	29	0	0	0	29	0	0	6.75	29	0	0	0	29	0	0	0.216		99.9535	40.2932	0.795734	0	7.96104	0.203788	12.5052	1		0	12.0439	39.8571	0	0	0	
2024-06-25 02:44:07	184	536	9	0	0	1	5	0	0	0	5	0	0	7.5	5	0	0	0	5	0	0	5.628		99.9674	39.4402	0.04045	0	0.404632	0.199427	16.5255	1		0	12.0439	42.4561	0	0	0	
2024-06-25 02:43:23	179	537	9	0	0	1	5	0	0	0	5	0	0	6.25	5	0	0	0	5	0	0	4.546		99.9698	39.4658	0.0544807	0	0.544972	0.61929	17.9768	1		0.0088623	12.0439	42.9758	0	0	0	
2024-06-25 02:52:12	240	538	9	0	0	6	25	0	0	0	25	0	0	5.25	25	0	0	0	25	0	0	0.649		99.956	40.376	0.300459	0	3.00591	0.17537	14.165	1		0	12.0439	40.117	0	0	0	
2024-06-25 02:51:59	239	539	5	0	0	6	25	0	0	0	25	0	0	4	25	0	0	0	25	0	0	1.732		99.9544	40.3989	0.108485	0	1.08535	0.0464667	13.6389	2		0	12.0439	40.117	0	0	0	
2024-06-25 02:50:20	228	540	1	0	0	5	21	0	0	0	21	0	0	2.5	21	0	0	0	21	0	0	2.165		99.9516	40.389	0.0927277	0	0.927726	0.0321277	14.5727	2		0	12.0439	40.3769	0	0	0	
2024-06-25 02:44:49	189	541	5	0	0	1	5	0	0	0	5	0	0	0.25	5	0	0	0	5	0	0	0.649		99.9716	39.3538	0.280674	0	2.80754	0.0871545	13.2302	1		0	12.0439	42.0662	0	0	0	
2024-06-25 02:49:36	223	542	1	0	0	4	17	0	0	0	17	0	0	0.5	17	0	0	0	17	0	0	3.031		99.9532	40.0764	0.0654183	0	0.65449	0.269641	14.393	1		0	12.0439	40.5069	0	0	0	
2024-06-25 02:57:06	274	543	1	0	0	7.75	32	0	0	0	32	0	0	3	32	0	0	0	32	0	0	4.113		99.9561	40.4471	0.0481877	0	0.482089	0.299439	14.388	1		0.0088623	11.9375	39.8571	0	0	0	
2024-06-25 02:53:38	250	544	1	0	0	6	25	0	0	0	25	0	0	0.25	25	0	0	0	25	0	0	4.979		99.9522	40.2922	0.0465787	0	0.46601	0.0422539	16.8362	1		0	12.0439	39.9871	0	0	0	
2024-06-25 03:01:16	302	545	1	0	0	5.25	22	0	0	0	22	0	0	2.5	22	0	0	0	22	0	0	2.381		99.9583	40.4269	0.0918188	0	0.918571	0.999741	15.8718	1		0	12.0439	39.8571	0	0	0	
2024-06-25 02:48:53	218	546	1	0	0	4	17	0	0	0	17	0	0	2.5	17	0	0	0	17	0	0	1.299		99.9519	40.0124	0.138019	0	1.38086	0.058207	13.0143	1		0	12.0439	40.6368	0	0	0	
2024-06-25 02:46:04	198	547	1	0	0	2	9	0	0	0	9	0	0	3	9	0	0	0	9	0	0	0.866		99.9694	40.025	0.204068	0	2.04131	0.0494993	12.8259	1		0.0088623	12.0439	41.5464	0	0	0	
2024-06-25 02:54:23	255	548	1	0	0	7	29	0	0	0	29	0	0	1.5	29	0	0	0	29	0	0	4.762		99.957	40.2845	0.0470832	0	0.471034	0.496223	16.2778	1		0	12.0439	39.8571	0	0	0	
2024-06-25 02:41:57	169	549	5	0	0	0	1	0	0	0	1	0	0	5.75	1	0	0	0	1	0	0	4.979		99.9674	39.6634	0.0453192	0	0.45334	0.143252	16.3784	1		0.0088623	12.0439	44.2753	0	0	0	
2024-06-25 02:41:48	168	550	5	0	0	0	1	0	0	0	1	0	0	4.5	1	0	0	0	1	0	0	3.897		99.9701	39.6667	0.0535798	0	0.535959	0.337364	15.1539	1		0	12.0616	44.5352	0	0	0	
2024-06-25 02:50:32	229	551	1	0	0	5	21	0	0	0	21	0	0	0	21	0	0	0	21	0	0	4.33		99.9537	40.3601	0.0498653	0	0.498884	0.441248	15.6729	1		0	12.0439	40.247	0	0	0	
2024-06-25 02:56:51	272	552	1	0	0	7.75	32	0	0	0	32	0	0	2.25	32	0	0	0	32	0	0	4.762		99.9508	40.4621	0.0427988	0	0.428198	0.298859	14.7975	1		0	12.0439	39.8571	0	0	0	
2024-06-25 02:50:20	228	553	5	0	0	5	21	0	0	0	21	0	0	7.75	21	0	0	0	21	0	0	2.381		99.9516	40.389	0.0814611	0	0.815005	0.0116004	14.0823	2		0	12.0439	40.3769	0	0	0	
2024-06-25 02:50:58	232	554	9	0	0	5	21	0	0	0	21	0	0	6.5	21	0	0	0	21	0	0	1.299		99.9547	40.2701	0.148599	0	1.48666	0.126109	14.0114	1		0	12.0439	40.117	0	0	0	
2024-06-25 02:47:54	211	555	1	0	0	3	13	0	0	0	13	0	0	2	13	0	0	0	13	0	0	0.866		99.9626	40.5608	0.203435	0	2.03511	0.0959158	12.787	1		0	12.0439	40.8967	0	0	0	
2024-06-25 03:00:59	300	556	1	0	0	4.5	19	0	0	0	19	0	0	3.25	19	0	0	0	19	0	0	1.082		99.9564	40.319	0.166366	0	1.66439	0.0473784	13.0721	1		0	12.0439	39.8571	0	0	0	
2024-06-25 02:55:30	263	557	9	0	0	7.75	32	0	0	0	32	0	0	7	32	0	0	0	32	0	0	0.649		99.9494	40.429	0.311574	0	3.11732	0.371033	14.69	2		0	12.0439	39.8571	0	0	0	
2024-06-25 03:03:20	317	558	9	0	0	5.5	23	0	0	0	23	0	0	4.25	23	0	0	0	23	0	0	1.082		99.9613	40.323	0.175083	0	1.75151	0.0228609	13.7563	1		0.0088623	12.0439	39.9871	0	0	0	
2024-06-25 03:01:59	307	559	1	0	0	6.75	28	0	0	0	28	0	0	1	28	0	0	0	28	0	0	4.979		99.9604	40.3982	0.0535421	0	0.535633	0.151337	19.3515	1		0.0088623	12.0439	39.8571	0	0	0	
2024-06-25 03:00:17	295	560	9	0	0	4.25	18	0	0	0	18	0	0	5.5	18	0	0	0	18	0	0	1.082		99.9532	40.5176	0.17714	0	1.77223	0.103083	13.9191	1		0	12.0439	39.8571	0	0	0	
2024-06-25 02:48:36	216	561	5	0	0	4	17	0	0	0	17	0	0	7.75	17	0	0	0	17	0	0	3.247		99.9552	40.1275	0.0609065	0	0.609338	0.00288583	14.3572	1		0	12.0439	40.6368	0	0	0	
2024-06-25 02:49:19	221	562	5	0	0	4	17	0	0	0	17	0	0	6.5	17	0	0	0	17	0	0	2.165		99.9583	40.0801	0.0890613	0	0.890984	0.42212	13.9955	1		0	12.0439	40.6368	0	0	0	
2024-06-25 02:47:04	205	563	5	0	0	3	13	0	0	0	13	0	0	5	13	0	0	0	13	0	0	1.732		99.9616	40.5174	0.104966	0	1.05006	0.0278839	13.1955	1		0	12.0439	41.1566	0	0	0	
2024-06-25 02:46:56	204	564	1	0	0	3	13	0	0	0	13	0	0	3.75	13	0	0	0	13	0	0	0.649		99.966	40.5605	0.286036	0	2.86133	0.0857029	13.4837	1		0	12.0439	41.1566	0	0	0	
2024-06-25 02:45:31	194	565	9	0	0	2	9	0	0	0	9	0	0	7	9	0	0	0	9	0	0	4.33		99.9697	39.9582	0.0495363	0	0.495513	0.167915	15.567	1		0	12.0439	41.6764	0	0	0	
2024-06-25 02:54:39	257	566	9	0	0	7	29	0	0	0	29	0	0	6	29	0	0	0	29	0	0	0.866		99.953	40.3569	0.228003	0	2.2811	0.0342186	14.3326	1		0	12.0439	39.9871	0	0	0	
2024-06-25 02:54:15	254	567	5	0	0	7	29	0	0	0	29	0	0	4.75	29	0	0	0	29	0	0	1.948		99.9535	40.2932	0.0988129	0	0.988588	0.0485996	13.9758	1		0	12.0439	39.8571	0	0	0	
2024-06-25 02:44:07	184	568	5	0	0	1	5	0	0	0	5	0	0	5.5	5	0	0	0	5	0	0	3.897		99.9674	39.4402	0.0627979	0	0.628183	0.0950399	17.7615	1		0	12.0439	42.4561	0	0	0	
2024-06-25 02:43:50	182	569	5	0	0	1	5	0	0	0	5	0	0	4.25	5	0	0	0	5	0	0	2.814		99.9688	39.44	0.0719303	0	0.719527	0.137919	14.693	1		0	12.0439	42.7159	0	0	0	
2024-06-25 02:53:27	249	570	5	0	0	6	25	0	0	0	25	0	0	3.25	25	0	0	0	25	0	0	2.381		99.9499	40.2797	0.0817213	0	0.817623	0.102033	14.1275	2		0	12.0439	39.9871	0	0	0	
2024-06-25 02:59:27	289	571	1	0	0	0.25	2	0	0	0	2	0	0	1.5	2	0	0	0	2	0	0	1.082		99.957	40.1665	0.158922	0	1.5899	0.502406	12.487	1		0	12.0439	39.7272	0	0	0	
2024-06-25 02:54:39	257	572	1	0	0	7	29	0	0	0	29	0	0	0.75	29	0	0	0	29	0	0	5.412		99.953	40.3569	0.0434948	0	0.435153	0.519008	17.0884	1		0	12.0439	39.9871	0	0	0	
2024-06-25 02:41:57	169	573	9	0	0	0	1	0	0	0	1	0	0	5	1	0	0	0	1	0	0	4.33		99.9674	39.6634	0.0495418	0	0.49558	0.00318027	15.5691	1		0.0088623	12.0439	44.2753	0	0	0	
2024-06-25 02:41:57	169	574	1	0	0	0	1	0	0	0	1	0	0	3.75	1	0	0	0	1	0	0	3.247		99.9674	39.6634	0.0616826	0	0.617027	0.167714	14.5384	1		0.0088623	12.0439	44.2753	0	0	0	
2024-06-25 03:03:44	320	575	9	0	0	7.5	31	0	0	0	31	0	0	6.25	31	0	0	0	31	0	0	1.082		99.9604	40.5819	0.174892	0	1.74961	0.190738	13.7414	1		0	12.0439	39.8571	0	0	0	
2024-06-25 03:00:41	298	576	9	0	0	6.25	26	0	0	0	26	0	0	7.5	26	0	0	0	26	0	0	1.082		99.9603	40.7924	0.176604	0	1.76674	0.207931	13.8759	1		0	12.0439	39.8571	0	0	0	
2024-06-25 02:52:45	244	577	9	0	0	6	25	0	0	0	25	0	0	7.25	25	0	0	0	25	0	0	1.082		99.9549	40.3416	0.203068	0	2.0316	0.326106	15.9561	1		0	12.0439	39.9871	0	0	0	
2024-06-25 02:56:42	271	578	1	0	0	7.75	32	0	0	0	32	0	0	1.5	32	0	0	0	32	0	0	5.412		99.9536	40.4601	0.0391193	0	0.391375	0.320984	15.3693	1		0.0088623	12.0439	39.8571	0	0	0	
2024-06-25 02:50:11	227	579	9	0	0	5	21	0	0	0	21	0	0	5.75	21	0	0	0	21	0	0	0.649		99.9531	40.4109	0.300831	0	3.00972	0.209116	14.183	1		0	12.0439	40.3769	0	0	0	
2024-06-25 02:51:05	233	580	5	0	0	5	21	0	0	0	21	0	0	4.5	21	0	0	0	21	0	0	0.433		99.9587	40.4051	0.431702	0	4.3188	0.194926	13.5679	1		0	12.0439	40.117	0	0	0	
2024-06-25 02:46:47	203	581	1	0	0	3	13	0	0	0	13	0	0	1.25	13	0	0	0	13	0	0	1.515		99.9638	40.5539	0.115725	0	1.15767	0.0381527	12.7292	1		0	12.0439	41.1566	0	0	0	
2024-06-25 02:44:40	188	582	5	0	0	1	5	0	0	0	5	0	0	2.25	5	0	0	0	5	0	0	1.082		99.9707	39.406	0.158217	0	1.58263	0.0409334	12.43	1		0.0088623	12.0439	42.1962	0	0	0	
2024-06-25 02:59:20	288	583	1	0	0	0.5	3	0	0	0	3	0	0	1.25	3	0	0	0	3	0	0	0.649		99.9545	40.374	0.280165	0	2.80293	0.0730139	13.2085	1		0	12.0439	39.8571	0	0	0	
2024-06-25 02:57:50	279	584	9	0	0	2.5	11	0	0	0	11	0	0	5.25	11	0	0	0	11	0	0	2.381		99.954	40.028	0.0938673	0	0.939105	1.67862	16.2266	4		0	12.0439	39.8571	0	0	0	
2024-06-25 02:55:51	265	585	5	0	0	7.75	32	0	0	0	32	0	0	7.5	32	0	0	0	32	0	0	0.216		99.949	40.4787	0.857502	0	8.57939	0.0828783	13.4765	1		0	12.0439	39.7272	0	0	0	
2024-06-25 02:55:42	264	586	5	0	0	7.75	32	0	0	0	32	0	0	6.25	32	0	0	0	32	0	0	1.299		99.9505	40.4042	0.149715	0	1.49789	0.0334124	14.1173	1		0.0088623	12.0439	39.8571	0	0	0	
2024-06-25 03:00:49	299	587	1	0	0	4.25	18	0	0	0	18	0	0	3.5	18	0	0	0	18	0	0	0.649		99.958	40.5543	0.293812	0	2.93935	0.0684896	13.8514	1		0	12.0439	39.8571	0	0	0	
2024-06-25 02:52:45	244	588	1	0	0	6	25	0	0	0	25	0	0	2.25	25	0	0	0	25	0	0	3.247		99.9549	40.3416	0.0637303	0	0.637591	0.40527	15.0229	1		0	12.0439	39.9871	0	0	0	
2024-06-25 03:03:12	316	589	9	0	0	5.25	22	0	0	0	22	0	0	4.5	22	0	0	0	22	0	0	0.649		99.9548	40.7022	0.298626	0	2.98761	0.0871079	14.0788	1		0	11.9375	39.8571	0	0	0	
2024-06-25 02:49:03	219	590	5	0	0	4	17	0	0	0	17	0	0	5.75	17	0	0	0	17	0	0	1.515		99.9551	39.9987	0.123464	0	1.23519	0.141381	13.5817	1		0	12.0439	40.6368	0	0	0	
2024-06-25 02:49:03	219	591	9	0	0	4	17	0	0	0	17	0	0	4.5	17	0	0	0	17	0	0	0.433		99.9551	39.9987	0.471012	0	4.71223	0.0346564	14.8039	1		0	12.0439	40.6368	0	0	0	
2024-06-25 02:42:42	174	592	1	0	0	0	1	0	0	0	1	0	0	2	1	0	0	0	1	0	0	1.732		99.9752	39.6306	0.142784	0	1.4282	0.481912	17.9473	1		0	12.0616	43.4956	0	0	0	
2024-06-25 02:45:14	192	593	9	0	0	2	9	0	0	0	9	0	0	7.5	9	0	0	0	9	0	0	4.762		99.9669	39.8477	0.0450577	0	0.450726	0.101086	15.576	1		0	12.0439	41.9363	0	0	0	
2024-06-25 02:46:04	198	594	5	0	0	2	9	0	0	0	9	0	0	6.25	9	0	0	0	9	0	0	3.68		99.9694	40.025	0.0581459	0	0.581637	0.262569	15.5318	1		0.0088623	12.0439	41.5464	0	0	0	
2024-06-25 02:54:47	258	595	5	0	0	7	29	0	0	0	29	0	0	5.25	29	0	0	0	29	0	0	1.515		99.9524	40.3842	0.124884	0	1.24944	0.0436053	13.7383	1		0	12.0439	39.9871	0	0	0	
2024-06-25 02:53:48	251	596	5	0	0	7	29	0	0	0	29	0	0	4	29	0	0	0	29	0	0	2.598		99.949	40.3412	0.0750675	0	0.751058	0.0719039	14.1571	1		0.0088623	12.0439	39.9871	0	0	0	
2024-06-25 02:44:07	184	597	1	0	0	1	5	0	0	0	5	0	0	3.5	5	0	0	0	5	0	0	2.165		99.9674	39.4402	0.0834413	0	0.834685	0.134733	13.1112	1		0	12.0439	42.4561	0	0	0	
2024-06-25 02:53:27	249	598	1	0	0	6	25	0	0	0	25	0	0	2.5	25	0	0	0	25	0	0	3.031		99.9499	40.2797	0.07432	0	0.743572	0.299492	16.352	2		0	12.0439	39.9871	0	0	0	
2024-06-25 03:03:04	315	599	1	0	0	3.75	16	0	0	0	16	0	0	2	16	0	0	0	16	0	0	1.515		99.9559	40.3943	0.123059	0	1.23113	0.663107	13.537	1		0	12.0439	39.9871	0	0	0	
2024-06-25 02:50:40	230	600	1	0	0	5	21	0	0	0	21	0	0	2	21	0	0	0	21	0	0	2.598		99.9545	40.2976	0.0756812	0	0.757157	0.317893	14.2721	1		0.0088623	12.0439	40.117	0	0	0	
2024-06-25 02:46:29	201	601	5	0	0	2	9	0	0	0	9	0	0	1.75	9	0	0	0	9	0	0	0.216		99.966	39.8934	0.721131	0	7.21376	0.0217527	11.3314	1		0	12.0439	41.2865	0	0	0	
2024-06-25 02:54:57	259	602	1	0	0	7	29	0	0	0	29	0	0	0	29	0	0	0	29	0	0	6.061		99.947	40.3174	0.0393076	0	0.393284	0.0703567	17.2975	1		0	12.0439	39.8571	0	0	0	
2024-06-25 02:41:35	167	603	1	0	0	0	1	0	0	0	1	0	0	3	1	0	0	0	1	0	0	2.598		99.9699	39.6932	0.0751209	0	0.751434	0.196299	14.1642	1		0	12.0616	44.6651	0	0	0	
2024-06-25 02:47:46	210	604	5	0	0	3	13	0	0	0	13	0	0	7	13	0	0	0	13	0	0	3.464		99.9617	40.5338	0.0588173	0	0.588398	0.127341	14.7881	1		0	12.0439	40.8967	0	0	0	
2024-06-25 02:53:01	246	605	5	0	0	6	25	0	0	0	25	0	0	7.75	25	0	0	0	25	0	0	1.515		99.9567	40.3765	0.12958	0	1.29636	0.0590698	14.2542	1		0	12.0439	39.9871	0	0	0	
2024-06-25 02:52:54	245	606	5	0	0	6	25	0	0	0	25	0	0	6.5	25	0	0	0	25	0	0	0.433		99.9536	40.3277	0.471193	0	4.71411	0.238026	14.8098	1		0	12.0439	39.9871	0	0	0	
2024-06-25 02:55:42	264	607	1	0	0	7.75	32	0	0	0	32	0	0	0.75	32	0	0	0	32	0	0	6.061		99.9505	40.4042	0.036756	0	0.367742	0.0511592	16.1741	1		0.0088623	12.0439	39.8571	0	0	0	
2024-06-25 02:51:35	236	608	5	0	0	5	21	0	0	0	21	0	0	3.75	21	0	0	0	21	0	0	1.082		99.9573	40.2647	0.170827	0	1.709	0.048915	13.4225	1		0	12.0439	40.117	0	0	0	
2024-06-25 02:47:04	205	609	1	0	0	3	13	0	0	0	13	0	0	0.5	13	0	0	0	13	0	0	2.165		99.9616	40.5174	0.0854193	0	0.854521	0.0386395	13.4228	1		0	12.0439	41.1566	0	0	0	
2024-06-25 02:44:56	190	610	1	0	0	1	5	0	0	0	5	0	0	1.5	5	0	0	0	5	0	0	0.433		99.9692	39.4376	0.421763	0	4.21893	0.0310945	13.2541	1		0.0088623	12.0439	42.0662	0	0	0	
2024-06-25 03:04:52	328	611	1	0	0	2	9	0	0	5.75	9	0	0	3.25	9	0	0	4.5	9	0	0	0.649		99.9623	20.5167	0.135678	0	1.35729	0.699689	10.6601	1		0	12.0439	39.9871	0	0	0	
2024-06-25 02:49:53	225	612	1	0	0	4	17	0	0	0	17	0	0	1.75	17	0	0	0	17	0	0	1.948		99.9551	40.0662	0.0930163	0	0.93058	0.170633	13.1558	1		0	12.0439	40.3769	0	0	0	
2024-06-25 02:59:46	291	613	1	0	0	2.5	11	0	0	0	11	0	0	3.25	11	0	0	0	11	0	0	0.649		99.9557	40.132	0.274547	0	2.74669	0.165013	12.9435	1		0	12.0439	39.8571	0	0	0	
2024-06-25 02:56:25	269	614	5	0	0	7.75	32	0	0	0	32	0	0	5.5	32	0	0	0	32	0	0	1.948		99.9512	40.4694	0.0992617	0	0.993102	0.095431	14.0397	1		0	12.0439	39.8571	0	0	0	
2024-06-25 02:56:25	269	615	9	0	0	7.75	32	0	0	0	32	0	0	4.25	32	0	0	0	32	0	0	3.031		99.9512	40.4694	0.0643333	0	0.643648	0.0644914	14.1546	1		0	12.0439	39.8571	0	0	0	
2024-06-25 02:51:59	239	616	1	0	0	6	25	0	0	0	25	0	0	1.5	25	0	0	0	25	0	0	3.897		99.9544	40.3989	0.0594475	0	0.594747	0.110016	16.8161	2		0	12.0439	40.117	0	0	0	
2024-06-25 02:48:28	215	617	9	0	0	4	17	0	0	0	17	0	0	5	17	0	0	0	17	0	0	0.866		99.9607	40.144	0.222224	0	2.22311	0.028612	13.9682	1		0	12.0439	40.6368	0	0	0	
2024-06-25 02:49:36	223	618	5	0	0	4	17	0	0	0	17	0	0	3.75	17	0	0	0	17	0	0	0.216		99.9532	40.0764	0.834268	0	8.34659	0.177139	13.1108	1		0	12.0439	40.5069	0	0	0	
2024-06-25 02:42:51	175	619	1	0	0	0	1	0	0	0	1	0	0	1.25	1	0	0	0	1	0	0	1.082		99.9746	39.6285	0.159848	0	1.59889	0.0370602	12.5577	1		0.0088623	12.0439	43.3657	0	0	0	
2024-06-25 02:45:56	197	620	5	0	0	2	9	0	0	0	9	0	0	5.5	9	0	0	0	9	0	0	3.031		99.9683	39.9394	0.111383	0	1.11418	0.76773	24.5021	1		0	12.0439	41.5464	0	0	0	
2024-06-25 02:45:05	191	621	5	0	0	2	9	0	0	0	9	0	0	4.25	9	0	0	0	9	0	0	1.948		99.9708	39.9444	0.0973012	0	0.973296	0.724384	13.7596	1		0	12.0439	41.8063	0	0	0	
2024-06-25 02:54:15	254	622	1	0	0	7	29	0	0	0	29	0	0	3.25	29	0	0	0	29	0	0	3.247		99.9535	40.2932	0.0614603	0	0.614889	0.0291	14.488	1		0	12.0439	39.8571	0	0	0	
2024-06-25 02:43:58	183	623	1	0	0	1	5	0	0	0	5	0	0	2.75	5	0	0	0	5	0	0	1.515		99.9713	39.438	0.114751	0	1.14784	0.122243	12.6212	1		0	12.0439	42.4561	0	0	0	
2024-06-25 02:42:22	172	624	9	0	0	0	1	0	0	0	1	0	0	7	1	0	0	0	1	0	0	6.061		99.9732	39.6283	0.0389183	0	0.389287	0.0649066	17.1217	2		0.0088623	12.0439	43.8855	0	0	0	
2024-06-25 02:51:23	235	625	1	0	0	5	21	0	0	0	21	0	0	1.25	21	0	0	0	21	0	0	3.247		99.9554	40.342	0.0672971	0	0.673271	0.344653	15.8636	2		0	12.0439	40.117	0	0	0	
2024-06-25 02:46:13	199	626	1	0	0	2	9	0	0	0	9	0	0	1	9	0	0	0	9	0	0	0.866		99.9671	39.9206	0.197435	0	1.975	0.0549141	12.4093	1		0	12.0439	41.4165	0	0	0	
2024-06-25 02:47:13	206	627	9	0	0	3	13	0	0	0	13	0	0	7.5	13	0	0	0	13	0	0	3.897		99.9648	40.5704	0.0524088	0	0.524272	0.285764	14.8235	1		0.0088623	12.0439	41.0267	0	0	0	
2024-06-25 02:47:30	208	628	5	0	0	3	13	0	0	0	13	0	0	6.25	13	0	0	0	13	0	0	2.814		99.9618	40.491	0.0727764	0	0.728042	0.194758	14.8669	1		0	12.0439	40.8967	0	0	0	
2024-06-25 02:53:57	252	629	5	0	0	7	29	0	0	0	29	0	0	7.25	29	0	0	0	29	0	0	0.216		99.9522	40.3456	0.745371	0	7.45727	0.678432	11.7139	1		0	12.0439	39.8571	0	0	0	
2024-06-25 02:44:23	186	630	5	0	0	1	5	0	0	0	5	0	0	6.75	5	0	0	0	5	0	0	4.979		99.9661	39.5101	0.0518838	0	0.519014	0.740025	18.7511	1		0	12.0439	42.3261	0	0	0	
2024-06-25 02:52:28	242	631	9	0	0	6	25	0	0	0	25	0	0	5.75	25	0	0	0	25	0	0	0.216		99.9508	40.3625	0.799091	0	7.99485	0.204582	12.5583	1		0	12.0439	39.9871	0	0	0	
2024-06-25 02:52:19	241	632	9	0	0	6	25	0	0	0	25	0	0	4.5	25	0	0	0	25	0	0	1.299		99.9559	40.4457	0.146661	0	1.46725	0.211169	13.8285	1		0.0088623	12.0439	39.9871	0	0	0	
2024-06-25 02:55:58	266	633	1	0	0	7.75	32	0	0	0	32	0	0	0	32	0	0	0	32	0	0	6.711		99.952	40.6363	0.0342459	0	0.342624	0.0423316	16.684	1		0	12.0439	39.9871	0	0	0	
2024-06-25 02:51:50	238	634	5	0	0	5	21	0	0	0	21	0	0	3	21	0	0	0	21	0	0	1.732		99.9592	40.4045	0.104367	0	1.0441	0.351761	13.1205	1		0.0088623	12.0439	40.117	0	0	0	
2024-06-25 02:43:50	182	635	1	0	0	1	5	0	0	0	5	0	0	0.75	5	0	0	0	5	0	0	0.216		99.9688	39.44	0.752268	0	7.52503	0.0791671	11.8203	1		0	12.0439	42.7159	0	0	0	
2024-06-25 03:01:31	304	636	1	0	0	5.75	24	0	0	0	24	0	0	2	24	0	0	0	24	0	0	3.247		99.9566	40.8628	0.0659345	0	0.659632	0.1617	15.5422	1		0	12.0439	39.8571	0	0	0	
2024-06-25 02:49:45	224	637	1	0	0	4	17	0	0	0	17	0	0	1	17	0	0	0	17	0	0	2.598		99.9536	39.9848	0.0723493	0	0.723828	0.0336679	13.6438	1		0.0088623	12.0439	40.3769	0	0	0	
2024-06-25 02:56:33	270	638	1	0	0	7.75	32	0	0	0	32	0	0	3.5	32	0	0	0	32	0	0	3.68		99.9501	40.4796	0.0526854	0	0.527117	0.200663	14.0759	1		0	12.0439	39.8571	0	0	0	
2024-06-25 02:53:18	248	639	1	0	0	6	25	0	0	0	25	0	0	0.75	25	0	0	0	25	0	0	4.546		99.9507	40.3565	0.0532948	0	0.533211	0.348755	17.5889	1		0	12.0439	39.9871	0	0	0	
2024-06-25 02:48:36	216	640	1	0	0	4	17	0	0	0	17	0	0	3	17	0	0	0	17	0	0	0.866		99.9552	40.1275	0.210335	0	2.1043	0.976769	13.2217	1		0	12.0439	40.6368	0	0	0	
2024-06-25 02:43:07	177	641	1	0	0	0	1	0	0	0	1	0	0	0.5	1	0	0	0	1	0	0	0.433		99.9761	39.6542	0.411081	0	4.1118	0.114947	12.9176	1		0	11.9375	43.2357	0	0	0	
2024-06-25 03:04:02	322	642	1	0	0	3.5	15	0	0	4.25	15	0	0	2.75	15	0	0	5	15	0	0	0.389		99.9608	19.8332	0.256732	0	2.56833	0.110586	12.103	1		0.0088623	12.0439	39.8571	0	0	0	
2024-06-25 02:45:31	194	643	1	0	0	2	9	0	0	0	9	0	0	3.5	9	0	0	0	9	0	0	1.299		99.9697	39.9582	0.14031	0	1.40352	0.0213709	13.2279	1		0	12.0439	41.6764	0	0	0	
2024-06-25 02:53:48	251	644	1	0	0	7	29	0	0	0	29	0	0	2.5	29	0	0	0	29	0	0	3.897		99.949	40.3412	0.0554839	0	0.555123	0.262935	15.6957	1		0.0088623	12.0439	39.9871	0	0	0	
2024-06-25 02:55:04	260	645	5	0	0	7	29	0	0	0	29	0	0	2	29	0	0	0	29	0	0	4.33		99.9529	40.381	0.0499821	0	0.500056	0.437657	15.7097	1		0	12.0439	39.9871	0	0	0	
2024-06-25 02:42:34	173	646	9	0	0	0	1	0	0	0	1	0	0	7.5	1	0	0	0	1	0	0	6.494		99.9726	39.6309	0.0359768	0	0.359867	0.204459	16.9583	1		0.0088623	12.0439	43.6256	0	0	0	
2024-06-25 02:42:14	171	647	9	0	0	0	1	0	0	0	1	0	0	6.25	1	0	0	0	1	0	0	5.412		99.9726	39.6525	0.043069	0	0.430808	0.137773	16.9178	1		0	12.0616	44.0154	0	0	0	
2024-06-25 02:50:11	227	648	1	0	0	5	21	0	0	0	21	0	0	0.5	21	0	0	0	21	0	0	3.897		99.9531	40.4109	0.0584276	0	0.58455	0.943033	16.5278	1		0	12.0439	40.3769	0	0	0	
2024-06-25 03:02:24	310	649	1	0	0	1.25	6	0	0	0	6	0	0	0.5	6	0	0	0	6	0	0	0.649		99.9554	40.3544	0.282261	0	2.82387	0.0406779	13.3072	1		0.0088623	12.0439	39.8571	0	0	0	
2024-06-25 02:50:40	230	650	9	0	0	5	21	0	0	0	21	0	0	7	21	0	0	0	21	0	0	1.732		99.9545	40.2976	0.11061	0	1.1066	0.156915	13.9059	1		0.0088623	12.0439	40.117	0	0	0	
2024-06-25 02:45:05	191	651	1	0	0	2	9	0	0	0	9	0	0	0.25	9	0	0	0	9	0	0	1.515		99.9708	39.9444	0.123155	0	1.23191	0.0676509	13.5456	1		0	12.0439	41.8063	0	0	0	
2024-06-25 02:49:12	220	652	5	0	0	4	17	0	0	0	17	0	0	7	17	0	0	0	17	0	0	2.598		99.9541	40.0336	0.0754476	0	0.754822	0.508399	14.2281	1		0	12.0439	40.5069	0	0	0	
2024-06-25 02:47:21	207	653	9	0	0	3	13	0	0	0	13	0	0	5.5	13	0	0	0	13	0	0	2.165		99.9661	40.5038	0.0910897	0	0.911206	0.0132621	14.3132	1		0	12.0439	41.0267	0	0	0	
2024-06-25 02:46:47	203	654	9	0	0	3	13	0	0	0	13	0	0	4.25	13	0	0	0	13	0	0	1.082		99.9638	40.5539	0.166663	0	1.66724	0.0622458	13.0944	1		0	12.0439	41.1566	0	0	0	
2024-06-25 02:54:23	255	655	9	0	0	7	29	0	0	0	29	0	0	7.75	29	0	0	0	29	0	0	0.649		99.957	40.2845	0.317235	0	3.17372	0.0920183	14.9558	1		0	12.0439	39.8571	0	0	0	
2024-06-25 02:54:06	253	656	5	0	0	7	29	0	0	0	29	0	0	6.5	29	0	0	0	29	0	0	0.433		99.9546	40.3292	0.454097	0	4.54303	0.20496	14.2724	1		0	12.0439	39.8571	0	0	0	
2024-06-25 02:44:15	185	657	9	0	0	1	5	0	0	0	5	0	0	6	5	0	0	0	5	0	0	4.33		99.9633	39.5241	0.0536329	0	0.536526	0.110444	16.8555	1		0	12.0439	42.4561	0	0	0	
2024-06-25 02:43:33	180	658	9	0	0	1	5	0	0	0	5	0	0	4.75	5	0	0	0	5	0	0	3.247		99.97	39.4633	0.0687712	0	0.687919	0.573006	16.2087	1		0	12.0439	42.8459	0	0	0	
2024-06-25 03:00:01	293	659	9	0	0	4.75	20	0	0	0	20	0	0	5	20	0	0	0	20	0	0	0.216		99.959	40.2658	0.762972	0	7.63285	0.266756	11.9896	1		0	12.0439	39.8571	0	0	0	
2024-06-25 02:52:36	243	660	5	0	0	6	25	0	0	0	25	0	0	5	25	0	0	0	25	0	0	0.866		99.9537	40.4087	0.220428	0	2.2053	0.134041	13.8563	1		0	12.0439	40.117	0	0	0	
2024-06-25 02:52:12	240	661	1	0	0	6	25	0	0	0	25	0	0	3.75	25	0	0	0	25	0	0	1.948		99.956	40.376	0.0983712	0	0.984145	0.0561607	13.913	1		0	12.0439	40.117	0	0	0	
2024-06-25 02:44:49	189	662	1	0	0	1	5	0	0	0	5	0	0	0	5	0	0	0	5	0	0	0.866		99.9716	39.3538	0.203795	0	2.03853	0.00145651	12.8084	1		0	12.0439	42.0662	0	0	0	
2024-06-25 02:58:47	284	663	9	0	0	0.75	4	0	0	0	4	0	0	7	4	0	0	0	4	0	0	5.412		99.9539	40.403	0.0425094	0	0.42529	0.510187	16.7011	1		0	12.0439	39.5972	0	0	0	
2024-06-25 02:48:45	217	664	1	0	0	4	17	0	0	0	17	0	0	0.25	17	0	0	0	17	0	0	3.247		99.9592	40.0692	0.059606	0	0.596303	0.362464	14.0501	1		0	12.0439	40.6368	0	0	0	
2024-06-25 02:57:06	274	665	5	0	0	7.75	32	0	0	0	32	0	0	2.75	32	0	0	0	32	0	0	4.33		99.9561	40.4471	0.0469014	0	0.46922	0.30068	14.741	1		0.0088623	11.9375	39.8571	0	0	0	
2024-06-25 02:53:38	250	666	5	0	0	6	25	0	0	0	25	0	0	0	25	0	0	0	25	0	0	5.195		99.9522	40.2922	0.0512341	0	0.512585	0.62342	19.324	1		0	12.0439	39.9871	0	0	0	
2024-06-25 02:46:21	200	667	1	0	0	2	9	0	0	0	9	0	0	2.75	9	0	0	0	9	0	0	0.649		99.9649	39.9208	0.284796	0	2.84896	0.212135	13.4254	1		0	12.0439	41.4165	0	0	0	
2024-06-25 02:54:57	259	668	5	0	0	7	29	0	0	0	29	0	0	1.25	29	0	0	0	29	0	0	4.979		99.947	40.3174	0.0467411	0	0.467659	0.172244	16.8957	1		0	12.0439	39.8571	0	0	0	
2024-06-25 02:42:42	174	669	9	0	0	0	1	0	0	0	1	0	0	5.5	1	0	0	0	1	0	0	4.762		99.9752	39.6306	0.0594556	0	0.594703	0.0381888	20.5515	1		0	12.0616	43.4956	0	0	0	
2024-06-25 02:41:35	167	670	5	0	0	0	1	0	0	0	1	0	0	4.25	1	0	0	0	1	0	0	3.68		99.9699	39.6932	0.0556822	0	0.55699	0.50742	14.8736	1		0	12.0616	44.6651	0	0	0	
