Time	MeasID	DPID	Channel	A(x)	A(y)	A(z)	A(adr)	B(x)	B(y)	B(z)	B(adr)	M(x)	M(y)	M(z)	M(adr)	N(x)	N(y)	N(z)	N(adr)	F(x)	F(y)	F(z)	Note	I(mA)	Uout(V)	U(V)	SP(V)	R(Ohm)	Var(%)	Rho-a(Ohm-m)	Cycles	IP Delay Window(mV/V)	Pint(V)	Pext(V)	T int(deg C)	T log(deg C)	Latitude	Longitude
2024-06-25 04:57:10	437	671	5	0	0	7.75	32	0	0	0	32	0	0	2	32	0	0	0	32	0	0	4.979		99.9473	40.4539	0.0417153	0	0.417373	0.198348	15.079	1		0.0088623	12.0439	39.8571	0	0	0	
2024-06-25 04:50:21	391	672	9	0	0	5	21	0	0	0	21	0	0	7.5	21	0	0	0	21	0	0	2.165		99.9543	40.4855	0.0887278	0	0.887684	0.157521	13.9437	1		0	12.0439	40.3769	0	0	0	
2024-06-25 04:51:12	397	673	5	0	0	5	21	0	0	0	21	0	0	6.25	21	0	0	0	21	0	0	1.082		99.9495	40.322	0.178157	0	1.78247	0.0117905	13.9995	2		0	12.0439	40.117	0	0	0	
2024-06-25 04:48:29	378	674	5	0	0	3	13	0	0	0	13	0	0	1.75	13	0	0	0	13	0	0	1.082		99.9579	40.4787	0.162632	0	1.62701	0.0735869	12.7785	1		0	12.0439	40.7668	0	0	0	
2024-06-25 04:55:54	428	675	5	0	0	7.75	32	0	0	0	32	0	0	6.75	32	0	0	0	32	0	0	0.866		99.9467	40.5039	0.229463	0	2.29585	0.0975117	14.4253	1		0	12.0439	39.8571	0	0	0	
2024-06-25 05:03:02	477	676	1	0	0	3.25	14	0	0	0	14	0	0	2.5	14	0	0	0	14	0	0	0.649		99.9531	40.649	0.274424	0	2.74553	0.197625	12.938	1		0.0088623	12.0439	39.9871	0	0	0	
2024-06-25 04:49:31	385	677	5	0	0	4	17	0	0	0	17	0	0	7.5	17	0	0	0	17	0	0	3.031		99.9562	40.0603	0.0649961	0	0.650246	0.121276	14.2997	1		0	12.0439	40.3769	0	0	0	
2024-06-25 04:49:05	382	678	5	0	0	4	17	0	0	0	17	0	0	6.25	17	0	0	0	17	0	0	1.948		99.9521	40.1377	0.0985272	0	0.985744	0.0833593	13.9356	1		0	12.0439	40.6368	0	0	0	
2024-06-25 04:48:13	376	679	5	0	0	3	13	0	0	0	13	0	0	3.5	13	0	0	0	13	0	0	0.433		99.9557	40.5074	0.424921	0	4.2511	0.140057	13.3552	1		0	12.0439	40.7668	0	0	0	
2024-06-25 04:45:39	358	680	9	0	0	2	9	0	0	0	9	0	0	6.75	9	0	0	0	9	0	0	4.113		99.9711	39.7993	0.0528189	0	0.528342	0.0171582	15.7684	1		0	12.0439	41.6764	0	0	0	
2024-06-25 04:54:03	415	681	5	0	0	7	29	0	0	0	29	0	0	5.75	29	0	0	0	29	0	0	1.082		99.9453	40.3852	0.178147	0	1.78244	0.312293	13.9993	1		0	12.0439	39.9871	0	0	0	
2024-06-25 04:55:03	422	682	5	0	0	7	29	0	0	0	29	0	0	4.5	29	0	0	0	29	0	0	2.165		99.9474	40.4841	0.0892304	0	0.892774	0.0460776	14.0237	1		0	12.0439	39.9871	0	0	0	
2024-06-25 04:44:31	350	683	9	0	0	1	5	0	0	0	5	0	0	5.25	5	0	0	0	5	0	0	3.68		99.9706	39.4553	0.0606775	0	0.606953	0.349225	16.2078	1		0	12.0439	42.3261	0	0	0	
2024-06-25 04:44:23	349	684	5	0	0	1	5	0	0	0	5	0	0	4	5	0	0	0	5	0	0	2.598		99.9712	39.4399	0.0722437	0	0.722646	0.0605353	13.6215	1		0	12.0439	42.4561	0	0	0	
2024-06-25 05:01:17	465	685	1	0	0	4.75	20	0	0	0	20	0	0	3	20	0	0	0	20	0	0	1.515		99.9539	40.1779	0.119011	0	1.19066	0.0188117	13.092	1		0.0088623	12.0439	39.9871	0	0	0	
2024-06-25 04:52:24	405	686	1	0	0	6	25	0	0	0	25	0	0	3	25	0	0	0	25	0	0	2.598		99.9484	40.4581	0.0768729	0	0.769126	0.142846	14.4977	1		0	12.0439	40.117	0	0	0	
2024-06-25 04:46:22	363	687	5	0	0	2	9	0	0	0	9	0	0	2.25	9	0	0	0	9	0	0	0.216		99.962	39.7671	0.736978	0	7.37258	0.0722163	11.5808	1		0	12.0439	41.4165	0	0	0	
2024-06-25 04:54:54	421	688	1	0	0	7	29	0	0	0	29	0	0	0.5	29	0	0	0	29	0	0	5.628		99.9463	40.4584	0.042822	0	0.42845	0.653971	17.4982	1		0	12.0439	39.9871	0	0	0	
2024-06-25 04:43:22	342	689	1	0	0	0	1	0	0	0	1	0	0	3.5	1	0	0	0	1	0	0	3.031		99.9748	39.6241	0.0700943	0	0.70112	0.996462	15.4184	1		0.0088623	12.0439	43.1058	0	0	0	
2024-06-25 05:02:54	476	690	1	0	0	1.75	8	0	0	0	8	0	0	0	8	0	0	0	8	0	0	1.515		99.9514	40.4004	0.11594	0	1.15997	0.148265	12.7545	1		0	12.0439	39.8571	0	0	0	
2024-06-25 04:52:49	408	691	9	0	0	6	25	0	0	0	25	0	0	7	25	0	0	0	25	0	0	0.866		99.9465	40.4415	0.229954	0	2.30077	0.0390496	14.4562	2		0	12.0439	40.117	0	0	0	
2024-06-25 05:02:05	470	692	1	0	0	6.5	27	0	0	0	27	0	0	1.25	27	0	0	0	27	0	0	4.546		99.9528	40.4702	0.0537827	0	0.538081	0.34706	17.7495	1		0	12.0439	39.9871	0	0	0	
2024-06-25 04:56:54	435	693	5	0	0	7.75	32	0	0	0	32	0	0	1.25	32	0	0	0	32	0	0	5.628		99.9476	40.5243	0.0389518	0	0.389722	0.144559	15.9165	1		0	12.0439	39.8571	0	0	0	
2024-06-25 04:50:55	395	694	5	0	0	5	21	0	0	0	21	0	0	5.5	21	0	0	0	21	0	0	0.433		99.95	40.3636	0.447064	0	4.47288	0.189561	14.052	1		0	12.0439	40.117	0	0	0	
2024-06-25 04:50:37	393	695	5	0	0	5	21	0	0	0	21	0	0	4.25	21	0	0	0	21	0	0	0.649		99.9512	40.4004	0.293679	0	2.93823	0.215028	13.8461	1		0	12.0439	40.247	0	0	0	
2024-06-25 04:48:04	375	696	1	0	0	3	13	0	0	0	13	0	0	1	13	0	0	0	13	0	0	1.732		99.9593	40.5713	0.1027	0	1.02742	0.0779157	12.9109	1		0	12.0439	40.8967	0	0	0	
2024-06-25 04:44:56	353	697	5	0	0	1	5	0	0	0	5	0	0	2	5	0	0	0	5	0	0	0.866		99.9661	39.4229	0.19795	0	1.98017	0.0237195	12.4418	1		0	12.0439	42.0662	0	0	0	
2024-06-25 04:58:22	445	698	9	0	0	1.75	8	0	0	0	8	0	0	6	8	0	0	0	8	0	0	3.68		99.9469	40.3934	0.0621638	0	0.621969	0.217995	16.6088	1		0	12.0439	39.8571	0	0	0	
2024-06-25 04:48:56	381	699	1	0	0	4	17	0	0	0	17	0	0	2.25	17	0	0	0	17	0	0	1.515		99.9579	40.1407	0.116278	0	1.16327	0.021078	12.7908	1		0.0088623	12.0439	40.6368	0	0	0	
2024-06-25 04:55:54	428	700	9	0	0	7.75	32	0	0	0	32	0	0	6	32	0	0	0	32	0	0	1.515		99.9467	40.5039	0.127377	0	1.27444	0.0729663	14.0132	1		0	12.0439	39.8571	0	0	0	
2024-06-25 04:56:36	433	701	9	0	0	7.75	32	0	0	0	32	0	0	4.75	32	0	0	0	32	0	0	2.598		99.951	40.5189	0.0739469	0	0.739832	0.225754	13.9455	1		0	12.0439	39.8571	0	0	0	
2024-06-25 04:53:32	412	702	5	0	0	6	25	0	0	0	25	0	0	2	25	0	0	0	25	0	0	3.464		99.947	40.2601	0.0655566	0	0.655914	0.0200247	16.4849	1		0.0088623	12.0439	39.9871	0	0	0	
2024-06-25 04:48:47	380	703	9	0	0	4	17	0	0	0	17	0	0	5.5	17	0	0	0	17	0	0	1.299		99.9564	40.1039	0.147341	0	1.47405	0.00258001	13.8926	1		0.0088623	12.0439	40.6368	0	0	0	
2024-06-25 04:49:13	383	704	9	0	0	4	17	0	0	0	17	0	0	4.25	17	0	0	0	17	0	0	0.216		99.9519	40.1064	0.855755	0	8.56167	0.0399173	13.4486	1		0.0088623	12.0439	40.5069	0	0	0	
2024-06-25 04:42:17	335	705	1	0	0	0	1	0	0	0	1	0	0	1.75	1	0	0	0	1	0	0	1.515		99.975	39.588	0.116532	0	1.16561	0.0646706	12.8166	1		0	12.0439	44.0154	0	0	0	
2024-06-25 05:04:08	485	706	1	0	0	3.75	16	0	0	4	16	0	0	3.5	16	0	0	4.25	16	0	0	0.13		99.9507	19.3728	0.605399	0	6.05697	0.0071575	9.51427	1		0	12.0439	39.9871	0	0	0	
2024-06-25 04:48:13	376	707	1	0	0	3	13	0	0	0	13	0	0	2.75	13	0	0	0	13	0	0	0.216		99.9557	40.5074	0.729019	0	7.29343	0.208624	11.4565	1		0	12.0439	40.7668	0	0	0	
2024-06-25 04:45:21	356	708	9	0	0	2	9	0	0	0	9	0	0	6	9	0	0	0	9	0	0	3.464		99.9683	39.8131	0.0647848	0	0.648054	0.043767	16.2874	1		0.0088623	12.0439	41.9363	0	0	0	
2024-06-25 04:46:05	361	709	5	0	0	2	9	0	0	0	9	0	0	4.75	9	0	0	0	9	0	0	2.381		99.9636	39.7665	0.0811154	0	0.811449	0.0204125	14.0208	1		0	12.0439	41.5464	0	0	0	
2024-06-25 04:54:38	419	710	5	0	0	7	29	0	0	0	29	0	0	5	29	0	0	0	29	0	0	1.732		99.945	40.406	0.109717	0	1.09777	0.0208269	13.795	1		0	12.0439	39.8571	0	0	0	
2024-06-25 04:55:03	422	711	1	0	0	7	29	0	0	0	29	0	0	3.75	29	0	0	0	29	0	0	2.814		99.9474	40.4841	0.0698467	0	0.698834	0.0877437	14.2704	1		0	12.0439	39.9871	0	0	0	
2024-06-25 04:44:14	348	712	1	0	0	1	5	0	0	0	5	0	0	3.25	5	0	0	0	5	0	0	1.948		99.9698	39.4203	0.0919684	0	0.919962	0.0952554	13.0057	1		0	12.0439	42.4561	0	0	0	
2024-06-25 04:57:52	442	713	9	0	0	2.75	12	0	0	0	12	0	0	5	12	0	0	0	12	0	0	1.948		99.9468	40.1605	0.0928932	0	0.929427	0.0155162	13.1395	1		0	12.0439	39.8571	0	0	0	
2024-06-25 04:51:49	401	714	5	0	0	5	21	0	0	0	21	0	0	1.75	21	0	0	0	21	0	0	2.814		99.9516	40.4477	0.0736261	0	0.736617	0.766381	15.042	1		0	12.0439	39.9871	0	0	0	
2024-06-25 04:45:30	357	715	1	0	0	2	9	0	0	0	9	0	0	1.5	9	0	0	0	9	0	0	0.433		99.9697	39.7873	0.409556	0	4.09681	0.040755	12.8705	1		0	12.0439	41.8063	0	0	0	
2024-06-25 04:43:10	341	716	5	0	0	0	1	0	0	0	1	0	0	2.75	1	0	0	0	1	0	0	2.381		99.9729	39.5805	0.128763	0	1.28798	0.363406	22.2547	2		0	12.0439	43.2357	0	0	0	
2024-06-25 04:57:43	441	717	9	0	0	3.25	14	0	0	0	14	0	0	4.5	14	0	0	0	14	0	0	1.082		99.9496	40.602	0.16588	0	1.65963	0.0706723	13.0347	1		0	12.0439	39.8571	0	0	0	
2024-06-25 04:47:56	374	718	5	0	0	3	13	0	0	0	13	0	0	6.75	13	0	0	0	13	0	0	3.247		99.9607	40.5138	0.0647361	0	0.647615	0.0330915	15.2591	1		0	12.0439	40.8967	0	0	0	
2024-06-25 04:43:49	345	719	5	0	0	1	5	0	0	0	5	0	0	7.25	5	0	0	0	5	0	0	5.412		99.9743	39.4317	0.0592825	0	0.592977	0.75911	23.2861	1		0	12.0439	42.7159	0	0	0	
2024-06-25 04:52:32	406	720	5	0	0	6	25	0	0	0	25	0	0	7.5	25	0	0	0	25	0	0	1.299		99.9467	40.4449	0.148188	0	1.48267	0.00579595	13.9738	1		0.0088623	12.0439	39.9871	0	0	0	
2024-06-25 04:53:00	409	721	9	0	0	6	25	0	0	0	25	0	0	6.25	25	0	0	0	25	0	0	0.216		99.9459	40.3895	0.813382	0	8.13823	0.0181827	12.7835	2		0	12.0439	39.9871	0	0	0	
2024-06-25 04:55:45	427	722	1	0	0	7.75	32	0	0	0	32	0	0	0.5	32	0	0	0	32	0	0	6.278		99.9475	40.5157	0.0361486	0	0.361676	0.0229998	16.4755	1		0	12.0439	39.8571	0	0	0	
2024-06-25 04:51:04	396	723	1	0	0	5	21	0	0	0	21	0	0	3.5	21	0	0	0	21	0	0	1.299		99.9456	40.3556	0.137848	0	1.37923	0.0699836	12.999	1		0	12.0439	40.117	0	0	0	
2024-06-25 04:48:21	377	724	1	0	0	3	13	0	0	0	13	0	0	0.25	13	0	0	0	13	0	0	2.381		99.9593	40.5311	0.0764647	0	0.764959	0.0510337	13.2175	1		0	12.0439	40.7668	0	0	0	
2024-06-25 04:44:38	351	725	5	0	0	1	5	0	0	0	5	0	0	1.25	5	0	0	0	5	0	0	0.216		99.9705	39.5242	0.742502	0	7.42722	0.0738775	11.6666	1		0	12.0439	42.3261	0	0	0	
2024-06-25 04:49:13	383	726	1	0	0	4	17	0	0	0	17	0	0	1.5	17	0	0	0	17	0	0	2.165		99.9519	40.1064	0.0834697	0	0.835099	0.135118	13.1177	1		0.0088623	12.0439	40.5069	0	0	0	
2024-06-25 04:58:29	446	727	9	0	0	1.5	7	0	0	0	7	0	0	6.25	7	0	0	0	7	0	0	4.113		99.9448	39.5889	0.0606541	0	0.606876	1.55381	18.1123	4		0	12.0439	39.8571	0	0	0	
2024-06-25 04:56:29	432	728	9	0	0	7.75	32	0	0	0	32	0	0	5.25	32	0	0	0	32	0	0	2.165		99.9507	40.4523	0.0875201	0	0.875633	0.0867739	13.7544	1		0.0088623	12.0439	39.8571	0	0	0	
2024-06-25 04:56:20	431	729	5	0	0	7.75	32	0	0	0	32	0	0	4	32	0	0	0	32	0	0	3.247		99.9456	40.4496	0.0595765	0	0.596089	0.149292	14.045	1		0	12.0439	39.8571	0	0	0	
2024-06-25 04:53:32	412	730	1	0	0	6	25	0	0	0	25	0	0	1.25	25	0	0	0	25	0	0	4.113		99.947	40.2601	0.0585614	0	0.585925	0.937952	17.487	1		0.0088623	12.0439	39.9871	0	0	0	
2024-06-25 04:49:47	387	731	1	0	0	4	17	0	0	0	17	0	0	3.5	17	0	0	0	17	0	0	0.433		99.9551	40.0346	0.457892	0	4.58098	0.0545901	14.3916	1		0	12.0439	40.5069	0	0	0	
2024-06-25 04:42:34	337	732	1	0	0	0	1	0	0	0	1	0	0	1	1	0	0	0	1	0	0	0.866		99.9733	39.6329	0.203662	0	2.03717	0.0817089	12.7999	2		0.0088623	12.0439	43.7555	0	0	0	
2024-06-25 04:45:47	359	733	5	0	0	2	9	0	0	0	9	0	0	5.25	9	0	0	0	9	0	0	2.814		99.9667	39.7975	0.0779617	0	0.779877	0.465152	15.9254	1		0	12.0439	41.6764	0	0	0	
2024-06-25 04:46:05	361	734	9	0	0	2	9	0	0	0	9	0	0	4	9	0	0	0	9	0	0	1.732		99.9636	39.7665	0.103971	0	1.04009	0.0633641	13.0701	1		0	12.0439	41.5464	0	0	0	
2024-06-25 05:03:10	478	735	1	0	0	3.5	15	0	0	0	15	0	0	2.25	15	0	0	0	15	0	0	1.082		99.9599	39.9099	0.161992	0	1.62057	0.0999197	12.7279	1		0	12.0439	39.9871	0	0	0	
2024-06-25 04:55:36	426	736	1	0	0	7	29	0	0	0	29	0	0	3	29	0	0	0	29	0	0	3.464		99.9438	40.4525	0.058537	0	0.5857	0.10883	14.7202	1		0	12.0439	39.9871	0	0	0	
2024-06-25 04:44:48	352	737	5	0	0	1	5	0	0	0	5	0	0	2.5	5	0	0	0	5	0	0	1.299		99.9677	39.4523	0.136797	0	1.36841	0.238117	12.897	1		0	12.0439	42.1962	0	0	0	
2024-06-25 04:42:25	336	738	5	0	0	0	1	0	0	0	1	0	0	6.75	1	0	0	0	1	0	0	5.845		99.9731	39.6048	0.0403451	0	0.403559	0.259011	17.1156	1		0	12.0616	43.8855	0	0	0	
2024-06-25 04:59:47	454	739	1	0	0	2.75	12	0	0	0	12	0	0	3	12	0	0	0	12	0	0	0.216		99.949	40.0044	0.732069	0	7.32443	0.0805233	11.5052	1		0	12.0439	39.8571	0	0	0	
2024-06-25 04:51:33	399	740	5	0	0	5	21	0	0	0	21	0	0	1	21	0	0	0	21	0	0	3.464		99.9455	40.3334	0.0621482	0	0.621821	0.567762	15.6281	1		0	12.0439	40.117	0	0	0	
2024-06-25 05:05:25	494	741	1	0	0	0.5	3	0	0	7.25	3	0	0	2.75	3	0	0	5	3	0	0	1.168		99.9547	20.8461	0.0689687	0	0.689999	0.065778	9.75464	2		0	11.9552	39.9871	0	0	0	
2024-06-25 05:00:36	460	742	9	0	0	6.75	28	0	0	0	28	0	0	7	28	0	0	0	28	0	0	0.216		99.9516	40.1288	0.796284	0	7.9667	0.146976	12.5141	1		0	12.0439	39.8571	0	0	0	
2024-06-25 04:45:47	359	743	1	0	0	2	9	0	0	0	9	0	0	0.75	9	0	0	0	9	0	0	1.082		99.9667	39.7975	0.157677	0	1.5773	0.129187	12.388	1		0	12.0439	41.6764	0	0	0	
2024-06-25 04:47:56	374	744	9	0	0	3	13	0	0	0	13	0	0	6	13	0	0	0	13	0	0	2.598		99.9607	40.5138	0.0756425	0	0.756723	0.0450426	14.2639	1		0	12.0439	40.8967	0	0	0	
2024-06-25 04:47:22	370	745	9	0	0	3	13	0	0	0	13	0	0	4.75	13	0	0	0	13	0	0	1.515		99.9575	40.5376	0.119976	0	1.20027	0.0534828	13.1977	1		0	12.0439	41.0267	0	0	0	
2024-06-25 04:44:14	348	746	5	0	0	1	5	0	0	0	5	0	0	7.75	5	0	0	0	5	0	0	5.845		99.9698	39.4203	0.0385134	0	0.38525	0.118807	16.339	1		0	12.0439	42.4561	0	0	0	
2024-06-25 04:44:06	347	747	5	0	0	1	5	0	0	0	5	0	0	6.5	5	0	0	0	5	0	0	4.762		99.9721	39.4079	0.0508306	0	0.508448	0.5492	17.5707	1		0	12.0439	42.586	0	0	0	
2024-06-25 04:52:41	407	748	5	0	0	6	25	0	0	0	25	0	0	5.5	25	0	0	0	25	0	0	0.433		99.9463	40.4357	0.458516	0	4.58763	0.139406	14.4125	1		0	12.0439	40.117	0	0	0	
2024-06-25 04:52:06	403	749	5	0	0	6	25	0	0	0	25	0	0	4.25	25	0	0	0	25	0	0	1.515		99.9497	40.5364	0.126829	0	1.26892	0.28873	13.9526	1		0	12.0439	40.117	0	0	0	
2024-06-25 04:51:41	400	750	1	0	0	5	21	0	0	0	21	0	0	2.75	21	0	0	0	21	0	0	1.948		99.9481	40.4188	0.0931967	0	0.932451	0.0193751	13.1822	1		0	12.0439	40.117	0	0	0	
2024-06-25 04:44:23	349	751	1	0	0	1	5	0	0	0	5	0	0	0.5	5	0	0	0	5	0	0	0.433		99.9712	39.4399	0.429389	0	4.29513	0.134283	13.4935	1		0	12.0439	42.4561	0	0	0	
2024-06-25 04:50:03	389	752	1	0	0	4	17	0	0	0	17	0	0	0.75	17	0	0	0	17	0	0	2.814		99.9567	40.101	0.0686857	0	0.687155	0.364862	14.0319	1		0.0088623	12.0439	40.3769	0	0	0	
2024-06-25 04:56:45	434	753	1	0	0	7.75	32	0	0	0	32	0	0	3.25	32	0	0	0	32	0	0	3.897		99.9486	40.4689	0.0502742	0	0.503001	0.27272	14.222	1		0	12.0439	39.8571	0	0	0	
2024-06-25 05:04:41	489	754	1	0	0	2.75	12	0	0	5	12	0	0	0.5	12	0	0	7.25	12	0	0	1.168		99.9548	20.6986	0.069867	0	0.698986	0.251938	9.88169	1		0	12.0439	39.9871	0	0	0	
2024-06-25 04:58:46	447	755	9	0	0	1.25	6	0	0	0	6	0	0	6.5	6	0	0	0	6	0	0	4.546		99.9495	40.2882	0.0518266	0	0.518528	0.434926	17.1046	1		0	12.0439	39.8571	0	0	0	
2024-06-25 04:53:40	413	756	5	0	0	6	25	0	0	0	25	0	0	0.5	25	0	0	0	25	0	0	4.762		99.9458	40.32	0.0529599	0	0.529886	0.337323	18.3116	2		0	12.0439	39.9871	0	0	0	
2024-06-25 04:49:05	382	757	1	0	0	4	17	0	0	0	17	0	0	2.75	17	0	0	0	17	0	0	1.082		99.9521	40.1377	0.163992	0	1.64071	0.00527044	12.8861	1		0	12.0439	40.6368	0	0	0	
2024-06-25 04:42:55	339	758	1	0	0	0	1	0	0	0	1	0	0	0.25	1	0	0	0	1	0	0	0.216		99.9736	39.6292	0.738208	0	7.38403	0.00788365	11.5988	1		0	12.0439	43.3657	0	0	0	
2024-06-25 04:46:29	364	759	5	0	0	2	9	0	0	0	9	0	0	3.25	9	0	0	0	9	0	0	1.082		99.9663	39.8245	0.162471	0	1.62525	0.0659337	12.7647	1		0	12.0439	41.4165	0	0	0	
2024-06-25 04:54:30	418	760	1	0	0	7	29	0	0	0	29	0	0	1.75	29	0	0	0	29	0	0	4.546		99.9455	40.4306	0.0501238	0	0.501512	0.258028	16.5432	1		0.0088623	12.0439	39.8571	0	0	0	
2024-06-25 04:42:09	334	761	5	0	0	0	1	0	0	0	1	0	0	6	1	0	0	0	1	0	0	5.195		99.9746	39.5886	0.050883	0	0.50896	0.0328318	19.1873	1		0.0088623	12.0439	44.1454	0	0	0	
2024-06-25 04:41:38	331	762	5	0	0	0	1	0	0	0	1	0	0	4.75	1	0	0	0	1	0	0	4.113		99.9713	39.6448	0.0515492	0	0.51564	0.394808	15.3893	1		0	12.0439	44.6651	0	0	0	
2024-06-25 05:02:20	472	763	1	0	0	7.25	30	0	0	0	30	0	0	0.5	30	0	0	0	30	0	0	5.845		99.9513	40.6009	0.0487637	0	0.487874	0.428682	20.6915	1		0	11.9375	39.9871	0	0	0	
2024-06-25 04:51:33	399	764	1	0	0	5	21	0	0	0	21	0	0	0.25	21	0	0	0	21	0	0	4.113		99.9455	40.3334	0.0506252	0	0.506528	0.336707	15.1174	1		0	12.0439	40.117	0	0	0	
2024-06-25 04:51:25	398	765	5	0	0	5	21	0	0	0	21	0	0	6.75	21	0	0	0	21	0	0	1.515		99.9512	40.338	0.130423	0	1.30487	0.300174	14.3478	1		0	12.0439	40.117	0	0	0	
2024-06-25 04:48:29	378	766	1	0	0	3	13	0	0	0	13	0	0	2.25	13	0	0	0	13	0	0	0.649		99.9579	40.4787	0.274334	0	2.74449	0.136366	12.9331	1		0	12.0439	40.7668	0	0	0	
2024-06-25 04:46:05	361	767	1	0	0	2	9	0	0	0	9	0	0	0	9	0	0	0	9	0	0	1.732		99.9636	39.7665	0.134943	0	1.34992	0.394764	16.9636	1		0	12.0439	41.5464	0	0	0	
2024-06-25 05:00:44	461	768	9	0	0	6.5	27	0	0	0	27	0	0	7.25	27	0	0	0	27	0	0	0.649		99.948	40.3538	0.305263	0	3.05422	0.0766712	14.3927	1		0.0088623	12.0439	39.8571	0	0	0	
2024-06-25 04:56:02	429	769	9	0	0	7.75	32	0	0	0	32	0	0	7.25	32	0	0	0	32	0	0	0.433		99.9477	40.4688	0.45427	0	4.54508	0.327093	14.2788	1		0	12.0439	39.8571	0	0	0	
2024-06-25 05:02:29	473	770	1	0	0	7.5	31	0	0	0	31	0	0	0.25	31	0	0	0	31	0	0	6.278		99.9512	40.4225	0.0356841	0	0.357015	0.258495	16.2631	1		0	12.0439	39.8571	0	0	0	
2024-06-25 04:59:22	451	771	1	0	0	0.75	4	0	0	0	4	0	0	1	4	0	0	0	4	0	0	0.216		99.9467	40.1371	0.752936	0	7.53337	0.045432	11.8334	1		0	12.0439	39.8571	0	0	0	
2024-06-25 05:01:37	467	772	1	0	0	5.5	23	0	0	0	23	0	0	2.25	23	0	0	0	23	0	0	2.814		99.9486	40.0104	0.081005	0	0.810466	0.446086	16.55	1		0	12.0439	39.8571	0	0	0	
2024-06-25 04:49:31	385	773	9	0	0	4	17	0	0	0	17	0	0	6.75	17	0	0	0	17	0	0	2.381		99.9562	40.0603	0.0825044	0	0.825406	0.0656599	14.262	1		0	12.0439	40.3769	0	0	0	
2024-06-25 04:47:38	372	774	5	0	0	3	13	0	0	0	13	0	0	5.25	13	0	0	0	13	0	0	1.948		99.957	40.5449	0.0964472	0	0.964887	0.039903	13.6408	1		0	12.0439	41.0267	0	0	0	
2024-06-25 04:47:22	370	775	5	0	0	3	13	0	0	0	13	0	0	4	13	0	0	0	13	0	0	0.866		99.9575	40.5376	0.211606	0	2.11696	0.061078	13.3012	1		0	12.0439	41.0267	0	0	0	
2024-06-25 04:45:30	357	776	5	0	0	2	9	0	0	0	9	0	0	7.25	9	0	0	0	9	0	0	4.546		99.9697	39.7873	0.0531957	0	0.532119	0.110322	17.5528	1		0	12.0439	41.8063	0	0	0	
2024-06-25 04:54:12	416	777	9	0	0	7	29	0	0	0	29	0	0	7.5	29	0	0	0	29	0	0	0.433		99.9424	40.3259	0.442422	0	4.42678	0.305661	13.9071	1		0	12.0439	39.8571	0	0	0	
2024-06-25 04:54:38	419	778	9	0	0	7	29	0	0	0	29	0	0	6.25	29	0	0	0	29	0	0	0.649		99.945	40.406	0.305945	0	3.06113	0.196747	14.4252	1		0	12.0439	39.8571	0	0	0	
2024-06-25 04:44:14	348	779	9	0	0	1	5	0	0	0	5	0	0	5.75	5	0	0	0	5	0	0	4.113		99.9698	39.4203	0.0520793	0	0.52095	0.124851	15.5478	1		0	12.0439	42.4561	0	0	0	
2024-06-25 04:43:31	343	780	9	0	0	1	5	0	0	0	5	0	0	4.5	5	0	0	0	5	0	0	3.031		99.9701	39.464	0.0701814	0	0.702024	0.209302	15.4383	1		0	12.0616	42.9758	0	0	0	
2024-06-25 04:52:14	404	781	1	0	0	6	25	0	0	0	25	0	0	3.5	25	0	0	0	25	0	0	2.165		99.9459	40.4903	0.0864458	0	0.864926	0.155374	13.5862	1		0	12.0439	40.117	0	0	0	
2024-06-25 04:48:39	379	782	1	0	0	4	17	0	0	0	17	0	0	0	17	0	0	0	17	0	0	3.464		99.9549	40.0317	0.0606683	0	0.606957	0.0886435	15.2545	1		0	12.0439	40.6368	0	0	0	
2024-06-25 04:57:18	438	783	1	0	0	7.75	32	0	0	0	32	0	0	2.5	32	0	0	0	32	0	0	4.546		99.9493	40.4373	0.0462527	0	0.462762	0.563294	15.265	1		0	12.0439	39.8571	0	0	0	
2024-06-25 04:46:46	366	784	1	0	0	2	9	0	0	0	9	0	0	2.5	9	0	0	0	9	0	0	0.433		99.9698	39.8452	0.404501	0	4.04623	0.105298	12.7116	1		0	12.0439	41.4165	0	0	0	
2024-06-25 04:55:11	423	785	1	0	0	7	29	0	0	0	29	0	0	1	29	0	0	0	29	0	0	5.195		99.9434	40.4224	0.0452525	0	0.452782	0.0871754	17.0695	1		0	12.0439	39.8571	0	0	0	
2024-06-25 04:41:51	332	786	5	0	0	0	1	0	0	0	1	0	0	5.25	1	0	0	0	1	0	0	4.546		99.9769	39.6167	0.0496621	0	0.496736	0.283779	16.3857	1		0	12.0439	44.5352	0	0	0	
2024-06-25 04:42:17	335	787	5	0	0	0	1	0	0	0	1	0	0	4	1	0	0	0	1	0	0	3.464		99.975	39.588	0.0610964	0	0.611116	0.215012	15.359	1		0	12.0439	44.0154	0	0	0	
2024-06-25 04:57:10	437	788	1	0	0	7.75	32	0	0	0	32	0	0	1.75	32	0	0	0	32	0	0	5.195		99.9473	40.4539	0.0413408	0	0.413626	0.0112735	15.5933	1		0.0088623	12.0439	39.8571	0	0	0	
2024-06-25 04:51:04	396	789	9	0	0	5	21	0	0	0	21	0	0	6	21	0	0	0	21	0	0	0.866		99.9456	40.3556	0.221818	0	2.21939	0.0722081	13.9448	1		0	12.0439	40.117	0	0	0	
2024-06-25 04:50:46	394	790	5	0	0	5	21	0	0	0	21	0	0	4.75	21	0	0	0	21	0	0	0.216		99.9529	40.3786	0.764048	0	7.64408	0	12.0073	1		0	12.0439	40.247	0	0	0	
2024-06-25 04:47:04	368	791	1	0	0	3	13	0	0	0	13	0	0	1.5	13	0	0	0	13	0	0	1.299		99.9606	40.554	0.133426	0	1.33478	0.00969344	12.58	1		0	12.0439	41.1566	0	0	0	
2024-06-25 04:55:45	427	792	5	0	0	7.75	32	0	0	0	32	0	0	6.5	32	0	0	0	32	0	0	1.082		99.9475	40.5157	0.180191	0	1.80286	0.246898	14.1596	1		0	12.0439	39.8571	0	0	0	
2024-06-25 04:58:12	444	793	9	0	0	2.25	10	0	0	0	10	0	0	5.5	10	0	0	0	10	0	0	2.814		99.9451	40.6345	0.0814621	0	0.815069	0.302597	16.644	1		0	12.0439	39.8571	0	0	0	
2024-06-25 05:04:33	488	794	1	0	0	3	13	0	0	4.75	13	0	0	1.25	13	0	0	6.5	13	0	0	0.908		99.9556	20.9815	0.0844095	0	0.84447	0.12142	9.28543	1		0	12.0439	39.9871	0	0	0	
2024-06-25 04:49:13	383	795	5	0	0	4	17	0	0	0	17	0	0	6	17	0	0	0	17	0	0	1.732		99.9519	40.1064	0.108842	0	1.08895	0.0963304	13.6841	1		0.0088623	12.0439	40.5069	0	0	0	
2024-06-25 04:48:39	379	796	9	0	0	4	17	0	0	0	17	0	0	4.75	17	0	0	0	17	0	0	0.649		99.9549	40.0317	0.307695	0	3.07833	0.186421	14.5063	1		0	12.0439	40.6368	0	0	0	
2024-06-25 04:42:25	336	797	1	0	0	0	1	0	0	0	1	0	0	2.25	1	0	0	0	1	0	0	1.948		99.9731	39.6048	0.107069	0	1.07098	0.158347	15.1406	1		0	12.0616	43.8855	0	0	0	
2024-06-25 05:04:24	487	798	1	0	0	3.25	14	0	0	4.5	14	0	0	2	14	0	0	5.75	14	0	0	0.649		99.9567	20.7842	0.137187	0	1.37247	0.378236	10.7793	1		0.0088623	12.0439	39.8571	0	0	0	
2024-06-25 04:47:12	369	799	1	0	0	3	13	0	0	0	13	0	0	3.25	13	0	0	0	13	0	0	0.216		99.9592	40.5339	0.751023	0	7.5133	0.116714	11.8019	1		0	12.0439	41.0267	0	0	0	
2024-06-25 04:45:55	360	800	5	0	0	2	9	0	0	0	9	0	0	7.75	9	0	0	0	9	0	0	4.979		99.9662	39.7895	0.042682	0	0.426965	0.301798	15.4255	1		0	12.0439	41.6764	0	0	0	
2024-06-25 04:45:13	355	801	1	0	0	2	9	0	0	0	9	0	0	6.5	9	0	0	0	9	0	0	3.897		99.968	39.8335	0.0543814	0	0.543988	0.216538	15.3809	1		0	12.0439	41.9363	0	0	0	
2024-06-25 04:54:03	415	802	9	0	0	7	29	0	0	0	29	0	0	5.5	29	0	0	0	29	0	0	1.299		99.9453	40.3852	0.147478	0	1.47559	0.261391	13.9071	1		0	12.0439	39.9871	0	0	0	
2024-06-25 04:54:54	421	803	9	0	0	7	29	0	0	0	29	0	0	4.25	29	0	0	0	29	0	0	2.381		99.9463	40.4584	0.0821913	0	0.822355	0.18023	14.2093	1		0	12.0439	39.9871	0	0	0	
2024-06-25 04:44:23	349	804	9	0	0	1	5	0	0	0	5	0	0	5	5	0	0	0	5	0	0	3.464		99.9712	39.4399	0.0614241	0	0.614418	0.147774	15.442	1		0	12.0439	42.4561	0	0	0	
2024-06-25 04:43:57	346	805	1	0	0	1	5	0	0	0	5	0	0	3.75	5	0	0	0	5	0	0	2.381		99.9711	39.421	0.0797312	0	0.797542	0.0900828	13.7805	1		0	12.0616	42.7159	0	0	0	
2024-06-25 04:53:51	414	806	1	0	0	6	25	0	0	0	25	0	0	2.75	25	0	0	0	25	0	0	2.814		99.947	40.349	0.0703962	0	0.704335	0.111924	14.3828	2		0	12.0439	39.9871	0	0	0	
2024-06-25 04:50:55	395	807	1	0	0	5	21	0	0	0	21	0	0	2.25	21	0	0	0	21	0	0	2.381		99.95	40.3636	0.0788986	0	0.789381	0.00793604	13.6395	1		0	12.0439	40.117	0	0	0	
2024-06-25 04:54:38	419	808	1	0	0	7	29	0	0	0	29	0	0	0.25	29	0	0	0	29	0	0	5.845		99.945	40.406	0.0395179	0	0.395397	0.246039	16.7694	1		0	12.0439	39.8571	0	0	0	
2024-06-25 04:42:09	334	809	1	0	0	0	1	0	0	0	1	0	0	3.25	1	0	0	0	1	0	0	2.814		99.9746	39.5886	0.0690287	0	0.690463	0.103803	14.0995	1		0.0088623	12.0439	44.1454	0	0	0	
2024-06-25 04:47:12	369	810	5	0	0	3	13	0	0	0	13	0	0	7.25	13	0	0	0	13	0	0	3.68		99.9592	40.5339	0.0670095	0	0.670369	0.341687	17.9012	1		0	12.0439	41.0267	0	0	0	
2024-06-25 04:52:14	404	811	5	0	0	6	25	0	0	0	25	0	0	6.75	25	0	0	0	25	0	0	0.649		99.9459	40.4903	0.316064	0	3.16235	0.246311	14.9022	1		0	12.0439	40.117	0	0	0	
2024-06-25 04:57:27	439	812	9	0	0	3.75	16	0	0	0	16	0	0	4	16	0	0	0	16	0	0	0.216		99.9431	40.0976	0.844786	0	8.45267	0.070227	13.2774	1		0	12.0439	39.8571	0	0	0	
2024-06-25 04:56:02	429	813	1	0	0	7.75	32	0	0	0	32	0	0	1	32	0	0	0	32	0	0	5.845		99.9477	40.4688	0.0378786	0	0.378984	0.507097	16.0733	1		0	12.0439	39.8571	0	0	0	
2024-06-25 04:50:46	394	814	9	0	0	5	21	0	0	0	21	0	0	5.25	21	0	0	0	21	0	0	0.216		99.9529	40.3786	0.785052	0	7.85422	0	12.3374	1		0	12.0439	40.247	0	0	0	
2024-06-25 04:50:37	393	815	9	0	0	5	21	0	0	0	21	0	0	4	21	0	0	0	21	0	0	0.866		99.9512	40.4004	0.21928	0	2.19387	0.688173	13.7845	1		0	12.0439	40.247	0	0	0	
2024-06-25 04:47:22	370	816	1	0	0	3	13	0	0	0	13	0	0	0.75	13	0	0	0	13	0	0	1.948		99.9575	40.5376	0.0922986	0	0.923379	0.00827728	13.054	1		0	12.0439	41.0267	0	0	0	
2024-06-25 04:44:56	353	817	1	0	0	1	5	0	0	0	5	0	0	1.75	5	0	0	0	5	0	0	0.649		99.9661	39.4229	0.277114	0	2.77208	0.0395608	13.0631	1		0	12.0439	42.0662	0	0	0	
2024-06-25 04:49:23	384	818	1	0	0	4	17	0	0	0	17	0	0	2	17	0	0	0	17	0	0	1.732		99.9519	40.0851	0.10354	0	1.03589	0.0536692	13.0174	1		0	12.0439	40.5069	0	0	0	
2024-06-25 04:56:11	430	819	9	0	0	7.75	32	0	0	0	32	0	0	5.75	32	0	0	0	32	0	0	1.732		99.9422	40.4688	0.110389	0	1.10453	0.00867588	13.8799	1		0	12.0439	39.8571	0	0	0	
2024-06-25 04:56:36	433	820	5	0	0	7.75	32	0	0	0	32	0	0	4.5	32	0	0	0	32	0	0	2.814		99.951	40.5189	0.068612	0	0.686456	0.225847	14.0177	1		0	12.0439	39.8571	0	0	0	
2024-06-25 05:00:02	456	821	1	0	0	2.25	10	0	0	0	10	0	0	3.5	10	0	0	0	10	0	0	1.082		99.951	40.6933	0.161982	0	1.62061	0.0431604	12.7283	1		0.0088623	11.9375	39.8571	0	0	0	
2024-06-25 04:59:13	450	822	9	0	0	0.25	2	0	0	0	2	0	0	7.5	2	0	0	0	2	0	0	6.278		99.9458	39.8733	0.0368725	0	0.368925	0.309956	16.8057	1		0	12.0439	39.7272	0	0	0	
2024-06-25 04:53:12	410	823	1	0	0	6	25	0	0	0	25	0	0	1.75	25	0	0	0	25	0	0	3.68		99.9471	40.3708	0.0646009	0	0.64635	0.044033	17.2598	2		0	12.0439	39.9871	0	0	0	
2024-06-25 04:48:56	381	824	5	0	0	4	17	0	0	0	17	0	0	5.25	17	0	0	0	17	0	0	1.082		99.9579	40.1407	0.176145	0	1.76219	0.0189314	13.8402	1		0.0088623	12.0439	40.6368	0	0	0	
2024-06-25 04:42:45	338	825	1	0	0	0	1	0	0	0	1	0	0	1.5	1	0	0	0	1	0	0	1.299		99.9804	39.6503	0.133387	0	1.33414	0.0878147	12.5739	1		0.0088623	12.0439	43.4956	0	0	0	
2024-06-25 04:47:29	371	826	1	0	0	3	13	0	0	0	13	0	0	2.5	13	0	0	0	13	0	0	0.433		99.9628	40.5865	0.408309	0	4.08461	0.14916	12.8322	1		0	11.9375	41.1566	0	0	0	
2024-06-25 04:45:21	356	827	5	0	0	2	9	0	0	0	9	0	0	5.75	9	0	0	0	9	0	0	3.247		99.9683	39.8131	0.0646703	0	0.646909	0.0322782	15.2424	1		0.0088623	12.0439	41.9363	0	0	0	
2024-06-25 04:46:13	362	828	5	0	0	2	9	0	0	0	9	0	0	4.5	9	0	0	0	9	0	0	2.165		99.9603	39.7695	0.0870248	0	0.870594	0.168596	13.6753	1		0	12.0439	41.5464	0	0	0	
2024-06-25 04:55:20	424	829	5	0	0	7	29	0	0	0	29	0	0	3.5	29	0	0	0	29	0	0	3.031		99.9414	40.4034	0.0648683	0	0.649064	0.376148	14.2737	1		0	12.0439	39.8571	0	0	0	
2024-06-25 04:44:31	350	830	1	0	0	1	5	0	0	0	5	0	0	3	5	0	0	0	5	0	0	1.732		99.9706	39.4553	0.103318	0	1.03349	0.205071	12.9872	1		0	12.0439	42.3261	0	0	0	
2024-06-25 04:42:34	337	831	9	0	0	0	1	0	0	0	1	0	0	7.25	1	0	0	0	1	0	0	6.278		99.9733	39.6329	0.0398012	0	0.398119	0.282328	18.1355	2		0.0088623	12.0439	43.7555	0	0	0	
2024-06-25 04:51:12	397	832	1	0	0	5	21	0	0	0	21	0	0	1.5	21	0	0	0	21	0	0	3.031		99.9495	40.322	0.0662922	0	0.663257	0.0790026	14.5858	2		0	12.0439	40.117	0	0	0	
2024-06-25 04:45:21	356	833	1	0	0	2	9	0	0	0	9	0	0	1.25	9	0	0	0	9	0	0	0.649		99.9683	39.8131	0.267648	0	2.67733	0.0985028	12.6166	1		0.0088623	12.0439	41.9363	0	0	0	
2024-06-25 05:02:45	475	834	1	0	0	1.5	7	0	0	0	7	0	0	0.25	7	0	0	0	7	0	0	1.082		99.9532	39.6543	0.159454	0	1.59529	0.109737	12.5294	1		0	12.0439	39.9871	0	0	0	
2024-06-25 04:42:00	333	835	1	0	0	0	1	0	0	0	1	0	0	2.5	1	0	0	0	1	0	0	2.165		99.9742	39.5927	0.0878408	0	0.878634	0.0647606	13.8016	1		0.0088623	12.0439	44.2753	0	0	0	
2024-06-25 05:01:53	469	836	1	0	0	6.25	26	0	0	0	26	0	0	1.5	26	0	0	0	26	0	0	4.113		99.9511	40.534	0.0588801	0	0.589089	0.797272	17.5814	2		0	12.0439	39.7272	0	0	0	
2024-06-25 05:03:52	483	837	9	0	0	7.25	30	0	0	0	30	0	0	6.5	30	0	0	0	30	0	0	0.649		99.9494	40.5157	0.299311	0	2.99463	0.0873332	14.1118	1		0	12.0439	39.8571	0	0	0	
2024-06-25 04:47:29	371	838	5	0	0	3	13	0	0	0	13	0	0	7.75	13	0	0	0	13	0	0	4.113		99.9628	40.5865	0.0495568	0	0.495753	0.273026	14.7958	1		0	11.9375	41.1566	0	0	0	
2024-06-25 04:46:56	367	839	1	0	0	3	13	0	0	0	13	0	0	6.5	13	0	0	0	13	0	0	3.031		99.9603	40.635	0.0678126	0	0.678396	0.0503973	14.9187	1		0	12.0439	41.1566	0	0	0	
2024-06-25 04:43:40	344	840	5	0	0	1	5	0	0	0	5	0	0	7	5	0	0	0	5	0	0	5.195		99.9718	39.4476	0.0445669	0	0.445795	0.185458	16.8061	1		0	12.0439	42.8459	0	0	0	
2024-06-25 04:52:24	405	841	9	0	0	6	25	0	0	0	25	0	0	4.75	25	0	0	0	25	0	0	1.082		99.9484	40.4581	0.177295	0	1.77387	0.084787	13.9319	1		0	12.0439	40.117	0	0	0	
2024-06-25 04:56:36	433	842	1	0	0	7.75	32	0	0	0	32	0	0	0.25	32	0	0	0	32	0	0	6.494		99.951	40.5189	0.0338804	0	0.33897	0.262779	15.9736	1		0	12.0439	39.8571	0	0	0	
2024-06-25 04:51:25	398	843	1	0	0	5	21	0	0	0	21	0	0	3.25	21	0	0	0	21	0	0	1.515		99.9512	40.338	0.118011	0	1.18069	0.0920298	12.9824	1		0	12.0439	40.117	0	0	0	
2024-06-25 04:47:38	372	844	1	0	0	3	13	0	0	0	13	0	0	0	13	0	0	0	13	0	0	2.598		99.957	40.5449	0.0751723	0	0.752047	0.350221	14.1757	1		0	12.0439	41.0267	0	0	0	
2024-06-25 04:57:36	440	845	9	0	0	3.5	15	0	0	0	15	0	0	4.25	15	0	0	0	15	0	0	0.649		99.9506	39.7568	0.293335	0	2.9348	0.0118068	13.8299	1		0.0088623	12.0439	39.8571	0	0	0	
2024-06-25 04:50:03	389	846	5	0	0	4	17	0	0	0	17	0	0	1.25	17	0	0	0	17	0	0	2.381		99.9567	40.101	0.0786204	0	0.786545	0.359999	13.5905	1		0.0088623	12.0439	40.3769	0	0	0	
2024-06-25 04:56:45	434	847	5	0	0	7.75	32	0	0	0	32	0	0	5	32	0	0	0	32	0	0	2.381		99.9486	40.4689	0.0796002	0	0.796411	0.275816	13.761	1		0	12.0439	39.8571	0	0	0	
2024-06-25 04:56:11	430	848	1	0	0	7.75	32	0	0	0	32	0	0	3.75	32	0	0	0	32	0	0	3.464		99.9422	40.4688	0.0563283	0	0.563609	0.0506939	14.165	1		0	12.0439	39.8571	0	0	0	
2024-06-25 05:05:18	493	849	1	0	0	1.25	6	0	0	6.5	6	0	0	3	6	0	0	4.75	6	0	0	0.908		99.9597	20.7026	0.0838993	0	0.839331	0.31394	9.22893	1		0	12.0439	40.117	0	0	0	
2024-06-25 04:53:23	411	850	5	0	0	6	25	0	0	0	25	0	0	1	25	0	0	0	25	0	0	4.33		99.9513	40.4337	0.0564844	0	0.565119	0.677684	17.7537	1		0	12.0439	40.117	0	0	0	
2024-06-25 04:48:47	380	851	1	0	0	4	17	0	0	0	17	0	0	3.25	17	0	0	0	17	0	0	0.649		99.9564	40.1039	0.2944	0	2.94528	0.0840817	13.8793	1		0.0088623	12.0439	40.6368	0	0	0	
2024-06-25 04:43:03	340	852	5	0	0	0	1	0	0	0	1	0	0	0.75	1	0	0	0	1	0	0	0.649		99.9761	39.5652	0.308546	0	3.0862	0.208155	14.5434	1		0	12.0439	43.2357	0	0	0	
2024-06-25 05:04:49	490	853	1	0	0	3.5	15	0	0	4.25	15	0	0	3.75	15	0	0	4	15	0	0	0.13		99.9529	19.9432	0.59615	0	5.96431	0.0650382	9.36872	1		0	12.0439	39.8571	0	0	0	
2024-06-25 04:45:47	359	854	9	0	0	2	9	0	0	0	9	0	0	5	9	0	0	0	9	0	0	2.598		99.9667	39.7975	0.0752918	0	0.753169	0.174934	14.1969	1		0	12.0439	41.6764	0	0	0	
2024-06-25 04:45:55	360	855	1	0	0	2	9	0	0	0	9	0	0	3.75	9	0	0	0	9	0	0	1.515		99.9662	39.7895	0.123773	0	1.23815	0.248768	13.6142	1		0	12.0439	41.6764	0	0	0	
2024-06-25 04:55:36	426	856	5	0	0	7	29	0	0	0	29	0	0	2.75	29	0	0	0	29	0	0	3.68		99.9438	40.4525	0.0555657	0	0.55597	0.111252	14.8464	1		0	12.0439	39.9871	0	0	0	
2024-06-25 04:54:12	416	857	1	0	0	7	29	0	0	0	29	0	0	2.25	29	0	0	0	29	0	0	4.113		99.9424	40.3259	0.0512661	0	0.512957	0.33522	15.3093	1		0	12.0439	39.8571	0	0	0	
2024-06-25 04:42:45	338	858	5	0	0	0	1	0	0	0	1	0	0	7.75	1	0	0	0	1	0	0	6.711		99.9804	39.6503	0.0349939	0	0.350007	0.147053	17.0435	1		0.0088623	12.0439	43.4956	0	0	0	
2024-06-25 04:42:34	337	859	5	0	0	0	1	0	0	0	1	0	0	6.5	1	0	0	0	1	0	0	5.628		99.9733	39.6329	0.0411343	0	0.411453	0.291236	16.804	2		0.0088623	12.0439	43.7555	0	0	0	
2024-06-25 04:50:29	392	860	1	0	0	5	21	0	0	0	21	0	0	0.75	21	0	0	0	21	0	0	3.68		99.9518	40.4453	0.0598037	0	0.598326	0.531534	15.9774	1		0	12.0439	40.3769	0	0	0	
2024-06-25 04:50:21	391	861	5	0	0	5	21	0	0	0	21	0	0	7.25	21	0	0	0	21	0	0	1.948		99.9543	40.4855	0.112097	0	1.12148	0.0750115	15.8545	1		0	12.0439	40.3769	0	0	0	
2024-06-25 05:03:42	482	862	9	0	0	5.75	24	0	0	0	24	0	0	4	24	0	0	0	24	0	0	1.515		99.9551	40.8295	0.121932	0	1.21987	0.181599	13.4132	1		0	12.0439	39.9871	0	0	0	
2024-06-25 05:00:19	458	863	9	0	0	4.5	19	0	0	0	19	0	0	5.25	19	0	0	0	19	0	0	0.649		99.9503	40.1868	0.298625	0	2.98774	0.0602557	14.0794	1		0	12.0439	39.8571	0	0	0	
2024-06-25 05:04:58	491	864	1	0	0	2.75	12	0	0	5	12	0	0	3.5	12	0	0	4.25	12	0	0	0.389		99.9528	20.7207	0.250351	0	2.50469	0.601801	11.8031	2		0.0088623	12.0439	39.9871	0	0	0	
2024-06-25 04:45:39	358	865	1	0	0	2	9	0	0	0	9	0	0	0.5	9	0	0	0	9	0	0	1.299		99.9711	39.7993	0.133421	0	1.33459	0.0701186	12.5782	1		0	12.0439	41.6764	0	0	0	
2024-06-25 04:59:03	449	866	9	0	0	0.5	3	0	0	0	3	0	0	7.25	3	0	0	0	3	0	0	5.845		99.9483	40.1798	0.0576384	0	0.576683	0.239107	24.458	2		0.0088623	12.0439	39.8571	0	0	0	
2024-06-25 04:49:23	384	867	9	0	0	4	17	0	0	0	17	0	0	7.25	17	0	0	0	17	0	0	2.814		99.9519	40.0851	0.0753549	0	0.753912	0.0898437	15.3951	1		0	12.0439	40.5069	0	0	0	
2024-06-25 04:47:47	373	868	9	0	0	3	13	0	0	0	13	0	0	5.75	13	0	0	0	13	0	0	2.381		99.9566	40.5331	0.0789265	0	0.789608	0.0452774	13.6435	1		0	12.0439	40.8967	0	0	0	
2024-06-25 04:47:04	368	869	9	0	0	3	13	0	0	0	13	0	0	4.5	13	0	0	0	13	0	0	1.299		99.9606	40.554	0.138424	0	1.38479	0.0872782	13.0513	1		0	12.0439	41.1566	0	0	0	
2024-06-25 04:54:30	418	870	9	0	0	7	29	0	0	0	29	0	0	6.75	29	0	0	0	29	0	0	0.216		99.9455	40.4306	0.796641	0	7.97075	0.213722	12.5204	1		0.0088623	12.0439	39.8571	0	0	0	
2024-06-25 04:43:49	345	871	9	0	0	1	5	0	0	0	5	0	0	7.5	5	0	0	0	5	0	0	5.628		99.9743	39.4317	0.0405392	0	0.405496	0.135604	16.5607	1		0	12.0439	42.7159	0	0	0	
2024-06-25 04:43:57	346	872	9	0	0	1	5	0	0	0	5	0	0	6.25	5	0	0	0	5	0	0	4.546		99.9711	39.421	0.054079	0	0.540947	0.15283	17.8441	1		0	12.0616	42.7159	0	0	0	
2024-06-25 04:52:41	407	873	9	0	0	6	25	0	0	0	25	0	0	5.25	25	0	0	0	25	0	0	0.649		99.9463	40.4357	0.299727	0	2.99888	0.15905	14.1319	1		0	12.0439	40.117	0	0	0	
2024-06-25 04:52:06	403	874	9	0	0	6	25	0	0	0	25	0	0	4	25	0	0	0	25	0	0	1.732		99.9497	40.5364	0.108173	0	1.08227	0.0575877	13.6003	1		0	12.0439	40.117	0	0	0	
2024-06-25 04:51:57	402	875	1	0	0	5	21	0	0	0	21	0	0	2.5	21	0	0	0	21	0	0	2.165		99.9501	40.4693	0.0929716	0	0.93018	0.986915	14.6112	1		0	12.0439	40.117	0	0	0	
2024-06-25 04:43:40	344	876	1	0	0	1	5	0	0	0	5	0	0	0.25	5	0	0	0	5	0	0	0.649		99.9718	39.4476	0.280141	0	2.8022	0.054168	13.2051	1		0	12.0439	42.8459	0	0	0	
2024-06-25 04:49:55	388	877	1	0	0	4	17	0	0	0	17	0	0	0.5	17	0	0	0	17	0	0	3.031		99.9591	40.0641	0.0654218	0	0.654486	0.327899	14.3929	1		0	12.0439	40.3769	0	0	0	
2024-06-25 04:57:03	436	878	5	0	0	7.75	32	0	0	0	32	0	0	3	32	0	0	0	32	0	0	4.113		99.9487	40.4141	0.048181	0	0.482057	0.564238	14.3871	1		0	12.0439	39.8571	0	0	0	
2024-06-25 04:53:40	413	879	1	0	0	6	25	0	0	0	25	0	0	0.25	25	0	0	0	25	0	0	4.979		99.9458	40.32	0.0464491	0	0.464743	0.0450332	16.7904	2		0	12.0439	39.9871	0	0	0	
2024-06-25 05:01:25	466	880	1	0	0	5.25	22	0	0	0	22	0	0	2.5	22	0	0	0	22	0	0	2.381		99.9497	40.4404	0.0927207	0	0.927673	0.433729	16.029	2		0	12.0439	39.8571	0	0	0	
2024-06-25 04:50:12	390	881	1	0	0	4	17	0	0	0	17	0	0	2.5	17	0	0	0	17	0	0	1.299		99.9546	40.0623	0.13747	0	1.37533	0.0580076	12.9621	1		0.0088623	12.0439	40.247	0	0	0	
2024-06-25 04:46:29	364	882	1	0	0	2	9	0	0	0	9	0	0	3	9	0	0	0	9	0	0	0.866		99.9663	39.8245	0.204026	0	2.04095	0.087059	12.8237	1		0	12.0439	41.4165	0	0	0	
2024-06-25 04:55:11	423	883	5	0	0	7	29	0	0	0	29	0	0	1.5	29	0	0	0	29	0	0	4.762		99.9434	40.4224	0.0468504	0	0.468769	0.0402968	16.1995	1		0	12.0439	39.8571	0	0	0	
2024-06-25 04:42:17	335	884	9	0	0	0	1	0	0	0	1	0	0	5.75	1	0	0	0	1	0	0	4.979		99.975	39.588	0.0454201	0	0.454315	0.485072	16.4136	1		0	12.0439	44.0154	0	0	0	
2024-06-25 04:41:38	331	885	9	0	0	0	1	0	0	0	1	0	0	4.5	1	0	0	0	1	0	0	3.897		99.9713	39.6448	0.053453	0	0.534684	0.356049	15.1178	1		0	12.0439	44.6651	0	0	0	
2024-06-25 04:50:37	393	886	1	0	0	5	21	0	0	0	21	0	0	0	21	0	0	0	21	0	0	4.33		99.9512	40.4004	0.0496804	0	0.497047	0.196348	15.6152	1		0	12.0439	40.247	0	0	0	
2024-06-25 04:57:18	438	887	5	0	0	7.75	32	0	0	0	32	0	0	2.25	32	0	0	0	32	0	0	4.762		99.9493	40.4373	0.0429908	0	0.430126	0.141565	14.8641	1		0	12.0439	39.8571	0	0	0	
2024-06-25 04:50:29	392	888	5	0	0	5	21	0	0	0	21	0	0	7.75	21	0	0	0	21	0	0	2.381		99.9518	40.4453	0.0814914	0	0.815307	0.129814	14.0875	1		0	12.0439	40.3769	0	0	0	
2024-06-25 04:51:12	397	889	9	0	0	5	21	0	0	0	21	0	0	6.5	21	0	0	0	21	0	0	1.299		99.9495	40.322	0.148415	0	1.4849	0.00962083	13.9949	2		0	12.0439	40.117	0	0	0	
2024-06-25 04:47:47	373	890	1	0	0	3	13	0	0	0	13	0	0	2	13	0	0	0	13	0	0	0.866		99.9566	40.5331	0.203526	0	2.03615	0.103097	12.7935	1		0	12.0439	40.8967	0	0	0	
2024-06-25 05:01:10	464	891	1	0	0	4.5	19	0	0	0	19	0	0	3.25	19	0	0	0	19	0	0	1.082		99.9483	40.1283	0.166147	0	1.66233	0.0621857	13.0559	1		0	12.0439	39.8571	0	0	0	
2024-06-25 04:56:02	429	892	5	0	0	7.75	32	0	0	0	32	0	0	7	32	0	0	0	32	0	0	0.649		99.9477	40.4688	0.313471	0	3.13635	0.26066	14.7797	1		0	12.0439	39.8571	0	0	0	
2024-06-25 05:03:34	481	893	9	0	0	5.5	23	0	0	0	23	0	0	4.25	23	0	0	0	23	0	0	1.082		99.9566	40.1807	0.174999	0	1.75075	0.0179907	13.7504	1		0	11.9375	39.9871	0	0	0	
2024-06-25 05:02:13	471	894	1	0	0	6.75	28	0	0	0	28	0	0	1	28	0	0	0	28	0	0	4.979		99.9537	40.3366	0.0535698	0	0.535946	0.0711704	19.3628	1		0	12.0439	39.8571	0	0	0	
2024-06-25 05:00:28	459	895	9	0	0	4.25	18	0	0	0	18	0	0	5.5	18	0	0	0	18	0	0	1.082		99.9503	40.225	0.177133	0	1.77221	0.121719	13.9189	1		0	12.0439	39.8571	0	0	0	
2024-06-25 04:49:39	386	896	5	0	0	4	17	0	0	0	17	0	0	7.75	17	0	0	0	17	0	0	3.247		99.9518	40.0336	0.060999	0	0.610285	0.0736552	14.3795	1		0	12.0439	40.5069	0	0	0	
2024-06-25 04:49:05	382	897	9	0	0	4	17	0	0	0	17	0	0	6.5	17	0	0	0	17	0	0	2.165		99.9521	40.1377	0.0892101	0	0.892529	0.125749	14.0198	1		0	12.0439	40.6368	0	0	0	
2024-06-25 04:47:29	371	898	9	0	0	3	13	0	0	0	13	0	0	5	13	0	0	0	13	0	0	1.732		99.9628	40.5865	0.104706	0	1.04745	0.0881833	13.1626	1		0	11.9375	41.1566	0	0	0	
2024-06-25 04:47:56	374	899	1	0	0	3	13	0	0	0	13	0	0	3.75	13	0	0	0	13	0	0	0.649		99.9607	40.5138	0.28493	0	2.85042	0.151982	13.4323	1		0	12.0439	40.8967	0	0	0	
2024-06-25 04:45:55	360	900	9	0	0	2	9	0	0	0	9	0	0	7	9	0	0	0	9	0	0	4.33		99.9662	39.7895	0.0494359	0	0.494526	0.222716	15.536	1		0	12.0439	41.6764	0	0	0	
2024-06-25 04:54:21	417	901	5	0	0	7	29	0	0	0	29	0	0	6	29	0	0	0	29	0	0	0.866		99.9437	40.3226	0.227952	0	2.2808	0.572355	14.3307	1		0	12.0439	39.8571	0	0	0	
2024-06-25 04:54:47	420	902	9	0	0	7	29	0	0	0	29	0	0	4.75	29	0	0	0	29	0	0	1.948		99.9441	40.3946	0.0987204	0	0.987756	0.0987716	13.9641	1		0	12.0439	39.8571	0	0	0	
2024-06-25 04:44:31	350	903	5	0	0	1	5	0	0	0	5	0	0	5.5	5	0	0	0	5	0	0	3.897		99.9706	39.4553	0.0629568	0	0.629753	0.109317	17.8059	1		0	12.0439	42.3261	0	0	0	
2024-06-25 04:43:40	344	904	9	0	0	1	5	0	0	0	5	0	0	4.25	5	0	0	0	5	0	0	2.814		99.9718	39.4476	0.0719889	0	0.720092	0.0570524	14.7045	1		0	12.0439	42.8459	0	0	0	
2024-06-25 04:52:32	406	905	1	0	0	6	25	0	0	0	25	0	0	3.25	25	0	0	0	25	0	0	2.381		99.9467	40.4449	0.0817568	0	0.818004	0.180272	14.1341	1		0.0088623	12.0439	39.9871	0	0	0	
2024-06-25 04:59:39	453	906	1	0	0	0.25	2	0	0	0	2	0	0	1.5	2	0	0	0	2	0	0	1.082		99.95	39.9083	0.158911	0	1.5899	0.292168	12.4871	1		0	12.0439	39.8571	0	0	0	
2024-06-25 04:54:03	415	907	1	0	0	7	29	0	0	0	29	0	0	0.75	29	0	0	0	29	0	0	5.412		99.9453	40.3852	0.0434629	0	0.434867	0.324303	17.0772	1		0	12.0439	39.9871	0	0	0	
2024-06-25 04:42:00	333	908	9	0	0	0	1	0	0	0	1	0	0	5	1	0	0	0	1	0	0	4.33		99.9742	39.5927	0.0495111	0	0.495238	0.199602	15.5584	1		0.0088623	12.0439	44.2753	0	0	0	
2024-06-25 04:41:51	332	909	1	0	0	0	1	0	0	0	1	0	0	3.75	1	0	0	0	1	0	0	3.247		99.9769	39.6167	0.0615844	0	0.615986	0.143189	14.5138	1		0	12.0439	44.5352	0	0	0	
2024-06-25 05:03:59	484	910	9	0	0	7.5	31	0	0	0	31	0	0	6.25	31	0	0	0	31	0	0	1.082		99.9525	40.403	0.174883	0	1.74966	0.0858356	13.7418	1		0	12.0439	39.9871	0	0	0	
2024-06-25 05:00:53	462	911	9	0	0	6.25	26	0	0	0	26	0	0	7.5	26	0	0	0	26	0	0	1.082		99.9484	40.4279	0.177144	0	1.77235	0.0199175	13.92	1		0	12.0439	39.8571	0	0	0	
2024-06-25 04:52:32	406	912	9	0	0	6	25	0	0	0	25	0	0	7.25	25	0	0	0	25	0	0	1.082		99.9467	40.4449	0.20482	0	2.04929	0.706976	16.0951	1		0.0088623	12.0439	39.9871	0	0	0	
2024-06-25 04:55:54	428	913	1	0	0	7.75	32	0	0	0	32	0	0	1.5	32	0	0	0	32	0	0	5.412		99.9467	40.5039	0.0391548	0	0.391757	0.0301356	15.3843	1		0	12.0439	39.8571	0	0	0	
2024-06-25 04:51:04	396	914	5	0	0	5	21	0	0	0	21	0	0	5.75	21	0	0	0	21	0	0	0.649		99.9456	40.3556	0.29976	0	2.99923	0.116797	14.1335	1		0	12.0439	40.117	0	0	0	
2024-06-25 04:50:55	395	915	9	0	0	5	21	0	0	0	21	0	0	4.5	21	0	0	0	21	0	0	0.433		99.95	40.3636	0.43298	0	4.33197	0.202012	13.6093	1		0	12.0439	40.117	0	0	0	
2024-06-25 04:48:04	375	916	5	0	0	3	13	0	0	0	13	0	0	1.25	13	0	0	0	13	0	0	1.515		99.9593	40.5713	0.115558	0	1.15605	0.124109	12.7114	1		0	12.0439	40.8967	0	0	0	
2024-06-25 04:45:04	354	917	1	0	0	1	5	0	0	0	5	0	0	2.25	5	0	0	0	5	0	0	1.082		99.9676	39.3801	0.15798	0	1.58031	0.0125725	12.4117	1		0	12.0439	42.0662	0	0	0	
2024-06-25 04:59:30	452	918	1	0	0	0.5	3	0	0	0	3	0	0	1.25	3	0	0	0	3	0	0	0.649		99.9511	40.2645	0.279811	0	2.79948	0.086167	13.1922	1		0	12.0439	39.8571	0	0	0	
2024-06-25 04:58:01	443	919	9	0	0	2.5	11	0	0	0	11	0	0	5.25	11	0	0	0	11	0	0	2.381		99.9443	40.1691	0.0934595	0	0.935116	0.993716	16.1576	2		0	12.0439	39.8571	0	0	0	
2024-06-25 04:56:11	430	920	5	0	0	7.75	32	0	0	0	32	0	0	7.5	32	0	0	0	32	0	0	0.216		99.9422	40.4688	0.859391	0	8.59887	0.084819	13.5071	1		0	12.0439	39.8571	0	0	0	
2024-06-25 04:55:45	427	921	9	0	0	7.75	32	0	0	0	32	0	0	6.25	32	0	0	0	32	0	0	1.299		99.9475	40.5157	0.149433	0	1.49511	0.230989	14.0911	1		0	12.0439	39.8571	0	0	0	
2024-06-25 05:01:00	463	922	1	0	0	4.25	18	0	0	0	18	0	0	3.5	18	0	0	0	18	0	0	0.649		99.9515	40.2936	0.293731	0	2.93874	0.163709	13.8485	1		0	12.0439	39.8571	0	0	0	
2024-06-25 04:52:41	407	923	1	0	0	6	25	0	0	0	25	0	0	2.25	25	0	0	0	25	0	0	3.247		99.9463	40.4357	0.0637959	0	0.638302	0.107667	15.0396	1		0	12.0439	40.117	0	0	0	
2024-06-25 05:03:27	480	924	9	0	0	5.25	22	0	0	0	22	0	0	4.5	22	0	0	0	22	0	0	0.649		99.9511	40.4053	0.299032	0	2.99178	0.0274349	14.0984	1		0	12.0439	39.8571	0	0	0	
2024-06-25 04:48:47	380	925	5	0	0	4	17	0	0	0	17	0	0	5.75	17	0	0	0	17	0	0	1.515		99.9564	40.1039	0.123516	0	1.23569	0.0599052	13.5872	1		0.0088623	12.0439	40.6368	0	0	0	
2024-06-25 04:48:56	381	926	9	0	0	4	17	0	0	0	17	0	0	4.5	17	0	0	0	17	0	0	0.433		99.9579	40.1407	0.47095	0	4.71148	0.0708675	14.8016	1		0.0088623	12.0439	40.6368	0	0	0	
2024-06-25 04:43:10	341	927	1	0	0	0	1	0	0	0	1	0	0	2	1	0	0	0	1	0	0	1.732		99.9729	39.5805	0.143298	0	1.43337	0.0171779	18.0122	2		0	12.0439	43.2357	0	0	0	
2024-06-25 04:45:30	357	928	9	0	0	2	9	0	0	0	9	0	0	7.5	9	0	0	0	9	0	0	4.762		99.9697	39.7873	0.0450783	0	0.45092	0.241917	15.5827	1		0	12.0439	41.8063	0	0	0	
2024-06-25 04:45:13	355	929	5	0	0	2	9	0	0	0	9	0	0	6.25	9	0	0	0	9	0	0	3.68		99.968	39.8335	0.0581066	0	0.581251	0.148426	15.5215	1		0	12.0439	41.9363	0	0	0	
2024-06-25 04:54:21	417	930	9	0	0	7	29	0	0	0	29	0	0	5.25	29	0	0	0	29	0	0	1.515		99.9437	40.3226	0.124854	0	1.24924	0.130932	13.7361	1		0	12.0439	39.8571	0	0	0	
2024-06-25 04:54:54	421	931	5	0	0	7	29	0	0	0	29	0	0	4	29	0	0	0	29	0	0	2.598		99.9463	40.4584	0.0750522	0	0.750926	0.301705	14.1546	1		0	12.0439	39.9871	0	0	0	
2024-06-25 04:43:31	343	932	1	0	0	1	5	0	0	0	5	0	0	3.5	5	0	0	0	5	0	0	2.165		99.9701	39.464	0.0836616	0	0.836866	0.124603	13.1455	1		0	12.0616	42.9758	0	0	0	
2024-06-25 04:52:49	408	933	1	0	0	6	25	0	0	0	25	0	0	2.5	25	0	0	0	25	0	0	3.031		99.9465	40.4415	0.0744061	0	0.74446	0.609031	16.3715	2		0	12.0439	40.117	0	0	0	
2024-06-25 05:03:18	479	934	1	0	0	3.75	16	0	0	0	16	0	0	2	16	0	0	0	16	0	0	1.515		99.9567	40.2908	0.123025	0	1.23078	0.508822	13.5332	1		0	12.0439	39.9871	0	0	0	
2024-06-25 04:51:57	402	935	5	0	0	5	21	0	0	0	21	0	0	2	21	0	0	0	21	0	0	2.598		99.9501	40.4693	0.075674	0	0.757117	0.25152	14.2713	1		0	12.0439	40.117	0	0	0	
2024-06-25 04:46:22	363	936	1	0	0	2	9	0	0	0	9	0	0	1.75	9	0	0	0	9	0	0	0.216		99.962	39.7671	0.723627	0	7.23902	0.00935367	11.371	1		0	12.0439	41.4165	0	0	0	
2024-06-25 04:54:21	417	937	1	0	0	7	29	0	0	0	29	0	0	0	29	0	0	0	29	0	0	6.061		99.9437	40.3226	0.0391075	0	0.391296	0.105353	17.2101	1		0	12.0439	39.8571	0	0	0	
2024-06-25 04:41:38	331	938	1	0	0	0	1	0	0	0	1	0	0	3	1	0	0	0	1	0	0	2.598		99.9713	39.6448	0.0751166	0	0.751382	0.0683362	14.1632	1		0	12.0439	44.6651	0	0	0	
2024-06-25 04:47:12	369	939	9	0	0	3	13	0	0	0	13	0	0	7	13	0	0	0	13	0	0	3.464		99.9592	40.5339	0.058692	0	0.587159	0.18387	14.7569	1		0	12.0439	41.0267	0	0	0	
2024-06-25 04:52:49	408	940	5	0	0	6	25	0	0	0	25	0	0	7.75	25	0	0	0	25	0	0	1.515		99.9465	40.4415	0.129774	0	1.29843	0.0225529	14.277	2		0	12.0439	40.117	0	0	0	
2024-06-25 04:53:12	410	941	5	0	0	6	25	0	0	0	25	0	0	6.5	25	0	0	0	25	0	0	0.433		99.9471	40.3708	0.471662	0	4.71911	0.0143404	14.8255	2		0	12.0439	39.9871	0	0	0	
2024-06-25 04:56:54	435	942	1	0	0	7.75	32	0	0	0	32	0	0	0.75	32	0	0	0	32	0	0	6.061		99.9476	40.5243	0.0366804	0	0.366997	0.20978	16.1414	1		0	12.0439	39.8571	0	0	0	
2024-06-25 04:50:46	394	943	1	0	0	5	21	0	0	0	21	0	0	3.75	21	0	0	0	21	0	0	1.082		99.9529	40.3786	0.170085	0	1.70165	0	13.3647	1		0	12.0439	40.247	0	0	0	
2024-06-25 04:48:21	377	944	5	0	0	3	13	0	0	0	13	0	0	0.5	13	0	0	0	13	0	0	2.165		99.9593	40.5311	0.0853748	0	0.854096	0.0624105	13.4161	1		0	12.0439	40.7668	0	0	0	
2024-06-25 04:44:06	347	945	1	0	0	1	5	0	0	0	5	0	0	1.5	5	0	0	0	5	0	0	0.433		99.9721	39.4079	0.42257	0	4.22688	0.0664035	13.2791	1		0	12.0439	42.586	0	0	0	
2024-06-25 05:05:09	492	946	1	0	0	2	9	0	0	5.75	9	0	0	3.25	9	0	0	4.5	9	0	0	0.649		99.9578	20.5849	0.13538	0	1.35437	0.202595	10.6372	1		0	12.0439	39.9871	0	0	0	
2024-06-25 04:50:12	390	947	5	0	0	4	17	0	0	0	17	0	0	1.75	17	0	0	0	17	0	0	1.948		99.9546	40.0623	0.0928645	0	0.929067	0.0543675	13.1344	1		0.0088623	12.0439	40.247	0	0	0	
2024-06-25 04:59:54	455	948	1	0	0	2.5	11	0	0	0	11	0	0	3.25	11	0	0	0	11	0	0	0.649		99.9504	40.147	0.27385	0	2.73986	0.139538	12.9113	1		0	12.0439	39.8571	0	0	0	
2024-06-25 04:56:29	432	949	5	0	0	7.75	32	0	0	0	32	0	0	5.5	32	0	0	0	32	0	0	1.948		99.9507	40.4523	0.0993817	0	0.994308	0.100537	14.0567	1		0.0088623	12.0439	39.8571	0	0	0	
2024-06-25 04:56:20	431	950	9	0	0	7.75	32	0	0	0	32	0	0	4.25	32	0	0	0	32	0	0	3.031		99.9456	40.4496	0.0643053	0	0.643403	0.0304298	14.1492	1		0	12.0439	39.8571	0	0	0	
2024-06-25 04:53:00	409	951	1	0	0	6	25	0	0	0	25	0	0	1.5	25	0	0	0	25	0	0	3.897		99.9459	40.3895	0.0585119	0	0.585436	0.184203	16.5528	2		0	12.0439	39.9871	0	0	0	
2024-06-25 04:48:39	379	952	5	0	0	4	17	0	0	0	17	0	0	5	17	0	0	0	17	0	0	0.866		99.9549	40.0317	0.22171	0	2.2181	0.165623	13.9368	1		0	12.0439	40.6368	0	0	0	
2024-06-25 04:49:31	385	953	1	0	0	4	17	0	0	0	17	0	0	3.75	17	0	0	0	17	0	0	0.216		99.9562	40.0603	0.839645	0	8.40013	0.0770538	13.1949	1		0	12.0439	40.3769	0	0	0	
2024-06-25 04:43:03	340	954	1	0	0	0	1	0	0	0	1	0	0	1.25	1	0	0	0	1	0	0	1.082		99.9761	39.5652	0.159589	0	1.59627	0.0135846	12.5371	1		0	12.0439	43.2357	0	0	0	
2024-06-25 04:45:39	358	955	5	0	0	2	9	0	0	0	9	0	0	5.5	9	0	0	0	9	0	0	3.031		99.9711	39.7993	0.111804	0	1.11836	0.630157	24.5941	1		0	12.0439	41.6764	0	0	0	
2024-06-25 04:46:13	362	956	9	0	0	2	9	0	0	0	9	0	0	4.25	9	0	0	0	9	0	0	1.948		99.9603	39.7695	0.0957009	0	0.957389	0.296837	13.5348	1		0	12.0439	41.5464	0	0	0	
2024-06-25 04:55:20	424	957	1	0	0	7	29	0	0	0	29	0	0	3.25	29	0	0	0	29	0	0	3.247		99.9414	40.4034	0.0613416	0	0.613776	0.365194	14.4617	1		0	12.0439	39.8571	0	0	0	
2024-06-25 04:44:48	352	958	1	0	0	1	5	0	0	0	5	0	0	2.75	5	0	0	0	5	0	0	1.515		99.9677	39.4523	0.114405	0	1.14442	0.0113015	12.5836	1		0	12.0439	42.1962	0	0	0	
2024-06-25 04:42:25	336	959	9	0	0	0	1	0	0	0	1	0	0	7	1	0	0	0	1	0	0	6.061		99.9731	39.6048	0.0389224	0	0.389329	0.222755	17.1236	1		0	12.0616	43.8855	0	0	0	
2024-06-25 04:51:49	401	960	1	0	0	5	21	0	0	0	21	0	0	1.25	21	0	0	0	21	0	0	3.247		99.9516	40.4477	0.0680455	0	0.680784	0.857568	16.0406	1		0	12.0439	39.9871	0	0	0	
2024-06-25 04:46:38	365	961	5	0	0	2	9	0	0	0	9	0	0	1	9	0	0	0	9	0	0	0.866		99.9645	39.7744	0.197171	0	1.97241	0.0418242	12.393	1		0	12.0439	41.1566	0	0	0	
2024-06-25 04:47:38	372	962	9	0	0	3	13	0	0	0	13	0	0	7.5	13	0	0	0	13	0	0	3.897		99.957	40.5449	0.0526162	0	0.526388	0.183053	14.8833	1		0	12.0439	41.0267	0	0	0	
2024-06-25 04:46:56	367	963	5	0	0	3	13	0	0	0	13	0	0	6.25	13	0	0	0	13	0	0	2.814		99.9603	40.635	0.0729152	0	0.729441	0.0664328	14.8955	1		0	12.0439	41.1566	0	0	0	
2024-06-25 04:54:30	418	964	5	0	0	7	29	0	0	0	29	0	0	7.25	29	0	0	0	29	0	0	0.216		99.9455	40.4306	0.745629	0	7.46035	0.609777	11.7187	1		0.0088623	12.0439	39.8571	0	0	0	
2024-06-25 04:44:06	347	965	9	0	0	1	5	0	0	0	5	0	0	6.75	5	0	0	0	5	0	0	4.979		99.9721	39.4079	0.0525523	0	0.52567	0.222577	18.9916	1		0	12.0439	42.586	0	0	0	
2024-06-25 04:53:00	409	966	5	0	0	6	25	0	0	0	25	0	0	5.75	25	0	0	0	25	0	0	0.216		99.9459	40.3895	0.801038	0	8.01472	0.0346799	12.5895	2		0	12.0439	39.9871	0	0	0	
2024-06-25 04:52:14	404	967	9	0	0	6	25	0	0	0	25	0	0	4.5	25	0	0	0	25	0	0	1.299		99.9459	40.4903	0.146708	0	1.46787	0.207813	13.8343	1		0	12.0439	40.117	0	0	0	
2024-06-25 04:56:20	431	968	1	0	0	7.75	32	0	0	0	32	0	0	0	32	0	0	0	32	0	0	6.711		99.9456	40.4496	0.0341205	0	0.34139	0.165963	16.6239	1		0	12.0439	39.8571	0	0	0	
2024-06-25 04:51:41	400	969	5	0	0	5	21	0	0	0	21	0	0	3	21	0	0	0	21	0	0	1.732		99.9481	40.4188	0.1042	0	1.04254	0.0449534	13.1009	1		0	12.0439	40.117	0	0	0	
2024-06-25 04:44:38	351	970	1	0	0	1	5	0	0	0	5	0	0	0.75	5	0	0	0	5	0	0	0.216		99.9705	39.5242	0.751588	0	7.5181	0.110637	11.8094	1		0	12.0439	42.3261	0	0	0	
2024-06-25 05:01:46	468	971	1	0	0	5.75	24	0	0	0	24	0	0	2	24	0	0	0	24	0	0	3.247		99.9472	40.5224	0.0659835	0	0.660184	0.147939	15.5552	1		0	12.0439	39.8571	0	0	0	
2024-06-25 04:49:39	386	972	1	0	0	4	17	0	0	0	17	0	0	1	17	0	0	0	17	0	0	2.598		99.9518	40.0336	0.0723462	0	0.723811	0.0546463	13.6435	1		0	12.0439	40.5069	0	0	0	
2024-06-25 04:56:29	432	973	1	0	0	7.75	32	0	0	0	32	0	0	3.5	32	0	0	0	32	0	0	3.68		99.9507	40.4523	0.0527936	0	0.528197	0.113428	14.1047	1		0.0088623	12.0439	39.8571	0	0	0	
2024-06-25 04:53:23	411	974	1	0	0	6	25	0	0	0	25	0	0	0.75	25	0	0	0	25	0	0	4.546		99.9513	40.4337	0.0529002	0	0.52926	0.717119	17.4586	1		0	12.0439	40.117	0	0	0	
2024-06-25 04:49:47	387	975	5	0	0	4	17	0	0	0	17	0	0	3	17	0	0	0	17	0	0	0.866		99.9551	40.0346	0.210376	0	2.10471	0.0109417	13.2243	1		0	12.0439	40.5069	0	0	0	
2024-06-25 04:42:55	339	976	5	0	0	0	1	0	0	0	1	0	0	0.5	1	0	0	0	1	0	0	0.433		99.9736	39.6292	0.410978	0	4.11087	0.01334	12.9147	1		0	12.0439	43.3657	0	0	0	
2024-06-25 05:04:17	486	977	1	0	0	3.5	15	0	0	4.25	15	0	0	2.75	15	0	0	5	15	0	0	0.389		99.953	19.8883	0.255789	0	2.55909	0.134981	12.0594	1		0	12.0439	39.9871	0	0	0	
2024-06-25 04:46:13	362	978	1	0	0	2	9	0	0	0	9	0	0	3.5	9	0	0	0	9	0	0	1.299		99.9603	39.7695	0.140396	0	1.40452	0.134942	13.2373	1		0	12.0439	41.5464	0	0	0	
2024-06-25 04:55:28	425	979	5	0	0	7	29	0	0	0	29	0	0	2.5	29	0	0	0	29	0	0	3.897		99.9425	40.4045	0.0554069	0	0.554388	0.512383	15.6749	1		0.0088623	12.0439	39.8571	0	0	0	
2024-06-25 04:55:28	425	980	1	0	0	7	29	0	0	0	29	0	0	2	29	0	0	0	29	0	0	4.33		99.9425	40.4045	0.0498383	0	0.49867	0.266039	15.6662	1		0.0088623	12.0439	39.8571	0	0	0	
2024-06-25 04:42:45	338	981	9	0	0	0	1	0	0	0	1	0	0	7.5	1	0	0	0	1	0	0	6.494		99.9804	39.6503	0.0360357	0	0.360428	0.29718	16.9848	1		0.0088623	12.0439	43.4956	0	0	0	
2024-06-25 04:42:09	334	982	9	0	0	0	1	0	0	0	1	0	0	6.25	1	0	0	0	1	0	0	5.412		99.9746	39.5886	0.0430147	0	0.430256	0.0967312	16.8961	1		0.0088623	12.0439	44.1454	0	0	0	
2024-06-25 04:50:21	391	983	1	0	0	5	21	0	0	0	21	0	0	0.5	21	0	0	0	21	0	0	3.897		99.9543	40.4855	0.0585548	0	0.585816	0.984624	16.5636	1		0	12.0439	40.3769	0	0	0	
2024-06-25 05:02:37	474	984	1	0	0	1.25	6	0	0	0	6	0	0	0.5	6	0	0	0	6	0	0	0.649		99.9493	40.2372	0.282342	0	2.82486	0.0433127	13.3118	1		0	12.0439	39.8571	0	0	0	
2024-06-25 04:50:29	392	985	9	0	0	5	21	0	0	0	21	0	0	7	21	0	0	0	21	0	0	1.732		99.9518	40.4453	0.110677	0	1.1073	0.0946692	13.9148	1		0	12.0439	40.3769	0	0	0	
2024-06-25 04:46:38	365	986	1	0	0	2	9	0	0	0	9	0	0	0.25	9	0	0	0	9	0	0	1.515		99.9645	39.7744	0.122627	0	1.22671	0.0416077	13.4884	1		0	12.0439	41.1566	0	0	0	
2024-06-25 04:49:23	384	987	5	0	0	4	17	0	0	0	17	0	0	7	17	0	0	0	17	0	0	2.598		99.9519	40.0851	0.0755736	0	0.756099	0.0132786	14.2521	1		0	12.0439	40.5069	0	0	0	
2024-06-25 04:47:47	373	988	5	0	0	3	13	0	0	0	13	0	0	5.5	13	0	0	0	13	0	0	2.165		99.9566	40.5331	0.0909022	0	0.909417	0.061017	14.2851	1		0	12.0439	40.8967	0	0	0	
2024-06-25 04:47:04	368	989	5	0	0	3	13	0	0	0	13	0	0	4.25	13	0	0	0	13	0	0	1.082		99.9606	40.554	0.166359	0	1.66425	0.112511	13.071	1		0	12.0439	41.1566	0	0	0	
2024-06-25 04:54:12	416	990	5	0	0	7	29	0	0	0	29	0	0	7.75	29	0	0	0	29	0	0	0.649		99.9424	40.3259	0.317361	0	3.17544	0.303163	14.9639	1		0	12.0439	39.8571	0	0	0	
2024-06-25 04:54:47	420	991	5	0	0	7	29	0	0	0	29	0	0	6.5	29	0	0	0	29	0	0	0.433		99.9441	40.3946	0.45334	0	4.53594	0.170916	14.2501	1		0	12.0439	39.8571	0	0	0	
2024-06-25 04:43:57	346	992	5	0	0	1	5	0	0	0	5	0	0	6	5	0	0	0	5	0	0	4.33		99.9711	39.421	0.053498	0	0.535135	0.108134	16.8118	1		0	12.0616	42.7159	0	0	0	
2024-06-25 04:43:31	343	993	5	0	0	1	5	0	0	0	5	0	0	4.75	5	0	0	0	5	0	0	3.247		99.9701	39.464	0.0687679	0	0.687884	0.400692	16.2079	1		0	12.0616	42.9758	0	0	0	
2024-06-25 05:00:10	457	994	9	0	0	4.75	20	0	0	0	20	0	0	5	20	0	0	0	20	0	0	0.216		99.9517	40.2409	0.76416	0	7.6453	0.226988	12.0092	1		0.0088623	12.0439	39.8571	0	0	0	
2024-06-25 04:52:24	405	995	5	0	0	6	25	0	0	0	25	0	0	5	25	0	0	0	25	0	0	0.866		99.9484	40.4581	0.220673	0	2.20787	0.67201	13.8725	1		0	12.0439	40.117	0	0	0	
2024-06-25 04:52:06	403	996	1	0	0	6	25	0	0	0	25	0	0	3.75	25	0	0	0	25	0	0	1.948		99.9497	40.5364	0.0978696	0	0.979189	0.113889	13.843	1		0	12.0439	40.117	0	0	0	
2024-06-25 04:43:49	345	997	1	0	0	1	5	0	0	0	5	0	0	0	5	0	0	0	5	0	0	0.866		99.9743	39.4317	0.203211	0	2.03263	0.331596	12.7714	1		0	12.0439	42.7159	0	0	0	
2024-06-25 04:58:53	448	998	9	0	0	0.75	4	0	0	0	4	0	0	7	4	0	0	0	4	0	0	5.412		99.9511	40.3562	0.042593	0	0.426139	0.184079	16.7344	1		0	12.0439	39.8571	0	0	0	
2024-06-25 04:49:55	388	999	5	0	0	4	17	0	0	0	17	0	0	0.25	17	0	0	0	17	0	0	3.247		99.9591	40.0641	0.0596999	0	0.597243	0.171576	14.0722	1		0	12.0439	40.3769	0	0	0	
2024-06-25 04:57:03	436	1000	1	0	0	7.75	32	0	0	0	32	0	0	2.75	32	0	0	0	32	0	0	4.33		99.9487	40.4141	0.0468939	0	0.469179	0.537654	14.7397	1		0	12.0439	39.8571	0	0	0	
2024-06-25 04:53:51	414	1001	5	0	0	6	25	0	0	0	25	0	0	0	25	0	0	0	25	0	0	5.195		99.947	40.349	0.051276	0	0.513032	0.483829	19.3409	2		0	12.0439	39.9871	0	0	0	
2024-06-25 04:46:46	366	1002	5	0	0	2	9	0	0	0	9	0	0	2.75	9	0	0	0	9	0	0	0.649		99.9698	39.8452	0.283597	0	2.83682	0.186928	13.3682	1		0	12.0439	41.4165	0	0	0	
2024-06-25 04:54:47	420	1003	1	0	0	7	29	0	0	0	29	0	0	1.25	29	0	0	0	29	0	0	4.979		99.9441	40.3946	0.0468851	0	0.469113	0.0663043	16.9483	1		0	12.0439	39.8571	0	0	0	
2024-06-25 04:41:51	332	1004	9	0	0	0	1	0	0	0	1	0	0	5.5	1	0	0	0	1	0	0	4.762		99.9769	39.6167	0.0588415	0	0.588551	0.276014	20.3389	1		0	12.0439	44.5352	0	0	0	
2024-06-25 04:42:00	333	1005	5	0	0	0	1	0	0	0	1	0	0	4.25	1	0	0	0	1	0	0	3.68		99.9742	39.5927	0.0557616	0	0.55776	0.101169	14.8942	1		0.0088623	12.0439	44.2753	0	0	0	
