Time	MeasID	DPID	Channel	A(x)	A(y)	A(z)	A(adr)	B(x)	B(y)	B(z)	B(adr)	M(x)	M(y)	M(z)	M(adr)	N(x)	N(y)	N(z)	N(adr)	F(x)	F(y)	F(z)	Note	I(mA)	Uout(V)	U(V)	SP(V)	R(Ohm)	Var(%)	Rho-a(Ohm-m)	Cycles	IP Delay Window(mV/V)	Pint(V)	Pext(V)	T int(deg C)	T log(deg C)	Latitude	Longitude
2024-06-23 08:44:24	438	1006	1	0	0	7.75	32	0	0	0	32	0	0	2	32	0	0	0	32	0	0	4.979		99.9168	40.1893	0.0416911	0	0.417259	0.00453015	15.0749	1		0	12.0439	36.8684	0	0	0	
2024-06-23 08:38:55	395	1007	5	0	0	5	21	0	0	0	21	0	0	7.5	21	0	0	0	21	0	0	2.165		99.9224	40.3608	0.0892971	0	0.893664	0.013029	14.0376	1		0	12.0439	37.2582	0	0	0	
2024-06-23 08:39:10	397	1008	9	0	0	5	21	0	0	0	21	0	0	6.25	21	0	0	0	21	0	0	1.082		99.9249	40.3249	0.190205	0	1.90348	0.102159	14.9499	1		0	12.0439	37.2582	0	0	0	
2024-06-23 08:36:21	374	1009	1	0	0	3	13	0	0	0	13	0	0	1.75	13	0	0	0	13	0	0	1.082		99.9208	40.5488	0.172537	0	1.72674	0.182583	13.5618	1		0	12.0439	37.778	0	0	0	
2024-06-23 08:43:24	430	1010	9	0	0	7.75	32	0	0	0	32	0	0	6.75	32	0	0	0	32	0	0	0.866		99.9197	40.2377	0.240203	0	2.40396	0.00537205	15.1045	1		0	12.0439	36.8684	0	0	0	
2024-06-23 08:49:23	478	1011	1	0	0	3.25	14	0	0	0	14	0	0	2.5	14	0	0	0	14	0	0	0.649		99.9227	40.1176	0.294647	0	2.94875	0.112605	13.8956	1		0	12.0439	36.9983	0	0	0	
2024-06-23 08:37:27	383	1012	5	0	0	4	17	0	0	0	17	0	0	7.5	17	0	0	0	17	0	0	3.031		99.9202	39.8169	0.06532	0	0.653722	0.133362	14.3761	1		0	12.0439	37.5181	0	0	0	
2024-06-23 08:37:20	382	1013	9	0	0	4	17	0	0	0	17	0	0	6.25	17	0	0	0	17	0	0	1.948		99.9204	39.8346	0.101413	0	1.01493	0.037312	14.3483	1		0	12.0439	37.5181	0	0	0	
2024-06-23 08:36:43	377	1014	1	0	0	3	13	0	0	0	13	0	0	3.5	13	0	0	0	13	0	0	0.433		99.9175	40.5194	0.43851	0	4.38872	0.118799	13.7876	1		0	12.0439	37.5181	0	0	0	
2024-06-23 08:34:16	357	1015	5	0	0	2	9	0	0	0	9	0	0	6.75	9	0	0	0	9	0	0	4.113		99.9269	40.0692	0.0526061	0	0.526446	0.121167	15.7118	1		0	12.0439	38.4277	0	0	0	
2024-06-23 08:41:53	418	1016	9	0	0	7	29	0	0	0	29	0	0	5.75	29	0	0	0	29	0	0	1.082		99.9176	40.1614	0.190749	0	1.90907	0.201677	14.9938	1		0	12.0439	36.9983	0	0	0	
2024-06-23 08:42:22	422	1017	9	0	0	7	29	0	0	0	29	0	0	4.5	29	0	0	0	29	0	0	2.165		99.9204	40.1453	0.0905516	0	0.906238	0.0797387	14.2352	1		0	11.9375	36.9983	0	0	0	
2024-06-23 08:32:36	344	1018	5	0	0	1	5	0	0	0	5	0	0	5.25	5	0	0	0	5	0	0	3.68		99.9305	39.7432	0.0591032	0	0.591443	0.0504553	15.7936	1		0	12.0439	39.2074	0	0	0	
2024-06-23 08:32:28	343	1019	5	0	0	1	5	0	0	0	5	0	0	4	5	0	0	0	5	0	0	2.598		99.9315	39.6394	0.0729082	0	0.729581	0.236705	13.7523	1		0	12.0439	39.0775	0	0	0	
2024-06-23 08:47:52	466	1020	1	0	0	4.75	20	0	0	0	20	0	0	3	20	0	0	0	20	0	0	1.515		99.9195	39.8053	0.124394	0	1.24494	0.262507	13.6889	1		0.0088623	12.0439	36.9983	0	0	0	
2024-06-23 08:41:06	412	1021	1	0	0	6	25	0	0	0	25	0	0	3	25	0	0	0	25	0	0	2.598		99.9191	40.1601	0.076059	0	0.761206	0.28283	14.3484	1		0	11.9375	36.8684	0	0	0	
2024-06-23 08:34:08	356	1022	1	0	0	2	9	0	0	0	9	0	0	2.25	9	0	0	0	9	0	0	0.216		99.9264	40.0063	0.683977	0	6.84481	0.0235406	10.7518	1		0	12.0439	38.5577	0	0	0	
2024-06-23 08:42:22	422	1023	1	0	0	7	29	0	0	0	29	0	0	0.5	29	0	0	0	29	0	0	5.628		99.9204	40.1453	0.0430412	0	0.430755	0.606299	17.5923	1		0	11.9375	36.9983	0	0	0	
2024-06-23 08:31:18	334	1024	1	0	0	0	1	0	0	0	1	0	0	3.5	1	0	0	0	1	0	0	3.031		99.9327	39.93	0.0677049	0	0.677506	0.056554	14.8991	2		0	12.0439	40.117	0	0	0	
2024-06-23 08:49:15	477	1025	1	0	0	1.75	8	0	0	0	8	0	0	0	8	0	0	0	8	0	0	1.515		99.9208	39.9745	0.119626	0	1.19721	0.178641	13.164	1		0	12.0439	36.9983	0	0	0	
2024-06-23 08:40:29	407	1026	9	0	0	6	25	0	0	0	25	0	0	7	25	0	0	0	25	0	0	0.866		99.9232	40.2107	0.247091	0	2.47281	0.107692	15.5371	1		0.0088623	12.0439	37.1283	0	0	0	
2024-06-23 08:48:32	471	1027	1	0	0	6.5	27	0	0	0	27	0	0	1.25	27	0	0	0	27	0	0	4.546		99.9233	39.9814	0.0522166	0	0.522566	0.196038	17.2378	1		0	12.0439	36.9983	0	0	0	
2024-06-23 08:44:24	438	1028	5	0	0	7.75	32	0	0	0	32	0	0	1.25	32	0	0	0	32	0	0	5.628		99.9168	40.1893	0.0390517	0	0.390842	0.0376711	15.9623	1		0	12.0439	36.8684	0	0	0	
2024-06-23 08:38:47	394	1029	1	0	0	5	21	0	0	0	21	0	0	5.5	21	0	0	0	21	0	0	0.433		99.9211	40.3382	0.458276	0	4.58638	0.21851	14.4085	1		0	12.0439	37.2582	0	0	0	
2024-06-23 08:38:25	391	1030	5	0	0	5	21	0	0	0	21	0	0	4.25	21	0	0	0	21	0	0	0.649		99.9192	40.3872	0.315041	0	3.15296	0.191979	14.858	1		0	12.0439	37.3882	0	0	0	
2024-06-23 08:35:58	371	1031	1	0	0	3	13	0	0	0	13	0	0	1	13	0	0	0	13	0	0	1.732		99.9218	40.5696	0.104841	0	1.04923	0.0390095	13.185	1		0	12.0439	37.908	0	0	0	
2024-06-23 08:33:54	354	1032	1	0	0	1	5	0	0	0	5	0	0	2	5	0	0	0	5	0	0	0.866		99.9267	39.673	0.21336	0	2.13516	0.0551346	13.4156	1		0	12.0439	38.5577	0	0	0	
2024-06-23 08:45:21	446	1033	9	0	0	1.75	8	0	0	0	8	0	0	6	8	0	0	0	8	0	0	3.68		99.9198	40.0681	0.0596913	0	0.597392	0.106128	15.9525	1		0	12.0439	36.9983	0	0	0	
2024-06-23 08:38:18	390	1034	1	0	0	4	17	0	0	0	17	0	0	2.25	17	0	0	0	17	0	0	1.515		99.9185	39.7504	0.121907	0	1.22006	0.0765645	13.4153	1		0	12.0439	37.3882	0	0	0	
2024-06-23 08:43:24	430	1035	5	0	0	7.75	32	0	0	0	32	0	0	6	32	0	0	0	32	0	0	1.515		99.9197	40.2377	0.130527	0	1.30632	0.135664	14.3637	1		0	12.0439	36.8684	0	0	0	
2024-06-23 08:43:32	431	1036	5	0	0	7.75	32	0	0	0	32	0	0	4.75	32	0	0	0	32	0	0	2.598		99.9176	40.2287	0.0733649	0	0.734254	0.151854	13.8404	1		0	12.0439	36.9983	0	0	0	
2024-06-23 08:41:28	415	1037	1	0	0	6	25	0	0	0	25	0	0	2	25	0	0	0	25	0	0	3.464		99.9191	40.1315	0.0628258	0	0.628767	0.0746481	15.8026	2		0	12.0439	36.9983	0	0	0	
2024-06-23 08:37:05	380	1038	9	0	0	4	17	0	0	0	17	0	0	5.5	17	0	0	0	17	0	0	1.299		99.9224	39.852	0.155907	0	1.56028	0.0725774	14.7053	1		0	12.0439	37.5181	0	0	0	
2024-06-23 08:37:05	380	1039	5	0	0	4	17	0	0	0	17	0	0	4.25	17	0	0	0	17	0	0	0.216		99.9224	39.852	0.76897	0	7.69567	0.118907	12.0883	1		0	12.0439	37.5181	0	0	0	
2024-06-23 08:32:14	341	1040	5	0	0	0	1	0	0	0	1	0	0	1.75	1	0	0	0	1	0	0	1.515		99.9293	39.8465	0.120231	0	1.20316	0.173525	13.2294	1		0	12.0439	39.3374	0	0	0	
2024-06-23 08:50:21	486	1041	1	0	0	3.75	16	0	0	4	16	0	0	3.5	16	0	0	4.25	16	0	0	0.13		99.9223	16.7199	0.483388	0	4.83764	0.280926	7.59894	1		0	12.0439	37.1283	0	0	0	
2024-06-23 08:36:28	375	1042	5	0	0	3	13	0	0	0	13	0	0	2.75	13	0	0	0	13	0	0	0.216		99.9187	40.5333	0.679986	0	6.80539	0.174429	10.6899	1		0	12.0439	37.778	0	0	0	
2024-06-23 08:34:01	355	1043	5	0	0	2	9	0	0	0	9	0	0	6	9	0	0	0	9	0	0	3.464		99.9259	40.0174	0.0620438	0	0.620897	0.0935854	15.6049	1		0	12.0439	38.5577	0	0	0	
2024-06-23 08:34:24	358	1044	9	0	0	2	9	0	0	0	9	0	0	4.75	9	0	0	0	9	0	0	2.381		99.9276	40.0005	0.0812402	0	0.81299	0.0538029	14.0475	1		0	12.0439	38.4277	0	0	0	
2024-06-23 08:42:00	419	1045	9	0	0	7	29	0	0	0	29	0	0	5	29	0	0	0	29	0	0	1.732		99.9166	40.1671	0.113104	0	1.13198	0.0585339	14.2249	1		0	12.0439	36.9983	0	0	0	
2024-06-23 08:42:45	425	1046	1	0	0	7	29	0	0	0	29	0	0	3.75	29	0	0	0	29	0	0	2.814		99.9192	40.0846	0.0707657	0	0.708229	0.00193376	14.4623	1		0	12.0439	36.8684	0	0	0	
2024-06-23 08:33:22	350	1047	1	0	0	1	5	0	0	0	5	0	0	3.25	5	0	0	0	5	0	0	1.948		99.9307	39.701	0.0933591	0	0.934238	0.048243	13.2075	2		0	12.0439	38.8176	0	0	0	
2024-06-23 08:45:01	443	1048	9	0	0	2.75	12	0	0	0	12	0	0	5	12	0	0	0	12	0	0	1.948		99.9166	39.751	0.0956106	0	0.956904	0.0703307	13.5279	1		0	12.0439	36.9983	0	0	0	
2024-06-23 08:38:40	393	1049	1	0	0	5	21	0	0	0	21	0	0	1.75	21	0	0	0	21	0	0	2.814		99.9189	40.3496	0.0713158	0	0.713736	0.12188	14.5747	1		0	11.9375	37.2582	0	0	0	
2024-06-23 08:35:22	366	1050	1	0	0	2	9	0	0	0	9	0	0	1.5	9	0	0	0	9	0	0	0.433		99.9233	39.9125	0.420088	0	4.2041	0.0612412	13.2076	1		0	12.0439	38.0379	0	0	0	
2024-06-23 08:32:07	340	1051	5	0	0	0	1	0	0	0	1	0	0	2.75	1	0	0	0	1	0	0	2.381		99.9343	39.8722	0.105316	0	1.05385	0.61339	18.2092	1		0	12.0439	39.4673	0	0	0	
2024-06-23 08:44:53	442	1052	9	0	0	3.25	14	0	0	0	14	0	0	4.5	14	0	0	0	14	0	0	1.082		99.9112	40.2225	0.179703	0	1.79863	0.0148436	14.1264	1		0	12.0439	36.9983	0	0	0	
2024-06-23 08:35:51	370	1053	5	0	0	3	13	0	0	0	13	0	0	6.75	13	0	0	0	13	0	0	3.247		99.9224	40.613	0.0634122	0	0.634614	0.515737	14.9528	1		0	12.0439	37.908	0	0	0	
2024-06-23 08:33:22	350	1054	5	0	0	1	5	0	0	0	5	0	0	7.25	5	0	0	0	5	0	0	5.412		99.9307	39.701	0.0545789	0	0.546167	0.0847342	21.4479	2		0	12.0439	38.8176	0	0	0	
2024-06-23 08:40:43	409	1055	5	0	0	6	25	0	0	0	25	0	0	7.5	25	0	0	0	25	0	0	1.299		99.9227	40.1979	0.153659	0	1.53778	0.0230192	14.4933	1		0	12.0439	37.1283	0	0	0	
2024-06-23 08:40:51	410	1056	9	0	0	6	25	0	0	0	25	0	0	6.25	25	0	0	0	25	0	0	0.216		99.9207	40.1735	0.749463	0	7.50058	0.188891	11.7819	1		0	12.0439	37.1283	0	0	0	
2024-06-23 08:43:07	428	1057	1	0	0	7.75	32	0	0	0	32	0	0	0.5	32	0	0	0	32	0	0	6.278		99.9194	40.2346	0.0362572	0	0.362865	0.421447	16.5296	1		0	12.0439	36.8684	0	0	0	
2024-06-23 08:39:43	401	1058	1	0	0	5	21	0	0	0	21	0	0	3.5	21	0	0	0	21	0	0	1.299		99.9255	40.2461	0.147284	0	1.47394	0.0469039	13.8916	1		0	12.0439	37.1283	0	0	0	
2024-06-23 08:36:36	376	1059	1	0	0	3	13	0	0	0	13	0	0	0.25	13	0	0	0	13	0	0	2.381		99.9194	40.5306	0.0772662	0	0.773286	0.0223552	13.3614	1		0	12.0439	37.6481	0	0	0	
2024-06-23 08:33:15	349	1060	1	0	0	1	5	0	0	0	5	0	0	1.25	5	0	0	0	5	0	0	0.216		99.9296	39.7682	0.681347	0	6.81827	0.159081	10.7101	1		0	12.0439	38.8176	0	0	0	
2024-06-23 08:38:18	390	1061	5	0	0	4	17	0	0	0	17	0	0	1.5	17	0	0	0	17	0	0	2.165		99.9185	39.7504	0.0852774	0	0.853469	0.200987	13.4063	1		0	12.0439	37.3882	0	0	0	
2024-06-23 08:45:29	447	1062	9	0	0	1.5	7	0	0	0	7	0	0	6.25	7	0	0	0	7	0	0	4.113		99.9189	39.2946	0.0562772	0	0.563229	0.218726	16.8096	2		0	12.0439	36.8684	0	0	0	
2024-06-23 08:43:47	433	1063	9	0	0	7.75	32	0	0	0	32	0	0	5.25	32	0	0	0	32	0	0	2.165		99.9223	40.286	0.0874624	0	0.875305	0.205023	13.7493	1		0	12.0439	36.9983	0	0	0	
2024-06-23 08:43:39	432	1064	5	0	0	7.75	32	0	0	0	32	0	0	4	32	0	0	0	32	0	0	3.247		99.9225	40.2535	0.0592113	0	0.592572	0.258102	13.9622	1		0	12.0439	36.9983	0	0	0	
2024-06-23 08:41:20	414	1065	1	0	0	6	25	0	0	0	25	0	0	1.25	25	0	0	0	25	0	0	4.113		99.9194	40.1533	0.0563692	0	0.564147	0.15252	16.8371	1		0.0088623	12.0439	36.9983	0	0	0	
2024-06-23 08:37:20	382	1066	1	0	0	4	17	0	0	0	17	0	0	3.5	17	0	0	0	17	0	0	0.433		99.9204	39.8346	0.466423	0	4.66794	0.0587246	14.6648	1		0	12.0439	37.5181	0	0	0	
2024-06-23 08:32:14	341	1067	1	0	0	0	1	0	0	0	1	0	0	1	1	0	0	0	1	0	0	0.866		99.9293	39.8465	0.218815	0	2.1897	0.131424	13.7583	1		0	12.0439	39.3374	0	0	0	
2024-06-23 08:34:08	356	1068	5	0	0	2	9	0	0	0	9	0	0	5.25	9	0	0	0	9	0	0	2.814		99.9264	40.0063	0.0747234	0	0.747784	0.999135	15.27	1		0	12.0439	38.5577	0	0	0	
2024-06-23 08:34:53	362	1069	9	0	0	2	9	0	0	0	9	0	0	4	9	0	0	0	9	0	0	1.732		99.9264	39.9656	0.107237	0	1.07316	0.038048	13.4857	1		0	12.0439	38.1678	0	0	0	
2024-06-23 08:49:31	479	1070	1	0	0	3.5	15	0	0	0	15	0	0	2.25	15	0	0	0	15	0	0	1.082		99.9216	39.3808	0.173576	0	1.73712	0.10158	13.6433	1		0	12.0439	36.9983	0	0	0	
2024-06-23 08:42:30	423	1071	1	0	0	7	29	0	0	0	29	0	0	3	29	0	0	0	29	0	0	3.464		99.914	40.1193	0.0586791	0	0.587296	0.206017	14.7604	1		0	12.0439	36.9983	0	0	0	
2024-06-23 08:32:43	345	1072	1	0	0	1	5	0	0	0	5	0	0	2.5	5	0	0	0	5	0	0	1.299		99.9371	39.8161	0.141097	0	1.41186	0.146474	13.3065	1		0	12.0439	39.0775	0	0	0	
2024-06-23 08:31:36	336	1073	9	0	0	0	1	0	0	0	1	0	0	6.75	1	0	0	0	1	0	0	5.845		99.9366	39.9502	0.0409171	0	0.40943	0.271857	17.3646	1		0	12.0439	39.7272	0	0	0	
2024-06-23 08:46:32	455	1074	1	0	0	2.75	12	0	0	0	12	0	0	3	12	0	0	0	12	0	0	0.216		99.9182	39.7455	0.682172	0	6.82731	0.0412747	10.7243	1		0	12.0439	36.9983	0	0	0	
2024-06-23 08:38:55	395	1075	1	0	0	5	21	0	0	0	21	0	0	1	21	0	0	0	21	0	0	3.464		99.9224	40.3608	0.0611755	0	0.612231	0.02036	15.387	1		0	12.0439	37.2582	0	0	0	
2024-06-23 08:51:32	495	1076	1	0	0	0.5	3	0	0	7.25	3	0	0	2.75	3	0	0	5	3	0	0	1.168		99.9237	18.2413	0.0733459	0	0.734019	0.142751	10.3769	2		0	12.0439	37.1283	0	0	0	
2024-06-23 08:47:16	461	1077	9	0	0	6.75	28	0	0	0	28	0	0	7	28	0	0	0	28	0	0	0.216		99.9224	39.9225	0.728442	0	7.29007	0.00818023	11.4512	1		0	12.0439	36.9983	0	0	0	
2024-06-23 08:34:16	357	1078	1	0	0	2	9	0	0	0	9	0	0	0.75	9	0	0	0	9	0	0	1.082		99.9269	40.0692	0.168281	0	1.68404	0.0110536	13.2264	1		0	12.0439	38.4277	0	0	0	
2024-06-23 08:36:14	373	1079	9	0	0	3	13	0	0	0	13	0	0	6	13	0	0	0	13	0	0	2.598		99.9199	40.5553	0.0760137	0	0.760746	0.232368	14.3397	1		0	12.0439	37.778	0	0	0	
2024-06-23 08:35:58	371	1080	9	0	0	3	13	0	0	0	13	0	0	4.75	13	0	0	0	13	0	0	1.515		99.9218	40.5696	0.125217	0	1.25315	0.0624918	13.7791	1		0	12.0439	37.908	0	0	0	
2024-06-23 08:33:22	350	1081	9	0	0	1	5	0	0	0	5	0	0	7.75	5	0	0	0	5	0	0	5.845		99.9307	39.701	0.0388317	0	0.388586	0.0713225	16.4805	2		0	12.0439	38.8176	0	0	0	
2024-06-23 08:33:07	348	1082	9	0	0	1	5	0	0	0	5	0	0	6.5	5	0	0	0	5	0	0	4.762		99.9302	39.9279	0.0501039	0	0.501389	0.0283017	17.3267	1		0	12.0439	38.8176	0	0	0	
2024-06-23 08:40:51	410	1083	5	0	0	6	25	0	0	0	25	0	0	5.5	25	0	0	0	25	0	0	0.433		99.9207	40.1735	0.466611	0	4.66981	0.187804	14.6706	1		0	12.0439	37.1283	0	0	0	
2024-06-23 08:40:03	404	1084	9	0	0	6	25	0	0	0	25	0	0	4.25	25	0	0	0	25	0	0	1.515		99.9235	40.1233	0.131488	0	1.31588	0.056941	14.4689	2		0	12.0439	37.1283	0	0	0	
2024-06-23 08:39:24	399	1085	5	0	0	5	21	0	0	0	21	0	0	2.75	21	0	0	0	21	0	0	1.948		99.9207	40.2631	0.0955861	0	0.956619	0.150312	13.5239	2		0	12.0439	37.2582	0	0	0	
2024-06-23 08:33:33	351	1086	5	0	0	1	5	0	0	0	5	0	0	0.5	5	0	0	0	5	0	0	0.433		99.9297	39.6707	0.437452	0	4.3776	0.198748	13.7526	1		0	12.0439	38.6876	0	0	0	
2024-06-23 08:37:57	387	1087	5	0	0	4	17	0	0	0	17	0	0	0.75	17	0	0	0	17	0	0	2.814		99.9197	39.7737	0.0686819	0	0.687371	0.0650908	14.0364	1		0	12.0439	37.3882	0	0	0	
2024-06-23 08:43:55	434	1088	1	0	0	7.75	32	0	0	0	32	0	0	3.25	32	0	0	0	32	0	0	3.897		99.9196	40.2314	0.0500766	0	0.501169	0.00114296	14.1702	1		0	12.0439	36.9983	0	0	0	
2024-06-23 08:50:50	490	1089	1	0	0	2.75	12	0	0	5	12	0	0	0.5	12	0	0	7.25	12	0	0	1.168		99.9184	17.9451	0.0734722	0	0.735322	0.283557	10.3954	1		0	12.0439	37.1283	0	0	0	
2024-06-23 08:45:39	448	1090	9	0	0	1.25	6	0	0	0	6	0	0	6.5	6	0	0	0	6	0	0	4.546		99.9211	39.9293	0.0508351	0	0.508752	0.32121	16.7821	1		0	12.0439	36.9983	0	0	0	
2024-06-23 08:40:35	408	1091	1	0	0	6	25	0	0	0	25	0	0	0.5	25	0	0	0	25	0	0	4.762		99.9239	40.2168	0.0516218	0	0.516611	0.738499	17.8528	1		0	12.0439	36.9983	0	0	0	
2024-06-23 08:38:04	388	1092	5	0	0	4	17	0	0	0	17	0	0	2.75	17	0	0	0	17	0	0	1.082		99.9179	39.7738	0.176969	0	1.77115	0.190177	13.9106	1		0	12.0439	37.2582	0	0	0	
2024-06-23 08:30:50	331	1093	1	0	0	0	1	0	0	0	1	0	0	0.25	1	0	0	0	1	0	0	0.216		99.9298	40.1171	0.685633	0	6.86114	0.00388596	10.7775	1		0	12.0705	40.5069	0	0	0	
2024-06-23 08:35:08	364	1094	5	0	0	2	9	0	0	0	9	0	0	3.25	9	0	0	0	9	0	0	1.082		99.9207	39.9499	0.174078	0	1.74216	0.16701	13.6829	1		0	12.0439	38.0379	0	0	0	
2024-06-23 08:42:37	424	1095	1	0	0	7	29	0	0	0	29	0	0	1.75	29	0	0	0	29	0	0	4.546		99.9184	40.1018	0.0497393	0	0.497799	0.177508	16.4208	1		0	12.0439	36.9983	0	0	0	
2024-06-23 08:31:43	337	1096	9	0	0	0	1	0	0	0	1	0	0	6	1	0	0	0	1	0	0	5.195		99.9387	39.9794	0.0479579	0	0.479873	0.845649	18.0908	1		0	12.0439	39.7272	0	0	0	
2024-06-23 08:31:10	333	1097	5	0	0	0	1	0	0	0	1	0	0	4.75	1	0	0	0	1	0	0	4.113		99.9326	39.9824	0.0520033	0	0.520384	0.394971	15.5309	1		0	12.0439	40.3769	0	0	0	
2024-06-23 08:48:46	473	1098	1	0	0	7.25	30	0	0	0	30	0	0	0.5	30	0	0	0	30	0	0	5.845		99.9227	40.1384	0.0466612	0	0.466972	0.43575	19.805	1		0	12.0439	36.9983	0	0	0	
2024-06-23 08:39:10	397	1099	1	0	0	5	21	0	0	0	21	0	0	0.25	21	0	0	0	21	0	0	4.113		99.9249	40.3249	0.0513193	0	0.513579	0.269476	15.3278	1		0	12.0439	37.2582	0	0	0	
2024-06-23 08:39:17	398	1100	5	0	0	5	21	0	0	0	21	0	0	6.75	21	0	0	0	21	0	0	1.515		99.9214	40.3303	0.133442	0	1.33547	0.100645	14.6843	1		0	12.0439	37.2582	0	0	0	
2024-06-23 08:36:14	373	1101	1	0	0	3	13	0	0	0	13	0	0	2.25	13	0	0	0	13	0	0	0.649		99.9199	40.5553	0.294374	0	2.9461	0.0856856	13.8832	1		0	12.0439	37.778	0	0	0	
2024-06-23 08:34:38	360	1102	1	0	0	2	9	0	0	0	9	0	0	0	9	0	0	0	9	0	0	1.732		99.9247	39.9612	0.122126	0	1.22218	0.52156	15.3584	1		0	12.0439	38.2978	0	0	0	
2024-06-23 08:47:23	462	1103	9	0	0	6.5	27	0	0	0	27	0	0	7.25	27	0	0	0	27	0	0	0.649		99.9179	40.0423	0.318819	0	3.19081	0.681089	15.0363	1		0	12.0439	36.9983	0	0	0	
2024-06-23 08:43:55	434	1104	5	0	0	7.75	32	0	0	0	32	0	0	7.25	32	0	0	0	32	0	0	0.433		99.9196	40.2314	0.449364	0	4.49725	0.304502	14.1285	1		0	12.0439	36.9983	0	0	0	
2024-06-23 08:48:53	474	1105	1	0	0	7.5	31	0	0	0	31	0	0	0.25	31	0	0	0	31	0	0	6.278		99.9249	40.0033	0.0364733	0	0.365007	0.166978	16.6272	1		0	12.0439	36.9983	0	0	0	
2024-06-23 08:46:11	452	1106	1	0	0	0.75	4	0	0	0	4	0	0	1	4	0	0	0	4	0	0	0.216		99.9192	40.06	0.690988	0	6.91547	0.0443081	10.8628	1		0	12.0439	36.9983	0	0	0	
2024-06-23 08:48:07	468	1107	1	0	0	5.5	23	0	0	0	23	0	0	2.25	23	0	0	0	23	0	0	2.814		99.9182	39.6452	0.0794055	0	0.794705	0.298318	16.2282	2		0	12.0439	36.9983	0	0	0	
2024-06-23 08:37:12	381	1108	5	0	0	4	17	0	0	0	17	0	0	6.75	17	0	0	0	17	0	0	2.381		99.9221	39.8571	0.0836435	0	0.837087	0.0429249	14.4638	1		0	12.0439	37.5181	0	0	0	
2024-06-23 08:35:44	369	1109	9	0	0	3	13	0	0	0	13	0	0	5.25	13	0	0	0	13	0	0	1.948		99.9259	40.6009	0.0978389	0	0.979115	0.0702633	13.8419	1		0	12.0439	37.908	0	0	0	
2024-06-23 08:35:30	367	1110	9	0	0	3	13	0	0	0	13	0	0	4	13	0	0	0	13	0	0	0.866		99.9229	40.6506	0.231127	0	2.31305	0.0466283	14.5333	1		0	12.0439	38.0379	0	0	0	
2024-06-23 08:34:45	361	1111	9	0	0	2	9	0	0	0	9	0	0	7.25	9	0	0	0	9	0	0	4.546		99.9179	39.9394	0.0528997	0	0.529431	0.26425	17.4642	1		0	12.0439	38.2978	0	0	0	
2024-06-23 08:41:46	417	1112	5	0	0	7	29	0	0	0	29	0	0	7.5	29	0	0	0	29	0	0	0.433		99.9199	40.1413	0.442238	0	4.42593	0.112608	13.9045	1		0	12.0439	36.9983	0	0	0	
2024-06-23 08:41:38	416	1113	5	0	0	7	29	0	0	0	29	0	0	6.25	29	0	0	0	29	0	0	0.649		99.9223	40.1204	0.324313	0	3.24565	0.32756	15.2948	1		0	12.0439	36.8684	0	0	0	
2024-06-23 08:33:07	348	1114	5	0	0	1	5	0	0	0	5	0	0	5.75	5	0	0	0	5	0	0	4.113		99.9302	39.9279	0.0522863	0	0.523228	0.179599	15.6158	1		0	12.0439	38.8176	0	0	0	
2024-06-23 08:32:43	345	1115	9	0	0	1	5	0	0	0	5	0	0	4.5	5	0	0	0	5	0	0	3.031		99.9371	39.8161	0.0681983	0	0.682412	0.339773	15.007	1		0	12.0439	39.0775	0	0	0	
2024-06-23 08:41:06	412	1116	5	0	0	6	25	0	0	0	25	0	0	3.5	25	0	0	0	25	0	0	2.165		99.9191	40.1601	0.088414	0	0.884856	0.0502652	13.8993	1		0	11.9375	36.8684	0	0	0	
2024-06-23 08:38:11	389	1117	5	0	0	4	17	0	0	0	17	0	0	0	17	0	0	0	17	0	0	3.464		99.9186	39.7611	0.0601477	0	0.601967	0.255564	15.1291	1		0	12.0439	37.3882	0	0	0	
2024-06-23 08:44:17	437	1118	5	0	0	7.75	32	0	0	0	32	0	0	2.5	32	0	0	0	32	0	0	4.546		99.9191	40.1969	0.0453165	0	0.453532	0.287907	14.9605	1		0	12.0439	36.8684	0	0	0	
2024-06-23 08:34:45	361	1119	1	0	0	2	9	0	0	0	9	0	0	2.5	9	0	0	0	9	0	0	0.433		99.9179	39.9394	0.420343	0	4.20688	0.0776047	13.2163	1		0	12.0439	38.2978	0	0	0	
2024-06-23 08:42:53	426	1120	5	0	0	7	29	0	0	0	29	0	0	1	29	0	0	0	29	0	0	5.195		99.923	40.0895	0.0457257	0	0.457609	0.276661	17.2515	1		0	12.0439	36.9983	0	0	0	
2024-06-23 08:31:28	335	1121	9	0	0	0	1	0	0	0	1	0	0	5.25	1	0	0	0	1	0	0	4.546		99.9348	39.9229	0.0493832	0	0.494154	0.460311	16.3005	1		0	12.0439	40.117	0	0	0	
2024-06-23 08:30:50	331	1122	9	0	0	0	1	0	0	0	1	0	0	4	1	0	0	0	1	0	0	3.464		99.9298	40.1171	0.0601658	0	0.602081	0.313851	15.1319	1		0	12.0705	40.5069	0	0	0	
2024-06-23 08:44:02	435	1123	1	0	0	7.75	32	0	0	0	32	0	0	1.75	32	0	0	0	32	0	0	5.195		99.9187	40.2355	0.0409149	0	0.409482	0.349138	15.4371	1		0	12.0439	36.9983	0	0	0	
2024-06-23 08:38:33	392	1124	9	0	0	5	21	0	0	0	21	0	0	6	21	0	0	0	21	0	0	0.866		99.9159	40.359	0.240506	0	2.40708	0.0477321	15.1241	1		0	12.0439	37.2582	0	0	0	
2024-06-23 08:38:40	393	1125	9	0	0	5	21	0	0	0	21	0	0	4.75	21	0	0	0	21	0	0	0.216		99.9189	40.3496	0.707718	0	7.08292	0.0459234	11.1258	1		0	11.9375	37.2582	0	0	0	
2024-06-23 08:36:51	378	1126	1	0	0	3	13	0	0	0	13	0	0	1.5	13	0	0	0	13	0	0	1.299		99.9186	40.5028	0.140082	0	1.40196	0.267439	13.2132	1		0.0088623	12.0439	37.6481	0	0	0	
2024-06-23 08:43:07	428	1127	9	0	0	7.75	32	0	0	0	32	0	0	6.5	32	0	0	0	32	0	0	1.082		99.9194	40.2346	0.18826	0	1.88412	0.065236	14.7979	1		0	12.0439	36.8684	0	0	0	
2024-06-23 08:45:15	445	1128	9	0	0	2.25	10	0	0	0	10	0	0	5.5	10	0	0	0	10	0	0	2.814		99.9154	40.267	0.0770592	0	0.771244	0.191086	15.7491	1		0	12.0439	36.9983	0	0	0	
2024-06-23 08:50:42	489	1129	1	0	0	3	13	0	0	4.75	13	0	0	1.25	13	0	0	6.5	13	0	0	0.908		99.9244	18.284	0.0966881	0	0.967612	0.0996753	10.6395	1		0	11.9552	37.1283	0	0	0	
2024-06-23 08:36:57	379	1130	9	0	0	4	17	0	0	0	17	0	0	6	17	0	0	0	17	0	0	1.732		99.921	39.8489	0.113451	0	1.13541	0.0848926	14.2679	1		0	12.0439	37.5181	0	0	0	
2024-06-23 08:37:42	385	1131	9	0	0	4	17	0	0	0	17	0	0	4.75	17	0	0	0	17	0	0	0.649		99.9183	39.7908	0.32794	0	3.28208	0.142489	15.4664	1		0	11.9375	37.5181	0	0	0	
2024-06-23 08:31:36	336	1132	1	0	0	0	1	0	0	0	1	0	0	2.25	1	0	0	0	1	0	0	1.948		99.9366	39.9502	0.10246	0	1.02525	0.0873488	14.4941	1		0	12.0439	39.7272	0	0	0	
2024-06-23 08:50:35	488	1133	1	0	0	3.25	14	0	0	4.5	14	0	0	2	14	0	0	5.75	14	0	0	0.649		99.9236	18.1303	0.159276	0	1.59398	0.669346	12.5191	1		0	12.0439	36.9983	0	0	0	
2024-06-23 08:35:37	368	1134	1	0	0	3	13	0	0	0	13	0	0	3.25	13	0	0	0	13	0	0	0.216		99.9267	40.6194	0.698133	0	6.98645	0.0636684	10.9743	1		0	12.0439	38.0379	0	0	0	
2024-06-23 08:34:31	359	1135	5	0	0	2	9	0	0	0	9	0	0	7.75	9	0	0	0	9	0	0	4.979		99.9251	39.9699	0.0427654	0	0.427974	0.456717	15.462	1		0	12.0439	38.2978	0	0	0	
2024-06-23 08:34:16	357	1136	9	0	0	2	9	0	0	0	9	0	0	6.5	9	0	0	0	9	0	0	3.897		99.9269	40.0692	0.0547421	0	0.547821	0.175886	15.4893	1		0	12.0439	38.4277	0	0	0	
2024-06-23 08:42:00	419	1137	5	0	0	7	29	0	0	0	29	0	0	5.5	29	0	0	0	29	0	0	1.299		99.9166	40.1671	0.155394	0	1.55524	0.0110914	14.6578	1		0	12.0439	36.9983	0	0	0	
2024-06-23 08:42:22	422	1138	5	0	0	7	29	0	0	0	29	0	0	4.25	29	0	0	0	29	0	0	2.381		99.9204	40.1453	0.0830452	0	0.831114	0.057638	14.3606	1		0	11.9375	36.9983	0	0	0	
2024-06-23 08:32:59	347	1139	5	0	0	1	5	0	0	0	5	0	0	5	5	0	0	0	5	0	0	3.464		99.9287	39.8615	0.0611222	0	0.611658	0.599661	15.3726	1		0	12.0439	38.6876	0	0	0	
2024-06-23 08:32:36	344	1140	1	0	0	1	5	0	0	0	5	0	0	3.75	5	0	0	0	5	0	0	2.381		99.9305	39.7432	0.0800314	0	0.80087	0.18204	13.838	1		0	12.0439	39.2074	0	0	0	
2024-06-23 08:40:14	405	1141	1	0	0	6	25	0	0	0	25	0	0	2.75	25	0	0	0	25	0	0	2.814		99.9198	40.2106	0.0705466	0	0.706032	0.0436498	14.4174	1		0.0088623	12.0439	37.1283	0	0	0	
2024-06-23 08:39:02	396	1142	1	0	0	5	21	0	0	0	21	0	0	2.25	21	0	0	0	21	0	0	2.381		99.9235	40.325	0.0797613	0	0.798223	0.028442	13.7923	1		0	12.0439	37.2582	0	0	0	
2024-06-23 08:41:53	418	1143	1	0	0	7	29	0	0	0	29	0	0	0.25	29	0	0	0	29	0	0	5.845		99.9176	40.1614	0.0403426	0	0.403758	0.357413	17.124	1		0	12.0439	36.9983	0	0	0	
2024-06-23 08:31:51	338	1144	1	0	0	0	1	0	0	0	1	0	0	3.25	1	0	0	0	1	0	0	2.814		99.9276	39.9306	0.069007	0	0.69057	0.152454	14.1017	1		0	12.0439	39.5972	0	0	0	
2024-06-23 08:35:37	368	1145	5	0	0	3	13	0	0	0	13	0	0	7.25	13	0	0	0	13	0	0	3.68		99.9267	40.6194	0.0639457	0	0.639926	0.58822	17.0883	1		0	12.0439	38.0379	0	0	0	
2024-06-23 08:40:14	405	1146	9	0	0	6	25	0	0	0	25	0	0	6.75	25	0	0	0	25	0	0	0.649		99.9198	40.2106	0.335025	0	3.35294	0.0923775	15.8004	1		0.0088623	12.0439	37.1283	0	0	0	
2024-06-23 08:44:39	440	1147	9	0	0	3.75	16	0	0	0	16	0	0	4	16	0	0	0	16	0	0	0.216		99.9152	39.9718	0.758923	0	7.59567	0.0154007	11.9313	1		0	12.0439	36.8684	0	0	0	
2024-06-23 08:43:32	431	1148	1	0	0	7.75	32	0	0	0	32	0	0	1	32	0	0	0	32	0	0	5.845		99.9176	40.2287	0.0380836	0	0.38115	0.204002	16.1652	1		0	12.0439	36.9983	0	0	0	
2024-06-23 08:39:02	396	1149	9	0	0	5	21	0	0	0	21	0	0	5.25	21	0	0	0	21	0	0	0.216		99.9235	40.325	0.722417	0	7.22969	0.0973326	11.3564	1		0	12.0439	37.2582	0	0	0	
2024-06-23 08:38:40	393	1150	5	0	0	5	21	0	0	0	21	0	0	4	21	0	0	0	21	0	0	0.866		99.9189	40.3496	0.237647	0	2.3784	0.904225	14.9439	1		0	11.9375	37.2582	0	0	0	
2024-06-23 08:36:36	376	1151	5	0	0	3	13	0	0	0	13	0	0	0.75	13	0	0	0	13	0	0	1.948		99.9194	40.5306	0.0934143	0	0.934896	0.0933733	13.2168	1		0	12.0439	37.6481	0	0	0	
2024-06-23 08:32:59	347	1152	1	0	0	1	5	0	0	0	5	0	0	1.75	5	0	0	0	5	0	0	0.649		99.9287	39.8615	0.293816	0	2.94025	0.204343	13.8556	1		0	12.0439	38.6876	0	0	0	
2024-06-23 08:37:12	381	1153	1	0	0	4	17	0	0	0	17	0	0	2	17	0	0	0	17	0	0	1.732		99.9221	39.8571	0.107194	0	1.07277	0.0257511	13.4809	1		0	12.0439	37.5181	0	0	0	
2024-06-23 08:43:39	432	1154	9	0	0	7.75	32	0	0	0	32	0	0	5.75	32	0	0	0	32	0	0	1.732		99.9225	40.2535	0.112014	0	1.12101	0.11601	14.087	1		0	12.0439	36.9983	0	0	0	
2024-06-23 08:44:02	435	1155	5	0	0	7.75	32	0	0	0	32	0	0	4.5	32	0	0	0	32	0	0	2.814		99.9187	40.2355	0.0677834	0	0.678386	0.270975	13.8529	1		0	12.0439	36.9983	0	0	0	
2024-06-23 08:46:47	457	1156	1	0	0	2.25	10	0	0	0	10	0	0	3.5	10	0	0	0	10	0	0	1.082		99.9178	40.2804	0.173725	0	1.73868	0.133828	13.6556	1		0	12.0439	36.8684	0	0	0	
2024-06-23 08:46:03	451	1157	9	0	0	0.25	2	0	0	0	2	0	0	7.5	2	0	0	0	2	0	0	6.278		99.9191	39.7377	0.0375126	0	0.37543	0.404225	17.102	1		0	12.0439	36.9983	0	0	0	
2024-06-23 08:40:43	409	1158	1	0	0	6	25	0	0	0	25	0	0	1.75	25	0	0	0	25	0	0	3.68		99.9227	40.1979	0.0612666	0	0.61314	0.793157	16.373	1		0	12.0439	37.1283	0	0	0	
2024-06-23 08:37:20	382	1159	5	0	0	4	17	0	0	0	17	0	0	5.25	17	0	0	0	17	0	0	1.082		99.9204	39.8346	0.189107	0	1.89258	0.0300977	14.8643	1		0	12.0439	37.5181	0	0	0	
2024-06-23 08:31:59	339	1160	5	0	0	0	1	0	0	0	1	0	0	1.5	1	0	0	0	1	0	0	1.299		99.9282	39.888	0.1403	0	1.404	0.0717833	13.2324	1		0	12.0439	39.5972	0	0	0	
2024-06-23 08:35:51	370	1161	1	0	0	3	13	0	0	0	13	0	0	2.5	13	0	0	0	13	0	0	0.433		99.9224	40.613	0.42281	0	4.23138	0.0921026	13.2933	1		0	12.0439	37.908	0	0	0	
2024-06-23 08:34:01	355	1162	9	0	0	2	9	0	0	0	9	0	0	5.75	9	0	0	0	9	0	0	3.247		99.9259	40.0174	0.0640151	0	0.640626	0.112512	15.0944	1		0	12.0439	38.5577	0	0	0	
2024-06-23 08:34:31	359	1163	9	0	0	2	9	0	0	0	9	0	0	4.5	9	0	0	0	9	0	0	2.165		99.9251	39.9699	0.0879038	0	0.879696	0.1442	13.8182	1		0	12.0439	38.2978	0	0	0	
2024-06-23 08:43:00	427	1164	1	0	0	7	29	0	0	0	29	0	0	3.5	29	0	0	0	29	0	0	3.031		99.9193	40.0819	0.0654625	0	0.655154	0.224582	14.4076	1		0	12.0439	36.9983	0	0	0	
2024-06-23 08:32:28	343	1165	1	0	0	1	5	0	0	0	5	0	0	3	5	0	0	0	5	0	0	1.732		99.9315	39.6394	0.105373	0	1.05445	0.00193759	13.2506	1		0	12.0439	39.0775	0	0	0	
2024-06-23 08:31:18	334	1166	5	0	0	0	1	0	0	0	1	0	0	7.25	1	0	0	0	1	0	0	6.278		99.9327	39.93	0.040419	0	0.404462	0.0989837	18.4245	2		0	12.0439	40.117	0	0	0	
2024-06-23 08:39:35	400	1167	5	0	0	5	21	0	0	0	21	0	0	1.5	21	0	0	0	21	0	0	3.031		99.9246	40.2532	0.0662049	0	0.662549	0.153456	14.5702	1		0	12.0439	37.2582	0	0	0	
2024-06-23 08:34:01	355	1168	1	0	0	2	9	0	0	0	9	0	0	1.25	9	0	0	0	9	0	0	0.649		99.9259	40.0174	0.286897	0	2.87109	0.098701	13.5297	1		0	12.0439	38.5577	0	0	0	
2024-06-23 08:49:08	476	1169	1	0	0	1.5	7	0	0	0	7	0	0	0.25	7	0	0	0	7	0	0	1.082		99.9199	39.2472	0.170504	0	1.7064	0.173344	13.4021	1		0	11.9375	36.9983	0	0	0	
2024-06-23 08:32:20	342	1170	1	0	0	0	1	0	0	0	1	0	0	2.5	1	0	0	0	1	0	0	2.165		99.9355	39.8547	0.0875357	0	0.875922	0.35608	13.7589	1		0	12.0439	39.3374	0	0	0	
2024-06-23 08:48:25	470	1171	1	0	0	6.25	26	0	0	0	26	0	0	1.5	26	0	0	0	26	0	0	4.113		99.9279	40.1776	0.0555173	0	0.555573	0.0911253	16.5812	1		0	12.0439	36.9983	0	0	0	
2024-06-23 08:50:07	484	1172	9	0	0	7.25	30	0	0	0	30	0	0	6.5	30	0	0	0	30	0	0	0.649		99.9219	40.0871	0.314443	0	3.14689	0.1329	14.8293	1		0	11.9375	36.9983	0	0	0	
2024-06-23 08:36:21	374	1173	5	0	0	3	13	0	0	0	13	0	0	7.75	13	0	0	0	13	0	0	4.113		99.9208	40.5488	0.0496219	0	0.496612	0.0429509	14.8215	1		0	12.0439	37.778	0	0	0	
2024-06-23 08:36:14	373	1174	5	0	0	3	13	0	0	0	13	0	0	6.5	13	0	0	0	13	0	0	3.031		99.9199	40.5553	0.0674549	0	0.675089	0.551088	14.846	1		0	12.0439	37.778	0	0	0	
2024-06-23 08:33:15	349	1175	5	0	0	1	5	0	0	0	5	0	0	7	5	0	0	0	5	0	0	5.195		99.9296	39.7682	0.0450477	0	0.450795	0.418938	16.9946	1		0	12.0439	38.8176	0	0	0	
2024-06-23 08:40:22	406	1176	9	0	0	6	25	0	0	0	25	0	0	4.75	25	0	0	0	25	0	0	1.082		99.9232	40.1892	0.187807	0	1.87951	0.00579922	14.7616	1		0	12.0439	37.1283	0	0	0	
2024-06-23 08:44:09	436	1177	1	0	0	7.75	32	0	0	0	32	0	0	0.25	32	0	0	0	32	0	0	6.494		99.9197	40.216	0.0341225	0	0.341499	0.124903	16.0928	1		0	12.0439	36.7384	0	0	0	
2024-06-23 08:38:33	392	1178	1	0	0	5	21	0	0	0	21	0	0	3.25	21	0	0	0	21	0	0	1.515		99.9159	40.359	0.123915	0	1.2402	0.0708101	13.6367	1		0	12.0439	37.2582	0	0	0	
2024-06-23 08:36:43	377	1179	5	0	0	3	13	0	0	0	13	0	0	0	13	0	0	0	13	0	0	2.598		99.9175	40.5194	0.0744475	0	0.745089	0.546762	14.0446	1		0	12.0439	37.5181	0	0	0	
2024-06-23 08:44:46	441	1180	9	0	0	3.5	15	0	0	0	15	0	0	4.25	15	0	0	0	15	0	0	0.649		99.9166	39.4457	0.315905	0	3.16168	0.0458771	14.8991	1		0	12.0439	36.9983	0	0	0	
2024-06-23 08:37:57	387	1181	1	0	0	4	17	0	0	0	17	0	0	1.25	17	0	0	0	17	0	0	2.381		99.9197	39.7737	0.0792381	0	0.793018	0.0236617	13.7024	1		0	12.0439	37.3882	0	0	0	
2024-06-23 08:43:32	431	1182	9	0	0	7.75	32	0	0	0	32	0	0	5	32	0	0	0	32	0	0	2.381		99.9176	40.2287	0.0796922	0	0.797579	0.162549	13.7812	1		0	12.0439	36.9983	0	0	0	
2024-06-23 08:43:39	432	1183	1	0	0	7.75	32	0	0	0	32	0	0	3.75	32	0	0	0	32	0	0	3.464		99.9225	40.2535	0.0559592	0	0.560026	0.154807	14.075	1		0	12.0439	36.9983	0	0	0	
2024-06-23 08:51:24	494	1184	1	0	0	1.25	6	0	0	6.5	6	0	0	3	6	0	0	4.75	6	0	0	0.908		99.9178	18.0761	0.0979301	0	0.980107	0.613813	10.7768	1		0	12.0439	37.1283	0	0	0	
2024-06-23 08:40:22	406	1185	1	0	0	6	25	0	0	0	25	0	0	1	25	0	0	0	25	0	0	4.33		99.9232	40.1892	0.0549511	0	0.549933	0.113042	17.2766	1		0	12.0439	37.1283	0	0	0	
2024-06-23 08:38:04	388	1186	1	0	0	4	17	0	0	0	17	0	0	3.25	17	0	0	0	17	0	0	0.649		99.9179	39.7738	0.315113	0	3.15372	0.151125	14.8615	1		0	12.0439	37.2582	0	0	0	
2024-06-23 08:31:28	335	1187	1	0	0	0	1	0	0	0	1	0	0	0.75	1	0	0	0	1	0	0	0.649		99.9348	39.9229	0.31276	0	3.12964	0.100752	14.7481	1		0	12.0439	40.117	0	0	0	
2024-06-23 08:50:57	491	1188	1	0	0	3.5	15	0	0	4.25	15	0	0	3.75	15	0	0	4	15	0	0	0.13		99.9239	17.2686	0.466334	0	4.66689	0.844559	7.33073	1		0	12.0439	37.1283	0	0	0	
2024-06-23 08:34:38	360	1189	5	0	0	2	9	0	0	0	9	0	0	5	9	0	0	0	9	0	0	2.598		99.9247	39.9612	0.075812	0	0.758692	0.325513	14.301	1		0	12.0439	38.2978	0	0	0	
2024-06-23 08:35:14	365	1190	5	0	0	2	9	0	0	0	9	0	0	3.75	9	0	0	0	9	0	0	1.515		99.9242	39.9139	0.126421	0	1.26517	0.136902	13.9113	1		0	12.0439	38.0379	0	0	0	
2024-06-23 08:42:37	424	1191	5	0	0	7	29	0	0	0	29	0	0	2.75	29	0	0	0	29	0	0	3.68		99.9184	40.1018	0.0560483	0	0.560941	0.0254486	14.9791	1		0	12.0439	36.9983	0	0	0	
2024-06-23 08:43:00	427	1192	5	0	0	7	29	0	0	0	29	0	0	2.25	29	0	0	0	29	0	0	4.113		99.9193	40.0819	0.0515874	0	0.516291	0.335168	15.4088	1		0	12.0439	36.9983	0	0	0	
2024-06-23 08:31:04	332	1193	5	0	0	0	1	0	0	0	1	0	0	7.75	1	0	0	0	1	0	0	6.711		99.9336	40.0031	0.0351108	0	0.351341	0.122411	17.1084	1		0	12.0439	40.6368	0	0	0	
2024-06-23 08:31:36	336	1194	5	0	0	0	1	0	0	0	1	0	0	6.5	1	0	0	0	1	0	0	5.628		99.9366	39.9502	0.0419542	0	0.419808	0.190423	17.1453	1		0	12.0439	39.7272	0	0	0	
2024-06-23 08:39:49	402	1195	5	0	0	5	21	0	0	0	21	0	0	0.75	21	0	0	0	21	0	0	3.68		99.925	40.2828	0.058275	0	0.583187	0.226828	15.5732	1		0	12.0439	37.1283	0	0	0	
2024-06-23 08:39:10	397	1196	5	0	0	5	21	0	0	0	21	0	0	7.25	21	0	0	0	21	0	0	1.948		99.9249	40.3249	0.10964	0	1.09722	0.759601	15.5116	1		0	12.0439	37.2582	0	0	0	
2024-06-23 08:50:00	483	1197	9	0	0	5.75	24	0	0	0	24	0	0	4	24	0	0	0	24	0	0	1.515		99.926	40.1861	0.128722	0	1.28818	0.0864739	14.1642	1		0	12.0439	36.9983	0	0	0	
2024-06-23 08:47:01	459	1198	9	0	0	4.5	19	0	0	0	19	0	0	5.25	19	0	0	0	19	0	0	0.649		99.9198	39.9705	0.315368	0	3.15622	0.137188	14.8733	1		0	12.0439	36.9983	0	0	0	
2024-06-23 08:51:05	492	1199	1	0	0	2.75	12	0	0	5	12	0	0	3.5	12	0	0	4.25	12	0	0	0.389		99.9238	17.9687	0.273747	0	2.73955	0.730173	12.9098	2		0	12.0439	36.9983	0	0	0	
2024-06-23 08:35:00	363	1200	1	0	0	2	9	0	0	0	9	0	0	0.5	9	0	0	0	9	0	0	1.299		99.9213	39.9309	0.139388	0	1.39498	0.0967074	13.1474	1		0	12.0439	38.0379	0	0	0	
2024-06-23 08:45:53	450	1201	9	0	0	0.5	3	0	0	0	3	0	0	7.25	3	0	0	0	3	0	0	5.845		99.9198	40.0151	0.0570879	0	0.571337	0.773844	24.2313	2		0	12.0439	36.8684	0	0	0	
2024-06-23 08:37:49	386	1202	5	0	0	4	17	0	0	0	17	0	0	7.25	17	0	0	0	17	0	0	2.814		99.9174	39.7928	0.0755875	0	0.756499	0.217191	15.448	1		0	12.0439	37.3882	0	0	0	
2024-06-23 08:35:58	371	1203	5	0	0	3	13	0	0	0	13	0	0	5.75	13	0	0	0	13	0	0	2.381		99.9218	40.5696	0.0804513	0	0.805143	0.119633	13.9119	1		0	12.0439	37.908	0	0	0	
2024-06-23 08:36:06	372	1204	5	0	0	3	13	0	0	0	13	0	0	4.5	13	0	0	0	13	0	0	1.299		99.9238	40.5891	0.146973	0	1.47085	0.292164	13.8625	1		0.0088623	12.0439	37.778	0	0	0	
2024-06-23 08:42:30	423	1205	5	0	0	7	29	0	0	0	29	0	0	6.75	29	0	0	0	29	0	0	0.216		99.914	40.1193	0.725667	0	7.26292	0.168102	11.4086	1		0	12.0439	36.9983	0	0	0	
2024-06-23 08:32:59	347	1206	9	0	0	1	5	0	0	0	5	0	0	7.5	5	0	0	0	5	0	0	5.628		99.9287	39.8615	0.0414096	0	0.414391	0.8292	16.924	1		0	12.0439	38.6876	0	0	0	
2024-06-23 08:32:51	346	1207	9	0	0	1	5	0	0	0	5	0	0	6.25	5	0	0	0	5	0	0	4.546		99.9341	39.7173	0.0523219	0	0.523564	0.00139912	17.2707	1		0	12.0439	39.0775	0	0	0	
2024-06-23 08:40:35	408	1208	9	0	0	6	25	0	0	0	25	0	0	5.25	25	0	0	0	25	0	0	0.649		99.9239	40.2168	0.320946	0	3.21191	0.190539	15.1358	1		0	12.0439	36.9983	0	0	0	
2024-06-23 08:40:35	408	1209	5	0	0	6	25	0	0	0	25	0	0	4	25	0	0	0	25	0	0	1.732		99.9239	40.2168	0.11247	0	1.12556	0.0931856	14.1442	1		0	12.0439	36.9983	0	0	0	
2024-06-23 08:38:25	391	1210	1	0	0	5	21	0	0	0	21	0	0	2.5	21	0	0	0	21	0	0	2.165		99.9192	40.3872	0.0900901	0	0.901629	0.0253715	14.1628	1		0	12.0439	37.3882	0	0	0	
2024-06-23 08:33:33	351	1211	1	0	0	1	5	0	0	0	5	0	0	0.25	5	0	0	0	5	0	0	0.649		99.9297	39.6707	0.298822	0	2.99033	0.0919209	14.0916	1		0	12.0439	38.6876	0	0	0	
2024-06-23 08:38:11	389	1212	1	0	0	4	17	0	0	0	17	0	0	0.5	17	0	0	0	17	0	0	3.031		99.9186	39.7611	0.0653324	0	0.653856	0.223676	14.3791	1		0	12.0439	37.3882	0	0	0	
2024-06-23 08:44:09	436	1213	5	0	0	7.75	32	0	0	0	32	0	0	3	32	0	0	0	32	0	0	4.113		99.9197	40.216	0.0479649	0	0.480034	0.138283	14.3267	1		0	12.0439	36.7384	0	0	0	
2024-06-23 08:41:13	413	1214	5	0	0	6	25	0	0	0	25	0	0	0.25	25	0	0	0	25	0	0	4.979		99.9191	40.1473	0.0465471	0	0.465848	0.556722	16.8303	1		0	12.0439	36.9983	0	0	0	
2024-06-23 08:48:00	467	1215	1	0	0	5.25	22	0	0	0	22	0	0	2.5	22	0	0	0	22	0	0	2.381		99.9211	40.0733	0.095072	0	0.95147	0.927829	16.4402	1		0.0088623	12.0439	36.9983	0	0	0	
2024-06-23 08:37:49	386	1216	1	0	0	4	17	0	0	0	17	0	0	2.5	17	0	0	0	17	0	0	1.299		99.9174	39.7928	0.14534	0	1.4546	0.220224	13.7093	1		0	12.0439	37.3882	0	0	0	
2024-06-23 08:35:14	365	1217	1	0	0	2	9	0	0	0	9	0	0	3	9	0	0	0	9	0	0	0.866		99.9242	39.9139	0.220005	0	2.20172	0.146641	13.8338	1		0	12.0439	38.0379	0	0	0	
2024-06-23 08:41:46	417	1218	1	0	0	7	29	0	0	0	29	0	0	1.5	29	0	0	0	29	0	0	4.762		99.9199	40.1413	0.0476971	0	0.477353	0.443909	16.4961	1		0	12.0439	36.9983	0	0	0	
2024-06-23 08:31:43	337	1219	5	0	0	0	1	0	0	0	1	0	0	5.75	1	0	0	0	1	0	0	4.979		99.9387	39.9794	0.0456975	0	0.457256	0.504989	16.5199	1		0	12.0439	39.7272	0	0	0	
2024-06-23 08:31:10	333	1220	9	0	0	0	1	0	0	0	1	0	0	4.5	1	0	0	0	1	0	0	3.897		99.9326	39.9824	0.0539404	0	0.539767	0.238056	15.2616	1		0	12.0439	40.3769	0	0	0	
2024-06-23 08:39:49	402	1221	1	0	0	5	21	0	0	0	21	0	0	0	21	0	0	0	21	0	0	4.33		99.925	40.2828	0.0502206	0	0.502583	0.466149	15.7891	1		0	12.0439	37.1283	0	0	0	
2024-06-23 08:44:31	439	1222	5	0	0	7.75	32	0	0	0	32	0	0	2.25	32	0	0	0	32	0	0	4.762		99.9141	40.178	0.0427621	0	0.427988	0.00630923	14.7902	1		0	12.0439	36.9983	0	0	0	
2024-06-23 08:38:33	392	1223	5	0	0	5	21	0	0	0	21	0	0	7.75	21	0	0	0	21	0	0	2.381		99.9159	40.359	0.0815925	0	0.816611	0.179162	14.11	1		0	12.0439	37.2582	0	0	0	
2024-06-23 08:38:47	394	1224	5	0	0	5	21	0	0	0	21	0	0	6.5	21	0	0	0	21	0	0	1.299		99.9211	40.3382	0.156554	0	1.56678	0.198968	14.7666	1		0	12.0439	37.2582	0	0	0	
2024-06-23 08:36:28	375	1225	1	0	0	3	13	0	0	0	13	0	0	2	13	0	0	0	13	0	0	0.866		99.9187	40.5333	0.219098	0	2.19276	0.23389	13.7775	1		0	12.0439	37.778	0	0	0	
2024-06-23 08:47:45	465	1226	1	0	0	4.5	19	0	0	0	19	0	0	3.25	19	0	0	0	19	0	0	1.082		99.9183	39.9809	0.179888	0	1.80035	0.0423433	14.14	1		0	12.0439	36.9983	0	0	0	
2024-06-23 08:43:14	429	1227	9	0	0	7.75	32	0	0	0	32	0	0	7	32	0	0	0	32	0	0	0.649		99.919	40.2377	0.323621	0	3.23884	0.0525164	15.2627	2		0	12.0439	36.9983	0	0	0	
2024-06-23 08:49:52	482	1228	9	0	0	5.5	23	0	0	0	23	0	0	4.25	23	0	0	0	23	0	0	1.082		99.9223	39.61	0.186028	0	1.86173	0	14.622	1		0	12.0439	36.9983	0	0	0	
2024-06-23 08:48:39	472	1229	1	0	0	6.75	28	0	0	0	28	0	0	1	28	0	0	0	28	0	0	4.979		99.9214	39.8535	0.0501977	0	0.502372	0.630648	18.1498	1		0	12.0439	36.9983	0	0	0	
2024-06-23 08:47:08	460	1230	9	0	0	4.25	18	0	0	0	18	0	0	5.5	18	0	0	0	18	0	0	1.082		99.9187	40.0933	0.186528	0	1.8668	0.0315334	14.6618	1		0	12.0439	36.8684	0	0	0	
2024-06-23 08:37:27	383	1231	9	0	0	4	17	0	0	0	17	0	0	7.75	17	0	0	0	17	0	0	3.247		99.9202	39.8169	0.0608172	0	0.608657	0.163798	14.3412	1		0	12.0439	37.5181	0	0	0	
2024-06-23 08:37:35	384	1232	5	0	0	4	17	0	0	0	17	0	0	6.5	17	0	0	0	17	0	0	2.165		99.9174	39.7968	0.091099	0	0.911743	0.0165428	14.3216	1		0	12.0439	37.3882	0	0	0	
2024-06-23 08:35:30	367	1233	5	0	0	3	13	0	0	0	13	0	0	5	13	0	0	0	13	0	0	1.732		99.9229	40.6506	0.108996	0	1.0908	0.0981313	13.7074	1		0	12.0439	38.0379	0	0	0	
2024-06-23 08:36:06	372	1234	1	0	0	3	13	0	0	0	13	0	0	3.75	13	0	0	0	13	0	0	0.649		99.9238	40.5891	0.306284	0	3.06518	0.23647	14.4443	1		0.0088623	12.0439	37.778	0	0	0	
2024-06-23 08:34:08	356	1235	9	0	0	2	9	0	0	0	9	0	0	7	9	0	0	0	9	0	0	4.33		99.9264	40.0063	0.0498656	0	0.499023	0.658714	15.6773	1		0	12.0439	38.5577	0	0	0	
2024-06-23 08:41:53	418	1236	5	0	0	7	29	0	0	0	29	0	0	6	29	0	0	0	29	0	0	0.866		99.9176	40.1614	0.244311	0	2.44513	0.890483	15.3632	1		0	12.0439	36.9983	0	0	0	
2024-06-23 08:42:16	421	1237	9	0	0	7	29	0	0	0	29	0	0	4.75	29	0	0	0	29	0	0	1.948		99.92	40.1394	0.100426	0	1.00506	0.137144	14.2088	1		0	12.0439	36.9983	0	0	0	
2024-06-23 08:32:36	344	1238	9	0	0	1	5	0	0	0	5	0	0	5.5	5	0	0	0	5	0	0	3.897		99.9305	39.7432	0.0599354	0	0.59977	0.536436	16.9581	1		0	12.0439	39.2074	0	0	0	
2024-06-23 08:32:28	343	1239	9	0	0	1	5	0	0	0	5	0	0	4.25	5	0	0	0	5	0	0	2.814		99.9315	39.6394	0.0708077	0	0.708562	0.450342	14.4691	1		0	12.0439	39.0775	0	0	0	
2024-06-23 08:40:03	404	1240	1	0	0	6	25	0	0	0	25	0	0	3.25	25	0	0	0	25	0	0	2.381		99.9235	40.1233	0.0819785	0	0.820413	0.0709235	14.1757	2		0	12.0439	37.1283	0	0	0	
2024-06-23 08:46:25	454	1241	1	0	0	0.25	2	0	0	0	2	0	0	1.5	2	0	0	0	2	0	0	1.082		99.9218	39.7606	0.169734	0	1.69867	0.398037	13.3413	1		0.0088623	11.9375	36.9983	0	0	0	
2024-06-23 08:41:38	416	1242	1	0	0	7	29	0	0	0	29	0	0	0.75	29	0	0	0	29	0	0	5.412		99.9223	40.1204	0.0436246	0	0.436586	0.468078	17.1447	1		0	12.0439	36.8684	0	0	0	
2024-06-23 08:31:28	335	1243	5	0	0	0	1	0	0	0	1	0	0	5	1	0	0	0	1	0	0	4.33		99.9348	39.9229	0.0501326	0	0.501652	0.501301	15.7599	1		0	12.0439	40.117	0	0	0	
2024-06-23 08:31:04	332	1244	1	0	0	0	1	0	0	0	1	0	0	3.75	1	0	0	0	1	0	0	3.247		99.9336	40.0031	0.0617997	0	0.618408	0.418742	14.5709	1		0	12.0439	40.6368	0	0	0	
2024-06-23 08:50:14	485	1245	9	0	0	7.5	31	0	0	0	31	0	0	6.25	31	0	0	0	31	0	0	1.082		99.924	39.9805	0.183399	0	1.83538	0.0398395	14.4151	1		0	12.0439	36.9983	0	0	0	
2024-06-23 08:47:30	463	1246	9	0	0	6.25	26	0	0	0	26	0	0	7.5	26	0	0	0	26	0	0	1.082		99.9165	40.1808	0.184619	0	1.84774	0.0734829	14.5121	1		0	12.0439	36.9983	0	0	0	
2024-06-23 08:40:14	405	1247	5	0	0	6	25	0	0	0	25	0	0	7.25	25	0	0	0	25	0	0	1.082		99.9198	40.2106	0.208741	0	2.08909	0.733145	16.4076	1		0.0088623	12.0439	37.1283	0	0	0	
2024-06-23 08:43:14	429	1248	1	0	0	7.75	32	0	0	0	32	0	0	1.5	32	0	0	0	32	0	0	5.412		99.919	40.2377	0.0397461	0	0.397783	0.226885	15.6209	2		0	12.0439	36.9983	0	0	0	
2024-06-23 08:38:55	395	1249	9	0	0	5	21	0	0	0	21	0	0	5.75	21	0	0	0	21	0	0	0.649		99.9224	40.3608	0.321646	0	3.21896	0.106076	15.169	1		0	12.0439	37.2582	0	0	0	
2024-06-23 08:38:25	391	1250	9	0	0	5	21	0	0	0	21	0	0	4.5	21	0	0	0	21	0	0	0.433		99.9192	40.3872	0.447662	0	4.48024	0.148043	14.0751	1		0	12.0439	37.3882	0	0	0	
2024-06-23 08:35:30	367	1251	1	0	0	3	13	0	0	0	13	0	0	1.25	13	0	0	0	13	0	0	1.515		99.9229	40.6506	0.119359	0	1.19451	0.172922	13.1344	1		0	12.0439	38.0379	0	0	0	
2024-06-23 08:33:07	348	1252	1	0	0	1	5	0	0	0	5	0	0	2.25	5	0	0	0	5	0	0	1.082		99.9302	39.9279	0.168333	0	1.6845	0.00396702	13.2301	1		0	12.0439	38.8176	0	0	0	
2024-06-23 08:46:18	453	1253	1	0	0	0.5	3	0	0	0	3	0	0	1.25	3	0	0	0	3	0	0	0.649		99.9192	40.026	0.296573	0	2.96813	0.412425	13.987	1		0	12.0439	36.9983	0	0	0	
2024-06-23 08:45:08	444	1254	9	0	0	2.5	11	0	0	0	11	0	0	5.25	11	0	0	0	11	0	0	2.381		99.9163	39.8413	0.0873294	0	0.874025	0.8993	15.1021	1		0	12.0439	36.8684	0	0	0	
2024-06-23 08:43:14	429	1255	5	0	0	7.75	32	0	0	0	32	0	0	7.5	32	0	0	0	32	0	0	0.216		99.919	40.2377	0.767569	0	7.68191	0.0995913	12.0667	2		0	12.0439	36.9983	0	0	0	
2024-06-23 08:43:07	428	1256	5	0	0	7.75	32	0	0	0	32	0	0	6.25	32	0	0	0	32	0	0	1.299		99.9194	40.2346	0.154628	0	1.54753	0.0548716	14.5851	1		0	12.0439	36.8684	0	0	0	
2024-06-23 08:47:38	464	1257	1	0	0	4.25	18	0	0	0	18	0	0	3.5	18	0	0	0	18	0	0	0.649		99.9185	40.0286	0.31637	0	3.16628	0.0694816	14.9207	1		0	12.0439	36.8684	0	0	0	
2024-06-23 08:40:29	407	1258	1	0	0	6	25	0	0	0	25	0	0	2.25	25	0	0	0	25	0	0	3.247		99.9232	40.2107	0.0633945	0	0.634432	0.0144552	14.9485	1		0.0088623	12.0439	37.1283	0	0	0	
2024-06-23 08:49:45	481	1259	9	0	0	5.25	22	0	0	0	22	0	0	4.5	22	0	0	0	22	0	0	0.649		99.9212	39.9994	0.314779	0	3.15028	0.171825	14.8453	1		0	12.0439	36.9983	0	0	0	
2024-06-23 08:36:57	379	1260	5	0	0	4	17	0	0	0	17	0	0	5.75	17	0	0	0	17	0	0	1.515		99.921	39.8489	0.130269	0	1.30372	0.124281	14.3352	1		0	12.0439	37.5181	0	0	0	
2024-06-23 08:37:42	385	1261	5	0	0	4	17	0	0	0	17	0	0	4.5	17	0	0	0	17	0	0	0.433		99.9183	39.7908	0.477038	0	4.77428	0.111501	14.9988	1		0	11.9375	37.5181	0	0	0	
2024-06-23 08:31:43	337	1262	1	0	0	0	1	0	0	0	1	0	0	2	1	0	0	0	1	0	0	1.732		99.9387	39.9794	0.125695	0	1.25772	0.24655	15.805	1		0	12.0439	39.7272	0	0	0	
2024-06-23 08:34:24	358	1263	5	0	0	2	9	0	0	0	9	0	0	7.5	9	0	0	0	9	0	0	4.762		99.9276	40.0005	0.0453779	0	0.454108	0.248171	15.6928	1		0	12.0439	38.4277	0	0	0	
2024-06-23 08:34:38	360	1264	9	0	0	2	9	0	0	0	9	0	0	6.25	9	0	0	0	9	0	0	3.68		99.9247	39.9612	0.0582132	0	0.58257	0.469606	15.5567	1		0	12.0439	38.2978	0	0	0	
2024-06-23 08:42:16	421	1265	5	0	0	7	29	0	0	0	29	0	0	5.25	29	0	0	0	29	0	0	1.515		99.92	40.1394	0.130272	0	1.30376	0.188903	14.3356	1		0	12.0439	36.9983	0	0	0	
2024-06-23 08:42:08	420	1266	9	0	0	7	29	0	0	0	29	0	0	4	29	0	0	0	29	0	0	2.598		99.9189	40.1422	0.0760461	0	0.761078	0.0597958	14.346	1		0	12.0439	36.9983	0	0	0	
2024-06-23 08:32:51	346	1267	1	0	0	1	5	0	0	0	5	0	0	3.5	5	0	0	0	5	0	0	2.165		99.9341	39.7173	0.0847963	0	0.848522	0.222234	13.3286	1		0	12.0439	39.0775	0	0	0	
2024-06-23 08:41:28	415	1268	5	0	0	6	25	0	0	0	25	0	0	2.5	25	0	0	0	25	0	0	3.031		99.9191	40.1315	0.0707247	0	0.707819	0.0311757	15.5658	2		0	12.0439	36.9983	0	0	0	
2024-06-23 08:49:38	480	1269	1	0	0	3.75	16	0	0	0	16	0	0	2	16	0	0	0	16	0	0	1.515		99.9239	39.8575	0.125188	0	1.25284	0.253871	13.7757	1		0	12.0439	36.9983	0	0	0	
2024-06-23 08:39:56	403	1270	1	0	0	5	21	0	0	0	21	0	0	2	21	0	0	0	21	0	0	2.598		99.9249	40.2537	0.0757596	0	0.758165	0.0339474	14.2911	1		0	12.0439	37.1283	0	0	0	
2024-06-23 08:34:53	362	1271	1	0	0	2	9	0	0	0	9	0	0	1.75	9	0	0	0	9	0	0	0.216		99.9264	39.9656	0.672582	0	6.73078	0.0539592	10.5727	1		0	12.0439	38.1678	0	0	0	
2024-06-23 08:42:16	421	1272	1	0	0	7	29	0	0	0	29	0	0	0	29	0	0	0	29	0	0	6.061		99.92	40.1394	0.0399953	0	0.400274	0.11179	17.6049	1		0	12.0439	36.9983	0	0	0	
2024-06-23 08:32:07	340	1273	1	0	0	0	1	0	0	0	1	0	0	3	1	0	0	0	1	0	0	2.598		99.9343	39.8722	0.0747382	0	0.747873	0.211757	14.0971	1		0	12.0439	39.4673	0	0	0	
2024-06-23 08:36:21	374	1274	9	0	0	3	13	0	0	0	13	0	0	7	13	0	0	0	13	0	0	3.464		99.9208	40.5488	0.0591969	0	0.592439	0.0426175	14.8896	1		0	12.0439	37.778	0	0	0	
2024-06-23 08:40:29	407	1275	5	0	0	6	25	0	0	0	25	0	0	7.75	25	0	0	0	25	0	0	1.515		99.9232	40.2107	0.133706	0	1.33809	0.0347241	14.7131	1		0.0088623	12.0439	37.1283	0	0	0	
2024-06-23 08:40:43	409	1276	9	0	0	6	25	0	0	0	25	0	0	6.5	25	0	0	0	25	0	0	0.433		99.9227	40.1979	0.480526	0	4.80898	0.138575	15.1078	1		0	12.0439	37.1283	0	0	0	
2024-06-23 08:44:17	437	1277	1	0	0	7.75	32	0	0	0	32	0	0	0.75	32	0	0	0	32	0	0	6.061		99.9191	40.1969	0.0365471	0	0.365767	0.560341	16.0873	1		0	12.0439	36.8684	0	0	0	
2024-06-23 08:39:17	398	1278	1	0	0	5	21	0	0	0	21	0	0	3.75	21	0	0	0	21	0	0	1.082		99.9214	40.3303	0.183234	0	1.83378	0.229928	14.4025	1		0	12.0439	37.2582	0	0	0	
2024-06-23 08:35:44	369	1279	1	0	0	3	13	0	0	0	13	0	0	0.5	13	0	0	0	13	0	0	2.165		99.9259	40.6009	0.0853561	0	0.854194	0.0921125	13.4177	1		0	12.0439	37.908	0	0	0	
2024-06-23 08:33:47	353	1280	5	0	0	1	5	0	0	0	5	0	0	1.5	5	0	0	0	5	0	0	0.433		99.9253	39.6859	0.428699	0	4.29019	0.110529	13.478	1		0	12.0439	38.5577	0	0	0	
2024-06-23 08:51:14	493	1281	1	0	0	2	9	0	0	5.75	9	0	0	3.25	9	0	0	4.5	9	0	0	0.649		99.9252	17.9306	0.156312	0	1.56429	0.00214026	12.2859	2		0	12.0439	37.1283	0	0	0	
2024-06-23 08:36:57	379	1282	1	0	0	4	17	0	0	0	17	0	0	1.75	17	0	0	0	17	0	0	1.948		99.921	39.8489	0.0950365	0	0.951117	0.0200294	13.4461	1		0	12.0439	37.5181	0	0	0	
2024-06-23 08:46:40	456	1283	1	0	0	2.5	11	0	0	0	11	0	0	3.25	11	0	0	0	11	0	0	0.649		99.9181	39.8289	0.295316	0	2.95558	0.0507068	13.9278	1		0	12.0439	36.8684	0	0	0	
2024-06-23 08:43:47	433	1284	5	0	0	7.75	32	0	0	0	32	0	0	5.5	32	0	0	0	32	0	0	1.948		99.9223	40.286	0.0991009	0	0.99178	0.25926	14.021	1		0	12.0439	36.9983	0	0	0	
2024-06-23 08:43:55	434	1285	9	0	0	7.75	32	0	0	0	32	0	0	4.25	32	0	0	0	32	0	0	3.031		99.9196	40.2314	0.063547	0	0.635981	0.0184135	13.986	1		0	12.0439	36.9983	0	0	0	
2024-06-23 08:41:20	414	1286	5	0	0	6	25	0	0	0	25	0	0	1.5	25	0	0	0	25	0	0	3.897		99.9194	40.1533	0.0573573	0	0.574036	0.550644	16.2305	1		0.0088623	12.0439	36.9983	0	0	0	
2024-06-23 08:37:35	384	1287	9	0	0	4	17	0	0	0	17	0	0	5	17	0	0	0	17	0	0	0.866		99.9174	39.7968	0.239556	0	2.39754	0.100647	15.0642	1		0	12.0439	37.3882	0	0	0	
2024-06-23 08:37:05	380	1288	1	0	0	4	17	0	0	0	17	0	0	3.75	17	0	0	0	17	0	0	0.216		99.9224	39.852	0.755559	0	7.56146	0.019048	11.8775	1		0	12.0439	37.5181	0	0	0	
2024-06-23 08:31:59	339	1289	1	0	0	0	1	0	0	0	1	0	0	1.25	1	0	0	0	1	0	0	1.082		99.9282	39.888	0.17015	0	1.70272	0.00807107	13.3732	1		0	12.0439	39.5972	0	0	0	
2024-06-23 08:34:53	362	1290	5	0	0	2	9	0	0	0	9	0	0	5.5	9	0	0	0	9	0	0	3.031		99.9264	39.9656	0.0953713	0	0.954416	0.228764	20.9887	1		0	12.0439	38.1678	0	0	0	
2024-06-23 08:34:45	361	1291	5	0	0	2	9	0	0	0	9	0	0	4.25	9	0	0	0	9	0	0	1.948		99.9179	39.9394	0.0974491	0	0.975292	0.192745	13.7879	1		0	12.0439	38.2978	0	0	0	
2024-06-23 08:42:45	425	1292	5	0	0	7	29	0	0	0	29	0	0	3.25	29	0	0	0	29	0	0	3.247		99.9192	40.0846	0.0618435	0	0.618936	0.0533246	14.5833	1		0	12.0439	36.8684	0	0	0	
2024-06-23 08:33:40	352	1293	1	0	0	1	5	0	0	0	5	0	0	2.75	5	0	0	0	5	0	0	1.515		99.9287	39.6829	0.118644	0	1.18729	0.0873787	13.0549	1		0	12.0439	38.5577	0	0	0	
2024-06-23 08:31:18	334	1294	9	0	0	0	1	0	0	0	1	0	0	7	1	0	0	0	1	0	0	6.061		99.9327	39.93	0.0397679	0	0.397947	0.126648	17.5026	2		0	12.0439	40.117	0	0	0	
2024-06-23 08:39:35	400	1295	1	0	0	5	21	0	0	0	21	0	0	1.25	21	0	0	0	21	0	0	3.247		99.9246	40.2532	0.0652593	0	0.653086	0.360527	15.388	1		0	12.0439	37.2582	0	0	0	
2024-06-23 08:34:24	358	1296	1	0	0	2	9	0	0	0	9	0	0	1	9	0	0	0	9	0	0	0.866		99.9276	40.0005	0.212213	0	2.12367	0.628854	13.3434	1		0	12.0439	38.4277	0	0	0	
2024-06-23 08:35:51	370	1297	9	0	0	3	13	0	0	0	13	0	0	7.5	13	0	0	0	13	0	0	3.897		99.9224	40.613	0.0525811	0	0.526219	0.672802	14.8785	1		0	12.0439	37.908	0	0	0	
2024-06-23 08:35:37	368	1298	9	0	0	3	13	0	0	0	13	0	0	6.25	13	0	0	0	13	0	0	2.814		99.9267	40.6194	0.072097	0	0.721498	0.290397	14.7333	1		0	12.0439	38.0379	0	0	0	
2024-06-23 08:42:08	420	1299	5	0	0	7	29	0	0	0	29	0	0	7.25	29	0	0	0	29	0	0	0.216		99.9189	40.1422	0.67784	0	6.78391	0.545147	10.6561	1		0	12.0439	36.9983	0	0	0	
2024-06-23 08:33:15	349	1300	9	0	0	1	5	0	0	0	5	0	0	6.75	5	0	0	0	5	0	0	4.979		99.9296	39.7682	0.0491718	0	0.492064	0.0560484	17.7775	1		0	12.0439	38.8176	0	0	0	
2024-06-23 08:40:59	411	1301	5	0	0	6	25	0	0	0	25	0	0	5.75	25	0	0	0	25	0	0	0.216		99.9182	40.1724	0.740989	0	7.41595	0.112418	11.6489	1		0	12.0439	36.9983	0	0	0	
2024-06-23 08:40:22	406	1302	5	0	0	6	25	0	0	0	25	0	0	4.5	25	0	0	0	25	0	0	1.299		99.9232	40.1892	0.153714	0	1.53833	0.161724	14.4984	1		0	12.0439	37.1283	0	0	0	
2024-06-23 08:43:24	430	1303	1	0	0	7.75	32	0	0	0	32	0	0	0	32	0	0	0	32	0	0	6.711		99.9197	40.2377	0.0342837	0	0.343112	0.416419	16.7077	1		0	12.0439	36.8684	0	0	0	
2024-06-23 08:39:43	401	1304	5	0	0	5	21	0	0	0	21	0	0	3	21	0	0	0	21	0	0	1.732		99.9255	40.2461	0.107875	0	1.07955	0.00100037	13.5661	1		0	12.0439	37.1283	0	0	0	
2024-06-23 08:33:40	352	1305	5	0	0	1	5	0	0	0	5	0	0	0.75	5	0	0	0	5	0	0	0.216		99.9287	39.6829	0.690872	0	6.91365	0.12332	10.8599	1		0	12.0439	38.5577	0	0	0	
2024-06-23 08:48:18	469	1306	1	0	0	5.75	24	0	0	0	24	0	0	2	24	0	0	0	24	0	0	3.247		99.9218	40.2233	0.065176	0	0.65227	0.0756836	15.3688	1		0	12.0439	36.9983	0	0	0	
2024-06-23 08:37:27	383	1307	1	0	0	4	17	0	0	0	17	0	0	1	17	0	0	0	17	0	0	2.598		99.9202	39.8169	0.0728826	0	0.729408	0.143582	13.749	1		0	12.0439	37.5181	0	0	0	
2024-06-23 08:44:31	439	1308	1	0	0	7.75	32	0	0	0	32	0	0	3.5	32	0	0	0	32	0	0	3.68		99.9141	40.178	0.0524752	0	0.525203	0.0111199	14.0248	1		0	12.0439	36.9983	0	0	0	
2024-06-23 08:40:59	411	1309	1	0	0	6	25	0	0	0	25	0	0	0.75	25	0	0	0	25	0	0	4.546		99.9182	40.1724	0.0514742	0	0.515163	0.0918201	16.9935	1		0	12.0439	36.9983	0	0	0	
2024-06-23 08:37:35	384	1310	1	0	0	4	17	0	0	0	17	0	0	3	17	0	0	0	17	0	0	0.866		99.9174	39.7968	0.228458	0	2.28647	0.257677	14.3663	1		0	12.0439	37.3882	0	0	0	
2024-06-23 08:31:10	333	1311	1	0	0	0	1	0	0	0	1	0	0	0.5	1	0	0	0	1	0	0	0.433		99.9326	39.9824	0.423922	0	4.24208	0.0777876	13.3269	1		0	12.0439	40.3769	0	0	0	
2024-06-23 08:50:28	487	1312	1	0	0	3.5	15	0	0	4.25	15	0	0	2.75	15	0	0	5	15	0	0	0.389		99.9235	17.2512	0.283831	0	2.84048	0.162443	13.3855	1		0	11.9552	36.9983	0	0	0	
2024-06-23 08:35:00	363	1313	5	0	0	2	9	0	0	0	9	0	0	3.5	9	0	0	0	9	0	0	1.299		99.9213	39.9309	0.145987	0	1.46102	0.0975233	13.7698	1		0	12.0439	38.0379	0	0	0	
2024-06-23 08:42:53	426	1314	1	0	0	7	29	0	0	0	29	0	0	2.5	29	0	0	0	29	0	0	3.897		99.923	40.0895	0.0550694	0	0.551118	0.363906	15.5825	1		0	12.0439	36.9983	0	0	0	
2024-06-23 08:42:08	420	1315	1	0	0	7	29	0	0	0	29	0	0	2	29	0	0	0	29	0	0	4.33		99.9189	40.1422	0.0502575	0	0.502983	0.0789564	15.8017	1		0	12.0439	36.9983	0	0	0	
2024-06-23 08:31:04	332	1316	9	0	0	0	1	0	0	0	1	0	0	7.5	1	0	0	0	1	0	0	6.494		99.9336	40.0031	0.0367463	0	0.367707	0.329589	17.3278	1		0	12.0439	40.6368	0	0	0	
2024-06-23 08:31:51	338	1317	9	0	0	0	1	0	0	0	1	0	0	6.25	1	0	0	0	1	0	0	5.412		99.9276	39.9306	0.0435248	0	0.435564	0.382638	17.1046	1		0	12.0439	39.5972	0	0	0	
2024-06-23 08:39:24	399	1318	1	0	0	5	21	0	0	0	21	0	0	0.5	21	0	0	0	21	0	0	3.897		99.9207	40.2631	0.0567168	0	0.567618	0.0214688	16.049	2		0	12.0439	37.2582	0	0	0	
2024-06-23 08:49:01	475	1319	1	0	0	1.25	6	0	0	0	6	0	0	0.5	6	0	0	0	6	0	0	0.649		99.9245	39.9234	0.298803	0	2.99029	0.0275901	14.0914	1		0	12.0439	36.9983	0	0	0	
2024-06-23 08:39:02	396	1320	5	0	0	5	21	0	0	0	21	0	0	7	21	0	0	0	21	0	0	1.732		99.9235	40.325	0.114121	0	1.14208	0.0152209	14.3518	1		0	12.0439	37.2582	0	0	0	
2024-06-23 08:34:31	359	1321	1	0	0	2	9	0	0	0	9	0	0	0.25	9	0	0	0	9	0	0	1.515		99.9251	39.9699	0.121819	0	1.2191	0.0284988	13.4047	1		0	12.0439	38.2978	0	0	0	
2024-06-23 08:37:12	381	1322	9	0	0	4	17	0	0	0	17	0	0	7	17	0	0	0	17	0	0	2.598		99.9221	39.8571	0.0765533	0	0.76613	0.0216458	14.4412	1		0	12.0439	37.5181	0	0	0	
2024-06-23 08:35:44	369	1323	5	0	0	3	13	0	0	0	13	0	0	5.5	13	0	0	0	13	0	0	2.165		99.9259	40.6009	0.090844	0	0.909113	0.0705044	14.2803	1		0	12.0439	37.908	0	0	0	
2024-06-23 08:36:06	372	1324	9	0	0	3	13	0	0	0	13	0	0	4.25	13	0	0	0	13	0	0	1.082		99.9238	40.5891	0.179153	0	1.7929	0.26771	14.0814	1		0.0088623	12.0439	37.778	0	0	0	
2024-06-23 08:41:46	417	1325	9	0	0	7	29	0	0	0	29	0	0	7.75	29	0	0	0	29	0	0	0.649		99.9199	40.1413	0.328827	0	3.2909	0.0938366	15.508	1		0	12.0439	36.9983	0	0	0	
2024-06-23 08:41:38	416	1326	9	0	0	7	29	0	0	0	29	0	0	6.5	29	0	0	0	29	0	0	0.433		99.9223	40.1204	0.462073	0	4.62433	0.22186	14.5278	1		0	12.0439	36.8684	0	0	0	
2024-06-23 08:32:51	346	1327	5	0	0	1	5	0	0	0	5	0	0	6	5	0	0	0	5	0	0	4.33		99.9341	39.7173	0.0526529	0	0.526876	0.234376	16.5523	1		0	12.0439	39.0775	0	0	0	
2024-06-23 08:32:43	345	1328	5	0	0	1	5	0	0	0	5	0	0	4.75	5	0	0	0	5	0	0	3.247		99.9371	39.8161	0.0657156	0	0.657569	0.978227	15.4936	1		0	12.0439	39.0775	0	0	0	
2024-06-23 08:46:54	458	1329	9	0	0	4.75	20	0	0	0	20	0	0	5	20	0	0	0	20	0	0	0.216		99.9171	39.8128	0.710267	0	7.10856	0.0290292	11.1661	1		0	12.0439	36.9983	0	0	0	
2024-06-23 08:40:03	404	1330	5	0	0	6	25	0	0	0	25	0	0	5	25	0	0	0	25	0	0	0.866		99.9235	40.1233	0.237419	0	2.37601	0.5131	14.9289	2		0	12.0439	37.1283	0	0	0	
2024-06-23 08:40:51	410	1331	1	0	0	6	25	0	0	0	25	0	0	3.75	25	0	0	0	25	0	0	1.948		99.9207	40.1735	0.100117	0	1.00196	0.314106	14.1649	1		0	12.0439	37.1283	0	0	0	
2024-06-23 08:33:47	353	1332	1	0	0	1	5	0	0	0	5	0	0	0	5	0	0	0	5	0	0	0.866		99.9253	39.6859	0.218477	0	2.18641	0.0372216	13.7376	1		0	12.0439	38.5577	0	0	0	
2024-06-23 08:45:46	449	1333	9	0	0	0.75	4	0	0	0	4	0	0	7	4	0	0	0	4	0	0	5.412		99.9201	40.1145	0.0433443	0	0.433789	0.658841	17.0349	1		0	12.0439	36.8684	0	0	0	
2024-06-23 08:37:42	385	1334	1	0	0	4	17	0	0	0	17	0	0	0.25	17	0	0	0	17	0	0	3.247		99.9183	39.7908	0.0604098	0	0.604592	0.28055	14.2454	1		0	11.9375	37.5181	0	0	0	
2024-06-23 08:43:47	433	1335	1	0	0	7.75	32	0	0	0	32	0	0	2.75	32	0	0	0	32	0	0	4.33		99.9223	40.286	0.0463312	0	0.463673	0.327576	14.5667	1		0	12.0439	36.9983	0	0	0	
2024-06-23 08:41:13	413	1336	1	0	0	6	25	0	0	0	25	0	0	0	25	0	0	0	25	0	0	5.195		99.9191	40.1473	0.0483891	0	0.484283	0.684191	18.257	1		0	12.0439	36.9983	0	0	0	
2024-06-23 08:35:08	364	1337	1	0	0	2	9	0	0	0	9	0	0	2.75	9	0	0	0	9	0	0	0.649		99.9207	39.9499	0.296536	0	2.96771	0.221991	13.985	1		0	12.0439	38.0379	0	0	0	
2024-06-23 08:42:00	419	1338	1	0	0	7	29	0	0	0	29	0	0	1.25	29	0	0	0	29	0	0	4.979		99.9166	40.1671	0.0472521	0	0.472915	0.286569	17.0856	1		0	12.0439	36.9983	0	0	0	
2024-06-23 08:31:51	338	1339	5	0	0	0	1	0	0	0	1	0	0	5.5	1	0	0	0	1	0	0	4.762		99.9276	39.9306	0.0551299	0	0.551698	0.218984	19.0653	1		0	12.0439	39.5972	0	0	0	
2024-06-23 08:30:50	331	1340	5	0	0	0	1	0	0	0	1	0	0	4.25	1	0	0	0	1	0	0	3.68		99.9298	40.1171	0.0560343	0	0.560737	0.715994	14.9737	1		0	12.0705	40.5069	0	0	0	
