Time	MeasID	DPID	Channel	A(x)	A(y)	A(z)	A(adr)	B(x)	B(y)	B(z)	B(adr)	M(x)	M(y)	M(z)	M(adr)	N(x)	N(y)	N(z)	N(adr)	F(x)	F(y)	F(z)	Note	I(mA)	Uout(V)	U(V)	SP(V)	R(Ohm)	Var(%)	Rho-a(Ohm-m)	Cycles	IP Delay Window(mV/V)	Pint(V)	Pext(V)	T int(deg C)	T log(deg C)	Latitude	Longitude
2024-06-26 21:48:10	1918	3686	1	0	0	7.75	32	0	0	0	32	0	0	2	32	0	0	0	32	0	0	4.979		100.031	39.6093	0.0425033	0	0.424903	0.0844068	15.351	1		0	12.0616	46.2245	0	0	0	
2024-06-26 21:43:31	1882	3687	9	0	0	5	21	0	0	0	21	0	0	7.5	21	0	0	0	21	0	0	2.165		100.036	40.4807	0.09095	0	0.909174	0.085039	14.2813	1		0	12.0616	46.7443	0	0	0	
2024-06-26 21:44:08	1887	3688	5	0	0	5	21	0	0	0	21	0	0	6.25	21	0	0	0	21	0	0	1.082		100.03	40.4805	0.18875	0	1.88694	0.188351	14.82	1		0	12.0616	46.6143	0	0	0	
2024-06-26 21:40:15	1856	3689	1	0	0	3	13	0	0	0	13	0	0	1.75	13	0	0	0	13	0	0	1.082		100.04	40.6458	0.171889	0	1.7182	0.510411	13.4947	1		0.0088623	12.0616	47.6539	0	0	0	
2024-06-26 21:48:33	1921	3690	9	0	0	7.75	32	0	0	0	32	0	0	6.75	32	0	0	0	32	0	0	0.866		100.033	39.6061	0.24175	0	2.41671	0.23813	15.1847	1		0.0088623	12.0616	46.2245	0	0	0	
2024-06-26 21:54:28	1967	3691	1	0	0	3.25	14	0	0	0	14	0	0	2.5	14	0	0	0	14	0	0	0.649		100.034	40.5602	0.289738	0	2.89639	0.373094	13.6489	1		0	12.0705	46.0945	0	0	0	
2024-06-26 21:42:25	1874	3692	5	0	0	4	17	0	0	0	17	0	0	7.5	17	0	0	0	17	0	0	3.031		100.036	40.2398	0.0664259	0	0.664017	0.118911	14.6025	1		0.0088623	12.0616	47.0042	0	0	0	
2024-06-26 21:42:03	1871	3693	9	0	0	4	17	0	0	0	17	0	0	6.25	17	0	0	0	17	0	0	1.948		100.037	40.2442	0.101952	0	1.01914	0.250516	14.4077	1		0	12.0616	47.1341	0	0	0	
2024-06-26 21:41:21	1865	3694	5	0	0	3	13	0	0	0	13	0	0	3.5	13	0	0	0	13	0	0	0.433		100.036	40.6765	0.463675	0	4.63506	0.179265	14.5615	1		0	12.0616	47.264	0	0	0	
2024-06-26 21:39:21	1849	3695	9	0	0	2	9	0	0	0	9	0	0	6.75	9	0	0	0	9	0	0	4.113		100.047	39.9147	0.0539444	0	0.539193	0.0693264	16.0923	1		0.0088623	12.0616	48.1737	0	0	0	
2024-06-26 21:47:20	1911	3696	5	0	0	7	29	0	0	0	29	0	0	5.75	29	0	0	0	29	0	0	1.082		100.032	40.0053	0.185224	0	1.85164	0.110662	14.5427	1		0.0088623	12.0616	46.2245	0	0	0	
2024-06-26 21:46:57	1908	3697	9	0	0	7	29	0	0	0	29	0	0	4.5	29	0	0	0	29	0	0	2.165		100.034	39.9978	0.0912115	0	0.911803	0.331639	14.3226	1		0.0088623	12.0616	46.3544	0	0	0	
2024-06-26 21:37:29	1835	3698	9	0	0	1	5	0	0	0	5	0	0	5.25	5	0	0	0	5	0	0	3.68		100.043	39.4794	0.0673338	0	0.673046	0.654402	17.9727	1		0	12.0616	49.2132	0	0	0	
2024-06-26 21:37:54	1838	3699	5	0	0	1	5	0	0	0	5	0	0	4	5	0	0	0	5	0	0	2.598		100.042	39.4826	0.0734396	0	0.734089	0.0855969	13.8372	1		0.0088623	12.0616	48.8234	0	0	0	
2024-06-26 21:52:52	1955	3700	1	0	0	4.75	20	0	0	0	20	0	0	3	20	0	0	0	20	0	0	1.515		100.039	40.3533	0.124646	0	1.24598	0.175584	13.7003	1		0	12.0616	46.0945	0	0	0	
2024-06-26 21:44:59	1893	3701	1	0	0	6	25	0	0	0	25	0	0	3	25	0	0	0	25	0	0	2.598		100.036	40.1802	0.0787847	0	0.78756	0.322891	14.8452	1		0	12.0616	46.4844	0	0	0	
2024-06-26 21:40:00	1854	3702	5	0	0	2	9	0	0	0	9	0	0	2.25	9	0	0	0	9	0	0	0.216		100.043	39.9088	0.855424	0	8.5506	0.108107	13.4312	1		0	11.9552	47.7838	0	0	0	
2024-06-26 21:46:49	1907	3703	1	0	0	7	29	0	0	0	29	0	0	0.5	29	0	0	0	29	0	0	5.628		100.031	40.0033	0.043038	0	0.430245	0.254918	17.5715	1		0.0088623	12.0616	46.3544	0	0	0	
2024-06-26 21:35:46	1823	3704	1	0	0	0	1	0	0	0	1	0	0	3.5	1	0	0	0	1	0	0	3.031		100.044	39.8327	0.0749342	0	0.749014	0.703073	16.4717	2		0.0088623	12.0616	50.6426	0	0	0	
2024-06-26 21:54:20	1966	3705	1	0	0	1.75	8	0	0	0	8	0	0	0	8	0	0	0	8	0	0	1.515		100.032	40.4525	0.12311	0	1.23072	0.00715404	13.5324	1		0.0088623	12.0616	46.2245	0	0	0	
2024-06-26 21:45:41	1898	3706	5	0	0	6	25	0	0	0	25	0	0	7	25	0	0	0	25	0	0	0.866		100.034	40.1561	0.241885	0	2.41802	0.00822046	15.1929	2		0.0088623	12.0616	46.3544	0	0	0	
2024-06-26 21:53:36	1960	3707	1	0	0	6.5	27	0	0	0	27	0	0	1.25	27	0	0	0	27	0	0	4.546		100.035	40.0224	0.0583816	0	0.583612	0.369388	19.2515	1		0.0088623	11.9641	46.0945	0	0	0	
2024-06-26 21:49:09	1926	3708	1	0	0	7.75	32	0	0	0	32	0	0	1.25	32	0	0	0	32	0	0	5.628		100.032	39.6174	0.0399092	0	0.398963	0.120287	16.2939	1		0.0088623	12.0616	46.2245	0	0	0	
2024-06-26 21:43:22	1881	3709	5	0	0	5	21	0	0	0	21	0	0	5.5	21	0	0	0	21	0	0	0.433		100.032	40.4789	0.483924	0	4.83771	0.00173973	15.1981	2		0.0088623	12.0616	46.7443	0	0	0	
2024-06-26 21:44:01	1886	3710	5	0	0	5	21	0	0	0	21	0	0	4.25	21	0	0	0	21	0	0	0.649		100.036	40.4823	0.308149	0	3.08038	0.138722	14.5159	1		0.0088623	12.0616	46.6143	0	0	0	
2024-06-26 21:40:52	1861	3711	1	0	0	3	13	0	0	0	13	0	0	1	13	0	0	0	13	0	0	1.732		100.04	40.6684	0.107839	0	1.07797	0.278623	13.5461	1		0.0088623	12.0616	47.394	0	0	0	
2024-06-26 21:38:23	1842	3712	1	0	0	1	5	0	0	0	5	0	0	2	5	0	0	0	5	0	0	0.866		100.037	39.5058	0.205181	0	2.05104	0.129458	12.8871	1		0.0088623	12.0616	48.4336	0	0	0	
2024-06-26 21:50:20	1935	3713	9	0	0	1.75	8	0	0	0	8	0	0	6	8	0	0	0	8	0	0	3.68		100.032	40.4405	0.0627596	0	0.627395	0.994045	16.7537	1		0.0088623	12.0616	46.2245	0	0	0	
2024-06-26 21:42:54	1878	3714	1	0	0	4	17	0	0	0	17	0	0	2.25	17	0	0	0	17	0	0	1.515		100.034	40.2285	0.119049	0	1.19009	0.144264	13.0857	1		0.0088623	12.0616	46.8742	0	0	0	
2024-06-26 21:48:17	1919	3715	5	0	0	7.75	32	0	0	0	32	0	0	6	32	0	0	0	32	0	0	1.515		100.035	39.6081	0.130869	0	1.30823	0.161543	14.3847	1		0.0088623	12.0616	46.2245	0	0	0	
2024-06-26 21:48:55	1924	3716	5	0	0	7.75	32	0	0	0	32	0	0	4.75	32	0	0	0	32	0	0	2.598		100.034	39.6234	0.0757203	0	0.756943	0.164081	14.268	1		0	12.0616	46.2245	0	0	0	
2024-06-26 21:46:06	1901	3717	5	0	0	6	25	0	0	0	25	0	0	2	25	0	0	0	25	0	0	3.464		100.033	40.1487	0.0696021	0	0.695788	0.0293213	17.4871	1		0	12.0616	46.3544	0	0	0	
2024-06-26 21:41:42	1868	3718	5	0	0	4	17	0	0	0	17	0	0	5.5	17	0	0	0	17	0	0	1.299		100.043	40.2586	0.153445	0	1.53378	0.390048	14.4556	1		0.0088623	12.0616	47.1341	0	0	0	
2024-06-26 21:41:42	1868	3719	9	0	0	4	17	0	0	0	17	0	0	4.25	17	0	0	0	17	0	0	0.216		100.043	40.2586	0.979227	0	9.78802	0.394207	15.375	1		0.0088623	12.0616	47.1341	0	0	0	
2024-06-26 21:36:32	1829	3720	1	0	0	0	1	0	0	0	1	0	0	1.75	1	0	0	0	1	0	0	1.515		100.04	39.8302	0.119722	0	1.19674	0.00450061	13.1589	2		0.0088623	12.0705	49.863	0	0	0	
2024-06-26 21:55:25	1975	3721	1	0	0	3.75	16	0	0	4	16	0	0	3.5	16	0	0	4.25	16	0	0	0.13		100.037	20.7116	0.716883	0	7.16621	0.0891481	11.2567	1		0	12.0616	46.2245	0	0	0	
2024-06-26 21:41:13	1864	3722	5	0	0	3	13	0	0	0	13	0	0	2.75	13	0	0	0	13	0	0	0.216		100.04	40.6736	0.835525	0	8.35189	0.221458	13.1191	1		0.0088623	12.0616	47.394	0	0	0	
2024-06-26 21:39:07	1847	3723	9	0	0	2	9	0	0	0	9	0	0	6	9	0	0	0	9	0	0	3.464		100.04	39.9287	0.0692753	0	0.692473	0.153458	17.4037	1		0	12.0616	48.1737	0	0	0	
2024-06-26 21:38:37	1844	3724	5	0	0	2	9	0	0	0	9	0	0	4.75	9	0	0	0	9	0	0	2.381		100.039	39.8912	0.0836041	0	0.835711	0.171037	14.4401	4		0.0088623	11.9552	48.4336	0	0	0	
2024-06-26 21:47:03	1909	3725	5	0	0	7	29	0	0	0	29	0	0	5	29	0	0	0	29	0	0	1.732		100.034	40.0061	0.111596	0	1.11558	0.235668	14.0188	1		0.0088623	12.0616	46.3544	0	0	0	
2024-06-26 21:47:03	1909	3726	1	0	0	7	29	0	0	0	29	0	0	3.75	29	0	0	0	29	0	0	2.814		100.034	40.0061	0.0712794	0	0.712553	0.267128	14.5506	1		0.0088623	12.0616	46.3544	0	0	0	
2024-06-26 21:37:29	1835	3727	1	0	0	1	5	0	0	0	5	0	0	3.25	5	0	0	0	5	0	0	1.948		100.043	39.4794	0.0950213	0	0.949801	0.185368	13.4275	1		0	12.0616	49.2132	0	0	0	
2024-06-26 21:49:52	1932	3728	9	0	0	2.75	12	0	0	0	12	0	0	5	12	0	0	0	12	0	0	1.948		100.033	40.1631	0.0949427	0	0.949117	0.226773	13.4178	1		0	12.0616	46.2245	0	0	0	
2024-06-26 21:43:31	1882	3729	1	0	0	5	21	0	0	0	21	0	0	1.75	21	0	0	0	21	0	0	2.814		100.036	40.4807	0.08292	0	0.828903	0.659416	16.9265	1		0	12.0616	46.7443	0	0	0	
2024-06-26 21:39:14	1848	3730	1	0	0	2	9	0	0	0	9	0	0	1.5	9	0	0	0	9	0	0	0.433		100.044	39.9179	0.448558	0	4.48359	0.120495	14.0856	1		0.0088623	12.0616	48.1737	0	0	0	
2024-06-26 21:36:42	1830	3731	1	0	0	0	1	0	0	0	1	0	0	2.75	1	0	0	0	1	0	0	2.381		100.045	39.8242	0.1606	0	1.60528	0.258397	27.7372	2		0.0088623	12.0616	49.4731	0	0	0	
2024-06-26 21:49:45	1931	3732	9	0	0	3.25	14	0	0	0	14	0	0	4.5	14	0	0	0	14	0	0	1.082		100.032	40.5921	0.171	0	1.70945	0.292939	13.426	1		0.0088623	12.0616	46.2245	0	0	0	
2024-06-26 21:40:44	1860	3733	5	0	0	3	13	0	0	0	13	0	0	6.75	13	0	0	0	13	0	0	3.247		100.046	40.6671	0.0681255	0	0.68094	0.707684	16.0443	1		0.0088623	12.0616	47.5239	0	0	0	
2024-06-26 21:37:00	1832	3734	5	0	0	1	5	0	0	0	5	0	0	7.25	5	0	0	0	5	0	0	5.412		100.043	39.4726	0.0611743	0	0.611478	0.455422	24.0127	3		0.0088623	12.0616	49.4731	0	0	0	
2024-06-26 21:45:23	1896	3735	9	0	0	6	25	0	0	0	25	0	0	7.5	25	0	0	0	25	0	0	1.299		100.033	40.1632	0.152808	0	1.52757	0.00140845	14.397	2		0.0088623	12.0616	46.4844	0	0	0	
2024-06-26 21:45:51	1899	3736	5	0	0	6	25	0	0	0	25	0	0	6.25	25	0	0	0	25	0	0	0.216		100.038	40.1622	0.939899	0	9.39544	0.108984	14.7583	1		0	12.0705	46.3544	0	0	0	
2024-06-26 21:48:03	1917	3737	1	0	0	7.75	32	0	0	0	32	0	0	0.5	32	0	0	0	32	0	0	6.278		100.033	39.5969	0.0366369	0	0.366249	0.348943	16.6838	1		0.0088623	12.0616	46.2245	0	0	0	
2024-06-26 21:44:37	1890	3738	5	0	0	5	21	0	0	0	21	0	0	3.5	21	0	0	0	21	0	0	1.299		100.033	40.449	0.141328	0	1.41281	0.0866932	13.3154	1		0	11.9552	46.6143	0	0	0	
2024-06-26 21:41:13	1864	3739	1	0	0	3	13	0	0	0	13	0	0	0.25	13	0	0	0	13	0	0	2.381		100.04	40.6736	0.0785925	0	0.785609	0.0429608	13.5743	1		0.0088623	12.0616	47.394	0	0	0	
2024-06-26 21:38:09	1840	3740	1	0	0	1	5	0	0	0	5	0	0	1.25	5	0	0	0	5	0	0	0.216		100.041	39.4949	0.844423	0	8.44077	0.230836	13.2587	1		0.0088623	12.0616	48.4336	0	0	0	
2024-06-26 21:42:39	1876	3741	5	0	0	4	17	0	0	0	17	0	0	1.5	17	0	0	0	17	0	0	2.165		100.039	40.2519	0.0853874	0	0.853537	0.037953	13.4073	1		0.0088623	12.0616	47.0042	0	0	0	
2024-06-26 21:50:27	1936	3742	9	0	0	1.5	7	0	0	0	7	0	0	6.25	7	0	0	0	7	0	0	4.113		100.033	39.6098	0.0699335	0	0.699104	1.12024	20.8648	4		0.0088623	12.0616	46.0945	0	0	0	
2024-06-26 21:48:03	1917	3743	5	0	0	7.75	32	0	0	0	32	0	0	5.25	32	0	0	0	32	0	0	2.165		100.033	39.5969	0.0900451	0	0.900155	0.753211	14.1396	1		0.0088623	12.0616	46.2245	0	0	0	
2024-06-26 21:48:47	1923	3744	5	0	0	7.75	32	0	0	0	32	0	0	4	32	0	0	0	32	0	0	3.247		100.033	39.6138	0.0605959	0	0.60576	0.0179089	14.2729	1		0.0088623	12.0616	46.2245	0	0	0	
2024-06-26 21:45:51	1899	3745	1	0	0	6	25	0	0	0	25	0	0	1.25	25	0	0	0	25	0	0	4.113		100.038	40.1622	0.059495	0	0.594726	0.821667	17.7497	1		0	12.0705	46.3544	0	0	0	
2024-06-26 21:43:01	1879	3746	1	0	0	4	17	0	0	0	17	0	0	3.5	17	0	0	0	17	0	0	0.433		100.032	40.2128	0.500462	0	5.003	0.0172917	15.7174	2		0.0088623	12.0616	46.8742	0	0	0	
2024-06-26 21:36:52	1831	3747	1	0	0	0	1	0	0	0	1	0	0	1	1	0	0	0	1	0	0	0.866		100.044	39.8246	0.210723	0	2.1063	0.115786	13.2343	1		0.0088623	12.0616	49.6031	0	0	0	
2024-06-26 21:38:51	1845	3748	9	0	0	2	9	0	0	0	9	0	0	5.25	9	0	0	0	9	0	0	2.814		100.04	39.9559	0.087014	0	0.86979	0.528486	17.7614	1		0.0088623	12.0616	48.3036	0	0	0	
2024-06-26 21:39:21	1849	3749	5	0	0	2	9	0	0	0	9	0	0	4	9	0	0	0	9	0	0	1.732		100.047	39.9147	0.106804	0	1.06755	0.0406953	13.4152	1		0.0088623	12.0616	48.1737	0	0	0	
2024-06-26 21:54:35	1968	3750	1	0	0	3.5	15	0	0	0	15	0	0	2.25	15	0	0	0	15	0	0	1.082		100.032	39.8306	0.167365	0	1.67312	0.105091	13.1406	1		0.0088623	11.9552	46.0945	0	0	0	
2024-06-26 21:47:20	1911	3751	1	0	0	7	29	0	0	0	29	0	0	3	29	0	0	0	29	0	0	3.464		100.032	40.0053	0.0594314	0	0.594123	0.0545112	14.9319	1		0.0088623	12.0616	46.2245	0	0	0	
2024-06-26 21:38:30	1843	3752	1	0	0	1	5	0	0	0	5	0	0	2.5	5	0	0	0	5	0	0	1.299		100.039	39.5053	0.147791	0	1.47733	0.191227	13.9235	1		0.0088623	12.0616	48.4336	0	0	0	
2024-06-26 21:35:38	1822	3753	5	0	0	0	1	0	0	0	1	0	0	6.75	1	0	0	0	1	0	0	5.845		100.045	39.8288	0.0400667	0	0.400486	0.599884	16.9852	1		0.0088623	12.0616	50.7726	0	0	0	
2024-06-26 21:51:34	1944	3754	1	0	0	2.75	12	0	0	0	12	0	0	3	12	0	0	0	12	0	0	0.216		100.038	40.105	0.83808	0	8.37763	0.204781	13.1595	1		0.0088623	12.0616	45.9646	0	0	0	
2024-06-26 21:43:47	1884	3755	1	0	0	5	21	0	0	0	21	0	0	1	21	0	0	0	21	0	0	3.464		100.034	40.4856	0.0663355	0	0.663131	0.756562	16.6663	1		0.0088623	12.0616	46.7443	0	0	0	
2024-06-26 21:56:46	1984	3756	1	0	0	0.5	3	0	0	7.25	3	0	0	2.75	3	0	0	5	3	0	0	1.168		100.034	22.0361	0.0708761	0	0.708518	0.14276	10.0164	2		0	11.973	46.2245	0	0	0	
2024-06-26 21:52:16	1950	3757	9	0	0	6.75	28	0	0	0	28	0	0	7	28	0	0	0	28	0	0	0.216		100.034	39.8493	0.912665	0	9.12354	0.425104	14.3312	1		0	12.0616	46.0945	0	0	0	
2024-06-26 21:39:29	1850	3758	1	0	0	2	9	0	0	0	9	0	0	0.75	9	0	0	0	9	0	0	1.082		100.043	39.9228	0.166067	0	1.65996	0.274436	13.0373	1		0	12.0616	47.9138	0	0	0	
2024-06-26 21:40:22	1857	3759	9	0	0	3	13	0	0	0	13	0	0	6	13	0	0	0	13	0	0	2.598		100.042	40.6688	0.0787022	0	0.786688	0.0289074	14.8287	1		0	12.0616	47.6539	0	0	0	
2024-06-26 21:40:59	1862	3760	5	0	0	3	13	0	0	0	13	0	0	4.75	13	0	0	0	13	0	0	1.515		100.042	40.6685	0.124759	0	1.24707	0.23809	13.7123	1		0.0088623	12.0616	47.394	0	0	0	
2024-06-26 21:37:00	1832	3761	9	0	0	1	5	0	0	0	5	0	0	7.75	5	0	0	0	5	0	0	5.845		100.043	39.4726	0.0390651	0	0.390482	0.167154	16.5609	3		0.0088623	12.0616	49.4731	0	0	0	
2024-06-26 21:37:45	1837	3762	5	0	0	1	5	0	0	0	5	0	0	6.5	5	0	0	0	5	0	0	4.762		100.042	39.4709	0.0525744	0	0.525525	0.123882	18.1608	2		0.0088623	12.0616	48.9533	0	0	0	
2024-06-26 21:45:34	1897	3763	9	0	0	6	25	0	0	0	25	0	0	5.5	25	0	0	0	25	0	0	0.433		100.034	40.1693	0.507467	0	5.07295	0.185587	15.9371	1		0.0088623	12.0616	46.4844	0	0	0	
2024-06-26 21:44:59	1893	3764	5	0	0	6	25	0	0	0	25	0	0	4.25	25	0	0	0	25	0	0	1.515		100.036	40.1802	0.128181	0	1.28134	0.398551	14.0891	1		0	12.0616	46.4844	0	0	0	
2024-06-26 21:44:08	1887	3765	1	0	0	5	21	0	0	0	21	0	0	2.75	21	0	0	0	21	0	0	1.948		100.03	40.4805	0.0956315	0	0.956032	0.0818909	13.5156	1		0	12.0616	46.6143	0	0	0	
2024-06-26 21:37:23	1834	3766	1	0	0	1	5	0	0	0	5	0	0	0.5	5	0	0	0	5	0	0	0.433		100.048	39.4699	0.467927	0	4.67704	0.296508	14.6934	1		0.0088623	11.9552	49.2132	0	0	0	
2024-06-26 21:42:54	1878	3767	5	0	0	4	17	0	0	0	17	0	0	0.75	17	0	0	0	17	0	0	2.814		100.034	40.2285	0.074191	0	0.741658	0.497344	15.1449	1		0.0088623	12.0616	46.8742	0	0	0	
2024-06-26 21:49:16	1927	3768	1	0	0	7.75	32	0	0	0	32	0	0	3.25	32	0	0	0	32	0	0	3.897		100.034	39.6126	0.0512473	0	0.512296	0.0581201	14.4848	1		0.0088623	12.0616	46.2245	0	0	0	
2024-06-26 21:55:57	1979	3769	1	0	0	2.75	12	0	0	5	12	0	0	0.5	12	0	0	7.25	12	0	0	1.168		100.035	22.0249	0.0701535	0	0.701289	0.32559	9.91424	1		0	12.0616	46.2245	0	0	0	
2024-06-26 21:50:41	1937	3770	9	0	0	1.25	6	0	0	0	6	0	0	6.5	6	0	0	0	6	0	0	4.546		100.031	40.253	0.0535114	0	0.534948	0.305544	17.6462	1		0	12.0616	46.2245	0	0	0	
2024-06-26 21:46:27	1904	3771	5	0	0	6	25	0	0	0	25	0	0	0.5	25	0	0	0	25	0	0	4.762		100.025	40.1477	0.0528712	0	0.528578	0.59031	18.2663	1		0	12.0616	46.3544	0	0	0	
2024-06-26 21:41:42	1868	3772	1	0	0	4	17	0	0	0	17	0	0	2.75	17	0	0	0	17	0	0	1.082		100.043	40.2586	0.167306	0	1.67233	0.635564	13.1345	1		0.0088623	12.0616	47.1341	0	0	0	
2024-06-26 21:36:25	1828	3773	1	0	0	0	1	0	0	0	1	0	0	0.25	1	0	0	0	1	0	0	0.216		100.044	39.8434	0.847167	0	8.46798	0.109708	13.3015	1		0.0088623	12.0616	49.9929	0	0	0	
2024-06-26 21:38:37	1844	3774	1	0	0	2	9	0	0	0	9	0	0	3.25	9	0	0	0	9	0	0	1.082		100.039	39.8912	0.168213	0	1.68147	0.0770055	13.2062	4		0.0088623	11.9552	48.4336	0	0	0	
2024-06-26 21:47:27	1912	3775	1	0	0	7	29	0	0	0	29	0	0	1.75	29	0	0	0	29	0	0	4.546		100.037	39.9926	0.0540264	0	0.540063	0.302046	17.8149	1		0	12.0616	46.3544	0	0	0	
2024-06-26 21:35:56	1824	3776	5	0	0	0	1	0	0	0	1	0	0	6	1	0	0	0	1	0	0	5.195		100.046	39.8307	0.0581578	0	0.58131	0.463275	21.9149	1		0	12.0439	50.1229	0	0	0	
2024-06-26 21:35:46	1823	3777	9	0	0	0	1	0	0	0	1	0	0	4.75	1	0	0	0	1	0	0	4.113		100.044	39.8327	0.0525598	0	0.525368	0.0169585	15.6797	2		0.0088623	12.0616	50.6426	0	0	0	
2024-06-26 21:53:51	1962	3778	1	0	0	7.25	30	0	0	0	30	0	0	0.5	30	0	0	0	30	0	0	5.845		100.034	40.0448	0.0551319	0	0.551132	0.827902	23.3744	1		0.0088623	12.0616	45.8346	0	0	0	
2024-06-26 21:44:01	1886	3779	1	0	0	5	21	0	0	0	21	0	0	0.25	21	0	0	0	21	0	0	4.113		100.036	40.4823	0.0517781	0	0.517594	0.168768	15.4477	1		0.0088623	12.0616	46.6143	0	0	0	
2024-06-26 21:43:22	1881	3780	1	0	0	5	21	0	0	0	21	0	0	6.75	21	0	0	0	21	0	0	1.515		100.032	40.4789	0.139253	0	1.39209	0.211895	15.3068	2		0.0088623	12.0616	46.7443	0	0	0	
2024-06-26 21:41:21	1865	3781	1	0	0	3	13	0	0	0	13	0	0	2.25	13	0	0	0	13	0	0	0.649		100.036	40.6765	0.291169	0	2.91063	0.206754	13.716	1		0	12.0616	47.264	0	0	0	
2024-06-26 21:39:43	1852	3782	1	0	0	2	9	0	0	0	9	0	0	0	9	0	0	0	9	0	0	1.732		100.045	39.9078	0.17299	0	1.72913	0.430825	21.7289	2		0	12.0616	47.9138	0	0	0	
2024-06-26 21:52:23	1951	3783	9	0	0	6.5	27	0	0	0	27	0	0	7.25	27	0	0	0	27	0	0	0.649		100.029	40.0564	0.325574	0	3.25478	0.213885	15.3378	1		0.0088623	12.0616	46.0945	0	0	0	
2024-06-26 21:48:47	1923	3784	9	0	0	7.75	32	0	0	0	32	0	0	7.25	32	0	0	0	32	0	0	0.433		100.033	39.6138	0.509593	0	5.09425	0.0156231	16.0041	1		0.0088623	12.0616	46.2245	0	0	0	
2024-06-26 21:53:59	1963	3785	1	0	0	7.5	31	0	0	0	31	0	0	0.25	31	0	0	0	31	0	0	6.278		100.033	39.6406	0.0355368	0	0.355251	0.12243	16.1828	1		0.0088623	12.0616	46.0945	0	0	0	
2024-06-26 21:51:12	1941	3786	1	0	0	0.75	4	0	0	0	4	0	0	1	4	0	0	0	4	0	0	0.216		100.035	40.3696	0.858486	0	8.5819	0.113021	13.4804	1		0.0088623	12.0616	46.0945	0	0	0	
2024-06-26 21:53:09	1957	3787	1	0	0	5.5	23	0	0	0	23	0	0	2.25	23	0	0	0	23	0	0	2.814		100.033	40.064	0.0961552	0	0.961238	0.249535	19.6288	2		0.0088623	12.0616	46.2245	0	0	0	
2024-06-26 21:42:03	1871	3788	5	0	0	4	17	0	0	0	17	0	0	6.75	17	0	0	0	17	0	0	2.381		100.037	40.2442	0.0850385	0	0.850066	0.102272	14.6881	1		0	12.0616	47.1341	0	0	0	
2024-06-26 21:41:06	1863	3789	9	0	0	3	13	0	0	0	13	0	0	5.25	13	0	0	0	13	0	0	1.948		100.046	40.6677	0.102926	0	1.02879	0.0111924	14.5441	1		0.0088623	12.0616	47.394	0	0	0	
2024-06-26 21:41:06	1863	3790	5	0	0	3	13	0	0	0	13	0	0	4	13	0	0	0	13	0	0	0.866		100.046	40.6677	0.220199	0	2.20097	0.163614	13.8291	1		0.0088623	12.0616	47.394	0	0	0	
2024-06-26 21:39:36	1851	3791	9	0	0	2	9	0	0	0	9	0	0	7.25	9	0	0	0	9	0	0	4.546		100.041	39.9247	0.053059	0	0.530375	0.219386	17.4953	1		0.0088623	12.0616	48.0437	0	0	0	
2024-06-26 21:46:35	1905	3792	5	0	0	7	29	0	0	0	29	0	0	7.5	29	0	0	0	29	0	0	0.433		100.03	39.9727	0.481439	0	4.81294	0.892651	15.1203	1		0.0088623	12.0616	46.3544	0	0	0	
2024-06-26 21:47:11	1910	3793	5	0	0	7	29	0	0	0	29	0	0	6.25	29	0	0	0	29	0	0	0.649		100.037	40.0197	0.325732	0	3.2561	0.315154	15.344	1		0.0088623	12.0616	46.2245	0	0	0	
2024-06-26 21:37:23	1834	3794	5	0	0	1	5	0	0	0	5	0	0	5.75	5	0	0	0	5	0	0	4.113		100.048	39.4699	0.0521896	0	0.521648	0.176697	15.5686	1		0.0088623	11.9552	49.2132	0	0	0	
2024-06-26 21:37:23	1834	3795	9	0	0	1	5	0	0	0	5	0	0	4.5	5	0	0	0	5	0	0	3.031		100.048	39.4699	0.0740465	0	0.740113	0.121932	16.2759	1		0.0088623	11.9552	49.2132	0	0	0	
2024-06-26 21:45:58	1900	3796	1	0	0	6	25	0	0	0	25	0	0	3.5	25	0	0	0	25	0	0	2.165		100.032	40.1537	0.087739	0	0.87711	0.0238399	13.7776	1		0.0088623	12.0616	46.3544	0	0	0	
2024-06-26 21:43:01	1879	3797	5	0	0	4	17	0	0	0	17	0	0	0	17	0	0	0	17	0	0	3.464		100.032	40.2128	0.0615957	0	0.615757	0.245225	15.4757	2		0.0088623	12.0616	46.8742	0	0	0	
2024-06-26 21:49:23	1928	3798	5	0	0	7.75	32	0	0	0	32	0	0	2.5	32	0	0	0	32	0	0	4.546		100.031	39.6173	0.0488441	0	0.48829	0.195593	16.1071	1		0.0088623	12.0616	46.2245	0	0	0	
2024-06-26 21:39:00	1846	3799	1	0	0	2	9	0	0	0	9	0	0	2.5	9	0	0	0	9	0	0	0.433		100.041	39.94	0.440885	0	4.40702	0.132761	13.8451	1		0	12.0616	48.3036	0	0	0	
2024-06-26 21:46:35	1905	3800	1	0	0	7	29	0	0	0	29	0	0	1	29	0	0	0	29	0	0	5.195		100.03	39.9727	0.0463317	0	0.463177	0.288674	17.4614	1		0.0088623	12.0616	46.3544	0	0	0	
2024-06-26 21:35:56	1824	3801	9	0	0	0	1	0	0	0	1	0	0	5.25	1	0	0	0	1	0	0	4.546		100.046	39.8307	0.0519468	0	0.519229	0.155301	17.1277	1		0	12.0439	50.1229	0	0	0	
2024-06-26 21:35:16	1820	3802	5	0	0	0	1	0	0	0	1	0	0	4	1	0	0	0	1	0	0	3.464		100.047	39.8733	0.0627768	0	0.627473	0.149949	15.7701	2		0	12.0261	51.0325	0	0	0	
2024-06-26 21:48:33	1921	3803	1	0	0	7.75	32	0	0	0	32	0	0	1.75	32	0	0	0	32	0	0	5.195		100.033	39.6061	0.0443204	0	0.44306	0.344403	16.703	1		0.0088623	12.0616	46.2245	0	0	0	
2024-06-26 21:43:47	1884	3804	9	0	0	5	21	0	0	0	21	0	0	6	21	0	0	0	21	0	0	0.866		100.034	40.4856	0.232386	0	2.32307	0.0768184	14.5963	1		0.0088623	12.0616	46.7443	0	0	0	
2024-06-26 21:43:54	1885	3805	5	0	0	5	21	0	0	0	21	0	0	4.75	21	0	0	0	21	0	0	0.216		100.035	40.495	0.870199	0	8.69894	0.142578	13.6643	1		0.0088623	12.0439	46.6143	0	0	0	
2024-06-26 21:40:29	1858	3806	1	0	0	3	13	0	0	0	13	0	0	1.5	13	0	0	0	13	0	0	1.299		100.04	40.6708	0.138471	0	1.38415	0.0683027	13.0453	1		0	12.0616	47.6539	0	0	0	
2024-06-26 21:48:40	1922	3807	5	0	0	7.75	32	0	0	0	32	0	0	6.5	32	0	0	0	32	0	0	1.082		100.032	39.6167	0.187861	0	1.87801	0.158886	14.7499	1		0.0088623	12.0616	46.2245	0	0	0	
2024-06-26 21:50:10	1934	3808	9	0	0	2.25	10	0	0	0	10	0	0	5.5	10	0	0	0	10	0	0	2.814		100.031	40.6111	0.0959182	0	0.958883	0.169752	19.5807	2		0	12.0616	46.2245	0	0	0	
2024-06-26 21:55:47	1978	3809	1	0	0	3	13	0	0	4.75	13	0	0	1.25	13	0	0	6.5	13	0	0	0.908		100.038	22.4931	0.077824	0	0.777945	0.0374324	8.55396	2		0.0088623	12.0616	46.2245	0	0	0	
2024-06-26 21:41:56	1870	3810	9	0	0	4	17	0	0	0	17	0	0	6	17	0	0	0	17	0	0	1.732		100.041	40.2502	0.111511	0	1.11465	0.147188	14.0071	1		0.0088623	12.0616	47.1341	0	0	0	
2024-06-26 21:41:56	1870	3811	5	0	0	4	17	0	0	0	17	0	0	4.75	17	0	0	0	17	0	0	0.649		100.041	40.2502	0.322674	0	3.22542	0.202214	15.1994	1		0.0088623	12.0616	47.1341	0	0	0	
2024-06-26 21:36:10	1826	3812	1	0	0	0	1	0	0	0	1	0	0	2.25	1	0	0	0	1	0	0	1.948		100.046	39.8439	0.120445	0	1.2039	0.721682	17.0197	1		0.0088623	12.0616	50.2528	0	0	0	
2024-06-26 21:55:40	1977	3813	1	0	0	3.25	14	0	0	4.5	14	0	0	2	14	0	0	5.75	14	0	0	0.649		100.035	22.2946	0.139144	0	1.39096	0.31489	10.9246	1		0.0088623	12.0616	46.2245	0	0	0	
2024-06-26 21:41:06	1863	3814	1	0	0	3	13	0	0	0	13	0	0	3.25	13	0	0	0	13	0	0	0.216		100.046	40.6677	0.860022	0	8.59623	0.167033	13.5029	1		0.0088623	12.0616	47.394	0	0	0	
2024-06-26 21:39:29	1850	3815	9	0	0	2	9	0	0	0	9	0	0	7.75	9	0	0	0	9	0	0	4.979		100.043	39.9228	0.0434792	0	0.434607	0.0730608	15.7016	1		0	12.0616	47.9138	0	0	0	
2024-06-26 21:39:29	1850	3816	5	0	0	2	9	0	0	0	9	0	0	6.5	9	0	0	0	9	0	0	3.897		100.043	39.9228	0.0552022	0	0.551787	0.014161	15.6014	1		0	12.0616	47.9138	0	0	0	
2024-06-26 21:46:57	1908	3817	5	0	0	7	29	0	0	0	29	0	0	5.5	29	0	0	0	29	0	0	1.299		100.034	39.9978	0.153928	0	1.53875	0.4166	14.5024	1		0.0088623	12.0616	46.3544	0	0	0	
2024-06-26 21:46:49	1907	3818	5	0	0	7	29	0	0	0	29	0	0	4.25	29	0	0	0	29	0	0	2.381		100.031	40.0033	0.0833713	0	0.833451	0.260297	14.401	1		0.0088623	12.0616	46.3544	0	0	0	
2024-06-26 21:37:54	1838	3819	9	0	0	1	5	0	0	0	5	0	0	5	5	0	0	0	5	0	0	3.464		100.042	39.4826	0.0599748	0	0.599497	0.0782164	15.067	1		0.0088623	12.0616	48.8234	0	0	0	
2024-06-26 21:38:09	1840	3820	5	0	0	1	5	0	0	0	5	0	0	3.75	5	0	0	0	5	0	0	2.381		100.041	39.4949	0.0843478	0	0.843133	0.393691	14.5683	1		0.0088623	12.0616	48.4336	0	0	0	
2024-06-26 21:46:20	1903	3821	5	0	0	6	25	0	0	0	25	0	0	2.75	25	0	0	0	25	0	0	2.814		100.031	40.1492	0.0716474	0	0.716255	0.282547	14.6262	1		0	12.0616	46.3544	0	0	0	
2024-06-26 21:44:44	1891	3822	5	0	0	5	21	0	0	0	21	0	0	2.25	21	0	0	0	21	0	0	2.381		100.037	40.4504	0.0811151	0	0.810854	0.144105	14.0105	1		0.0088623	12.0616	46.6143	0	0	0	
2024-06-26 21:46:42	1906	3823	1	0	0	7	29	0	0	0	29	0	0	0.25	29	0	0	0	29	0	0	5.845		100.034	39.996	0.0389191	0	0.38906	0.110309	16.5006	1		0.0088623	12.0616	46.3544	0	0	0	
2024-06-26 21:36:03	1825	3824	1	0	0	0	1	0	0	0	1	0	0	3.25	1	0	0	0	1	0	0	2.814		100.046	39.8353	0.0705553	0	0.705231	0.418569	14.4011	1		0.0088623	12.0616	50.2528	0	0	0	
2024-06-26 21:40:15	1856	3825	5	0	0	3	13	0	0	0	13	0	0	7.25	13	0	0	0	13	0	0	3.68		100.04	40.6458	0.0675359	0	0.675087	0.629532	18.0272	1		0.0088623	12.0616	47.6539	0	0	0	
2024-06-26 21:45:16	1895	3826	5	0	0	6	25	0	0	0	25	0	0	6.75	25	0	0	0	25	0	0	0.649		100.033	40.1817	0.340159	0	3.40046	0.107923	16.0243	1		0.0088623	11.9552	46.3544	0	0	0	
2024-06-26 21:49:31	1929	3827	9	0	0	3.75	16	0	0	0	16	0	0	4	16	0	0	0	16	0	0	0.216		100.037	40.2205	0.97114	0	9.70785	0.509559	15.2491	1		0.0088623	12.0616	46.2245	0	0	0	
2024-06-26 21:48:47	1923	3828	1	0	0	7.75	32	0	0	0	32	0	0	1	32	0	0	0	32	0	0	5.845		100.033	39.6138	0.0388388	0	0.38826	0.188617	16.4667	1		0.0088623	12.0616	46.2245	0	0	0	
2024-06-26 21:43:39	1883	3829	9	0	0	5	21	0	0	0	21	0	0	5.25	21	0	0	0	21	0	0	0.216		100.034	40.4778	0.892929	0	8.92623	0.106351	14.0213	1		0	12.0616	46.7443	0	0	0	
2024-06-26 21:43:54	1885	3830	9	0	0	5	21	0	0	0	21	0	0	4	21	0	0	0	21	0	0	0.866		100.035	40.495	0.227129	0	2.2705	0.326006	14.266	1		0.0088623	12.0439	46.6143	0	0	0	
2024-06-26 21:40:44	1860	3831	1	0	0	3	13	0	0	0	13	0	0	0.75	13	0	0	0	13	0	0	1.948		100.046	40.6671	0.0992133	0	0.991674	0.465383	14.0195	1		0.0088623	12.0616	47.5239	0	0	0	
2024-06-26 21:37:54	1838	3832	1	0	0	1	5	0	0	0	5	0	0	1.75	5	0	0	0	5	0	0	0.649		100.042	39.4826	0.298433	0	2.98308	0.10429	14.0574	1		0.0088623	12.0616	48.8234	0	0	0	
2024-06-26 21:41:56	1870	3833	1	0	0	4	17	0	0	0	17	0	0	2	17	0	0	0	17	0	0	1.732		100.041	40.2502	0.106878	0	1.06835	0.180252	13.4252	1		0.0088623	12.0616	47.1341	0	0	0	
2024-06-26 21:48:10	1918	3834	9	0	0	7.75	32	0	0	0	32	0	0	5.75	32	0	0	0	32	0	0	1.732		100.031	39.6093	0.113281	0	1.13247	0.279642	14.231	1		0	12.0616	46.2245	0	0	0	
2024-06-26 21:48:25	1920	3835	5	0	0	7.75	32	0	0	0	32	0	0	4.5	32	0	0	0	32	0	0	2.814		100.037	39.61	0.0701812	0	0.701553	0.287267	14.326	1		0.0088623	12.0616	46.2245	0	0	0	
2024-06-26 21:51:47	1946	3836	1	0	0	2.25	10	0	0	0	10	0	0	3.5	10	0	0	0	10	0	0	1.082		100.033	40.6151	0.16815	0	1.68094	0.135877	13.2021	1		0.0088623	12.0616	46.0945	0	0	0	
2024-06-26 21:51:05	1940	3837	9	0	0	0.25	2	0	0	0	2	0	0	7.5	2	0	0	0	2	0	0	6.278		100.032	40.2562	0.0368148	0	0.368032	0.599733	16.765	1		0.0088623	12.0616	46.2245	0	0	0	
2024-06-26 21:46:13	1902	3838	1	0	0	6	25	0	0	0	25	0	0	1.75	25	0	0	0	25	0	0	3.68		100.033	40.149	0.0712775	0	0.712537	0.346066	19.0272	1		0	12.0616	46.3544	0	0	0	
2024-06-26 21:42:25	1874	3839	9	0	0	4	17	0	0	0	17	0	0	5.25	17	0	0	0	17	0	0	1.082		100.036	40.2398	0.182617	0	1.82551	0.223085	14.3375	1		0.0088623	12.0616	47.0042	0	0	0	
2024-06-26 21:35:16	1820	3840	1	0	0	0	1	0	0	0	1	0	0	1.5	1	0	0	0	1	0	0	1.299		100.047	39.8733	0.136711	0	1.36647	0.0802316	12.8787	2		0	12.0261	51.0325	0	0	0	
2024-06-26 21:40:59	1862	3841	1	0	0	3	13	0	0	0	13	0	0	2.5	13	0	0	0	13	0	0	0.433		100.042	40.6685	0.446039	0	4.45854	0.31139	14.0069	1		0.0088623	12.0616	47.394	0	0	0	
2024-06-26 21:39:14	1848	3842	9	0	0	2	9	0	0	0	9	0	0	5.75	9	0	0	0	9	0	0	3.247		100.044	39.9179	0.065575	0	0.655459	0.015324	15.4439	1		0.0088623	12.0616	48.1737	0	0	0	
2024-06-26 21:38:51	1845	3843	5	0	0	2	9	0	0	0	9	0	0	4.5	9	0	0	0	9	0	0	2.165		100.04	39.9559	0.0901713	0	0.90135	0.127325	14.1584	1		0.0088623	12.0616	48.3036	0	0	0	
2024-06-26 21:47:48	1915	3844	1	0	0	7	29	0	0	0	29	0	0	3.5	29	0	0	0	29	0	0	3.031		100.035	39.982	0.0653622	0	0.653396	0.501605	14.3689	1		0	12.0705	46.0945	0	0	0	
2024-06-26 21:38:23	1842	3845	5	0	0	1	5	0	0	0	5	0	0	3	5	0	0	0	5	0	0	1.732		100.037	39.5058	0.108854	0	1.08814	0.102259	13.6739	1		0.0088623	12.0616	48.4336	0	0	0	
2024-06-26 21:36:10	1826	3846	5	0	0	0	1	0	0	0	1	0	0	7.25	1	0	0	0	1	0	0	6.278		100.046	39.8439	0.039802	0	0.397837	0.852283	18.1227	1		0.0088623	12.0616	50.2528	0	0	0	
2024-06-26 21:44:27	1889	3847	1	0	0	5	21	0	0	0	21	0	0	1.5	21	0	0	0	21	0	0	3.031		100.035	40.4472	0.0711218	0	0.71097	0.341252	15.635	2		0.0088623	12.0616	46.4844	0	0	0	
2024-06-26 21:40:08	1855	3848	1	0	0	2	9	0	0	0	9	0	0	1.25	9	0	0	0	9	0	0	0.649		100.043	39.9115	0.283955	0	2.83833	0.174303	13.3753	1		0.0088623	12.0616	47.7838	0	0	0	
2024-06-26 21:54:13	1965	3849	1	0	0	1.5	7	0	0	0	7	0	0	0.25	7	0	0	0	7	0	0	1.082		100.036	39.664	0.163988	0	1.63929	0.051824	12.875	1		0.0088623	11.9552	46.0945	0	0	0	
2024-06-26 21:36:17	1827	3850	1	0	0	0	1	0	0	0	1	0	0	2.5	1	0	0	0	1	0	0	2.165		100.041	39.836	0.0908649	0	0.908277	0.334979	14.2672	1		0.0088623	12.0616	49.9929	0	0	0	
2024-06-26 21:53:30	1959	3851	1	0	0	6.25	26	0	0	0	26	0	0	1.5	26	0	0	0	26	0	0	4.113		100.038	40.168	0.0618386	0	0.618151	0.573956	18.4488	1		0.0088623	12.0616	46.0945	0	0	0	
2024-06-26 21:55:11	1973	3852	9	0	0	7.25	30	0	0	0	30	0	0	6.5	30	0	0	0	30	0	0	0.649		100.036	39.9765	0.321293	0	3.21176	0.324766	15.1351	1		0.0088623	11.9552	46.2245	0	0	0	
2024-06-26 21:40:52	1861	3853	5	0	0	3	13	0	0	0	13	0	0	7.75	13	0	0	0	13	0	0	4.113		100.04	40.6684	0.0505387	0	0.505187	0.118518	15.0774	1		0.0088623	12.0616	47.394	0	0	0	
2024-06-26 21:40:37	1859	3854	5	0	0	3	13	0	0	0	13	0	0	6.5	13	0	0	0	13	0	0	3.031		100.042	40.6711	0.0698537	0	0.698243	0.543548	15.3552	1		0.0088623	12.0616	47.6539	0	0	0	
2024-06-26 21:37:13	1833	3855	5	0	0	1	5	0	0	0	5	0	0	7	5	0	0	0	5	0	0	5.195		100.045	39.4661	0.0444473	0	0.444274	0.0355898	16.7487	2		0.0088623	12.0616	49.3432	0	0	0	
2024-06-26 21:45:34	1897	3856	5	0	0	6	25	0	0	0	25	0	0	4.75	25	0	0	0	25	0	0	1.082		100.034	40.1693	0.182154	0	1.82092	0.0617476	14.3015	1		0.0088623	12.0616	46.4844	0	0	0	
2024-06-26 21:49:02	1925	3857	1	0	0	7.75	32	0	0	0	32	0	0	0.25	32	0	0	0	32	0	0	6.494		100.034	39.6273	0.0339082	0	0.338966	0.0676248	15.9734	1		0	12.0616	46.0945	0	0	0	
2024-06-26 21:43:54	1885	3858	1	0	0	5	21	0	0	0	21	0	0	3.25	21	0	0	0	21	0	0	1.515		100.035	40.495	0.121343	0	1.21301	0.0120602	13.3377	1		0.0088623	12.0439	46.6143	0	0	0	
2024-06-26 21:41:35	1867	3859	1	0	0	3	13	0	0	0	13	0	0	0	13	0	0	0	13	0	0	2.598		100.044	40.6847	0.0812479	0	0.812123	0.932742	15.3082	1		0.0088623	11.9552	47.264	0	0	0	
2024-06-26 21:49:38	1930	3860	9	0	0	3.5	15	0	0	0	15	0	0	4.25	15	0	0	0	15	0	0	0.649		100.033	39.8825	0.309364	0	3.09263	0.332769	14.5737	1		0	12.0616	46.2245	0	0	0	
2024-06-26 21:42:10	1872	3861	1	0	0	4	17	0	0	0	17	0	0	1.25	17	0	0	0	17	0	0	2.381		100.04	40.2544	0.0818445	0	0.818121	0.106125	14.1361	1		0.0088623	12.0616	47.1341	0	0	0	
2024-06-26 21:48:25	1920	3862	9	0	0	7.75	32	0	0	0	32	0	0	5	32	0	0	0	32	0	0	2.381		100.037	39.61	0.081265	0	0.81235	0.222871	14.0364	1		0.0088623	12.0616	46.2245	0	0	0	
2024-06-26 21:49:02	1925	3863	5	0	0	7.75	32	0	0	0	32	0	0	3.75	32	0	0	0	32	0	0	3.464		100.034	39.6273	0.057788	0	0.577683	0.0816564	14.5188	1		0	12.0616	46.0945	0	0	0	
2024-06-26 21:56:36	1983	3864	1	0	0	1.25	6	0	0	6.5	6	0	0	3	6	0	0	4.75	6	0	0	0.908		100.038	21.959	0.0842845	0	0.842528	0.355917	9.26408	2		0.0088623	12.0616	46.2245	0	0	0	
2024-06-26 21:46:13	1902	3865	5	0	0	6	25	0	0	0	25	0	0	1	25	0	0	0	25	0	0	4.33		100.033	40.149	0.0574306	0	0.574114	0.524778	18.0363	1		0	12.0616	46.3544	0	0	0	
2024-06-26 21:42:03	1871	3866	1	0	0	4	17	0	0	0	17	0	0	3.25	17	0	0	0	17	0	0	0.649		100.037	40.2442	0.310676	0	3.1056	0.183483	14.6348	1		0	12.0616	47.1341	0	0	0	
2024-06-26 21:36:32	1829	3867	5	0	0	0	1	0	0	0	1	0	0	0.75	1	0	0	0	1	0	0	0.649		100.04	39.8302	0.372312	0	3.72162	0.373215	17.5377	2		0.0088623	12.0705	49.863	0	0	0	
2024-06-26 21:56:04	1980	3868	1	0	0	3.5	15	0	0	4.25	15	0	0	3.75	15	0	0	4	15	0	0	0.13		100.036	21.4386	0.701126	0	7.00873	0.0448029	11.0093	1		0.0088623	12.0705	46.2245	0	0	0	
2024-06-26 21:39:00	1846	3869	9	0	0	2	9	0	0	0	9	0	0	5	9	0	0	0	9	0	0	2.598		100.041	39.94	0.076283	0	0.762515	0.0536308	14.3731	1		0	12.0616	48.3036	0	0	0	
2024-06-26 21:39:36	1851	3870	1	0	0	2	9	0	0	0	9	0	0	3.75	9	0	0	0	9	0	0	1.515		100.041	39.9247	0.132722	0	1.32668	0.299719	14.5877	1		0.0088623	12.0616	48.0437	0	0	0	
2024-06-26 21:47:34	1913	3871	1	0	0	7	29	0	0	0	29	0	0	2.75	29	0	0	0	29	0	0	3.68		100.034	39.9872	0.0558576	0	0.558386	0.104373	14.9109	1		0.0088623	12.0616	46.3544	0	0	0	
2024-06-26 21:47:34	1913	3872	5	0	0	7	29	0	0	0	29	0	0	2.25	29	0	0	0	29	0	0	4.113		100.034	39.9872	0.0516032	0	0.515857	0.0912171	15.3958	1		0.0088623	12.0616	46.3544	0	0	0	
2024-06-26 21:36:03	1825	3873	5	0	0	0	1	0	0	0	1	0	0	7.75	1	0	0	0	1	0	0	6.711		100.046	39.8353	0.0355178	0	0.355016	0.319123	17.2874	1		0.0088623	12.0616	50.2528	0	0	0	
2024-06-26 21:36:17	1827	3874	5	0	0	0	1	0	0	0	1	0	0	6.5	1	0	0	0	1	0	0	5.628		100.041	39.836	0.041032	0	0.410152	0.0565889	16.7509	1		0.0088623	12.0616	49.9929	0	0	0	
2024-06-26 21:44:37	1890	3875	1	0	0	5	21	0	0	0	21	0	0	0.75	21	0	0	0	21	0	0	3.68		100.033	40.449	0.0676606	0	0.676383	0.153752	18.0618	1		0	11.9552	46.6143	0	0	0	
2024-06-26 21:43:11	1880	3876	9	0	0	5	21	0	0	0	21	0	0	7.25	21	0	0	0	21	0	0	1.948		100.033	40.4797	0.113753	0	1.13716	0.0601634	16.0762	2		0.0088623	12.0616	46.8742	0	0	0	
2024-06-26 21:55:04	1972	3877	9	0	0	5.75	24	0	0	0	24	0	0	4	24	0	0	0	24	0	0	1.515		100.037	40.3795	0.125574	0	1.25527	0.240406	13.8024	1		0.0088623	12.0616	46.2245	0	0	0	
2024-06-26 21:52:02	1948	3878	9	0	0	4.5	19	0	0	0	19	0	0	5.25	19	0	0	0	19	0	0	0.649		100.033	40.4136	0.326332	0	3.26223	0.240681	15.3729	1		0	12.0616	46.0945	0	0	0	
2024-06-26 21:56:12	1981	3879	1	0	0	2.75	12	0	0	5	12	0	0	3.5	12	0	0	4.25	12	0	0	0.389		100.037	22.0546	0.264925	0	2.64827	1.37661	12.4797	4		0.0088623	12.0705	46.2245	0	0	0	
2024-06-26 21:39:43	1852	3880	5	0	0	2	9	0	0	0	9	0	0	0.5	9	0	0	0	9	0	0	1.299		100.045	39.9078	0.138807	0	1.38745	0.0259773	13.0764	2		0	12.0616	47.9138	0	0	0	
2024-06-26 21:50:55	1939	3881	9	0	0	0.5	3	0	0	0	3	0	0	7.25	3	0	0	0	3	0	0	5.845		100.032	40.33	0.0600045	0	0.599856	0.132759	25.4408	2		0	11.9552	46.0945	0	0	0	
2024-06-26 21:41:49	1869	3882	5	0	0	4	17	0	0	0	17	0	0	7.25	17	0	0	0	17	0	0	2.814		100.042	40.2756	0.0758833	0	0.75851	0.111858	15.489	1		0.0088623	12.0616	47.1341	0	0	0	
2024-06-26 21:40:29	1858	3883	5	0	0	3	13	0	0	0	13	0	0	5.75	13	0	0	0	13	0	0	2.381		100.04	40.6708	0.080621	0	0.805885	0.101484	13.9247	1		0	12.0616	47.6539	0	0	0	
2024-06-26 21:40:37	1859	3884	9	0	0	3	13	0	0	0	13	0	0	4.5	13	0	0	0	13	0	0	1.299		100.042	40.6711	0.142997	0	1.42937	0.206742	13.4715	1		0.0088623	12.0616	47.6539	0	0	0	
2024-06-26 21:46:42	1906	3885	5	0	0	7	29	0	0	0	29	0	0	6.75	29	0	0	0	29	0	0	0.216		100.034	39.996	0.903703	0	9.03399	0.246815	14.1906	1		0.0088623	12.0616	46.3544	0	0	0	
2024-06-26 21:37:29	1835	3886	5	0	0	1	5	0	0	0	5	0	0	7.5	5	0	0	0	5	0	0	5.628		100.043	39.4794	0.0408677	0	0.4085	0.00806192	16.6834	1		0	12.0616	49.2132	0	0	0	
2024-06-26 21:37:37	1836	3887	5	0	0	1	5	0	0	0	5	0	0	6.25	5	0	0	0	5	0	0	4.546		100.043	39.4897	0.0604093	0	0.603833	0.352224	19.9185	1		0.0088623	12.0616	49.0833	0	0	0	
2024-06-26 21:45:06	1894	3888	9	0	0	6	25	0	0	0	25	0	0	5.25	25	0	0	0	25	0	0	0.649		100.033	40.1731	0.320757	0	3.20651	0.0341065	15.1103	2		0.0088623	12.0616	46.4844	0	0	0	
2024-06-26 21:44:59	1893	3889	9	0	0	6	25	0	0	0	25	0	0	4	25	0	0	0	25	0	0	1.732		100.036	40.1802	0.110175	0	1.10135	0.448489	13.84	1		0	12.0616	46.4844	0	0	0	
2024-06-26 21:43:11	1880	3890	1	0	0	5	21	0	0	0	21	0	0	2.5	21	0	0	0	21	0	0	2.165		100.033	40.4797	0.10318	0	1.03146	0.12201	16.2021	2		0.0088623	12.0616	46.8742	0	0	0	
2024-06-26 21:37:37	1836	3891	1	0	0	1	5	0	0	0	5	0	0	0.25	5	0	0	0	5	0	0	0.649		100.043	39.4897	0.295105	0	2.94978	0.1286	13.9005	1		0.0088623	12.0616	49.0833	0	0	0	
2024-06-26 21:42:25	1874	3892	1	0	0	4	17	0	0	0	17	0	0	0.5	17	0	0	0	17	0	0	3.031		100.036	40.2398	0.0670325	0	0.670081	0.314778	14.7358	1		0.0088623	12.0616	47.0042	0	0	0	
2024-06-26 21:49:09	1926	3893	5	0	0	7.75	32	0	0	0	32	0	0	3	32	0	0	0	32	0	0	4.113		100.032	39.6174	0.0491907	0	0.491748	0.0924731	14.6763	1		0.0088623	12.0616	46.2245	0	0	0	
2024-06-26 21:46:06	1901	3894	1	0	0	6	25	0	0	0	25	0	0	0.25	25	0	0	0	25	0	0	4.979		100.033	40.1487	0.0480275	0	0.480114	0.143593	17.3457	1		0	12.0616	46.3544	0	0	0	
2024-06-26 21:52:59	1956	3895	1	0	0	5.25	22	0	0	0	22	0	0	2.5	22	0	0	0	22	0	0	2.381		100.035	40.5264	0.103221	0	1.03186	0.621087	17.8292	2		0.0088623	12.0616	46.2245	0	0	0	
2024-06-26 21:42:17	1873	3896	1	0	0	4	17	0	0	0	17	0	0	2.5	17	0	0	0	17	0	0	1.299		100.039	40.2453	0.143472	0	1.43416	0.30559	13.5167	1		0.0088623	12.0616	47.1341	0	0	0	
2024-06-26 21:39:53	1853	3897	1	0	0	2	9	0	0	0	9	0	0	3	9	0	0	0	9	0	0	0.866		100.044	39.9141	0.213682	0	2.13588	0.170515	13.4201	1		0.0088623	12.0616	47.9138	0	0	0	
2024-06-26 21:47:56	1916	3898	1	0	0	7	29	0	0	0	29	0	0	1.5	29	0	0	0	29	0	0	4.762		100.035	39.9842	0.0476052	0	0.475887	0.246039	16.4455	1		0.0088623	12.0616	46.2245	0	0	0	
2024-06-26 21:36:03	1825	3899	9	0	0	0	1	0	0	0	1	0	0	5.75	1	0	0	0	1	0	0	4.979		100.046	39.8353	0.0454783	0	0.454576	0.0236087	16.4231	1		0.0088623	12.0616	50.2528	0	0	0	
2024-06-26 21:35:31	1821	3900	9	0	0	0	1	0	0	0	1	0	0	4.5	1	0	0	0	1	0	0	3.897		100.045	39.8406	0.054446	0	0.544217	0.257305	15.3874	1		0.0088623	12.0705	51.0325	0	0	0	
2024-06-26 21:44:44	1891	3901	1	0	0	5	21	0	0	0	21	0	0	0	21	0	0	0	21	0	0	4.33		100.037	40.4504	0.0510069	0	0.509882	0.236939	16.0184	1		0.0088623	12.0616	46.6143	0	0	0	
2024-06-26 21:48:55	1924	3902	1	0	0	7.75	32	0	0	0	32	0	0	2.25	32	0	0	0	32	0	0	4.762		100.034	39.6234	0.0437275	0	0.437124	0.0531131	15.1059	1		0	12.0616	46.2245	0	0	0	
2024-06-26 21:43:31	1882	3903	5	0	0	5	21	0	0	0	21	0	0	7.75	21	0	0	0	21	0	0	2.381		100.036	40.4807	0.0839327	0	0.839026	0.0354314	14.4973	1		0	12.0616	46.7443	0	0	0	
2024-06-26 21:43:39	1883	3904	5	0	0	5	21	0	0	0	21	0	0	6.5	21	0	0	0	21	0	0	1.299		100.034	40.4778	0.154011	0	1.53958	0.173149	14.5102	1		0	12.0616	46.7443	0	0	0	
2024-06-26 21:40:37	1859	3905	1	0	0	3	13	0	0	0	13	0	0	2	13	0	0	0	13	0	0	0.866		100.042	40.6711	0.212319	0	2.1223	0.707276	13.3348	1		0.0088623	12.0616	47.6539	0	0	0	
2024-06-26 21:52:45	1954	3906	1	0	0	4.5	19	0	0	0	19	0	0	3.25	19	0	0	0	19	0	0	1.082		100.031	40.403	0.173886	0	1.73832	0.395405	13.6527	1		0	12.0616	46.0945	0	0	0	
2024-06-26 21:48:33	1921	3907	5	0	0	7.75	32	0	0	0	32	0	0	7	32	0	0	0	32	0	0	0.649		100.033	39.6061	0.336199	0	3.3609	0.401195	15.8379	1		0.0088623	12.0616	46.2245	0	0	0	
2024-06-26 21:54:56	1971	3908	9	0	0	5.5	23	0	0	0	23	0	0	4.25	23	0	0	0	23	0	0	1.082		100.035	40.0561	0.182153	0	1.82089	0.286737	14.3013	1		0	12.0616	46.2245	0	0	0	
2024-06-26 21:53:44	1961	3909	1	0	0	6.75	28	0	0	0	28	0	0	1	28	0	0	0	28	0	0	4.979		100.036	39.8131	0.0581949	0	0.581742	0.750047	21.0174	1		0	12.0616	46.0945	0	0	0	
2024-06-26 21:52:09	1949	3910	9	0	0	4.25	18	0	0	0	18	0	0	5.5	18	0	0	0	18	0	0	1.082		100.036	40.4393	0.185748	0	1.8568	0.614381	14.5833	1		0.0088623	12.0616	46.0945	0	0	0	
2024-06-26 21:42:17	1873	3911	9	0	0	4	17	0	0	0	17	0	0	7.75	17	0	0	0	17	0	0	3.247		100.039	40.2453	0.0624788	0	0.624546	0.0306957	14.7155	1		0.0088623	12.0616	47.1341	0	0	0	
2024-06-26 21:42:10	1872	3912	9	0	0	4	17	0	0	0	17	0	0	6.5	17	0	0	0	17	0	0	2.165		100.04	40.2544	0.0911094	0	0.910733	0.0422458	14.3058	1		0.0088623	12.0616	47.1341	0	0	0	
2024-06-26 21:40:59	1862	3913	9	0	0	3	13	0	0	0	13	0	0	5	13	0	0	0	13	0	0	1.732		100.042	40.6685	0.106321	0	1.06277	0.118179	13.3552	1		0.0088623	12.0616	47.394	0	0	0	
2024-06-26 21:41:28	1866	3914	1	0	0	3	13	0	0	0	13	0	0	3.75	13	0	0	0	13	0	0	0.649		100.041	40.6823	0.301843	0	3.01718	0.231205	14.2181	1		0	12.0616	47.264	0	0	0	
2024-06-26 21:39:14	1848	3915	5	0	0	2	9	0	0	0	9	0	0	7	9	0	0	0	9	0	0	4.33		100.044	39.9179	0.0497861	0	0.49764	0.121044	15.6338	1		0.0088623	12.0616	48.1737	0	0	0	
2024-06-26 21:47:20	1911	3916	9	0	0	7	29	0	0	0	29	0	0	6	29	0	0	0	29	0	0	0.866		100.032	40.0053	0.238526	0	2.38449	0.285145	14.9822	1		0.0088623	12.0616	46.2245	0	0	0	
2024-06-26 21:47:03	1909	3917	9	0	0	7	29	0	0	0	29	0	0	4.75	29	0	0	0	29	0	0	1.948		100.034	40.0061	0.100944	0	1.0091	0.352376	14.2659	1		0.0088623	12.0616	46.3544	0	0	0	
2024-06-26 21:37:45	1837	3918	9	0	0	1	5	0	0	0	5	0	0	5.5	5	0	0	0	5	0	0	3.897		100.042	39.4709	0.0730815	0	0.730511	0.0929806	20.6547	2		0.0088623	12.0616	48.9533	0	0	0	
2024-06-26 21:37:37	1836	3919	9	0	0	1	5	0	0	0	5	0	0	4.25	5	0	0	0	5	0	0	2.814		100.043	39.4897	0.0738624	0	0.738306	0.183034	15.0765	1		0.0088623	12.0616	49.0833	0	0	0	
2024-06-26 21:46:20	1903	3920	1	0	0	6	25	0	0	0	25	0	0	3.25	25	0	0	0	25	0	0	2.381		100.031	40.1492	0.0833447	0	0.833192	0.353194	14.3965	1		0	12.0616	46.3544	0	0	0	
2024-06-26 21:51:27	1943	3921	1	0	0	0.25	2	0	0	0	2	0	0	1.5	2	0	0	0	2	0	0	1.082		100.04	40.2522	0.163776	0	1.63711	0.358706	12.8579	1		0.0088623	12.0616	46.0945	0	0	0	
2024-06-26 21:47:41	1914	3922	5	0	0	7	29	0	0	0	29	0	0	0.75	29	0	0	0	29	0	0	5.412		100.034	40.0005	0.0463371	0	0.463215	0.301548	18.1904	1		0	12.0616	46.2245	0	0	0	
2024-06-26 21:36:10	1826	3923	9	0	0	0	1	0	0	0	1	0	0	5	1	0	0	0	1	0	0	4.33		100.046	39.8439	0.0498186	0	0.497957	0.0164255	15.6438	1		0.0088623	12.0616	50.2528	0	0	0	
2024-06-26 21:35:38	1822	3924	1	0	0	0	1	0	0	0	1	0	0	3.75	1	0	0	0	1	0	0	3.247		100.045	39.8288	0.063527	0	0.634984	0.254378	14.9615	1		0.0088623	12.0616	50.7726	0	0	0	
2024-06-26 21:55:18	1974	3925	9	0	0	7.5	31	0	0	0	31	0	0	6.25	31	0	0	0	31	0	0	1.082		100.036	39.6073	0.182725	0	1.82658	0.348694	14.3459	1		0.0088623	12.0616	46.0945	0	0	0	
2024-06-26 21:52:30	1952	3926	9	0	0	6.25	26	0	0	0	26	0	0	7.5	26	0	0	0	26	0	0	1.082		100.038	40.2285	0.184411	0	1.84341	0.0297585	14.4781	1		0	12.0616	46.0945	0	0	0	
2024-06-26 21:45:23	1896	3927	5	0	0	6	25	0	0	0	25	0	0	7.25	25	0	0	0	25	0	0	1.082		100.033	40.1632	0.200911	0	2.00844	0.105057	15.7743	2		0.0088623	12.0616	46.4844	0	0	0	
2024-06-26 21:48:25	1920	3928	1	0	0	7.75	32	0	0	0	32	0	0	1.5	32	0	0	0	32	0	0	5.412		100.037	39.61	0.0397159	0	0.397013	0.204776	15.5907	1		0.0088623	12.0616	46.2245	0	0	0	
2024-06-26 21:43:47	1884	3929	5	0	0	5	21	0	0	0	21	0	0	5.75	21	0	0	0	21	0	0	0.649		100.034	40.4856	0.317507	0	3.174	0.157194	14.9571	1		0.0088623	12.0616	46.7443	0	0	0	
2024-06-26 21:44:01	1886	3930	9	0	0	5	21	0	0	0	21	0	0	4.5	21	0	0	0	21	0	0	0.433		100.036	40.4823	0.468775	0	4.68607	0.169355	14.7217	1		0.0088623	12.0616	46.6143	0	0	0	
2024-06-26 21:41:28	1866	3931	5	0	0	3	13	0	0	0	13	0	0	1.25	13	0	0	0	13	0	0	1.515		100.041	40.6823	0.121171	0	1.21121	0.363943	13.3179	1		0	12.0616	47.264	0	0	0	
2024-06-26 21:38:01	1839	3932	1	0	0	1	5	0	0	0	5	0	0	2.25	5	0	0	0	5	0	0	1.082		100.043	39.5164	0.163373	0	1.63304	0.079809	12.8258	1		0.0088623	12.0705	48.8234	0	0	0	
2024-06-26 21:51:19	1942	3933	1	0	0	0.5	3	0	0	0	3	0	0	1.25	3	0	0	0	3	0	0	0.649		100.037	40.3294	0.301353	0	3.01241	0.569914	14.1956	1		0.0088623	12.0616	46.0945	0	0	0	
2024-06-26 21:49:59	1933	3934	9	0	0	2.5	11	0	0	0	11	0	0	5.25	11	0	0	0	11	0	0	2.381		100.029	40.2098	0.111493	0	1.1146	0.882728	19.2589	2		0.0088623	12.0616	46.0945	0	0	0	
2024-06-26 21:48:10	1918	3935	5	0	0	7.75	32	0	0	0	32	0	0	7.5	32	0	0	0	32	0	0	0.216		100.031	39.6093	0.965615	0	9.65319	0.408839	15.1632	1		0	12.0616	46.2245	0	0	0	
2024-06-26 21:48:17	1919	3936	9	0	0	7.75	32	0	0	0	32	0	0	6.25	32	0	0	0	32	0	0	1.299		100.035	39.6081	0.155051	0	1.54996	0.250499	14.6081	1		0.0088623	12.0616	46.2245	0	0	0	
2024-06-26 21:52:38	1953	3937	1	0	0	4.25	18	0	0	0	18	0	0	3.5	18	0	0	0	18	0	0	0.649		100.036	40.4287	0.31156	0	3.11447	0.105845	14.6766	1		0.0088623	12.0616	46.2245	0	0	0	
2024-06-26 21:45:34	1897	3938	1	0	0	6	25	0	0	0	25	0	0	2.25	25	0	0	0	25	0	0	3.247		100.034	40.1693	0.064709	0	0.646871	0.0467541	15.2415	1		0.0088623	12.0616	46.4844	0	0	0	
2024-06-26 21:54:49	1970	3939	9	0	0	5.25	22	0	0	0	22	0	0	4.5	22	0	0	0	22	0	0	0.649		100.03	40.5025	0.31873	0	3.18633	0.0578819	15.0152	1		0	12.0616	45.9646	0	0	0	
2024-06-26 21:41:49	1869	3940	9	0	0	4	17	0	0	0	17	0	0	5.75	17	0	0	0	17	0	0	1.515		100.042	40.2756	0.126037	0	1.25984	0.0836325	13.8526	1		0.0088623	12.0616	47.1341	0	0	0	
2024-06-26 21:42:10	1872	3941	5	0	0	4	17	0	0	0	17	0	0	4.5	17	0	0	0	17	0	0	0.433		100.04	40.2544	0.510092	0	5.0989	0.0812037	16.0187	1		0.0088623	12.0616	47.1341	0	0	0	
2024-06-26 21:36:42	1830	3942	5	0	0	0	1	0	0	0	1	0	0	2	1	0	0	0	1	0	0	1.732		100.045	39.8242	0.175083	0	1.75004	0.0436846	21.9917	2		0.0088623	12.0616	49.4731	0	0	0	
2024-06-26 21:39:36	1851	3943	5	0	0	2	9	0	0	0	9	0	0	7.5	9	0	0	0	9	0	0	4.762		100.041	39.9247	0.0455926	0	0.45574	0.130496	15.7493	1		0.0088623	12.0616	48.0437	0	0	0	
2024-06-26 21:39:00	1846	3944	5	0	0	2	9	0	0	0	9	0	0	6.25	9	0	0	0	9	0	0	3.68		100.041	39.94	0.0607674	0	0.607423	0.142887	16.2203	1		0	12.0616	48.3036	0	0	0	
2024-06-26 21:47:11	1910	3945	9	0	0	7	29	0	0	0	29	0	0	5.25	29	0	0	0	29	0	0	1.515		100.037	40.0197	0.129076	0	1.29027	0.283854	14.1873	1		0.0088623	12.0616	46.2245	0	0	0	
2024-06-26 21:46:49	1907	3946	9	0	0	7	29	0	0	0	29	0	0	4	29	0	0	0	29	0	0	2.598		100.031	40.0033	0.0759384	0	0.759145	0.093996	14.3096	1		0.0088623	12.0616	46.3544	0	0	0	
2024-06-26 21:38:17	1841	3947	5	0	0	1	5	0	0	0	5	0	0	3.5	5	0	0	0	5	0	0	2.165		100.04	39.4958	0.0854663	0	0.854321	0.189162	13.4196	1		0.0088623	12.0705	48.6935	0	0	0	
2024-06-26 21:45:41	1898	3948	1	0	0	6	25	0	0	0	25	0	0	2.5	25	0	0	0	25	0	0	3.031		100.034	40.1561	0.0781772	0	0.781505	0.126645	17.1862	2		0.0088623	12.0616	46.3544	0	0	0	
2024-06-26 21:54:43	1969	3949	1	0	0	3.75	16	0	0	0	16	0	0	2	16	0	0	0	16	0	0	1.515		100.034	40.1291	0.130359	0	1.30314	0.03184	14.3288	1		0.0088623	12.0616	46.2245	0	0	0	
2024-06-26 21:44:52	1892	3950	1	0	0	5	21	0	0	0	21	0	0	2	21	0	0	0	21	0	0	2.598		100.04	40.4554	0.0788218	0	0.787902	0.0511205	14.8516	1		0.0088623	12.0616	46.6143	0	0	0	
2024-06-26 21:39:21	1849	3951	1	0	0	2	9	0	0	0	9	0	0	1.75	9	0	0	0	9	0	0	0.216		100.047	39.9147	0.825585	0	8.252	0.00362786	12.9622	1		0.0088623	12.0616	48.1737	0	0	0	
2024-06-26 21:47:48	1915	3952	5	0	0	7	29	0	0	0	29	0	0	0	29	0	0	0	29	0	0	6.061		100.035	39.982	0.0393714	0	0.393578	0.531328	17.3105	1		0	12.0705	46.0945	0	0	0	
2024-06-26 21:35:56	1824	3953	1	0	0	0	1	0	0	0	1	0	0	3	1	0	0	0	1	0	0	2.598		100.046	39.8307	0.0780056	0	0.779696	0.432396	14.6969	1		0	12.0439	50.1229	0	0	0	
2024-06-26 21:40:22	1857	3954	5	0	0	3	13	0	0	0	13	0	0	7	13	0	0	0	13	0	0	3.464		100.042	40.6688	0.0592697	0	0.592446	0.185919	14.8898	1		0	12.0616	47.6539	0	0	0	
2024-06-26 21:45:58	1900	3955	5	0	0	6	25	0	0	0	25	0	0	7.75	25	0	0	0	25	0	0	1.515		100.032	40.1537	0.134191	0	1.34148	0.0156165	14.7504	1		0.0088623	12.0616	46.3544	0	0	0	
2024-06-26 21:45:16	1895	3956	9	0	0	6	25	0	0	0	25	0	0	6.5	25	0	0	0	25	0	0	0.433		100.033	40.1817	0.524475	0	5.243	0.209008	16.4714	1		0.0088623	11.9552	46.3544	0	0	0	
2024-06-26 21:48:40	1922	3957	1	0	0	7.75	32	0	0	0	32	0	0	0.75	32	0	0	0	32	0	0	6.061		100.032	39.6167	0.0393559	0	0.393434	0.337784	17.3041	1		0.0088623	12.0616	46.2245	0	0	0	
2024-06-26 21:43:39	1883	3958	1	0	0	5	21	0	0	0	21	0	0	3.75	21	0	0	0	21	0	0	1.082		100.034	40.4778	0.177016	0	1.76955	0.00639805	13.898	1		0	12.0616	46.7443	0	0	0	
2024-06-26 21:40:22	1857	3959	1	0	0	3	13	0	0	0	13	0	0	0.5	13	0	0	0	13	0	0	2.165		100.042	40.6688	0.089109	0	0.890712	0.0775699	13.9913	1		0	12.0616	47.6539	0	0	0	
2024-06-26 21:38:17	1841	3960	1	0	0	1	5	0	0	0	5	0	0	1.5	5	0	0	0	5	0	0	0.433		100.04	39.4958	0.46012	0	4.59936	0.164825	14.4493	1		0.0088623	12.0705	48.6935	0	0	0	
2024-06-26 21:56:26	1982	3961	1	0	0	2	9	0	0	5.75	9	0	0	3.25	9	0	0	4.5	9	0	0	0.649		100.039	21.8827	0.137695	0	1.37642	0.0795414	10.8104	2		0	12.0616	46.2245	0	0	0	
2024-06-26 21:42:32	1875	3962	1	0	0	4	17	0	0	0	17	0	0	1.75	17	0	0	0	17	0	0	1.948		100.041	40.2442	0.0970282	0	0.969889	0.247662	13.7115	1		0	12.0616	47.0042	0	0	0	
2024-06-26 21:51:41	1945	3963	1	0	0	2.5	11	0	0	0	11	0	0	3.25	11	0	0	0	11	0	0	0.649		100.034	40.181	0.29485	0	2.9475	0.312672	13.8898	1		0	12.0616	46.2245	0	0	0	
2024-06-26 21:48:03	1917	3964	9	0	0	7.75	32	0	0	0	32	0	0	5.5	32	0	0	0	32	0	0	1.948		100.033	39.5969	0.103188	0	1.03154	0.792103	14.5831	1		0.0088623	12.0616	46.2245	0	0	0	
2024-06-26 21:48:40	1922	3965	9	0	0	7.75	32	0	0	0	32	0	0	4.25	32	0	0	0	32	0	0	3.031		100.032	39.6167	0.0654075	0	0.653867	0.165738	14.3793	1		0.0088623	12.0616	46.2245	0	0	0	
2024-06-26 21:45:23	1896	3966	1	0	0	6	25	0	0	0	25	0	0	1.5	25	0	0	0	25	0	0	3.897		100.033	40.1632	0.0604831	0	0.60463	0.0858981	17.0955	2		0.0088623	12.0616	46.4844	0	0	0	
2024-06-26 21:42:32	1875	3967	5	0	0	4	17	0	0	0	17	0	0	5	17	0	0	0	17	0	0	0.866		100.041	40.2442	0.228254	0	2.28161	0.15697	14.3358	1		0	12.0616	47.0042	0	0	0	
2024-06-26 21:41:49	1869	3968	1	0	0	4	17	0	0	0	17	0	0	3.75	17	0	0	0	17	0	0	0.216		100.042	40.2756	0.962889	0	9.6248	0.30352	15.1186	1		0.0088623	12.0616	47.1341	0	0	0	
2024-06-26 21:36:25	1828	3969	5	0	0	0	1	0	0	0	1	0	0	1.25	1	0	0	0	1	0	0	1.082		100.044	39.8434	0.164002	0	1.6393	0.142309	12.875	1		0.0088623	12.0616	49.9929	0	0	0	
2024-06-26 21:38:37	1844	3970	9	0	0	2	9	0	0	0	9	0	0	5.5	9	0	0	0	9	0	0	3.031		100.039	39.8912	0.152634	0	1.52574	0.955278	33.5527	4		0.0088623	11.9552	48.4336	0	0	0	
2024-06-26 21:39:07	1847	3971	5	0	0	2	9	0	0	0	9	0	0	4.25	9	0	0	0	9	0	0	1.948		100.04	39.9287	0.0994491	0	0.994089	0.0778789	14.0536	1		0	12.0616	48.1737	0	0	0	
2024-06-26 21:46:57	1908	3972	1	0	0	7	29	0	0	0	29	0	0	3.25	29	0	0	0	29	0	0	3.247		100.034	39.9978	0.0621511	0	0.621298	0.179701	14.639	1		0.0088623	12.0616	46.3544	0	0	0	
2024-06-26 21:37:45	1837	3973	1	0	0	1	5	0	0	0	5	0	0	2.75	5	0	0	0	5	0	0	1.515		100.042	39.4709	0.117931	0	1.17882	0.00964153	12.9618	2		0.0088623	12.0616	48.9533	0	0	0	
2024-06-26 21:35:31	1821	3974	5	0	0	0	1	0	0	0	1	0	0	7	1	0	0	0	1	0	0	6.061		100.045	39.8406	0.0387381	0	0.387208	0.849419	17.0303	1		0.0088623	12.0705	51.0325	0	0	0	
2024-06-26 21:44:17	1888	3975	1	0	0	5	21	0	0	0	21	0	0	1.25	21	0	0	0	21	0	0	3.247		100.034	40.4578	0.0735863	0	0.735616	0.343462	17.3325	2		0.0088623	12.0616	46.6143	0	0	0	
2024-06-26 21:40:00	1854	3976	1	0	0	2	9	0	0	0	9	0	0	1	9	0	0	0	9	0	0	0.866		100.043	39.9088	0.20567	0	2.05582	0.158839	12.9171	1		0	11.9552	47.7838	0	0	0	
2024-06-26 21:40:15	1856	3977	9	0	0	3	13	0	0	0	13	0	0	7.5	13	0	0	0	13	0	0	3.897		100.04	40.6458	0.0532214	0	0.532	0.167722	15.0419	1		0.0088623	12.0616	47.6539	0	0	0	
2024-06-26 21:40:44	1860	3978	9	0	0	3	13	0	0	0	13	0	0	6.25	13	0	0	0	13	0	0	2.814		100.046	40.6671	0.0787971	0	0.787607	0.255814	16.0832	1		0.0088623	12.0616	47.5239	0	0	0	
2024-06-26 21:46:42	1906	3979	9	0	0	7	29	0	0	0	29	0	0	7.25	29	0	0	0	29	0	0	0.216		100.034	39.996	0.841004	0	8.40721	0.498194	13.206	1		0.0088623	12.0616	46.3544	0	0	0	
2024-06-26 21:37:13	1833	3980	9	0	0	1	5	0	0	0	5	0	0	6.75	5	0	0	0	5	0	0	4.979		100.045	39.4661	0.0565662	0	0.565409	0.345798	20.4273	2		0.0088623	12.0616	49.3432	0	0	0	
2024-06-26 21:45:51	1899	3981	9	0	0	6	25	0	0	0	25	0	0	5.75	25	0	0	0	25	0	0	0.216		100.038	40.1622	0.933772	0	9.33419	0.182574	14.6621	1		0	12.0705	46.3544	0	0	0	
2024-06-26 21:45:41	1898	3982	9	0	0	6	25	0	0	0	25	0	0	4.5	25	0	0	0	25	0	0	1.299		100.034	40.1561	0.149986	0	1.49935	0.0405487	14.131	2		0.0088623	12.0616	46.3544	0	0	0	
2024-06-26 21:48:17	1919	3983	1	0	0	7.75	32	0	0	0	32	0	0	0	32	0	0	0	32	0	0	6.711		100.035	39.6081	0.0350078	0	0.349954	0.313649	17.0409	1		0.0088623	12.0616	46.2245	0	0	0	
2024-06-26 21:44:27	1889	3984	5	0	0	5	21	0	0	0	21	0	0	3	21	0	0	0	21	0	0	1.732		100.035	40.4472	0.108083	0	1.08045	0.0337714	13.5773	2		0.0088623	12.0616	46.4844	0	0	0	
2024-06-26 21:37:13	1833	3985	1	0	0	1	5	0	0	0	5	0	0	0.75	5	0	0	0	5	0	0	0.216		100.045	39.4661	0.85021	0	8.4983	0.0169072	13.3491	2		0.0088623	12.0616	49.3432	0	0	0	
2024-06-26 21:53:20	1958	3986	1	0	0	5.75	24	0	0	0	24	0	0	2	24	0	0	0	24	0	0	3.247		100.035	40.3705	0.0704481	0	0.704237	0.0679649	16.5932	2		0.0088623	12.0616	46.2245	0	0	0	
2024-06-26 21:42:46	1877	3987	1	0	0	4	17	0	0	0	17	0	0	1	17	0	0	0	17	0	0	2.598		100.038	40.2327	0.0742442	0	0.742162	0.242505	13.9894	1		0.0088623	11.9552	46.8742	0	0	0	
2024-06-26 21:49:16	1927	3988	5	0	0	7.75	32	0	0	0	32	0	0	3.5	32	0	0	0	32	0	0	3.68		100.034	39.6126	0.0533979	0	0.533795	0.121404	14.2542	1		0.0088623	12.0616	46.2245	0	0	0	
2024-06-26 21:45:16	1895	3989	1	0	0	6	25	0	0	0	25	0	0	0.75	25	0	0	0	25	0	0	4.546		100.033	40.1817	0.056576	0	0.565571	0.0869736	18.6563	1		0.0088623	11.9552	46.3544	0	0	0	
2024-06-26 21:42:39	1876	3990	1	0	0	4	17	0	0	0	17	0	0	3	17	0	0	0	17	0	0	0.866		100.039	40.2519	0.217894	0	2.17808	0.17379	13.6853	1		0.0088623	12.0616	47.0042	0	0	0	
2024-06-26 21:35:31	1821	3991	1	0	0	0	1	0	0	0	1	0	0	0.5	1	0	0	0	1	0	0	0.433		100.045	39.8406	0.443405	0	4.43207	0.277817	13.9237	1		0.0088623	12.0705	51.0325	0	0	0	
2024-06-26 21:55:32	1976	3992	1	0	0	3.5	15	0	0	4.25	15	0	0	2.75	15	0	0	5	15	0	0	0.389		100.035	21.4149	0.269115	0	2.6902	0.00255359	12.6773	1		0.0088623	12.0616	46.2245	0	0	0	
2024-06-26 21:38:51	1845	3993	1	0	0	2	9	0	0	0	9	0	0	3.5	9	0	0	0	9	0	0	1.299		100.04	39.9559	0.147408	0	1.47349	0.0680435	13.8873	1		0.0088623	12.0616	48.3036	0	0	0	
2024-06-26 21:47:11	1910	3994	1	0	0	7	29	0	0	0	29	0	0	2.5	29	0	0	0	29	0	0	3.897		100.037	40.0197	0.05825	0	0.582282	0.0643429	16.4636	1		0.0088623	12.0616	46.2245	0	0	0	
2024-06-26 21:47:56	1916	3995	5	0	0	7	29	0	0	0	29	0	0	2	29	0	0	0	29	0	0	4.33		100.035	39.9842	0.0502106	0	0.501932	0.0232896	15.7687	1		0.0088623	12.0616	46.2245	0	0	0	
2024-06-26 21:35:16	1820	3996	9	0	0	0	1	0	0	0	1	0	0	7.5	1	0	0	0	1	0	0	6.494		100.047	39.8733	0.0360839	0	0.360669	0.0156363	16.9961	2		0	12.0261	51.0325	0	0	0	
2024-06-26 21:35:46	1823	3997	5	0	0	0	1	0	0	0	1	0	0	6.25	1	0	0	0	1	0	0	5.412		100.044	39.8327	0.0437462	0	0.437271	0.03022	17.1716	2		0.0088623	12.0616	50.6426	0	0	0	
2024-06-26 21:44:17	1888	3998	5	0	0	5	21	0	0	0	21	0	0	0.5	21	0	0	0	21	0	0	3.897		100.034	40.4578	0.0619202	0	0.618995	0.279457	17.5017	2		0.0088623	12.0616	46.6143	0	0	0	
2024-06-26 21:54:06	1964	3999	1	0	0	1.25	6	0	0	0	6	0	0	0.5	6	0	0	0	6	0	0	0.649		100.035	40.2267	0.300016	0	2.99912	0.153122	14.133	1		0.0088623	12.0616	46.2245	0	0	0	
2024-06-26 21:43:11	1880	4000	5	0	0	5	21	0	0	0	21	0	0	7	21	0	0	0	21	0	0	1.732		100.033	40.4797	0.113373	0	1.13335	0.0924701	14.2422	2		0.0088623	12.0616	46.8742	0	0	0	
2024-06-26 21:39:53	1853	4001	5	0	0	2	9	0	0	0	9	0	0	0.25	9	0	0	0	9	0	0	1.515		100.044	39.9141	0.131567	0	1.3151	0.368319	14.4603	1		0.0088623	12.0616	47.9138	0	0	0	
2024-06-26 21:42:17	1873	4002	5	0	0	4	17	0	0	0	17	0	0	7	17	0	0	0	17	0	0	2.598		100.039	40.2453	0.076884	0	0.768542	0.0575389	14.4867	1		0.0088623	12.0616	47.1341	0	0	0	
2024-06-26 21:40:29	1858	4003	9	0	0	3	13	0	0	0	13	0	0	5.5	13	0	0	0	13	0	0	2.165		100.04	40.6708	0.0994114	0	0.993713	0.730955	15.6092	1		0	12.0616	47.6539	0	0	0	
2024-06-26 21:40:52	1861	4004	9	0	0	3	13	0	0	0	13	0	0	4.25	13	0	0	0	13	0	0	1.082		100.04	40.6684	0.17162	0	1.71552	0.190671	13.4737	1		0.0088623	12.0616	47.394	0	0	0	
2024-06-26 21:46:35	1905	4005	9	0	0	7	29	0	0	0	29	0	0	7.75	29	0	0	0	29	0	0	0.649		100.03	39.9727	0.338975	0	3.38873	0.819797	15.969	1		0.0088623	12.0616	46.3544	0	0	0	
2024-06-26 21:47:27	1912	4006	5	0	0	7	29	0	0	0	29	0	0	6.5	29	0	0	0	29	0	0	0.433		100.037	39.9926	0.499766	0	4.9958	0.155544	15.6948	1		0	12.0616	46.3544	0	0	0	
2024-06-26 21:38:01	1839	4007	5	0	0	1	5	0	0	0	5	0	0	6	5	0	0	0	5	0	0	4.33		100.043	39.5164	0.0558651	0	0.558413	0.241398	17.5431	1		0.0088623	12.0705	48.8234	0	0	0	
2024-06-26 21:38:01	1839	4008	9	0	0	1	5	0	0	0	5	0	0	4.75	5	0	0	0	5	0	0	3.247		100.043	39.5164	0.0740447	0	0.740131	0.12734	17.4389	1		0.0088623	12.0705	48.8234	0	0	0	
2024-06-26 21:51:54	1947	4009	9	0	0	4.75	20	0	0	0	20	0	0	5	20	0	0	0	20	0	0	0.216		100.036	40.3121	0.875769	0	8.75453	0.319776	13.7516	1		0	11.9552	46.0945	0	0	0	
2024-06-26 21:45:06	1894	4010	5	0	0	6	25	0	0	0	25	0	0	5	25	0	0	0	25	0	0	0.866		100.033	40.1731	0.229017	0	2.28942	0.107226	14.3849	2		0.0088623	12.0616	46.4844	0	0	0	
2024-06-26 21:45:06	1894	4011	1	0	0	6	25	0	0	0	25	0	0	3.75	25	0	0	0	25	0	0	1.948		100.033	40.1731	0.100165	0	1.00133	0.0162444	14.1559	2		0.0088623	12.0616	46.4844	0	0	0	
2024-06-26 21:37:00	1832	4012	1	0	0	1	5	0	0	0	5	0	0	0	5	0	0	0	5	0	0	0.866		100.043	39.4726	0.209121	0	2.09031	0.959161	13.1338	3		0.0088623	12.0616	49.4731	0	0	0	
2024-06-26 21:50:48	1938	4013	9	0	0	0.75	4	0	0	0	4	0	0	7	4	0	0	0	4	0	0	5.412		100.033	40.4091	0.0423843	0	0.423704	0.0594685	16.6388	1		0.0088623	11.9552	46.0945	0	0	0	
2024-06-26 21:42:46	1877	4014	5	0	0	4	17	0	0	0	17	0	0	0.25	17	0	0	0	17	0	0	3.247		100.038	40.2327	0.0603506	0	0.603279	0.173321	14.2144	1		0.0088623	11.9552	46.8742	0	0	0	
2024-06-26 21:49:23	1928	4015	1	0	0	7.75	32	0	0	0	32	0	0	2.75	32	0	0	0	32	0	0	4.33		100.031	39.6173	0.0478776	0	0.478628	0.0359741	15.0365	1		0.0088623	12.0616	46.2245	0	0	0	
2024-06-26 21:46:27	1904	4016	1	0	0	6	25	0	0	0	25	0	0	0	25	0	0	0	25	0	0	5.195		100.025	40.1477	0.0590866	0	0.590716	0.173761	22.2695	1		0	12.0616	46.3544	0	0	0	
2024-06-26 21:39:07	1847	4017	1	0	0	2	9	0	0	0	9	0	0	2.75	9	0	0	0	9	0	0	0.649		100.04	39.9287	0.306194	0	3.0607	0.280053	14.4232	1		0	12.0616	48.1737	0	0	0	
2024-06-26 21:47:41	1914	4018	1	0	0	7	29	0	0	0	29	0	0	1.25	29	0	0	0	29	0	0	4.979		100.034	40.0005	0.0480438	0	0.480277	0.0361592	17.3516	1		0	12.0616	46.2245	0	0	0	
2024-06-26 21:36:17	1827	4019	9	0	0	0	1	0	0	0	1	0	0	5.5	1	0	0	0	1	0	0	4.762		100.041	39.836	0.0720284	0	0.719989	0.0277812	24.881	1		0.0088623	12.0616	49.9929	0	0	0	
2024-06-26 21:35:38	1822	4020	9	0	0	0	1	0	0	0	1	0	0	4.25	1	0	0	0	1	0	0	3.68		100.045	39.8288	0.0565365	0	0.565111	0.261663	15.0905	1		0.0088623	12.0616	50.7726	0	0	0	
