Time	MeasID	DPID	Channel	A(x)	A(y)	A(z)	A(adr)	B(x)	B(y)	B(z)	B(adr)	M(x)	M(y)	M(z)	M(adr)	N(x)	N(y)	N(z)	N(adr)	F(x)	F(y)	F(z)	Note	I(mA)	Uout(V)	U(V)	SP(V)	R(Ohm)	Var(%)	Rho-a(Ohm-m)	Cycles	IP Delay Window(mV/V)	Pint(V)	Pext(V)	T int(deg C)	T log(deg C)	Latitude	Longitude
2024-06-12 20:17:35	433	671	1	0	0	7.75	32	0	0	0	32	0	0	2	32	0	0	0	32	0	0	4.979		99.9439	55.2284	0.041642	0	0.416654	0.808245	15.053	1		0	12.0616	39.0775	0	0	0	
2024-06-12 20:12:47	397	672	9	0	0	5	21	0	0	0	21	0	0	7.5	21	0	0	0	21	0	0	2.165		99.9556	55.7747	0.0923632	0	0.924042	0.00349145	14.5148	1		0	12.0616	39.7272	0	0	0	
2024-06-12 20:12:29	395	673	9	0	0	5	21	0	0	0	21	0	0	6.25	21	0	0	0	21	0	0	1.082		99.9552	55.5526	0.200646	0	2.00736	0.669028	15.7658	1		0.0088623	12.0616	39.5972	0	0	0	
2024-06-12 20:10:02	376	674	5	0	0	3	13	0	0	0	13	0	0	1.75	13	0	0	0	13	0	0	1.082		99.9565	56.7287	0.182482	0	1.82561	0.648933	14.3383	1		0	12.0616	40.3769	0	0	0	
2024-06-12 20:17:53	435	675	5	0	0	7.75	32	0	0	0	32	0	0	6.75	32	0	0	0	32	0	0	0.866		99.9463	55.3247	0.248494	0	2.48627	0.524475	15.6217	1		0.0088623	12.0616	39.0775	0	0	0	
2024-06-12 20:24:01	478	676	1	0	0	3.25	14	0	0	0	14	0	0	2.5	14	0	0	0	14	0	0	0.649		99.9527	55.0166	0.311299	0	3.11446	0.283502	14.6766	2		0	12.0616	39.3374	0	0	0	
2024-06-12 20:10:59	383	677	5	0	0	4	17	0	0	0	17	0	0	7.5	17	0	0	0	17	0	0	3.031		99.9559	55.4135	0.069057	0	0.690875	0.0861751	15.1931	1		0	12.0616	40.117	0	0	0	
2024-06-12 20:10:59	383	678	9	0	0	4	17	0	0	0	17	0	0	6.25	17	0	0	0	17	0	0	1.948		99.9559	55.4135	0.10243	0	1.02476	0.507653	14.4871	1		0	12.0616	40.117	0	0	0	
2024-06-12 20:09:07	369	679	1	0	0	3	13	0	0	0	13	0	0	3.5	13	0	0	0	13	0	0	0.433		99.9511	56.5932	0.505473	0	5.0572	0.0797311	15.8877	2		0	12.0616	40.6368	0	0	0	
2024-06-12 20:07:49	359	680	5	0	0	2	9	0	0	0	9	0	0	6.75	9	0	0	0	9	0	0	4.113		99.9618	56.7011	0.0542411	0	0.542618	0.265365	16.1945	1		0.0088623	12.0616	41.1566	0	0	0	
2024-06-12 20:16:01	421	681	5	0	0	7	29	0	0	0	29	0	0	5.75	29	0	0	0	29	0	0	1.082		99.9522	55.0895	0.197832	0	1.97927	0.413994	15.5451	1		0	12.0616	39.3374	0	0	0	
2024-06-12 20:15:54	420	682	9	0	0	7	29	0	0	0	29	0	0	4.5	29	0	0	0	29	0	0	2.165		99.9501	54.9146	0.0906909	0	0.907361	0.186688	14.2528	1		0	12.0616	39.3374	0	0	0	
2024-06-12 20:05:53	344	683	9	0	0	1	5	0	0	0	5	0	0	5.25	5	0	0	0	5	0	0	3.68		99.9644	56.2539	0.0619176	0	0.619397	0.241635	16.5401	1		0	12.0616	42.1962	0	0	0	
2024-06-12 20:06:22	348	684	9	0	0	1	5	0	0	0	5	0	0	4	5	0	0	0	5	0	0	2.598		99.9649	55.9669	0.0738173	0	0.738433	0.00533396	13.9191	2		0	12.0616	41.8063	0	0	0	
2024-06-12 20:22:24	466	685	1	0	0	4.75	20	0	0	0	20	0	0	3	20	0	0	0	20	0	0	1.515		99.9516	54.6413	0.127068	0	1.2713	0.693426	13.9786	1		0	12.0616	39.2074	0	0	0	
2024-06-12 20:14:43	412	686	1	0	0	6	25	0	0	0	25	0	0	3	25	0	0	0	25	0	0	2.598		99.9497	55.3077	0.0782534	0	0.782928	0.0183703	14.7578	1		0	12.0616	39.4673	0	0	0	
2024-06-12 20:08:17	363	687	1	0	0	2	9	0	0	0	9	0	0	2.25	9	0	0	0	9	0	0	0.216		99.96	56.5165	0.863116	0	8.63461	0.749385	13.5632	1		0	12.0705	41.0267	0	0	0	
2024-06-12 20:16:23	424	688	5	0	0	7	29	0	0	0	29	0	0	0.5	29	0	0	0	29	0	0	5.628		99.9528	55.102	0.0455101	0	0.455316	0.0239993	18.5954	1		0	12.0616	39.3374	0	0	0	
2024-06-12 20:05:11	339	689	5	0	0	0	1	0	0	0	1	0	0	3.5	1	0	0	0	1	0	0	3.031		99.9651	57.34	0.0753343	0	0.753606	0.986311	16.5727	1		0	12.0616	42.9758	0	0	0	
2024-06-12 20:23:54	477	690	1	0	0	1.75	8	0	0	0	8	0	0	0	8	0	0	0	8	0	0	1.515		99.9542	55.2691	0.125273	0	1.2533	0.552092	13.7808	1		0	12.0616	39.0775	0	0	0	
2024-06-12 20:14:22	409	691	5	0	0	6	25	0	0	0	25	0	0	7	25	0	0	0	25	0	0	0.866		99.9548	55.2214	0.264632	0	2.64752	0.576234	16.6348	1		0	12.0616	39.5972	0	0	0	
2024-06-12 20:23:07	471	692	1	0	0	6.5	27	0	0	0	27	0	0	1.25	27	0	0	0	27	0	0	4.546		99.9475	54.5513	0.061671	0	0.617034	0.805443	20.3539	1		0	12.0616	39.0775	0	0	0	
2024-06-12 20:18:15	438	693	1	0	0	7.75	32	0	0	0	32	0	0	1.25	32	0	0	0	32	0	0	5.628		99.9433	55.2375	0.0393551	0	0.393774	0.296521	16.082	1		0	12.0616	39.3374	0	0	0	
2024-06-12 20:11:57	391	694	9	0	0	5	21	0	0	0	21	0	0	5.5	21	0	0	0	21	0	0	0.433		99.9531	55.4022	0.531729	0	5.31979	0.150894	16.7126	2		0	12.0616	39.8571	0	0	0	
2024-06-12 20:12:47	397	695	5	0	0	5	21	0	0	0	21	0	0	4.25	21	0	0	0	21	0	0	0.649		99.9556	55.7747	0.347984	0	3.48139	0.706361	16.4057	1		0	12.0616	39.7272	0	0	0	
2024-06-12 20:10:02	376	696	1	0	0	3	13	0	0	0	13	0	0	1	13	0	0	0	13	0	0	1.732		99.9565	56.7287	0.107062	0	1.07109	0.493767	13.4597	1		0	12.0616	40.3769	0	0	0	
2024-06-12 20:06:01	345	697	1	0	0	1	5	0	0	0	5	0	0	2	5	0	0	0	5	0	0	0.866		99.9654	56.299	0.231783	0	2.31863	0.656301	14.5684	1		0	12.0616	42.1962	0	0	0	
2024-06-12 20:19:25	446	698	9	0	0	1.75	8	0	0	0	8	0	0	6	8	0	0	0	8	0	0	3.68		99.9451	55.6869	0.06184	0	0.61874	0.015843	16.5225	1		0	12.0616	39.3374	0	0	0	
2024-06-12 20:11:34	388	699	1	0	0	4	17	0	0	0	17	0	0	2.25	17	0	0	0	17	0	0	1.515		99.9535	55.4515	0.123575	0	1.23632	0.31567	13.5941	1		0	12.0616	39.9871	0	0	0	
2024-06-12 20:16:52	428	700	9	0	0	7.75	32	0	0	0	32	0	0	6	32	0	0	0	32	0	0	1.515		99.9495	55.1729	0.128098	0	1.28163	0.373504	14.0922	2		0	12.0616	39.0775	0	0	0	
2024-06-12 20:17:35	433	701	9	0	0	7.75	32	0	0	0	32	0	0	4.75	32	0	0	0	32	0	0	2.598		99.9439	55.2284	0.0723105	0	0.72351	0.645136	13.6379	1		0	12.0616	39.0775	0	0	0	
2024-06-12 20:14:22	409	702	1	0	0	6	25	0	0	0	25	0	0	2	25	0	0	0	25	0	0	3.464		99.9548	55.2214	0.0657491	0	0.657788	0.127994	16.532	1		0	12.0616	39.5972	0	0	0	
2024-06-12 20:10:37	380	703	5	0	0	4	17	0	0	0	17	0	0	5.5	17	0	0	0	17	0	0	1.299		99.9559	55.5191	0.16196	0	1.62031	0.187808	15.2711	1		0	12.0616	40.117	0	0	0	
2024-06-12 20:11:07	384	704	5	0	0	4	17	0	0	0	17	0	0	4.25	17	0	0	0	17	0	0	0.216		99.9522	55.5037	0.968316	0	9.68779	0.429492	15.2175	1		0	12.0616	39.8571	0	0	0	
2024-06-12 20:04:39	335	705	1	0	0	0	1	0	0	0	1	0	0	1.75	1	0	0	0	1	0	0	1.515		99.9687	57.8799	0.124524	0	1.24563	0.359045	13.6964	1		0	12.0616	43.4956	0	0	0	
2024-06-12 20:25:06	486	706	1	0	0	3.75	16	0	0	4	16	0	0	3.5	16	0	0	4.25	16	0	0	0.13		99.9575	18.6408	0.701716	0	7.02014	0.235276	11.0272	1		0	12.0705	39.3374	0	0	0	
2024-06-12 20:09:39	373	707	1	0	0	3	13	0	0	0	13	0	0	2.75	13	0	0	0	13	0	0	0.216		99.9561	56.6695	0.852461	0	8.52836	0.88978	13.3963	1		0	12.0616	40.5069	0	0	0	
2024-06-12 20:07:34	357	708	9	0	0	2	9	0	0	0	9	0	0	6	9	0	0	0	9	0	0	3.464		99.9591	56.635	0.0666045	0	0.666318	0.167066	16.7464	1		0	12.0616	41.2865	0	0	0	
2024-06-12 20:07:27	356	709	5	0	0	2	9	0	0	0	9	0	0	4.75	9	0	0	0	9	0	0	2.381		99.9588	56.5073	0.0842053	0	0.8424	0.368298	14.5556	1		0	12.0616	41.4165	0	0	0	
2024-06-12 20:15:44	419	710	9	0	0	7	29	0	0	0	29	0	0	5	29	0	0	0	29	0	0	1.732		99.9502	54.6979	0.113991	0	1.14048	0.128561	14.3317	2		0	12.0616	39.3374	0	0	0	
2024-06-12 20:15:15	416	711	1	0	0	7	29	0	0	0	29	0	0	3.75	29	0	0	0	29	0	0	2.814		99.9509	54.7923	0.070736	0	0.707708	0.054843	14.4516	2		0	11.9552	39.2074	0	0	0	
2024-06-12 20:06:40	350	712	5	0	0	1	5	0	0	0	5	0	0	3.25	5	0	0	0	5	0	0	1.948		99.9631	56.0408	0.0943366	0	0.943715	0.525995	13.3414	1		0	12.0616	41.8063	0	0	0	
2024-06-12 20:19:00	443	713	9	0	0	2.75	12	0	0	0	12	0	0	5	12	0	0	0	12	0	0	1.948		99.9431	55.4455	0.0968157	0	0.968708	0.732394	13.6948	1		0	12.0616	39.3374	0	0	0	
2024-06-12 20:12:36	396	714	1	0	0	5	21	0	0	0	21	0	0	1.75	21	0	0	0	21	0	0	2.814		99.9536	55.2515	0.07425	0	0.742845	0.163324	15.1691	2		0	12.0616	39.5972	0	0	0	
2024-06-12 20:08:17	363	715	5	0	0	2	9	0	0	0	9	0	0	1.5	9	0	0	0	9	0	0	0.433		99.96	56.5165	0.501317	0	5.01517	0.733289	15.7556	1		0	12.0705	41.0267	0	0	0	
2024-06-12 20:04:21	333	716	1	0	0	0	1	0	0	0	1	0	0	2.75	1	0	0	0	1	0	0	2.381		99.9675	58.5815	0.104655	0	1.04689	0.0555649	18.089	2		0	12.0616	43.7555	0	0	0	
2024-06-12 20:18:50	442	717	9	0	0	3.25	14	0	0	0	14	0	0	4.5	14	0	0	0	14	0	0	1.082		99.9448	55.1727	0.186168	0	1.86271	0.25603	14.6297	2		0	12.0616	39.3374	0	0	0	
2024-06-12 20:09:39	373	718	5	0	0	3	13	0	0	0	13	0	0	6.75	13	0	0	0	13	0	0	3.247		99.9561	56.6695	0.0657881	0	0.65817	0.227519	15.5078	1		0	12.0616	40.5069	0	0	0	
2024-06-12 20:06:22	348	719	5	0	0	1	5	0	0	0	5	0	0	7.25	5	0	0	0	5	0	0	5.412		99.9649	55.9669	0.0682649	0	0.682889	0.390384	26.817	2		0	12.0616	41.8063	0	0	0	
2024-06-12 20:13:52	405	720	5	0	0	6	25	0	0	0	25	0	0	7.5	25	0	0	0	25	0	0	1.299		99.9514	55.2765	0.158946	0	1.59023	0.408928	14.9876	1		0	12.0616	39.4673	0	0	0	
2024-06-12 20:14:14	408	721	5	0	0	6	25	0	0	0	25	0	0	6.25	25	0	0	0	25	0	0	0.216		99.9527	55.1713	0.947697	0	9.48146	0.900429	14.8934	1		0	12.0616	39.4673	0	0	0	
2024-06-12 20:17:12	430	722	1	0	0	7.75	32	0	0	0	32	0	0	0.5	32	0	0	0	32	0	0	6.278		99.9493	55.2395	0.0366005	0	0.366191	0.0101108	16.6811	1		0	11.9552	39.3374	0	0	0	
2024-06-12 20:13:09	400	723	5	0	0	5	21	0	0	0	21	0	0	3.5	21	0	0	0	21	0	0	1.299		99.9533	55.5793	0.150863	0	1.50933	0.515156	14.2251	1		0	12.0616	39.7272	0	0	0	
2024-06-12 20:09:47	374	724	1	0	0	3	13	0	0	0	13	0	0	0.25	13	0	0	0	13	0	0	2.381		99.9544	56.7286	0.0783276	0	0.783633	0.271987	13.5402	1		0	12.0616	40.3769	0	0	0	
2024-06-12 20:06:16	347	725	1	0	0	1	5	0	0	0	5	0	0	1.25	5	0	0	0	5	0	0	0.216		99.968	56.2581	0.866504	0	8.66781	0.686698	13.6154	1		0	12.0705	41.8063	0	0	0	
2024-06-12 20:11:49	390	726	1	0	0	4	17	0	0	0	17	0	0	1.5	17	0	0	0	17	0	0	2.165		99.9556	55.2615	0.0861469	0	0.861852	0.251134	13.5379	1		0	11.9552	39.5972	0	0	0	
2024-06-12 20:19:33	447	727	9	0	0	1.5	7	0	0	0	7	0	0	6.25	7	0	0	0	7	0	0	4.113		99.9492	53.8819	0.0563643	0	0.56393	1.53775	16.8306	4		0	12.0616	39.3374	0	0	0	
2024-06-12 20:17:21	431	728	5	0	0	7.75	32	0	0	0	32	0	0	5.25	32	0	0	0	32	0	0	2.165		99.9467	55.2771	0.0861725	0	0.862185	0.529127	13.5432	1		0	12.0616	39.3374	0	0	0	
2024-06-12 20:17:28	432	729	5	0	0	7.75	32	0	0	0	32	0	0	4	32	0	0	0	32	0	0	3.247		99.9457	55.3344	0.0582336	0	0.582653	0.186414	13.7284	1		0	11.9552	39.3374	0	0	0	
2024-06-12 20:13:31	403	730	1	0	0	6	25	0	0	0	25	0	0	1.25	25	0	0	0	25	0	0	4.113		99.9523	55.0729	0.0619524	0	0.61982	0.0147508	18.4986	2		0	12.0616	39.5972	0	0	0	
2024-06-12 20:11:21	386	731	5	0	0	4	17	0	0	0	17	0	0	3.5	17	0	0	0	17	0	0	0.433		99.9537	55.3559	0.543191	0	5.43442	0.685967	17.0727	1		0	12.0616	39.9871	0	0	0	
2024-06-12 20:04:54	337	732	1	0	0	0	1	0	0	0	1	0	0	1	1	0	0	0	1	0	0	0.866		99.9665	57.3251	0.239382	0	2.39462	0.00906051	15.0459	2		0	12.0616	43.2357	0	0	0	
2024-06-12 20:07:16	355	733	5	0	0	2	9	0	0	0	9	0	0	5.25	9	0	0	0	9	0	0	2.814		99.9623	56.4512	0.0784552	0	0.784848	0.0971125	16.0269	2		0	12.0616	41.2865	0	0	0	
2024-06-12 20:07:09	354	734	9	0	0	2	9	0	0	0	9	0	0	4	9	0	0	0	9	0	0	1.732		99.9601	56.8798	0.110014	0	1.10058	0.652764	13.8303	1		0	12.0616	41.5464	0	0	0	
2024-06-12 20:24:11	479	735	1	0	0	3.5	15	0	0	0	15	0	0	2.25	15	0	0	0	15	0	0	1.082		99.9545	54.7416	0.181009	0	1.81092	0.943722	14.2229	1		0	12.0616	39.3374	0	0	0	
2024-06-12 20:16:45	427	736	1	0	0	7	29	0	0	0	29	0	0	3	29	0	0	0	29	0	0	3.464		99.9514	55.571	0.0590396	0	0.590683	0.17805	14.8455	1		0	12.0616	39.3374	0	0	0	
2024-06-12 20:06:55	352	737	5	0	0	1	5	0	0	0	5	0	0	2.5	5	0	0	0	5	0	0	1.299		99.9592	56.0081	0.148632	0	1.48693	0.394147	14.014	1		0	11.9552	41.6764	0	0	0	
2024-06-12 20:04:39	335	738	5	0	0	0	1	0	0	0	1	0	0	6.75	1	0	0	0	1	0	0	5.845		99.9687	57.8799	0.0416184	0	0.416314	0.652195	17.6565	1		0	12.0616	43.4956	0	0	0	
2024-06-12 20:20:43	455	739	1	0	0	2.75	12	0	0	0	12	0	0	3	12	0	0	0	12	0	0	0.216		99.9429	55.1203	0.849559	0	8.50044	0.189993	13.3525	2		0	12.0616	39.3374	0	0	0	
2024-06-12 20:12:55	398	740	1	0	0	5	21	0	0	0	21	0	0	1	21	0	0	0	21	0	0	3.464		99.9527	55.6216	0.0639713	0	0.640015	0.148207	16.0853	1		0	12.0616	39.4673	0	0	0	
2024-06-12 20:26:30	495	741	1	0	0	0.5	3	0	0	7.25	3	0	0	2.75	3	0	0	5	3	0	0	1.168		99.9522	20.8056	0.0751038	0	0.751397	0.23669	10.6226	2		0	12.0616	39.3374	0	0	0	
2024-06-12 20:21:38	461	742	9	0	0	6.75	28	0	0	0	28	0	0	7	28	0	0	0	28	0	0	0.216		99.9498	54.2794	0.897506	0	8.97957	0.211593	14.1051	2		0	12.0616	39.3374	0	0	0	
2024-06-12 20:08:25	364	743	5	0	0	2	9	0	0	0	9	0	0	0.75	9	0	0	0	9	0	0	1.082		99.9619	56.4375	0.178658	0	1.78726	0.530556	14.0371	1		0	12.0616	40.8967	0	0	0	
2024-06-12 20:09:25	371	744	9	0	0	3	13	0	0	0	13	0	0	6	13	0	0	0	13	0	0	2.598		99.9526	56.7694	0.0800849	0	0.801229	0.271279	15.1028	1		0	12.0616	40.6368	0	0	0	
2024-06-12 20:09:00	368	745	5	0	0	3	13	0	0	0	13	0	0	4.75	13	0	0	0	13	0	0	1.515		99.9554	56.8469	0.128321	0	1.28379	0.579271	14.116	1		0	12.0616	40.5069	0	0	0	
2024-06-12 20:06:01	345	746	5	0	0	1	5	0	0	0	5	0	0	7.75	5	0	0	0	5	0	0	5.845		99.9654	56.299	0.0403547	0	0.403686	0.118353	17.1209	1		0	12.0616	42.1962	0	0	0	
2024-06-12 20:06:09	346	747	9	0	0	1	5	0	0	0	5	0	0	6.5	5	0	0	0	5	0	0	4.762		99.9659	56.2774	0.05319	0	0.532081	0.577847	18.3874	1		0	12.0616	42.1962	0	0	0	
2024-06-12 20:14:29	410	748	5	0	0	6	25	0	0	0	25	0	0	5.5	25	0	0	0	25	0	0	0.433		99.9484	55.4234	0.549521	0	5.49805	0.835865	17.2726	1		0	12.0616	39.3374	0	0	0	
2024-06-12 20:14:00	406	749	1	0	0	6	25	0	0	0	25	0	0	4.25	25	0	0	0	25	0	0	1.515		99.9513	55.4152	0.135492	0	1.35558	0.150854	14.9054	1		0	12.0616	39.4673	0	0	0	
2024-06-12 20:13:02	399	750	5	0	0	5	21	0	0	0	21	0	0	2.75	21	0	0	0	21	0	0	1.948		99.9547	55.597	0.0964469	0	0.964906	0.201285	13.641	1		0	12.0616	39.7272	0	0	0	
2024-06-12 20:05:33	342	751	1	0	0	1	5	0	0	0	5	0	0	0.5	5	0	0	0	5	0	0	0.433		99.9634	56.3989	0.518976	0	5.19166	0.307159	16.3101	2		0	12.0616	42.586	0	0	0	
2024-06-12 20:10:37	380	752	1	0	0	4	17	0	0	0	17	0	0	0.75	17	0	0	0	17	0	0	2.814		99.9559	55.5191	0.0697645	0	0.697953	0.442097	14.2524	1		0	12.0616	40.117	0	0	0	
2024-06-12 20:18:15	438	753	5	0	0	7.75	32	0	0	0	32	0	0	3.25	32	0	0	0	32	0	0	3.897		99.9433	55.2375	0.0490393	0	0.490671	0.141956	13.8734	1		0	12.0616	39.3374	0	0	0	
2024-06-12 20:25:41	490	754	1	0	0	2.75	12	0	0	5	12	0	0	0.5	12	0	0	7.25	12	0	0	1.168		99.9519	21.0067	0.0825719	0	0.826116	0.197455	11.6789	2		0	12.0616	39.3374	0	0	0	
2024-06-12 20:19:48	448	755	9	0	0	1.25	6	0	0	0	6	0	0	6.5	6	0	0	0	6	0	0	4.546		99.9493	55.8476	0.0541193	0	0.541467	0.670181	17.8612	1		0	12.0616	39.2074	0	0	0	
2024-06-12 20:14:36	411	756	1	0	0	6	25	0	0	0	25	0	0	0.5	25	0	0	0	25	0	0	4.762		99.9525	55.3404	0.0583689	0	0.583966	0.392048	20.1804	1		0	12.0616	39.4673	0	0	0	
2024-06-12 20:11:34	388	757	5	0	0	4	17	0	0	0	17	0	0	2.75	17	0	0	0	17	0	0	1.082		99.9535	55.4515	0.184085	0	1.84171	0.381968	14.4647	1		0	12.0616	39.9871	0	0	0	
2024-06-12 20:04:07	331	758	1	0	0	0	1	0	0	0	1	0	0	0.25	1	0	0	0	1	0	0	0.216		99.9657	59.7058	0.862926	0	8.63223	0.967054	13.5595	1		0	12.0616	44.0154	0	0	0	
2024-06-12 20:07:09	354	759	1	0	0	2	9	0	0	0	9	0	0	3.25	9	0	0	0	9	0	0	1.082		99.9601	56.8798	0.182468	0	1.8254	0.955643	14.3367	1		0	12.0616	41.5464	0	0	0	
2024-06-12 20:16:09	422	760	1	0	0	7	29	0	0	0	29	0	0	1.75	29	0	0	0	29	0	0	4.546		99.9483	55.0304	0.0514538	0	0.514804	0.331008	16.9817	1		0	12.0705	39.0775	0	0	0	
2024-06-12 20:04:31	334	761	5	0	0	0	1	0	0	0	1	0	0	6	1	0	0	0	1	0	0	5.195		99.9637	58.0717	0.051788	0	0.518068	0.149229	19.5307	1		0	12.0616	43.4956	0	0	0	
2024-06-12 20:04:54	337	762	9	0	0	0	1	0	0	0	1	0	0	4.75	1	0	0	0	1	0	0	4.113		99.9665	57.3251	0.0533423	0	0.533602	0.0582545	15.9254	2		0	12.0616	43.2357	0	0	0	
2024-06-12 20:23:22	473	763	1	0	0	7.25	30	0	0	0	30	0	0	0.5	30	0	0	0	30	0	0	5.845		99.9504	54.8141	0.0545541	0	0.545811	0.148444	23.1487	1		0	12.0616	39.3374	0	0	0	
2024-06-12 20:13:16	401	764	5	0	0	5	21	0	0	0	21	0	0	0.25	21	0	0	0	21	0	0	4.113		99.9527	55.6822	0.0524013	0	0.524261	0.0553941	15.6466	1		0	12.0616	39.5972	0	0	0	
2024-06-12 20:12:36	396	765	5	0	0	5	21	0	0	0	21	0	0	6.75	21	0	0	0	21	0	0	1.515		99.9536	55.2515	0.139664	0	1.39728	0.121418	15.3639	2		0	12.0616	39.5972	0	0	0	
2024-06-12 20:09:55	375	766	5	0	0	3	13	0	0	0	13	0	0	2.25	13	0	0	0	13	0	0	0.649		99.9554	56.7543	0.340908	0	3.4106	0.783908	16.0721	1		0	12.0616	40.3769	0	0	0	
2024-06-12 20:08:25	364	767	1	0	0	2	9	0	0	0	9	0	0	0	9	0	0	0	9	0	0	1.732		99.9619	56.4375	0.136783	0	1.36836	0.811126	17.1953	1		0	12.0616	40.8967	0	0	0	
2024-06-12 20:21:49	462	768	9	0	0	6.5	27	0	0	0	27	0	0	7.25	27	0	0	0	27	0	0	0.649		99.9486	54.2967	0.370976	0	3.71167	0.22779	17.4908	2		0.0088623	12.0616	39.3374	0	0	0	
2024-06-12 20:17:42	434	769	5	0	0	7.75	32	0	0	0	32	0	0	7.25	32	0	0	0	32	0	0	0.433		99.944	54.8749	0.49751	0	4.97788	0.133356	15.6385	2		0	12.0616	39.3374	0	0	0	
2024-06-12 20:23:30	474	770	1	0	0	7.5	31	0	0	0	31	0	0	0.25	31	0	0	0	31	0	0	6.278		99.9494	54.575	0.0439582	0	0.439804	0.147378	20.0344	2		0	12.0616	39.3374	0	0	0	
2024-06-12 20:20:19	452	771	1	0	0	0.75	4	0	0	0	4	0	0	1	4	0	0	0	4	0	0	0.216		99.9478	55.3523	0.879239	0	8.79698	0.998001	13.8183	1		0	12.0616	39.3374	0	0	0	
2024-06-12 20:22:41	468	772	1	0	0	5.5	23	0	0	0	23	0	0	2.25	23	0	0	0	23	0	0	2.814		99.948	54.5041	0.102348	0	1.02401	0.53058	20.9107	2		0	12.0616	39.2074	0	0	0	
2024-06-12 20:10:44	381	773	9	0	0	4	17	0	0	0	17	0	0	6.75	17	0	0	0	17	0	0	2.381		99.9564	55.4528	0.0851252	0	0.851624	0.355281	14.715	1		0	12.0616	40.117	0	0	0	
2024-06-12 20:09:17	370	774	9	0	0	3	13	0	0	0	13	0	0	5.25	13	0	0	0	13	0	0	1.948		99.9523	56.6554	0.0996821	0	0.997297	0.122238	14.0989	1		0	12.0616	40.3769	0	0	0	
2024-06-12 20:08:39	366	775	9	0	0	3	13	0	0	0	13	0	0	4	13	0	0	0	13	0	0	0.866		99.956	57.0712	0.244018	0	2.44126	0.0897397	15.3389	2		0	12.0616	40.8967	0	0	0	
2024-06-12 20:07:56	360	776	9	0	0	2	9	0	0	0	9	0	0	7.25	9	0	0	0	9	0	0	4.546		99.9623	56.4897	0.0599604	0	0.59983	0.383005	19.7864	1		0	11.9552	41.1566	0	0	0	
2024-06-12 20:16:16	423	777	5	0	0	7	29	0	0	0	29	0	0	7.5	29	0	0	0	29	0	0	0.433		99.9512	55.0435	0.493587	0	4.93828	0.549912	15.5141	1		0.0088623	12.0616	39.3374	0	0	0	
2024-06-12 20:15:26	417	778	5	0	0	7	29	0	0	0	29	0	0	6.25	29	0	0	0	29	0	0	0.649		99.9492	55.0617	0.357375	0	3.57556	0.964479	16.8494	1		0	12.0616	39.3374	0	0	0	
2024-06-12 20:05:44	343	779	9	0	0	1	5	0	0	0	5	0	0	5.75	5	0	0	0	5	0	0	4.113		99.9629	56.1678	0.0533869	0	0.534067	0.0420968	15.9393	2		0	12.0616	42.4561	0	0	0	
2024-06-12 20:06:32	349	780	5	0	0	1	5	0	0	0	5	0	0	4.5	5	0	0	0	5	0	0	3.031		99.9616	55.9912	0.0710986	0	0.711259	0.654475	15.6414	1		0	12.0439	41.8063	0	0	0	
2024-06-12 20:14:29	410	781	1	0	0	6	25	0	0	0	25	0	0	3.5	25	0	0	0	25	0	0	2.165		99.9484	55.4234	0.0887947	0	0.888405	0.149218	13.955	1		0	12.0616	39.3374	0	0	0	
2024-06-12 20:10:52	382	782	1	0	0	4	17	0	0	0	17	0	0	0	17	0	0	0	17	0	0	3.464		99.9547	55.4764	0.0618664	0	0.618944	0.0975289	15.5558	1		0	12.0616	40.117	0	0	0	
2024-06-12 20:17:21	431	783	1	0	0	7.75	32	0	0	0	32	0	0	2.5	32	0	0	0	32	0	0	4.546		99.9467	55.2771	0.0453006	0	0.453247	0.0623222	14.9511	1		0	12.0616	39.3374	0	0	0	
2024-06-12 20:07:27	356	784	1	0	0	2	9	0	0	0	9	0	0	2.5	9	0	0	0	9	0	0	0.433		99.9588	56.5073	0.498102	0	4.98307	0.838463	15.6548	1		0	12.0616	41.4165	0	0	0	
2024-06-12 20:16:23	424	785	1	0	0	7	29	0	0	0	29	0	0	1	29	0	0	0	29	0	0	5.195		99.9528	55.102	0.0476067	0	0.476292	0.193056	17.9558	1		0	12.0616	39.3374	0	0	0	
2024-06-12 20:04:14	332	786	9	0	0	0	1	0	0	0	1	0	0	5.25	1	0	0	0	1	0	0	4.546		99.9674	59.1635	0.0520023	0	0.520192	0.361056	17.1594	1		0	11.9552	44.0154	0	0	0	
2024-06-12 20:04:21	333	787	5	0	0	0	1	0	0	0	1	0	0	4	1	0	0	0	1	0	0	3.464		99.9675	58.5815	0.0617947	0	0.618148	0.00924853	15.5358	2		0	12.0616	43.7555	0	0	0	
2024-06-12 20:18:23	439	788	1	0	0	7.75	32	0	0	0	32	0	0	1.75	32	0	0	0	32	0	0	5.195		99.9461	55.1915	0.0409318	0	0.409539	0.24003	15.4392	1		0	12.0616	39.3374	0	0	0	
2024-06-12 20:12:07	392	789	9	0	0	5	21	0	0	0	21	0	0	6	21	0	0	0	21	0	0	0.866		99.957	55.5093	0.259	0	2.59111	0.902856	16.2804	1		0	12.0616	39.5972	0	0	0	
2024-06-12 20:12:15	393	790	9	0	0	5	21	0	0	0	21	0	0	4.75	21	0	0	0	21	0	0	0.216		99.9549	55.6275	0.880756	0	8.81153	0.977382	13.8411	1		0	12.0616	39.7272	0	0	0	
2024-06-12 20:08:39	366	791	1	0	0	3	13	0	0	0	13	0	0	1.5	13	0	0	0	13	0	0	1.299		99.956	57.0712	0.143168	0	1.43231	0.209655	13.4992	2		0	12.0616	40.8967	0	0	0	
2024-06-12 20:17:12	430	792	9	0	0	7.75	32	0	0	0	32	0	0	6.5	32	0	0	0	32	0	0	1.082		99.9493	55.2395	0.190581	0	1.90678	0.610874	14.9758	1		0	11.9552	39.3374	0	0	0	
2024-06-12 20:19:18	445	793	9	0	0	2.25	10	0	0	0	10	0	0	5.5	10	0	0	0	10	0	0	2.814		99.9433	56.1672	0.0844003	0	0.844482	0.275098	17.2446	1		0	12.0616	39.3374	0	0	0	
2024-06-12 20:25:31	489	794	1	0	0	3	13	0	0	4.75	13	0	0	1.25	13	0	0	6.5	13	0	0	0.908		99.9501	21.0866	0.0666971	0	0.667305	0.760487	7.3374	2		0	12.0616	39.3374	0	0	0	
2024-06-12 20:11:07	384	795	9	0	0	4	17	0	0	0	17	0	0	6	17	0	0	0	17	0	0	1.732		99.9522	55.5037	0.115138	0	1.15193	0.416292	14.4756	1		0	12.0616	39.8571	0	0	0	
2024-06-12 20:10:37	380	796	9	0	0	4	17	0	0	0	17	0	0	4.75	17	0	0	0	17	0	0	0.649		99.9559	55.5191	0.363456	0	3.63617	0.762954	17.135	1		0	12.0616	40.117	0	0	0	
2024-06-12 20:05:26	341	797	1	0	0	0	1	0	0	0	1	0	0	2.25	1	0	0	0	1	0	0	1.948		99.9666	57.3052	0.111624	0	1.11661	0.399392	15.7857	1		0	12.0616	42.7159	0	0	0	
2024-06-12 20:25:21	488	798	1	0	0	3.25	14	0	0	4.5	14	0	0	2	14	0	0	5.75	14	0	0	0.649		99.9511	20.6666	0.178652	0	1.78739	0.100017	14.0382	2		0	12.0616	39.3374	0	0	0	
2024-06-12 20:09:25	371	799	1	0	0	3	13	0	0	0	13	0	0	3.25	13	0	0	0	13	0	0	0.216		99.9526	56.7694	0.861584	0	8.61992	0.942484	13.5401	1		0	12.0616	40.6368	0	0	0	
2024-06-12 20:08:03	361	800	9	0	0	2	9	0	0	0	9	0	0	7.75	9	0	0	0	9	0	0	4.979		99.9638	56.4955	0.0447932	0	0.448095	0.310709	16.1889	1		0	12.0616	41.1566	0	0	0	
2024-06-12 20:07:49	359	801	9	0	0	2	9	0	0	0	9	0	0	6.5	9	0	0	0	9	0	0	3.897		99.9618	56.7011	0.0563806	0	0.564022	0.0475945	15.9473	1		0.0088623	12.0616	41.1566	0	0	0	
2024-06-12 20:16:09	422	802	9	0	0	7	29	0	0	0	29	0	0	5.5	29	0	0	0	29	0	0	1.299		99.9483	55.0304	0.15925	0	1.59333	0.446515	15.0167	1		0	12.0705	39.0775	0	0	0	
2024-06-12 20:15:26	417	803	9	0	0	7	29	0	0	0	29	0	0	4.25	29	0	0	0	29	0	0	2.381		99.9492	55.0617	0.0830716	0	0.831138	0.246717	14.361	1		0	12.0616	39.3374	0	0	0	
2024-06-12 20:06:09	346	804	5	0	0	1	5	0	0	0	5	0	0	5	5	0	0	0	5	0	0	3.464		99.9659	56.2774	0.0646	0	0.64622	0.075543	16.2413	1		0	12.0616	42.1962	0	0	0	
2024-06-12 20:06:55	352	805	1	0	0	1	5	0	0	0	5	0	0	3.75	5	0	0	0	5	0	0	2.381		99.9592	56.0081	0.0817401	0	0.817734	0.480596	14.1294	1		0	11.9552	41.6764	0	0	0	
2024-06-12 20:14:58	414	806	5	0	0	6	25	0	0	0	25	0	0	2.75	25	0	0	0	25	0	0	2.814		99.9506	55.1013	0.0716072	0	0.716426	0.192191	14.6297	2		0	12.0616	39.4673	0	0	0	
2024-06-12 20:12:22	394	807	1	0	0	5	21	0	0	0	21	0	0	2.25	21	0	0	0	21	0	0	2.381		99.9532	55.6016	0.0807106	0	0.807485	0.297925	13.9523	1		0	12.0616	39.7272	0	0	0	
2024-06-12 20:16:45	427	808	5	0	0	7	29	0	0	0	29	0	0	0.25	29	0	0	0	29	0	0	5.845		99.9514	55.571	0.0409596	0	0.409795	0.371179	17.38	1		0	12.0616	39.3374	0	0	0	
2024-06-12 20:04:31	334	809	1	0	0	0	1	0	0	0	1	0	0	3.25	1	0	0	0	1	0	0	2.814		99.9637	58.0717	0.0698228	0	0.698481	0.411138	14.2632	1		0	12.0616	43.4956	0	0	0	
2024-06-12 20:09:07	369	810	9	0	0	3	13	0	0	0	13	0	0	7.25	13	0	0	0	13	0	0	3.68		99.9511	56.5932	0.0756902	0	0.757272	0.131517	20.2219	2		0	12.0616	40.6368	0	0	0	
2024-06-12 20:13:31	403	811	9	0	0	6	25	0	0	0	25	0	0	6.75	25	0	0	0	25	0	0	0.649		99.9523	55.0729	0.374566	0	3.74745	0.0791099	17.6594	2		0	12.0616	39.5972	0	0	0	
2024-06-12 20:18:30	440	812	9	0	0	3.75	16	0	0	0	16	0	0	4	16	0	0	0	16	0	0	0.216		99.9439	54.6932	0.953161	0	9.53697	0.273357	14.9806	2		0	12.0616	39.3374	0	0	0	
2024-06-12 20:17:53	435	813	1	0	0	7.75	32	0	0	0	32	0	0	1	32	0	0	0	32	0	0	5.845		99.9463	55.3247	0.0379278	0	0.379482	0.160434	16.0944	1		0.0088623	12.0616	39.0775	0	0	0	
2024-06-12 20:11:57	391	814	5	0	0	5	21	0	0	0	21	0	0	5.25	21	0	0	0	21	0	0	0.216		99.9531	55.4022	0.893261	0	8.9368	0.255835	14.0379	2		0	12.0616	39.8571	0	0	0	
2024-06-12 20:12:55	398	815	5	0	0	5	21	0	0	0	21	0	0	4	21	0	0	0	21	0	0	0.866		99.9527	55.6216	0.255324	0	2.55444	0.702385	16.05	1		0	12.0616	39.4673	0	0	0	
2024-06-12 20:09:00	368	816	1	0	0	3	13	0	0	0	13	0	0	0.75	13	0	0	0	13	0	0	1.948		99.9554	56.8469	0.0950695	0	0.951119	0.432797	13.4461	1		0	12.0616	40.5069	0	0	0	
2024-06-12 20:06:48	351	817	1	0	0	1	5	0	0	0	5	0	0	1.75	5	0	0	0	5	0	0	0.649		99.9612	56.1235	0.333542	0	3.33671	0.645914	15.7239	1		0	12.0616	41.8063	0	0	0	
2024-06-12 20:10:59	383	818	1	0	0	4	17	0	0	0	17	0	0	2	17	0	0	0	17	0	0	1.732		99.9559	55.4135	0.109081	0	1.09129	0.531096	13.7136	1		0	12.0616	40.117	0	0	0	
2024-06-12 20:17:42	434	819	9	0	0	7.75	32	0	0	0	32	0	0	5.75	32	0	0	0	32	0	0	1.732		99.944	54.8749	0.110454	0	1.10516	0.0690226	13.8879	2		0	12.0616	39.3374	0	0	0	
2024-06-12 20:17:21	431	820	9	0	0	7.75	32	0	0	0	32	0	0	4.5	32	0	0	0	32	0	0	2.814		99.9467	55.2771	0.0666298	0	0.666653	0.407687	13.6133	1		0	12.0616	39.3374	0	0	0	
2024-06-12 20:21:04	457	821	1	0	0	2.25	10	0	0	0	10	0	0	3.5	10	0	0	0	10	0	0	1.082		99.9451	56.0916	0.183162	0	1.83263	0.891624	14.3934	1		0	12.0616	39.0775	0	0	0	
2024-06-12 20:20:11	451	822	9	0	0	0.25	2	0	0	0	2	0	0	7.5	2	0	0	0	2	0	0	6.278		99.9462	54.9833	0.0399356	0	0.399571	0.976387	18.2017	1		0	12.0616	39.3374	0	0	0	
2024-06-12 20:14:50	413	823	5	0	0	6	25	0	0	0	25	0	0	1.75	25	0	0	0	25	0	0	3.68		99.9507	55.257	0.065293	0	0.653252	0.76319	17.4441	1		0.0088623	12.0616	39.4673	0	0	0	
2024-06-12 20:10:16	378	824	9	0	0	4	17	0	0	0	17	0	0	5.25	17	0	0	0	17	0	0	1.082		99.9558	55.2408	0.196877	0	1.96964	0.116222	15.4695	2		0	12.0616	40.117	0	0	0	
2024-06-12 20:05:04	338	825	1	0	0	0	1	0	0	0	1	0	0	1.5	1	0	0	0	1	0	0	1.299		99.9666	57.2744	0.146648	0	1.46697	0.43088	13.8258	1		0	12.0616	42.9758	0	0	0	
2024-06-12 20:09:55	375	826	1	0	0	3	13	0	0	0	13	0	0	2.5	13	0	0	0	13	0	0	0.433		99.9554	56.7543	0.496714	0	4.96936	0.90887	15.6117	1		0	12.0616	40.3769	0	0	0	
2024-06-12 20:07:34	357	827	5	0	0	2	9	0	0	0	9	0	0	5.75	9	0	0	0	9	0	0	3.247		99.9591	56.635	0.0659982	0	0.660252	0.0225957	15.5568	1		0	12.0616	41.2865	0	0	0	
2024-06-12 20:07:27	356	828	9	0	0	2	9	0	0	0	9	0	0	4.5	9	0	0	0	9	0	0	2.165		99.9588	56.5073	0.0907919	0	0.908292	0.316901	14.2674	1		0	12.0616	41.4165	0	0	0	
2024-06-12 20:15:44	419	829	1	0	0	7	29	0	0	0	29	0	0	3.5	29	0	0	0	29	0	0	3.031		99.9502	54.6979	0.0652564	0	0.652889	0.168076	14.3578	2		0	12.0616	39.3374	0	0	0	
2024-06-12 20:07:02	353	830	1	0	0	1	5	0	0	0	5	0	0	3	5	0	0	0	5	0	0	1.732		99.9612	55.912	0.108062	0	1.08104	0.496673	13.5847	1		0.0088623	12.0616	41.5464	0	0	0	
2024-06-12 20:04:21	333	831	9	0	0	0	1	0	0	0	1	0	0	7.25	1	0	0	0	1	0	0	6.278		99.9675	58.5815	0.0427885	0	0.428025	0.161407	19.4978	2		0	12.0616	43.7555	0	0	0	
2024-06-12 20:13:02	399	832	1	0	0	5	21	0	0	0	21	0	0	1.5	21	0	0	0	21	0	0	3.031		99.9547	55.597	0.0668757	0	0.66906	0.175217	14.7134	1		0	12.0616	39.7272	0	0	0	
2024-06-12 20:08:32	365	833	1	0	0	2	9	0	0	0	9	0	0	1.25	9	0	0	0	9	0	0	0.649		99.9576	56.4154	0.322914	0	3.23051	0.680234	15.2234	1		0	12.0616	40.8967	0	0	0	
2024-06-12 20:23:46	476	834	1	0	0	1.5	7	0	0	0	7	0	0	0.25	7	0	0	0	7	0	0	1.082		99.9542	54.3006	0.181765	0	1.81849	0.889086	14.2824	1		0	11.9641	39.3374	0	0	0	
2024-06-12 20:04:46	336	835	1	0	0	0	1	0	0	0	1	0	0	2.5	1	0	0	0	1	0	0	2.165		99.9651	57.8109	0.0891719	0	0.892031	0.30501	14.012	1		0	12.0616	43.2357	0	0	0	
2024-06-12 20:23:00	470	836	1	0	0	6.25	26	0	0	0	26	0	0	1.5	26	0	0	0	26	0	0	4.113		99.95	54.809	0.0544416	0	0.544689	0.445631	16.2563	1		0	12.0616	39.3374	0	0	0	
2024-06-12 20:24:49	484	837	9	0	0	7.25	30	0	0	0	30	0	0	6.5	30	0	0	0	30	0	0	0.649		99.9518	54.9554	0.349172	0	3.49341	0.872127	16.4623	1		0	12.0616	39.3374	0	0	0	
2024-06-12 20:09:07	369	838	5	0	0	3	13	0	0	0	13	0	0	7.75	13	0	0	0	13	0	0	4.113		99.9511	56.5932	0.0514673	0	0.514925	0.107334	15.368	2		0	12.0616	40.6368	0	0	0	
2024-06-12 20:09:39	373	839	9	0	0	3	13	0	0	0	13	0	0	6.5	13	0	0	0	13	0	0	3.031		99.9561	56.6695	0.0699376	0	0.699683	0.107296	15.3868	1		0	12.0616	40.5069	0	0	0	
2024-06-12 20:06:16	347	840	5	0	0	1	5	0	0	0	5	0	0	7	5	0	0	0	5	0	0	5.195		99.968	56.2581	0.0469074	0	0.469224	0.597128	17.6893	1		0	12.0705	41.8063	0	0	0	
2024-06-12 20:14:22	409	841	9	0	0	6	25	0	0	0	25	0	0	4.75	25	0	0	0	25	0	0	1.082		99.9548	55.2214	0.201181	0	2.01272	0.408579	15.8079	1		0	12.0616	39.5972	0	0	0	
2024-06-12 20:18:00	436	842	1	0	0	7.75	32	0	0	0	32	0	0	0.25	32	0	0	0	32	0	0	6.494		99.9467	55.1864	0.0337435	0	0.337615	0.0960772	15.9097	1		0	12.0616	39.0775	0	0	0	
2024-06-12 20:13:24	402	843	5	0	0	5	21	0	0	0	21	0	0	3.25	21	0	0	0	21	0	0	1.515		99.9514	55.5746	0.125765	0	1.25826	0.345355	13.8353	1		0	12.0616	39.5972	0	0	0	
2024-06-12 20:09:17	370	844	1	0	0	3	13	0	0	0	13	0	0	0	13	0	0	0	13	0	0	2.598		99.9523	56.6554	0.0802336	0	0.802719	0.116027	15.1309	1		0	12.0616	40.3769	0	0	0	
2024-06-12 20:18:40	441	845	9	0	0	3.5	15	0	0	0	15	0	0	4.25	15	0	0	0	15	0	0	0.649		99.9468	54.2728	0.350026	0	3.50213	0.262478	16.5034	2		0	12.0616	39.3374	0	0	0	
2024-06-12 20:10:16	378	846	1	0	0	4	17	0	0	0	17	0	0	1.25	17	0	0	0	17	0	0	2.381		99.9558	55.2408	0.0810544	0	0.810902	0.0511048	14.0114	2		0	12.0616	40.117	0	0	0	
2024-06-12 20:17:03	429	847	5	0	0	7.75	32	0	0	0	32	0	0	5	32	0	0	0	32	0	0	2.381		99.9498	54.9913	0.0779829	0	0.780221	0.0675089	13.4813	2		0	12.0616	39.3374	0	0	0	
2024-06-12 20:16:52	428	848	1	0	0	7.75	32	0	0	0	32	0	0	3.75	32	0	0	0	32	0	0	3.464		99.9495	55.1729	0.0549253	0	0.54953	0.111986	13.8112	2		0	12.0616	39.0775	0	0	0	
2024-06-12 20:26:23	494	849	1	0	0	1.25	6	0	0	6.5	6	0	0	3	6	0	0	4.75	6	0	0	0.908		99.9529	20.4398	0.103898	0	1.03947	0.327698	11.4296	1		0	11.973	39.3374	0	0	0	
2024-06-12 20:13:41	404	850	1	0	0	6	25	0	0	0	25	0	0	1	25	0	0	0	25	0	0	4.33		99.9519	54.9522	0.0584592	0	0.584874	0.051971	18.3744	2		0	12.0616	39.5972	0	0	0	
2024-06-12 20:11:43	389	851	1	0	0	4	17	0	0	0	17	0	0	3.25	17	0	0	0	17	0	0	0.649		99.9549	55.4948	0.348716	0	3.48874	0.485566	16.4403	1		0.0088623	12.0616	39.9871	0	0	0	
2024-06-12 20:05:18	340	852	1	0	0	0	1	0	0	0	1	0	0	0.75	1	0	0	0	1	0	0	0.649		99.9639	57.416	0.33932	0	3.39443	0.749459	15.9959	1		0	12.0705	42.8459	0	0	0	
2024-06-12 20:25:52	491	853	1	0	0	3.5	15	0	0	4.25	15	0	0	3.75	15	0	0	4	15	0	0	0.13		99.9541	19.6524	0.643176	0	6.43472	0.336708	10.1076	1		0	12.0616	39.3374	0	0	0	
2024-06-12 20:07:41	358	854	9	0	0	2	9	0	0	0	9	0	0	5	9	0	0	0	9	0	0	2.598		99.962	56.7188	0.0780435	0	0.780732	0.0230141	14.7164	1		0.0088623	12.0616	41.2865	0	0	0	
2024-06-12 20:07:16	355	855	1	0	0	2	9	0	0	0	9	0	0	3.75	9	0	0	0	9	0	0	1.515		99.9623	56.4512	0.135423	0	1.35474	0.156846	14.8962	2		0	12.0616	41.2865	0	0	0	
2024-06-12 20:16:01	421	856	1	0	0	7	29	0	0	0	29	0	0	2.75	29	0	0	0	29	0	0	3.68		99.9522	55.0895	0.0560973	0	0.561241	0.170172	14.9871	1		0	12.0616	39.3374	0	0	0	
2024-06-12 20:16:30	425	857	5	0	0	7	29	0	0	0	29	0	0	2.25	29	0	0	0	29	0	0	4.113		99.9478	55.139	0.0520059	0	0.520331	0.101697	15.5294	1		0	12.0616	39.3374	0	0	0	
2024-06-12 20:03:51	330	858	5	0	0	0	1	0	0	0	1	0	0	7.75	1	0	0	0	1	0	0	6.711		99.9631	61.3119	0.0365501	0	0.365636	0.0623012	17.8045	2		0	12.0261	44.2753	0	0	0	
2024-06-12 20:04:07	331	859	5	0	0	0	1	0	0	0	1	0	0	6.5	1	0	0	0	1	0	0	5.628		99.9657	59.7058	0.0428036	0	0.428183	0.0916902	17.4873	1		0	12.0616	44.0154	0	0	0	
2024-06-12 20:12:15	393	860	1	0	0	5	21	0	0	0	21	0	0	0.75	21	0	0	0	21	0	0	3.68		99.9549	55.6275	0.0607095	0	0.607369	0.0344702	16.2189	1		0	12.0616	39.7272	0	0	0	
2024-06-12 20:12:36	396	861	9	0	0	5	21	0	0	0	21	0	0	7.25	21	0	0	0	21	0	0	1.948		99.9536	55.2515	0.128985	0	1.29044	0.14478	18.2432	2		0	12.0616	39.5972	0	0	0	
2024-06-12 20:24:41	483	862	9	0	0	5.75	24	0	0	0	24	0	0	4	24	0	0	0	24	0	0	1.515		99.9515	54.9207	0.131518	0	1.31582	0.729116	14.4682	1		0	12.0616	39.0775	0	0	0	
2024-06-12 20:21:21	459	863	9	0	0	4.5	19	0	0	0	19	0	0	5.25	19	0	0	0	19	0	0	0.649		99.9463	54.7031	0.349376	0	3.49564	0.313765	16.4728	2		0	12.0616	39.3374	0	0	0	
2024-06-12 20:25:58	492	864	1	0	0	2.75	12	0	0	5	12	0	0	3.5	12	0	0	4.25	12	0	0	0.389		99.9523	21.0174	0.342545	0	3.42709	2.05001	16.1498	4		0	12.0616	39.3374	0	0	0	
2024-06-12 20:08:10	362	865	5	0	0	2	9	0	0	0	9	0	0	0.5	9	0	0	0	9	0	0	1.299		99.9617	56.4064	0.147038	0	1.47094	0.716841	13.8633	1		0	12.0616	41.0267	0	0	0	
2024-06-12 20:20:02	450	866	9	0	0	0.5	3	0	0	0	3	0	0	7.25	3	0	0	0	3	0	0	5.845		99.9468	54.8632	0.103064	0	1.03119	0.276864	43.7342	2		0.0088623	12.0616	39.3374	0	0	0	
2024-06-12 20:10:27	379	867	1	0	0	4	17	0	0	0	17	0	0	7.25	17	0	0	0	17	0	0	2.814		99.953	55.1117	0.084724	0	0.847639	0.179857	17.3091	2		0	12.0616	39.9871	0	0	0	
2024-06-12 20:09:25	371	868	5	0	0	3	13	0	0	0	13	0	0	5.75	13	0	0	0	13	0	0	2.381		99.9526	56.7694	0.0812055	0	0.81244	0.316011	14.038	1		0	12.0616	40.6368	0	0	0	
2024-06-12 20:09:00	368	869	9	0	0	3	13	0	0	0	13	0	0	4.5	13	0	0	0	13	0	0	1.299		99.9554	56.8469	0.150436	0	1.50503	0.643273	14.1846	1		0	12.0616	40.5069	0	0	0	
2024-06-12 20:15:54	420	870	5	0	0	7	29	0	0	0	29	0	0	6.75	29	0	0	0	29	0	0	0.216		99.9501	54.9146	0.89398	0	8.94426	0.704435	14.0496	1		0	12.0616	39.3374	0	0	0	
2024-06-12 20:05:33	342	871	5	0	0	1	5	0	0	0	5	0	0	7.5	5	0	0	0	5	0	0	5.628		99.9634	56.3989	0.0441889	0	0.442051	0.250206	18.0537	2		0	12.0616	42.586	0	0	0	
2024-06-12 20:06:01	345	872	9	0	0	1	5	0	0	0	5	0	0	6.25	5	0	0	0	5	0	0	4.546		99.9654	56.299	0.0550926	0	0.551116	0.511828	18.1795	1		0	12.0616	42.1962	0	0	0	
2024-06-12 20:13:52	405	873	9	0	0	6	25	0	0	0	25	0	0	5.25	25	0	0	0	25	0	0	0.649		99.9514	55.2765	0.358898	0	3.59073	0.880806	16.9209	1		0	12.0616	39.4673	0	0	0	
2024-06-12 20:14:14	408	874	9	0	0	6	25	0	0	0	25	0	0	4	25	0	0	0	25	0	0	1.732		99.9527	55.1713	0.11399	0	1.14044	0.391093	14.3312	1		0	12.0616	39.4673	0	0	0	
2024-06-12 20:12:07	392	875	1	0	0	5	21	0	0	0	21	0	0	2.5	21	0	0	0	21	0	0	2.165		99.957	55.5093	0.0949081	0	0.949489	0.419675	14.9145	1		0	12.0616	39.5972	0	0	0	
2024-06-12 20:06:22	348	876	1	0	0	1	5	0	0	0	5	0	0	0.25	5	0	0	0	5	0	0	0.649		99.9649	55.9669	0.341462	0	3.41582	0.0245084	16.0967	2		0	12.0616	41.8063	0	0	0	
2024-06-12 20:11:07	384	877	1	0	0	4	17	0	0	0	17	0	0	0.5	17	0	0	0	17	0	0	3.031		99.9522	55.5037	0.0675724	0	0.676047	0.496679	14.8671	1		0	12.0616	39.8571	0	0	0	
2024-06-12 20:17:03	429	878	1	0	0	7.75	32	0	0	0	32	0	0	3	32	0	0	0	32	0	0	4.113		99.9498	54.9913	0.0471594	0	0.471831	0.176386	14.0819	2		0	12.0616	39.3374	0	0	0	
2024-06-12 20:14:50	413	879	1	0	0	6	25	0	0	0	25	0	0	0.25	25	0	0	0	25	0	0	4.979		99.9507	55.257	0.04761	0	0.476335	0.157423	17.2092	1		0.0088623	12.0616	39.4673	0	0	0	
2024-06-12 20:22:31	467	880	1	0	0	5.25	22	0	0	0	22	0	0	2.5	22	0	0	0	22	0	0	2.381		99.9508	54.7896	0.144827	0	1.44899	0.915134	25.0367	2		0	12.0616	39.2074	0	0	0	
2024-06-12 20:10:44	381	881	1	0	0	4	17	0	0	0	17	0	0	2.5	17	0	0	0	17	0	0	1.299		99.9564	55.4528	0.149452	0	1.49518	0.894351	14.0917	1		0	12.0616	40.117	0	0	0	
2024-06-12 20:07:49	359	882	1	0	0	2	9	0	0	0	9	0	0	3	9	0	0	0	9	0	0	0.866		99.9618	56.7011	0.240421	0	2.40513	0.698752	15.1119	1		0.0088623	12.0616	41.1566	0	0	0	
2024-06-12 20:16:30	425	883	1	0	0	7	29	0	0	0	29	0	0	1.5	29	0	0	0	29	0	0	4.762		99.9478	55.139	0.0490969	0	0.491226	0.0564806	16.9755	1		0	12.0616	39.3374	0	0	0	
2024-06-12 20:04:31	334	884	9	0	0	0	1	0	0	0	1	0	0	5.75	1	0	0	0	1	0	0	4.979		99.9637	58.0717	0.0470919	0	0.47109	0.352385	17.0197	1		0	12.0616	43.4956	0	0	0	
2024-06-12 20:04:39	335	885	9	0	0	0	1	0	0	0	1	0	0	4.5	1	0	0	0	1	0	0	3.897		99.9687	57.8799	0.0547248	0	0.54742	0.0750281	15.4779	1		0	12.0616	43.4956	0	0	0	
2024-06-12 20:12:29	395	886	1	0	0	5	21	0	0	0	21	0	0	0	21	0	0	0	21	0	0	4.33		99.9552	55.5526	0.0518248	0	0.51848	0.0629281	16.2885	1		0.0088623	12.0616	39.5972	0	0	0	
2024-06-12 20:18:23	439	887	5	0	0	7.75	32	0	0	0	32	0	0	2.25	32	0	0	0	32	0	0	4.762		99.9461	55.1915	0.0423213	0	0.423441	0.452964	14.6331	1		0	12.0616	39.3374	0	0	0	
2024-06-12 20:12:22	394	888	5	0	0	5	21	0	0	0	21	0	0	7.75	21	0	0	0	21	0	0	2.381		99.9532	55.6016	0.0831598	0	0.831988	0.126949	14.3757	1		0	12.0616	39.7272	0	0	0	
2024-06-12 20:12:22	394	889	9	0	0	5	21	0	0	0	21	0	0	6.5	21	0	0	0	21	0	0	1.299		99.9532	55.6016	0.163542	0	1.63618	0.416453	15.4207	1		0	12.0616	39.7272	0	0	0	
2024-06-12 20:10:09	377	890	1	0	0	3	13	0	0	0	13	0	0	2	13	0	0	0	13	0	0	0.866		99.9545	56.6422	0.238434	0	2.38542	0.748151	14.988	1		0	12.0616	40.3769	0	0	0	
2024-06-12 20:22:13	465	891	1	0	0	4.5	19	0	0	0	19	0	0	3.25	19	0	0	0	19	0	0	1.082		99.952	54.7426	0.191685	0	1.91778	0.18801	15.0622	2		0	12.0616	39.3374	0	0	0	
2024-06-12 20:17:03	429	892	9	0	0	7.75	32	0	0	0	32	0	0	7	32	0	0	0	32	0	0	0.649		99.9498	54.9913	0.341821	0	3.41992	0.127881	16.116	2		0	12.0616	39.3374	0	0	0	
2024-06-12 20:24:34	482	893	9	0	0	5.5	23	0	0	0	23	0	0	4.25	23	0	0	0	23	0	0	1.082		99.951	54.4689	0.196738	0	1.96834	0.882846	15.4593	1		0	12.0616	39.3374	0	0	0	
2024-06-12 20:23:15	472	894	1	0	0	6.75	28	0	0	0	28	0	0	1	28	0	0	0	28	0	0	4.979		99.9504	54.5469	0.052382	0	0.52408	0.483627	18.9341	1		0	12.0616	39.3374	0	0	0	
2024-06-12 20:21:31	460	895	9	0	0	4.25	18	0	0	0	18	0	0	5.5	18	0	0	0	18	0	0	1.082		99.9479	54.7748	0.197027	0	1.9713	0.743272	15.4826	1		0	12.0616	39.3374	0	0	0	
2024-06-12 20:10:44	381	896	5	0	0	4	17	0	0	0	17	0	0	7.75	17	0	0	0	17	0	0	3.247		99.9564	55.4528	0.0626873	0	0.627147	0.12587	14.7768	1		0	12.0616	40.117	0	0	0	
2024-06-12 20:11:14	385	897	5	0	0	4	17	0	0	0	17	0	0	6.5	17	0	0	0	17	0	0	2.165		99.9561	55.4627	0.0925546	0	0.925953	0.172255	14.5448	1		0	12.0616	39.9871	0	0	0	
2024-06-12 20:09:17	370	898	5	0	0	3	13	0	0	0	13	0	0	5	13	0	0	0	13	0	0	1.732		99.9523	56.6554	0.110921	0	1.10974	0.333923	13.9454	1		0	12.0616	40.3769	0	0	0	
2024-06-12 20:08:49	367	899	1	0	0	3	13	0	0	0	13	0	0	3.75	13	0	0	0	13	0	0	0.649		99.9551	56.6065	0.334738	0	3.34888	0.00264728	15.7812	2		0	12.0616	40.5069	0	0	0	
2024-06-12 20:07:56	360	900	5	0	0	2	9	0	0	0	9	0	0	7	9	0	0	0	9	0	0	4.33		99.9623	56.4897	0.0517681	0	0.517876	0.584756	16.2696	1		0	11.9552	41.1566	0	0	0	
2024-06-12 20:15:34	418	901	5	0	0	7	29	0	0	0	29	0	0	6	29	0	0	0	29	0	0	0.866		99.9519	55.0058	0.259739	0	2.59864	0.122384	16.3278	2		0	12.0616	39.2074	0	0	0	
2024-06-12 20:15:34	418	902	9	0	0	7	29	0	0	0	29	0	0	4.75	29	0	0	0	29	0	0	1.948		99.9519	55.0058	0.101418	0	1.01466	0.00470159	14.3445	2		0	12.0616	39.2074	0	0	0	
2024-06-12 20:05:33	342	903	9	0	0	1	5	0	0	0	5	0	0	5.5	5	0	0	0	5	0	0	3.897		99.9634	56.3989	0.0634877	0	0.63511	0.0289921	17.9573	2		0	12.0616	42.586	0	0	0	
2024-06-12 20:06:32	349	904	9	0	0	1	5	0	0	0	5	0	0	4.25	5	0	0	0	5	0	0	2.814		99.9616	55.9912	0.073649	0	0.736773	0.445068	15.0452	1		0	12.0439	41.8063	0	0	0	
2024-06-12 20:14:43	412	905	5	0	0	6	25	0	0	0	25	0	0	3.25	25	0	0	0	25	0	0	2.381		99.9497	55.3077	0.0824974	0	0.825389	0.135208	14.2617	1		0	12.0616	39.4673	0	0	0	
2024-06-12 20:20:36	454	906	1	0	0	0.25	2	0	0	0	2	0	0	1.5	2	0	0	0	2	0	0	1.082		99.9463	54.9648	0.179572	0	1.79669	0.61203	14.1111	1		0	12.0616	39.3374	0	0	0	
2024-06-12 20:16:37	426	907	1	0	0	7	29	0	0	0	29	0	0	0.75	29	0	0	0	29	0	0	5.412		99.9507	55.1918	0.0453028	0	0.453251	0.00338289	17.7991	1		0.0088623	12.0616	39.3374	0	0	0	
2024-06-12 20:03:51	330	908	9	0	0	0	1	0	0	0	1	0	0	5	1	0	0	0	1	0	0	4.33		99.9631	61.3119	0.051836	0	0.518552	0.0758037	16.2908	2		0	12.0261	44.2753	0	0	0	
2024-06-12 20:04:14	332	909	1	0	0	0	1	0	0	0	1	0	0	3.75	1	0	0	0	1	0	0	3.247		99.9674	59.1635	0.0631798	0	0.632004	0.215542	14.8912	1		0	11.9552	44.0154	0	0	0	
2024-06-12 20:24:56	485	910	9	0	0	7.5	31	0	0	0	31	0	0	6.25	31	0	0	0	31	0	0	1.082		99.9538	54.6004	0.192327	0	1.92416	0.130066	15.1123	2		0	12.0616	39.3374	0	0	0	
2024-06-12 20:21:59	463	911	9	0	0	6.25	26	0	0	0	26	0	0	7.5	26	0	0	0	26	0	0	1.082		99.952	54.8411	0.19216	0	1.92252	0.57145	15.0995	1		0	12.0616	39.3374	0	0	0	
2024-06-12 20:13:31	403	912	5	0	0	6	25	0	0	0	25	0	0	7.25	25	0	0	0	25	0	0	1.082		99.9523	55.0729	0.26115	0	2.61274	0.478929	20.5204	2		0	12.0616	39.5972	0	0	0	
2024-06-12 20:17:28	432	913	1	0	0	7.75	32	0	0	0	32	0	0	1.5	32	0	0	0	32	0	0	5.412		99.9457	55.3344	0.0392622	0	0.392835	0.0224891	15.4266	1		0	11.9552	39.3374	0	0	0	
2024-06-12 20:12:15	393	914	5	0	0	5	21	0	0	0	21	0	0	5.75	21	0	0	0	21	0	0	0.649		99.9549	55.6275	0.356742	0	3.56903	0.862247	16.8187	1		0	12.0616	39.7272	0	0	0	
2024-06-12 20:12:29	395	915	5	0	0	5	21	0	0	0	21	0	0	4.5	21	0	0	0	21	0	0	0.433		99.9552	55.5526	0.519093	0	5.19326	0.858807	16.3151	1		0.0088623	12.0616	39.5972	0	0	0	
2024-06-12 20:09:32	372	916	1	0	0	3	13	0	0	0	13	0	0	1.25	13	0	0	0	13	0	0	1.515		99.9539	56.6402	0.122692	0	1.22749	0.406151	13.4969	1		0	12.0616	40.5069	0	0	0	
2024-06-12 20:05:53	344	917	1	0	0	1	5	0	0	0	5	0	0	2.25	5	0	0	0	5	0	0	1.082		99.9644	56.2539	0.178433	0	1.78497	0.556189	14.0191	1		0	12.0616	42.1962	0	0	0	
2024-06-12 20:20:26	453	918	1	0	0	0.5	3	0	0	0	3	0	0	1.25	3	0	0	0	3	0	0	0.649		99.9453	54.9981	0.349409	0	3.49601	0.174673	16.4745	2		0	12.0616	39.2074	0	0	0	
2024-06-12 20:19:07	444	919	9	0	0	2.5	11	0	0	0	11	0	0	5.25	11	0	0	0	11	0	0	2.381		99.9426	55.4117	0.0965683	0	0.966238	0.0776315	16.6954	2		0.0088623	12.0616	39.3374	0	0	0	
2024-06-12 20:17:28	432	920	9	0	0	7.75	32	0	0	0	32	0	0	7.5	32	0	0	0	32	0	0	0.216		99.9457	55.3344	0.935652	0	9.36161	0.828336	14.7052	1		0	11.9552	39.3374	0	0	0	
2024-06-12 20:17:35	433	921	5	0	0	7.75	32	0	0	0	32	0	0	6.25	32	0	0	0	32	0	0	1.299		99.9439	55.2284	0.154468	0	1.54555	0.705569	14.5665	1		0	12.0616	39.0775	0	0	0	
2024-06-12 20:22:06	464	922	1	0	0	4.25	18	0	0	0	18	0	0	3.5	18	0	0	0	18	0	0	0.649		99.9538	54.8528	0.352537	0	3.527	0.81134	16.6206	1		0	12.0616	39.3374	0	0	0	
2024-06-12 20:15:09	415	923	1	0	0	6	25	0	0	0	25	0	0	2.25	25	0	0	0	25	0	0	3.247		99.9508	55.1065	0.0651348	0	0.651668	0.194876	15.3546	1		0	12.0616	39.4673	0	0	0	
2024-06-12 20:24:27	481	924	9	0	0	5.25	22	0	0	0	22	0	0	4.5	22	0	0	0	22	0	0	0.649		99.9543	54.9315	0.350172	0	3.50332	0.730519	16.509	1		0	12.0616	39.3374	0	0	0	
2024-06-12 20:10:52	382	925	9	0	0	4	17	0	0	0	17	0	0	5.75	17	0	0	0	17	0	0	1.515		99.9547	55.4764	0.131633	0	1.31693	0.312553	14.4804	1		0	12.0616	40.117	0	0	0	
2024-06-12 20:10:52	382	926	5	0	0	4	17	0	0	0	17	0	0	4.5	17	0	0	0	17	0	0	0.433		99.9547	55.4764	0.558885	0	5.59138	0.594891	17.5658	1		0	12.0616	40.117	0	0	0	
2024-06-12 20:03:51	330	927	1	0	0	0	1	0	0	0	1	0	0	2	1	0	0	0	1	0	0	1.732		99.9631	61.3119	0.140254	0	1.40306	0.278318	17.6313	2		0	12.0261	44.2753	0	0	0	
2024-06-12 20:08:03	361	928	5	0	0	2	9	0	0	0	9	0	0	7.5	9	0	0	0	9	0	0	4.762		99.9638	56.4955	0.0505983	0	0.506166	0.293183	17.4919	1		0	12.0616	41.1566	0	0	0	
2024-06-12 20:07:41	358	929	5	0	0	2	9	0	0	0	9	0	0	6.25	9	0	0	0	9	0	0	3.68		99.962	56.7188	0.0596184	0	0.596411	0.0279614	15.9263	1		0.0088623	12.0616	41.2865	0	0	0	
2024-06-12 20:16:01	421	930	9	0	0	7	29	0	0	0	29	0	0	5.25	29	0	0	0	29	0	0	1.515		99.9522	55.0895	0.13258	0	1.32644	0.250868	14.5849	1		0	12.0616	39.3374	0	0	0	
2024-06-12 20:15:15	416	931	9	0	0	7	29	0	0	0	29	0	0	4	29	0	0	0	29	0	0	2.598		99.9509	54.7923	0.0756561	0	0.756933	0.0384891	14.2678	2		0	11.9552	39.2074	0	0	0	
2024-06-12 20:06:40	350	932	1	0	0	1	5	0	0	0	5	0	0	3.5	5	0	0	0	5	0	0	2.165		99.9631	56.0408	0.0854572	0	0.854887	0.54629	13.4285	1		0	12.0616	41.8063	0	0	0	
2024-06-12 20:14:58	414	933	1	0	0	6	25	0	0	0	25	0	0	2.5	25	0	0	0	25	0	0	3.031		99.9506	55.1013	0.0768395	0	0.768774	0.255542	16.9062	2		0	12.0616	39.4673	0	0	0	
2024-06-12 20:24:19	480	934	1	0	0	3.75	16	0	0	0	16	0	0	2	16	0	0	0	16	0	0	1.515		99.9531	54.8137	0.131063	0	1.31125	0.610103	14.4179	1		0	12.0616	39.0775	0	0	0	
2024-06-12 20:13:16	401	935	1	0	0	5	21	0	0	0	21	0	0	2	21	0	0	0	21	0	0	2.598		99.9527	55.6822	0.0773928	0	0.774295	0.310911	14.5951	1		0	12.0616	39.5972	0	0	0	
2024-06-12 20:07:41	358	936	1	0	0	2	9	0	0	0	9	0	0	1.75	9	0	0	0	9	0	0	0.216		99.962	56.7188	0.850345	0	8.50669	0.661591	13.3623	1		0.0088623	12.0616	41.2865	0	0	0	
2024-06-12 20:15:26	417	937	1	0	0	7	29	0	0	0	29	0	0	0	29	0	0	0	29	0	0	6.061		99.9492	55.0617	0.040838	0	0.408587	0.399597	17.9706	1		0	12.0616	39.3374	0	0	0	
2024-06-12 20:05:11	339	938	1	0	0	0	1	0	0	0	1	0	0	3	1	0	0	0	1	0	0	2.598		99.9651	57.34	0.0805473	0	0.805754	0.361257	15.1881	1		0	12.0616	42.9758	0	0	0	
2024-06-12 20:08:49	367	939	9	0	0	3	13	0	0	0	13	0	0	7	13	0	0	0	13	0	0	3.464		99.9551	56.6065	0.0611007	0	0.611282	0.216643	15.3632	2		0	12.0616	40.5069	0	0	0	
2024-06-12 20:14:00	406	940	5	0	0	6	25	0	0	0	25	0	0	7.75	25	0	0	0	25	0	0	1.515		99.9513	55.4152	0.135885	0	1.35951	0.462301	14.9486	1		0	12.0616	39.4673	0	0	0	
2024-06-12 20:13:41	404	941	9	0	0	6	25	0	0	0	25	0	0	6.5	25	0	0	0	25	0	0	0.433		99.9519	54.9522	0.567326	0	5.67599	0.0608438	17.8317	2		0	12.0616	39.5972	0	0	0	
2024-06-12 20:18:08	437	942	1	0	0	7.75	32	0	0	0	32	0	0	0.75	32	0	0	0	32	0	0	6.061		99.9456	55.2964	0.0365444	0	0.365643	0.264087	16.0818	1		0	12.0616	39.3374	0	0	0	
2024-06-12 20:13:09	400	943	1	0	0	5	21	0	0	0	21	0	0	3.75	21	0	0	0	21	0	0	1.082		99.9533	55.5793	0.192338	0	1.92428	0.605274	15.1133	1		0	12.0616	39.7272	0	0	0	
2024-06-12 20:09:47	374	944	5	0	0	3	13	0	0	0	13	0	0	0.5	13	0	0	0	13	0	0	2.165		99.9544	56.7286	0.0884073	0	0.884476	0.412091	13.8933	1		0	12.0616	40.3769	0	0	0	
2024-06-12 20:06:09	346	945	1	0	0	1	5	0	0	0	5	0	0	1.5	5	0	0	0	5	0	0	0.433		99.9659	56.2774	0.511193	0	5.11367	0.723549	16.0651	1		0	12.0616	42.1962	0	0	0	
2024-06-12 20:26:13	493	946	1	0	0	2	9	0	0	5.75	9	0	0	3.25	9	0	0	4.5	9	0	0	0.649		99.9548	20.8151	0.17473	0	1.74809	0.461446	13.7295	2		0	12.0616	39.3374	0	0	0	
2024-06-12 20:11:14	385	947	1	0	0	4	17	0	0	0	17	0	0	1.75	17	0	0	0	17	0	0	1.948		99.9561	55.4627	0.0963588	0	0.964012	0.258187	13.6284	1		0	12.0616	39.9871	0	0	0	
2024-06-12 20:20:53	456	948	1	0	0	2.5	11	0	0	0	11	0	0	3.25	11	0	0	0	11	0	0	0.649		99.9452	55.2483	0.33144	0	3.31622	0.37483	15.6273	2		0	11.9552	39.3374	0	0	0	
2024-06-12 20:16:52	428	949	5	0	0	7.75	32	0	0	0	32	0	0	5.5	32	0	0	0	32	0	0	1.948		99.9495	55.1729	0.0971142	0	0.971633	0.266733	13.7361	2		0	12.0616	39.0775	0	0	0	
2024-06-12 20:17:12	430	950	5	0	0	7.75	32	0	0	0	32	0	0	4.25	32	0	0	0	32	0	0	3.031		99.9493	55.2395	0.0627706	0	0.628024	0.257991	13.811	1		0	11.9552	39.3374	0	0	0	
2024-06-12 20:14:36	411	951	5	0	0	6	25	0	0	0	25	0	0	1.5	25	0	0	0	25	0	0	3.897		99.9525	55.3404	0.057504	0	0.575313	0.0682232	16.2666	1		0	12.0616	39.4673	0	0	0	
2024-06-12 20:10:16	378	952	5	0	0	4	17	0	0	0	17	0	0	5	17	0	0	0	17	0	0	0.866		99.9558	55.2408	0.255697	0	2.5581	0.0854972	16.073	2		0	12.0616	40.117	0	0	0	
2024-06-12 20:11:21	386	953	1	0	0	4	17	0	0	0	17	0	0	3.75	17	0	0	0	17	0	0	0.216		99.9537	55.3559	0.944098	0	9.44535	0.678292	14.8367	1		0	12.0616	39.9871	0	0	0	
2024-06-12 20:05:04	338	954	5	0	0	0	1	0	0	0	1	0	0	1.25	1	0	0	0	1	0	0	1.082		99.9666	57.2744	0.181123	0	1.81184	0.53426	14.2301	1		0	12.0616	42.9758	0	0	0	
2024-06-12 20:07:16	355	955	9	0	0	2	9	0	0	0	9	0	0	5.5	9	0	0	0	9	0	0	3.031		99.9623	56.4512	0.120264	0	1.20309	0.436632	26.4574	2		0	12.0616	41.2865	0	0	0	
2024-06-12 20:07:09	354	956	5	0	0	2	9	0	0	0	9	0	0	4.25	9	0	0	0	9	0	0	1.948		99.9601	56.8798	0.102803	0	1.02844	0.0354171	14.5392	1		0	12.0616	41.5464	0	0	0	
2024-06-12 20:15:34	418	957	1	0	0	7	29	0	0	0	29	0	0	3.25	29	0	0	0	29	0	0	3.247		99.9519	55.0058	0.0615456	0	0.615752	0.120824	14.5083	2		0	12.0616	39.2074	0	0	0	
2024-06-12 20:05:44	343	958	1	0	0	1	5	0	0	0	5	0	0	2.75	5	0	0	0	5	0	0	1.515		99.9629	56.1678	0.121853	0	1.21899	0.072216	13.4034	2		0	12.0616	42.4561	0	0	0	
2024-06-12 20:04:46	336	959	9	0	0	0	1	0	0	0	1	0	0	7	1	0	0	0	1	0	0	6.061		99.9651	57.8109	0.0409291	0	0.409434	0.740008	18.0078	1		0	12.0616	43.2357	0	0	0	
2024-06-12 20:11:57	391	960	1	0	0	5	21	0	0	0	21	0	0	1.25	21	0	0	0	21	0	0	3.247		99.9531	55.4022	0.0698411	0	0.698739	0.238574	16.4636	2		0	12.0616	39.8571	0	0	0	
2024-06-12 20:07:56	360	961	1	0	0	2	9	0	0	0	9	0	0	1	9	0	0	0	9	0	0	0.866		99.9623	56.4897	0.231262	0	2.31349	0.746609	14.5361	1		0	11.9552	41.1566	0	0	0	
2024-06-12 20:08:49	367	962	5	0	0	3	13	0	0	0	13	0	0	7.5	13	0	0	0	13	0	0	3.897		99.9551	56.6065	0.0561503	0	0.561755	0.272807	15.8833	2		0	12.0616	40.5069	0	0	0	
2024-06-12 20:09:32	372	963	9	0	0	3	13	0	0	0	13	0	0	6.25	13	0	0	0	13	0	0	2.814		99.9539	56.6402	0.074003	0	0.740372	0.0277259	15.1186	1		0	12.0616	40.5069	0	0	0	
2024-06-12 20:15:44	419	964	5	0	0	7	29	0	0	0	29	0	0	7.25	29	0	0	0	29	0	0	0.216		99.9502	54.6979	0.793768	0	7.94163	0.230694	12.4747	2		0	12.0616	39.3374	0	0	0	
2024-06-12 20:05:44	343	965	5	0	0	1	5	0	0	0	5	0	0	6.75	5	0	0	0	5	0	0	4.979		99.9629	56.1678	0.0524734	0	0.524929	0.116741	18.9648	2		0	12.0616	42.4561	0	0	0	
2024-06-12 20:14:07	407	966	9	0	0	6	25	0	0	0	25	0	0	5.75	25	0	0	0	25	0	0	0.216		99.9512	55.281	0.934486	0	9.34942	0.881461	14.686	1		0.0088623	12.0616	39.5972	0	0	0	
2024-06-12 20:13:41	404	967	5	0	0	6	25	0	0	0	25	0	0	4.5	25	0	0	0	25	0	0	1.299		99.9519	54.9522	0.159864	0	1.5994	0.166222	15.074	2		0	12.0616	39.5972	0	0	0	
2024-06-12 20:18:08	437	968	5	0	0	7.75	32	0	0	0	32	0	0	0	32	0	0	0	32	0	0	6.711		99.9456	55.2964	0.0339132	0	0.339316	0.266925	16.5229	1		0	12.0616	39.3374	0	0	0	
2024-06-12 20:13:24	402	969	1	0	0	5	21	0	0	0	21	0	0	3	21	0	0	0	21	0	0	1.732		99.9514	55.5746	0.109368	0	1.09421	0.316593	13.7502	1		0	12.0616	39.5972	0	0	0	
2024-06-12 20:06:48	351	970	5	0	0	1	5	0	0	0	5	0	0	0.75	5	0	0	0	5	0	0	0.216		99.9612	56.1235	0.884939	0	8.85282	0.787383	13.906	1		0	12.0616	41.8063	0	0	0	
2024-06-12 20:22:53	469	971	1	0	0	5.75	24	0	0	0	24	0	0	2	24	0	0	0	24	0	0	3.247		99.9476	54.9314	0.0671512	0	0.671864	0.247831	15.8304	1		0	12.0616	39.3374	0	0	0	
2024-06-12 20:11:28	387	972	1	0	0	4	17	0	0	0	17	0	0	1	17	0	0	0	17	0	0	2.598		99.948	55.3954	0.0740619	0	0.741005	0.40161	13.9676	1		0	12.0616	39.8571	0	0	0	
2024-06-12 20:17:42	434	973	1	0	0	7.75	32	0	0	0	32	0	0	3.5	32	0	0	0	32	0	0	3.68		99.944	54.8749	0.0517561	0	0.517851	0.123801	13.8285	2		0	12.0616	39.3374	0	0	0	
2024-06-12 20:13:52	405	974	1	0	0	6	25	0	0	0	25	0	0	0.75	25	0	0	0	25	0	0	4.546		99.9514	55.2765	0.0546242	0	0.546507	0.160845	18.0275	1		0	12.0616	39.4673	0	0	0	
2024-06-12 20:11:43	389	975	5	0	0	4	17	0	0	0	17	0	0	3	17	0	0	0	17	0	0	0.866		99.9549	55.4948	0.243111	0	2.43221	0.454801	15.282	1		0.0088623	12.0616	39.9871	0	0	0	
2024-06-12 20:05:18	340	976	5	0	0	0	1	0	0	0	1	0	0	0.5	1	0	0	0	1	0	0	0.433		99.9639	57.416	0.502831	0	5.03012	0.815407	15.8026	1		0	12.0705	42.8459	0	0	0	
2024-06-12 20:25:14	487	977	1	0	0	3.5	15	0	0	4.25	15	0	0	2.75	15	0	0	5	15	0	0	0.389		99.9546	19.5616	0.352583	0	3.52743	0.0651835	16.6226	1		0	12.0616	39.3374	0	0	0	
2024-06-12 20:07:34	357	978	1	0	0	2	9	0	0	0	9	0	0	3.5	9	0	0	0	9	0	0	1.299		99.9591	56.635	0.152644	0	1.52706	0.453394	14.3922	1		0	12.0616	41.2865	0	0	0	
2024-06-12 20:15:54	420	979	1	0	0	7	29	0	0	0	29	0	0	2.5	29	0	0	0	29	0	0	3.897		99.9501	54.9146	0.0563757	0	0.564038	0.369494	15.9478	1		0	12.0616	39.3374	0	0	0	
2024-06-12 20:16:16	423	980	1	0	0	7	29	0	0	0	29	0	0	2	29	0	0	0	29	0	0	4.33		99.9512	55.0435	0.0511841	0	0.512091	0.212207	16.0878	1		0.0088623	12.0616	39.3374	0	0	0	
2024-06-12 20:04:54	337	981	5	0	0	0	1	0	0	0	1	0	0	7.5	1	0	0	0	1	0	0	6.494		99.9665	57.3251	0.0392286	0	0.392417	0.0849148	18.4922	2		0	12.0616	43.2357	0	0	0	
2024-06-12 20:04:46	336	982	5	0	0	0	1	0	0	0	1	0	0	6.25	1	0	0	0	1	0	0	5.412		99.9651	57.8109	0.0443213	0	0.443368	0.272737	17.411	1		0	12.0616	43.2357	0	0	0	
2024-06-12 20:12:47	397	983	1	0	0	5	21	0	0	0	21	0	0	0.5	21	0	0	0	21	0	0	3.897		99.9556	55.7747	0.0623581	0	0.623858	0.058059	17.6392	1		0	12.0616	39.7272	0	0	0	
2024-06-12 20:23:40	475	984	1	0	0	1.25	6	0	0	0	6	0	0	0.5	6	0	0	0	6	0	0	0.649		99.9496	54.7336	0.338857	0	3.39028	0.921716	15.9763	1		0	12.0616	39.3374	0	0	0	
2024-06-12 20:12:07	392	985	5	0	0	5	21	0	0	0	21	0	0	7	21	0	0	0	21	0	0	1.732		99.957	55.5093	0.116836	0	1.16886	0.331493	14.6884	1		0	12.0616	39.5972	0	0	0	
2024-06-12 20:08:10	362	986	1	0	0	2	9	0	0	0	9	0	0	0.25	9	0	0	0	9	0	0	1.515		99.9617	56.4064	0.129236	0	1.29286	0.486375	14.2157	1		0	12.0616	41.0267	0	0	0	
2024-06-12 20:10:27	379	987	5	0	0	4	17	0	0	0	17	0	0	7	17	0	0	0	17	0	0	2.598		99.953	55.1117	0.0785055	0	0.785424	0.112658	14.8049	2		0	12.0616	39.9871	0	0	0	
2024-06-12 20:09:32	372	988	5	0	0	3	13	0	0	0	13	0	0	5.5	13	0	0	0	13	0	0	2.165		99.9539	56.6402	0.094029	0	0.940724	0.24035	14.7769	1		0	12.0616	40.5069	0	0	0	
2024-06-12 20:08:39	366	989	5	0	0	3	13	0	0	0	13	0	0	4.25	13	0	0	0	13	0	0	1.082		99.956	57.0712	0.186113	0	1.86195	0.0829311	14.6237	2		0	12.0616	40.8967	0	0	0	
2024-06-12 20:15:15	416	990	5	0	0	7	29	0	0	0	29	0	0	7.75	29	0	0	0	29	0	0	0.649		99.9509	54.7923	0.348394	0	3.48565	0.137884	16.4257	2		0	11.9552	39.2074	0	0	0	
2024-06-12 20:16:09	422	991	5	0	0	7	29	0	0	0	29	0	0	6.5	29	0	0	0	29	0	0	0.433		99.9483	55.0304	0.535276	0	5.35553	0.682811	16.8249	1		0	12.0705	39.0775	0	0	0	
2024-06-12 20:05:53	344	992	5	0	0	1	5	0	0	0	5	0	0	6	5	0	0	0	5	0	0	4.33		99.9644	56.2539	0.0587276	0	0.587485	0.183704	18.4564	1		0	12.0616	42.1962	0	0	0	
2024-06-12 20:06:16	347	993	9	0	0	1	5	0	0	0	5	0	0	4.75	5	0	0	0	5	0	0	3.247		99.968	56.2581	0.0710657	0	0.710884	0.644435	16.7498	1		0	12.0705	41.8063	0	0	0	
2024-06-12 20:21:11	458	994	9	0	0	4.75	20	0	0	0	20	0	0	5	20	0	0	0	20	0	0	0.216		99.9444	54.4149	0.888456	0	8.8895	0.208745	13.9636	2		0	12.0616	39.3374	0	0	0	
2024-06-12 20:14:07	407	995	5	0	0	6	25	0	0	0	25	0	0	5	25	0	0	0	25	0	0	0.866		99.9512	55.281	0.258007	0	2.58133	0.958372	16.219	1		0.0088623	12.0616	39.5972	0	0	0	
2024-06-12 20:14:14	408	996	1	0	0	6	25	0	0	0	25	0	0	3.75	25	0	0	0	25	0	0	1.948		99.9527	55.1713	0.10212	0	1.02168	0.537959	14.4437	1		0	12.0616	39.4673	0	0	0	
2024-06-12 20:06:32	349	997	1	0	0	1	5	0	0	0	5	0	0	0	5	0	0	0	5	0	0	0.866		99.9616	55.9912	0.238633	0	2.38725	0.656397	14.9995	1		0	12.0439	41.8063	0	0	0	
2024-06-12 20:19:55	449	998	9	0	0	0.75	4	0	0	0	4	0	0	7	4	0	0	0	4	0	0	5.412		99.9473	55.3889	0.0450941	0	0.451179	0.544864	17.7177	1		0	12.0616	39.2074	0	0	0	
2024-06-12 20:11:28	387	999	5	0	0	4	17	0	0	0	17	0	0	0.25	17	0	0	0	17	0	0	3.247		99.948	55.3954	0.0608918	0	0.609235	0.278574	14.3548	1		0	12.0616	39.8571	0	0	0	
2024-06-12 20:18:00	436	1000	5	0	0	7.75	32	0	0	0	32	0	0	2.75	32	0	0	0	32	0	0	4.33		99.9467	55.1864	0.0460288	0	0.460534	0.0203384	14.4681	1		0	12.0616	39.0775	0	0	0	
2024-06-12 20:14:07	407	1001	1	0	0	6	25	0	0	0	25	0	0	0	25	0	0	0	25	0	0	5.195		99.9512	55.281	0.0514833	0	0.515084	0.275475	19.4182	1		0.0088623	12.0616	39.5972	0	0	0	
2024-06-12 20:08:03	361	1002	1	0	0	2	9	0	0	0	9	0	0	2.75	9	0	0	0	9	0	0	0.649		99.9638	56.4955	0.342606	0	3.4273	0.72164	16.1508	1		0	12.0616	41.1566	0	0	0	
2024-06-12 20:16:37	426	1003	5	0	0	7	29	0	0	0	29	0	0	1.25	29	0	0	0	29	0	0	4.979		99.9507	55.1918	0.0502263	0	0.502511	0.0279591	18.1549	1		0.0088623	12.0616	39.3374	0	0	0	
2024-06-12 20:04:14	332	1004	5	0	0	0	1	0	0	0	1	0	0	5.5	1	0	0	0	1	0	0	4.762		99.9674	59.1635	0.0721676	0	0.721911	0.105178	24.9475	1		0	11.9552	44.0154	0	0	0	
2024-06-12 20:04:07	331	1005	9	0	0	0	1	0	0	0	1	0	0	4.25	1	0	0	0	1	0	0	3.68		99.9657	59.7058	0.0572106	0	0.572302	0.514217	15.2825	1		0	12.0616	44.0154	0	0	0	
