Time	MeasID	DPID	Channel	A(x)	A(y)	A(z)	A(adr)	B(x)	B(y)	B(z)	B(adr)	M(x)	M(y)	M(z)	M(adr)	N(x)	N(y)	N(z)	N(adr)	F(x)	F(y)	F(z)	Note	I(mA)	Uout(V)	U(V)	SP(V)	R(Ohm)	Var(%)	Rho-a(Ohm-m)	Cycles	IP Delay Window(mV/V)	Pint(V)	Pext(V)	T int(deg C)	T log(deg C)	Latitude	Longitude
2024-06-12 22:17:28	598	1006	1	0	0	7.75	32	0	0	0	32	0	0	2	32	0	0	0	32	0	0	4.979		99.9471	56.0772	0.0417611	0	0.417832	0.396299	15.0956	1		0	12.0616	39.2074	0	0	0	
2024-06-12 22:12:31	561	1007	9	0	0	5	21	0	0	0	21	0	0	7.5	21	0	0	0	21	0	0	2.165		99.9492	56.5496	0.0918273	0	0.91874	0.00466412	14.4315	1		0	12.0616	39.5972	0	0	0	
2024-06-12 22:12:46	563	1008	5	0	0	5	21	0	0	0	21	0	0	6.25	21	0	0	0	21	0	0	1.082		99.9503	56.3627	0.198667	0	1.98766	0.577053	15.611	1		0	12.0616	39.5972	0	0	0	
2024-06-12 22:09:52	540	1009	5	0	0	3	13	0	0	0	13	0	0	1.75	13	0	0	0	13	0	0	1.082		99.9564	57.6	0.180746	0	1.80825	0.752075	14.202	1		0.0088623	12.0616	40.247	0	0	0	
2024-06-12 22:17:42	600	1010	5	0	0	7.75	32	0	0	0	32	0	0	6.75	32	0	0	0	32	0	0	0.866		99.9499	56.1835	0.246576	0	2.467	0.53567	15.5006	1		0	12.0439	39.0775	0	0	0	
2024-06-12 22:24:09	645	1011	1	0	0	3.25	14	0	0	0	14	0	0	2.5	14	0	0	0	14	0	0	0.649		99.9508	55.8182	0.314109	0	3.14263	0.213786	14.8093	2		0	12.0705	39.2074	0	0	0	
2024-06-12 22:10:35	546	1012	9	0	0	4	17	0	0	0	17	0	0	7.5	17	0	0	0	17	0	0	3.031		99.9557	56.3547	0.0685917	0	0.686221	0.323712	15.0908	1		0	12.0616	40.117	0	0	0	
2024-06-12 22:10:28	545	1013	5	0	0	4	17	0	0	0	17	0	0	6.25	17	0	0	0	17	0	0	1.948		99.9568	56.5027	0.101871	0	1.01915	0.341414	14.4079	1		0	12.0616	40.117	0	0	0	
2024-06-12 22:09:44	539	1014	1	0	0	3	13	0	0	0	13	0	0	3.5	13	0	0	0	13	0	0	0.433		99.9532	57.5196	0.498905	0	4.99139	0.916869	15.6809	1		0	12.0616	40.3769	0	0	0	
2024-06-12 22:07:58	525	1015	5	0	0	2	9	0	0	0	9	0	0	6.75	9	0	0	0	9	0	0	4.113		99.9635	56.9875	0.0542167	0	0.542365	0.371748	16.187	1		0	12.0705	41.0267	0	0	0	
2024-06-12 22:16:08	588	1016	5	0	0	7	29	0	0	0	29	0	0	5.75	29	0	0	0	29	0	0	1.082		99.9494	55.8588	0.196365	0	1.96465	0.407322	15.4303	1		0	12.0616	39.2074	0	0	0	
2024-06-12 22:15:25	583	1017	9	0	0	7	29	0	0	0	29	0	0	4.5	29	0	0	0	29	0	0	2.165		99.9486	56.0211	0.0899709	0	0.900172	0.478203	14.1399	1		0	12.0616	39.3374	0	0	0	
2024-06-12 22:06:11	512	1018	5	0	0	1	5	0	0	0	5	0	0	5.25	5	0	0	0	5	0	0	3.68		99.9645	57.1056	0.0619232	0	0.619452	0.0272684	16.5416	1		0	12.0616	42.0662	0	0	0	
2024-06-12 22:06:19	513	1019	5	0	0	1	5	0	0	0	5	0	0	4	5	0	0	0	5	0	0	2.598		99.9607	56.9717	0.0736102	0	0.736391	0.157803	13.8806	1		0.0088623	12.0616	41.9363	0	0	0	
2024-06-12 22:22:33	633	1020	1	0	0	4.75	20	0	0	0	20	0	0	3	20	0	0	0	20	0	0	1.515		99.947	55.4508	0.126768	0	1.26835	0.55417	13.9463	1		0	12.0616	38.9475	0	0	0	
2024-06-12 22:14:20	575	1021	1	0	0	6	25	0	0	0	25	0	0	3	25	0	0	0	25	0	0	2.598		99.9483	56.037	0.0781419	0	0.781823	0.0797422	14.737	1		0	12.0616	39.4673	0	0	0	
2024-06-12 22:08:44	531	1022	1	0	0	2	9	0	0	0	9	0	0	2.25	9	0	0	0	9	0	0	0.216		99.9582	57.0042	0.853031	0	8.53387	0.727646	13.405	1		0.0088623	12.0616	40.6368	0	0	0	
2024-06-12 22:16:23	590	1023	1	0	0	7	29	0	0	0	29	0	0	0.5	29	0	0	0	29	0	0	5.628		99.9455	56.0503	0.045284	0	0.453087	0.306972	18.5044	1		0	12.0616	39.2074	0	0	0	
2024-06-12 22:04:50	502	1024	1	0	0	0	1	0	0	0	1	0	0	3.5	1	0	0	0	1	0	0	3.031		99.964	58.5965	0.0746956	0	0.747225	0.567319	16.4323	1		0	12.0616	43.1058	0	0	0	
2024-06-12 22:24:02	644	1025	1	0	0	1.75	8	0	0	0	8	0	0	0	8	0	0	0	8	0	0	1.515		99.9477	55.8389	0.124921	0	1.24987	0.495098	13.743	1		0	12.0616	39.2074	0	0	0	
2024-06-12 22:14:34	577	1026	5	0	0	6	25	0	0	0	25	0	0	7	25	0	0	0	25	0	0	0.866		99.9447	56.0329	0.261843	0	2.61988	0.133968	16.4612	2		0	12.0616	39.3374	0	0	0	
2024-06-12 22:23:16	638	1027	1	0	0	6.5	27	0	0	0	27	0	0	1.25	27	0	0	0	27	0	0	4.546		99.9496	55.4104	0.0600595	0	0.600898	0.725712	19.8216	1		0	12.0616	39.2074	0	0	0	
2024-06-12 22:17:42	600	1028	1	0	0	7.75	32	0	0	0	32	0	0	1.25	32	0	0	0	32	0	0	5.628		99.9499	56.1835	0.0393834	0	0.394031	0.345725	16.0925	1		0	12.0439	39.0775	0	0	0	
2024-06-12 22:12:24	560	1029	1	0	0	5	21	0	0	0	21	0	0	5.5	21	0	0	0	21	0	0	0.433		99.9478	56.1995	0.527523	0	5.27799	0.861376	16.5813	1		0	12.0616	39.7272	0	0	0	
2024-06-12 22:12:06	558	1030	5	0	0	5	21	0	0	0	21	0	0	4.25	21	0	0	0	21	0	0	0.649		99.9519	56.4473	0.343735	0	3.43901	0.898345	16.2059	1		0	12.0616	39.7272	0	0	0	
2024-06-12 22:10:06	542	1031	5	0	0	3	13	0	0	0	13	0	0	1	13	0	0	0	13	0	0	1.732		99.9574	57.5055	0.106473	0	1.06519	0.366571	13.3855	1		0	12.0616	39.9871	0	0	0	
2024-06-12 22:05:33	508	1032	1	0	0	1	5	0	0	0	5	0	0	2	5	0	0	0	5	0	0	0.866		99.9665	57.2505	0.228063	0	2.2814	0.192618	14.3344	2		0	12.0616	42.4561	0	0	0	
2024-06-12 22:19:28	613	1033	9	0	0	1.75	8	0	0	0	8	0	0	6	8	0	0	0	8	0	0	3.68		99.9488	56.1488	0.0621193	0	0.621511	0.122578	16.5965	1		0	12.0616	39.0775	0	0	0	
2024-06-12 22:11:19	552	1034	1	0	0	4	17	0	0	0	17	0	0	2.25	17	0	0	0	17	0	0	1.515		99.9487	56.179	0.122928	0	1.22991	0.3611	13.5236	1		0	12.0616	39.5972	0	0	0	
2024-06-12 22:17:28	598	1035	5	0	0	7.75	32	0	0	0	32	0	0	6	32	0	0	0	32	0	0	1.515		99.9471	56.0772	0.128997	0	1.29065	0.59289	14.1915	1		0	12.0616	39.2074	0	0	0	
2024-06-12 22:16:52	594	1036	5	0	0	7.75	32	0	0	0	32	0	0	4.75	32	0	0	0	32	0	0	2.598		99.9459	55.8038	0.0718187	0	0.718575	0.141316	13.5448	2		0	12.0616	39.2074	0	0	0	
2024-06-12 22:14:45	578	1037	5	0	0	6	25	0	0	0	25	0	0	2	25	0	0	0	25	0	0	3.464		99.9495	56.079	0.065598	0	0.656312	0.16098	16.4949	1		0.0088623	12.0616	39.3374	0	0	0	
2024-06-12 22:10:50	548	1038	9	0	0	4	17	0	0	0	17	0	0	5.5	17	0	0	0	17	0	0	1.299		99.9544	56.3148	0.160339	0	1.60412	0.125701	15.1185	1		0	12.0616	39.9871	0	0	0	
2024-06-12 22:11:05	550	1039	5	0	0	4	17	0	0	0	17	0	0	4.25	17	0	0	0	17	0	0	0.216		99.9517	56.2316	0.956889	0	9.57351	0.433626	15.038	1		0	12.0616	39.9871	0	0	0	
2024-06-12 22:04:57	503	1040	1	0	0	0	1	0	0	0	1	0	0	1.75	1	0	0	0	1	0	0	1.515		99.9637	58.4923	0.123914	0	1.23959	0.34007	13.63	1		0	12.0616	42.8459	0	0	0	
2024-06-12 22:25:12	653	1041	1	0	0	3.75	16	0	0	4	16	0	0	3.5	16	0	0	4.25	16	0	0	0.13		99.9558	18.5572	0.69044	0	6.90745	0.238988	10.8502	1		0	12.0616	39.0775	0	0	0	
2024-06-12 22:09:59	541	1042	1	0	0	3	13	0	0	0	13	0	0	2.75	13	0	0	0	13	0	0	0.216		99.9554	57.6977	0.839977	0	8.40351	0.97922	13.2002	1		0	12.0616	40.247	0	0	0	
2024-06-12 22:08:16	527	1043	9	0	0	2	9	0	0	0	9	0	0	6	9	0	0	0	9	0	0	3.464		99.9596	56.8991	0.0662969	0	0.663237	0.179965	16.669	1		0	12.0616	40.8967	0	0	0	
2024-06-12 22:07:31	522	1044	5	0	0	2	9	0	0	0	9	0	0	4.75	9	0	0	0	9	0	0	2.381		99.963	57.216	0.0836371	0	0.83668	0.377103	14.4568	1		0	12.0616	41.2865	0	0	0	
2024-06-12 22:16:08	588	1045	9	0	0	7	29	0	0	0	29	0	0	5	29	0	0	0	29	0	0	1.732		99.9494	55.8588	0.113373	0	1.1343	0.251615	14.2541	1		0	12.0616	39.2074	0	0	0	
2024-06-12 22:15:25	583	1046	1	0	0	7	29	0	0	0	29	0	0	3.75	29	0	0	0	29	0	0	2.814		99.9486	56.0211	0.0705272	0	0.705635	0.386203	14.4093	1		0	12.0616	39.3374	0	0	0	
2024-06-12 22:06:55	518	1047	5	0	0	1	5	0	0	0	5	0	0	3.25	5	0	0	0	5	0	0	1.948		99.9619	56.7904	0.0941259	0	0.941618	0.422096	13.3118	1		0	12.0616	41.6764	0	0	0	
2024-06-12 22:19:04	610	1048	9	0	0	2.75	12	0	0	0	12	0	0	5	12	0	0	0	12	0	0	1.948		99.9459	56.2295	0.0964562	0	0.965084	0.666353	13.6436	1		0	12.0616	39.0775	0	0	0	
2024-06-12 22:13:22	568	1049	5	0	0	5	21	0	0	0	21	0	0	1.75	21	0	0	0	21	0	0	2.814		99.9465	56.29	0.0740666	0	0.741063	0.175838	15.1328	1		0	12.0616	39.5972	0	0	0	
2024-06-12 22:08:29	529	1050	1	0	0	2	9	0	0	0	9	0	0	1.5	9	0	0	0	9	0	0	0.433		99.9605	56.8841	0.495279	0	4.95475	0.63717	15.5658	1		0	11.9552	40.6368	0	0	0	
2024-06-12 22:04:40	501	1051	1	0	0	0	1	0	0	0	1	0	0	2.75	1	0	0	0	1	0	0	2.381		99.9638	58.5774	0.109901	0	1.09941	0.12804	18.9964	2		0.0088623	12.0705	43.3657	0	0	0	
2024-06-12 22:18:53	609	1052	9	0	0	3.25	14	0	0	0	14	0	0	4.5	14	0	0	0	14	0	0	1.082		99.9505	55.8533	0.18518	0	1.85272	0.190906	14.5512	2		0	11.9552	39.0775	0	0	0	
2024-06-12 22:09:30	537	1053	5	0	0	3	13	0	0	0	13	0	0	6.75	13	0	0	0	13	0	0	3.247		99.956	57.8458	0.0658957	0	0.659247	0.286342	15.5331	1		0	12.0616	40.3769	0	0	0	
2024-06-12 22:05:54	510	1054	5	0	0	1	5	0	0	0	5	0	0	7.25	5	0	0	0	5	0	0	5.412		99.9638	56.8621	0.0663833	0	0.664073	0.394328	26.0781	2		0	12.0616	42.1962	0	0	0	
2024-06-12 22:13:37	570	1055	9	0	0	6	25	0	0	0	25	0	0	7.5	25	0	0	0	25	0	0	1.299		99.9483	55.9466	0.157797	0	1.57878	0.0710713	14.8797	2		0	12.0616	39.5972	0	0	0	
2024-06-12 22:14:27	576	1056	5	0	0	6	25	0	0	0	25	0	0	6.25	25	0	0	0	25	0	0	0.216		99.9515	55.9971	0.935635	0	9.36089	0.839873	14.704	1		0	12.0616	39.3374	0	0	0	
2024-06-12 22:17:57	602	1057	5	0	0	7.75	32	0	0	0	32	0	0	0.5	32	0	0	0	32	0	0	6.278		99.9498	56.4851	0.036299	0	0.363172	0.625402	16.5436	1		0	12.0616	39.2074	0	0	0	
2024-06-12 22:12:54	564	1058	1	0	0	5	21	0	0	0	21	0	0	3.5	21	0	0	0	21	0	0	1.299		99.9488	56.4787	0.149757	0	1.49834	0.470765	14.1215	1		0.0088623	12.0616	39.3374	0	0	0	
2024-06-12 22:09:05	534	1059	1	0	0	3	13	0	0	0	13	0	0	0.25	13	0	0	0	13	0	0	2.381		99.9593	57.7328	0.0779615	0	0.779932	0.293482	13.4763	1		0	12.0616	40.6368	0	0	0	
2024-06-12 22:06:33	515	1060	1	0	0	1	5	0	0	0	5	0	0	1.25	5	0	0	0	5	0	0	0.216		99.9621	56.9679	0.856167	0	8.56492	0.780272	13.4537	1		0.0088623	12.0616	41.8063	0	0	0	
2024-06-12 22:10:21	544	1061	1	0	0	4	17	0	0	0	17	0	0	1.5	17	0	0	0	17	0	0	2.165		99.9594	56.3355	0.0856633	0	0.856981	0.288498	13.4614	1		0	12.0616	40.117	0	0	0	
2024-06-12 22:19:35	614	1062	9	0	0	1.5	7	0	0	0	7	0	0	6.25	7	0	0	0	7	0	0	4.113		99.9463	55.2243	0.0560335	0	0.560636	0.346239	16.7322	1		0	12.0616	39.0775	0	0	0	
2024-06-12 22:17:02	595	1063	1	0	0	7.75	32	0	0	0	32	0	0	5.25	32	0	0	0	32	0	0	2.165		99.9485	55.654	0.0858216	0	0.858658	0.0880244	13.4878	2		0	12.0616	39.2074	0	0	0	
2024-06-12 22:17:13	596	1064	9	0	0	7.75	32	0	0	0	32	0	0	4	32	0	0	0	32	0	0	3.247		99.949	55.9378	0.0579973	0	0.580269	0.485062	13.6723	1		0	12.0616	39.2074	0	0	0	
2024-06-12 22:15:10	581	1065	1	0	0	6	25	0	0	0	25	0	0	1.25	25	0	0	0	25	0	0	4.113		99.9471	56.117	0.0613097	0	0.613421	0.132635	18.3076	1		0	12.0616	39.3374	0	0	0	
2024-06-12 22:11:12	551	1066	1	0	0	4	17	0	0	0	17	0	0	3.5	17	0	0	0	17	0	0	0.433		99.95	56.2546	0.536212	0	5.36481	0.71262	16.854	1		0	12.0616	39.8571	0	0	0	
2024-06-12 22:05:19	506	1067	1	0	0	0	1	0	0	0	1	0	0	1	1	0	0	0	1	0	0	0.866		99.9668	58.0743	0.236844	0	2.36923	0.690811	14.8863	1		0.0088623	12.0616	42.7159	0	0	0	
2024-06-12 22:07:48	524	1068	9	0	0	2	9	0	0	0	9	0	0	5.25	9	0	0	0	9	0	0	2.814		99.9611	56.8359	0.0779266	0	0.77957	0.165704	15.9191	2		0	12.0616	41.1566	0	0	0	
2024-06-12 22:07:10	520	1069	9	0	0	2	9	0	0	0	9	0	0	4	9	0	0	0	9	0	0	1.732		99.9645	57.2029	0.109275	0	1.09314	0.0427807	13.7368	2		0	12.0616	41.5464	0	0	0	
2024-06-12 22:24:19	646	1070	1	0	0	3.5	15	0	0	0	15	0	0	2.25	15	0	0	0	15	0	0	1.082		99.9494	55.0345	0.180327	0	1.80418	0.93039	14.17	1		0	12.0616	39.0775	0	0	0	
2024-06-12 22:15:58	587	1071	1	0	0	7	29	0	0	0	29	0	0	3	29	0	0	0	29	0	0	3.464		99.9462	55.7386	0.0589939	0	0.590256	0.149917	14.8348	2		0	12.0616	39.3374	0	0	0	
2024-06-12 22:06:47	517	1072	1	0	0	1	5	0	0	0	5	0	0	2.5	5	0	0	0	5	0	0	1.299		99.9642	56.7622	0.147594	0	1.47647	0.360233	13.9154	1		0	12.0705	41.6764	0	0	0	
2024-06-12 22:04:50	502	1073	9	0	0	0	1	0	0	0	1	0	0	6.75	1	0	0	0	1	0	0	5.845		99.964	58.5965	0.0416244	0	0.416394	0.924152	17.6599	1		0	12.0616	43.1058	0	0	0	
2024-06-12 22:20:52	622	1074	1	0	0	2.75	12	0	0	0	12	0	0	3	12	0	0	0	12	0	0	0.216		99.948	55.7643	0.836108	0	8.36543	0.182122	13.1404	2		0	12.0616	39.0775	0	0	0	
2024-06-12 22:13:08	566	1075	5	0	0	5	21	0	0	0	21	0	0	1	21	0	0	0	21	0	0	3.464		99.9476	56.3403	0.0639847	0	0.640182	0.218776	16.0895	1		0	12.0616	39.4673	0	0	0	
2024-06-12 22:26:47	662	1076	1	0	0	0.5	3	0	0	7.25	3	0	0	2.75	3	0	0	5	3	0	0	1.168		99.9596	20.7406	0.0744725	0	0.745026	0.165021	10.5326	2		0	12.0616	39.2074	0	0	0	
2024-06-12 22:21:48	628	1077	9	0	0	6.75	28	0	0	0	28	0	0	7	28	0	0	0	28	0	0	0.216		99.9496	55.0633	0.884605	0	8.85051	0.240485	13.9023	2		0.0088623	12.0616	39.0775	0	0	0	
2024-06-12 22:07:10	520	1078	1	0	0	2	9	0	0	0	9	0	0	0.75	9	0	0	0	9	0	0	1.082		99.9645	57.2029	0.174962	0	1.75024	0.296899	13.7464	2		0	12.0616	41.5464	0	0	0	
2024-06-12 22:09:12	535	1079	5	0	0	3	13	0	0	0	13	0	0	6	13	0	0	0	13	0	0	2.598		99.9575	57.6804	0.0798257	0	0.798596	0.342243	15.0532	1		0	12.0616	40.3769	0	0	0	
2024-06-12 22:09:37	538	1080	9	0	0	3	13	0	0	0	13	0	0	4.75	13	0	0	0	13	0	0	1.515		99.955	57.5297	0.127439	0	1.27497	0.407048	14.019	1		0	12.0616	40.247	0	0	0	
2024-06-12 22:05:33	508	1081	5	0	0	1	5	0	0	0	5	0	0	7.75	5	0	0	0	5	0	0	5.845		99.9665	57.2505	0.0404877	0	0.405012	0.0431707	17.1772	2		0	12.0616	42.4561	0	0	0	
2024-06-12 22:06:04	511	1082	5	0	0	1	5	0	0	0	5	0	0	6.5	5	0	0	0	5	0	0	4.762		99.9644	57.1865	0.0530459	0	0.530648	0.599816	18.3379	1		0	12.0616	42.1962	0	0	0	
2024-06-12 22:14:20	575	1083	9	0	0	6	25	0	0	0	25	0	0	5.5	25	0	0	0	25	0	0	0.433		99.9483	56.037	0.543336	0	5.43617	0.845597	17.0782	1		0	12.0616	39.4673	0	0	0	
2024-06-12 22:13:55	572	1084	5	0	0	6	25	0	0	0	25	0	0	4.25	25	0	0	0	25	0	0	1.515		99.9459	56.1603	0.134707	0	1.3478	0.165319	14.8198	1		0	12.0616	39.4673	0	0	0	
2024-06-12 22:13:15	567	1085	1	0	0	5	21	0	0	0	21	0	0	2.75	21	0	0	0	21	0	0	1.948		99.9446	56.2806	0.0962055	0	0.962589	0.337169	13.6083	1		0	12.0616	39.5972	0	0	0	
2024-06-12 22:06:04	511	1086	1	0	0	1	5	0	0	0	5	0	0	0.5	5	0	0	0	5	0	0	0.433		99.9644	57.1865	0.518665	0	5.1885	0.956551	16.3002	1		0	12.0616	42.1962	0	0	0	
2024-06-12 22:10:35	546	1087	1	0	0	4	17	0	0	0	17	0	0	0.75	17	0	0	0	17	0	0	2.814		99.9557	56.3547	0.0695065	0	0.695373	0.449952	14.1998	1		0	12.0616	40.117	0	0	0	
2024-06-12 22:18:18	605	1088	5	0	0	7.75	32	0	0	0	32	0	0	3.25	32	0	0	0	32	0	0	3.897		99.9495	55.9694	0.0491077	0	0.491325	0.421624	13.8919	1		0	11.9552	38.8176	0	0	0	
2024-06-12 22:25:51	657	1089	1	0	0	2.75	12	0	0	5	12	0	0	0.5	12	0	0	7.25	12	0	0	1.168		99.9536	20.9794	0.0860621	0	0.86102	0.656854	12.1724	2		0	12.0616	39.2074	0	0	0	
2024-06-12 22:19:43	615	1090	9	0	0	1.25	6	0	0	0	6	0	0	6.5	6	0	0	0	6	0	0	4.546		99.9466	55.5076	0.0536064	0	0.53635	0.136962	17.6924	2		0	12.0616	39.0775	0	0	0	
2024-06-12 22:13:48	571	1091	1	0	0	6	25	0	0	0	25	0	0	0.5	25	0	0	0	25	0	0	4.762		99.9494	56.0156	0.0580404	0	0.580698	0.368395	20.0675	1		0	12.0616	39.3374	0	0	0	
2024-06-12 22:11:41	555	1092	5	0	0	4	17	0	0	0	17	0	0	2.75	17	0	0	0	17	0	0	1.082		99.9482	56.2625	0.182664	0	1.82758	0.456189	14.3538	1		0	12.0616	39.8571	0	0	0	
2024-06-12 22:05:26	507	1093	1	0	0	0	1	0	0	0	1	0	0	0.25	1	0	0	0	1	0	0	0.216		99.9677	57.8865	0.856767	0	8.57044	0.781936	13.4624	1		0.0088623	12.0616	42.4561	0	0	0	
2024-06-12 22:07:58	525	1094	1	0	0	2	9	0	0	0	9	0	0	3.25	9	0	0	0	9	0	0	1.082		99.9635	56.9875	0.182648	0	1.82715	0.522909	14.3504	1		0	12.0705	41.0267	0	0	0	
2024-06-12 22:16:30	591	1095	1	0	0	7	29	0	0	0	29	0	0	1.75	29	0	0	0	29	0	0	4.546		99.9496	55.9182	0.0512207	0	0.512466	0.227915	16.9046	1		0.0088623	12.0616	39.2074	0	0	0	
2024-06-12 22:04:50	502	1096	5	0	0	0	1	0	0	0	1	0	0	6	1	0	0	0	1	0	0	5.195		99.964	58.5965	0.051656	0	0.516746	0.520977	19.4809	1		0	12.0616	43.1058	0	0	0	
2024-06-12 22:03:52	496	1097	5	0	0	0	1	0	0	0	1	0	0	4.75	1	0	0	0	1	0	0	4.113		99.9646	62.3875	0.0533867	0	0.534056	0.158186	15.939	2		0.0088623	12.0261	44.1454	0	0	0	
2024-06-12 22:23:30	640	1098	1	0	0	7.25	30	0	0	0	30	0	0	0.5	30	0	0	0	30	0	0	5.845		99.9516	55.5218	0.0547781	0	0.548046	0.479518	23.2435	1		0	12.0616	39.0775	0	0	0	
2024-06-12 22:13:01	565	1099	1	0	0	5	21	0	0	0	21	0	0	0.25	21	0	0	0	21	0	0	4.113		99.9453	56.4539	0.0523416	0	0.523703	0.124216	15.63	1		0	12.0616	39.5972	0	0	0	
2024-06-12 22:11:59	557	1100	5	0	0	5	21	0	0	0	21	0	0	6.75	21	0	0	0	21	0	0	1.515		99.9457	56.4706	0.138443	0	1.38519	0.218413	15.2309	1		0	12.0616	39.5972	0	0	0	
2024-06-12 22:10:13	543	1101	5	0	0	3	13	0	0	0	13	0	0	2.25	13	0	0	0	13	0	0	0.649		99.9565	57.4833	0.33588	0	3.36026	0.875604	15.8349	1		0	12.0616	40.117	0	0	0	
2024-06-12 22:07:48	524	1102	1	0	0	2	9	0	0	0	9	0	0	0	9	0	0	0	9	0	0	1.732		99.9611	56.8359	0.136033	0	1.36086	0.130421	17.1011	2		0	12.0616	41.1566	0	0	0	
2024-06-12 22:21:58	629	1103	9	0	0	6.5	27	0	0	0	27	0	0	7.25	27	0	0	0	27	0	0	0.649		99.949	55.0703	0.36881	0	3.68998	0.232857	17.3886	2		0	12.0616	38.9475	0	0	0	
2024-06-12 22:17:02	595	1104	5	0	0	7.75	32	0	0	0	32	0	0	7.25	32	0	0	0	32	0	0	0.433		99.9485	55.654	0.491052	0	4.91306	0.175229	15.4348	2		0	12.0616	39.2074	0	0	0	
2024-06-12 22:23:37	641	1105	1	0	0	7.5	31	0	0	0	31	0	0	0.25	31	0	0	0	31	0	0	6.278		99.9481	55.3429	0.0429911	0	0.430135	0.0835326	19.594	2		0	12.0616	38.9475	0	0	0	
2024-06-12 22:20:22	619	1106	1	0	0	0.75	4	0	0	0	4	0	0	1	4	0	0	0	4	0	0	0.216		99.9522	55.5873	0.868286	0	8.68701	0.167168	13.6455	2		0	12.0616	39.0775	0	0	0	
2024-06-12 22:22:50	635	1107	1	0	0	5.5	23	0	0	0	23	0	0	2.25	23	0	0	0	23	0	0	2.814		99.9474	55.0144	0.102681	0	1.02735	0.0579332	20.9788	2		0	12.0616	39.0775	0	0	0	
2024-06-12 22:10:21	544	1108	9	0	0	4	17	0	0	0	17	0	0	6.75	17	0	0	0	17	0	0	2.381		99.9594	56.3355	0.0850764	0	0.85111	0.186315	14.7061	1		0	12.0616	40.117	0	0	0	
2024-06-12 22:09:44	539	1109	5	0	0	3	13	0	0	0	13	0	0	5.25	13	0	0	0	13	0	0	1.948		99.9532	57.5196	0.0991985	0	0.99245	0.157232	14.0304	1		0	12.0616	40.3769	0	0	0	
2024-06-12 22:09:20	536	1110	9	0	0	3	13	0	0	0	13	0	0	4	13	0	0	0	13	0	0	0.866		99.958	57.4042	0.242565	0	2.42667	0.0209216	15.2472	2		0	12.0616	40.5069	0	0	0	
2024-06-12 22:07:20	521	1111	5	0	0	2	9	0	0	0	9	0	0	7.25	9	0	0	0	9	0	0	4.546		99.9655	56.9787	0.0608103	0	0.608313	0.374683	20.0663	2		0	11.9552	41.1566	0	0	0	
2024-06-12 22:15:42	585	1112	5	0	0	7	29	0	0	0	29	0	0	7.5	29	0	0	0	29	0	0	0.433		99.9451	56.2242	0.486952	0	4.87219	0.564473	15.3064	1		0	12.0616	39.2074	0	0	0	
2024-06-12 22:15:32	584	1113	5	0	0	7	29	0	0	0	29	0	0	6.25	29	0	0	0	29	0	0	0.649		99.9476	55.922	0.353288	0	3.53474	0.173348	16.6571	2		0	12.0616	39.3374	0	0	0	
2024-06-12 22:06:04	511	1114	9	0	0	1	5	0	0	0	5	0	0	5.75	5	0	0	0	5	0	0	4.113		99.9644	57.1865	0.0532589	0	0.532779	0.0654519	15.9009	1		0	12.0616	42.1962	0	0	0	
2024-06-12 22:06:33	515	1115	9	0	0	1	5	0	0	0	5	0	0	4.5	5	0	0	0	5	0	0	3.031		99.9621	56.9679	0.0708974	0	0.709243	0.667145	15.5971	1		0.0088623	12.0616	41.8063	0	0	0	
2024-06-12 22:14:02	573	1116	1	0	0	6	25	0	0	0	25	0	0	3.5	25	0	0	0	25	0	0	2.165		99.9477	55.8643	0.0884525	0	0.884988	0.0896107	13.9014	2		0	12.0616	39.4673	0	0	0	
2024-06-12 22:10:50	548	1117	1	0	0	4	17	0	0	0	17	0	0	0	17	0	0	0	17	0	0	3.464		99.9544	56.3148	0.0616769	0	0.617051	0.186426	15.5082	1		0	12.0616	39.9871	0	0	0	
2024-06-12 22:17:35	599	1118	1	0	0	7.75	32	0	0	0	32	0	0	2.5	32	0	0	0	32	0	0	4.546		99.9444	56.1624	0.0451593	0	0.451844	0.374267	14.9048	1		0	12.0616	39.2074	0	0	0	
2024-06-12 22:08:36	530	1119	5	0	0	2	9	0	0	0	9	0	0	2.5	9	0	0	0	9	0	0	0.433		99.9581	57.0135	0.49325	0	4.93456	0.704377	15.5024	1		0	12.0616	40.7668	0	0	0	
2024-06-12 22:16:45	593	1120	5	0	0	7	29	0	0	0	29	0	0	1	29	0	0	0	29	0	0	5.195		99.9462	55.9111	0.0474513	0	0.474768	0.412596	17.8983	1		0	12.0616	39.2074	0	0	0	
2024-06-12 22:04:32	500	1121	9	0	0	0	1	0	0	0	1	0	0	5.25	1	0	0	0	1	0	0	4.546		99.9634	59.2672	0.0520495	0	0.520685	0.503476	17.1757	1		0	12.0616	43.4956	0	0	0	
2024-06-12 22:04:32	500	1122	5	0	0	0	1	0	0	0	1	0	0	4	1	0	0	0	1	0	0	3.464		99.9634	59.2672	0.0617474	0	0.6177	0.182647	15.5245	1		0	12.0616	43.4956	0	0	0	
2024-06-12 22:18:04	603	1123	1	0	0	7.75	32	0	0	0	32	0	0	1.75	32	0	0	0	32	0	0	5.195		99.9517	56.1109	0.040894	0	0.409138	0.0465141	15.4241	1		0	12.0616	39.2074	0	0	0	
2024-06-12 22:12:38	562	1124	9	0	0	5	21	0	0	0	21	0	0	6	21	0	0	0	21	0	0	0.866		99.9451	56.4459	0.256435	0	2.56576	0.656662	16.1211	1		0.0088623	12.0616	39.4673	0	0	0	
2024-06-12 22:11:49	556	1125	1	0	0	5	21	0	0	0	21	0	0	4.75	21	0	0	0	21	0	0	0.216		99.9444	56.4037	0.864923	0	8.65404	0.424257	13.5937	2		0	12.0616	39.8571	0	0	0	
2024-06-12 22:09:20	536	1126	1	0	0	3	13	0	0	0	13	0	0	1.5	13	0	0	0	13	0	0	1.299		99.958	57.4042	0.143668	0	1.43729	0.0141777	13.5461	2		0	12.0616	40.5069	0	0	0	
2024-06-12 22:17:35	599	1127	5	0	0	7.75	32	0	0	0	32	0	0	6.5	32	0	0	0	32	0	0	1.082		99.9444	56.1624	0.189574	0	1.8968	0.653683	14.8974	1		0	12.0616	39.2074	0	0	0	
2024-06-12 22:19:21	612	1128	9	0	0	2.25	10	0	0	0	10	0	0	5.5	10	0	0	0	10	0	0	2.814		99.9489	56.871	0.0836779	0	0.837207	0.656728	17.0961	1		0	12.0616	39.0775	0	0	0	
2024-06-12 22:25:37	656	1129	1	0	0	3	13	0	0	4.75	13	0	0	1.25	13	0	0	6.5	13	0	0	0.908		99.9525	21.0682	0.0677292	0	0.677614	1.35761	7.45076	4		0	12.0705	38.9475	0	0	0	
2024-06-12 22:10:43	547	1130	9	0	0	4	17	0	0	0	17	0	0	6	17	0	0	0	17	0	0	1.732		99.9539	56.5348	0.114447	0	1.145	0.539693	14.3885	1		0	12.0616	39.9871	0	0	0	
2024-06-12 22:11:12	551	1131	5	0	0	4	17	0	0	0	17	0	0	4.75	17	0	0	0	17	0	0	0.649		99.95	56.2546	0.359425	0	3.59605	0.583201	16.946	1		0	12.0616	39.8571	0	0	0	
2024-06-12 22:04:32	500	1132	1	0	0	0	1	0	0	0	1	0	0	2.25	1	0	0	0	1	0	0	1.948		99.9634	59.2672	0.110919	0	1.10959	0.305168	15.6865	1		0	12.0616	43.4956	0	0	0	
2024-06-12 22:25:26	655	1133	1	0	0	3.25	14	0	0	4.5	14	0	0	2	14	0	0	5.75	14	0	0	0.649		99.9549	20.6042	0.177448	0	1.77528	0.072423	13.943	2		0.0088623	12.0616	39.0775	0	0	0	
2024-06-12 22:09:59	541	1134	5	0	0	3	13	0	0	0	13	0	0	3.25	13	0	0	0	13	0	0	0.216		99.9554	57.6977	0.849534	0	8.49913	0.881192	13.3504	1		0	12.0616	40.247	0	0	0	
2024-06-12 22:07:37	523	1135	5	0	0	2	9	0	0	0	9	0	0	7.75	9	0	0	0	9	0	0	4.979		99.9632	57.0179	0.0446378	0	0.446542	0.0795108	16.1328	2		0	12.0616	41.1566	0	0	0	
2024-06-12 22:07:58	525	1136	9	0	0	2	9	0	0	0	9	0	0	6.5	9	0	0	0	9	0	0	3.897		99.9635	56.9875	0.0563112	0	0.563317	0.199302	15.9274	1		0	12.0705	41.0267	0	0	0	
2024-06-12 22:16:15	589	1137	5	0	0	7	29	0	0	0	29	0	0	5.5	29	0	0	0	29	0	0	1.299		99.9468	55.9095	0.158148	0	1.58232	0.371115	14.913	1		0	12.0616	39.2074	0	0	0	
2024-06-12 22:15:25	583	1138	5	0	0	7	29	0	0	0	29	0	0	4.25	29	0	0	0	29	0	0	2.381		99.9486	56.0211	0.0826847	0	0.827272	0.412681	14.2942	1		0	12.0616	39.3374	0	0	0	
2024-06-12 22:06:26	514	1139	9	0	0	1	5	0	0	0	5	0	0	5	5	0	0	0	5	0	0	3.464		99.9613	56.9109	0.0644491	0	0.64474	0.260368	16.2041	1		0	12.0616	41.8063	0	0	0	
2024-06-12 22:06:19	513	1140	1	0	0	1	5	0	0	0	5	0	0	3.75	5	0	0	0	5	0	0	2.381		99.9607	56.9717	0.0814229	0	0.814549	0.417457	14.0744	1		0.0088623	12.0616	41.9363	0	0	0	
2024-06-12 22:14:52	579	1141	5	0	0	6	25	0	0	0	25	0	0	2.75	25	0	0	0	25	0	0	2.814		99.9454	55.7428	0.0715855	0	0.716246	0.0639946	14.626	2		0	12.0616	39.3374	0	0	0	
2024-06-12 22:12:14	559	1142	1	0	0	5	21	0	0	0	21	0	0	2.25	21	0	0	0	21	0	0	2.381		99.9498	56.1239	0.0805091	0	0.805496	0.0373776	13.918	2		0	12.0616	39.5972	0	0	0	
2024-06-12 22:16:38	592	1143	5	0	0	7	29	0	0	0	29	0	0	0.25	29	0	0	0	29	0	0	5.845		99.9448	55.8903	0.0408514	0	0.408739	0.200834	17.3352	1		0	12.0616	39.2074	0	0	0	
2024-06-12 22:04:25	499	1144	1	0	0	0	1	0	0	0	1	0	0	3.25	1	0	0	0	1	0	0	2.814		99.9645	59.4119	0.0698025	0	0.698273	0.039398	14.259	1		0	12.0705	43.6256	0	0	0	
2024-06-12 22:09:20	536	1145	5	0	0	3	13	0	0	0	13	0	0	7.25	13	0	0	0	13	0	0	3.68		99.958	57.4042	0.0762519	0	0.762839	0.0145044	20.3705	2		0	12.0616	40.5069	0	0	0	
2024-06-12 22:14:27	576	1146	9	0	0	6	25	0	0	0	25	0	0	6.75	25	0	0	0	25	0	0	0.649		99.9515	55.9971	0.370731	0	3.70911	0.68063	17.4788	1		0	12.0616	39.3374	0	0	0	
2024-06-12 22:18:33	607	1147	9	0	0	3.75	16	0	0	0	16	0	0	4	16	0	0	0	16	0	0	0.216		99.9487	55.4994	0.940187	0	9.4067	0.216167	14.776	2		0	12.0616	39.0775	0	0	0	
2024-06-12 22:16:52	594	1148	1	0	0	7.75	32	0	0	0	32	0	0	1	32	0	0	0	32	0	0	5.845		99.9459	55.8038	0.0377916	0	0.37812	0.0662792	16.0366	2		0	12.0616	39.2074	0	0	0	
2024-06-12 22:12:06	558	1149	1	0	0	5	21	0	0	0	21	0	0	5.25	21	0	0	0	21	0	0	0.216		99.9519	56.4473	0.885999	0	8.86426	0.949621	13.9239	1		0	12.0616	39.7272	0	0	0	
2024-06-12 22:12:24	560	1150	5	0	0	5	21	0	0	0	21	0	0	4	21	0	0	0	21	0	0	0.866		99.9478	56.1995	0.252714	0	2.52846	0.858656	15.8868	1		0	12.0616	39.7272	0	0	0	
2024-06-12 22:08:51	532	1151	1	0	0	3	13	0	0	0	13	0	0	0.75	13	0	0	0	13	0	0	1.948		99.9595	57.6927	0.0942456	0	0.942838	0.787117	13.3291	1		0	12.0616	40.6368	0	0	0	
2024-06-12 22:06:47	517	1152	5	0	0	1	5	0	0	0	5	0	0	1.75	5	0	0	0	5	0	0	0.649		99.9642	56.7622	0.329821	0	3.2994	0.663622	15.548	1		0	12.0705	41.6764	0	0	0	
2024-06-12 22:11:34	554	1153	5	0	0	4	17	0	0	0	17	0	0	2	17	0	0	0	17	0	0	1.732		99.9503	56.2723	0.10843	0	1.08484	0.323938	13.6325	1		0	12.0616	39.8571	0	0	0	
2024-06-12 22:17:20	597	1154	5	0	0	7.75	32	0	0	0	32	0	0	5.75	32	0	0	0	32	0	0	1.732		99.9476	55.9216	0.109925	0	1.09982	0.585078	13.8208	1		0	12.0616	39.2074	0	0	0	
2024-06-12 22:16:52	594	1155	9	0	0	7.75	32	0	0	0	32	0	0	4.5	32	0	0	0	32	0	0	2.814		99.9459	55.8038	0.0661698	0	0.662056	0.117805	13.5194	2		0	12.0616	39.2074	0	0	0	
2024-06-12 22:21:13	624	1156	1	0	0	2.25	10	0	0	0	10	0	0	3.5	10	0	0	0	10	0	0	1.082		99.9468	57.1683	0.18203	0	1.82127	0.875606	14.3042	1		0	12.0616	39.0775	0	0	0	
2024-06-12 22:20:11	618	1157	9	0	0	0.25	2	0	0	0	2	0	0	7.5	2	0	0	0	2	0	0	6.278		99.9495	55.4221	0.0399754	0	0.399956	0.325895	18.2192	2		0	12.0616	39.2074	0	0	0	
2024-06-12 22:14:52	579	1158	1	0	0	6	25	0	0	0	25	0	0	1.75	25	0	0	0	25	0	0	3.68		99.9454	55.7428	0.0652994	0	0.653351	0.0041475	17.4468	2		0	12.0616	39.3374	0	0	0	
2024-06-12 22:10:50	548	1159	5	0	0	4	17	0	0	0	17	0	0	5.25	17	0	0	0	17	0	0	1.082		99.9544	56.3148	0.195357	0	1.95447	0.516448	15.3503	1		0	12.0616	39.9871	0	0	0	
2024-06-12 22:05:04	504	1160	5	0	0	0	1	0	0	0	1	0	0	1.5	1	0	0	0	1	0	0	1.299		99.9645	58.3802	0.145677	0	1.45729	0.422376	13.7346	1		0.0088623	12.0616	42.8459	0	0	0	
2024-06-12 22:10:13	543	1161	1	0	0	3	13	0	0	0	13	0	0	2.5	13	0	0	0	13	0	0	0.433		99.9565	57.4833	0.490187	0	4.904	0.977241	15.4064	1		0	12.0616	40.117	0	0	0	
2024-06-12 22:08:05	526	1162	9	0	0	2	9	0	0	0	9	0	0	5.75	9	0	0	0	9	0	0	3.247		99.9624	57.1566	0.0659288	0	0.659536	0.0568952	15.54	2		0.0088623	12.0616	40.8967	0	0	0	
2024-06-12 22:07:31	522	1163	9	0	0	2	9	0	0	0	9	0	0	4.5	9	0	0	0	9	0	0	2.165		99.963	57.216	0.0901706	0	0.902039	0.312569	14.1692	1		0	12.0616	41.2865	0	0	0	
2024-06-12 22:15:17	582	1164	1	0	0	7	29	0	0	0	29	0	0	3.5	29	0	0	0	29	0	0	3.031		99.9484	56.0478	0.0650623	0	0.650959	0.0074841	14.3153	1		0	12.0616	39.3374	0	0	0	
2024-06-12 22:06:26	514	1165	1	0	0	1	5	0	0	0	5	0	0	3	5	0	0	0	5	0	0	1.732		99.9613	56.9109	0.107608	0	1.0765	0.342615	13.5277	1		0	12.0616	41.8063	0	0	0	
2024-06-12 22:04:08	497	1166	5	0	0	0	1	0	0	0	1	0	0	7.25	1	0	0	0	1	0	0	6.278		99.9644	60.1908	0.0426225	0	0.426377	0.150398	19.4228	2		0	12.0616	43.8855	0	0	0	
2024-06-12 22:12:31	561	1167	1	0	0	5	21	0	0	0	21	0	0	1.5	21	0	0	0	21	0	0	3.031		99.9492	56.5496	0.0668534	0	0.668873	0.00372994	14.7093	1		0	12.0616	39.5972	0	0	0	
2024-06-12 22:08:36	530	1168	1	0	0	2	9	0	0	0	9	0	0	1.25	9	0	0	0	9	0	0	0.649		99.9581	57.0135	0.319351	0	3.19485	0.669422	15.0554	1		0	12.0616	40.7668	0	0	0	
2024-06-12 22:23:54	643	1169	1	0	0	1.5	7	0	0	0	7	0	0	0.25	7	0	0	0	7	0	0	1.082		99.9461	54.7961	0.180658	0	1.80756	0.638666	14.1965	1		0	12.0616	39.2074	0	0	0	
2024-06-12 22:05:12	505	1170	1	0	0	0	1	0	0	0	1	0	0	2.5	1	0	0	0	1	0	0	2.165		99.9654	58.3435	0.089267	0	0.892978	0.184065	14.0269	1		0	12.0616	42.8459	0	0	0	
2024-06-12 22:23:09	637	1171	1	0	0	6.25	26	0	0	0	26	0	0	1.5	26	0	0	0	26	0	0	4.113		99.9505	56.0816	0.0586644	0	0.586935	0.482362	17.5171	1		0	12.0616	39.0775	0	0	0	
2024-06-12 22:24:54	651	1172	9	0	0	7.25	30	0	0	0	30	0	0	6.5	30	0	0	0	30	0	0	0.649		99.9501	55.4764	0.346058	0	3.46231	0.809182	16.3157	1		0	12.0616	39.2074	0	0	0	
2024-06-12 22:08:51	532	1173	9	0	0	3	13	0	0	0	13	0	0	7.75	13	0	0	0	13	0	0	4.113		99.9595	57.6927	0.0514102	0	0.514311	0.391117	15.3497	1		0	12.0616	40.6368	0	0	0	
2024-06-12 22:09:05	534	1174	9	0	0	3	13	0	0	0	13	0	0	6.5	13	0	0	0	13	0	0	3.031		99.9593	57.7328	0.0699124	0	0.699409	0.323162	15.3808	1		0	12.0616	40.6368	0	0	0	
2024-06-12 22:06:33	515	1175	5	0	0	1	5	0	0	0	5	0	0	7	5	0	0	0	5	0	0	5.195		99.9621	56.9679	0.0467851	0	0.468028	0.301462	17.6443	1		0.0088623	12.0616	41.8063	0	0	0	
2024-06-12 22:13:48	571	1176	9	0	0	6	25	0	0	0	25	0	0	4.75	25	0	0	0	25	0	0	1.082		99.9494	56.0156	0.19854	0	1.9864	0.774629	15.6012	1		0	12.0616	39.3374	0	0	0	
2024-06-12 22:17:13	596	1177	1	0	0	7.75	32	0	0	0	32	0	0	0.25	32	0	0	0	32	0	0	6.494		99.949	55.9378	0.0337099	0	0.337271	0.465205	15.8935	1		0	12.0616	39.2074	0	0	0	
2024-06-12 22:12:54	564	1178	5	0	0	5	21	0	0	0	21	0	0	3.25	21	0	0	0	21	0	0	1.515		99.9488	56.4787	0.125021	0	1.25085	0.401642	13.7539	1		0.0088623	12.0616	39.3374	0	0	0	
2024-06-12 22:09:37	538	1179	1	0	0	3	13	0	0	0	13	0	0	0	13	0	0	0	13	0	0	2.598		99.955	57.5297	0.078962	0	0.789975	0.0694395	14.8907	1		0	12.0616	40.247	0	0	0	
2024-06-12 22:18:43	608	1180	9	0	0	3.5	15	0	0	0	15	0	0	4.25	15	0	0	0	15	0	0	0.649		99.9485	55.132	0.346843	0	3.47022	0.232324	16.353	2		0	12.0616	39.0775	0	0	0	
2024-06-12 22:11:34	554	1181	1	0	0	4	17	0	0	0	17	0	0	1.25	17	0	0	0	17	0	0	2.381		99.9503	56.2723	0.0807723	0	0.808125	0.395027	13.9634	1		0	12.0616	39.8571	0	0	0	
2024-06-12 22:17:28	598	1182	9	0	0	7.75	32	0	0	0	32	0	0	5	32	0	0	0	32	0	0	2.381		99.9471	56.0772	0.0779897	0	0.780309	0.465794	13.4828	1		0	12.0616	39.2074	0	0	0	
2024-06-12 22:17:49	601	1183	1	0	0	7.75	32	0	0	0	32	0	0	3.75	32	0	0	0	32	0	0	3.464		99.9503	56.0995	0.0550029	0	0.550303	0.264187	13.8306	1		0	12.0616	39.0775	0	0	0	
2024-06-12 22:26:37	661	1184	1	0	0	1.25	6	0	0	6.5	6	0	0	3	6	0	0	4.75	6	0	0	0.908		99.9584	20.3833	0.0886228	0	0.886597	0.133444	9.74864	2		0	12.0616	39.3374	0	0	0	
2024-06-12 22:15:10	581	1185	5	0	0	6	25	0	0	0	25	0	0	1	25	0	0	0	25	0	0	4.33		99.9471	56.117	0.0582572	0	0.58288	0.284262	18.3117	1		0	12.0616	39.3374	0	0	0	
2024-06-12 22:11:27	553	1186	1	0	0	4	17	0	0	0	17	0	0	3.25	17	0	0	0	17	0	0	0.649		99.9487	56.2204	0.344687	0	3.44864	0.546245	16.2513	1		0	12.0616	39.8571	0	0	0	
2024-06-12 22:04:18	498	1187	1	0	0	0	1	0	0	0	1	0	0	0.75	1	0	0	0	1	0	0	0.649		99.9598	59.827	0.334132	0	3.34267	0.868913	15.752	1		0	12.0616	43.7555	0	0	0	
2024-06-12 22:26:01	658	1188	1	0	0	3.5	15	0	0	4.25	15	0	0	3.75	15	0	0	4	15	0	0	0.13		99.956	19.6035	0.627503	0	6.27779	0.270215	9.86113	2		0	12.0616	39.2074	0	0	0	
2024-06-12 22:07:48	524	1189	5	0	0	2	9	0	0	0	9	0	0	5	9	0	0	0	9	0	0	2.598		99.9611	56.8359	0.0778993	0	0.779296	0.103161	14.6894	2		0	12.0616	41.1566	0	0	0	
2024-06-12 22:07:20	521	1190	1	0	0	2	9	0	0	0	9	0	0	3.75	9	0	0	0	9	0	0	1.515		99.9655	56.9787	0.134489	0	1.34536	0.0617691	14.793	2		0	11.9552	41.1566	0	0	0	
2024-06-12 22:15:32	584	1191	1	0	0	7	29	0	0	0	29	0	0	2.75	29	0	0	0	29	0	0	3.68		99.9476	55.922	0.0559974	0	0.560268	0.110526	14.9611	2		0	12.0616	39.3374	0	0	0	
2024-06-12 22:16:15	589	1192	1	0	0	7	29	0	0	0	29	0	0	2.25	29	0	0	0	29	0	0	4.113		99.9468	55.9095	0.0518729	0	0.519006	0.163379	15.4898	1		0	12.0616	39.2074	0	0	0	
2024-06-12 22:04:57	503	1193	5	0	0	0	1	0	0	0	1	0	0	7.75	1	0	0	0	1	0	0	6.711		99.9637	58.4923	0.0361759	0	0.36189	0.890594	17.6221	1		0	12.0616	42.8459	0	0	0	
2024-06-12 22:04:40	501	1194	9	0	0	0	1	0	0	0	1	0	0	6.5	1	0	0	0	1	0	0	5.628		99.9638	58.5774	0.042633	0	0.426484	0.293958	17.4179	2		0.0088623	12.0705	43.3657	0	0	0	
2024-06-12 22:12:46	563	1195	1	0	0	5	21	0	0	0	21	0	0	0.75	21	0	0	0	21	0	0	3.68		99.9503	56.3627	0.0604447	0	0.604748	0.0713671	16.1489	1		0	12.0616	39.5972	0	0	0	
2024-06-12 22:12:14	559	1196	5	0	0	5	21	0	0	0	21	0	0	7.25	21	0	0	0	21	0	0	1.948		99.9498	56.1239	0.128426	0	1.28491	0.126704	18.1649	2		0	12.0616	39.5972	0	0	0	
2024-06-12 22:24:48	650	1197	9	0	0	5.75	24	0	0	0	24	0	0	4	24	0	0	0	24	0	0	1.515		99.9526	55.6245	0.131172	0	1.31234	0.74813	14.4299	1		0	12.0616	39.2074	0	0	0	
2024-06-12 22:21:31	626	1198	9	0	0	4.5	19	0	0	0	19	0	0	5.25	19	0	0	0	19	0	0	0.649		99.9479	55.2476	0.347346	0	3.47527	0.295247	16.3768	2		0	12.0616	39.0775	0	0	0	
2024-06-12 22:26:12	659	1199	1	0	0	2.75	12	0	0	5	12	0	0	3.5	12	0	0	4.25	12	0	0	0.389		99.9573	20.9788	0.340705	0	3.4085	1.09067	16.0622	4		0	12.0616	39.2074	0	0	0	
2024-06-12 22:07:31	522	1200	1	0	0	2	9	0	0	0	9	0	0	0.5	9	0	0	0	9	0	0	1.299		99.963	57.216	0.14568	0	1.45734	0.733968	13.7351	1		0	12.0616	41.2865	0	0	0	
2024-06-12 22:20:01	617	1201	9	0	0	0.5	3	0	0	0	3	0	0	7.25	3	0	0	0	3	0	0	5.845		99.9492	55.6858	0.10725	0	1.07305	0.236301	45.5095	2		0	12.0616	39.0775	0	0	0	
2024-06-12 22:10:43	547	1202	5	0	0	4	17	0	0	0	17	0	0	7.25	17	0	0	0	17	0	0	2.814		99.9539	56.5348	0.0840837	0	0.841225	0.870129	17.1781	1		0	12.0616	39.9871	0	0	0	
2024-06-12 22:08:58	533	1203	1	0	0	3	13	0	0	0	13	0	0	5.75	13	0	0	0	13	0	0	2.381		99.9553	57.7251	0.0807603	0	0.807964	0.470478	13.9606	1		0	12.0616	40.6368	0	0	0	
2024-06-12 22:09:37	538	1204	5	0	0	3	13	0	0	0	13	0	0	4.5	13	0	0	0	13	0	0	1.299		99.955	57.5297	0.149355	0	1.49422	0.452961	14.0827	1		0	12.0616	40.247	0	0	0	
2024-06-12 22:15:50	586	1205	9	0	0	7	29	0	0	0	29	0	0	6.75	29	0	0	0	29	0	0	0.216		99.9468	56.0209	0.87988	0	8.80348	0.7006	13.8285	1		0	12.0616	39.3374	0	0	0	
2024-06-12 22:05:54	510	1206	9	0	0	1	5	0	0	0	5	0	0	7.5	5	0	0	0	5	0	0	5.628		99.9638	56.8621	0.0435707	0	0.435865	0.0358373	17.801	2		0	12.0616	42.1962	0	0	0	
2024-06-12 22:05:43	509	1207	5	0	0	1	5	0	0	0	5	0	0	6.25	5	0	0	0	5	0	0	4.546		99.9628	56.9752	0.0546861	0	0.547065	0.233195	18.0459	2		0	12.0616	42.4561	0	0	0	
2024-06-12 22:14:02	573	1208	9	0	0	6	25	0	0	0	25	0	0	5.25	25	0	0	0	25	0	0	0.649		99.9477	55.8643	0.35501	0	3.55196	0.110293	16.7382	2		0	12.0616	39.4673	0	0	0	
2024-06-12 22:13:55	572	1209	9	0	0	6	25	0	0	0	25	0	0	4	25	0	0	0	25	0	0	1.732		99.9459	56.1603	0.113274	0	1.13335	0.390307	14.2421	1		0	12.0616	39.4673	0	0	0	
2024-06-12 22:13:15	567	1210	5	0	0	5	21	0	0	0	21	0	0	2.5	21	0	0	0	21	0	0	2.165		99.9446	56.2806	0.0949186	0	0.949712	0.559135	14.918	1		0	12.0616	39.5972	0	0	0	
2024-06-12 22:06:41	516	1211	1	0	0	1	5	0	0	0	5	0	0	0.25	5	0	0	0	5	0	0	0.649		99.9653	56.836	0.337591	0	3.37708	0.819732	15.9141	1		0	12.0616	41.6764	0	0	0	
2024-06-12 22:11:05	550	1212	1	0	0	4	17	0	0	0	17	0	0	0.5	17	0	0	0	17	0	0	3.031		99.9517	56.2316	0.067513	0	0.675456	0.742707	14.854	1		0	12.0616	39.9871	0	0	0	
2024-06-12 22:17:20	597	1213	1	0	0	7.75	32	0	0	0	32	0	0	3	32	0	0	0	32	0	0	4.113		99.9476	55.9216	0.047234	0	0.472587	0.35512	14.1044	1		0	12.0616	39.2074	0	0	0	
2024-06-12 22:14:45	578	1214	1	0	0	6	25	0	0	0	25	0	0	0.25	25	0	0	0	25	0	0	4.979		99.9495	56.079	0.047574	0	0.475981	0.187863	17.1964	1		0.0088623	12.0616	39.3374	0	0	0	
2024-06-12 22:22:40	634	1215	1	0	0	5.25	22	0	0	0	22	0	0	2.5	22	0	0	0	22	0	0	2.381		99.95	55.406	0.143254	0	1.43325	0.892078	24.7648	2		0	12.0616	38.9475	0	0	0	
2024-06-12 22:11:19	552	1216	5	0	0	4	17	0	0	0	17	0	0	2.5	17	0	0	0	17	0	0	1.299		99.9487	56.179	0.148758	0	1.48835	0.64871	14.0273	1		0	12.0616	39.5972	0	0	0	
2024-06-12 22:08:29	529	1217	5	0	0	2	9	0	0	0	9	0	0	3	9	0	0	0	9	0	0	0.866		99.9605	56.8841	0.23804	0	2.38134	0.610201	14.9624	1		0	11.9552	40.6368	0	0	0	
2024-06-12 22:16:45	593	1218	1	0	0	7	29	0	0	0	29	0	0	1.5	29	0	0	0	29	0	0	4.762		99.9462	55.9111	0.0489779	0	0.490043	0.498249	16.9347	1		0	12.0616	39.2074	0	0	0	
2024-06-12 22:04:25	499	1219	9	0	0	0	1	0	0	0	1	0	0	5.75	1	0	0	0	1	0	0	4.979		99.9645	59.4119	0.0470065	0	0.470232	0.115549	16.9887	1		0	12.0705	43.6256	0	0	0	
2024-06-12 22:03:52	496	1220	9	0	0	0	1	0	0	0	1	0	0	4.5	1	0	0	0	1	0	0	3.897		99.9646	62.3875	0.0548455	0	0.548649	0.113736	15.5127	2		0.0088623	12.0261	44.1454	0	0	0	
2024-06-12 22:13:01	565	1221	5	0	0	5	21	0	0	0	21	0	0	0	21	0	0	0	21	0	0	4.33		99.9453	56.4539	0.0516896	0	0.517179	0.1361	16.2476	1		0	12.0616	39.5972	0	0	0	
2024-06-12 22:18:26	606	1222	1	0	0	7.75	32	0	0	0	32	0	0	2.25	32	0	0	0	32	0	0	4.762		99.9462	55.9979	0.0422795	0	0.423022	0.678357	14.6186	1		0	12.0616	39.0775	0	0	0	
2024-06-12 22:12:31	561	1223	5	0	0	5	21	0	0	0	21	0	0	7.75	21	0	0	0	21	0	0	2.381		99.9492	56.5496	0.0827259	0	0.827679	0.115339	14.3013	1		0	12.0616	39.5972	0	0	0	
2024-06-12 22:11:59	557	1224	9	0	0	5	21	0	0	0	21	0	0	6.5	21	0	0	0	21	0	0	1.299		99.9457	56.4706	0.162186	0	1.62274	0.576946	15.294	1		0	12.0616	39.5972	0	0	0	
2024-06-12 22:09:52	540	1225	1	0	0	3	13	0	0	0	13	0	0	2	13	0	0	0	13	0	0	0.866		99.9564	57.6	0.235492	0	2.35594	0.928105	14.8028	1		0.0088623	12.0616	40.247	0	0	0	
2024-06-12 22:22:22	632	1226	1	0	0	4.5	19	0	0	0	19	0	0	3.25	19	0	0	0	19	0	0	1.082		99.9507	55.2121	0.190898	0	1.90992	0.170925	15.0005	2		0	12.0616	38.9475	0	0	0	
2024-06-12 22:17:42	600	1227	9	0	0	7.75	32	0	0	0	32	0	0	7	32	0	0	0	32	0	0	0.649		99.9499	56.1835	0.340245	0	3.40416	0.597152	16.0417	1		0	12.0439	39.0775	0	0	0	
2024-06-12 22:24:40	649	1228	9	0	0	5.5	23	0	0	0	23	0	0	4.25	23	0	0	0	23	0	0	1.082		99.9517	55.2799	0.195861	0	1.95956	0.752758	15.3903	1		0	11.9552	39.2074	0	0	0	
2024-06-12 22:23:23	639	1229	1	0	0	6.75	28	0	0	0	28	0	0	1	28	0	0	0	28	0	0	4.979		99.9454	55.2741	0.0523465	0	0.523751	0.581482	18.9222	1		0	12.0616	38.9475	0	0	0	
2024-06-12 22:21:41	627	1230	9	0	0	4.25	18	0	0	0	18	0	0	5.5	18	0	0	0	18	0	0	1.082		99.9493	55.4259	0.196287	0	1.96387	0.727995	15.4242	1		0	12.0616	39.0775	0	0	0	
2024-06-12 22:10:35	546	1231	5	0	0	4	17	0	0	0	17	0	0	7.75	17	0	0	0	17	0	0	3.247		99.9557	56.3547	0.0625416	0	0.625693	0.0971063	14.7426	1		0	12.0616	40.117	0	0	0	
2024-06-12 22:10:28	545	1232	9	0	0	4	17	0	0	0	17	0	0	6.5	17	0	0	0	17	0	0	2.165		99.9568	56.5027	0.0921756	0	0.922154	0.208617	14.4852	1		0	12.0616	40.117	0	0	0	
2024-06-12 22:09:44	539	1233	9	0	0	3	13	0	0	0	13	0	0	5	13	0	0	0	13	0	0	1.732		99.9532	57.5196	0.110169	0	1.10221	0.366019	13.8507	1		0	12.0616	40.3769	0	0	0	
2024-06-12 22:09:30	537	1234	1	0	0	3	13	0	0	0	13	0	0	3.75	13	0	0	0	13	0	0	0.649		99.956	57.8458	0.330747	0	3.30892	0.899878	15.5929	1		0	12.0616	40.3769	0	0	0	
2024-06-12 22:07:20	521	1235	9	0	0	2	9	0	0	0	9	0	0	7	9	0	0	0	9	0	0	4.33		99.9655	56.9787	0.0518324	0	0.518503	0.373675	16.2893	2		0	11.9552	41.1566	0	0	0	
2024-06-12 22:15:32	584	1236	9	0	0	7	29	0	0	0	29	0	0	6	29	0	0	0	29	0	0	0.866		99.9476	55.922	0.25693	0	2.57065	0.144452	16.1519	2		0	12.0616	39.3374	0	0	0	
2024-06-12 22:15:42	585	1237	9	0	0	7	29	0	0	0	29	0	0	4.75	29	0	0	0	29	0	0	1.948		99.9451	56.2242	0.101089	0	1.01144	0.199762	14.2989	1		0	12.0616	39.2074	0	0	0	
2024-06-12 22:06:11	512	1238	9	0	0	1	5	0	0	0	5	0	0	5.5	5	0	0	0	5	0	0	3.897		99.9645	57.1056	0.0628774	0	0.628998	0.481038	17.7845	1		0	12.0616	42.0662	0	0	0	
2024-06-12 22:06:19	513	1239	9	0	0	1	5	0	0	0	5	0	0	4.25	5	0	0	0	5	0	0	2.814		99.9607	56.9717	0.0734119	0	0.734408	0.448442	14.9969	1		0.0088623	12.0616	41.9363	0	0	0	
2024-06-12 22:15:03	580	1240	1	0	0	6	25	0	0	0	25	0	0	3.25	25	0	0	0	25	0	0	2.381		99.9488	56.0492	0.0822656	0	0.823077	0.15945	14.2217	1		0	12.0616	39.3374	0	0	0	
2024-06-12 22:20:42	621	1241	1	0	0	0.25	2	0	0	0	2	0	0	1.5	2	0	0	0	2	0	0	1.082		99.9498	55.4422	0.178949	0	1.79039	0.136772	14.0617	2		0	11.9552	39.0775	0	0	0	
2024-06-12 22:16:23	590	1242	5	0	0	7	29	0	0	0	29	0	0	0.75	29	0	0	0	29	0	0	5.412		99.9455	56.0503	0.0449197	0	0.449442	0.144739	17.6495	1		0	12.0616	39.2074	0	0	0	
2024-06-12 22:04:18	498	1243	5	0	0	0	1	0	0	0	1	0	0	5	1	0	0	0	1	0	0	4.33		99.9598	59.827	0.051624	0	0.516448	0.203062	16.2247	1		0	12.0616	43.7555	0	0	0	
2024-06-12 22:04:08	497	1244	1	0	0	0	1	0	0	0	1	0	0	3.75	1	0	0	0	1	0	0	3.247		99.9644	60.1908	0.0630985	0	0.631209	0.029985	14.8725	2		0	12.0616	43.8855	0	0	0	
2024-06-12 22:25:01	652	1245	9	0	0	7.5	31	0	0	0	31	0	0	6.25	31	0	0	0	31	0	0	1.082		99.9544	55.2155	0.190882	0	1.90969	0.0606593	14.9987	2		0	12.0705	39.0775	0	0	0	
2024-06-12 22:22:08	630	1246	9	0	0	6.25	26	0	0	0	26	0	0	7.5	26	0	0	0	26	0	0	1.082		99.9482	55.4271	0.191216	0	1.91315	0.57319	15.0259	1		0	12.0616	39.2074	0	0	0	
2024-06-12 22:13:37	570	1247	5	0	0	6	25	0	0	0	25	0	0	7.25	25	0	0	0	25	0	0	1.082		99.9483	55.9466	0.259978	0	2.60113	0.549656	20.4292	2		0	12.0616	39.5972	0	0	0	
2024-06-12 22:18:04	603	1248	5	0	0	7.75	32	0	0	0	32	0	0	1.5	32	0	0	0	32	0	0	5.412		99.9517	56.1109	0.039125	0	0.39144	0.179382	15.3718	1		0	12.0616	39.2074	0	0	0	
2024-06-12 22:12:38	562	1249	5	0	0	5	21	0	0	0	21	0	0	5.75	21	0	0	0	21	0	0	0.649		99.9451	56.4459	0.352796	0	3.5299	0.617555	16.6342	1		0.0088623	12.0616	39.4673	0	0	0	
2024-06-12 22:11:49	556	1250	5	0	0	5	21	0	0	0	21	0	0	4.5	21	0	0	0	21	0	0	0.433		99.9444	56.4037	0.508386	0	5.08669	0.431189	15.9803	2		0	12.0616	39.8571	0	0	0	
2024-06-12 22:09:12	535	1251	1	0	0	3	13	0	0	0	13	0	0	1.25	13	0	0	0	13	0	0	1.515		99.9575	57.6804	0.121937	0	1.21989	0.686988	13.4134	1		0	12.0616	40.3769	0	0	0	
2024-06-12 22:07:02	519	1252	1	0	0	1	5	0	0	0	5	0	0	2.25	5	0	0	0	5	0	0	1.082		99.9658	56.83	0.177022	0	1.77083	0.615678	13.908	1		0	12.0616	41.1566	0	0	0	
2024-06-12 22:20:32	620	1253	1	0	0	0.5	3	0	0	0	3	0	0	1.25	3	0	0	0	3	0	0	0.649		99.9533	55.4732	0.345825	0	3.45987	0.0739493	16.3043	2		0	12.0616	38.9475	0	0	0	
2024-06-12 22:19:10	611	1254	9	0	0	2.5	11	0	0	0	11	0	0	5.25	11	0	0	0	11	0	0	2.381		99.9502	56.5185	0.0957671	0	0.958149	0.379619	16.5556	2		0.0088623	12.0616	39.2074	0	0	0	
2024-06-12 22:17:49	601	1255	5	0	0	7.75	32	0	0	0	32	0	0	7.5	32	0	0	0	32	0	0	0.216		99.9503	56.0995	0.923473	0	9.23933	0.764075	14.5131	1		0	12.0616	39.0775	0	0	0	
2024-06-12 22:17:35	599	1256	9	0	0	7.75	32	0	0	0	32	0	0	6.25	32	0	0	0	32	0	0	1.299		99.9444	56.1624	0.153578	0	1.53663	0.683521	14.4824	1		0	12.0616	39.2074	0	0	0	
2024-06-12 22:22:16	631	1257	1	0	0	4.25	18	0	0	0	18	0	0	3.5	18	0	0	0	18	0	0	0.649		99.9499	55.5713	0.349484	0	3.49659	0.696391	16.4773	1		0	12.0616	38.9475	0	0	0	
2024-06-12 22:14:13	574	1258	1	0	0	6	25	0	0	0	25	0	0	2.25	25	0	0	0	25	0	0	3.247		99.9482	55.9638	0.0647257	0	0.647592	0.163536	15.2585	1		0	12.0616	39.4673	0	0	0	
2024-06-12 22:24:33	648	1259	9	0	0	5.25	22	0	0	0	22	0	0	4.5	22	0	0	0	22	0	0	0.649		99.9499	55.6913	0.347019	0	3.47193	0.99333	16.3611	1		0	12.0616	39.2074	0	0	0	
2024-06-12 22:10:58	549	1260	5	0	0	4	17	0	0	0	17	0	0	5.75	17	0	0	0	17	0	0	1.515		99.9529	56.3367	0.130943	0	1.31005	0.349821	14.4048	1		0	12.0616	39.8571	0	0	0	
2024-06-12 22:11:05	550	1261	9	0	0	4	17	0	0	0	17	0	0	4.5	17	0	0	0	17	0	0	0.433		99.9517	56.2316	0.552237	0	5.52503	0.599326	17.3574	1		0	12.0616	39.9871	0	0	0	
2024-06-12 22:05:12	505	1262	5	0	0	0	1	0	0	0	1	0	0	2	1	0	0	0	1	0	0	1.732		99.9654	58.3435	0.139997	0	1.40046	0.325446	17.5987	1		0	12.0616	42.8459	0	0	0	
2024-06-12 22:07:37	523	1263	9	0	0	2	9	0	0	0	9	0	0	7.5	9	0	0	0	9	0	0	4.762		99.9632	57.0179	0.0510752	0	0.51094	0.526425	17.6568	2		0	12.0616	41.1566	0	0	0	
2024-06-12 22:08:16	527	1264	5	0	0	2	9	0	0	0	9	0	0	6.25	9	0	0	0	9	0	0	3.68		99.9596	56.8991	0.0592994	0	0.593234	0.0874665	15.8414	1		0	12.0616	40.8967	0	0	0	
2024-06-12 22:15:17	582	1265	5	0	0	7	29	0	0	0	29	0	0	5.25	29	0	0	0	29	0	0	1.515		99.9484	56.0478	0.130847	0	1.30914	0.79728	14.3948	1		0	12.0616	39.3374	0	0	0	
2024-06-12 22:15:17	582	1266	9	0	0	7	29	0	0	0	29	0	0	4	29	0	0	0	29	0	0	2.598		99.9484	56.0478	0.0755788	0	0.756178	0.0912099	14.2536	1		0	12.0616	39.3374	0	0	0	
2024-06-12 22:06:55	518	1267	1	0	0	1	5	0	0	0	5	0	0	3.5	5	0	0	0	5	0	0	2.165		99.9619	56.7904	0.0853036	0	0.853361	0.414985	13.4046	1		0	12.0616	41.6764	0	0	0	
2024-06-12 22:14:34	577	1268	1	0	0	6	25	0	0	0	25	0	0	2.5	25	0	0	0	25	0	0	3.031		99.9447	56.0329	0.0765435	0	0.765859	0.0950461	16.8421	2		0	12.0616	39.3374	0	0	0	
2024-06-12 22:24:26	647	1269	1	0	0	3.75	16	0	0	0	16	0	0	2	16	0	0	0	16	0	0	1.515		99.9501	55.409	0.131113	0	1.31178	0.392962	14.4238	1		0.0088623	12.0616	39.2074	0	0	0	
2024-06-12 22:13:29	569	1270	1	0	0	5	21	0	0	0	21	0	0	2	21	0	0	0	21	0	0	2.598		99.9445	56.3557	0.07719	0	0.772329	0.204535	14.5581	1		0	12.0616	39.3374	0	0	0	
2024-06-12 22:08:16	527	1271	1	0	0	2	9	0	0	0	9	0	0	1.75	9	0	0	0	9	0	0	0.216		99.9596	56.8991	0.840313	0	8.40652	0.56738	13.2049	1		0	12.0616	40.8967	0	0	0	
2024-06-12 22:16:38	592	1272	1	0	0	7	29	0	0	0	29	0	0	0	29	0	0	0	29	0	0	6.061		99.9448	55.8903	0.0407099	0	0.407324	0.274996	17.915	1		0	12.0616	39.2074	0	0	0	
2024-06-12 22:05:19	506	1273	5	0	0	0	1	0	0	0	1	0	0	3	1	0	0	0	1	0	0	2.598		99.9668	58.0743	0.0795658	0	0.795923	0.0355796	15.0028	1		0.0088623	12.0616	42.7159	0	0	0	
2024-06-12 22:08:58	533	1274	5	0	0	3	13	0	0	0	13	0	0	7	13	0	0	0	13	0	0	3.464		99.9553	57.7251	0.0609913	0	0.610185	0.320561	15.3356	1		0	12.0616	40.6368	0	0	0	
2024-06-12 22:13:48	571	1275	5	0	0	6	25	0	0	0	25	0	0	7.75	25	0	0	0	25	0	0	1.515		99.9494	56.0156	0.135024	0	1.35093	0.740955	14.8542	1		0	12.0616	39.3374	0	0	0	
2024-06-12 22:14:02	573	1276	5	0	0	6	25	0	0	0	25	0	0	6.5	25	0	0	0	25	0	0	0.433		99.9477	55.8643	0.560477	0	5.6077	0.111184	17.6171	2		0	12.0616	39.4673	0	0	0	
2024-06-12 22:18:18	605	1277	1	0	0	7.75	32	0	0	0	32	0	0	0.75	32	0	0	0	32	0	0	6.061		99.9495	55.9694	0.0364491	0	0.364676	0.383806	16.0393	1		0	11.9552	38.8176	0	0	0	
2024-06-12 22:12:38	562	1278	1	0	0	5	21	0	0	0	21	0	0	3.75	21	0	0	0	21	0	0	1.082		99.9451	56.4459	0.190525	0	1.9063	0.580619	14.972	1		0.0088623	12.0616	39.4673	0	0	0	
2024-06-12 22:10:06	542	1279	1	0	0	3	13	0	0	0	13	0	0	0.5	13	0	0	0	13	0	0	2.165		99.9574	57.5055	0.0879327	0	0.879702	0.321601	13.8183	1		0	12.0616	39.9871	0	0	0	
2024-06-12 22:05:54	510	1280	1	0	0	1	5	0	0	0	5	0	0	1.5	5	0	0	0	5	0	0	0.433		99.9638	56.8621	0.505133	0	5.05316	0.0981509	15.875	2		0	12.0616	42.1962	0	0	0	
2024-06-12 22:26:27	660	1281	1	0	0	2	9	0	0	5.75	9	0	0	3.25	9	0	0	4.5	9	0	0	0.649		99.9598	20.6655	0.173469	0	1.73539	0.432208	13.6297	2		0	12.0616	39.3374	0	0	0	
2024-06-12 22:10:58	549	1282	1	0	0	4	17	0	0	0	17	0	0	1.75	17	0	0	0	17	0	0	1.948		99.9529	56.3367	0.0959555	0	0.960007	0.361817	13.5718	1		0	12.0616	39.8571	0	0	0	
2024-06-12 22:21:02	623	1283	1	0	0	2.5	11	0	0	0	11	0	0	3.25	11	0	0	0	11	0	0	0.649		99.9495	55.914	0.328272	0	3.28438	0.326597	15.4773	2		0	12.0616	39.0775	0	0	0	
2024-06-12 22:17:20	597	1284	9	0	0	7.75	32	0	0	0	32	0	0	5.5	32	0	0	0	32	0	0	1.948		99.9476	55.9216	0.0974583	0	0.975093	0.545742	13.7851	1		0	12.0616	39.2074	0	0	0	
2024-06-12 22:17:13	596	1285	5	0	0	7.75	32	0	0	0	32	0	0	4.25	32	0	0	0	32	0	0	3.031		99.949	55.9378	0.0625476	0	0.625795	0.535899	13.7619	1		0	12.0616	39.2074	0	0	0	
2024-06-12 22:14:27	576	1286	1	0	0	6	25	0	0	0	25	0	0	1.5	25	0	0	0	25	0	0	3.897		99.9515	55.9971	0.0575344	0	0.575624	0.28176	16.2754	1		0	12.0616	39.3374	0	0	0	
2024-06-12 22:10:58	549	1287	9	0	0	4	17	0	0	0	17	0	0	5	17	0	0	0	17	0	0	0.866		99.9529	56.3367	0.253358	0	2.53478	0.571708	15.9265	1		0	12.0616	39.8571	0	0	0	
2024-06-12 22:11:27	553	1288	5	0	0	4	17	0	0	0	17	0	0	3.75	17	0	0	0	17	0	0	0.216		99.9487	56.2204	0.932899	0	9.33378	0.679611	14.6615	1		0	12.0616	39.8571	0	0	0	
2024-06-12 22:03:52	496	1289	1	0	0	0	1	0	0	0	1	0	0	1.25	1	0	0	0	1	0	0	1.082		99.9646	62.3875	0.177863	0	1.77926	0.099594	13.9743	2		0.0088623	12.0261	44.1454	0	0	0	
2024-06-12 22:08:05	526	1290	5	0	0	2	9	0	0	0	9	0	0	5.5	9	0	0	0	9	0	0	3.031		99.9624	57.1566	0.11909	0	1.19135	0.447828	26.1992	2		0.0088623	12.0616	40.8967	0	0	0	
2024-06-12 22:07:10	520	1291	5	0	0	2	9	0	0	0	9	0	0	4.25	9	0	0	0	9	0	0	1.948		99.9645	57.2029	0.101544	0	1.0158	0.334059	14.3605	2		0	12.0616	41.5464	0	0	0	
2024-06-12 22:15:42	585	1292	1	0	0	7	29	0	0	0	29	0	0	3.25	29	0	0	0	29	0	0	3.247		99.9451	56.2242	0.0616124	0	0.616462	0.0574854	14.5251	1		0	12.0616	39.2074	0	0	0	
2024-06-12 22:06:41	516	1293	5	0	0	1	5	0	0	0	5	0	0	2.75	5	0	0	0	5	0	0	1.515		99.9653	56.836	0.121302	0	1.21344	0.609828	13.3425	1		0	12.0616	41.6764	0	0	0	
2024-06-12 22:04:57	503	1294	9	0	0	0	1	0	0	0	1	0	0	7	1	0	0	0	1	0	0	6.061		99.9637	58.4923	0.0408836	0	0.408984	0.857298	17.9881	1		0	12.0616	42.8459	0	0	0	
2024-06-12 22:13:22	568	1295	1	0	0	5	21	0	0	0	21	0	0	1.25	21	0	0	0	21	0	0	3.247		99.9465	56.29	0.0696042	0	0.696415	0.351422	16.4089	1		0	12.0616	39.5972	0	0	0	
2024-06-12 22:08:22	528	1296	1	0	0	2	9	0	0	0	9	0	0	1	9	0	0	0	9	0	0	0.866		99.9585	56.9525	0.229198	0	2.29293	0.683926	14.4069	1		0.0088623	12.0616	40.6368	0	0	0	
2024-06-12 22:08:51	532	1297	5	0	0	3	13	0	0	0	13	0	0	7.5	13	0	0	0	13	0	0	3.897		99.9595	57.6927	0.0562474	0	0.562702	0.868845	15.91	1		0	12.0616	40.6368	0	0	0	
2024-06-12 22:09:05	534	1298	5	0	0	3	13	0	0	0	13	0	0	6.25	13	0	0	0	13	0	0	2.814		99.9593	57.7328	0.0736413	0	0.736713	0.0529955	15.0439	1		0	12.0616	40.6368	0	0	0	
2024-06-12 22:15:58	587	1299	9	0	0	7	29	0	0	0	29	0	0	7.25	29	0	0	0	29	0	0	0.216		99.9462	55.7386	0.778071	0	7.7849	0.293311	12.2285	2		0	12.0616	39.3374	0	0	0	
2024-06-12 22:05:33	508	1300	9	0	0	1	5	0	0	0	5	0	0	6.75	5	0	0	0	5	0	0	4.979		99.9665	57.2505	0.0526131	0	0.526307	0.218143	19.0146	2		0	12.0616	42.4561	0	0	0	
2024-06-12 22:14:20	575	1301	5	0	0	6	25	0	0	0	25	0	0	5.75	25	0	0	0	25	0	0	0.216		99.9483	56.037	0.922751	0	9.23229	0.816228	14.502	1		0	12.0616	39.4673	0	0	0	
2024-06-12 22:14:13	574	1302	5	0	0	6	25	0	0	0	25	0	0	4.5	25	0	0	0	25	0	0	1.299		99.9482	55.9638	0.159244	0	1.59326	0.0659282	15.0162	1		0	12.0616	39.4673	0	0	0	
2024-06-12 22:17:57	602	1303	1	0	0	7.75	32	0	0	0	32	0	0	0	32	0	0	0	32	0	0	6.711		99.9498	56.4851	0.0337325	0	0.337494	0.662294	16.4342	1		0	12.0616	39.2074	0	0	0	
2024-06-12 22:11:59	557	1304	1	0	0	5	21	0	0	0	21	0	0	3	21	0	0	0	21	0	0	1.732		99.9457	56.4706	0.10847	0	1.08529	0.6269	13.6381	1		0	12.0616	39.5972	0	0	0	
2024-06-12 22:06:11	512	1305	1	0	0	1	5	0	0	0	5	0	0	0.75	5	0	0	0	5	0	0	0.216		99.9645	57.1056	0.875229	0	8.7554	0.82312	13.7529	1		0	12.0616	42.0662	0	0	0	
2024-06-12 22:23:01	636	1306	1	0	0	5.75	24	0	0	0	24	0	0	2	24	0	0	0	24	0	0	3.247		99.9482	55.7715	0.0668811	0	0.669157	0.0590246	15.7666	1		0	12.0616	39.2074	0	0	0	
2024-06-12 22:10:28	545	1307	1	0	0	4	17	0	0	0	17	0	0	1	17	0	0	0	17	0	0	2.598		99.9568	56.5027	0.0737735	0	0.738054	0.156132	13.912	1		0	12.0616	40.117	0	0	0	
2024-06-12 22:18:12	604	1308	1	0	0	7.75	32	0	0	0	32	0	0	3.5	32	0	0	0	32	0	0	3.68		99.9519	56.0835	0.0515447	0	0.515695	0.0267833	13.7709	1		0	12.0616	39.2074	0	0	0	
2024-06-12 22:13:37	570	1309	1	0	0	6	25	0	0	0	25	0	0	0.75	25	0	0	0	25	0	0	4.546		99.9483	55.9466	0.0542306	0	0.542587	0.239	17.8982	2		0	12.0616	39.5972	0	0	0	
2024-06-12 22:11:41	555	1310	1	0	0	4	17	0	0	0	17	0	0	3	17	0	0	0	17	0	0	0.866		99.9482	56.2625	0.240649	0	2.40774	0.481344	15.1283	1		0	12.0616	39.8571	0	0	0	
2024-06-12 22:05:04	504	1311	1	0	0	0	1	0	0	0	1	0	0	0.5	1	0	0	0	1	0	0	0.433		99.9645	58.3802	0.496416	0	4.96592	0.851814	15.6009	1		0.0088623	12.0616	42.8459	0	0	0	
2024-06-12 22:25:18	654	1312	1	0	0	3.5	15	0	0	4.25	15	0	0	2.75	15	0	0	5	15	0	0	0.389		99.9557	19.4988	0.348471	0	3.48626	0.0709964	16.4286	1		0	11.9818	39.2074	0	0	0	
2024-06-12 22:07:37	523	1313	1	0	0	2	9	0	0	0	9	0	0	3.5	9	0	0	0	9	0	0	1.299		99.9632	57.0179	0.151151	0	1.51207	0.0249247	14.2509	2		0	12.0616	41.1566	0	0	0	
2024-06-12 22:16:30	591	1314	5	0	0	7	29	0	0	0	29	0	0	2.5	29	0	0	0	29	0	0	3.897		99.9496	55.9182	0.0561126	0	0.56141	0.198683	15.8735	1		0.0088623	12.0616	39.2074	0	0	0	
2024-06-12 22:15:50	586	1315	1	0	0	7	29	0	0	0	29	0	0	2	29	0	0	0	29	0	0	4.33		99.9468	56.0209	0.0511518	0	0.51179	0.210788	16.0784	1		0	12.0616	39.3374	0	0	0	
2024-06-12 22:04:08	497	1316	9	0	0	0	1	0	0	0	1	0	0	7.5	1	0	0	0	1	0	0	6.494		99.9644	60.1908	0.0390661	0	0.3908	0.208372	18.416	2		0	12.0616	43.8855	0	0	0	
2024-06-12 22:04:40	501	1317	5	0	0	0	1	0	0	0	1	0	0	6.25	1	0	0	0	1	0	0	5.412		99.9638	58.5774	0.0442589	0	0.442749	0.290315	17.3867	2		0.0088623	12.0705	43.3657	0	0	0	
2024-06-12 22:13:08	566	1318	1	0	0	5	21	0	0	0	21	0	0	0.5	21	0	0	0	21	0	0	3.897		99.9476	56.3403	0.062184	0	0.622166	0.271309	17.5913	1		0	12.0616	39.4673	0	0	0	
2024-06-12 22:23:47	642	1319	1	0	0	1.25	6	0	0	0	6	0	0	0.5	6	0	0	0	6	0	0	0.649		99.9497	55.4493	0.336189	0	3.36358	0.925484	15.8505	1		0	12.0616	39.0775	0	0	0	
2024-06-12 22:12:14	559	1320	9	0	0	5	21	0	0	0	21	0	0	7	21	0	0	0	21	0	0	1.732		99.9498	56.1239	0.116199	0	1.16258	0.00674484	14.6094	2		0	12.0616	39.5972	0	0	0	
2024-06-12 22:08:05	526	1321	1	0	0	2	9	0	0	0	9	0	0	0.25	9	0	0	0	9	0	0	1.515		99.9624	57.1566	0.128091	0	1.28139	0.112872	14.0897	2		0.0088623	12.0616	40.8967	0	0	0	
2024-06-12 22:10:21	544	1322	5	0	0	4	17	0	0	0	17	0	0	7	17	0	0	0	17	0	0	2.598		99.9594	56.3355	0.0784778	0	0.785097	0.28526	14.7987	1		0	12.0616	40.117	0	0	0	
2024-06-12 22:09:12	535	1323	9	0	0	3	13	0	0	0	13	0	0	5.5	13	0	0	0	13	0	0	2.165		99.9575	57.6804	0.0937445	0	0.937844	0.561095	14.7316	1		0	12.0616	40.3769	0	0	0	
2024-06-12 22:09:30	537	1324	9	0	0	3	13	0	0	0	13	0	0	4.25	13	0	0	0	13	0	0	1.082		99.956	57.8458	0.185039	0	1.85121	0.710715	14.5393	1		0	12.0616	40.3769	0	0	0	
2024-06-12 22:15:58	587	1325	5	0	0	7	29	0	0	0	29	0	0	7.75	29	0	0	0	29	0	0	0.649		99.9462	55.7386	0.344338	0	3.44523	0.057183	16.2353	2		0	12.0616	39.3374	0	0	0	
2024-06-12 22:15:50	586	1326	5	0	0	7	29	0	0	0	29	0	0	6.5	29	0	0	0	29	0	0	0.433		99.9468	56.0209	0.527442	0	5.27723	0.694048	16.5789	1		0	12.0616	39.3374	0	0	0	
2024-06-12 22:05:43	509	1327	9	0	0	1	5	0	0	0	5	0	0	6	5	0	0	0	5	0	0	4.33		99.9628	56.9752	0.0585915	0	0.586133	0.176801	18.4139	2		0	12.0616	42.4561	0	0	0	
2024-06-12 22:06:26	514	1328	5	0	0	1	5	0	0	0	5	0	0	4.75	5	0	0	0	5	0	0	3.247		99.9613	56.9109	0.0708012	0	0.708286	0.703354	16.6886	1		0	12.0616	41.8063	0	0	0	
2024-06-12 22:21:20	625	1329	9	0	0	4.75	20	0	0	0	20	0	0	5	20	0	0	0	20	0	0	0.216		99.9451	55.2747	0.876684	0	8.77165	0.218231	13.7785	2		0	12.0616	39.0775	0	0	0	
2024-06-12 22:14:13	574	1330	9	0	0	6	25	0	0	0	25	0	0	5	25	0	0	0	25	0	0	0.866		99.9482	55.9638	0.25535	0	2.55482	0.852599	16.0524	1		0	12.0616	39.4673	0	0	0	
2024-06-12 22:15:03	580	1331	5	0	0	6	25	0	0	0	25	0	0	3.75	25	0	0	0	25	0	0	1.948		99.9488	56.0492	0.101679	0	1.01731	0.41072	14.3819	1		0	12.0616	39.3374	0	0	0	
2024-06-12 22:05:43	509	1332	1	0	0	1	5	0	0	0	5	0	0	0	5	0	0	0	5	0	0	0.866		99.9628	56.9752	0.235177	0	2.35264	0.230245	14.7821	2		0	12.0616	42.4561	0	0	0	
2024-06-12 22:19:53	616	1333	9	0	0	0.75	4	0	0	0	4	0	0	7	4	0	0	0	4	0	0	5.412		99.95	55.9096	0.0449325	0	0.44955	0.83599	17.6538	1		0	12.0616	39.2074	0	0	0	
2024-06-12 22:10:43	547	1334	1	0	0	4	17	0	0	0	17	0	0	0.25	17	0	0	0	17	0	0	3.247		99.9539	56.5348	0.0606633	0	0.606913	0.249052	14.3	1		0	12.0616	39.9871	0	0	0	
2024-06-12 22:18:12	604	1335	5	0	0	7.75	32	0	0	0	32	0	0	2.75	32	0	0	0	32	0	0	4.33		99.9519	56.0835	0.0459484	0	0.459705	0.0351745	14.4421	1		0	12.0616	39.2074	0	0	0	
2024-06-12 22:13:55	572	1336	1	0	0	6	25	0	0	0	25	0	0	0	25	0	0	0	25	0	0	5.195		99.9459	56.1603	0.0514124	0	0.514403	0.091213	19.3925	1		0	12.0616	39.4673	0	0	0	
2024-06-12 22:08:22	528	1337	5	0	0	2	9	0	0	0	9	0	0	2.75	9	0	0	0	9	0	0	0.649		99.9585	56.9525	0.33853	0	3.38671	0.712318	15.9595	1		0.0088623	12.0616	40.6368	0	0	0	
2024-06-12 22:16:08	588	1338	1	0	0	7	29	0	0	0	29	0	0	1.25	29	0	0	0	29	0	0	4.979		99.9494	55.8588	0.0498586	0	0.498839	0.126547	18.0222	1		0	12.0616	39.2074	0	0	0	
2024-06-12 22:04:25	499	1339	5	0	0	0	1	0	0	0	1	0	0	5.5	1	0	0	0	1	0	0	4.762		99.9645	59.4119	0.0711858	0	0.712111	0.0923763	24.6088	1		0	12.0705	43.6256	0	0	0	
2024-06-12 22:04:18	498	1340	9	0	0	0	1	0	0	0	1	0	0	4.25	1	0	0	0	1	0	0	3.68		99.9598	59.827	0.0570551	0	0.57078	0.102276	15.2419	1		0	12.0616	43.7555	0	0	0	
