Time	MeasID	DPID	Channel	A(x)	A(y)	A(z)	A(adr)	B(x)	B(y)	B(z)	B(adr)	M(x)	M(y)	M(z)	M(adr)	N(x)	N(y)	N(z)	N(adr)	F(x)	F(y)	F(z)	Note	I(mA)	Uout(V)	U(V)	SP(V)	R(Ohm)	Var(%)	Rho-a(Ohm-m)	Cycles	IP Delay Window(mV/V)	Pint(V)	Pext(V)	T int(deg C)	T log(deg C)	Latitude	Longitude
2024-06-23 14:56:26	623	1385	5	0	0	7.75	32	0	0	0	32	0	0	2	32	0	0	0	32	0	0	4.979		99.9547	40.059	0.0416286	0	0.416474	0.193493	15.0465	1		0	12.0439	39.7272	0	0	0	
2024-06-23 14:50:23	581	1386	9	0	0	5	21	0	0	0	21	0	0	7.5	21	0	0	0	21	0	0	2.165		99.9558	40.137	0.089056	0	0.890954	0.139039	13.9951	1		0	12.0439	40.117	0	0	0	
2024-06-23 14:50:49	584	1387	9	0	0	5	21	0	0	0	21	0	0	6.25	21	0	0	0	21	0	0	1.082		99.9552	40.1245	0.187149	0	1.87232	0.110317	14.7052	1		0	12.0439	39.9871	0	0	0	
2024-06-23 14:46:37	555	1388	1	0	0	3	13	0	0	0	13	0	0	1.75	13	0	0	0	13	0	0	1.082		99.9612	40.5343	0.170509	0	1.70575	0.211267	13.3969	1		0	12.0439	40.8967	0	0	0	
2024-06-23 14:55:52	619	1389	5	0	0	7.75	32	0	0	0	32	0	0	6.75	32	0	0	0	32	0	0	0.866		99.9523	40.1116	0.237676	0	2.37789	0.00755291	14.9407	1		0	12.0439	39.7272	0	0	0	
2024-06-23 15:02:15	664	1390	1	0	0	3.25	14	0	0	0	14	0	0	2.5	14	0	0	0	14	0	0	0.649		99.9484	40.3506	0.290844	0	2.90994	0.22128	13.7128	1		0	12.0439	39.8571	0	0	0	
2024-06-23 14:48:29	568	1391	5	0	0	4	17	0	0	0	17	0	0	7.5	17	0	0	0	17	0	0	3.031		99.9582	39.8105	0.0653885	0	0.654158	0.114177	14.3857	1		0.0088623	12.0439	40.3769	0	0	0	
2024-06-23 14:49:01	572	1392	9	0	0	4	17	0	0	0	17	0	0	6.25	17	0	0	0	17	0	0	1.948		99.957	39.8928	0.100137	0	1.0018	0.200167	14.1626	1		0	12.0439	40.247	0	0	0	
2024-06-23 14:47:38	562	1393	1	0	0	3	13	0	0	0	13	0	0	3.5	13	0	0	0	13	0	0	0.433		99.9557	40.3601	0.437264	0	4.37458	0.131894	13.7431	1		0	12.0439	40.6368	0	0	0	
2024-06-23 14:45:14	545	1394	5	0	0	2	9	0	0	0	9	0	0	6.75	9	0	0	0	9	0	0	4.113		99.9686	39.5956	0.0529161	0	0.529327	0.359607	15.7978	1		0	12.0439	41.4165	0	0	0	
2024-06-23 14:54:19	608	1395	9	0	0	7	29	0	0	0	29	0	0	5.75	29	0	0	0	29	0	0	1.082		99.9569	39.9815	0.188116	0	1.88197	0.0742548	14.781	1		0	12.0439	39.7272	0	0	0	
2024-06-23 14:53:44	604	1396	9	0	0	7	29	0	0	0	29	0	0	4.5	29	0	0	0	29	0	0	2.165		99.953	40.0334	0.0899926	0	0.900349	0.145639	14.1427	1		0	12.0439	39.7272	0	0	0	
2024-06-23 14:43:41	534	1397	9	0	0	1	5	0	0	0	5	0	0	5.25	5	0	0	0	5	0	0	3.68		99.966	39.1981	0.0603057	0	0.603262	0.293468	16.1092	1		0	12.0439	42.1962	0	0	0	
2024-06-23 14:43:02	530	1398	9	0	0	1	5	0	0	0	5	0	0	4	5	0	0	0	5	0	0	2.598		99.9662	39.3696	0.0727681	0	0.727926	0.302776	13.7211	1		0.0088623	12.0439	42.7159	0	0	0	
2024-06-23 15:00:35	652	1399	1	0	0	4.75	20	0	0	0	20	0	0	3	20	0	0	0	20	0	0	1.515		99.9508	40.2918	0.122919	0	1.22979	0.0573678	13.5223	1		0	12.0439	39.8571	0	0	0	
2024-06-23 14:52:57	599	1400	5	0	0	6	25	0	0	0	25	0	0	3	25	0	0	0	25	0	0	2.598		99.9545	40.0324	0.076014	0	0.760486	0.169149	14.3348	1		0	12.0439	39.8571	0	0	0	
2024-06-23 14:45:47	549	1401	1	0	0	2	9	0	0	0	9	0	0	2.25	9	0	0	0	9	0	0	0.216		99.9666	39.7559	0.690651	0	6.90881	0.127045	10.8523	1		0.0088623	12.0439	41.2865	0	0	0	
2024-06-23 14:53:26	602	1402	1	0	0	7	29	0	0	0	29	0	0	0.5	29	0	0	0	29	0	0	5.628		99.9496	39.9936	0.0432596	0	0.432814	0.181336	17.6764	1		0.0088623	12.0439	39.8571	0	0	0	
2024-06-23 14:41:23	519	1403	1	0	0	0	1	0	0	0	1	0	0	3.5	1	0	0	0	1	0	0	3.031		99.9717	39.4323	0.0678591	0	0.678783	0.644307	14.9272	1		0.0088623	12.0439	44.2753	0	0	0	
2024-06-23 15:02:06	663	1404	1	0	0	1.75	8	0	0	0	8	0	0	0	8	0	0	0	8	0	0	1.515		99.953	40.4334	0.118344	0	1.18399	0.169459	13.0187	1		0	12.0439	39.8571	0	0	0	
2024-06-23 14:52:40	597	1405	5	0	0	6	25	0	0	0	25	0	0	7	25	0	0	0	25	0	0	0.866		99.9579	40.0845	0.243109	0	2.43212	0.0600941	15.2814	1		0	12.0439	39.8571	0	0	0	
2024-06-23 15:01:16	657	1406	1	0	0	6.5	27	0	0	0	27	0	0	1.25	27	0	0	0	27	0	0	4.546		99.9584	40.522	0.0525639	0	0.525858	0.520442	17.3463	1		0	12.0439	39.8571	0	0	0	
2024-06-23 14:56:26	623	1407	1	0	0	7.75	32	0	0	0	32	0	0	1.25	32	0	0	0	32	0	0	5.628		99.9547	40.059	0.0391456	0	0.391633	0.263151	15.9946	1		0	12.0439	39.7272	0	0	0	
2024-06-23 14:50:32	582	1408	9	0	0	5	21	0	0	0	21	0	0	5.5	21	0	0	0	21	0	0	0.433		99.9602	40.1858	0.456771	0	4.56953	0.199089	14.3556	1		0	12.0439	40.117	0	0	0	
2024-06-23 14:49:54	578	1409	5	0	0	5	21	0	0	0	21	0	0	4.25	21	0	0	0	21	0	0	0.649		99.9586	40.2574	0.311043	0	3.11171	0.0518702	14.6636	2		0	12.0439	40.117	0	0	0	
2024-06-23 14:46:54	557	1410	1	0	0	3	13	0	0	0	13	0	0	1	13	0	0	0	13	0	0	1.732		99.9616	40.4042	0.104056	0	1.04096	0.0313519	13.0811	1		0	12.0439	40.8967	0	0	0	
2024-06-23 14:43:02	530	1411	1	0	0	1	5	0	0	0	5	0	0	2	5	0	0	0	5	0	0	0.866		99.9662	39.3696	0.211529	0	2.116	0.154375	13.2952	1		0.0088623	12.0439	42.7159	0	0	0	
2024-06-23 14:57:43	632	1412	9	0	0	1.75	8	0	0	0	8	0	0	6	8	0	0	0	8	0	0	3.68		99.9601	40.5077	0.0593418	0	0.593655	0.708945	15.8527	1		0	12.0439	39.7272	0	0	0	
2024-06-23 14:49:36	576	1413	5	0	0	4	17	0	0	0	17	0	0	2.25	17	0	0	0	17	0	0	1.515		99.959	39.8866	0.120399	0	1.20449	0.0563384	13.244	1		0	12.0439	40.247	0	0	0	
2024-06-23 14:56:00	620	1414	9	0	0	7.75	32	0	0	0	32	0	0	6	32	0	0	0	32	0	0	1.515		99.9535	40.1251	0.12926	0	1.2932	0.279846	14.2195	1		0	12.0439	39.7272	0	0	0	
2024-06-23 14:55:25	616	1415	9	0	0	7.75	32	0	0	0	32	0	0	4.75	32	0	0	0	32	0	0	2.598		99.9512	40.4075	0.0731607	0	0.731965	0.198048	13.7972	1		0	12.0439	39.8571	0	0	0	
2024-06-23 14:51:49	591	1416	1	0	0	6	25	0	0	0	25	0	0	2	25	0	0	0	25	0	0	3.464		99.9553	40.0973	0.0628024	0	0.628304	0.192235	15.791	1		0	12.0439	39.8571	0	0	0	
2024-06-23 14:48:20	567	1417	5	0	0	4	17	0	0	0	17	0	0	5.5	17	0	0	0	17	0	0	1.299		99.9578	39.881	0.153847	0	1.53912	0.0243412	14.5059	1		0	12.0439	40.3769	0	0	0	
2024-06-23 14:49:11	573	1418	5	0	0	4	17	0	0	0	17	0	0	4.25	17	0	0	0	17	0	0	0.216		99.9561	39.7728	0.78211	0	7.82453	0.0125027	12.2907	1		0	12.0439	40.247	0	0	0	
2024-06-23 14:41:07	518	1419	1	0	0	0	1	0	0	0	1	0	0	1.75	1	0	0	0	1	0	0	1.515		99.9705	39.4593	0.119546	0	1.19581	0.022794	13.1487	2		0.0088623	12.0084	44.5352	0	0	0	
2024-06-23 15:03:20	672	1420	1	0	0	3.75	16	0	0	4	16	0	0	3.5	16	0	0	4.25	16	0	0	0.13		99.9595	17.1771	0.509733	0	5.0994	0.282371	8.01012	1		0	12.0439	39.9871	0	0	0	
2024-06-23 14:48:02	565	1421	1	0	0	3	13	0	0	0	13	0	0	2.75	13	0	0	0	13	0	0	0.216		99.9675	40.7562	0.683627	0	6.83849	0.355961	10.7419	1		0	12.0439	40.6368	0	0	0	
2024-06-23 14:45:31	547	1422	9	0	0	2	9	0	0	0	9	0	0	6	9	0	0	0	9	0	0	3.464		99.9643	39.55	0.0624559	0	0.624783	0.0973411	15.7025	1		0.0088623	12.0439	41.4165	0	0	0	
2024-06-23 14:45:23	546	1423	5	0	0	2	9	0	0	0	9	0	0	4.75	9	0	0	0	9	0	0	2.381		99.9684	39.5841	0.0813778	0	0.814035	0.0758413	14.0655	1		0	12.0439	41.4165	0	0	0	
2024-06-23 14:54:01	606	1424	5	0	0	7	29	0	0	0	29	0	0	5	29	0	0	0	29	0	0	1.732		99.9554	40.0097	0.112202	0	1.12252	0.119613	14.106	1		0	12.0439	39.7272	0	0	0	
2024-06-23 14:53:35	603	1425	1	0	0	7	29	0	0	0	29	0	0	3.75	29	0	0	0	29	0	0	2.814		99.9482	40.0077	0.0706192	0	0.706559	0.223096	14.4282	1		0	12.0439	39.8571	0	0	0	
2024-06-23 14:43:48	535	1426	1	0	0	1	5	0	0	0	5	0	0	3.25	5	0	0	0	5	0	0	1.948		99.9682	39.3962	0.0931424	0	0.93172	0.0937215	13.1719	1		0	12.0439	42.1962	0	0	0	
2024-06-23 14:57:16	629	1427	9	0	0	2.75	12	0	0	0	12	0	0	5	12	0	0	0	12	0	0	1.948		99.9507	39.94	0.0948701	0	0.949169	0.100289	13.4186	1		0.0088623	12.0439	39.7272	0	0	0	
2024-06-23 14:50:56	585	1428	1	0	0	5	21	0	0	0	21	0	0	1.75	21	0	0	0	21	0	0	2.814		99.9575	40.3537	0.0728923	0	0.729233	0.933617	14.8912	1		0	12.0439	40.117	0	0	0	
2024-06-23 14:46:11	552	1429	1	0	0	2	9	0	0	0	9	0	0	1.5	9	0	0	0	9	0	0	0.433		99.9618	39.9982	0.416902	0	4.17061	0.0954321	13.1024	1		0	12.0439	41.1566	0	0	0	
2024-06-23 14:42:01	523	1430	1	0	0	0	1	0	0	0	1	0	0	2.75	1	0	0	0	1	0	0	2.381		99.9671	39.3079	0.118082	0	1.1812	0.13894	20.4097	2		0	12.0439	43.4956	0	0	0	
2024-06-23 14:57:07	628	1431	9	0	0	3.25	14	0	0	0	14	0	0	4.5	14	0	0	0	14	0	0	1.082		99.9574	40.5563	0.176066	0	1.76141	0.0912947	13.834	1		0	12.0439	39.7272	0	0	0	
2024-06-23 14:46:45	556	1432	5	0	0	3	13	0	0	0	13	0	0	6.75	13	0	0	0	13	0	0	3.247		99.96	40.485	0.0643369	0	0.643627	0.0803466	15.1651	1		0	12.0439	40.8967	0	0	0	
2024-06-23 14:43:29	533	1433	9	0	0	1	5	0	0	0	5	0	0	7.25	5	0	0	0	5	0	0	5.412		99.9659	39.1897	0.0563979	0	0.564172	0.0170346	22.155	2		0	12.0439	42.4561	0	0	0	
2024-06-23 14:52:13	594	1434	9	0	0	6	25	0	0	0	25	0	0	7.5	25	0	0	0	25	0	0	1.299		99.9564	40.355	0.15182	0	1.51886	0.0533253	14.3149	1		0	12.0439	39.8571	0	0	0	
2024-06-23 14:51:40	590	1435	5	0	0	6	25	0	0	0	25	0	0	6.25	25	0	0	0	25	0	0	0.216		99.9516	40.0736	0.766189	0	7.66559	0.246824	12.0411	1		0	12.0439	39.9871	0	0	0	
2024-06-23 14:56:35	624	1436	5	0	0	7.75	32	0	0	0	32	0	0	0.5	32	0	0	0	32	0	0	6.278		99.9435	39.9831	0.0361689	0	0.361893	0.0712859	16.4854	1		0	12.0439	39.7272	0	0	0	
2024-06-23 14:49:54	578	1437	1	0	0	5	21	0	0	0	21	0	0	3.5	21	0	0	0	21	0	0	1.299		99.9586	40.2574	0.145244	0	1.45304	0.101286	13.6946	2		0	12.0439	40.117	0	0	0	
2024-06-23 14:47:12	559	1438	1	0	0	3	13	0	0	0	13	0	0	0.25	13	0	0	0	13	0	0	2.381		99.957	40.352	0.0770744	0	0.771075	0.0150932	13.3232	1		0	12.0439	40.7668	0	0	0	
2024-06-23 14:43:20	532	1439	1	0	0	1	5	0	0	0	5	0	0	1.25	5	0	0	0	5	0	0	0.216		99.9699	39.2956	0.695016	0	6.95225	0.1281	10.9206	1		0	12.0439	42.4561	0	0	0	
2024-06-23 14:49:36	576	1440	1	0	0	4	17	0	0	0	17	0	0	1.5	17	0	0	0	17	0	0	2.165		99.959	39.8866	0.0848468	0	0.848816	0.102314	13.3332	1		0	12.0439	40.247	0	0	0	
2024-06-23 14:57:51	633	1441	9	0	0	1.5	7	0	0	0	7	0	0	6.25	7	0	0	0	7	0	0	4.113		99.9544	39.6364	0.0581317	0	0.581582	0.818432	17.3574	2		0	12.0439	39.7272	0	0	0	
2024-06-23 14:55:43	618	1442	9	0	0	7.75	32	0	0	0	32	0	0	5.25	32	0	0	0	32	0	0	2.165		99.9535	40.1396	0.0872933	0	0.87334	0.163061	13.7184	1		0	12.0439	39.7272	0	0	0	
2024-06-23 14:55:09	614	1443	9	0	0	7.75	32	0	0	0	32	0	0	4	32	0	0	0	32	0	0	3.247		99.9518	40.2051	0.0593857	0	0.594143	0.580175	13.9992	1		0	12.0439	39.7272	0	0	0	
2024-06-23 14:53:05	600	1444	1	0	0	6	25	0	0	0	25	0	0	1.25	25	0	0	0	25	0	0	4.113		99.9593	40.2314	0.0576755	0	0.57699	0.634603	17.2203	1		0	12.0439	39.8571	0	0	0	
2024-06-23 14:49:11	573	1445	1	0	0	4	17	0	0	0	17	0	0	3.5	17	0	0	0	17	0	0	0.433		99.9561	39.7728	0.465061	0	4.65265	0.116904	14.6167	1		0	12.0439	40.247	0	0	0	
2024-06-23 14:42:45	528	1446	1	0	0	0	1	0	0	0	1	0	0	1	1	0	0	0	1	0	0	0.866		99.9711	39.5274	0.215637	0	2.15699	0.0241826	13.5528	1		0	12.0439	42.9758	0	0	0	
2024-06-23 14:45:40	548	1447	5	0	0	2	9	0	0	0	9	0	0	5.25	9	0	0	0	9	0	0	2.814		99.9655	39.5506	0.0765731	0	0.765995	0.302328	15.6419	1		0	12.0439	41.2865	0	0	0	
2024-06-23 14:45:23	546	1448	9	0	0	2	9	0	0	0	9	0	0	4	9	0	0	0	9	0	0	1.732		99.9684	39.5841	0.106487	0	1.06521	0.0455953	13.3858	1		0	12.0439	41.4165	0	0	0	
2024-06-23 15:02:23	665	1449	1	0	0	3.5	15	0	0	0	15	0	0	2.25	15	0	0	0	15	0	0	1.082		99.9543	39.8694	0.170786	0	1.70864	0.110189	13.4196	1		0	12.0439	39.8571	0	0	0	
2024-06-23 14:54:28	609	1450	1	0	0	7	29	0	0	0	29	0	0	3	29	0	0	0	29	0	0	3.464		99.959	39.9692	0.0586139	0	0.586379	0.235216	14.7373	1		0	12.0439	39.7272	0	0	0	
2024-06-23 14:44:23	539	1451	5	0	0	1	5	0	0	0	5	0	0	2.5	5	0	0	0	5	0	0	1.299		99.9686	39.1962	0.140689	0	1.40733	0.0727452	13.2638	1		0	12.0439	41.9363	0	0	0	
2024-06-23 14:41:23	519	1452	9	0	0	0	1	0	0	0	1	0	0	6.75	1	0	0	0	1	0	0	5.845		99.9717	39.4323	0.0408354	0	0.408469	0.508783	17.3238	1		0.0088623	12.0439	44.2753	0	0	0	
2024-06-23 14:59:06	641	1453	1	0	0	2.75	12	0	0	0	12	0	0	3	12	0	0	0	12	0	0	0.216		99.9538	40.0164	0.692852	0	6.93172	0.127629	10.8883	1		0	12.0439	39.7272	0	0	0	
2024-06-23 14:51:06	586	1454	5	0	0	5	21	0	0	0	21	0	0	1	21	0	0	0	21	0	0	3.464		99.9569	40.1795	0.0609247	0	0.60951	0.732357	15.3187	1		0	12.0439	39.9871	0	0	0	
2024-06-23 15:04:38	681	1455	1	0	0	0.5	3	0	0	7.25	3	0	0	2.75	3	0	0	5	3	0	0	1.168		99.9542	18.6714	0.0723283	0	0.723614	0.0703459	10.2299	2		0	12.0439	39.8571	0	0	0	
2024-06-23 14:59:54	647	1456	9	0	0	6.75	28	0	0	0	28	0	0	7	28	0	0	0	28	0	0	0.216		99.9536	40.4472	0.740947	0	7.41291	0.163607	11.6442	1		0	12.0439	39.7272	0	0	0	
2024-06-23 14:45:05	544	1457	1	0	0	2	9	0	0	0	9	0	0	0.75	9	0	0	0	9	0	0	1.082		99.9673	39.5552	0.166713	0	1.66767	0.049452	13.0979	1		0	12.0439	41.5464	0	0	0	
2024-06-23 14:46:45	556	1458	9	0	0	3	13	0	0	0	13	0	0	6	13	0	0	0	13	0	0	2.598		99.96	40.485	0.0760397	0	0.760702	0.210091	14.3389	1		0	12.0439	40.8967	0	0	0	
2024-06-23 14:47:29	561	1459	9	0	0	3	13	0	0	0	13	0	0	4.75	13	0	0	0	13	0	0	1.515		99.9585	40.4169	0.123788	0	1.2384	0.110411	13.6169	1		0	12.0439	40.6368	0	0	0	
2024-06-23 14:43:48	535	1460	5	0	0	1	5	0	0	0	5	0	0	7.75	5	0	0	0	5	0	0	5.845		99.9682	39.3962	0.0388091	0	0.388215	0.0319664	16.4648	1		0	12.0439	42.1962	0	0	0	
2024-06-23 14:43:11	531	1461	9	0	0	1	5	0	0	0	5	0	0	6.5	5	0	0	0	5	0	0	4.762		99.9639	39.329	0.0503073	0	0.503255	0.0847126	17.3912	1		0.0088623	12.0439	42.586	0	0	0	
2024-06-23 14:52:23	595	1462	5	0	0	6	25	0	0	0	25	0	0	5.5	25	0	0	0	25	0	0	0.433		99.9566	40.1804	0.463982	0	4.64183	0.314913	14.5827	1		0	12.0439	39.8571	0	0	0	
2024-06-23 14:52:31	596	1463	5	0	0	6	25	0	0	0	25	0	0	4.25	25	0	0	0	25	0	0	1.515		99.9549	40.1193	0.129207	0	1.29266	0.128812	14.2135	1		0	12.0439	39.8571	0	0	0	
2024-06-23 14:51:32	589	1464	1	0	0	5	21	0	0	0	21	0	0	2.75	21	0	0	0	21	0	0	1.948		99.9538	40.1003	0.0953009	0	0.95345	0.109399	13.4791	1		0	12.0439	39.8571	0	0	0	
2024-06-23 14:44:15	538	1465	1	0	0	1	5	0	0	0	5	0	0	0.5	5	0	0	0	5	0	0	0.433		99.9668	39.2152	0.437367	0	4.37512	0.144104	13.7449	1		0	12.0439	41.9363	0	0	0	
2024-06-23 14:49:19	574	1466	5	0	0	4	17	0	0	0	17	0	0	0.75	17	0	0	0	17	0	0	2.814		99.957	39.7043	0.0694218	0	0.694517	0.388401	14.1823	1		0	12.0439	40.117	0	0	0	
2024-06-23 14:55:34	617	1467	1	0	0	7.75	32	0	0	0	32	0	0	3.25	32	0	0	0	32	0	0	3.897		99.9473	40.2002	0.0502073	0	0.502338	0.0732286	14.2033	1		0	12.0439	39.7272	0	0	0	
2024-06-23 15:03:53	676	1468	1	0	0	2.75	12	0	0	5	12	0	0	0.5	12	0	0	7.25	12	0	0	1.168		99.9608	18.402	0.0722278	0	0.722562	0.373474	10.215	1		0	12.0439	39.8571	0	0	0	
2024-06-23 14:58:04	634	1469	9	0	0	1.25	6	0	0	0	6	0	0	6.5	6	0	0	0	6	0	0	4.546		99.951	40.0787	0.0511247	0	0.511498	0.262901	16.8726	1		0	12.0439	39.7272	0	0	0	
2024-06-23 14:52:49	598	1470	1	0	0	6	25	0	0	0	25	0	0	0.5	25	0	0	0	25	0	0	4.762		99.954	40.0706	0.0520854	0	0.521094	0.255289	18.0077	1		0.0088623	12.0439	39.8571	0	0	0	
2024-06-23 14:49:46	577	1471	1	0	0	4	17	0	0	0	17	0	0	2.75	17	0	0	0	17	0	0	1.082		99.9647	39.7331	0.174186	0	1.74248	0.0360186	13.6854	1		0.0088623	12.0439	40.117	0	0	0	
2024-06-23 14:42:38	527	1472	5	0	0	0	1	0	0	0	1	0	0	0.25	1	0	0	0	1	0	0	0.216		99.9658	39.3822	0.693586	0	6.93823	0.0646193	10.8986	1		0.0088623	12.0439	42.9758	0	0	0	
2024-06-23 14:45:55	550	1473	1	0	0	2	9	0	0	0	9	0	0	3.25	9	0	0	0	9	0	0	1.082		99.9694	39.8764	0.171117	0	1.71169	0.0638209	13.4436	1		0.0088623	12.0439	41.1566	0	0	0	
2024-06-23 14:54:51	612	1474	5	0	0	7	29	0	0	0	29	0	0	1.75	29	0	0	0	29	0	0	4.546		99.9537	40.2173	0.0506785	0	0.50702	0.428214	16.7249	1		0	11.9375	39.7272	0	0	0	
2024-06-23 14:42:13	524	1475	9	0	0	0	1	0	0	0	1	0	0	6	1	0	0	0	1	0	0	5.195		99.9711	39.3217	0.0484786	0	0.484926	0.366306	18.2813	1		0	12.0439	43.3657	0	0	0	
2024-06-23 14:41:07	518	1476	9	0	0	0	1	0	0	0	1	0	0	4.75	1	0	0	0	1	0	0	4.113		99.9705	39.4593	0.0519263	0	0.519416	0.0178031	15.502	2		0.0088623	12.0084	44.5352	0	0	0	
2024-06-23 15:01:32	659	1477	1	0	0	7.25	30	0	0	0	30	0	0	0.5	30	0	0	0	30	0	0	5.845		99.9539	40.4487	0.0467884	0	0.468099	0.38024	19.8528	1		0	12.0439	39.8571	0	0	0	
2024-06-23 14:51:23	588	1478	1	0	0	5	21	0	0	0	21	0	0	0.25	21	0	0	0	21	0	0	4.113		99.9546	40.1283	0.0512731	0	0.512964	0.249284	15.3095	1		0	12.0439	39.9871	0	0	0	
2024-06-23 14:50:40	583	1479	9	0	0	5	21	0	0	0	21	0	0	6.75	21	0	0	0	21	0	0	1.515		99.9591	40.1684	0.133208	0	1.33263	0.310682	14.653	1		0	12.0439	39.9871	0	0	0	
2024-06-23 14:47:53	564	1480	5	0	0	3	13	0	0	0	13	0	0	2.25	13	0	0	0	13	0	0	0.649		99.9624	40.6929	0.289625	0	2.89734	0.181811	13.6534	1		0	11.9375	40.6368	0	0	0	
2024-06-23 14:45:23	546	1481	1	0	0	2	9	0	0	0	9	0	0	0	9	0	0	0	9	0	0	1.732		99.9684	39.5841	0.121458	0	1.21497	0.0337689	15.2677	1		0	12.0439	41.4165	0	0	0	
2024-06-23 15:00:02	648	1482	9	0	0	6.5	27	0	0	0	27	0	0	7.25	27	0	0	0	27	0	0	0.649		99.9559	40.6432	0.3125	0	3.12638	0.155276	14.7327	1		0	12.0439	39.8571	0	0	0	
2024-06-23 14:55:34	617	1483	5	0	0	7.75	32	0	0	0	32	0	0	7.25	32	0	0	0	32	0	0	0.433		99.9473	40.2002	0.451567	0	4.51805	0.363722	14.1939	1		0	12.0439	39.7272	0	0	0	
2024-06-23 15:01:42	660	1484	1	0	0	7.5	31	0	0	0	31	0	0	0.25	31	0	0	0	31	0	0	6.278		99.953	40.1984	0.0365497	0	0.365669	0.532905	16.6574	1		0.0088623	12.0439	39.7272	0	0	0	
2024-06-23 14:58:41	638	1485	1	0	0	0.75	4	0	0	0	4	0	0	1	4	0	0	0	4	0	0	0.216		99.9513	40.1259	0.704912	0	7.05256	0.0948409	11.0781	1		0	12.0439	39.7272	0	0	0	
2024-06-23 15:00:51	654	1486	1	0	0	5.5	23	0	0	0	23	0	0	2.25	23	0	0	0	23	0	0	2.814		99.9504	40.0297	0.0779749	0	0.780136	0.0777888	15.9306	1		0	12.0439	39.7272	0	0	0	
2024-06-23 14:48:11	566	1487	9	0	0	4	17	0	0	0	17	0	0	6.75	17	0	0	0	17	0	0	2.381		99.9558	39.9745	0.0836375	0	0.836744	0.0165031	14.4579	1		0	12.0439	40.5069	0	0	0	
2024-06-23 14:47:12	559	1488	9	0	0	3	13	0	0	0	13	0	0	5.25	13	0	0	0	13	0	0	1.948		99.957	40.352	0.0982273	0	0.982696	0.0116803	13.8925	1		0	12.0439	40.7668	0	0	0	
2024-06-23 14:47:03	558	1489	9	0	0	3	13	0	0	0	13	0	0	4	13	0	0	0	13	0	0	0.866		99.9584	40.3615	0.226918	0	2.27012	0.120664	14.2636	1		0	12.0439	40.7668	0	0	0	
2024-06-23 14:44:57	543	1490	9	0	0	2	9	0	0	0	9	0	0	7.25	9	0	0	0	9	0	0	4.546		99.9665	39.593	0.0534723	0	0.534903	0.0252359	17.6447	1		0	12.0439	41.6764	0	0	0	
2024-06-23 14:53:35	603	1491	9	0	0	7	29	0	0	0	29	0	0	7.5	29	0	0	0	29	0	0	0.433		99.9482	40.0077	0.442476	0	4.42706	0.287601	13.908	1		0	12.0439	39.8571	0	0	0	
2024-06-23 14:54:10	607	1492	9	0	0	7	29	0	0	0	29	0	0	6.25	29	0	0	0	29	0	0	0.649		99.9543	39.9903	0.320915	0	3.21062	0.112995	15.1297	1		0	12.0439	39.7272	0	0	0	
2024-06-23 14:43:57	536	1493	9	0	0	1	5	0	0	0	5	0	0	5.75	5	0	0	0	5	0	0	4.113		99.9689	39.2759	0.0521455	0	0.521618	0.382416	15.5677	1		0.0088623	12.0439	42.1962	0	0	0	
2024-06-23 14:43:20	532	1494	9	0	0	1	5	0	0	0	5	0	0	4.5	5	0	0	0	5	0	0	3.031		99.9699	39.2956	0.0684062	0	0.684268	0.0460521	15.0478	1		0	12.0439	42.4561	0	0	0	
2024-06-23 14:52:23	595	1495	1	0	0	6	25	0	0	0	25	0	0	3.5	25	0	0	0	25	0	0	2.165		99.9566	40.1804	0.0878453	0	0.878835	0.0154801	13.8047	1		0	12.0439	39.8571	0	0	0	
2024-06-23 14:49:01	572	1496	1	0	0	4	17	0	0	0	17	0	0	0	17	0	0	0	17	0	0	3.464		99.957	39.8928	0.0597666	0	0.597923	0.284152	15.0274	1		0	12.0439	40.247	0	0	0	
2024-06-23 14:55:52	619	1497	1	0	0	7.75	32	0	0	0	32	0	0	2.5	32	0	0	0	32	0	0	4.546		99.9523	40.1116	0.0460239	0	0.460458	0.517297	15.189	1		0	12.0439	39.7272	0	0	0	
2024-06-23 14:46:19	553	1498	1	0	0	2	9	0	0	0	9	0	0	2.5	9	0	0	0	9	0	0	0.433		99.9631	40.0582	0.414472	0	4.14625	0.185955	13.0258	1		0.0088623	11.9375	41.0267	0	0	0	
2024-06-23 14:54:35	610	1499	1	0	0	7	29	0	0	0	29	0	0	1	29	0	0	0	29	0	0	5.195		99.9544	40.1566	0.0455854	0	0.456062	0.141996	17.1931	1		0	12.0439	39.8571	0	0	0	
2024-06-23 14:41:32	520	1500	5	0	0	0	1	0	0	0	1	0	0	5.25	1	0	0	0	1	0	0	4.546		99.9684	39.4388	0.0495209	0	0.495366	0.374313	16.3405	1		0.0088623	12.0439	44.1454	0	0	0	
2024-06-23 14:41:52	522	1501	9	0	0	0	1	0	0	0	1	0	0	4	1	0	0	0	1	0	0	3.464		99.9681	39.3579	0.0599292	0	0.599483	0.526041	15.0667	1		0.0088623	12.0439	43.6256	0	0	0	
2024-06-23 14:56:08	621	1502	1	0	0	7.75	32	0	0	0	32	0	0	1.75	32	0	0	0	32	0	0	5.195		99.9505	40.084	0.0415697	0	0.415903	0.266982	15.6792	1		0	12.0439	39.7272	0	0	0	
2024-06-23 14:50:49	584	1503	5	0	0	5	21	0	0	0	21	0	0	6	21	0	0	0	21	0	0	0.866		99.9552	40.1245	0.236282	0	2.36388	0.17265	14.8527	1		0	12.0439	39.9871	0	0	0	
2024-06-23 14:50:13	580	1504	9	0	0	5	21	0	0	0	21	0	0	4.75	21	0	0	0	21	0	0	0.216		99.9598	40.1979	0.718461	0	7.1875	0.203838	11.2901	1		0	12.0439	40.117	0	0	0	
2024-06-23 14:47:46	563	1505	1	0	0	3	13	0	0	0	13	0	0	1.5	13	0	0	0	13	0	0	1.299		99.9618	40.5762	0.138533	0	1.38586	0.0995781	13.0614	1		0	12.0439	40.5069	0	0	0	
2024-06-23 14:55:52	619	1506	9	0	0	7.75	32	0	0	0	32	0	0	6.5	32	0	0	0	32	0	0	1.082		99.9523	40.1116	0.18602	0	1.86109	0.0299702	14.617	1		0	12.0439	39.7272	0	0	0	
2024-06-23 14:57:35	631	1507	9	0	0	2.25	10	0	0	0	10	0	0	5.5	10	0	0	0	10	0	0	2.814		99.9576	40.6442	0.0780053	0	0.780384	0.389175	15.9357	1		0	12.0439	39.8571	0	0	0	
2024-06-23 15:03:45	675	1508	1	0	0	3	13	0	0	4.75	13	0	0	1.25	13	0	0	6.5	13	0	0	0.908		99.9589	18.6435	0.0948493	0	0.948884	0.238354	10.4335	1		0	12.0439	39.8571	0	0	0	
2024-06-23 14:48:37	569	1509	9	0	0	4	17	0	0	0	17	0	0	6	17	0	0	0	17	0	0	1.732		99.9605	39.7598	0.11228	0	1.12324	0.0818501	14.115	1		0	12.0439	40.3769	0	0	0	
2024-06-23 14:48:45	570	1510	9	0	0	4	17	0	0	0	17	0	0	4.75	17	0	0	0	17	0	0	0.649		99.9576	39.6739	0.324717	0	3.24854	0.124657	15.3084	1		0	12.0439	40.3769	0	0	0	
2024-06-23 14:42:53	529	1511	1	0	0	0	1	0	0	0	1	0	0	2.25	1	0	0	0	1	0	0	1.948		99.9723	39.5999	0.102341	0	1.02369	0.529128	14.4721	1		0	12.0439	42.8459	0	0	0	
2024-06-23 15:03:37	674	1512	1	0	0	3.25	14	0	0	4.5	14	0	0	2	14	0	0	5.75	14	0	0	0.649		99.9523	18.6037	0.155048	0	1.55122	0.342452	12.1832	1		0.0088623	12.0439	39.8571	0	0	0	
2024-06-23 14:47:38	562	1513	5	0	0	3	13	0	0	0	13	0	0	3.25	13	0	0	0	13	0	0	0.216		99.9557	40.3601	0.705904	0	7.06217	0.142037	11.0932	1		0	12.0439	40.6368	0	0	0	
2024-06-23 14:44:48	542	1514	9	0	0	2	9	0	0	0	9	0	0	7.75	9	0	0	0	9	0	0	4.979		99.9682	39.5623	0.0428666	0	0.428803	0.793632	15.4919	1		0.0088623	12.0439	41.6764	0	0	0	
2024-06-23 14:45:47	549	1515	5	0	0	2	9	0	0	0	9	0	0	6.5	9	0	0	0	9	0	0	3.897		99.9666	39.7559	0.054848	0	0.548663	0.0945707	15.5131	1		0.0088623	12.0439	41.2865	0	0	0	
2024-06-23 14:54:19	608	1516	5	0	0	7	29	0	0	0	29	0	0	5.5	29	0	0	0	29	0	0	1.299		99.9569	39.9815	0.153297	0	1.53363	0.0338883	14.4541	1		0	12.0439	39.7272	0	0	0	
2024-06-23 14:53:26	602	1517	5	0	0	7	29	0	0	0	29	0	0	4.25	29	0	0	0	29	0	0	2.381		99.9496	39.9936	0.0826331	0	0.826747	0.0867562	14.2852	1		0.0088623	12.0439	39.8571	0	0	0	
2024-06-23 14:43:41	534	1518	5	0	0	1	5	0	0	0	5	0	0	5	5	0	0	0	5	0	0	3.464		99.966	39.1981	0.0603874	0	0.604079	0.111917	15.1822	1		0	12.0439	42.1962	0	0	0	
2024-06-23 14:43:11	531	1519	1	0	0	1	5	0	0	0	5	0	0	3.75	5	0	0	0	5	0	0	2.381		99.9639	39.329	0.080708	0	0.807372	0.149159	13.9504	1		0.0088623	12.0439	42.586	0	0	0	
2024-06-23 14:52:57	599	1520	1	0	0	6	25	0	0	0	25	0	0	2.75	25	0	0	0	25	0	0	2.814		99.9545	40.0324	0.070894	0	0.709262	0.0945312	14.4834	1		0	12.0439	39.8571	0	0	0	
2024-06-23 14:50:32	582	1521	1	0	0	5	21	0	0	0	21	0	0	2.25	21	0	0	0	21	0	0	2.381		99.9602	40.1858	0.0795219	0	0.795535	0.138009	13.7459	1		0	12.0439	40.117	0	0	0	
2024-06-23 14:54:01	606	1522	1	0	0	7	29	0	0	0	29	0	0	0.25	29	0	0	0	29	0	0	5.845		99.9554	40.0097	0.0404667	0	0.404847	0.322841	17.1702	1		0	12.0439	39.7272	0	0	0	
2024-06-23 14:42:29	526	1523	1	0	0	0	1	0	0	0	1	0	0	3.25	1	0	0	0	1	0	0	2.814		99.9672	39.5094	0.0688567	0	0.688793	0.103936	14.0654	1		0	12.0439	43.2357	0	0	0	
2024-06-23 14:46:37	555	1524	5	0	0	3	13	0	0	0	13	0	0	7.25	13	0	0	0	13	0	0	3.68		99.9612	40.5343	0.0649736	0	0.649988	0.6977	17.357	1		0	12.0439	40.8967	0	0	0	
2024-06-23 14:51:58	592	1525	9	0	0	6	25	0	0	0	25	0	0	6.75	25	0	0	0	25	0	0	0.649		99.9531	40.0665	0.332004	0	3.3216	0.225222	15.6527	1		0	12.0439	39.8571	0	0	0	
2024-06-23 14:56:51	626	1526	9	0	0	3.75	16	0	0	0	16	0	0	4	16	0	0	0	16	0	0	0.216		99.9511	39.9576	0.776333	0	7.76713	0.0700703	12.2006	1		0	12.0439	39.7272	0	0	0	
2024-06-23 14:56:18	622	1527	5	0	0	7.75	32	0	0	0	32	0	0	1	32	0	0	0	32	0	0	5.845		99.9495	40.0977	0.0379722	0	0.379914	0.113859	16.1127	1		0	12.0439	39.7272	0	0	0	
2024-06-23 14:50:13	580	1528	5	0	0	5	21	0	0	0	21	0	0	5.25	21	0	0	0	21	0	0	0.216		99.9598	40.1979	0.73378	0	7.34075	0.18793	11.5308	1		0	12.0439	40.117	0	0	0	
2024-06-23 14:49:54	578	1529	9	0	0	5	21	0	0	0	21	0	0	4	21	0	0	0	21	0	0	0.866		99.9586	40.2574	0.232977	0	2.33073	0.463618	14.6444	2		0	12.0439	40.117	0	0	0	
2024-06-23 14:47:46	563	1530	5	0	0	3	13	0	0	0	13	0	0	0.75	13	0	0	0	13	0	0	1.948		99.9618	40.5762	0.0933135	0	0.933492	0.156079	13.1969	1		0	12.0439	40.5069	0	0	0	
2024-06-23 14:44:32	540	1531	5	0	0	1	5	0	0	0	5	0	0	1.75	5	0	0	0	5	0	0	0.649		99.9644	39.1757	0.291828	0	2.91932	0.0922077	13.757	1		0	12.0439	41.8063	0	0	0	
2024-06-23 14:48:11	566	1532	1	0	0	4	17	0	0	0	17	0	0	2	17	0	0	0	17	0	0	1.732		99.9558	39.9745	0.105878	0	1.05925	0.165301	13.3109	1		0	12.0439	40.5069	0	0	0	
2024-06-23 14:56:00	620	1533	5	0	0	7.75	32	0	0	0	32	0	0	5.75	32	0	0	0	32	0	0	1.732		99.9535	40.1251	0.11129	0	1.11342	0.203148	13.9916	1		0	12.0439	39.7272	0	0	0	
2024-06-23 14:55:17	615	1534	9	0	0	7.75	32	0	0	0	32	0	0	4.5	32	0	0	0	32	0	0	2.814		99.953	40.217	0.0681023	0	0.681344	0.277786	13.9133	1		0	12.0439	39.7272	0	0	0	
2024-06-23 14:59:21	643	1535	1	0	0	2.25	10	0	0	0	10	0	0	3.5	10	0	0	0	10	0	0	1.082		99.9511	40.6246	0.170688	0	1.70772	0.131671	13.4124	1		0	11.9375	39.7272	0	0	0	
2024-06-23 14:58:32	637	1536	9	0	0	0.25	2	0	0	0	2	0	0	7.5	2	0	0	0	2	0	0	6.278		99.9504	39.8702	0.0376676	0	0.376863	0.583682	17.1673	1		0	12.0439	39.7272	0	0	0	
2024-06-23 14:53:05	600	1537	5	0	0	6	25	0	0	0	25	0	0	1.75	25	0	0	0	25	0	0	3.68		99.9593	40.2314	0.0641905	0	0.642166	0.753755	17.1481	1		0	12.0439	39.8571	0	0	0	
2024-06-23 14:48:37	569	1538	5	0	0	4	17	0	0	0	17	0	0	5.25	17	0	0	0	17	0	0	1.082		99.9605	39.7598	0.187327	0	1.87401	0.0406761	14.7184	1		0	12.0439	40.3769	0	0	0	
2024-06-23 14:42:45	528	1539	5	0	0	0	1	0	0	0	1	0	0	1.5	1	0	0	0	1	0	0	1.299		99.9711	39.5274	0.138659	0	1.387	0.0502385	13.0721	1		0	12.0439	42.9758	0	0	0	
2024-06-23 14:47:29	561	1540	1	0	0	3	13	0	0	0	13	0	0	2.5	13	0	0	0	13	0	0	0.433		99.9585	40.4169	0.419498	0	4.19672	0.201582	13.1844	1		0	12.0439	40.6368	0	0	0	
2024-06-23 14:45:31	547	1541	5	0	0	2	9	0	0	0	9	0	0	5.75	9	0	0	0	9	0	0	3.247		99.9643	39.55	0.0641083	0	0.641312	0.0127515	15.1106	1		0.0088623	12.0439	41.4165	0	0	0	
2024-06-23 14:45:05	544	1542	5	0	0	2	9	0	0	0	9	0	0	4.5	9	0	0	0	9	0	0	2.165		99.9673	39.5552	0.0876099	0	0.876385	0.0545775	13.7662	1		0	12.0439	41.5464	0	0	0	
2024-06-23 14:53:53	605	1543	1	0	0	7	29	0	0	0	29	0	0	3.5	29	0	0	0	29	0	0	3.031		99.9573	40.0293	0.0652827	0	0.653106	0.235537	14.3626	1		0	12.0439	39.7272	0	0	0	
2024-06-23 14:44:06	537	1544	1	0	0	1	5	0	0	0	5	0	0	3	5	0	0	0	5	0	0	1.732		99.9648	39.234	0.104697	0	1.04734	0.0604693	13.1612	1		0	12.0439	42.0662	0	0	0	
2024-06-23 14:41:41	521	1545	5	0	0	0	1	0	0	0	1	0	0	7.25	1	0	0	0	1	0	0	6.278		99.967	39.377	0.0407108	0	0.407242	0.167855	18.5511	2		0.0088623	12.0439	43.8855	0	0	0	
2024-06-23 14:50:49	584	1546	1	0	0	5	21	0	0	0	21	0	0	1.5	21	0	0	0	21	0	0	3.031		99.9552	40.1245	0.0667364	0	0.667663	0.529417	14.6827	1		0	12.0439	39.9871	0	0	0	
2024-06-23 14:46:03	551	1547	1	0	0	2	9	0	0	0	9	0	0	1.25	9	0	0	0	9	0	0	0.649		99.964	39.9178	0.281953	0	2.82054	0.108316	13.2915	1		0	12.0439	41.1566	0	0	0	
2024-06-23 15:01:59	662	1548	1	0	0	1.5	7	0	0	0	7	0	0	0.25	7	0	0	0	7	0	0	1.082		99.953	39.509	0.168026	0	1.68105	0.0398581	13.2029	1		0	12.0439	39.8571	0	0	0	
2024-06-23 14:42:29	526	1549	5	0	0	0	1	0	0	0	1	0	0	2.5	1	0	0	0	1	0	0	2.165		99.9672	39.5094	0.0873875	0	0.874161	0.0977668	13.7313	1		0	12.0439	43.2357	0	0	0	
2024-06-23 15:01:09	656	1550	1	0	0	6.25	26	0	0	0	26	0	0	1.5	26	0	0	0	26	0	0	4.113		99.9506	40.4314	0.0554272	0	0.554546	0.311435	16.5505	1		0	12.0439	39.7272	0	0	0	
2024-06-23 15:03:04	670	1551	9	0	0	7.25	30	0	0	0	30	0	0	6.5	30	0	0	0	30	0	0	0.649		99.9546	40.4209	0.311195	0	3.11336	0.0182034	14.6714	1		0	12.0439	39.8571	0	0	0	
2024-06-23 14:46:54	557	1552	5	0	0	3	13	0	0	0	13	0	0	7.75	13	0	0	0	13	0	0	4.113		99.9616	40.4042	0.0494867	0	0.495057	0.140348	14.775	1		0	12.0439	40.8967	0	0	0	
2024-06-23 14:46:28	554	1553	5	0	0	3	13	0	0	0	13	0	0	6.5	13	0	0	0	13	0	0	3.031		99.961	40.5897	0.0674053	0	0.674315	0.150089	14.829	1		0	12.0439	41.0267	0	0	0	
2024-06-23 14:43:48	535	1554	9	0	0	1	5	0	0	0	5	0	0	7	5	0	0	0	5	0	0	5.195		99.9682	39.3962	0.0449935	0	0.450078	0.139439	16.9675	1		0	12.0439	42.1962	0	0	0	
2024-06-23 14:52:05	593	1555	9	0	0	6	25	0	0	0	25	0	0	4.75	25	0	0	0	25	0	0	1.082		99.9577	40.2703	0.184712	0	1.8479	0.0722803	14.5134	1		0	12.0439	39.9871	0	0	0	
2024-06-23 14:56:35	624	1556	1	0	0	7.75	32	0	0	0	32	0	0	0.25	32	0	0	0	32	0	0	6.494		99.9435	39.9831	0.0341172	0	0.341365	0.128617	16.0864	1		0	12.0439	39.7272	0	0	0	
2024-06-23 14:50:23	581	1557	1	0	0	5	21	0	0	0	21	0	0	3.25	21	0	0	0	21	0	0	1.515		99.9558	40.137	0.122706	0	1.2276	0.0253761	13.4982	1		0	12.0439	40.117	0	0	0	
2024-06-23 14:47:03	558	1558	1	0	0	3	13	0	0	0	13	0	0	0	13	0	0	0	13	0	0	2.598		99.9584	40.3615	0.0743992	0	0.744302	0.344995	14.0298	1		0	12.0439	40.7668	0	0	0	
2024-06-23 14:57:00	627	1559	9	0	0	3.5	15	0	0	0	15	0	0	4.25	15	0	0	0	15	0	0	0.649		99.9547	39.6791	0.311363	0	3.11504	0.0520678	14.6793	1		0	12.0439	39.7272	0	0	0	
2024-06-23 14:48:45	570	1560	1	0	0	4	17	0	0	0	17	0	0	1.25	17	0	0	0	17	0	0	2.381		99.9576	39.6739	0.0794657	0	0.794994	0.000737125	13.7365	1		0	12.0439	40.3769	0	0	0	
2024-06-23 14:55:25	616	1561	5	0	0	7.75	32	0	0	0	32	0	0	5	32	0	0	0	32	0	0	2.381		99.9512	40.4075	0.0793399	0	0.793786	0.270447	13.7156	1		0	12.0439	39.8571	0	0	0	
2024-06-23 14:55:09	614	1562	1	0	0	7.75	32	0	0	0	32	0	0	3.75	32	0	0	0	32	0	0	3.464		99.9518	40.2051	0.0564002	0	0.564274	0.492406	14.1818	1		0	12.0439	39.7272	0	0	0	
2024-06-23 15:04:28	680	1563	1	0	0	1.25	6	0	0	6.5	6	0	0	3	6	0	0	4.75	6	0	0	0.908		99.9601	18.4834	0.0950174	0	0.950554	0.104977	10.4519	1		0	12.0439	39.9871	0	0	0	
2024-06-23 14:52:49	598	1564	5	0	0	6	25	0	0	0	25	0	0	1	25	0	0	0	25	0	0	4.33		99.954	40.0706	0.0548991	0	0.549243	0.123864	17.255	1		0.0088623	12.0439	39.8571	0	0	0	
2024-06-23 14:49:28	575	1565	5	0	0	4	17	0	0	0	17	0	0	3.25	17	0	0	0	17	0	0	0.649		99.9557	39.6482	0.311827	0	3.11965	0.104079	14.701	1		0	12.0439	40.117	0	0	0	
2024-06-23 14:42:38	527	1566	1	0	0	0	1	0	0	0	1	0	0	0.75	1	0	0	0	1	0	0	0.649		99.9658	39.3822	0.314328	0	3.14436	0.206097	14.8174	1		0.0088623	12.0439	42.9758	0	0	0	
2024-06-23 15:04:02	677	1567	1	0	0	3.5	15	0	0	4.25	15	0	0	3.75	15	0	0	4	15	0	0	0.13		99.9544	17.7214	0.499489	0	4.99717	0.136183	7.84953	1		0	12.0439	39.8571	0	0	0	
2024-06-23 14:45:40	548	1568	9	0	0	2	9	0	0	0	9	0	0	5	9	0	0	0	9	0	0	2.598		99.9655	39.5506	0.0752418	0	0.752678	0.10083	14.1876	1		0	12.0439	41.2865	0	0	0	
2024-06-23 14:45:40	548	1569	1	0	0	2	9	0	0	0	9	0	0	3.75	9	0	0	0	9	0	0	1.515		99.9655	39.5506	0.126288	0	1.26331	0.221205	13.8908	1		0	12.0439	41.2865	0	0	0	
2024-06-23 14:54:44	611	1570	5	0	0	7	29	0	0	0	29	0	0	2.75	29	0	0	0	29	0	0	3.68		99.9499	40.0606	0.0560154	0	0.560435	0.0528711	14.9656	1		0	12.0439	39.7272	0	0	0	
2024-06-23 14:55:00	613	1571	1	0	0	7	29	0	0	0	29	0	0	2.25	29	0	0	0	29	0	0	4.113		99.9496	40.0382	0.0515101	0	0.51536	0.358181	15.381	1		0	12.0439	39.7272	0	0	0	
2024-06-23 14:42:21	525	1572	5	0	0	0	1	0	0	0	1	0	0	7.75	1	0	0	0	1	0	0	6.711		99.9717	39.4426	0.0351854	0	0.351954	0.434372	17.1383	1		0.0088623	12.0439	43.2357	0	0	0	
2024-06-23 14:41:23	519	1573	5	0	0	0	1	0	0	0	1	0	0	6.5	1	0	0	0	1	0	0	5.628		99.9717	39.4323	0.0417703	0	0.417821	0.235803	17.0641	1		0.0088623	12.0439	44.2753	0	0	0	
2024-06-23 14:51:06	586	1574	1	0	0	5	21	0	0	0	21	0	0	0.75	21	0	0	0	21	0	0	3.68		99.9569	40.1795	0.0589971	0	0.590225	0.740545	15.7611	1		0	12.0439	39.9871	0	0	0	
2024-06-23 14:50:40	583	1575	5	0	0	5	21	0	0	0	21	0	0	7.25	21	0	0	0	21	0	0	1.948		99.9591	40.1684	0.107797	0	1.07842	0.0955216	15.2457	1		0	12.0439	39.9871	0	0	0	
2024-06-23 15:02:55	669	1576	9	0	0	5.75	24	0	0	0	24	0	0	4	24	0	0	0	24	0	0	1.515		99.9574	40.8545	0.126467	0	1.2652	0.047794	13.9116	1		0	12.0439	39.8571	0	0	0	
2024-06-23 14:59:37	645	1577	9	0	0	4.5	19	0	0	0	19	0	0	5.25	19	0	0	0	19	0	0	0.649		99.9504	40.4198	0.313183	0	3.13339	0.057117	14.7657	1		0	12.0439	39.8571	0	0	0	
2024-06-23 15:04:10	678	1578	1	0	0	2.75	12	0	0	5	12	0	0	3.5	12	0	0	4.25	12	0	0	0.389		99.9585	18.4112	0.272263	0	2.72375	0.972054	12.8354	2		0	12.0439	39.8571	0	0	0	
2024-06-23 14:44:48	542	1579	1	0	0	2	9	0	0	0	9	0	0	0.5	9	0	0	0	9	0	0	1.299		99.9682	39.5623	0.138237	0	1.38281	0.453585	13.0327	1		0.0088623	12.0439	41.6764	0	0	0	
2024-06-23 14:58:21	636	1580	9	0	0	0.5	3	0	0	0	3	0	0	7.25	3	0	0	0	3	0	0	5.845		99.9493	40.1824	0.0548958	0	0.549236	0.466595	23.2939	2		0	12.0439	39.7272	0	0	0	
2024-06-23 14:48:54	571	1581	5	0	0	4	17	0	0	0	17	0	0	7.25	17	0	0	0	17	0	0	2.814		99.956	39.6508	0.0752899	0	0.753231	0.0553737	15.3812	1		0	12.0439	40.3769	0	0	0	
2024-06-23 14:47:03	558	1582	5	0	0	3	13	0	0	0	13	0	0	5.75	13	0	0	0	13	0	0	2.381		99.9584	40.3615	0.0800203	0	0.800536	0.0388288	13.8323	1		0	12.0439	40.7668	0	0	0	
2024-06-23 14:47:20	560	1583	9	0	0	3	13	0	0	0	13	0	0	4.5	13	0	0	0	13	0	0	1.299		99.9623	40.5654	0.144609	0	1.44663	0.107593	13.6342	1		0	12.0439	40.7668	0	0	0	
2024-06-23 14:53:53	605	1584	9	0	0	7	29	0	0	0	29	0	0	6.75	29	0	0	0	29	0	0	0.216		99.9573	40.0293	0.739753	0	7.40069	0.230445	11.625	1		0	12.0439	39.7272	0	0	0	
2024-06-23 14:43:29	533	1585	5	0	0	1	5	0	0	0	5	0	0	7.5	5	0	0	0	5	0	0	5.628		99.9659	39.1897	0.0412827	0	0.412968	0.138725	16.8659	2		0	12.0439	42.4561	0	0	0	
2024-06-23 14:44:06	537	1586	5	0	0	1	5	0	0	0	5	0	0	6.25	5	0	0	0	5	0	0	4.546		99.9648	39.234	0.052308	0	0.523264	0.313686	17.2607	1		0	12.0439	42.0662	0	0	0	
2024-06-23 14:51:49	591	1587	9	0	0	6	25	0	0	0	25	0	0	5.25	25	0	0	0	25	0	0	0.649		99.9553	40.0973	0.317232	0	3.17374	0.240664	14.9559	1		0	12.0439	39.8571	0	0	0	
2024-06-23 14:52:31	596	1588	9	0	0	6	25	0	0	0	25	0	0	4	25	0	0	0	25	0	0	1.732		99.9549	40.1193	0.111079	0	1.1113	0.0954021	13.9649	1		0	12.0439	39.8571	0	0	0	
2024-06-23 14:50:40	583	1589	1	0	0	5	21	0	0	0	21	0	0	2.5	21	0	0	0	21	0	0	2.165		99.9591	40.1684	0.091755	0	0.917926	0.899828	14.4188	1		0	12.0439	39.9871	0	0	0	
2024-06-23 14:43:41	534	1590	1	0	0	1	5	0	0	0	5	0	0	0.25	5	0	0	0	5	0	0	0.649		99.966	39.1981	0.296657	0	2.96757	0.0845163	13.9844	1		0	12.0439	42.1962	0	0	0	
2024-06-23 14:49:19	574	1591	1	0	0	4	17	0	0	0	17	0	0	0.5	17	0	0	0	17	0	0	3.031		99.957	39.7043	0.0659165	0	0.659448	0.387973	14.502	1		0	12.0439	40.117	0	0	0	
2024-06-23 14:55:25	616	1592	1	0	0	7.75	32	0	0	0	32	0	0	3	32	0	0	0	32	0	0	4.113		99.9512	40.4075	0.0481203	0	0.481438	0.225546	14.3686	1		0	12.0439	39.8571	0	0	0	
2024-06-23 14:51:58	592	1593	1	0	0	6	25	0	0	0	25	0	0	0.25	25	0	0	0	25	0	0	4.979		99.9531	40.0665	0.0468281	0	0.4685	0.364476	16.9261	1		0	12.0439	39.8571	0	0	0	
2024-06-23 15:00:43	653	1594	1	0	0	5.25	22	0	0	0	22	0	0	2.5	22	0	0	0	22	0	0	2.381		99.9523	40.6362	0.0961863	0	0.962321	0.703076	16.6277	1		0	12.0439	39.8571	0	0	0	
2024-06-23 14:49:46	577	1595	5	0	0	4	17	0	0	0	17	0	0	2.5	17	0	0	0	17	0	0	1.299		99.9647	39.7331	0.144244	0	1.44295	0.158546	13.5995	1		0.0088623	12.0439	40.117	0	0	0	
2024-06-23 14:45:31	547	1596	1	0	0	2	9	0	0	0	9	0	0	3	9	0	0	0	9	0	0	0.866		99.9643	39.55	0.2173	0	2.17378	0.0838124	13.6582	1		0.0088623	12.0439	41.4165	0	0	0	
2024-06-23 14:54:51	612	1597	1	0	0	7	29	0	0	0	29	0	0	1.5	29	0	0	0	29	0	0	4.762		99.9537	40.2173	0.0480782	0	0.481005	0.538568	16.6223	1		0	11.9375	39.7272	0	0	0	
2024-06-23 14:42:13	524	1598	5	0	0	0	1	0	0	0	1	0	0	5.75	1	0	0	0	1	0	0	4.979		99.9711	39.3217	0.0455153	0	0.455284	0.146044	16.4487	1		0	12.0439	43.3657	0	0	0	
2024-06-23 14:41:32	520	1599	9	0	0	0	1	0	0	0	1	0	0	4.5	1	0	0	0	1	0	0	3.897		99.9684	39.4388	0.0537811	0	0.537981	0.0242042	15.211	1		0.0088623	12.0439	44.1454	0	0	0	
2024-06-23 14:51:32	589	1600	5	0	0	5	21	0	0	0	21	0	0	0	21	0	0	0	21	0	0	4.33		99.9538	40.1003	0.0501132	0	0.501364	0.348692	15.7508	1		0	12.0439	39.8571	0	0	0	
2024-06-23 14:55:43	618	1601	1	0	0	7.75	32	0	0	0	32	0	0	2.25	32	0	0	0	32	0	0	4.762		99.9535	40.1396	0.0427583	0	0.427782	0.340611	14.7831	1		0	12.0439	39.7272	0	0	0	
2024-06-23 14:50:23	581	1602	5	0	0	5	21	0	0	0	21	0	0	7.75	21	0	0	0	21	0	0	2.381		99.9558	40.137	0.0814184	0	0.814545	0.114482	14.0743	1		0	12.0439	40.117	0	0	0	
2024-06-23 14:50:56	585	1603	5	0	0	5	21	0	0	0	21	0	0	6.5	21	0	0	0	21	0	0	1.299		99.9575	40.3537	0.154246	0	1.54312	0.196962	14.5435	1		0	12.0439	40.117	0	0	0	
2024-06-23 14:47:53	564	1604	1	0	0	3	13	0	0	0	13	0	0	2	13	0	0	0	13	0	0	0.866		99.9624	40.6929	0.215425	0	2.15506	0.0280332	13.5406	1		0	11.9375	40.6368	0	0	0	
2024-06-23 15:00:27	651	1605	1	0	0	4.5	19	0	0	0	19	0	0	3.25	19	0	0	0	19	0	0	1.082		99.9513	40.197	0.176856	0	1.76942	0.0111953	13.897	1		0	12.0439	39.7272	0	0	0	
2024-06-23 14:55:34	617	1606	9	0	0	7.75	32	0	0	0	32	0	0	7	32	0	0	0	32	0	0	0.649		99.9473	40.2002	0.321465	0	3.21635	0.185315	15.1567	1		0	12.0439	39.7272	0	0	0	
2024-06-23 15:02:47	668	1607	9	0	0	5.5	23	0	0	0	23	0	0	4.25	23	0	0	0	23	0	0	1.082		99.9519	40.3024	0.182109	0	1.82196	0.0737083	14.3097	1		0	11.9375	39.8571	0	0	0	
2024-06-23 15:01:24	658	1608	1	0	0	6.75	28	0	0	0	28	0	0	1	28	0	0	0	28	0	0	4.979		99.957	40.4562	0.0512306	0	0.512526	0.769939	18.5167	1		0	12.0439	39.8571	0	0	0	
2024-06-23 14:59:46	646	1609	9	0	0	4.25	18	0	0	0	18	0	0	5.5	18	0	0	0	18	0	0	1.082		99.954	40.5431	0.183956	0	1.8404	0.0498951	14.4545	1		0	12.0439	39.8571	0	0	0	
2024-06-23 14:48:29	568	1610	9	0	0	4	17	0	0	0	17	0	0	7.75	17	0	0	0	17	0	0	3.247		99.9582	39.8105	0.060902	0	0.609275	0.0800085	14.3557	1		0.0088623	12.0439	40.3769	0	0	0	
2024-06-23 14:48:54	571	1611	9	0	0	4	17	0	0	0	17	0	0	6.5	17	0	0	0	17	0	0	2.165		99.956	39.6508	0.0907333	0	0.907732	0.0532416	14.2586	1		0	12.0439	40.3769	0	0	0	
2024-06-23 14:47:29	561	1612	5	0	0	3	13	0	0	0	13	0	0	5	13	0	0	0	13	0	0	1.732		99.9585	40.4169	0.107337	0	1.07382	0.0748	13.494	1		0	12.0439	40.6368	0	0	0	
2024-06-23 14:47:20	560	1613	1	0	0	3	13	0	0	0	13	0	0	3.75	13	0	0	0	13	0	0	0.649		99.9623	40.5654	0.3016	0	3.01714	0.190582	14.2179	1		0	12.0439	40.7668	0	0	0	
2024-06-23 14:44:57	543	1614	5	0	0	2	9	0	0	0	9	0	0	7	9	0	0	0	9	0	0	4.33		99.9665	39.593	0.0499411	0	0.499579	0.112756	15.6947	1		0	12.0439	41.6764	0	0	0	
2024-06-23 14:54:28	609	1615	5	0	0	7	29	0	0	0	29	0	0	6	29	0	0	0	29	0	0	0.866		99.959	39.9692	0.24125	0	2.41349	0.0640108	15.1644	1		0	12.0439	39.7272	0	0	0	
2024-06-23 14:53:44	604	1616	5	0	0	7	29	0	0	0	29	0	0	4.75	29	0	0	0	29	0	0	1.948		99.953	40.0334	0.0998207	0	0.998676	0.118183	14.1185	1		0	12.0439	39.7272	0	0	0	
2024-06-23 14:43:57	536	1617	5	0	0	1	5	0	0	0	5	0	0	5.5	5	0	0	0	5	0	0	3.897		99.9689	39.2759	0.0600473	0	0.60066	0.128081	16.9833	1		0.0088623	12.0439	42.1962	0	0	0	
2024-06-23 14:43:02	530	1618	5	0	0	1	5	0	0	0	5	0	0	4.25	5	0	0	0	5	0	0	2.814		99.9662	39.3696	0.0709544	0	0.709783	0.134557	14.494	1		0.0088623	12.0439	42.7159	0	0	0	
2024-06-23 14:52:40	597	1619	1	0	0	6	25	0	0	0	25	0	0	3.25	25	0	0	0	25	0	0	2.381		99.9579	40.0845	0.0818579	0	0.818924	0.335207	14.15	1		0	12.0439	39.8571	0	0	0	
2024-06-23 14:58:56	640	1620	1	0	0	0.25	2	0	0	0	2	0	0	1.5	2	0	0	0	2	0	0	1.082		99.9541	40.1689	0.167183	0	1.6726	0.0197389	13.1366	1		0	12.0439	39.8571	0	0	0	
2024-06-23 14:54:19	608	1621	1	0	0	7	29	0	0	0	29	0	0	0.75	29	0	0	0	29	0	0	5.412		99.9569	39.9815	0.0439414	0	0.439604	0.278691	17.2632	1		0	12.0439	39.7272	0	0	0	
2024-06-23 14:41:07	518	1622	5	0	0	0	1	0	0	0	1	0	0	5	1	0	0	0	1	0	0	4.33		99.9705	39.4593	0.0497683	0	0.49783	0.0176326	15.6398	2		0.0088623	12.0084	44.5352	0	0	0	
2024-06-23 14:42:13	524	1623	1	0	0	0	1	0	0	0	1	0	0	3.75	1	0	0	0	1	0	0	3.247		99.9711	39.3217	0.0619281	0	0.61946	0.0171337	14.5957	1		0	12.0439	43.3657	0	0	0	
2024-06-23 15:03:12	671	1624	9	0	0	7.5	31	0	0	0	31	0	0	6.25	31	0	0	0	31	0	0	1.082		99.9556	40.5457	0.180882	0	1.80962	0.162655	14.2128	1		0	12.0439	39.8571	0	0	0	
2024-06-23 15:00:10	649	1625	9	0	0	6.25	26	0	0	0	26	0	0	7.5	26	0	0	0	26	0	0	1.082		99.9536	40.8381	0.182093	0	1.82178	0.0690477	14.3082	1		0	12.0439	39.8571	0	0	0	
2024-06-23 14:52:13	594	1626	5	0	0	6	25	0	0	0	25	0	0	7.25	25	0	0	0	25	0	0	1.082		99.9564	40.355	0.201252	0	2.0134	0.193295	15.8132	1		0	12.0439	39.8571	0	0	0	
2024-06-23 14:56:00	620	1627	1	0	0	7.75	32	0	0	0	32	0	0	1.5	32	0	0	0	32	0	0	5.412		99.9535	40.1251	0.03943	0	0.394483	0.610299	15.4913	1		0	12.0439	39.7272	0	0	0	
2024-06-23 14:50:32	582	1628	5	0	0	5	21	0	0	0	21	0	0	5.75	21	0	0	0	21	0	0	0.649		99.9602	40.1858	0.318009	0	3.18135	0.128672	14.9918	1		0	12.0439	40.117	0	0	0	
2024-06-23 14:50:05	579	1629	9	0	0	5	21	0	0	0	21	0	0	4.5	21	0	0	0	21	0	0	0.433		99.9615	40.2069	0.4451	0	4.45272	0.307958	13.9886	1		0.0088623	12.0439	40.117	0	0	0	
2024-06-23 14:46:28	554	1630	1	0	0	3	13	0	0	0	13	0	0	1.25	13	0	0	0	13	0	0	1.515		99.961	40.5897	0.118378	0	1.18424	0.03985	13.0214	1		0	12.0439	41.0267	0	0	0	
2024-06-23 14:44:40	541	1631	1	0	0	1	5	0	0	0	5	0	0	2.25	5	0	0	0	5	0	0	1.082		99.9664	39.1858	0.166435	0	1.66491	0.117738	13.0762	1		0	12.0439	41.6764	0	0	0	
2024-06-23 14:58:48	639	1632	1	0	0	0.5	3	0	0	0	3	0	0	1.25	3	0	0	0	3	0	0	0.649		99.9557	40.3615	0.293052	0	2.93182	0.213982	13.8159	1		0	12.0439	39.7272	0	0	0	
2024-06-23 14:57:24	630	1633	9	0	0	2.5	11	0	0	0	11	0	0	5.25	11	0	0	0	11	0	0	2.381		99.952	40.067	0.0905347	0	0.905781	0.69986	15.6508	2		0	12.0439	39.7272	0	0	0	
2024-06-23 14:55:17	615	1634	5	0	0	7.75	32	0	0	0	32	0	0	7.5	32	0	0	0	32	0	0	0.216		99.953	40.217	0.786081	0	7.86451	0.0458005	12.3535	1		0	12.0439	39.7272	0	0	0	
2024-06-23 14:56:08	621	1635	5	0	0	7.75	32	0	0	0	32	0	0	6.25	32	0	0	0	32	0	0	1.299		99.9505	40.084	0.152865	0	1.52941	0.0334902	14.4143	1		0	12.0439	39.7272	0	0	0	
2024-06-23 15:00:18	650	1636	1	0	0	4.25	18	0	0	0	18	0	0	3.5	18	0	0	0	18	0	0	0.649		99.9481	40.3004	0.312367	0	3.12529	0.0088705	14.7276	1		0	12.0439	39.7272	0	0	0	
2024-06-23 14:53:15	601	1637	5	0	0	6	25	0	0	0	25	0	0	2.25	25	0	0	0	25	0	0	3.247		99.952	40.0425	0.0633234	0	0.633539	0.0744163	14.9274	2		0	12.0439	39.8571	0	0	0	
2024-06-23 15:02:39	667	1638	9	0	0	5.25	22	0	0	0	22	0	0	4.5	22	0	0	0	22	0	0	0.649		99.9523	40.6075	0.310992	0	3.1114	0.0104183	14.6621	1		0	11.9375	39.8571	0	0	0	
2024-06-23 14:48:20	567	1639	9	0	0	4	17	0	0	0	17	0	0	5.75	17	0	0	0	17	0	0	1.515		99.9578	39.881	0.128342	0	1.28397	0.0578238	14.1179	1		0	12.0439	40.3769	0	0	0	
2024-06-23 14:49:01	572	1640	5	0	0	4	17	0	0	0	17	0	0	4.5	17	0	0	0	17	0	0	0.433		99.957	39.8928	0.475973	0	4.76178	0.047644	14.9596	1		0	12.0439	40.247	0	0	0	
2024-06-23 14:42:21	525	1641	1	0	0	0	1	0	0	0	1	0	0	2	1	0	0	0	1	0	0	1.732		99.9717	39.4426	0.12743	0	1.27466	0.439867	16.0178	1		0.0088623	12.0439	43.2357	0	0	0	
2024-06-23 14:44:48	542	1642	5	0	0	2	9	0	0	0	9	0	0	7.5	9	0	0	0	9	0	0	4.762		99.9682	39.5623	0.0455754	0	0.455899	0.601688	15.7547	1		0.0088623	12.0439	41.6764	0	0	0	
2024-06-23 14:45:47	549	1643	9	0	0	2	9	0	0	0	9	0	0	6.25	9	0	0	0	9	0	0	3.68		99.9666	39.7559	0.0579191	0	0.579384	0.105511	15.4716	1		0.0088623	12.0439	41.2865	0	0	0	
2024-06-23 14:54:01	606	1644	9	0	0	7	29	0	0	0	29	0	0	5.25	29	0	0	0	29	0	0	1.515		99.9554	40.0097	0.1292	0	1.29258	0.00391007	14.2127	1		0	12.0439	39.7272	0	0	0	
2024-06-23 14:53:26	602	1645	9	0	0	7	29	0	0	0	29	0	0	4	29	0	0	0	29	0	0	2.598		99.9496	39.9936	0.0756567	0	0.756948	0.131941	14.2681	1		0.0088623	12.0439	39.8571	0	0	0	
2024-06-23 14:43:29	533	1646	1	0	0	1	5	0	0	0	5	0	0	3.5	5	0	0	0	5	0	0	2.165		99.9659	39.1897	0.0846919	0	0.847208	0.0898418	13.3079	2		0	12.0439	42.4561	0	0	0	
2024-06-23 14:53:15	601	1647	1	0	0	6	25	0	0	0	25	0	0	2.5	25	0	0	0	25	0	0	3.031		99.952	40.0425	0.0728662	0	0.729013	0.231978	16.0318	2		0	12.0439	39.8571	0	0	0	
2024-06-23 15:02:31	666	1648	1	0	0	3.75	16	0	0	0	16	0	0	2	16	0	0	0	16	0	0	1.515		99.9496	40.4476	0.12371	0	1.23773	0.0736854	13.6095	1		0.0088623	11.9552	39.8571	0	0	0	
2024-06-23 14:51:15	587	1649	5	0	0	5	21	0	0	0	21	0	0	2	21	0	0	0	21	0	0	2.598		99.9559	40.1263	0.0755378	0	0.755711	0.295277	14.2448	1		0	12.0439	39.9871	0	0	0	
2024-06-23 14:46:11	552	1650	5	0	0	2	9	0	0	0	9	0	0	1.75	9	0	0	0	9	0	0	0.216		99.9618	39.9982	0.677632	0	6.77891	0.13115	10.6483	1		0	12.0439	41.1566	0	0	0	
2024-06-23 14:53:44	604	1651	1	0	0	7	29	0	0	0	29	0	0	0	29	0	0	0	29	0	0	6.061		99.953	40.0334	0.0397969	0	0.398156	0.647499	17.5118	1		0	12.0439	39.7272	0	0	0	
2024-06-23 14:41:41	521	1652	1	0	0	0	1	0	0	0	1	0	0	3	1	0	0	0	1	0	0	2.598		99.967	39.377	0.0746498	0	0.746745	0.0600848	14.0758	2		0.0088623	12.0439	43.8855	0	0	0	
2024-06-23 14:46:37	555	1653	9	0	0	3	13	0	0	0	13	0	0	7	13	0	0	0	13	0	0	3.464		99.9612	40.5343	0.0590256	0	0.590484	0.172623	14.8405	1		0	12.0439	40.8967	0	0	0	
2024-06-23 14:51:49	591	1654	5	0	0	6	25	0	0	0	25	0	0	7.75	25	0	0	0	25	0	0	1.515		99.9553	40.0973	0.132816	0	1.32875	0.0265155	14.6104	1		0	12.0439	39.8571	0	0	0	
2024-06-23 14:51:58	592	1655	5	0	0	6	25	0	0	0	25	0	0	6.5	25	0	0	0	25	0	0	0.433		99.9531	40.0665	0.481197	0	4.81423	0.24902	15.1243	1		0	12.0439	39.8571	0	0	0	
2024-06-23 14:56:18	622	1656	1	0	0	7.75	32	0	0	0	32	0	0	0.75	32	0	0	0	32	0	0	6.061		99.9495	40.0977	0.0369903	0	0.37009	0.0952262	16.2774	1		0	12.0439	39.7272	0	0	0	
2024-06-23 14:50:05	579	1657	1	0	0	5	21	0	0	0	21	0	0	3.75	21	0	0	0	21	0	0	1.082		99.9615	40.2069	0.181275	0	1.81345	0.335361	14.2428	1		0.0088623	12.0439	40.117	0	0	0	
2024-06-23 14:46:45	556	1658	1	0	0	3	13	0	0	0	13	0	0	0.5	13	0	0	0	13	0	0	2.165		99.96	40.485	0.0857726	0	0.858069	0.129535	13.4785	1		0	12.0439	40.8967	0	0	0	
2024-06-23 14:44:32	540	1659	1	0	0	1	5	0	0	0	5	0	0	1.5	5	0	0	0	5	0	0	0.433		99.9644	39.1757	0.429483	0	4.29636	0.0781391	13.4974	1		0	12.0439	41.8063	0	0	0	
2024-06-23 15:04:20	679	1660	1	0	0	2	9	0	0	5.75	9	0	0	3.25	9	0	0	4.5	9	0	0	0.649		99.9592	18.2908	0.1516	0	1.51661	0.900789	11.9115	1		0	12.0439	39.9871	0	0	0	
2024-06-23 14:48:29	568	1661	1	0	0	4	17	0	0	0	17	0	0	1.75	17	0	0	0	17	0	0	1.948		99.9582	39.8105	0.0949572	0	0.949969	0.0185971	13.4299	1		0.0088623	12.0439	40.3769	0	0	0	
2024-06-23 14:59:14	642	1662	1	0	0	2.5	11	0	0	0	11	0	0	3.25	11	0	0	0	11	0	0	0.649		99.9509	39.9711	0.291378	0	2.91521	0.0967587	13.7376	1		0	12.0439	39.7272	0	0	0	
2024-06-23 14:55:43	618	1663	5	0	0	7.75	32	0	0	0	32	0	0	5.5	32	0	0	0	32	0	0	1.948		99.9535	40.1396	0.0986262	0	0.986721	0.156464	13.9494	1		0	12.0439	39.7272	0	0	0	
2024-06-23 14:55:09	614	1664	5	0	0	7.75	32	0	0	0	32	0	0	4.25	32	0	0	0	32	0	0	3.031		99.9518	40.2051	0.0637767	0	0.638074	0.423058	14.032	1		0	12.0439	39.7272	0	0	0	
2024-06-23 14:52:13	594	1665	1	0	0	6	25	0	0	0	25	0	0	1.5	25	0	0	0	25	0	0	3.897		99.9564	40.355	0.0586804	0	0.587059	0.30121	16.5987	1		0	12.0439	39.8571	0	0	0	
2024-06-23 14:48:45	570	1666	5	0	0	4	17	0	0	0	17	0	0	5	17	0	0	0	17	0	0	0.866		99.9576	39.6739	0.23651	0	2.36611	0.0884241	14.8667	1		0	12.0439	40.3769	0	0	0	
2024-06-23 14:48:54	571	1667	1	0	0	4	17	0	0	0	17	0	0	3.75	17	0	0	0	17	0	0	0.216		99.956	39.6508	0.767666	0	7.68004	0.124241	12.0638	1		0	12.0439	40.3769	0	0	0	
2024-06-23 14:41:32	520	1668	1	0	0	0	1	0	0	0	1	0	0	1.25	1	0	0	0	1	0	0	1.082		99.9684	39.4388	0.168381	0	1.68434	0.0743667	13.2288	1		0.0088623	12.0439	44.1454	0	0	0	
2024-06-23 14:45:14	545	1669	9	0	0	2	9	0	0	0	9	0	0	5.5	9	0	0	0	9	0	0	3.031		99.9686	39.5956	0.0989469	0	0.98978	0.634492	21.7664	1		0	12.0439	41.4165	0	0	0	
2024-06-23 14:45:05	544	1670	9	0	0	2	9	0	0	0	9	0	0	4.25	9	0	0	0	9	0	0	1.948		99.9673	39.5552	0.096528	0	0.965595	0.103474	13.6508	1		0	12.0439	41.5464	0	0	0	
2024-06-23 14:54:10	607	1671	1	0	0	7	29	0	0	0	29	0	0	3.25	29	0	0	0	29	0	0	3.247		99.9543	39.9903	0.0616688	0	0.61697	0.492794	14.537	1		0	12.0439	39.7272	0	0	0	
2024-06-23 14:44:23	539	1672	1	0	0	1	5	0	0	0	5	0	0	2.75	5	0	0	0	5	0	0	1.515		99.9686	39.1962	0.117842	0	1.17879	0.127006	12.9615	1		0	12.0439	41.9363	0	0	0	
2024-06-23 14:41:41	521	1673	9	0	0	0	1	0	0	0	1	0	0	7	1	0	0	0	1	0	0	6.061		99.967	39.377	0.0395696	0	0.395827	0.125618	17.4094	2		0.0088623	12.0439	43.8855	0	0	0	
2024-06-23 14:51:15	587	1674	1	0	0	5	21	0	0	0	21	0	0	1.25	21	0	0	0	21	0	0	3.247		99.9559	40.1263	0.0660129	0	0.66042	0.492895	15.5608	1		0	12.0439	39.9871	0	0	0	
2024-06-23 14:46:03	551	1675	5	0	0	2	9	0	0	0	9	0	0	1	9	0	0	0	9	0	0	0.866		99.964	39.9178	0.20897	0	2.09045	0.0477188	13.1347	1		0	12.0439	41.1566	0	0	0	
2024-06-23 14:46:54	557	1676	9	0	0	3	13	0	0	0	13	0	0	7.5	13	0	0	0	13	0	0	3.897		99.9616	40.4042	0.0527197	0	0.5274	0.181933	14.9119	1		0	12.0439	40.8967	0	0	0	
2024-06-23 14:46:28	554	1677	9	0	0	3	13	0	0	0	13	0	0	6.25	13	0	0	0	13	0	0	2.814		99.961	40.5897	0.0717703	0	0.717983	0.103611	14.6615	1		0	12.0439	41.0267	0	0	0	
2024-06-23 14:53:53	605	1678	5	0	0	7	29	0	0	0	29	0	0	7.25	29	0	0	0	29	0	0	0.216		99.9573	40.0293	0.69267	0	6.92966	0.693992	10.8851	1		0	12.0439	39.7272	0	0	0	
2024-06-23 14:43:11	531	1679	5	0	0	1	5	0	0	0	5	0	0	6.75	5	0	0	0	5	0	0	4.979		99.9639	39.329	0.0508038	0	0.508222	0.642676	18.3612	1		0.0088623	12.0439	42.586	0	0	0	
2024-06-23 14:51:40	590	1680	9	0	0	6	25	0	0	0	25	0	0	5.75	25	0	0	0	25	0	0	0.216		99.9516	40.0736	0.75537	0	7.55735	0.268177	11.8711	1		0	12.0439	39.9871	0	0	0	
2024-06-23 14:52:23	595	1681	9	0	0	6	25	0	0	0	25	0	0	4.5	25	0	0	0	25	0	0	1.299		99.9566	40.1804	0.151194	0	1.5126	0.159351	14.2559	1		0	12.0439	39.8571	0	0	0	
2024-06-23 14:56:42	625	1682	5	0	0	7.75	32	0	0	0	32	0	0	0	32	0	0	0	32	0	0	6.711		99.9535	40.2344	0.0341672	0	0.341831	0.184789	16.6453	1		0	12.0439	39.7272	0	0	0	
2024-06-23 14:50:13	580	1683	1	0	0	5	21	0	0	0	21	0	0	3	21	0	0	0	21	0	0	1.732		99.9598	40.1979	0.106741	0	1.06784	0.0483375	13.4188	1		0	12.0439	40.117	0	0	0	
2024-06-23 14:44:15	538	1684	5	0	0	1	5	0	0	0	5	0	0	0.75	5	0	0	0	5	0	0	0.216		99.9668	39.2152	0.702513	0	7.02746	0.0977385	11.0387	1		0	12.0439	41.9363	0	0	0	
2024-06-23 15:00:59	655	1685	1	0	0	5.75	24	0	0	0	24	0	0	2	24	0	0	0	24	0	0	3.247		99.9608	40.7966	0.0647947	0	0.648201	0.147324	15.2729	1		0	12.0439	39.8571	0	0	0	
2024-06-23 14:48:20	567	1686	1	0	0	4	17	0	0	0	17	0	0	1	17	0	0	0	17	0	0	2.598		99.9578	39.881	0.0725878	0	0.726185	0.0533845	13.6883	1		0	12.0439	40.3769	0	0	0	
2024-06-23 14:55:17	615	1687	1	0	0	7.75	32	0	0	0	32	0	0	3.5	32	0	0	0	32	0	0	3.68		99.953	40.217	0.0529058	0	0.529307	0.359684	14.1344	1		0	12.0439	39.7272	0	0	0	
2024-06-23 14:52:31	596	1688	1	0	0	6	25	0	0	0	25	0	0	0.75	25	0	0	0	25	0	0	4.546		99.9549	40.1193	0.0523745	0	0.523981	0.0280938	17.2844	1		0	12.0439	39.8571	0	0	0	
2024-06-23 14:49:28	575	1689	1	0	0	4	17	0	0	0	17	0	0	3	17	0	0	0	17	0	0	0.866		99.9557	39.6482	0.225085	0	2.25185	0.0123884	14.1488	1		0	12.0439	40.117	0	0	0	
2024-06-23 14:41:52	522	1690	1	0	0	0	1	0	0	0	1	0	0	0.5	1	0	0	0	1	0	0	0.433		99.9681	39.3579	0.422419	0	4.22554	0.0557058	13.2749	1		0.0088623	12.0439	43.6256	0	0	0	
2024-06-23 15:03:28	673	1691	1	0	0	3.5	15	0	0	4.25	15	0	0	2.75	15	0	0	5	15	0	0	0.389		99.9593	17.6854	0.280203	0	2.80317	0.382521	13.2096	1		0.0088623	12.0439	39.8571	0	0	0	
2024-06-23 14:45:14	545	1692	1	0	0	2	9	0	0	0	9	0	0	3.5	9	0	0	0	9	0	0	1.299		99.9686	39.5956	0.144633	0	1.44679	0.0141223	13.6356	1		0	12.0439	41.4165	0	0	0	
2024-06-23 14:54:44	611	1693	1	0	0	7	29	0	0	0	29	0	0	2.5	29	0	0	0	29	0	0	3.897		99.9499	40.0606	0.0558418	0	0.558698	0.335246	15.7968	1		0	12.0439	39.7272	0	0	0	
2024-06-23 14:55:00	613	1694	5	0	0	7	29	0	0	0	29	0	0	2	29	0	0	0	29	0	0	4.33		99.9496	40.0382	0.0500268	0	0.50052	0.468871	15.7243	1		0	12.0439	39.7272	0	0	0	
2024-06-23 14:42:21	525	1695	9	0	0	0	1	0	0	0	1	0	0	7.5	1	0	0	0	1	0	0	6.494		99.9717	39.4426	0.0368163	0	0.368267	0.56747	17.3542	1		0.0088623	12.0439	43.2357	0	0	0	
2024-06-23 14:42:01	523	1696	5	0	0	0	1	0	0	0	1	0	0	6.25	1	0	0	0	1	0	0	5.412		99.9671	39.3079	0.043326	0	0.433402	0.0293108	17.0197	2		0	12.0439	43.4956	0	0	0	
2024-06-23 14:51:23	588	1697	5	0	0	5	21	0	0	0	21	0	0	0.5	21	0	0	0	21	0	0	3.897		99.9546	40.1283	0.0574312	0	0.574573	0.562149	16.2457	1		0	12.0439	39.9871	0	0	0	
2024-06-23 15:01:50	661	1698	1	0	0	1.25	6	0	0	0	6	0	0	0.5	6	0	0	0	6	0	0	0.649		99.954	40.355	0.295725	0	2.95861	0.0510516	13.9421	1		0	12.0439	39.8571	0	0	0	
2024-06-23 14:50:05	579	1699	5	0	0	5	21	0	0	0	21	0	0	7	21	0	0	0	21	0	0	1.732		99.9615	40.2069	0.113248	0	1.13291	0.350633	14.2366	1		0.0088623	12.0439	40.117	0	0	0	
2024-06-23 14:44:57	543	1700	1	0	0	2	9	0	0	0	9	0	0	0.25	9	0	0	0	9	0	0	1.515		99.9665	39.593	0.12198	0	1.22021	0.141681	13.4169	1		0	12.0439	41.6764	0	0	0	
2024-06-23 14:48:11	566	1701	5	0	0	4	17	0	0	0	17	0	0	7	17	0	0	0	17	0	0	2.598		99.9558	39.9745	0.0762557	0	0.762894	0.0236057	14.3802	1		0	12.0439	40.5069	0	0	0	
2024-06-23 14:47:12	559	1702	5	0	0	3	13	0	0	0	13	0	0	5.5	13	0	0	0	13	0	0	2.165		99.957	40.352	0.09036	0	0.903988	0.0223267	14.1998	1		0	12.0439	40.7668	0	0	0	
2024-06-23 14:47:20	560	1703	5	0	0	3	13	0	0	0	13	0	0	4.25	13	0	0	0	13	0	0	1.082		99.9623	40.5654	0.175921	0	1.75987	0.115153	13.822	1		0	12.0439	40.7668	0	0	0	
2024-06-23 14:53:35	603	1704	5	0	0	7	29	0	0	0	29	0	0	7.75	29	0	0	0	29	0	0	0.649		99.9482	40.0077	0.326622	0	3.26791	0.282806	15.3997	1		0	12.0439	39.8571	0	0	0	
2024-06-23 14:54:10	607	1705	5	0	0	7	29	0	0	0	29	0	0	6.5	29	0	0	0	29	0	0	0.433		99.9543	39.9903	0.460525	0	4.60736	0.142377	14.4744	1		0	12.0439	39.7272	0	0	0	
2024-06-23 14:44:06	537	1706	9	0	0	1	5	0	0	0	5	0	0	6	5	0	0	0	5	0	0	4.33		99.9648	39.234	0.0533443	0	0.533631	0.115096	16.7645	1		0	12.0439	42.0662	0	0	0	
2024-06-23 14:43:20	532	1707	5	0	0	1	5	0	0	0	5	0	0	4.75	5	0	0	0	5	0	0	3.247		99.9699	39.2956	0.0662313	0	0.662513	0.0186768	15.6101	1		0	12.0439	42.4561	0	0	0	
2024-06-23 14:59:30	644	1708	9	0	0	4.75	20	0	0	0	20	0	0	5	20	0	0	0	20	0	0	0.216		99.9524	40.0266	0.723317	0	7.23662	0.132529	11.3673	1		0	12.0439	39.7272	0	0	0	
2024-06-23 14:52:05	593	1709	5	0	0	6	25	0	0	0	25	0	0	5	25	0	0	0	25	0	0	0.866		99.9577	40.2703	0.233916	0	2.34015	0.418457	14.7036	1		0	12.0439	39.9871	0	0	0	
2024-06-23 14:52:05	593	1710	1	0	0	6	25	0	0	0	25	0	0	3.75	25	0	0	0	25	0	0	1.948		99.9577	40.2703	0.100013	0	1.00055	0.00757516	14.145	1		0	12.0439	39.9871	0	0	0	
2024-06-23 14:43:57	536	1711	1	0	0	1	5	0	0	0	5	0	0	0	5	0	0	0	5	0	0	0.866		99.9689	39.2759	0.215961	0	2.16029	0.00187769	13.5735	1		0.0088623	12.0439	42.1962	0	0	0	
2024-06-23 14:58:11	635	1712	9	0	0	0.75	4	0	0	0	4	0	0	7	4	0	0	0	4	0	0	5.412		99.9518	40.4936	0.043235	0	0.432559	0.73349	16.9866	1		0	12.0439	39.8571	0	0	0	
2024-06-23 14:48:37	569	1713	1	0	0	4	17	0	0	0	17	0	0	0.25	17	0	0	0	17	0	0	3.247		99.9605	39.7598	0.0602748	0	0.602986	0.240479	14.2075	1		0	12.0439	40.3769	0	0	0	
2024-06-23 14:56:42	625	1714	1	0	0	7.75	32	0	0	0	32	0	0	2.75	32	0	0	0	32	0	0	4.33		99.9535	40.2344	0.0468384	0	0.468602	0.209299	14.7216	1		0	12.0439	39.7272	0	0	0	
2024-06-23 14:51:40	590	1715	1	0	0	6	25	0	0	0	25	0	0	0	25	0	0	0	25	0	0	5.195		99.9516	40.0736	0.0484816	0	0.485051	0.0798359	18.286	1		0	12.0439	39.9871	0	0	0	
2024-06-23 14:45:55	550	1716	5	0	0	2	9	0	0	0	9	0	0	2.75	9	0	0	0	9	0	0	0.649		99.9694	39.8764	0.293942	0	2.94032	0.233501	13.856	1		0.0088623	12.0439	41.1566	0	0	0	
2024-06-23 14:54:35	610	1717	5	0	0	7	29	0	0	0	29	0	0	1.25	29	0	0	0	29	0	0	4.979		99.9544	40.1566	0.0474182	0	0.474399	0.311359	17.1392	1		0	12.0439	39.8571	0	0	0	
2024-06-23 14:42:01	523	1718	9	0	0	0	1	0	0	0	1	0	0	5.5	1	0	0	0	1	0	0	4.762		99.9671	39.3079	0.0563524	0	0.563709	0.0193616	19.4804	2		0	12.0439	43.4956	0	0	0	
2024-06-23 14:41:52	522	1719	5	0	0	0	1	0	0	0	1	0	0	4.25	1	0	0	0	1	0	0	3.68		99.9681	39.3579	0.0557788	0	0.557966	0.520146	14.8997	1		0.0088623	12.0439	43.6256	0	0	0	
