Time	MeasID	DPID	Channel	A(x)	A(y)	A(z)	A(adr)	B(x)	B(y)	B(z)	B(adr)	M(x)	M(y)	M(z)	M(adr)	N(x)	N(y)	N(z)	N(adr)	F(x)	F(y)	F(z)	Note	I(mA)	Uout(V)	U(V)	SP(V)	R(Ohm)	Var(%)	Rho-a(Ohm-m)	Cycles	IP Delay Window(mV/V)	Pint(V)	Pext(V)	T int(deg C)	T log(deg C)	Latitude	Longitude
2024-06-13 20:17:22	1756	3351	1	0	0	7.75	32	0	0	0	32	0	0	2	32	0	0	0	32	0	0	4.979		99.9807	62.5717	0.0417972	0	0.418053	0.332067	15.1035	1		0.0088623	12.0616	42.1962	0	0	0	
2024-06-13 20:12:28	1718	3352	5	0	0	5	21	0	0	0	21	0	0	7.5	21	0	0	0	21	0	0	2.165		99.9827	63.1444	0.0909456	0	0.909613	0.00820948	14.2882	1		0	12.0616	42.586	0	0	0	
2024-06-13 20:12:06	1715	3353	9	0	0	5	21	0	0	0	21	0	0	6.25	21	0	0	0	21	0	0	1.082		99.9878	63.1803	0.199499	0	1.99523	0.514203	15.6705	1		0	12.0616	42.7159	0	0	0	
2024-06-13 20:08:50	1689	3354	1	0	0	3	13	0	0	0	13	0	0	1.75	13	0	0	0	13	0	0	1.082		99.9933	64.7196	0.178428	0	1.7844	0.951205	14.0146	1		0	12.0616	43.6256	0	0	0	
2024-06-13 20:17:22	1756	3355	5	0	0	7.75	32	0	0	0	32	0	0	6.75	32	0	0	0	32	0	0	0.866		99.9807	62.5717	0.250028	0	2.50076	0.418715	15.7128	1		0.0088623	12.0616	42.1962	0	0	0	
2024-06-13 20:23:27	1802	3356	1	0	0	3.25	14	0	0	0	14	0	0	2.5	14	0	0	0	14	0	0	0.649		99.9799	62.0277	0.31291	0	3.12973	0.964012	14.7485	1		0	12.0616	42.1962	0	0	0	
2024-06-13 20:10:29	1702	3357	5	0	0	4	17	0	0	0	17	0	0	7.5	17	0	0	0	17	0	0	3.031		99.9857	63.2673	0.0668925	0	0.66902	0.0345257	14.7125	1		0	12.0616	43.2357	0	0	0	
2024-06-13 20:10:43	1704	3358	9	0	0	4	17	0	0	0	17	0	0	6.25	17	0	0	0	17	0	0	1.948		99.9848	62.8594	0.102621	0	1.02636	0.209438	14.5099	1		0.0088623	12.0616	42.9758	0	0	0	
2024-06-13 20:09:59	1698	3359	5	0	0	3	13	0	0	0	13	0	0	3.5	13	0	0	0	13	0	0	0.433		99.9866	64.3419	0.492785	0	4.92851	0.50858	15.4834	1		0	12.0705	43.3657	0	0	0	
2024-06-13 20:08:05	1683	3360	5	0	0	2	9	0	0	0	9	0	0	6.75	9	0	0	0	9	0	0	4.113		99.9937	63.9836	0.0535668	0	0.535702	0.413275	15.9881	1		0	12.0705	44.0154	0	0	0	
2024-06-13 20:15:23	1741	3361	9	0	0	7	29	0	0	0	29	0	0	5.75	29	0	0	0	29	0	0	1.082		99.9807	62.5389	0.197303	0	1.97341	0.0849219	15.4991	2		0.0088623	12.0705	42.3261	0	0	0	
2024-06-13 20:15:59	1745	3362	5	0	0	7	29	0	0	0	29	0	0	4.5	29	0	0	0	29	0	0	2.165		99.9789	62.7749	0.0911218	0	0.911411	0.0849275	14.3164	1		0.0088623	12.0616	42.1962	0	0	0	
2024-06-13 20:06:17	1669	3363	5	0	0	1	5	0	0	0	5	0	0	5.25	5	0	0	0	5	0	0	3.68		99.9906	64.3438	0.0612117	0	0.612174	0.352582	16.3472	1		0.0088623	12.0616	45.1849	0	0	0	
2024-06-13 20:05:45	1665	3364	9	0	0	1	5	0	0	0	5	0	0	4	5	0	0	0	5	0	0	2.598		99.9956	64.3576	0.0736111	0	0.736144	0.169314	13.876	2		0	12.0616	45.3149	0	0	0	
2024-06-13 20:21:46	1790	3365	1	0	0	4.75	20	0	0	0	20	0	0	3	20	0	0	0	20	0	0	1.515		99.9835	61.8082	0.1279	0	1.27921	0.308648	14.0657	1		0	12.0616	42.1962	0	0	0	
2024-06-13 20:14:32	1734	3366	5	0	0	6	25	0	0	0	25	0	0	3	25	0	0	0	25	0	0	2.598		99.9807	62.6558	0.0784791	0	0.784942	0.0325631	14.7958	1		0.0088623	12.0616	42.4561	0	0	0	
2024-06-13 20:08:42	1688	3367	1	0	0	2	9	0	0	0	9	0	0	2.25	9	0	0	0	9	0	0	0.216		99.994	63.6489	0.80029	0	8.00339	0.340905	12.5717	1		0	12.0616	43.8855	0	0	0	
2024-06-13 20:16:29	1749	3368	1	0	0	7	29	0	0	0	29	0	0	0.5	29	0	0	0	29	0	0	5.628		99.9809	63.2453	0.0443776	0	0.44386	0.638461	18.1276	1		0	12.0616	42.1962	0	0	0	
2024-06-13 20:05:31	1663	3369	1	0	0	0	1	0	0	0	1	0	0	3.5	1	0	0	0	1	0	0	3.031		99.9944	65.4018	0.071006	0	0.7101	0.892465	15.6159	1		0	12.0705	45.7047	0	0	0	
2024-06-13 20:23:20	1801	3370	1	0	0	1.75	8	0	0	0	8	0	0	0	8	0	0	0	8	0	0	1.515		99.983	61.8375	0.12378	0	1.23801	0.23359	13.6127	1		0	12.0616	42.1962	0	0	0	
2024-06-13 20:14:15	1732	3371	5	0	0	6	25	0	0	0	25	0	0	7	25	0	0	0	25	0	0	0.866		99.9851	62.7007	0.26203	0	2.62069	0.343898	16.4663	1		0	12.0616	42.4561	0	0	0	
2024-06-13 20:22:33	1795	3372	1	0	0	6.5	27	0	0	0	27	0	0	1.25	27	0	0	0	27	0	0	4.546		99.98	61.6529	0.0583547	0	0.583663	0.4375	19.2531	1		0.0088623	12.0616	42.1962	0	0	0	
2024-06-13 20:18:02	1761	3373	5	0	0	7.75	32	0	0	0	32	0	0	1.25	32	0	0	0	32	0	0	5.628		99.9805	62.6605	0.0391783	0	0.39186	0.0599659	16.0038	1		0	12.0616	42.1962	0	0	0	
2024-06-13 20:12:28	1718	3374	9	0	0	5	21	0	0	0	21	0	0	5.5	21	0	0	0	21	0	0	0.433		99.9827	63.1444	0.514511	0	5.146	0.527643	16.1666	1		0	12.0616	42.586	0	0	0	
2024-06-13 20:12:21	1717	3375	5	0	0	5	21	0	0	0	21	0	0	4.25	21	0	0	0	21	0	0	0.649		99.9838	63.0459	0.342064	0	3.4212	0.512259	16.122	1		0	12.0616	42.7159	0	0	0	
2024-06-13 20:09:05	1691	3376	1	0	0	3	13	0	0	0	13	0	0	1	13	0	0	0	13	0	0	1.732		99.9868	64.6363	0.106536	0	1.0655	0.397067	13.3895	1		0	12.0705	43.4956	0	0	0	
2024-06-13 20:06:02	1667	3377	1	0	0	1	5	0	0	0	5	0	0	2	5	0	0	0	5	0	0	0.866		99.9937	64.8239	0.225331	0	2.25345	0.361094	14.1588	1		0.0088623	12.0705	45.1849	0	0	0	
2024-06-13 20:19:10	1770	3378	9	0	0	1.75	8	0	0	0	8	0	0	6	8	0	0	0	8	0	0	3.68		99.9809	62.0977	0.0620706	0	0.620825	0.745286	16.5782	1		0	12.0616	42.1962	0	0	0	
2024-06-13 20:11:22	1709	3379	5	0	0	4	17	0	0	0	17	0	0	2.25	17	0	0	0	17	0	0	1.515		99.9881	62.614	0.124769	0	1.24784	0.239848	13.7207	1		0	11.9552	42.9758	0	0	0	
2024-06-13 20:17:22	1756	3380	9	0	0	7.75	32	0	0	0	32	0	0	6	32	0	0	0	32	0	0	1.515		99.9807	62.5717	0.131829	0	1.31855	0.387333	14.4982	1		0.0088623	12.0616	42.1962	0	0	0	
2024-06-13 20:16:44	1751	3381	5	0	0	7.75	32	0	0	0	32	0	0	4.75	32	0	0	0	32	0	0	2.598		99.9824	62.7837	0.0733943	0	0.734072	0.694764	13.8369	1		0	12.0616	42.1962	0	0	0	
2024-06-13 20:14:07	1731	3382	1	0	0	6	25	0	0	0	25	0	0	2	25	0	0	0	25	0	0	3.464		99.9862	62.781	0.0657956	0	0.658047	0.287258	16.5385	1		0	12.0616	42.1962	0	0	0	
2024-06-13 20:10:50	1705	3383	9	0	0	4	17	0	0	0	17	0	0	5.5	17	0	0	0	17	0	0	1.299		99.9883	63.0183	0.161086	0	1.61105	0.121789	15.1838	1		0	12.0705	42.9758	0	0	0	
2024-06-13 20:10:29	1702	3384	9	0	0	4	17	0	0	0	17	0	0	4.25	17	0	0	0	17	0	0	0.216		99.9857	63.2673	0.910767	0	9.10897	0.363714	14.3083	1		0	12.0616	43.2357	0	0	0	
2024-06-13 20:05:23	1662	3385	5	0	0	0	1	0	0	0	1	0	0	1.75	1	0	0	0	1	0	0	1.515		99.997	65.696	0.123066	0	1.2307	0.103477	13.5322	1		0	11.9552	45.5748	0	0	0	
2024-06-13 20:24:28	1810	3386	1	0	0	3.75	16	0	0	4	16	0	0	3.5	16	0	0	4.25	16	0	0	0.13		99.9835	18.3503	0.641409	0	6.41515	0.175035	10.0769	1		0.0088623	11.9552	42.1962	0	0	0	
2024-06-13 20:10:13	1700	3387	1	0	0	3	13	0	0	0	13	0	0	2.75	13	0	0	0	13	0	0	0.216		99.9852	63.9231	0.792742	0	7.92859	0.483046	12.4542	1		0	12.0616	43.2357	0	0	0	
2024-06-13 20:07:51	1681	3388	5	0	0	2	9	0	0	0	9	0	0	6	9	0	0	0	9	0	0	3.464		99.9952	64.1293	0.0658564	0	0.658595	0.0255761	16.5523	1		0	12.0616	44.1454	0	0	0	
2024-06-13 20:07:33	1679	3389	5	0	0	2	9	0	0	0	9	0	0	4.75	9	0	0	0	9	0	0	2.381		99.994	64.4942	0.0837598	0	0.837648	0.167783	14.4735	1		0	12.0616	44.2753	0	0	0	
2024-06-13 20:15:44	1743	3390	9	0	0	7	29	0	0	0	29	0	0	5	29	0	0	0	29	0	0	1.732		99.9793	62.5281	0.11447	0	1.14494	0.0966665	14.3878	1		0	12.0616	42.1962	0	0	0	
2024-06-13 20:16:36	1750	3391	1	0	0	7	29	0	0	0	29	0	0	3.75	29	0	0	0	29	0	0	2.814		99.9821	62.7592	0.0708188	0	0.708314	0.177696	14.464	1		0	12.0616	42.1962	0	0	0	
2024-06-13 20:06:24	1670	3392	1	0	0	1	5	0	0	0	5	0	0	3.25	5	0	0	0	5	0	0	1.948		99.9925	63.6972	0.0942262	0	0.942333	0.0905569	13.3219	2		0.0088623	12.0705	44.925	0	0	0	
2024-06-13 20:18:45	1767	3393	9	0	0	2.75	12	0	0	0	12	0	0	5	12	0	0	0	12	0	0	1.948		99.9811	62.6991	0.0972681	0	0.972864	0.172165	13.7535	1		0	11.9552	42.1962	0	0	0	
2024-06-13 20:12:06	1715	3394	1	0	0	5	21	0	0	0	21	0	0	1.75	21	0	0	0	21	0	0	2.814		99.9878	63.1803	0.073347	0	0.73356	0.0980893	14.9795	1		0	12.0616	42.7159	0	0	0	
2024-06-13 20:08:05	1683	3395	1	0	0	2	9	0	0	0	9	0	0	1.5	9	0	0	0	9	0	0	0.433		99.9937	63.9836	0.473879	0	4.73909	0.33428	14.8883	1		0	12.0705	44.0154	0	0	0	
2024-06-13 20:04:37	1656	3396	1	0	0	0	1	0	0	0	1	0	0	2.75	1	0	0	0	1	0	0	2.381		99.9916	66.9022	0.105784	0	1.05793	0.0922822	18.2797	2		0.0088623	12.0616	46.6143	0	0	0	
2024-06-13 20:18:39	1766	3397	9	0	0	3.25	14	0	0	0	14	0	0	4.5	14	0	0	0	14	0	0	1.082		99.9808	62.4292	0.187549	0	1.87585	0.425776	14.7329	1		0.0088623	12.0616	42.1962	0	0	0	
2024-06-13 20:08:57	1690	3398	9	0	0	3	13	0	0	0	13	0	0	6.75	13	0	0	0	13	0	0	3.247		99.9911	64.4717	0.0650982	0	0.65104	0.128933	15.3398	1		0	12.0616	43.4956	0	0	0	
2024-06-13 20:06:24	1670	3399	9	0	0	1	5	0	0	0	5	0	0	7.25	5	0	0	0	5	0	0	5.412		99.9925	63.6972	0.0657867	0	0.657917	0.377448	25.8363	2		0.0088623	12.0705	44.925	0	0	0	
2024-06-13 20:14:00	1730	3400	5	0	0	6	25	0	0	0	25	0	0	7.5	25	0	0	0	25	0	0	1.299		99.9855	62.7552	0.158586	0	1.58609	0.209346	14.9486	1		0	12.0705	42.3261	0	0	0	
2024-06-13 20:13:52	1729	3401	1	0	0	6	25	0	0	0	25	0	0	6.25	25	0	0	0	25	0	0	0.216		99.9839	62.6806	0.888621	0	8.88764	0.58542	13.9607	1		0	12.0616	42.4561	0	0	0	
2024-06-13 20:17:14	1755	3402	1	0	0	7.75	32	0	0	0	32	0	0	0.5	32	0	0	0	32	0	0	6.278		99.9831	62.6565	0.0361888	0	0.361949	0.134888	16.4879	1		0	12.0616	42.1962	0	0	0	
2024-06-13 20:13:08	1723	3403	5	0	0	5	21	0	0	0	21	0	0	3.5	21	0	0	0	21	0	0	1.299		99.9828	62.8449	0.151609	0	1.51635	0.249611	14.2913	1		0	12.0705	42.586	0	0	0	
2024-06-13 20:09:23	1693	3404	1	0	0	3	13	0	0	0	13	0	0	0.25	13	0	0	0	13	0	0	2.381		99.9881	64.3207	0.0780404	0	0.780498	0.143692	13.486	1		0	12.0705	43.6256	0	0	0	
2024-06-13 20:06:17	1669	3405	1	0	0	1	5	0	0	0	5	0	0	1.25	5	0	0	0	5	0	0	0.216		99.9906	64.3438	0.802079	0	8.02154	0.366409	12.6002	1		0.0088623	12.0616	45.1849	0	0	0	
2024-06-13 20:11:52	1713	3406	5	0	0	4	17	0	0	0	17	0	0	1.5	17	0	0	0	17	0	0	2.165		99.9845	62.5606	0.086058	0	0.860713	0.123294	13.52	1		0	12.0616	42.7159	0	0	0	
2024-06-13 20:19:17	1771	3407	9	0	0	1.5	7	0	0	0	7	0	0	6.25	7	0	0	0	7	0	0	4.113		99.9794	61.194	0.0550232	0	0.550345	0.471946	16.4251	1		0.0088623	12.0616	42.0662	0	0	0	
2024-06-13 20:16:51	1752	3408	9	0	0	7.75	32	0	0	0	32	0	0	5.25	32	0	0	0	32	0	0	2.165		99.9813	62.807	0.0872563	0	0.872727	0.428837	13.7088	1		0	12.0616	42.1962	0	0	0	
2024-06-13 20:17:14	1755	3409	9	0	0	7.75	32	0	0	0	32	0	0	4	32	0	0	0	32	0	0	3.247		99.9831	62.6565	0.0586978	0	0.587077	0.262357	13.8327	1		0	12.0616	42.1962	0	0	0	
2024-06-13 20:14:22	1733	3410	1	0	0	6	25	0	0	0	25	0	0	1.25	25	0	0	0	25	0	0	4.113		99.9812	62.2171	0.0598629	0	0.598742	0.210588	17.8695	2		0	12.0616	42.4561	0	0	0	
2024-06-13 20:11:37	1711	3411	5	0	0	4	17	0	0	0	17	0	0	3.5	17	0	0	0	17	0	0	0.433		99.9844	62.846	0.527458	0	5.2754	0.356783	16.5732	1		0	12.0616	42.7159	0	0	0	
2024-06-13 20:04:10	1653	3412	1	0	0	0	1	0	0	0	1	0	0	1	1	0	0	0	1	0	0	0.866		99.993	71.1287	0.232026	0	2.32042	0.73986	14.5796	1		0	12.0793	46.7443	0	0	0	
2024-06-13 20:07:40	1680	3413	5	0	0	2	9	0	0	0	9	0	0	5.25	9	0	0	0	9	0	0	2.814		99.9916	63.8508	0.0779651	0	0.779717	0.150868	15.9221	2		0.0088623	12.0616	44.0154	0	0	0	
2024-06-13 20:07:18	1677	3414	9	0	0	2	9	0	0	0	9	0	0	4	9	0	0	0	9	0	0	1.732		99.995	64.23	0.110005	0	1.10011	0.342487	13.8244	1		0.0088623	12.0616	44.5352	0	0	0	
2024-06-13 20:23:35	1803	3415	1	0	0	3.5	15	0	0	0	15	0	0	2.25	15	0	0	0	15	0	0	1.082		99.9824	61.4499	0.180783	0	1.80815	0.533562	14.2012	1		0	12.0616	42.1962	0	0	0	
2024-06-13 20:16:14	1747	3416	1	0	0	7	29	0	0	0	29	0	0	3	29	0	0	0	29	0	0	3.464		99.9784	62.7247	0.0588514	0	0.588641	0.675704	14.7942	1		0.0088623	12.0616	42.0662	0	0	0	
2024-06-13 20:06:57	1674	3417	1	0	0	1	5	0	0	0	5	0	0	2.5	5	0	0	0	5	0	0	1.299		99.9915	63.883	0.146051	0	1.46064	0.22012	13.7662	1		0.0088623	12.0616	44.6651	0	0	0	
2024-06-13 20:04:22	1654	3418	9	0	0	0	1	0	0	0	1	0	0	6.75	1	0	0	0	1	0	0	5.845		99.9949	68.8611	0.0412067	0	0.412088	0.507374	17.4773	1		0	12.0705	46.8742	0	0	0	
2024-06-13 20:20:23	1779	3419	1	0	0	2.75	12	0	0	0	12	0	0	3	12	0	0	0	12	0	0	0.216		99.9821	62.0894	0.794098	0	7.9424	0.695305	12.4759	1		0	11.9552	42.1962	0	0	0	
2024-06-13 20:12:21	1717	3420	1	0	0	5	21	0	0	0	21	0	0	1	21	0	0	0	21	0	0	3.464		99.9838	63.0459	0.0633952	0	0.634055	0.144456	15.9355	1		0	12.0616	42.7159	0	0	0	
2024-06-13 20:26:00	1819	3421	1	0	0	0.5	3	0	0	7.25	3	0	0	2.75	3	0	0	5	3	0	0	1.168		99.9865	20.4877	0.0775484	0	0.775588	0.0494914	10.9646	2		0.0088623	12.0705	42.1962	0	0	0	
2024-06-13 20:21:08	1785	3422	9	0	0	6.75	28	0	0	0	28	0	0	7	28	0	0	0	28	0	0	0.216		99.9806	61.8943	0.839061	0	8.39224	0.794261	13.1825	1		0.0088623	12.0616	41.9363	0	0	0	
2024-06-13 20:08:21	1685	3423	1	0	0	2	9	0	0	0	9	0	0	0.75	9	0	0	0	9	0	0	1.082		99.9924	63.8153	0.175023	0	1.75036	0.187321	13.7473	1		0	12.0616	43.8855	0	0	0	
2024-06-13 20:09:37	1695	3424	9	0	0	3	13	0	0	0	13	0	0	6	13	0	0	0	13	0	0	2.598		99.9876	64.8484	0.0797642	0	0.797741	0.147476	15.0371	1		0	12.0705	43.4956	0	0	0	
2024-06-13 20:09:05	1691	3425	5	0	0	3	13	0	0	0	13	0	0	4.75	13	0	0	0	13	0	0	1.515		99.9868	64.6363	0.129033	0	1.2905	0.388889	14.1898	1		0	12.0705	43.4956	0	0	0	
2024-06-13 20:06:42	1672	3426	5	0	0	1	5	0	0	0	5	0	0	7.75	5	0	0	0	5	0	0	5.845		99.9943	63.9401	0.0395711	0	0.395734	0.251382	16.7837	1		0	12.0616	44.7951	0	0	0	
2024-06-13 20:06:10	1668	3427	9	0	0	1	5	0	0	0	5	0	0	6.5	5	0	0	0	5	0	0	4.762		99.9917	64.6954	0.0522375	0	0.522418	0.836347	18.0535	1		0.0088623	12.0705	45.1849	0	0	0	
2024-06-13 20:13:38	1727	3428	5	0	0	6	25	0	0	0	25	0	0	5.5	25	0	0	0	25	0	0	0.433		99.9856	62.8748	0.527032	0	5.27108	0.916977	16.5596	1		0.0088623	12.0616	42.1962	0	0	0	
2024-06-13 20:13:30	1726	3429	9	0	0	6	25	0	0	0	25	0	0	4.25	25	0	0	0	25	0	0	1.515		99.9816	62.7291	0.134554	0	1.34579	0.713884	14.7977	1		0	12.0616	42.3261	0	0	0	
2024-06-13 20:13:08	1723	3430	1	0	0	5	21	0	0	0	21	0	0	2.75	21	0	0	0	21	0	0	1.948		99.9828	62.8449	0.0970984	0	0.971151	0.153479	13.7293	1		0	12.0705	42.586	0	0	0	
2024-06-13 20:06:50	1673	3431	5	0	0	1	5	0	0	0	5	0	0	0.5	5	0	0	0	5	0	0	0.433		99.9922	64.0145	0.495161	0	4.952	0.420361	15.5572	1		0	11.9552	44.7951	0	0	0	
2024-06-13 20:11:45	1712	3432	5	0	0	4	17	0	0	0	17	0	0	0.75	17	0	0	0	17	0	0	2.814		99.9827	62.7301	0.0693365	0	0.693485	0.237831	14.1612	1		0	12.0616	42.8459	0	0	0	
2024-06-13 20:16:51	1752	3433	1	0	0	7.75	32	0	0	0	32	0	0	3.25	32	0	0	0	32	0	0	3.897		99.9813	62.807	0.0496005	0	0.496098	0.258951	14.0268	1		0	12.0616	42.1962	0	0	0	
2024-06-13 20:25:08	1814	3434	1	0	0	2.75	12	0	0	5	12	0	0	0.5	12	0	0	7.25	12	0	0	1.168		99.9857	20.7632	0.0839444	0	0.839564	0.592263	11.8691	2		0.0088623	12.0616	42.1962	0	0	0	
2024-06-13 20:19:24	1772	3435	9	0	0	1.25	6	0	0	0	6	0	0	6.5	6	0	0	0	6	0	0	4.546		99.9789	62.156	0.0521549	0	0.521659	0.612205	17.2078	1		0	12.0616	42.1962	0	0	0	
2024-06-13 20:14:54	1737	3436	1	0	0	6	25	0	0	0	25	0	0	0.5	25	0	0	0	25	0	0	4.762		99.9827	62.4801	0.0559238	0	0.559335	0.635204	19.3292	1		0	12.0616	42.3261	0	0	0	
2024-06-13 20:11:22	1709	3437	1	0	0	4	17	0	0	0	17	0	0	2.75	17	0	0	0	17	0	0	1.082		99.9881	62.614	0.184748	0	1.84769	0.268737	14.5118	1		0	11.9552	42.9758	0	0	0	
2024-06-13 20:04:30	1655	3438	1	0	0	0	1	0	0	0	1	0	0	0.25	1	0	0	0	1	0	0	0.216		99.9905	68.1499	0.806855	0	8.06931	0.379728	12.6752	1		0	12.0705	46.7443	0	0	0	
2024-06-13 20:08:13	1684	3439	1	0	0	2	9	0	0	0	9	0	0	3.25	9	0	0	0	9	0	0	1.082		99.9916	64.0247	0.182082	0	1.82097	0.323599	14.3019	1		0.0088623	12.0616	44.0154	0	0	0	
2024-06-13 20:15:09	1739	3440	1	0	0	7	29	0	0	0	29	0	0	1.75	29	0	0	0	29	0	0	4.546		99.9806	62.7375	0.0503081	0	0.503179	0.395246	16.5982	1		0	12.0616	42.1962	0	0	0	
2024-06-13 20:05:02	1659	3441	5	0	0	0	1	0	0	0	1	0	0	6	1	0	0	0	1	0	0	5.195		99.9975	66.3614	0.0506869	0	0.506881	0.153949	19.109	1		0.0088623	12.0705	46.0945	0	0	0	
2024-06-13 20:04:30	1655	3442	9	0	0	0	1	0	0	0	1	0	0	4.75	1	0	0	0	1	0	0	4.113		99.9905	68.1499	0.0527635	0	0.527685	0.0118919	15.7488	1		0	12.0705	46.7443	0	0	0	
2024-06-13 20:22:47	1797	3443	1	0	0	7.25	30	0	0	0	30	0	0	0.5	30	0	0	0	30	0	0	5.845		99.9781	61.9884	0.0539125	0	0.539243	0.506238	22.8701	1		0	12.0616	42.0662	0	0	0	
2024-06-13 20:12:36	1719	3444	1	0	0	5	21	0	0	0	21	0	0	0.25	21	0	0	0	21	0	0	4.113		99.9877	63.4456	0.0520804	0	0.520868	0.123051	15.5454	1		0	12.0616	42.7159	0	0	0	
2024-06-13 20:12:14	1716	3445	5	0	0	5	21	0	0	0	21	0	0	6.75	21	0	0	0	21	0	0	1.515		99.9834	63.1353	0.138855	0	1.38878	0.260088	15.2704	1		0	12.0616	42.7159	0	0	0	
2024-06-13 20:10:06	1699	3446	5	0	0	3	13	0	0	0	13	0	0	2.25	13	0	0	0	13	0	0	0.649		99.9874	64.0326	0.323495	0	3.23536	0.37896	15.2463	1		0	12.0705	43.2357	0	0	0	
2024-06-13 20:07:33	1679	3447	1	0	0	2	9	0	0	0	9	0	0	0	9	0	0	0	9	0	0	1.732		99.994	64.4942	0.130922	0	1.3093	0.164482	16.4531	1		0	12.0616	44.2753	0	0	0	
2024-06-13 20:21:15	1786	3448	9	0	0	6.5	27	0	0	0	27	0	0	7.25	27	0	0	0	27	0	0	0.649		99.9797	61.5833	0.367047	0	3.67121	0.136487	17.3002	2		0.0088623	12.0616	42.1962	0	0	0	
2024-06-13 20:17:29	1757	3449	5	0	0	7.75	32	0	0	0	32	0	0	7.25	32	0	0	0	32	0	0	0.433		99.979	62.1088	0.476217	0	4.76317	0.175131	14.9639	2		0	12.0616	42.1962	0	0	0	
2024-06-13 20:22:55	1798	3450	1	0	0	7.5	31	0	0	0	31	0	0	0.25	31	0	0	0	31	0	0	6.278		99.9805	61.6901	0.0403471	0	0.40355	0.209669	18.383	2		0.0088623	12.0616	42.0662	0	0	0	
2024-06-13 20:19:56	1776	3451	1	0	0	0.75	4	0	0	0	4	0	0	1	4	0	0	0	4	0	0	0.216		99.9814	62.1258	0.814727	0	8.14879	0.483973	12.8001	1		0	12.0616	42.1962	0	0	0	
2024-06-13 20:22:04	1792	3452	1	0	0	5.5	23	0	0	0	23	0	0	2.25	23	0	0	0	23	0	0	2.814		99.9816	61.5082	0.11026	0	1.1028	0.567285	22.5197	2		0.0088623	12.0616	42.1962	0	0	0	
2024-06-13 20:10:43	1704	3453	5	0	0	4	17	0	0	0	17	0	0	6.75	17	0	0	0	17	0	0	2.381		99.9848	62.8594	0.084783	0	0.847958	0.0883651	14.6517	1		0.0088623	12.0616	42.9758	0	0	0	
2024-06-13 20:08:50	1689	3454	5	0	0	3	13	0	0	0	13	0	0	5.25	13	0	0	0	13	0	0	1.948		99.9933	64.7196	0.0998735	0	0.998803	0.408673	14.1202	1		0	12.0616	43.6256	0	0	0	
2024-06-13 20:09:44	1696	3455	9	0	0	3	13	0	0	0	13	0	0	4	13	0	0	0	13	0	0	0.866		99.9872	64.5566	0.244892	0	2.44924	0.368305	15.389	1		0	12.0616	43.4956	0	0	0	
2024-06-13 20:08:13	1684	3456	5	0	0	2	9	0	0	0	9	0	0	7.25	9	0	0	0	9	0	0	4.546		99.9916	64.0247	0.0589792	0	0.589842	0.628855	19.457	1		0.0088623	12.0616	44.0154	0	0	0	
2024-06-13 20:15:33	1742	3457	5	0	0	7	29	0	0	0	29	0	0	7.5	29	0	0	0	29	0	0	0.433		99.9793	62.2756	0.481347	0	4.81447	0.0974583	15.1251	2		0	12.0616	42.3261	0	0	0	
2024-06-13 20:15:44	1743	3458	5	0	0	7	29	0	0	0	29	0	0	6.25	29	0	0	0	29	0	0	0.649		99.9793	62.5281	0.350857	0	3.50929	0.513738	16.5371	1		0	12.0616	42.1962	0	0	0	
2024-06-13 20:05:55	1666	3459	5	0	0	1	5	0	0	0	5	0	0	5.75	5	0	0	0	5	0	0	4.113		99.9929	64.3806	0.0530839	0	0.530876	0.0134188	15.8441	1		0	12.0616	45.3149	0	0	0	
2024-06-13 20:06:02	1667	3460	9	0	0	1	5	0	0	0	5	0	0	4.5	5	0	0	0	5	0	0	3.031		99.9937	64.8239	0.0707324	0	0.707369	0.337949	15.5559	1		0.0088623	12.0705	45.1849	0	0	0	
2024-06-13 20:14:47	1736	3461	1	0	0	6	25	0	0	0	25	0	0	3.5	25	0	0	0	25	0	0	2.165		99.9842	62.5361	0.0891026	0	0.891167	0.288017	13.9984	1		0	12.0616	42.1962	0	0	0	
2024-06-13 20:11:45	1712	3462	1	0	0	4	17	0	0	0	17	0	0	0	17	0	0	0	17	0	0	3.464		99.9827	62.7301	0.0614389	0	0.614495	0.0178745	15.4439	1		0	12.0616	42.8459	0	0	0	
2024-06-13 20:17:06	1754	3463	1	0	0	7.75	32	0	0	0	32	0	0	2.5	32	0	0	0	32	0	0	4.546		99.9797	62.6287	0.0455316	0	0.455409	0.133926	15.0224	1		0	12.0616	42.1962	0	0	0	
2024-06-13 20:07:51	1681	3464	1	0	0	2	9	0	0	0	9	0	0	2.5	9	0	0	0	9	0	0	0.433		99.9952	64.1293	0.472364	0	4.72387	0.355008	14.8405	1		0	12.0616	44.1454	0	0	0	
2024-06-13 20:15:23	1741	3465	1	0	0	7	29	0	0	0	29	0	0	1	29	0	0	0	29	0	0	5.195		99.9807	62.5389	0.0468362	0	0.468452	0.0940642	17.6602	2		0.0088623	12.0705	42.3261	0	0	0	
2024-06-13 20:04:47	1657	3466	9	0	0	0	1	0	0	0	1	0	0	5.25	1	0	0	0	1	0	0	4.546		99.996	66.7657	0.0512592	0	0.512613	0.151056	16.9094	1		0	12.0616	46.3544	0	0	0	
2024-06-13 20:05:09	1660	3467	5	0	0	0	1	0	0	0	1	0	0	4	1	0	0	0	1	0	0	3.464		99.9963	66.0333	0.0609908	0	0.609931	0.371438	15.3292	1		0	12.0616	45.8346	0	0	0	
2024-06-13 20:18:16	1763	3468	1	0	0	7.75	32	0	0	0	32	0	0	1.75	32	0	0	0	32	0	0	5.195		99.9854	62.3358	0.0406752	0	0.406811	0.375567	15.3364	1		0	12.0616	42.1962	0	0	0	
2024-06-13 20:11:59	1714	3469	5	0	0	5	21	0	0	0	21	0	0	6	21	0	0	0	21	0	0	0.866		99.9826	63.2813	0.255668	0	2.55712	0.895763	16.0669	1		0.0088623	12.0616	42.7159	0	0	0	
2024-06-13 20:12:54	1721	3470	5	0	0	5	21	0	0	0	21	0	0	4.75	21	0	0	0	21	0	0	0.216		99.9821	63.1235	0.827687	0	8.27835	0.446722	13.0036	1		0	12.0616	42.586	0	0	0	
2024-06-13 20:10:06	1699	3471	1	0	0	3	13	0	0	0	13	0	0	1.5	13	0	0	0	13	0	0	1.299		99.9874	64.0326	0.143613	0	1.43631	0.162756	13.5369	1		0	12.0705	43.2357	0	0	0	
2024-06-13 20:16:51	1752	3472	5	0	0	7.75	32	0	0	0	32	0	0	6.5	32	0	0	0	32	0	0	1.082		99.9813	62.807	0.192436	0	1.92472	0.605114	15.1167	1		0	12.0616	42.1962	0	0	0	
2024-06-13 20:19:03	1769	3473	9	0	0	2.25	10	0	0	0	10	0	0	5.5	10	0	0	0	10	0	0	2.814		99.9829	62.9285	0.0834133	0	0.834276	0.66376	17.0362	1		0	12.0616	42.1962	0	0	0	
2024-06-13 20:24:53	1813	3474	1	0	0	3	13	0	0	4.75	13	0	0	1.25	13	0	0	6.5	13	0	0	0.908		99.9826	20.7601	0.0733802	0	0.733929	1.96347	8.06997	4		0	12.0616	42.1962	0	0	0	
2024-06-13 20:11:05	1707	3475	5	0	0	4	17	0	0	0	17	0	0	6	17	0	0	0	17	0	0	1.732		99.9902	62.967	0.115729	0	1.1574	0.245149	14.5443	1		0	12.0705	43.1058	0	0	0	
2024-06-13 20:10:21	1701	3476	1	0	0	4	17	0	0	0	17	0	0	4.75	17	0	0	0	17	0	0	0.649		99.9853	63.0439	0.357556	0	3.57609	0.884476	16.8519	1		0	12.0616	43.2357	0	0	0	
2024-06-13 20:04:54	1658	3477	1	0	0	0	1	0	0	0	1	0	0	2.25	1	0	0	0	1	0	0	1.948		99.9984	66.3188	0.107652	0	1.07653	0.274204	15.2192	1		0.0088623	12.0616	46.2245	0	0	0	
2024-06-13 20:24:42	1812	3478	1	0	0	3.25	14	0	0	4.5	14	0	0	2	14	0	0	5.75	14	0	0	0.649		99.9847	20.2774	0.179339	0	1.79366	0.0266282	14.0874	2		0	12.0616	42.1962	0	0	0	
2024-06-13 20:08:57	1690	3479	1	0	0	3	13	0	0	0	13	0	0	3.25	13	0	0	0	13	0	0	0.216		99.9911	64.4717	0.814271	0	8.14343	0.690017	12.7917	1		0	12.0616	43.4956	0	0	0	
2024-06-13 20:07:25	1678	3480	5	0	0	2	9	0	0	0	9	0	0	7.75	9	0	0	0	9	0	0	4.979		99.9973	64.0614	0.0438537	0	0.438549	0.4677	15.844	1		0.0088623	12.0616	44.2753	0	0	0	
2024-06-13 20:07:58	1682	3481	5	0	0	2	9	0	0	0	9	0	0	6.5	9	0	0	0	9	0	0	3.897		99.9936	64.1436	0.0558868	0	0.558904	0.291633	15.8026	1		0.0088623	12.0616	44.1454	0	0	0	
2024-06-13 20:15:09	1739	3482	5	0	0	7	29	0	0	0	29	0	0	5.5	29	0	0	0	29	0	0	1.299		99.9806	62.7375	0.158042	0	1.58072	0.990355	14.898	1		0	12.0616	42.1962	0	0	0	
2024-06-13 20:15:59	1745	3483	9	0	0	7	29	0	0	0	29	0	0	4.25	29	0	0	0	29	0	0	2.381		99.9789	62.7749	0.0833148	0	0.833324	0.0785586	14.3988	1		0.0088623	12.0616	42.1962	0	0	0	
2024-06-13 20:06:17	1669	3484	9	0	0	1	5	0	0	0	5	0	0	5	5	0	0	0	5	0	0	3.464		99.9906	64.3438	0.0637804	0	0.637864	0.436083	16.0313	1		0.0088623	12.0616	45.1849	0	0	0	
2024-06-13 20:05:55	1666	3485	1	0	0	1	5	0	0	0	5	0	0	3.75	5	0	0	0	5	0	0	2.381		99.9929	64.3806	0.0808928	0	0.808985	0.118195	13.9783	1		0	12.0616	45.3149	0	0	0	
2024-06-13 20:13:30	1726	3486	1	0	0	6	25	0	0	0	25	0	0	2.75	25	0	0	0	25	0	0	2.814		99.9816	62.7291	0.0718087	0	0.718219	0.475528	14.6663	1		0	12.0616	42.3261	0	0	0	
2024-06-13 20:13:16	1724	3487	5	0	0	5	21	0	0	0	21	0	0	2.25	21	0	0	0	21	0	0	2.381		99.9848	62.8905	0.0809093	0	0.809216	0.100184	13.9822	1		0	12.0705	42.586	0	0	0	
2024-06-13 20:15:44	1743	3488	1	0	0	7	29	0	0	0	29	0	0	0.25	29	0	0	0	29	0	0	5.845		99.9793	62.5281	0.0404946	0	0.40503	0.668991	17.1779	1		0	12.0616	42.1962	0	0	0	
2024-06-13 20:04:22	1654	3489	1	0	0	0	1	0	0	0	1	0	0	3.25	1	0	0	0	1	0	0	2.814		99.9949	68.8611	0.0694333	0	0.694368	0.119237	14.1792	1		0	12.0705	46.8742	0	0	0	
2024-06-13 20:09:12	1692	3490	5	0	0	3	13	0	0	0	13	0	0	7.25	13	0	0	0	13	0	0	3.68		99.9902	64.3419	0.0745092	0	0.745165	0.251725	19.8985	2		0.0088623	12.0616	43.4956	0	0	0	
2024-06-13 20:14:07	1731	3491	9	0	0	6	25	0	0	0	25	0	0	6.75	25	0	0	0	25	0	0	0.649		99.9862	62.781	0.366651	0	3.66701	0.579214	17.2804	1		0	12.0616	42.1962	0	0	0	
2024-06-13 20:18:24	1764	3492	9	0	0	3.75	16	0	0	0	16	0	0	4	16	0	0	0	16	0	0	0.216		99.9822	62.1434	0.894823	0	8.94982	0.782306	14.0583	1		0	12.0616	42.1962	0	0	0	
2024-06-13 20:17:39	1758	3493	1	0	0	7.75	32	0	0	0	32	0	0	1	32	0	0	0	32	0	0	5.845		99.9825	62.2769	0.038053	0	0.380597	0.0184245	16.1417	1		0	12.0616	42.1962	0	0	0	
2024-06-13 20:12:14	1716	3494	9	0	0	5	21	0	0	0	21	0	0	5.25	21	0	0	0	21	0	0	0.216		99.9834	63.1353	0.844655	0	8.44795	0.526057	13.27	1		0	12.0616	42.7159	0	0	0	
2024-06-13 20:12:36	1719	3495	9	0	0	5	21	0	0	0	21	0	0	4	21	0	0	0	21	0	0	0.866		99.9877	63.4456	0.252963	0	2.52995	0.532687	15.8961	1		0	12.0616	42.7159	0	0	0	
2024-06-13 20:09:59	1698	3496	1	0	0	3	13	0	0	0	13	0	0	0.75	13	0	0	0	13	0	0	1.948		99.9866	64.3419	0.0944215	0	0.944342	0.40375	13.3503	1		0	12.0705	43.3657	0	0	0	
2024-06-13 20:07:11	1676	3497	1	0	0	1	5	0	0	0	5	0	0	1.75	5	0	0	0	5	0	0	0.649		99.9958	63.5862	0.319523	0	3.19537	0.262981	15.0578	1		0.0088623	12.0705	44.2753	0	0	0	
2024-06-13 20:11:37	1711	3498	1	0	0	4	17	0	0	0	17	0	0	2	17	0	0	0	17	0	0	1.732		99.9844	62.846	0.10967	0	1.09688	0.258036	13.7837	1		0	12.0616	42.7159	0	0	0	
2024-06-13 20:17:14	1755	3499	5	0	0	7.75	32	0	0	0	32	0	0	5.75	32	0	0	0	32	0	0	1.732		99.9831	62.6565	0.112334	0	1.12353	0.392786	14.1186	1		0	12.0616	42.1962	0	0	0	
2024-06-13 20:16:44	1751	3500	9	0	0	7.75	32	0	0	0	32	0	0	4.5	32	0	0	0	32	0	0	2.814		99.9824	62.7837	0.067625	0	0.67637	0.58156	13.8117	1		0	12.0616	42.1962	0	0	0	
2024-06-13 20:20:38	1781	3501	1	0	0	2.25	10	0	0	0	10	0	0	3.5	10	0	0	0	10	0	0	1.082		99.9825	62.8108	0.182033	0	1.82065	0.388995	14.2994	1		0.0088623	12.0616	42.0662	0	0	0	
2024-06-13 20:19:48	1775	3502	9	0	0	0.25	2	0	0	0	2	0	0	7.5	2	0	0	0	2	0	0	6.278		99.9799	61.6609	0.0383855	0	0.383932	0.49379	17.4893	1		0.0088623	12.0616	42.1962	0	0	0	
2024-06-13 20:15:01	1738	3503	1	0	0	6	25	0	0	0	25	0	0	1.75	25	0	0	0	25	0	0	3.68		99.9807	62.4796	0.0637615	0	0.637738	0.422574	17.0299	1		0	12.0616	42.3261	0	0	0	
2024-06-13 20:10:36	1703	3504	1	0	0	4	17	0	0	0	17	0	0	5.25	17	0	0	0	17	0	0	1.082		99.9864	62.9811	0.197267	0	1.97293	0.424642	15.4954	1		0	12.0705	43.2357	0	0	0	
2024-06-13 20:05:09	1660	3505	1	0	0	0	1	0	0	0	1	0	0	1.5	1	0	0	0	1	0	0	1.299		99.9963	66.0333	0.144436	0	1.44441	0.00316614	13.6133	1		0	12.0616	45.8346	0	0	0	
2024-06-13 20:09:12	1692	3506	1	0	0	3	13	0	0	0	13	0	0	2.5	13	0	0	0	13	0	0	0.433		99.9902	64.3419	0.472667	0	4.72714	0.107792	14.8507	2		0.0088623	12.0616	43.4956	0	0	0	
2024-06-13 20:07:51	1681	3507	9	0	0	2	9	0	0	0	9	0	0	5.75	9	0	0	0	9	0	0	3.247		99.9952	64.1293	0.0657308	0	0.65734	0.0679817	15.4882	1		0	12.0616	44.1454	0	0	0	
2024-06-13 20:07:33	1679	3508	9	0	0	2	9	0	0	0	9	0	0	4.5	9	0	0	0	9	0	0	2.165		99.994	64.4942	0.0901301	0	0.901355	0.152978	14.1585	1		0	12.0616	44.2753	0	0	0	
2024-06-13 20:16:29	1749	3509	5	0	0	7	29	0	0	0	29	0	0	3.5	29	0	0	0	29	0	0	3.031		99.9809	63.2453	0.0652252	0	0.652377	0.190977	14.3465	1		0	12.0616	42.1962	0	0	0	
2024-06-13 20:06:42	1672	3510	1	0	0	1	5	0	0	0	5	0	0	3	5	0	0	0	5	0	0	1.732		99.9943	63.9401	0.107004	0	1.0701	0.212761	13.4473	1		0	12.0616	44.7951	0	0	0	
2024-06-13 20:04:37	1656	3511	9	0	0	0	1	0	0	0	1	0	0	7.25	1	0	0	0	1	0	0	6.278		99.9916	66.9022	0.0417616	0	0.417651	0.270784	19.0253	2		0.0088623	12.0616	46.6143	0	0	0	
2024-06-13 20:12:14	1716	3512	1	0	0	5	21	0	0	0	21	0	0	1.5	21	0	0	0	21	0	0	3.031		99.9834	63.1353	0.0662613	0	0.662723	0.179894	14.574	1		0	12.0616	42.7159	0	0	0	
2024-06-13 20:08:35	1687	3513	5	0	0	2	9	0	0	0	9	0	0	1.25	9	0	0	0	9	0	0	0.649		99.9942	63.9111	0.30997	0	3.09988	0.328907	14.6079	1		0	12.0705	43.7555	0	0	0	
2024-06-13 20:23:13	1800	3514	1	0	0	1.5	7	0	0	0	7	0	0	0.25	7	0	0	0	7	0	0	1.082		99.981	60.8338	0.179298	0	1.79332	0.319441	14.0847	1		0	12.0616	42.1962	0	0	0	
2024-06-13 20:05:23	1662	3515	1	0	0	0	1	0	0	0	1	0	0	2.5	1	0	0	0	1	0	0	2.165		99.997	65.696	0.088659	0	0.886617	0.0659558	13.9269	1		0	11.9552	45.5748	0	0	0	
2024-06-13 20:22:22	1794	3516	1	0	0	6.25	26	0	0	0	26	0	0	1.5	26	0	0	0	26	0	0	4.113		99.9816	61.3659	0.059497	0	0.595079	0.0959999	17.7602	2		0	12.0616	42.1962	0	0	0	
2024-06-13 20:24:11	1808	3517	9	0	0	7.25	30	0	0	0	30	0	0	6.5	30	0	0	0	30	0	0	0.649		99.9843	61.8662	0.340888	0	3.40942	0.766122	16.0665	1		0	12.0616	42.0662	0	0	0	
2024-06-13 20:09:30	1694	3518	5	0	0	3	13	0	0	0	13	0	0	7.75	13	0	0	0	13	0	0	4.113		99.9876	64.4583	0.0504161	0	0.504223	0.317108	15.0486	1		0	12.0705	43.2357	0	0	0	
2024-06-13 20:08:57	1690	3519	5	0	0	3	13	0	0	0	13	0	0	6.5	13	0	0	0	13	0	0	3.031		99.9911	64.4717	0.069331	0	0.693371	0.304876	15.248	1		0	12.0616	43.4956	0	0	0	
2024-06-13 20:06:42	1672	3520	9	0	0	1	5	0	0	0	5	0	0	7	5	0	0	0	5	0	0	5.195		99.9943	63.9401	0.0460239	0	0.460265	0.261977	17.3516	1		0	12.0616	44.7951	0	0	0	
2024-06-13 20:13:45	1728	3521	9	0	0	6	25	0	0	0	25	0	0	4.75	25	0	0	0	25	0	0	1.082		99.9805	62.7829	0.199039	0	1.99078	0.533183	15.6356	1		0.0088623	12.0705	42.4561	0	0	0	
2024-06-13 20:17:54	1760	3522	1	0	0	7.75	32	0	0	0	32	0	0	0.25	32	0	0	0	32	0	0	6.494		99.9808	62.5919	0.0339498	0	0.339563	0.402941	16.0015	1		0	12.0616	41.9363	0	0	0	
2024-06-13 20:13:16	1724	3523	1	0	0	5	21	0	0	0	21	0	0	3.25	21	0	0	0	21	0	0	1.515		99.9848	62.8905	0.12653	0	1.2655	0.193991	13.9149	1		0	12.0705	42.586	0	0	0	
2024-06-13 20:09:37	1695	3524	1	0	0	3	13	0	0	0	13	0	0	0	13	0	0	0	13	0	0	2.598		99.9876	64.8484	0.077555	0	0.775646	0.277309	14.6206	1		0	12.0705	43.4956	0	0	0	
2024-06-13 20:18:32	1765	3525	9	0	0	3.5	15	0	0	0	15	0	0	4.25	15	0	0	0	15	0	0	0.649		99.9807	61.8028	0.344571	0	3.44638	0.530676	16.2407	1		0	12.0616	42.1962	0	0	0	
2024-06-13 20:11:52	1713	3526	1	0	0	4	17	0	0	0	17	0	0	1.25	17	0	0	0	17	0	0	2.381		99.9845	62.5606	0.080664	0	0.806765	0.300278	13.9399	1		0	12.0616	42.7159	0	0	0	
2024-06-13 20:16:58	1753	3527	1	0	0	7.75	32	0	0	0	32	0	0	5	32	0	0	0	32	0	0	2.381		99.983	62.7932	0.0792813	0	0.792947	0.624223	13.7011	1		0	12.0616	42.1962	0	0	0	
2024-06-13 20:17:29	1757	3528	1	0	0	7.75	32	0	0	0	32	0	0	3.75	32	0	0	0	32	0	0	3.464		99.979	62.1088	0.0555556	0	0.555672	0.0120465	13.9656	2		0	12.0616	42.1962	0	0	0	
2024-06-13 20:25:50	1818	3529	1	0	0	1.25	6	0	0	6.5	6	0	0	3	6	0	0	4.75	6	0	0	0.908		99.9887	20.1539	0.0945804	0	0.945911	0.299149	10.4008	2		0.0088623	12.0616	42.1962	0	0	0	
2024-06-13 20:14:40	1735	3530	1	0	0	6	25	0	0	0	25	0	0	1	25	0	0	0	25	0	0	4.33		99.986	62.549	0.0578975	0	0.579056	0.140816	18.1916	1		0	12.0616	42.4561	0	0	0	
2024-06-13 20:10:29	1702	3531	1	0	0	4	17	0	0	0	17	0	0	3.25	17	0	0	0	17	0	0	0.649		99.9857	63.2673	0.34393	0	3.43979	0.661726	16.2096	1		0	12.0616	43.2357	0	0	0	
2024-06-13 20:04:47	1657	3532	1	0	0	0	1	0	0	0	1	0	0	0.75	1	0	0	0	1	0	0	0.649		99.996	66.7657	0.325811	0	3.25824	0.344574	15.3541	1		0	12.0616	46.3544	0	0	0	
2024-06-13 20:25:18	1815	3533	1	0	0	3.5	15	0	0	4.25	15	0	0	3.75	15	0	0	4	15	0	0	0.13		99.9845	19.3761	0.589053	0	5.89145	0.609132	9.25426	2		0	12.0616	42.1962	0	0	0	
2024-06-13 20:07:25	1678	3534	9	0	0	2	9	0	0	0	9	0	0	5	9	0	0	0	9	0	0	2.598		99.9973	64.0614	0.0776406	0	0.776427	0.00266811	14.6353	1		0.0088623	12.0616	44.2753	0	0	0	
2024-06-13 20:07:25	1678	3535	1	0	0	2	9	0	0	0	9	0	0	3.75	9	0	0	0	9	0	0	1.515		99.9973	64.0614	0.132058	0	1.32062	0.509935	14.521	1		0.0088623	12.0616	44.2753	0	0	0	
2024-06-13 20:16:06	1746	3536	1	0	0	7	29	0	0	0	29	0	0	2.75	29	0	0	0	29	0	0	3.68		99.9774	62.6286	0.0560788	0	0.560915	0.0274549	14.9784	1		0	12.0616	42.1962	0	0	0	
2024-06-13 20:16:21	1748	3537	5	0	0	7	29	0	0	0	29	0	0	2.25	29	0	0	0	29	0	0	4.113		99.9834	63.1824	0.0518901	0	0.518988	0.271682	15.4893	1		0	12.0616	42.1962	0	0	0	
2024-06-13 20:04:22	1654	3538	5	0	0	0	1	0	0	0	1	0	0	7.75	1	0	0	0	1	0	0	6.711		99.9949	68.8611	0.035729	0	0.357308	0.927433	17.399	1		0	12.0705	46.8742	0	0	0	
2024-06-13 20:05:09	1660	3539	9	0	0	0	1	0	0	0	1	0	0	6.5	1	0	0	0	1	0	0	5.628		99.9963	66.0333	0.0422609	0	0.422625	0.776	17.2603	1		0	12.0616	45.8346	0	0	0	
2024-06-13 20:12:28	1718	3540	1	0	0	5	21	0	0	0	21	0	0	0.75	21	0	0	0	21	0	0	3.68		99.9827	63.1444	0.0593255	0	0.593357	0.198819	15.8447	1		0	12.0616	42.586	0	0	0	
2024-06-13 20:12:43	1720	3541	9	0	0	5	21	0	0	0	21	0	0	7.25	21	0	0	0	21	0	0	1.948		99.9856	62.7912	0.128033	0	1.28051	0.203362	18.1028	2		0	12.0616	42.586	0	0	0	
2024-06-13 20:24:04	1807	3542	9	0	0	5.75	24	0	0	0	24	0	0	4	24	0	0	0	24	0	0	1.515		99.9863	61.8898	0.131556	0	1.31574	0.28467	14.4674	1		0.0088623	12.0616	42.1962	0	0	0	
2024-06-13 20:20:53	1783	3543	9	0	0	4.5	19	0	0	0	19	0	0	5.25	19	0	0	0	19	0	0	0.649		99.98	62.0941	0.343772	0	3.43841	0.480727	16.2031	1		0.0088623	12.0705	42.0662	0	0	0	
2024-06-13 20:25:29	1816	3544	1	0	0	2.75	12	0	0	5	12	0	0	3.5	12	0	0	4.25	12	0	0	0.389		99.9866	20.762	0.333953	0	3.33997	1.08909	15.7393	4		0	12.0616	42.1962	0	0	0	
2024-06-13 20:08:35	1687	3545	1	0	0	2	9	0	0	0	9	0	0	0.5	9	0	0	0	9	0	0	1.299		99.9942	63.9111	0.144477	0	1.44486	0.286129	13.6175	1		0	12.0705	43.7555	0	0	0	
2024-06-13 20:19:39	1774	3546	9	0	0	0.5	3	0	0	0	3	0	0	7.25	3	0	0	0	3	0	0	5.845		99.9803	61.6528	0.106846	0	1.06867	0.136146	45.324	2		0	12.0616	42.1962	0	0	0	
2024-06-13 20:11:12	1708	3547	5	0	0	4	17	0	0	0	17	0	0	7.25	17	0	0	0	17	0	0	2.814		99.9827	62.4727	0.0829977	0	0.830121	0.01201	16.9514	2		0	12.0616	42.7159	0	0	0	
2024-06-13 20:09:23	1693	3548	5	0	0	3	13	0	0	0	13	0	0	5.75	13	0	0	0	13	0	0	2.381		99.9881	64.3207	0.0813047	0	0.813144	0.127637	14.0501	1		0	12.0705	43.6256	0	0	0	
2024-06-13 20:09:23	1693	3549	9	0	0	3	13	0	0	0	13	0	0	4.5	13	0	0	0	13	0	0	1.299		99.9881	64.3207	0.151642	0	1.5166	0.326164	14.2936	1		0	12.0705	43.6256	0	0	0	
2024-06-13 20:15:52	1744	3550	5	0	0	7	29	0	0	0	29	0	0	6.75	29	0	0	0	29	0	0	0.216		99.9789	63.1099	0.838253	0	8.3843	0.628154	13.17	1		0	12.0705	42.3261	0	0	0	
2024-06-13 20:06:24	1670	3551	5	0	0	1	5	0	0	0	5	0	0	7.5	5	0	0	0	5	0	0	5.628		99.9925	63.6972	0.0424328	0	0.42436	0.243669	17.3312	2		0.0088623	12.0705	44.925	0	0	0	
2024-06-13 20:06:35	1671	3552	5	0	0	1	5	0	0	0	5	0	0	6.25	5	0	0	0	5	0	0	4.546		99.9914	64.0164	0.0538217	0	0.538263	0.0307957	17.7555	1		0.0088623	12.0705	44.925	0	0	0	
2024-06-13 20:13:38	1727	3553	9	0	0	6	25	0	0	0	25	0	0	5.25	25	0	0	0	25	0	0	0.649		99.9856	62.8748	0.3495	0	3.4955	0.870076	16.4722	1		0.0088623	12.0616	42.1962	0	0	0	
2024-06-13 20:14:00	1730	3554	9	0	0	6	25	0	0	0	25	0	0	4	25	0	0	0	25	0	0	1.732		99.9855	62.7552	0.114391	0	1.14408	0.106525	14.3769	1		0	12.0705	42.3261	0	0	0	
2024-06-13 20:13:23	1725	3555	1	0	0	5	21	0	0	0	21	0	0	2.5	21	0	0	0	21	0	0	2.165		99.9875	62.8614	0.0942008	0	0.942126	0.383573	14.7989	1		0	12.0616	42.586	0	0	0	
2024-06-13 20:06:35	1671	3556	1	0	0	1	5	0	0	0	5	0	0	0.25	5	0	0	0	5	0	0	0.649		99.9914	64.0164	0.327406	0	3.27434	0.339592	15.43	1		0.0088623	12.0705	44.925	0	0	0	
2024-06-13 20:11:30	1710	3557	1	0	0	4	17	0	0	0	17	0	0	0.5	17	0	0	0	17	0	0	3.031		99.985	62.846	0.0668994	0	0.669095	0.0877147	14.7142	1		0	12.0616	42.9758	0	0	0	
2024-06-13 20:17:47	1759	3558	5	0	0	7.75	32	0	0	0	32	0	0	3	32	0	0	0	32	0	0	4.113		99.9799	62.6898	0.0476733	0	0.476829	0.20079	14.231	1		0.0088623	12.0616	42.1962	0	0	0	
2024-06-13 20:14:47	1736	3559	5	0	0	6	25	0	0	0	25	0	0	0.25	25	0	0	0	25	0	0	4.979		99.9842	62.5361	0.0469691	0	0.469765	0.157215	16.9718	1		0	12.0616	42.1962	0	0	0	
2024-06-13 20:21:54	1791	3560	1	0	0	5.25	22	0	0	0	22	0	0	2.5	22	0	0	0	22	0	0	2.381		99.982	61.6078	0.135429	0	1.35453	0.478841	23.4046	2		0	12.0616	42.1962	0	0	0	
2024-06-13 20:10:43	1704	3561	1	0	0	4	17	0	0	0	17	0	0	2.5	17	0	0	0	17	0	0	1.299		99.9848	62.8594	0.150563	0	1.50585	0.515303	14.1923	1		0.0088623	12.0616	42.9758	0	0	0	
2024-06-13 20:08:28	1686	3562	5	0	0	2	9	0	0	0	9	0	0	3	9	0	0	0	9	0	0	0.866		99.9942	63.8569	0.234707	0	2.3472	0.335792	14.7479	1		0	12.0705	43.8855	0	0	0	
2024-06-13 20:16:21	1748	3563	1	0	0	7	29	0	0	0	29	0	0	1.5	29	0	0	0	29	0	0	4.762		99.9834	63.1824	0.0481866	0	0.481947	0.182581	16.6549	1		0	12.0616	42.1962	0	0	0	
2024-06-13 20:04:30	1655	3564	5	0	0	0	1	0	0	0	1	0	0	5.75	1	0	0	0	1	0	0	4.979		99.9905	68.1499	0.0465849	0	0.465893	0.11558	16.8319	1		0	12.0705	46.7443	0	0	0	
2024-06-13 20:04:37	1656	3565	5	0	0	0	1	0	0	0	1	0	0	4.5	1	0	0	0	1	0	0	3.897		99.9916	66.9022	0.0546107	0	0.546154	0.182339	15.4421	2		0.0088623	12.0616	46.6143	0	0	0	
2024-06-13 20:12:43	1720	3566	1	0	0	5	21	0	0	0	21	0	0	0	21	0	0	0	21	0	0	4.33		99.9856	62.7912	0.0513854	0	0.513929	0.235809	16.1455	2		0	12.0616	42.586	0	0	0	
2024-06-13 20:18:09	1762	3567	5	0	0	7.75	32	0	0	0	32	0	0	2.25	32	0	0	0	32	0	0	4.762		99.9811	62.5365	0.0426135	0	0.426216	0.114492	14.729	1		0	12.0616	42.1962	0	0	0	
2024-06-13 20:12:36	1719	3568	5	0	0	5	21	0	0	0	21	0	0	7.75	21	0	0	0	21	0	0	2.381		99.9877	63.4456	0.0828509	0	0.828611	0.0638324	14.3174	1		0	12.0616	42.7159	0	0	0	
2024-06-13 20:12:43	1720	3569	5	0	0	5	21	0	0	0	21	0	0	6.5	21	0	0	0	21	0	0	1.299		99.9856	62.7912	0.163005	0	1.63029	0.0383694	15.3651	2		0	12.0616	42.586	0	0	0	
2024-06-13 20:09:30	1694	3570	1	0	0	3	13	0	0	0	13	0	0	2	13	0	0	0	13	0	0	0.866		99.9876	64.4583	0.233009	0	2.33038	0.486455	14.6422	1		0	12.0705	43.2357	0	0	0	
2024-06-13 20:21:39	1789	3571	1	0	0	4.5	19	0	0	0	19	0	0	3.25	19	0	0	0	19	0	0	1.082		99.9785	61.7366	0.191826	0	1.91867	0.748405	15.0692	1		0	12.0616	42.0662	0	0	0	
2024-06-13 20:17:06	1754	3572	9	0	0	7.75	32	0	0	0	32	0	0	7	32	0	0	0	32	0	0	0.649		99.9797	62.6287	0.341925	0	3.41995	0.634225	16.1161	1		0	12.0616	42.1962	0	0	0	
2024-06-13 20:23:56	1806	3573	9	0	0	5.5	23	0	0	0	23	0	0	4.25	23	0	0	0	23	0	0	1.082		99.9807	61.4311	0.196135	0	1.96173	0.416717	15.4074	1		0	12.0616	42.1962	0	0	0	
2024-06-13 20:22:40	1796	3574	1	0	0	6.75	28	0	0	0	28	0	0	1	28	0	0	0	28	0	0	4.979		99.9773	61.6193	0.0520592	0	0.52071	0.135951	18.8124	1		0	12.0616	42.1962	0	0	0	
2024-06-13 20:21:00	1784	3575	9	0	0	4.25	18	0	0	0	18	0	0	5.5	18	0	0	0	18	0	0	1.082		99.9804	62.2242	0.196886	0	1.96925	0.496945	15.4664	1		0	12.0616	42.1962	0	0	0	
2024-06-13 20:10:57	1706	3576	9	0	0	4	17	0	0	0	17	0	0	7.75	17	0	0	0	17	0	0	3.247		99.9855	63.0185	0.0617653	0	0.617743	0.23079	14.5552	1		0	12.0616	43.1058	0	0	0	
2024-06-13 20:11:05	1707	3577	9	0	0	4	17	0	0	0	17	0	0	6.5	17	0	0	0	17	0	0	2.165		99.9902	62.967	0.0924464	0	0.924555	0.150768	14.5229	1		0	12.0705	43.1058	0	0	0	
2024-06-13 20:08:50	1689	3578	9	0	0	3	13	0	0	0	13	0	0	5	13	0	0	0	13	0	0	1.732		99.9933	64.7196	0.111163	0	1.1117	0.51849	13.97	1		0	12.0616	43.6256	0	0	0	
2024-06-13 20:09:52	1697	3579	5	0	0	3	13	0	0	0	13	0	0	3.75	13	0	0	0	13	0	0	0.649		99.9845	64.455	0.33282	0	3.32872	0.453235	15.6862	1		0.0088623	12.0616	43.2357	0	0	0	
2024-06-13 20:08:05	1683	3580	9	0	0	2	9	0	0	0	9	0	0	7	9	0	0	0	9	0	0	4.33		99.9937	63.9836	0.0508398	0	0.50843	0.485159	15.9728	1		0	12.0705	44.0154	0	0	0	
2024-06-13 20:15:23	1741	3581	5	0	0	7	29	0	0	0	29	0	0	6	29	0	0	0	29	0	0	0.866		99.9807	62.5389	0.257505	0	2.57554	0.11327	16.1826	2		0.0088623	12.0705	42.3261	0	0	0	
2024-06-13 20:16:06	1746	3582	5	0	0	7	29	0	0	0	29	0	0	4.75	29	0	0	0	29	0	0	1.948		99.9774	62.6286	0.102186	0	1.02209	0.222216	14.4494	1		0	12.0616	42.1962	0	0	0	
2024-06-13 20:06:35	1671	3583	9	0	0	1	5	0	0	0	5	0	0	5.5	5	0	0	0	5	0	0	3.897		99.9914	64.0164	0.0618571	0	0.618624	0.0955807	17.4912	1		0.0088623	12.0705	44.925	0	0	0	
2024-06-13 20:05:45	1665	3584	5	0	0	1	5	0	0	0	5	0	0	4.25	5	0	0	0	5	0	0	2.814		99.9956	64.3576	0.073184	0	0.731873	0.156278	14.9451	2		0	12.0616	45.3149	0	0	0	
2024-06-13 20:13:38	1727	3585	1	0	0	6	25	0	0	0	25	0	0	3.25	25	0	0	0	25	0	0	2.381		99.9856	62.8748	0.082837	0	0.82849	0.203339	14.3153	1		0.0088623	12.0616	42.1962	0	0	0	
2024-06-13 20:20:14	1778	3586	1	0	0	0.25	2	0	0	0	2	0	0	1.5	2	0	0	0	2	0	0	1.082		99.9821	61.2589	0.176737	0	1.76768	0.0174356	13.8833	2		0	12.0616	42.0662	0	0	0	
2024-06-13 20:15:59	1745	3587	1	0	0	7	29	0	0	0	29	0	0	0.75	29	0	0	0	29	0	0	5.412		99.9789	62.7749	0.0441078	0	0.441171	0.205373	17.3247	1		0.0088623	12.0616	42.1962	0	0	0	
2024-06-13 20:04:10	1653	3588	5	0	0	0	1	0	0	0	1	0	0	5	1	0	0	0	1	0	0	4.33		99.993	71.1287	0.0511753	0	0.511789	0.429446	16.0783	1		0	12.0793	46.7443	0	0	0	
2024-06-13 20:05:17	1661	3589	5	0	0	0	1	0	0	0	1	0	0	3.75	1	0	0	0	1	0	0	3.247		99.9992	65.7679	0.0626131	0	0.626136	0.142984	14.753	1		0.0088623	12.0616	45.8346	0	0	0	
2024-06-13 20:24:18	1809	3590	9	0	0	7.5	31	0	0	0	31	0	0	6.25	31	0	0	0	31	0	0	1.082		99.9818	61.4691	0.190592	0	1.90627	0.0644377	14.9718	2		0	12.0616	42.1962	0	0	0	
2024-06-13 20:21:26	1787	3591	9	0	0	6.25	26	0	0	0	26	0	0	7.5	26	0	0	0	26	0	0	1.082		99.9784	62.1096	0.191738	0	1.91779	0.324151	15.0623	1		0	12.0616	42.1962	0	0	0	
2024-06-13 20:14:22	1733	3592	5	0	0	6	25	0	0	0	25	0	0	7.25	25	0	0	0	25	0	0	1.082		99.9812	62.2171	0.257889	0	2.57938	0.520282	20.2584	2		0	12.0616	42.4561	0	0	0	
2024-06-13 20:16:44	1751	3593	1	0	0	7.75	32	0	0	0	32	0	0	1.5	32	0	0	0	32	0	0	5.412		99.9824	62.7837	0.0391525	0	0.391594	0.337744	15.3778	1		0	12.0616	42.1962	0	0	0	
2024-06-13 20:11:59	1714	3594	9	0	0	5	21	0	0	0	21	0	0	5.75	21	0	0	0	21	0	0	0.649		99.9826	63.2813	0.348837	0	3.48897	0.899193	16.4414	1		0.0088623	12.0616	42.7159	0	0	0	
2024-06-13 20:12:06	1715	3595	5	0	0	5	21	0	0	0	21	0	0	4.5	21	0	0	0	21	0	0	0.433		99.9878	63.1803	0.500541	0	5.00603	0.748074	15.7269	1		0	12.0616	42.7159	0	0	0	
2024-06-13 20:09:44	1696	3596	1	0	0	3	13	0	0	0	13	0	0	1.25	13	0	0	0	13	0	0	1.515		99.9872	64.5566	0.121626	0	1.21641	0.253179	13.3751	1		0	12.0616	43.4956	0	0	0	
2024-06-13 20:06:57	1674	3597	5	0	0	1	5	0	0	0	5	0	0	2.25	5	0	0	0	5	0	0	1.082		99.9915	63.883	0.175346	0	1.75361	0.31238	13.7728	1		0.0088623	12.0616	44.6651	0	0	0	
2024-06-13 20:20:04	1777	3598	1	0	0	0.5	3	0	0	0	3	0	0	1.25	3	0	0	0	3	0	0	0.649		99.98	61.7096	0.332555	0	3.32622	0.0629121	15.6744	2		0.0088623	12.0616	42.0662	0	0	0	
2024-06-13 20:18:53	1768	3599	9	0	0	2.5	11	0	0	0	11	0	0	5.25	11	0	0	0	11	0	0	2.381		99.9828	62.5806	0.0936864	0	0.937026	0.429414	16.1906	2		0	12.0616	42.1962	0	0	0	
2024-06-13 20:17:39	1758	3600	5	0	0	7.75	32	0	0	0	32	0	0	7.5	32	0	0	0	32	0	0	0.216		99.9825	62.2769	0.884556	0	8.84711	0.441181	13.897	1		0	12.0616	42.1962	0	0	0	
2024-06-13 20:17:29	1757	3601	9	0	0	7.75	32	0	0	0	32	0	0	6.25	32	0	0	0	32	0	0	1.299		99.979	62.1088	0.157114	0	1.57147	0.00920552	14.8107	2		0	12.0616	42.1962	0	0	0	
2024-06-13 20:21:32	1788	3602	1	0	0	4.25	18	0	0	0	18	0	0	3.5	18	0	0	0	18	0	0	0.649		99.9839	61.9191	0.346385	0	3.46441	0.322797	16.3256	1		0.0088623	12.0616	42.0662	0	0	0	
2024-06-13 20:13:45	1728	3603	1	0	0	6	25	0	0	0	25	0	0	2.25	25	0	0	0	25	0	0	3.247		99.9805	62.7829	0.0646502	0	0.646627	0.259169	15.2358	1		0.0088623	12.0705	42.4561	0	0	0	
2024-06-13 20:23:49	1805	3604	9	0	0	5.25	22	0	0	0	22	0	0	4.5	22	0	0	0	22	0	0	0.649		99.9871	61.858	0.343217	0	3.43261	0.670523	16.1758	1		0	12.0616	42.1962	0	0	0	
2024-06-13 20:10:50	1705	3605	5	0	0	4	17	0	0	0	17	0	0	5.75	17	0	0	0	17	0	0	1.515		99.9883	63.0183	0.13248	0	1.32496	0.220018	14.5687	1		0	12.0705	42.9758	0	0	0	
2024-06-13 20:10:21	1701	3606	5	0	0	4	17	0	0	0	17	0	0	4.5	17	0	0	0	17	0	0	0.433		99.9853	63.0439	0.539739	0	5.39818	0.801918	16.9589	1		0	12.0616	43.2357	0	0	0	
2024-06-13 20:05:02	1659	3607	1	0	0	0	1	0	0	0	1	0	0	2	1	0	0	0	1	0	0	1.732		99.9975	66.3614	0.135552	0	1.35556	0.340319	17.0344	1		0.0088623	12.0705	46.0945	0	0	0	
2024-06-13 20:08:13	1684	3608	9	0	0	2	9	0	0	0	9	0	0	7.5	9	0	0	0	9	0	0	4.762		99.9916	64.0247	0.0487404	0	0.487445	0.701249	16.8449	1		0.0088623	12.0616	44.0154	0	0	0	
2024-06-13 20:07:58	1682	3609	1	0	0	2	9	0	0	0	9	0	0	6.25	9	0	0	0	9	0	0	3.68		99.9936	64.1436	0.0591946	0	0.591984	0.196774	15.8081	1		0.0088623	12.0616	44.1454	0	0	0	
2024-06-13 20:15:09	1739	3610	9	0	0	7	29	0	0	0	29	0	0	5.25	29	0	0	0	29	0	0	1.515		99.9806	62.7375	0.131983	0	1.32009	0.689331	14.5152	1		0	12.0616	42.1962	0	0	0	
2024-06-13 20:15:16	1740	3611	5	0	0	7	29	0	0	0	29	0	0	4	29	0	0	0	29	0	0	2.598		99.9792	62.895	0.0760084	0	0.760242	0.0249731	14.3302	1		0	12.0616	42.3261	0	0	0	
2024-06-13 20:06:10	1668	3612	1	0	0	1	5	0	0	0	5	0	0	3.5	5	0	0	0	5	0	0	2.165		99.9917	64.6954	0.0855849	0	0.85592	0.121926	13.4448	1		0.0088623	12.0705	45.1849	0	0	0	
2024-06-13 20:14:54	1737	3613	5	0	0	6	25	0	0	0	25	0	0	2.5	25	0	0	0	25	0	0	3.031		99.9827	62.4801	0.0748857	0	0.748986	0.453111	16.4711	1		0	12.0616	42.3261	0	0	0	
2024-06-13 20:23:42	1804	3614	1	0	0	3.75	16	0	0	0	16	0	0	2	16	0	0	0	16	0	0	1.515		99.9831	61.694	0.131348	0	1.31371	0.0931911	14.4449	1		0	12.0616	41.9363	0	0	0	
2024-06-13 20:11:59	1714	3615	1	0	0	5	21	0	0	0	21	0	0	2	21	0	0	0	21	0	0	2.598		99.9826	63.2813	0.0774449	0	0.774584	0.395146	14.6006	1		0.0088623	12.0616	42.7159	0	0	0	
2024-06-13 20:08:42	1688	3616	5	0	0	2	9	0	0	0	9	0	0	1.75	9	0	0	0	9	0	0	0.216		99.994	63.6489	0.79147	0	7.91518	0.28629	12.4331	1		0	12.0616	43.8855	0	0	0	
2024-06-13 20:15:52	1744	3617	1	0	0	7	29	0	0	0	29	0	0	0	29	0	0	0	29	0	0	6.061		99.9789	63.1099	0.0405106	0	0.405191	0.138765	17.8212	1		0	12.0705	42.3261	0	0	0	
2024-06-13 20:05:31	1663	3618	5	0	0	0	1	0	0	0	1	0	0	3	1	0	0	0	1	0	0	2.598		99.9944	65.4018	0.0758678	0	0.75872	0.189381	14.3015	1		0	12.0705	45.7047	0	0	0	
2024-06-13 20:09:30	1694	3619	9	0	0	3	13	0	0	0	13	0	0	7	13	0	0	0	13	0	0	3.464		99.9876	64.4583	0.0600676	0	0.600751	0.286853	15.0985	1		0	12.0705	43.2357	0	0	0	
2024-06-13 20:13:45	1728	3620	5	0	0	6	25	0	0	0	25	0	0	7.75	25	0	0	0	25	0	0	1.515		99.9805	62.7829	0.136765	0	1.36791	0.436268	15.041	1		0.0088623	12.0705	42.4561	0	0	0	
2024-06-13 20:14:07	1731	3621	5	0	0	6	25	0	0	0	25	0	0	6.5	25	0	0	0	25	0	0	0.433		99.9862	62.781	0.545642	0	5.45717	0.581907	17.1442	1		0	12.0616	42.1962	0	0	0	
2024-06-13 20:18:02	1761	3622	1	0	0	7.75	32	0	0	0	32	0	0	0.75	32	0	0	0	32	0	0	6.061		99.9805	62.6605	0.0363806	0	0.363877	0.101525	16.0042	1		0	12.0616	42.1962	0	0	0	
2024-06-13 20:12:54	1721	3623	1	0	0	5	21	0	0	0	21	0	0	3.75	21	0	0	0	21	0	0	1.082		99.9821	63.1235	0.191459	0	1.91493	0.316237	15.0398	1		0	12.0616	42.586	0	0	0	
2024-06-13 20:09:52	1697	3624	1	0	0	3	13	0	0	0	13	0	0	0.5	13	0	0	0	13	0	0	2.165		99.9845	64.455	0.087563	0	0.875766	0.0818342	13.7565	1		0.0088623	12.0616	43.2357	0	0	0	
2024-06-13 20:07:04	1675	3625	5	0	0	1	5	0	0	0	5	0	0	1.5	5	0	0	0	5	0	0	0.433		99.992	63.7077	0.482335	0	4.82374	0.325193	15.1542	1		0	12.0616	44.6651	0	0	0	
2024-06-13 20:25:43	1817	3626	1	0	0	2	9	0	0	5.75	9	0	0	3.25	9	0	0	4.5	9	0	0	0.649		99.9872	20.2839	0.174084	0	1.74106	0.951854	13.6743	1		0	12.0616	42.1962	0	0	0	
2024-06-13 20:10:57	1706	3627	1	0	0	4	17	0	0	0	17	0	0	1.75	17	0	0	0	17	0	0	1.948		99.9855	63.0185	0.0965176	0	0.965316	0.125913	13.6468	1		0	12.0616	43.1058	0	0	0	
2024-06-13 20:20:31	1780	3628	1	0	0	2.5	11	0	0	0	11	0	0	3.25	11	0	0	0	11	0	0	0.649		99.9845	62.5058	0.322498	0	3.22548	0.705768	15.1997	1		0	12.0616	41.9363	0	0	0	
2024-06-13 20:17:06	1754	3629	5	0	0	7.75	32	0	0	0	32	0	0	5.5	32	0	0	0	32	0	0	1.948		99.9797	62.6287	0.0991873	0	0.992075	0.420792	14.0251	1		0	12.0616	42.1962	0	0	0	
2024-06-13 20:16:58	1753	3630	5	0	0	7.75	32	0	0	0	32	0	0	4.25	32	0	0	0	32	0	0	3.031		99.983	62.7932	0.0633608	0	0.633716	0.646656	13.9361	1		0	12.0616	42.1962	0	0	0	
2024-06-13 20:14:00	1730	3631	1	0	0	6	25	0	0	0	25	0	0	1.5	25	0	0	0	25	0	0	3.897		99.9855	62.7552	0.0565685	0	0.565767	0.345668	15.9967	1		0	12.0705	42.3261	0	0	0	
2024-06-13 20:10:36	1703	3632	5	0	0	4	17	0	0	0	17	0	0	5	17	0	0	0	17	0	0	0.866		99.9864	62.9811	0.254933	0	2.54967	0.395639	16.0201	1		0	12.0705	43.2357	0	0	0	
2024-06-13 20:10:50	1705	3633	1	0	0	4	17	0	0	0	17	0	0	3.75	17	0	0	0	17	0	0	0.216		99.9883	63.0183	0.892061	0	8.92166	0.405899	14.0141	1		0	12.0705	42.9758	0	0	0	
2024-06-13 20:05:17	1661	3634	1	0	0	0	1	0	0	0	1	0	0	1.25	1	0	0	0	1	0	0	1.082		99.9992	65.7679	0.177324	0	1.77325	0.269442	13.9271	1		0.0088623	12.0616	45.8346	0	0	0	
2024-06-13 20:07:40	1680	3635	9	0	0	2	9	0	0	0	9	0	0	5.5	9	0	0	0	9	0	0	3.031		99.9916	63.8508	0.115076	0	1.15086	0.437203	25.3087	2		0.0088623	12.0616	44.0154	0	0	0	
2024-06-13 20:07:18	1677	3636	5	0	0	2	9	0	0	0	9	0	0	4.25	9	0	0	0	9	0	0	1.948		99.995	64.23	0.10113	0	1.01135	0.225928	14.2976	1		0.0088623	12.0616	44.5352	0	0	0	
2024-06-13 20:16:14	1747	3637	5	0	0	7	29	0	0	0	29	0	0	3.25	29	0	0	0	29	0	0	3.247		99.9784	62.7247	0.0614493	0	0.614625	0.669	14.4818	1		0.0088623	12.0616	42.0662	0	0	0	
2024-06-13 20:05:45	1665	3638	1	0	0	1	5	0	0	0	5	0	0	2.75	5	0	0	0	5	0	0	1.515		99.9956	64.3576	0.121266	0	1.21271	0.0268752	13.3344	2		0	12.0616	45.3149	0	0	0	
2024-06-13 20:05:02	1659	3639	9	0	0	0	1	0	0	0	1	0	0	7	1	0	0	0	1	0	0	6.061		99.9975	66.3614	0.0402587	0	0.402597	0.324758	17.7072	1		0.0088623	12.0705	46.0945	0	0	0	
2024-06-13 20:13:01	1722	3640	1	0	0	5	21	0	0	0	21	0	0	1.25	21	0	0	0	21	0	0	3.247		99.9803	63.0169	0.0682366	0	0.6825	0.0034348	16.081	1		0.0088623	12.0616	42.586	0	0	0	
2024-06-13 20:08:21	1685	3641	5	0	0	2	9	0	0	0	9	0	0	1	9	0	0	0	9	0	0	0.866		99.9924	63.8153	0.224894	0	2.24911	0.288022	14.1316	1		0	12.0616	43.8855	0	0	0	
2024-06-13 20:09:12	1692	3642	9	0	0	3	13	0	0	0	13	0	0	7.5	13	0	0	0	13	0	0	3.897		99.9902	64.3419	0.0541377	0	0.54143	0.10288	15.3086	2		0.0088623	12.0616	43.4956	0	0	0	
2024-06-13 20:09:44	1696	3643	5	0	0	3	13	0	0	0	13	0	0	6.25	13	0	0	0	13	0	0	2.814		99.9872	64.5566	0.0733841	0	0.733935	0.0314919	14.9872	1		0	12.0616	43.4956	0	0	0	
2024-06-13 20:15:33	1742	3644	9	0	0	7	29	0	0	0	29	0	0	7.25	29	0	0	0	29	0	0	0.216		99.9793	62.2756	0.7415	0	7.41653	0.384512	11.6499	2		0	12.0616	42.3261	0	0	0	
2024-06-13 20:06:10	1668	3645	5	0	0	1	5	0	0	0	5	0	0	6.75	5	0	0	0	5	0	0	4.979		99.9917	64.6954	0.0512625	0	0.512667	0.624791	18.5218	1		0.0088623	12.0705	45.1849	0	0	0	
2024-06-13 20:13:52	1729	3646	5	0	0	6	25	0	0	0	25	0	0	5.75	25	0	0	0	25	0	0	0.216		99.9839	62.6806	0.87555	0	8.75691	0.600047	13.7553	1		0	12.0616	42.4561	0	0	0	
2024-06-13 20:13:30	1726	3647	5	0	0	6	25	0	0	0	25	0	0	4.5	25	0	0	0	25	0	0	1.299		99.9816	62.7291	0.159028	0	1.59057	0.980038	14.9908	1		0	12.0616	42.3261	0	0	0	
2024-06-13 20:17:54	1760	3648	5	0	0	7.75	32	0	0	0	32	0	0	0	32	0	0	0	32	0	0	6.711		99.9808	62.5919	0.0341296	0	0.341361	0.327408	16.6225	1		0	12.0616	41.9363	0	0	0	
2024-06-13 20:13:23	1725	3649	5	0	0	5	21	0	0	0	21	0	0	3	21	0	0	0	21	0	0	1.732		99.9875	62.8614	0.110072	0	1.10086	0.134773	13.8338	1		0	12.0616	42.586	0	0	0	
2024-06-13 20:07:04	1675	3650	1	0	0	1	5	0	0	0	5	0	0	0.75	5	0	0	0	5	0	0	0.216		99.992	63.7077	0.819624	0	8.1969	0.360964	12.8757	1		0	12.0616	44.6651	0	0	0	
2024-06-13 20:22:15	1793	3651	1	0	0	5.75	24	0	0	0	24	0	0	2	24	0	0	0	24	0	0	3.247		99.9841	61.9048	0.0672118	0	0.672225	0.327969	15.8389	1		0	12.0616	42.1962	0	0	0	
2024-06-13 20:11:12	1708	3652	1	0	0	4	17	0	0	0	17	0	0	1	17	0	0	0	17	0	0	2.598		99.9827	62.4727	0.0740216	0	0.740344	0.0188207	13.9551	2		0	12.0616	42.7159	0	0	0	
2024-06-13 20:17:47	1759	3653	1	0	0	7.75	32	0	0	0	32	0	0	3.5	32	0	0	0	32	0	0	3.68		99.9799	62.6898	0.0519952	0	0.520057	0.203284	13.8874	1		0.0088623	12.0616	42.1962	0	0	0	
2024-06-13 20:14:15	1732	3654	1	0	0	6	25	0	0	0	25	0	0	0.75	25	0	0	0	25	0	0	4.546		99.9851	62.7007	0.0528836	0	0.528915	0.442954	17.4472	1		0	12.0616	42.4561	0	0	0	
2024-06-13 20:11:05	1707	3655	1	0	0	4	17	0	0	0	17	0	0	3	17	0	0	0	17	0	0	0.866		99.9902	62.967	0.242874	0	2.42898	0.37341	15.2617	1		0	12.0705	43.1058	0	0	0	
2024-06-13 20:05:38	1664	3656	1	0	0	0	1	0	0	0	1	0	0	0.5	1	0	0	0	1	0	0	0.433		99.9947	65.2625	0.476561	0	4.76586	0.238271	14.9724	1		0.0088623	12.0705	45.5748	0	0	0	
2024-06-13 20:24:35	1811	3657	1	0	0	3.5	15	0	0	4.25	15	0	0	2.75	15	0	0	5	15	0	0	0.389		99.9824	19.2914	0.341015	0	3.41075	0.010104	16.0728	1		0	12.0705	41.9363	0	0	0	
2024-06-13 20:07:40	1680	3658	1	0	0	2	9	0	0	0	9	0	0	3.5	9	0	0	0	9	0	0	1.299		99.9916	63.8508	0.150944	0	1.50957	0.0559081	14.2273	2		0.0088623	12.0616	44.0154	0	0	0	
2024-06-13 20:15:16	1740	3659	1	0	0	7	29	0	0	0	29	0	0	2.5	29	0	0	0	29	0	0	3.897		99.9792	62.895	0.0559695	0	0.559811	0.214317	15.8283	1		0	12.0616	42.3261	0	0	0	
2024-06-13 20:15:33	1742	3660	1	0	0	7	29	0	0	0	29	0	0	2	29	0	0	0	29	0	0	4.33		99.9793	62.2756	0.0508621	0	0.508727	0.190708	15.9821	2		0	12.0616	42.3261	0	0	0	
2024-06-13 20:04:54	1658	3661	5	0	0	0	1	0	0	0	1	0	0	7.5	1	0	0	0	1	0	0	6.494		99.9984	66.3188	0.0377932	0	0.377938	0.22159	17.8099	1		0.0088623	12.0616	46.2245	0	0	0	
2024-06-13 20:04:47	1657	3662	5	0	0	0	1	0	0	0	1	0	0	6.25	1	0	0	0	1	0	0	5.412		99.996	66.7657	0.0438078	0	0.438096	0.0214253	17.204	1		0	12.0616	46.3544	0	0	0	
2024-06-13 20:13:01	1722	3663	5	0	0	5	21	0	0	0	21	0	0	0.5	21	0	0	0	21	0	0	3.897		99.9803	63.0169	0.0603737	0	0.603856	0.675553	17.0736	1		0.0088623	12.0616	42.586	0	0	0	
2024-06-13 20:23:05	1799	3664	1	0	0	1.25	6	0	0	0	6	0	0	0.5	6	0	0	0	6	0	0	0.649		99.9803	61.755	0.327483	0	3.27548	0.505516	15.4353	1		0	12.0616	42.1962	0	0	0	
2024-06-13 20:12:21	1717	3665	9	0	0	5	21	0	0	0	21	0	0	7	21	0	0	0	21	0	0	1.732		99.9838	63.0459	0.116433	0	1.16452	0.100791	14.6337	1		0	12.0616	42.7159	0	0	0	
2024-06-13 20:07:18	1677	3666	1	0	0	2	9	0	0	0	9	0	0	0.25	9	0	0	0	9	0	0	1.515		99.995	64.23	0.125596	0	1.25603	0.520413	13.8107	1		0.0088623	12.0616	44.5352	0	0	0	
2024-06-13 20:10:57	1706	3667	5	0	0	4	17	0	0	0	17	0	0	7	17	0	0	0	17	0	0	2.598		99.9855	63.0185	0.0775064	0	0.775177	0.148007	14.6117	1		0	12.0616	43.1058	0	0	0	
2024-06-13 20:09:05	1691	3668	9	0	0	3	13	0	0	0	13	0	0	5.5	13	0	0	0	13	0	0	2.165		99.9868	64.6363	0.0936885	0	0.937009	0.40749	14.7185	1		0	12.0705	43.4956	0	0	0	
2024-06-13 20:09:37	1695	3669	5	0	0	3	13	0	0	0	13	0	0	4.25	13	0	0	0	13	0	0	1.082		99.9876	64.8484	0.187275	0	1.87298	0.287581	14.7103	1		0	12.0705	43.4956	0	0	0	
2024-06-13 20:15:52	1744	3670	9	0	0	7	29	0	0	0	29	0	0	7.75	29	0	0	0	29	0	0	0.649		99.9789	63.1099	0.346712	0	3.46785	0.532349	16.3418	1		0	12.0705	42.3261	0	0	0	
2024-06-13 20:15:16	1740	3671	9	0	0	7	29	0	0	0	29	0	0	6.5	29	0	0	0	29	0	0	0.433		99.9792	62.895	0.512891	0	5.12998	0.827685	16.1163	1		0	12.0616	42.3261	0	0	0	
2024-06-13 20:05:55	1666	3672	9	0	0	1	5	0	0	0	5	0	0	6	5	0	0	0	5	0	0	4.33		99.9929	64.3806	0.0579129	0	0.579169	0.0669109	18.1951	1		0	12.0616	45.3149	0	0	0	
2024-06-13 20:06:02	1667	3673	5	0	0	1	5	0	0	0	5	0	0	4.75	5	0	0	0	5	0	0	3.247		99.9937	64.8239	0.0694926	0	0.69497	0.699877	16.3748	1		0.0088623	12.0705	45.1849	0	0	0	
2024-06-13 20:20:46	1782	3674	9	0	0	4.75	20	0	0	0	20	0	0	5	20	0	0	0	20	0	0	0.216		99.9823	61.9009	0.832604	0	8.32752	0.694656	13.0808	1		0.0088623	12.0616	42.1962	0	0	0	
2024-06-13 20:14:15	1732	3675	9	0	0	6	25	0	0	0	25	0	0	5	25	0	0	0	25	0	0	0.866		99.9851	62.7007	0.254702	0	2.5474	0.538062	16.0058	1		0	12.0616	42.4561	0	0	0	
2024-06-13 20:14:40	1735	3676	5	0	0	6	25	0	0	0	25	0	0	3.75	25	0	0	0	25	0	0	1.948		99.986	62.549	0.101818	0	1.01833	0.0488415	14.3962	1		0	12.0616	42.4561	0	0	0	
2024-06-13 20:06:50	1673	3677	1	0	0	1	5	0	0	0	5	0	0	0	5	0	0	0	5	0	0	0.866		99.9922	64.0145	0.231883	0	2.31901	0.192157	14.5708	1		0	11.9552	44.7951	0	0	0	
2024-06-13 20:19:32	1773	3678	9	0	0	0.75	4	0	0	0	4	0	0	7	4	0	0	0	4	0	0	5.412		99.9777	62.2424	0.0440198	0	0.440296	0.864598	17.2904	1		0	12.0616	42.0662	0	0	0	
2024-06-13 20:11:30	1710	3679	5	0	0	4	17	0	0	0	17	0	0	0.25	17	0	0	0	17	0	0	3.247		99.985	62.846	0.0607995	0	0.608086	0.153888	14.3277	1		0	12.0616	42.9758	0	0	0	
2024-06-13 20:18:09	1762	3680	1	0	0	7.75	32	0	0	0	32	0	0	2.75	32	0	0	0	32	0	0	4.33		99.9811	62.5365	0.0464958	0	0.465046	0.125609	14.6098	1		0	12.0616	42.1962	0	0	0	
2024-06-13 20:14:32	1734	3681	1	0	0	6	25	0	0	0	25	0	0	0	25	0	0	0	25	0	0	5.195		99.9807	62.6558	0.0507432	0	0.50753	0.311227	19.1334	1		0.0088623	12.0616	42.4561	0	0	0	
2024-06-13 20:08:28	1686	3682	1	0	0	2	9	0	0	0	9	0	0	2.75	9	0	0	0	9	0	0	0.649		99.9942	63.8569	0.329604	0	3.29623	0.451148	15.5331	1		0	12.0705	43.8855	0	0	0	
2024-06-13 20:16:36	1750	3683	5	0	0	7	29	0	0	0	29	0	0	1.25	29	0	0	0	29	0	0	4.979		99.9821	62.7592	0.0487672	0	0.487759	0.444632	17.6219	1		0	12.0616	42.1962	0	0	0	
2024-06-13 20:04:10	1653	3684	9	0	0	0	1	0	0	0	1	0	0	5.5	1	0	0	0	1	0	0	4.762		99.993	71.1287	0.0665212	0	0.665258	0.217289	22.9897	1		0	12.0793	46.7443	0	0	0	
2024-06-13 20:04:54	1658	3685	9	0	0	0	1	0	0	0	1	0	0	4.25	1	0	0	0	1	0	0	3.68		99.9984	66.3188	0.0566656	0	0.566666	0.384933	15.132	1		0.0088623	12.0616	46.2245	0	0	0	
